0,0.01069489
1,0.01069489
2,0.01069489
3,0.01069489
4,0.01069489
5,0.01069489
6,0.01069489
7,0.01069489
8,0.01069489
9,0.01069489
10,0.01069489
11,0.01069489
12,0.01069489
13,0.01069489
14,0.01069489
15,0.01069489
16,0.01069489
17,0.01069489
18,0.01069489
19,0.01069489
20,0.01069489
21,0.01069489
22,0.01069489
23,0.01069489
24,0.01069489
25,0.01069489
26,0.01069489
27,0.01069489
28,0.01069489
29,0.01069489
30,0.01069489
31,0.0106961
32,0.0106961
33,0.0106961
34,0.0106961
35,0.0106961
36,0.0106961
37,0.01069624
38,0.01069624
39,0.01069624
40,0.01069624
41,0.01069624
42,0.01069624
43,0.01069624
44,0.01069624
45,0.01069624
46,0.01069624
47,0.01069624
48,0.01069624
49,0.01069624
50,0.01069624
51,0.01069624
52,0.01069624
53,0.01069634
54,0.01069634
55,0.01069634
56,0.01069634
57,0.01069634
58,0.01069634
59,0.01069634
60,0.01069634
61,0.01069634
62,0.01069634
63,0.01069634
64,0.01069634
65,0.01069634
66,0.01069634
67,0.01069634
68,0.01069634
69,0.01069634
70,0.01069634
71,0.01069634
72,0.01069634
73,0.01069634
74,0.01069634
75,0.01094236
76,0.01094236
77,0.01094236
78,0.01094236
79,0.01094236
80,0.01094236
81,0.01094236
82,0.01094236
83,0.01094236
84,0.01094236
85,0.01094236
86,0.01094236
87,0.01094236
88,0.01094236
89,0.01094236
90,0.01094236
91,0.01094236
92,0.01094236
93,0.01094236
94,0.01094236
95,0.01094236
96,0.01094236
97,0.01094236
98,0.01094236
99,0.01094236
100,0.01094236
101,0.01094236
102,0.01094236
103,0.01094236
104,0.01094236
105,0.01094236
106,0.01094236
107,0.01094236
108,0.01094236
109,0.01094236
110,0.01094236
111,0.01094236
112,0.01094236
113,0.01094236
114,0.01069707
115,0.01069707
116,0.01069707
117,0.01069707
118,0.01069707
119,0.01069707
120,0.01069707
121,0.01069707
122,0.01069707
123,0.01069707
124,0.01069707
125,0.01069707
126,0.01069707
127,0.01069707
128,0.01069707
129,0.01069707
130,0.01069707
131,0.01069707
132,0.01069708
133,0.01069708
134,0.01069708
135,0.01069708
136,0.01069708
137,0.01069708
138,0.01069708
139,0.01069708
140,0.01069694
141,0.01069694
142,0.01069694
143,0.01069694
144,0.01069694
145,0.01069687
146,0.01069687
147,0.01069687
148,0.01069687
149,0.01069687
150,0.01069687
151,0.01069687
152,0.01069687
153,0.01069687
154,0.01069687
155,0.01069687
156,0.01069687
157,0.01069687
158,0.01056863
159,0.01056863
160,0.01056863
161,0.01056863
162,0.0106964
163,0.0106964
164,0.0106964
165,0.0106964
166,0.0106964
167,0.0106964
168,0.0106964
169,0.0106964
170,0.0106964
171,0.0106964
172,0.0106964
173,0.0106964
174,0.0106964
175,0.0106964
176,0.0106964
177,0.0106964
178,0.0106964
179,0.0106964
180,0.0106964
181,0.0106964
182,0.0106964
183,0.0106964
184,0.0106964
185,0.0106964
186,0.0106964
187,0.0106964
188,0.0106964
189,0.0106964
190,0.0106964
191,0.0106964
192,0.0106964
193,0.0106964
194,0.0106964
195,0.0106964
196,0.0106964
197,0.0106964
198,0.0106964
199,0.0106964
200,0.0106964
201,0.0106964
202,0.0106964
203,0.0106964
204,0.0106964
205,0.0106964
206,0.0106964
207,0.0106964
208,0.0106964
209,0.0106964
210,0.0106964
211,0.0106964
212,0.0106964
213,0.0106964
214,0.0106964
215,0.0106964
216,0.0106964
217,0.0106964
218,0.0106964
219,0.0106964
220,0.0106964
221,0.0106964
222,0.0106964
223,0.0106964
224,0.0106964
225,0.0106964
226,0.0106964
227,0.0106964
228,0.0106964
229,0.0106964
230,0.01057273
231,0.01057273
232,0.01057273
233,0.01057273
234,0.01057273
235,0.01057273
236,0.01057273
237,0.01057273
238,0.01057273
239,0.01057273
240,0.01057273
241,0.01057273
242,0.01057273
243,0.01057273
244,0.01057273
245,0.01057273
246,0.01057273
247,0.01057273
248,0.01057273
249,0.01057273
250,0.01057273
251,0.01057273
252,0.01057273
253,0.01057273
254,0.01057273
255,0.01067174
256,0.01067174
257,0.0109
258,0.011
259,0.011
260,0.01115306
261,0.01115306
262,0.01115306
263,0.01115306
264,0.01115306
265,0.01115306
266,0.01115306
267,0.01115306
268,0.01115306
269,0.01115306
270,0.01115306
271,0.01115306
272,0.01115306
273,0.01115306
274,0.01115306
275,0.01107611
276,0.01107611
277,0.01107611
278,0.01107611
279,0.01107611
280,0.01107611
281,0.01107611
282,0.01107611
283,0.01107611
284,0.01107611
285,0.01107611
286,0.01107611
287,0.01107611
288,0.01107611
289,0.01107611
290,0.01107611
291,0.01107611
292,0.01107611
293,0.0109778
294,0.0109778
295,0.0109778
296,0.0109778
297,0.0109778
298,0.01100531
299,0.01100531
300,0.01100531
301,0.01100538
302,0.01100538
303,0.01100538
304,0.01100538
305,0.01107611
306,0.01107611
307,0.01117611
308,0.01117611
309,0.01117611
310,0.01118201
311,0.01119155
312,0.01119156
313,0.01120412
314,0.01119942
315,0.01120419
316,0.01120427
317,0.01120436
318,0.01120436
319,0.01120443
320,0.01120443
321,0.01120443
322,0.01120443
323,0.01112014
324,0.01112014
325,0.01112014
326,0.01112014
327,0.01112014
328,0.01112014
329,0.01112014
330,0.01112014
331,0.01112014
332,0.01112014
333,0.01112014
334,0.01112014
335,0.01112357
336,0.01112357
337,0.01112357
338,0.01112357
339,0.01112357
340,0.01112357
341,0.01112357
342,0.01152357
343,0.01152357
344,0.01146595
345,0.01137525
346,0.01137526
347,0.01124329
348,0.01119762
349,0.01117932
350,0.01141057
351,0.01141057
352,0.01141057
353,0.01141057
354,0.01141057
355,0.01141057
356,0.01141057
357,0.01141057
358,0.01141057
359,0.01141057
360,0.01141057
361,0.01141057
362,0.01141057
363,0.01141057
364,0.01141057
365,0.01141057
366,0.01141057
367,0.01141057
368,0.01086559
369,0.01086559
370,0.01086559
371,0.01128754
372,0.01132618
373,0.01132618
374,0.01132617
375,0.01132617
376,0.01132617
377,0.01132617
378,0.0113282
379,0.0113282
380,0.0113282
381,0.0113282
382,0.0113282
383,0.0113282
384,0.0113282
385,0.0113282
386,0.0113282
387,0.0113282
388,0.0113282
389,0.0113282
390,0.0113282
391,0.0113282
392,0.0113282
393,0.0113282
394,0.0113282
395,0.0113282
396,0.0113282
397,0.01141059
398,0.0114282
399,0.01142862
400,0.01142862
401,0.0114282
402,0.0114282
403,0.0114282
404,0.0114282
405,0.0114282
406,0.0114282
407,0.0114282
408,0.01119765
409,0.01119765
410,0.01119765
411,0.01119774
412,0.01119774
413,0.01119774
414,0.01119774
415,0.01142857
416,0.01142857
417,0.01142857
418,0.01142857
419,0.01142857
420,0.01142857
421,0.0114285
422,0.0114285
423,0.0114285
424,0.0114285
425,0.0114285
426,0.0114285
427,0.0114285
428,0.0114285
429,0.0114285
430,0.0114285
431,0.0114285
432,0.0114285
433,0.0114285
434,0.0114285
435,0.0114285
436,0.0114285
437,0.0114285
438,0.0114285
439,0.01142818
440,0.01142818
441,0.01142818
442,0.01142818
443,0.01142818
444,0.01142818
445,0.01142818
446,0.01142818
447,0.01142818
448,0.01142818
449,0.01142818
450,0.01142818
451,0.01142818
452,0.01142818
453,0.01142818
454,0.01152359
455,0.01152359
456,0.01152359
457,0.01152359
458,0.01152359
459,0.01152359
460,0.01152359
461,0.01152359
462,0.01152359
463,0.01152359
464,0.01152359
465,0.01152359
466,0.01152359
467,0.01152359
468,0.01152359
469,0.01152359
470,0.01152359
471,0.01152359
472,0.01152359
473,0.0115236
474,0.0115236
475,0.0115316
476,0.0115316
477,0.0115316
478,0.0115316
479,0.0115316
480,0.01152359
481,0.01152359
482,0.01152359
483,0.01152359
484,0.01152359
485,0.01152359
486,0.01152359
487,0.01152359
488,0.01152359
489,0.01152359
490,0.01152359
491,0.01152359
492,0.01152359
493,0.01152359
494,0.01152359
495,0.01152359
496,0.01152359
497,0.01152359
498,0.01152359
499,0.01152359
500,0.01152359
501,0.01152359
502,0.01152359
503,0.01152359
504,0.01152359
505,0.01152359
506,0.01152359
507,0.01152359
508,0.01152359
509,0.01152359
510,0.01152359
511,0.01152359
512,0.01152359
513,0.01152359
514,0.01152359
515,0.01152359
516,0.01152359
517,0.01152359
518,0.01152359
519,0.01152359
520,0.01152359
521,0.01152359
522,0.01152359
523,0.01152359
524,0.01152359
525,0.01152359
526,0.01152359
527,0.01152359
528,0.01152359
529,0.01152359
530,0.01152359
531,0.01152359
532,0.01152359
533,0.01152359
534,0.01152359
535,0.01152359
536,0.01152359
537,0.01152359
538,0.01152359
539,0.01152359
540,0.01152359
541,0.01152359
542,0.01152359
543,0.01152359
544,0.01152359
545,0.01152359
546,0.0115236
547,0.0115236
548,0.0115236
549,0.0115236
550,0.0115236
551,0.0115236
552,0.01152359
553,0.01152359
554,0.0115316
555,0.0115316
556,0.01153668
557,0.0115316
558,0.0115316
559,0.0115316
560,0.01148901
561,0.011489
562,0.011489
563,0.011489
564,0.011489
565,0.011489
566,0.011489
567,0.011489
568,0.011489
569,0.01153668
570,0.01153678
571,0.01153678
572,0.01137411
573,0.0113741
574,0.0113741
575,0.0113741
576,0.0113741
577,0.0113741
578,0.01148786
579,0.01148786
580,0.01148786
581,0.01148786
582,0.01148787
583,0.01148787
584,0.01153999
585,0.01153999
586,0.01153999
587,0.01153999
588,0.01153999
589,0.01153999
590,0.01153999
591,0.01153999
592,0.01153999
593,0.01153999
594,0.01153999
595,0.01153999
596,0.01153999
597,0.01153999
598,0.01153999
599,0.01153999
600,0.01153999
601,0.01153999
602,0.01153999
603,0.01153299
604,0.01153299
605,0.01153299
606,0.01153299
607,0.01153299
608,0.01153299
609,0.01153299
610,0.01153299
611,0.01153299
612,0.01153299
613,0.01153299
614,0.01153299
615,0.01153299
616,0.01153299
617,0.01153299
618,0.01153299
619,0.01153299
620,0.01153299
621,0.01153299
622,0.01153299
623,0.01153299
624,0.01153299
625,0.01153299
626,0.01153299
627,0.01153299
628,0.01139468
629,0.01139467
630,0.01139467
631,0.01139467
632,0.01139467
633,0.01139467
634,0.01139467
635,0.01139467
636,0.01139467
637,0.01139467
638,0.01139467
639,0.01139467
640,0.01139467
641,0.01139467
642,0.01139466
643,0.01139466
644,0.01139466
645,0.01139466
646,0.01139466
647,0.01139466
648,0.01139466
649,0.01139466
650,0.01139466
651,0.01139466
652,0.01139466
653,0.01139466
654,0.01139466
655,0.01139466
656,0.01139466
657,0.01139466
658,0.01139466
659,0.01139466
660,0.01139466
661,0.01139466
662,0.01139466
663,0.01139466
664,0.01139466
665,0.01139466
666,0.01139466
667,0.01139466
668,0.01139466
669,0.01139466
670,0.01139466
671,0.01139466
672,0.01139466
673,0.01139466
674,0.01139466
675,0.01139466
676,0.01139466
677,0.01139466
678,0.01139466
679,0.01139466
680,0.01139466
681,0.01139466
682,0.01139466
683,0.01139466
684,0.01139466
685,0.01139466
686,0.01139466
687,0.01139466
688,0.01139466
689,0.0113947
690,0.0113947
691,0.0113947
692,0.0113947
693,0.0113947
694,0.0113947
695,0.0113947
696,0.0113947
697,0.0113947
698,0.0113947
699,0.0113947
700,0.0113947
701,0.0113947
702,0.01142304
703,0.01142304
704,0.01142304
705,0.01142304
706,0.01142304
707,0.01139467
708,0.01139467
709,0.01139467
710,0.01139467
711,0.01142304
712,0.01139466
713,0.01139466
714,0.01143519
715,0.01143519
716,0.01143519
717,0.01143519
718,0.01143519
719,0.01143519
720,0.01143519
721,0.01143519
722,0.01143519
723,0.01143519
724,0.01143519
725,0.01143519
726,0.01143519
727,0.01143519
728,0.0112583
729,0.0112583
730,0.0112583
731,0.0112583
732,0.01125837
733,0.01125837
734,0.01125837
735,0.01125837
736,0.01125837
737,0.01125837
738,0.01125837
739,0.01125837
740,0.01125837
741,0.01125837
742,0.01125837
743,0.01125837
744,0.01125837
745,0.01125837
746,0.01125837
747,0.01125837
748,0.01125837
749,0.01125837
750,0.01125837
751,0.01125837
752,0.01125837
753,0.01125837
754,0.01125837
755,0.01125837
756,0.01125837
757,0.01125837
758,0.01125837
759,0.01125837
760,0.01125837
761,0.01125837
762,0.01125837
763,0.01125837
764,0.01125837
765,0.01125837
766,0.01125837
767,0.01125837
768,0.01125837
769,0.01125837
770,0.01125837
771,0.01125837
772,0.01125837
773,0.0112594
774,0.0112594
775,0.0112594
776,0.0112594
777,0.0112594
778,0.0112594
779,0.0112594
780,0.0112594
781,0.0112594
782,0.0112594
783,0.0112594
784,0.0112594
785,0.0112594
786,0.0112594
787,0.0112594
788,0.0112594
789,0.0112594
790,0.0112594
791,0.0112594
792,0.0112594
793,0.0112594
794,0.0112594
795,0.0112594
796,0.0112594
797,0.0112594
798,0.0112594
799,0.0112594
800,0.0112594
801,0.0112594
802,0.0112594
803,0.0112594
804,0.0112594
805,0.0112594
806,0.0114605
807,0.0114605
808,0.0114605
809,0.0114605
810,0.0114605
811,0.0114605
812,0.0114605
813,0.0114605
814,0.0114605
815,0.0114605
816,0.0114605
817,0.0114605
818,0.0114605
819,0.0114605
820,0.0114605
821,0.0114605
822,0.0114605
823,0.0114605
824,0.0114605
825,0.0114605
826,0.0114605
827,0.0114605
828,0.0114605
829,0.0114605
830,0.0114605
831,0.0114605
832,0.0114605
833,0.0114605
834,0.0114605
835,0.0114605
836,0.0114605
837,0.0114605
838,0.0114605
839,0.0114605
840,0.0114605
841,0.0114605
842,0.0114605
843,0.0114605
844,0.0114605
845,0.0114605
846,0.0114605
847,0.0114605
848,0.0114605
849,0.0114605
850,0.0114605
851,0.0114605
852,0.0114605
853,0.0114605
854,0.0114605
855,0.0114605
856,0.0114605
857,0.0114605
858,0.0114605
859,0.0114605
860,0.0114605
861,0.0114605
862,0.0114605
863,0.0114605
864,0.0114605
865,0.0114605
866,0.0114605
867,0.0114605
868,0.0114605
869,0.0114605
870,0.0114605
871,0.0114605
872,0.0114605
873,0.0114605
874,0.0114605
875,0.0114605
876,0.0114605
877,0.0114605
878,0.0114605
879,0.0114605
880,0.0114605
881,0.0114605
882,0.0114605
883,0.0114605
884,0.0114605
885,0.0114605
886,0.0114605
887,0.0114605
888,0.0114605
889,0.0114605
890,0.0114605
891,0.0114605
892,0.0114605
893,0.0114605
894,0.0114605
895,0.0114605
896,0.0114605
897,0.0114605
898,0.0114605
899,0.0114605
900,0.0114605
901,0.0114605
902,0.0114605
903,0.0114605
904,0.0114605
905,0.0114605
906,0.0114605
907,0.0114605
908,0.0114605
909,0.0114605
910,0.0114605
911,0.0114605
912,0.0114605
913,0.0114605
914,0.0114605
915,0.0114605
916,0.0114605
917,0.0114605
918,0.0114605
919,0.0114605
920,0.0114605
921,0.0114605
922,0.0114605
923,0.0114605
924,0.0114605
925,0.0114605
926,0.0114605
927,0.0114605
928,0.0114605
929,0.0114605
930,0.0114605
931,0.0114605
932,0.01124742
933,0.01124742
934,0.01124742
935,0.01124742
936,0.01124742
937,0.01124742
938,0.01144091
939,0.01144091
940,0.01144091
941,0.01144091
942,0.01144091
943,0.01144091
944,0.01144091
945,0.01124752
946,0.01124752
947,0.01124752
948,0.01124752
949,0.01124752
950,0.01124752
951,0.01124752
952,0.01124752
953,0.01124752
954,0.01124752
955,0.01124752
956,0.01124752
957,0.01124752
958,0.01124752
959,0.01124752
960,0.01124752
961,0.01124752
962,0.01124752
963,0.01124752
964,0.01124752
965,0.01124752
966,0.01124752
967,0.01124752
968,0.01124752
969,0.01124752
970,0.01124752
971,0.01124752
972,0.01124752
973,0.01124752
974,0.01124752
975,0.01124945
976,0.01124945
977,0.01124945
978,0.01124945
979,0.01124945
980,0.01124945
981,0.01124945
982,0.01124945
983,0.01124945
984,0.01124945
985,0.01124945
986,0.01124945
987,0.01124945
988,0.01124945
989,0.01124945
990,0.01124945
991,0.01124945
992,0.01124945
993,0.01124945
994,0.01124945
995,0.01124945
996,0.01124945
997,0.01124945
998,0.01124945
999,0.01124945
1000,0.01124945
1001,0.01124945
1002,0.01104969
1003,0.01104969
1004,0.01104969
1005,0.01104969
1006,0.01104969
1007,0.01104969
1008,0.01104969
1009,0.01104969
1010,0.01104969
1011,0.0110236
1012,0.01104969
1013,0.01104969
1014,0.01104969
1015,0.01104969
1016,0.01104969
1017,0.01104969
1018,0.01104969
1019,0.01104967
1020,0.01104967
1021,0.01104967
1022,0.01104967
1023,0.01104967
1024,0.01104967
1025,0.01050236
1026,0.01050234
1027,0.01050232
1028,0.01050236
1029,0.01050236
1030,0.01050236
1031,0.01050236
1032,0.01050236
1033,0.01050236
1034,0.01050236
1035,0.01050236
1036,0.01050236
1037,0.01050236
1038,0.01050236
1039,0.01050233
1040,0.01050236
1041,0.01050236
1042,0.01050236
1043,0.01050235
1044,0.01050235
1045,0.01050235
1046,0.01050235
1047,0.01050235
1048,0.01050109
1049,0.01050235
1050,0.01050235
1051,0.01050235
1052,0.01055307
1053,0.01055306
1054,0.01033
1055,0.01030114
1056,0.01030113
1057,0.01039404
1058,0.01039404
1059,0.01039404
1060,0.01044415
1061,0.01044415
1062,0.01054835
1063,0.01054835
1064,0.01054835
1065,0.01050237
1066,0.01044416
1067,0.01044416
1068,0.01044416
1069,0.01054835
1070,0.01054835
1071,0.01054835
1072,0.01054835
1073,0.01054835
1074,0.01054835
1075,0.01034416
1076,0.01034416
1077,0.01034416
1078,0.01034416
1079,0.01034416
1080,0.01034416
1081,0.01034416
1082,0.01034416
1083,0.01034416
1084,0.01034416
1085,0.01034416
1086,0.01034416
1087,0.01043745
1088,0.01043745
1089,0.01054833
1090,0.01054833
1091,0.01054833
1092,0.01054833
1093,0.01054833
1094,0.01054833
1095,0.0104
1096,0.01035453
1097,0.01035453
1098,0.01035453
1099,0.01035453
1100,0.01035453
1101,0.01035453
1102,0.01035453
1103,0.01047873
1104,0.01047873
1105,0.01047869
1106,0.01047869
1107,0.0104263
1108,0.0104263
1109,0.0104263
1110,0.0104263
1111,0.0104263
1112,0.0104263
1113,0.01035877
1114,0.0103263
1115,0.0103263
1116,0.01048912
1117,0.01048912
1118,0.01048913
1119,0.01048913
1120,0.01048913
1121,0.01048913
1122,0.01048913
1123,0.01048912
1124,0.01044456
1125,0.01044456
1126,0.01044456
1127,0.01044456
1128,0.01044456
1129,0.01048913
1130,0.01048913
1131,0.01048913
1132,0.0104
1133,0.0104
1134,0.0104
1135,0.0104
1136,0.0104
1137,0.0104
1138,0.0104
1139,0.0104
1140,0.0104
1141,0.0104
1142,0.01048913
1143,0.01048913
1144,0.01048913
1145,0.01048913
1146,0.01048913
1147,0.01048913
1148,0.01048913
1149,0.01054183
1150,0.01054183
1151,0.01054183
1152,0.01048913
1153,0.01048913
1154,0.01048913
1155,0.01049949
1156,0.01054835
1157,0.01054835
1158,0.01054835
1159,0.01054835
1160,0.01054835
1161,0.01054835
1162,0.01054835
1163,0.01054835
1164,0.01054835
1165,0.01054835
1166,0.01054835
1167,0.01054835
1168,0.01054835
1169,0.01054835
1170,0.01054835
1171,0.01054835
1172,0.01054835
1173,0.01054835
1174,0.01054835
1175,0.01054835
1176,0.01054835
1177,0.01054835
1178,0.01054835
1179,0.01054835
1180,0.01054835
1181,0.01054835
1182,0.01054835
1183,0.01054835
1184,0.01054835
1185,0.01054835
1186,0.01054835
1187,0.01054835
1188,0.01054835
1189,0.01054835
1190,0.01054835
1191,0.01054835
1192,0.01054835
1193,0.01054835
1194,0.01054835
1195,0.01054835
1196,0.01054835
1197,0.01054835
1198,0.01054835
1199,0.01054835
1200,0.01054835
1201,0.01054835
1202,0.01054835
1203,0.01054835
1204,0.01054835
1205,0.01054835
1206,0.01054835
1207,0.01054835
1208,0.01054835
1209,0.01054835
1210,0.01054835
1211,0.01054835
1212,0.01054835
1213,0.01054835
1214,0.01054835
1215,0.01054835
1216,0.01054835
1217,0.01054835
1218,0.01054835
1219,0.01054835
1220,0.01054835
1221,0.01054835
1222,0.01054835
1223,0.01054835
1224,0.01054835
1225,0.01051
1226,0.01051
1227,0.01051
1228,0.01051
1229,0.01051
1230,0.01051
1231,0.01051
1232,0.01054835
1233,0.01054835
1234,0.01051
1235,0.01051
1236,0.0105
1237,0.0104
1238,0.0104
1239,0.0104
1240,0.01030071
1241,0.01030071
1242,0.01030071
1243,0.01030071
1244,0.01030071
1245,0.01030071
1246,0.01030071
1247,0.01030071
1248,0.01030071
1249,0.01030071
1250,0.01030071
1251,0.01030071
1252,0.01054821
1253,0.01054821
1254,0.01054821
1255,0.01054821
1256,0.01054821
1257,0.01054821
1258,0.01054821
1259,0.01054821
1260,0.01054821
1261,0.01054821
1262,0.01054821
1263,0.01054821
1264,0.01054821
1265,0.01054821
1266,0.01054821
1267,0.01054821
1268,0.01054821
1269,0.01054821
1270,0.01054821
1271,0.01054821
1272,0.01054821
1273,0.01054834
1274,0.01054834
1275,0.01054834
1276,0.01054835
1277,0.01054835
1278,0.01030071
1279,0.01030071
1280,0.01030071
1281,0.01030071
1282,0.01030071
1283,0.01030071
1284,0.01030071
1285,0.01056268
1286,0.01056268
1287,0.01056268
1288,0.01056268
1289,0.01056268
1290,0.01056268
1291,0.01056268
1292,0.01056268
1293,0.01056268
1294,0.01056268
1295,0.01056268
1296,0.01056268
1297,0.01056268
1298,0.01056268
1299,0.01056268
1300,0.01056268
1301,0.01056268
1302,0.01056268
1303,0.01056269
1304,0.01056269
1305,0.01056269
1306,0.01056269
1307,0.01056269
1308,0.01056269
1309,0.01056269
1310,0.01056269
1311,0.01056269
1312,0.01056269
1313,0.01056269
1314,0.01056269
1315,0.01056269
1316,0.01056269
1317,0.01056269
1318,0.01056269
1319,0.01056269
1320,0.01056269
1321,0.01056269
1322,0.01056269
1323,0.01056269
1324,0.01056269
1325,0.01056269
1326,0.01056269
1327,0.01056269
1328,0.01056269
1329,0.01056269
1330,0.01056269
1331,0.01056269
1332,0.01056269
1333,0.01056269
1334,0.01056269
1335,0.01056269
1336,0.01057312
1337,0.01057312
1338,0.01057312
1339,0.01057312
1340,0.01057312
1341,0.01057312
1342,0.01057312
1343,0.01057312
1344,0.01057312
1345,0.01057313
1346,0.01057313
1347,0.01057313
1348,0.01057313
1349,0.01057313
1350,0.01057313
1351,0.01057313
1352,0.01057313
1353,0.01057313
1354,0.01057313
1355,0.01057313
1356,0.01057313
1357,0.01057313
1358,0.01057313
1359,0.01057313
1360,0.01057313
1361,0.01057313
1362,0.01057313
1363,0.01057313
1364,0.01058339
1365,0.01058339
1366,0.01058339
1367,0.01058339
1368,0.01058339
1369,0.01058339
1370,0.01058339
1371,0.01058339
1372,0.01058339
1373,0.01058339
1374,0.01058339
1375,0.01058339
1376,0.01058339
1377,0.01058339
1378,0.01058339
1379,0.01058339
1380,0.01058339
1381,0.01058339
1382,0.01058339
1383,0.01058339
1384,0.01058339
1385,0.01058339
1386,0.01058339
1387,0.01058339
1388,0.01058339
1389,0.01058339
1390,0.01057313
1391,0.01057313
1392,0.01057313
1393,0.01057313
1394,0.01057313
1395,0.01057313
1396,0.01057313
1397,0.01057313
1398,0.01057313
1399,0.01057313
1400,0.01057313
1401,0.01057313
1402,0.01057313
1403,0.01058339
1404,0.01058339
1405,0.01058339
1406,0.01058339
1407,0.01058339
1408,0.01058339
1409,0.01058339
1410,0.01058339
1411,0.01058339
1412,0.01058339
1413,0.01058339
1414,0.01058339
1415,0.01058339
1416,0.01058339
1417,0.01058339
1418,0.01058339
1419,0.01058339
1420,0.01058339
1421,0.01058339
1422,0.01058339
1423,0.01058339
1424,0.01058339
1425,0.01058339
1426,0.01057313
1427,0.01057313
1428,0.01057313
1429,0.01057313
1430,0.01057313
1431,0.01057313
1432,0.01057313
1433,0.0105
1434,0.0105
1435,0.0105
1436,0.0105
1437,0.0105
1438,0.0105
1439,0.0105
1440,0.01053287
1441,0.01053287
1442,0.01053287
1443,0.01053287
1444,0.01053287
1445,0.01053287
1446,0.01053287
1447,0.01053287
1448,0.01053287
1449,0.01053287
1450,0.01053287
1451,0.01053287
1452,0.01053287
1453,0.01053287
1454,0.01053287
1455,0.01053287
1456,0.01053287
1457,0.01053287
1458,0.01053287
1459,0.01053287
1460,0.01053287
1461,0.01053254
1462,0.01053254
1463,0.01053254
1464,0.01053254
1465,0.01053254
1466,0.01053254
1467,0.01053254
1468,0.01053254
1469,0.01053254
1470,0.01053254
1471,0.01053254
1472,0.01053254
1473,0.01053254
1474,0.01053254
1475,0.01053254
1476,0.01053254
1477,0.01053254
1478,0.01053254
1479,0.01053254
1480,0.01053254
1481,0.01053254
1482,0.01053254
1483,0.01053254
1484,0.01053254
1485,0.01053254
1486,0.01053254
1487,0.01053254
1488,0.01053254
1489,0.01053254
1490,0.01053254
1491,0.01053254
1492,0.01053254
1493,0.01053254
1494,0.01053254
1495,0.01053254
1496,0.01053254
1497,0.01053254
1498,0.01053254
1499,0.01053254
1500,0.01053254
1501,0.01053254
1502,0.01053254
1503,0.01053254
1504,0.01053254
1505,0.01053254
1506,0.01053254
1507,0.01053254
1508,0.01053254
1509,0.01053254
1510,0.01053254
1511,0.01053254
1512,0.01053254
1513,0.01053254
1514,0.01053254
1515,0.01053287
1516,0.01053287
1517,0.01053287
1518,0.01053287
1519,0.01053287
1520,0.01053287
1521,0.01053287
1522,0.01053287
1523,0.01053287
1524,0.01053287
1525,0.01053287
1526,0.01053287
1527,0.01053287
1528,0.01053287
1529,0.01053287
1530,0.01053287
1531,0.01053287
1532,0.01053287
1533,0.01053287
1534,0.01053287
1535,0.01053287
1536,0.01053287
1537,0.01053287
1538,0.01053287
1539,0.01053287
1540,0.01053287
1541,0.01053287
1542,0.01053287
1543,0.01052
1544,0.01052
1545,0.01052
1546,0.01052
1547,0.01052
1548,0.01052
1549,0.01052
1550,0.01052
1551,0.01052
1552,0.01052
1553,0.01052
1554,0.01052
1555,0.01052
1556,0.01052
1557,0.01052
1558,0.01052
1559,0.01052
1560,0.01052
1561,0.01052
1562,0.01052
1563,0.01052
1564,0.01052
1565,0.01052
1566,0.01052
1567,0.01052
1568,0.01052
1569,0.01052
1570,0.01052
1571,0.01052
1572,0.01033195
1573,0.01033195
1574,0.01033195
1575,0.01033195
1576,0.01033195
1577,0.01033195
1578,0.01033195
1579,0.01033195
1580,0.01033195
1581,0.01033195
1582,0.01033195
1583,0.01033195
1584,0.01033195
1585,0.01033195
1586,0.01033195
1587,0.01033195
1588,0.01033195
1589,0.01033195
1590,0.01033195
1591,0.01040093
1592,0.01040093
1593,0.01040093
1594,0.01040093
1595,0.01040093
1596,0.01053189
1597,0.01053189
1598,0.01053189
1599,0.01053189
1600,0.01053189
1601,0.01053189
1602,0.01053189
1603,0.01053171
1604,0.01053171
1605,0.01053171
1606,0.01053171
1607,0.01053171
1608,0.01053171
1609,0.01053171
1610,0.01053171
1611,0.01053171
1612,0.01053171
1613,0.01053171
1614,0.01053171
1615,0.01053171
1616,0.01053171
1617,0.01053171
1618,0.01053171
1619,0.01053171
1620,0.01053171
1621,0.01053171
1622,0.01053171
1623,0.01053171
1624,0.01053171
1625,0.01053171
1626,0.01053171
1627,0.01053171
1628,0.01053171
1629,0.01053171
1630,0.01053171
1631,0.01053171
1632,0.01053171
1633,0.01053171
1634,0.01053171
1635,0.01053101
1636,0.01053101
1637,0.01053101
1638,0.01053101
1639,0.01053101
1640,0.01053101
1641,0.01053101
1642,0.01053101
1643,0.01053101
1644,0.01053101
1645,0.01053101
1646,0.01053101
1647,0.01053101
1648,0.01053101
1649,0.01053101
1650,0.01053101
1651,0.01053101
1652,0.01053101
1653,0.01053101
1654,0.01040161
1655,0.01040161
1656,0.01040161
1657,0.01040161
1658,0.01040161
1659,0.01040161
1660,0.01040161
1661,0.01030101
1662,0.01030101
1663,0.0104016
1664,0.0104016
1665,0.0104016
1666,0.0104016
1667,0.01050563
1668,0.01050563
1669,0.01050563
1670,0.01000131
1671,0.01000131
1672,0.01002
1673,0.01002001
1674,0.01011035
1675,0.01011035
1676,0.01011035
1677,0.01011029
1678,0.01011028
1679,0.01011034
1680,0.01011033
1681,0.01011033
1682,0.01011033
1683,0.01011033
1684,0.01011033
1685,0.01011023
1686,0.01011021
1687,0.01011019
1688,0.01023158
1689,0.01023157
1690,0.01023157
1691,0.01023157
1692,0.01023157
1693,0.01023157
1694,0.01023157
1695,0.01023132
1696,0.01023132
1697,0.01023132
1698,0.01023132
1699,0.01023112
1700,0.01023112
1701,0.01023112
1702,0.01023112
1703,0.01023112
1704,0.01023112
1705,0.01023058
1706,0.01023058
1707,0.01023058
1708,0.01001016
1709,0.01001016
1710,0.01001016
1711,0.01001031
1712,0.01001031
1713,0.01001031
1714,0.01001031
1715,0.01001031
1716,0.01001031
1717,0.01001031
1718,0.01001031
1719,0.01010004
1720,0.01010004
1721,0.01010004
1722,0.01010004
1723,0.01022938
1724,0.01022938
1725,0.01022938
1726,0.01022938
1727,0.01022938
1728,0.01022938
1729,0.01022938
1730,0.01022938
1731,0.01022938
1732,0.01022938
1733,0.01022938
1734,0.01022938
1735,0.01022938
1736,0.01022938
1737,0.01022938
1738,0.01022938
1739,0.01022938
1740,0.0102316
1741,0.0102316
1742,0.0102316
1743,0.0102316
1744,0.01030845
1745,0.01030845
1746,0.01030845
1747,0.01030845
1748,0.01030845
1749,0.01030845
1750,0.01030845
1751,0.01030845
1752,0.01030845
1753,0.01030845
1754,0.01030845
1755,0.01030845
1756,0.01030845
1757,0.01030845
1758,0.01030845
1759,0.01030845
1760,0.01030845
1761,0.01030845
1762,0.01030845
1763,0.01030845
1764,0.01030845
1765,0.01030845
1766,0.01030845
1767,0.01030845
1768,0.01030845
1769,0.01030845
1770,0.01030845
1771,0.01030845
1772,0.01030845
1773,0.01030845
1774,0.01030845
1775,0.01030845
1776,0.01030845
1777,0.01030845
1778,0.01030845
1779,0.01030845
1780,0.01030845
1781,0.01030845
1782,0.01030845
1783,0.01030845
1784,0.01030845
1785,0.01030845
1786,0.01030845
1787,0.01030845
1788,0.01030845
1789,0.01030845
1790,0.01030845
1791,0.01030845
1792,0.01030845
1793,0.01030845
1794,0.01030845
1795,0.01030845
1796,0.01030845
1797,0.01014433
1798,0.01014433
1799,0.01014433
1800,0.01014433
1801,0.01014443
1802,0.01014443
1803,0.01014443
1804,0.01014443
1805,0.01010437
1806,0.01010437
1807,0.01010437
1808,0.01010437
1809,0.01010437
1810,0.01010437
1811,0.01010437
1812,0.0103082
1813,0.0103082
1814,0.01010463
1815,0.01010463
1816,0.01010463
1817,0.01010463
1818,0.01010463
1819,0.01030799
1820,0.01030799
1821,0.01030799
1822,0.01030799
1823,0.01030799
1824,0.01030799
1825,0.01030799
1826,0.01030799
1827,0.01030799
1828,0.01030799
1829,0.01030799
1830,0.01030799
1831,0.01030799
1832,0.01030799
1833,0.01030799
1834,0.01030799
1835,0.01030799
1836,0.01030799
1837,0.01030728
1838,0.01030728
1839,0.01028735
1840,0.01028735
1841,0.01028735
1842,0.01028735
1843,0.01028735
1844,0.01028735
1845,0.01028735
1846,0.01028735
1847,0.01028735
1848,0.01028735
1849,0.01028735
1850,0.01028735
1851,0.01028735
1852,0.01028735
1853,0.01028735
1854,0.01028735
1855,0.01028735
1856,0.01028735
1857,0.01028735
1858,0.01028735
1859,0.01028735
1860,0.01028735
1861,0.01028735
1862,0.01028735
1863,0.01028735
1864,0.01028735
1865,0.01028735
1866,0.01028735
1867,0.01028735
1868,0.01028735
1869,0.01028735
1870,0.01028735
1871,0.01028735
1872,0.01028735
1873,0.01028735
1874,0.01028735
1875,0.01028735
1876,0.01028735
1877,0.01028735
1878,0.01028735
1879,0.01028735
1880,0.01028735
1881,0.01028735
1882,0.01028735
1883,0.01028735
1884,0.01028735
1885,0.01028735
1886,0.01028735
1887,0.01028735
1888,0.01028592
1889,0.01028592
1890,0.01030845
1891,0.01030845
1892,0.01033176
1893,0.01033176
1894,0.01033176
1895,0.01033176
1896,0.01033176
1897,0.01033176
1898,0.01033176
1899,0.01033176
1900,0.01033176
1901,0.01033176
1902,0.01033176
1903,0.01033197
1904,0.01033197
1905,0.01033197
1906,0.01033197
1907,0.01033197
1908,0.01033197
1909,0.01033197
1910,0.01033197
1911,0.01033197
1912,0.01033215
1913,0.01033215
1914,0.01033215
1915,0.01033215
1916,0.01033215
1917,0.01033215
1918,0.0103323
1919,0.0103323
1920,0.0103323
1921,0.0103323
1922,0.0103323
1923,0.0103323
1924,0.0103323
1925,0.0103323
1926,0.0103323
1927,0.0103323
1928,0.0103323
1929,0.0103323
1930,0.0103323
1931,0.0103323
1932,0.0103323
1933,0.0103323
1934,0.0103323
1935,0.0103323
1936,0.0103323
1937,0.0103323
1938,0.0103323
1939,0.0103323
1940,0.0103323
1941,0.0103323
1942,0.0103323
1943,0.01044143
1944,0.01044143
1945,0.01044143
1946,0.01044143
1947,0.01044143
1948,0.01044143
1949,0.01044143
1950,0.01044143
1951,0.01042055
1952,0.01042055
1953,0.01042055
1954,0.01042055
1955,0.01042055
1956,0.01042056
1957,0.01042056
1958,0.01042056
1959,0.01042056
1960,0.01042056
1961,0.01042056
1962,0.01042056
1963,0.01042056
1964,0.01042055
1965,0.01039999
1966,0.01039999
1967,0.01039999
1968,0.01039999
1969,0.01039999
1970,0.01039999
1971,0.01039999
1972,0.01039999
1973,0.01039999
1974,0.01039999
1975,0.01039999
1976,0.01039999
1977,0.01039999
1978,0.01039999
1979,0.01039999
1980,0.01039999
1981,0.01039999
1982,0.01039999
1983,0.01039999
1984,0.01039999
1985,0.01039999
1986,0.01039999
1987,0.01039999
1988,0.01039999
1989,0.01039999
1990,0.01039999
1991,0.01039999
1992,0.01039999
1993,0.01039999
1994,0.01039999
1995,0.01039999
1996,0.01039999
1997,0.01039999
1998,0.01039999
1999,0.01039999
2000,0.01039999
2001,0.01039999
2002,0.01039999
2003,0.01039999
2004,0.01039999
2005,0.01039999
2006,0.01039999
2007,0.01039999
2008,0.01039999
2009,0.01039999
2010,0.01039999
2011,0.01039999
2012,0.0101
2013,0.0101
2014,0.0101
2015,0.0101
2016,0.0101
2017,0.0101
2018,0.0101
2019,0.01009999
2020,0.0101
2021,0.0101
2022,0.0101
2023,0.0101
2024,0.0101
2025,0.0101
2026,0.0101
2027,0.0101
2028,0.0101
2029,0.0101
2030,0.0101
2031,0.0101
2032,0.0101
2033,0.0101
2034,0.0101
2035,0.0101
2036,0.0101
2037,0.0101
2038,0.0101
2039,0.0101
2040,0.0101
2041,0.0101
2042,0.0101
2043,0.0101
2044,0.0101
2045,0.0101
2046,0.0101
2047,0.01005921
2048,0.01005921
2049,0.01005921
2050,0.0101
2051,0.0100592
2052,0.01001015
2053,0.01009999
2054,0.01009999
2055,0.01009999
2056,0.01009999
2057,0.01009999
2058,0.01009999
2059,0.01009999
2060,0.01009999
2061,0.01009999
2062,0.01009999
2063,0.01009999
2064,0.01009998
2065,0.01009997
2066,0.01009997
2067,0.01009997
2068,0.01009997
2069,0.01009997
2070,0.01006708
2071,0.01006708
2072,0.01006708
2073,0.01006708
2074,0.01006708
2075,0.01
2076,0.01
2077,0.01
2078,0.00999988
2079,0.00998998
2080,0.00998998
2081,0.00998998
2082,0.00996
2083,0.00995
2084,0.00995
2085,0.00995997
2086,0.00995997
2087,0.00995997
2088,0.00995997
2089,0.00995997
2090,0.00995997
2091,0.00995998
2092,0.00995998
2093,0.00995998
2094,0.00995998
2095,0.00995998
2096,0.00995998
2097,0.00995998
2098,0.00996
2099,0.00996
2100,0.00996
2101,0.00996
2102,0.00996
2103,0.00996
2104,0.00996
2105,0.00996
2106,0.00996
2107,0.00996
2108,0.00996
2109,0.00996
2110,0.00995
2111,0.00995
2112,0.00995
2113,0.00994146
2114,0.00994146
2115,0.00994146
2116,0.00994146
2117,0.00994146
2118,0.00994146
2119,0.00994146
2120,0.00994146
2121,0.00994146
2122,0.00994146
2123,0.00994146
2124,0.00994146
2125,0.00994146
2126,0.00994146
2127,0.00994146
2128,0.00994146
2129,0.00994146
2130,0.00994146
2131,0.00994146
2132,0.00994146
2133,0.00994146
2134,0.00994146
2135,0.00994146
2136,0.00994146
2137,0.00994146
2138,0.00994146
2139,0.00994146
2140,0.00994146
2141,0.00994146
2142,0.00994146
2143,0.00994146
2144,0.00994146
2145,0.00994146
2146,0.00994146
2147,0.00994146
2148,0.00994146
2149,0.00994146
2150,0.00994146
2151,0.00994146
2152,0.00994146
2153,0.00994146
2154,0.00994146
2155,0.01
2156,0.01011984
2157,0.01011984
2158,0.01011984
2159,0.01011965
2160,0.01011965
2161,0.01011965
2162,0.01000007
2163,0.01000007
2164,0.01000007
2165,0.01000007
2166,0.00969
2167,0.00969
2168,0.00969
2169,0.00969
2170,0.00969
2171,0.00969
2172,0.00965007
2173,0.00965007
2174,0.00969
2175,0.00982566
2176,0.00981597
2177,0.00981597
2178,0.00981594
2179,0.00981594
2180,0.00981592
2181,0.00981592
2182,0.00981592
2183,0.00981592
2184,0.00981592
2185,0.00981592
2186,0.00981589
2187,0.00981589
2188,0.00981587
2189,0.00981587
2190,0.00981587
2191,0.00981587
2192,0.00981587
2193,0.00981587
2194,0.00981584
2195,0.00981584
2196,0.00981584
2197,0.00981584
2198,0.00981584
2199,0.00981584
2200,0.00981584
2201,0.00981584
2202,0.00981584
2203,0.00981584
2204,0.00981584
2205,0.00981584
2206,0.00981584
2207,0.00981584
2208,0.00981584
2209,0.00981584
2210,0.00981584
2211,0.00981584
2212,0.00981584
2213,0.00981584
2214,0.00981584
2215,0.00981584
2216,0.00981589
2217,0.00981589
2218,0.00981589
2219,0.0098159
2220,0.0098159
2221,0.00981591
2222,0.00981591
2223,0.00981591
2224,0.00981591
2225,0.00981591
2226,0.00981591
2227,0.00981591
2228,0.0098159
2229,0.0098159
2230,0.0098159
2231,0.0098159
2232,0.0098159
2233,0.00981591
2234,0.00981591
2235,0.0096
2236,0.0096
2237,0.0096
2238,0.0096
2239,0.0096
2240,0.0096
2241,0.0096
2242,0.0096
2243,0.00981591
2244,0.00981591
2245,0.00981591
2246,0.00952594
2247,0.00952594
2248,0.00952594
2249,0.00952594
2250,0.00952594
2251,0.00952594
2252,0.00982565
2253,0.00982565
2254,0.00982565
2255,0.00982565
2256,0.00982565
2257,0.00982565
2258,0.00982562
2259,0.00982562
2260,0.00982562
2261,0.00982562
2262,0.00982562
2263,0.00982562
2264,0.00982562
2265,0.00982562
2266,0.00982562
2267,0.00982562
2268,0.00978371
2269,0.00978371
2270,0.00978371
2271,0.00978387
2272,0.00978387
2273,0.00978387
2274,0.00978387
2275,0.00978387
2276,0.00978387
2277,0.00978387
2278,0.00978387
2279,0.00978387
2280,0.00978387
2281,0.00978387
2282,0.00978387
2283,0.00982566
2284,0.00982566
2285,0.00982566
2286,0.00982566
2287,0.00982566
2288,0.00982566
2289,0.00982566
2290,0.00982566
2291,0.00982566
2292,0.00982566
2293,0.00982566
2294,0.00982566
2295,0.00982566
2296,0.0098255
2297,0.0098255
2298,0.0098255
2299,0.0098255
2300,0.0098255
2301,0.0098255
2302,0.0098255
2303,0.00982539
2304,0.00982539
2305,0.00982539
2306,0.00982539
2307,0.00982539
2308,0.00970061
2309,0.0097006
2310,0.00970061
2311,0.00970061
2312,0.00970061
2313,0.00970011
2314,0.00970011
2315,0.0097001
2316,0.0097001
2317,0.0097001
2318,0.0096
2319,0.0096
2320,0.0096
2321,0.0096
2322,0.0096
2323,0.0096
2324,0.0096
2325,0.00982565
2326,0.00982565
2327,0.00982565
2328,0.00982565
2329,0.00982565
2330,0.00982565
2331,0.00982565
2332,0.00982565
2333,0.00982565
2334,0.00982565
2335,0.00982565
2336,0.00982565
2337,0.00982565
2338,0.00982565
2339,0.00982565
2340,0.00982565
2341,0.00982565
2342,0.00982565
2343,0.00982565
2344,0.00982565
2345,0.00982565
2346,0.00982565
2347,0.00982565
2348,0.00982565
2349,0.00982565
2350,0.00982565
2351,0.00982565
2352,0.00982565
2353,0.00982565
2354,0.00982565
2355,0.00982565
2356,0.00982565
2357,0.00982565
2358,0.00982565
2359,0.00982565
2360,0.00982565
2361,0.00982565
2362,0.00982565
2363,0.00982565
2364,0.00982565
2365,0.00982565
2366,0.00982565
2367,0.00982565
2368,0.00982565
2369,0.00982565
2370,0.00982565
2371,0.00982565
2372,0.00982528
2373,0.00982528
2374,0.00982528
2375,0.00982528
2376,0.00982528
2377,0.00982528
2378,0.00982528
2379,0.00982528
2380,0.00982528
2381,0.00982528
2382,0.00982528
2383,0.00982528
2384,0.00982528
2385,0.00982528
2386,0.00982528
2387,0.00982528
2388,0.00982528
2389,0.00982566
2390,0.00982566
2391,0.00982566
2392,0.00982566
2393,0.00982566
2394,0.00982566
2395,0.00982566
2396,0.00982566
2397,0.00982566
2398,0.00982566
2399,0.00982566
2400,0.00982566
2401,0.00982566
2402,0.00982566
2403,0.00982566
2404,0.00982566
2405,0.00982566
2406,0.00982566
2407,0.00982566
2408,0.00982566
2409,0.00982566
2410,0.00982566
2411,0.00982566
2412,0.00982566
2413,0.00982566
2414,0.00982566
2415,0.00982566
2416,0.00982566
2417,0.00977456
2418,0.00977455
2419,0.00977452
2420,0.00977452
2421,0.00977452
2422,0.00977452
2423,0.00977452
2424,0.00977452
2425,0.00977452
2426,0.00977452
2427,0.00977452
2428,0.00977452
2429,0.00977452
2430,0.00977452
2431,0.00977452
2432,0.00977452
2433,0.00977452
2434,0.00977452
2435,0.00977452
2436,0.00977452
2437,0.00977452
2438,0.00977452
2439,0.00977452
2440,0.00977452
2441,0.00977452
2442,0.00977452
2443,0.00977452
2444,0.00977452
2445,0.00977452
2446,0.00977452
2447,0.00977452
2448,0.00977452
2449,0.00977452
2450,0.00977452
2451,0.00977452
2452,0.00977452
2453,0.00977452
2454,0.00977452
2455,0.00977452
2456,0.00977452
2457,0.00977452
2458,0.00977452
2459,0.00977452
2460,0.00977452
2461,0.00977452
2462,0.00977452
2463,0.00977452
2464,0.00977452
2465,0.00977452
2466,0.00977452
2467,0.00977452
2468,0.00977452
2469,0.00977452
2470,0.00977452
2471,0.00977452
2472,0.00977452
2473,0.00977452
2474,0.00977318
2475,0.00977318
2476,0.00977312
2477,0.00977312
2478,0.00977312
2479,0.00977312
2480,0.00977312
2481,0.00977312
2482,0.00977312
2483,0.00977312
2484,0.00977312
2485,0.00977312
2486,0.00977312
2487,0.00977312
2488,0.00977312
2489,0.00977312
2490,0.00977312
2491,0.00977312
2492,0.00977281
2493,0.00977281
2494,0.00977281
2495,0.00977281
2496,0.00977281
2497,0.00977281
2498,0.00977272
2499,0.00977272
2500,0.00977272
2501,0.00977272
2502,0.00977272
2503,0.00977272
2504,0.00977272
2505,0.00977272
2506,0.00977272
2507,0.00977272
2508,0.00977272
2509,0.00977272
2510,0.00977272
2511,0.00977272
2512,0.00977272
2513,0.00977272
2514,0.00977272
2515,0.00977272
2516,0.00977272
2517,0.00977272
2518,0.00977272
2519,0.00977272
2520,0.00977272
2521,0.00977272
2522,0.00977272
2523,0.00977272
2524,0.00977272
2525,0.00977272
2526,0.00977272
2527,0.00977272
2528,0.00977272
2529,0.00977272
2530,0.00977272
2531,0.00977272
2532,0.00977272
2533,0.00977272
2534,0.00977453
2535,0.00977453
2536,0.00977453
2537,0.00977453
2538,0.00977453
2539,0.00977453
2540,0.00977453
2541,0.00977453
2542,0.00977453
2543,0.00977453
2544,0.00977453
2545,0.00977453
2546,0.00977445
2547,0.00977445
2548,0.00977445
2549,0.00977445
2550,0.00977445
2551,0.00977445
2552,0.00977445
2553,0.00977438
2554,0.00977272
2555,0.00977272
2556,0.00977272
2557,0.00977272
2558,0.00977272
2559,0.00977272
2560,0.00977272
2561,0.00977272
2562,0.00977272
2563,0.00977272
2564,0.00977272
2565,0.00977272
2566,0.00977272
2567,0.00977272
2568,0.00977272
2569,0.00977272
2570,0.00977272
2571,0.00977416
2572,0.00972149
2573,0.00972149
2574,0.00972149
2575,0.00972149
2576,0.00972149
2577,0.00972149
2578,0.00972149
2579,0.00972149
2580,0.00972149
2581,0.00952621
2582,0.00972088
2583,0.00952624
2584,0.00952624
2585,0.00952624
2586,0.00972067
2587,0.00972067
2588,0.00972067
2589,0.00972067
2590,0.00972067
2591,0.00972067
2592,0.00972067
2593,0.00972067
2594,0.00972067
2595,0.00972067
2596,0.00971981
2597,0.00971981
2598,0.00971981
2599,0.00971981
2600,0.00971981
2601,0.00971981
2602,0.00971919
2603,0.00971919
2604,0.00971919
2605,0.00971919
2606,0.00971919
2607,0.00971864
2608,0.00971864
2609,0.00953
2610,0.00953
2611,0.00953
2612,0.00953
2613,0.00953
2614,0.00953
2615,0.00953
2616,0.00957638
2617,0.00957638
2618,0.00957638
2619,0.00966378
2620,0.00966378
2621,0.00966378
2622,0.00966378
2623,0.00966356
2624,0.00966356
2625,0.00966356
2626,0.00966356
2627,0.00966356
2628,0.00952593
2629,0.00952593
2630,0.00952593
2631,0.00966311
2632,0.00966311
2633,0.00966311
2634,0.00966311
2635,0.00966292
2636,0.00966288
2637,0.00966288
2638,0.00966288
2639,0.00966288
2640,0.00966288
2641,0.00966288
2642,0.00966288
2643,0.00966251
2644,0.00966251
2645,0.00966251
2646,0.00966251
2647,0.00966251
2648,0.00966226
2649,0.00966226
2650,0.00966219
2651,0.00966219
2652,0.00966219
2653,0.00966219
2654,0.00966219
2655,0.00966211
2656,0.00966211
2657,0.00966211
2658,0.00966211
2659,0.00966211
2660,0.00966211
2661,0.00966211
2662,0.00966211
2663,0.00966195
2664,0.00966195
2665,0.00966193
2666,0.00966193
2667,0.00966193
2668,0.00966193
2669,0.00966193
2670,0.00966193
2671,0.00966193
2672,0.00966193
2673,0.00966193
2674,0.00966193
2675,0.00966179
2676,0.00966179
2677,0.00966179
2678,0.00966179
2679,0.00966179
2680,0.00966179
2681,0.00966179
2682,0.00966179
2683,0.00966179
2684,0.00966179
2685,0.00966179
2686,0.00966179
2687,0.00966179
2688,0.00966179
2689,0.00971838
2690,0.00971838
2691,0.00971838
2692,0.00971838
2693,0.00971838
2694,0.00971838
2695,0.00971838
2696,0.00971838
2697,0.00971838
2698,0.00971838
2699,0.00971838
2700,0.00971838
2701,0.00971838
2702,0.00971838
2703,0.00977456
2704,0.00977456
2705,0.00977456
2706,0.00977456
2707,0.00977456
2708,0.00977456
2709,0.00977456
2710,0.00977456
2711,0.00977456
2712,0.00977456
2713,0.00977456
2714,0.00977456
2715,0.00977456
2716,0.00977456
2717,0.00977456
2718,0.00977456
2719,0.00977456
2720,0.00977456
2721,0.00977456
2722,0.00977456
2723,0.00977456
2724,0.00977456
2725,0.00977456
2726,0.00977456
2727,0.00977456
2728,0.00977456
2729,0.00977456
2730,0.00977456
2731,0.00977456
2732,0.00977456
2733,0.00977456
2734,0.00977456
2735,0.00977456
2736,0.00977456
2737,0.00977456
2738,0.00977456
2739,0.00977456
2740,0.00977456
2741,0.00977456
2742,0.00977456
2743,0.00977456
2744,0.00977456
2745,0.00977456
2746,0.00977456
2747,0.00977456
2748,0.00977456
2749,0.00977456
2750,0.00977456
2751,0.00977456
2752,0.00977456
2753,0.00977456
2754,0.00977456
2755,0.00977456
2756,0.00977456
2757,0.00977456
2758,0.00977456
2759,0.00977456
2760,0.00977456
2761,0.00977456
2762,0.00977456
2763,0.00977456
2764,0.00977456
2765,0.00977456
2766,0.00977456
2767,0.00977456
2768,0.00977456
2769,0.00977456
2770,0.00977456
2771,0.00977456
2772,0.009741
2773,0.009741
2774,0.00976052
2775,0.00976052
2776,0.00976052
2777,0.00976052
2778,0.00976052
2779,0.00976052
2780,0.00976052
2781,0.00976052
2782,0.00976052
2783,0.00976052
2784,0.00976052
2785,0.00976052
2786,0.00976052
2787,0.00975
2788,0.00975
2789,0.00975
2790,0.00975
2791,0.00975
2792,0.00975
2793,0.00975
2794,0.00975
2795,0.00975
2796,0.00975
2797,0.00975
2798,0.00975
2799,0.00975
2800,0.00975
2801,0.00975
2802,0.00975
2803,0.00975
2804,0.00975
2805,0.00975
2806,0.00975
2807,0.00975
2808,0.00975
2809,0.00975
2810,0.00975
2811,0.00975
2812,0.00975
2813,0.00975
2814,0.00975
2815,0.00975
2816,0.00975
2817,0.00975
2818,0.00975
2819,0.00975
2820,0.00975
2821,0.00975
2822,0.00975
2823,0.00975
2824,0.00975
2825,0.00975
2826,0.00975
2827,0.00975
2828,0.00975
2829,0.00975
2830,0.00975
2831,0.00975
2832,0.00975
2833,0.00975
2834,0.00975
2835,0.00975
2836,0.00975
2837,0.00975
2838,0.00975
2839,0.00975
2840,0.00975
2841,0.00977456
2842,0.00977456
2843,0.00977456
2844,0.00977456
2845,0.00977456
2846,0.00977456
2847,0.00977456
2848,0.00977456
2849,0.00985
2850,0.00985726
2851,0.00985726
2852,0.00977465
2853,0.00977456
2854,0.00977465
2855,0.00977465
2856,0.00977465
2857,0.00977465
2858,0.00977465
2859,0.00977465
2860,0.00977465
2861,0.00977465
2862,0.00977465
2863,0.00977465
2864,0.00977465
2865,0.00977465
2866,0.00977465
2867,0.00977465
2868,0.00997465
2869,0.00997465
2870,0.00997465
2871,0.00997465
2872,0.00975007
2873,0.00975007
2874,0.00975007
2875,0.00975007
2876,0.00975007
2877,0.00975007
2878,0.00997457
2879,0.00997457
2880,0.00997464
2881,0.00997464
2882,0.00997464
2883,0.00997464
2884,0.00997464
2885,0.00997464
2886,0.00997464
2887,0.00999456
2888,0.00999456
2889,0.00999456
2890,0.00999756
2891,0.00999756
2892,0.00999756
2893,0.00999756
2894,0.00999756
2895,0.00999756
2896,0.00999756
2897,0.00999756
2898,0.00999756
2899,0.00999756
2900,0.00999756
2901,0.00999756
2902,0.00999756
2903,0.00999756
2904,0.00999756
2905,0.00999756
2906,0.0098
2907,0.0098
2908,0.0098
2909,0.0098
2910,0.0098
2911,0.0098
2912,0.0098
2913,0.0098
2914,0.0098
2915,0.0098
2916,0.0098
2917,0.0098
2918,0.0098
2919,0.0098
2920,0.0098
2921,0.0098
2922,0.0098
2923,0.0098
2924,0.0098
2925,0.0098
2926,0.0098
2927,0.0098
2928,0.0098
2929,0.0098
2930,0.0098
2931,0.0098
2932,0.0098
2933,0.0098
2934,0.0098
2935,0.0098
2936,0.00980627
2937,0.00980627
2938,0.00970627
2939,0.00970626
2940,0.00970626
2941,0.00970626
2942,0.00970626
2943,0.00967168
2944,0.00967168
2945,0.00967168
2946,0.00967168
2947,0.00967168
2948,0.00967168
2949,0.00967168
2950,0.00970626
2951,0.00970626
2952,0.00970626
2953,0.00970626
2954,0.00970626
2955,0.00970626
2956,0.00970626
2957,0.00970626
2958,0.00970626
2959,0.00970626
2960,0.00970626
2961,0.00970626
2962,0.00970626
2963,0.00967167
2964,0.00960001
2965,0.00960001
2966,0.00960001
2967,0.00960001
2968,0.00960001
2969,0.00960001
2970,0.00960001
2971,0.00960001
2972,0.00960001
2973,0.00960001
2974,0.00960001
2975,0.00960001
2976,0.00960001
2977,0.00960001
2978,0.00960001
2979,0.00960001
2980,0.00960001
2981,0.00960001
2982,0.00960001
2983,0.00960001
2984,0.00953001
2985,0.00953001
2986,0.00953001
2987,0.00953001
2988,0.00953001
2989,0.00953001
2990,0.00953001
2991,0.00953001
2992,0.00953001
2993,0.00953001
2994,0.00953001
2995,0.00953001
2996,0.00953001
2997,0.00953001
2998,0.00970535
2999,0.00970535
3000,0.00970535
3001,0.00970535
3002,0.00970535
3003,0.00970535
3004,0.00970535
3005,0.00970535
3006,0.00970535
3007,0.00970535
3008,0.00970535
3009,0.00970535
3010,0.00970447
3011,0.00970447
3012,0.00970447
3013,0.00970447
3014,0.00970447
3015,0.00970447
3016,0.00970447
3017,0.00970447
3018,0.00970447
3019,0.00970447
3020,0.00970312
3021,0.00970312
3022,0.00970312
3023,0.00970312
3024,0.00970312
3025,0.00970312
3026,0.00970312
3027,0.00970312
3028,0.00970312
3029,0.00970312
3030,0.00970312
3031,0.00970312
3032,0.00970312
3033,0.00970136
3034,0.00970136
3035,0.00970136
3036,0.00970136
3037,0.00970136
3038,0.00970136
3039,0.00970136
3040,0.00970136
3041,0.00970136
3042,0.00970136
3043,0.00970136
3044,0.00970136
3045,0.00970136
3046,0.00970136
3047,0.00970136
3048,0.00970136
3049,0.009699
3050,0.009699
3051,0.009699
3052,0.009699
3053,0.009699
3054,0.009699
3055,0.009699
3056,0.009699
3057,0.009699
3058,0.009699
3059,0.009699
3060,0.009699
3061,0.009699
3062,0.009699
3063,0.009699
3064,0.009699
3065,0.009699
3066,0.009699
3067,0.009699
3068,0.009699
3069,0.009699
3070,0.009699
3071,0.009699
3072,0.009699
3073,0.009699
3074,0.009699
3075,0.009699
3076,0.009699
3077,0.009699
3078,0.009699
3079,0.009699
3080,0.009699
3081,0.009699
3082,0.009699
3083,0.009699
3084,0.009699
3085,0.009699
3086,0.009699
3087,0.009699
3088,0.009699
3089,0.009699
3090,0.009699
3091,0.009699
3092,0.009699
3093,0.009699
3094,0.009699
3095,0.009699
3096,0.009699
3097,0.009699
3098,0.009699
3099,0.009699
3100,0.009699
3101,0.009699
3102,0.009699
3103,0.009699
3104,0.009699
3105,0.009699
3106,0.009699
3107,0.009699
3108,0.009699
3109,0.009699
3110,0.009699
3111,0.009699
3112,0.009699
3113,0.009699
3114,0.009699
3115,0.009699
3116,0.009699
3117,0.009699
3118,0.009699
3119,0.009699
3120,0.009699
3121,0.009699
3122,0.009699
3123,0.009699
3124,0.009699
3125,0.009699
3126,0.009699
3127,0.009699
3128,0.009699
3129,0.009699
3130,0.00968957
3131,0.00968957
3132,0.00968957
3133,0.00968957
3134,0.00968957
3135,0.00968957
3136,0.00968957
3137,0.00968957
3138,0.00968957
3139,0.00968957
3140,0.00968957
3141,0.00968957
3142,0.00968957
3143,0.00968957
3144,0.00968957
3145,0.00968957
3146,0.00968957
3147,0.00968957
3148,0.00968732
3149,0.00968732
3150,0.00968732
3151,0.00966099
3152,0.00966098
3153,0.00966098
3154,0.00966098
3155,0.00966098
3156,0.00966098
3157,0.00963571
3158,0.00963571
3159,0.00963571
3160,0.00963571
3161,0.00963571
3162,0.00963571
3163,0.00963571
3164,0.00963571
3165,0.00963571
3166,0.00963571
3167,0.00963571
3168,0.00963571
3169,0.00963571
3170,0.00963571
3171,0.00963571
3172,0.00963571
3173,0.00963483
3174,0.00963483
3175,0.00963483
3176,0.00963483
3177,0.00963483
3178,0.00963483
3179,0.00963483
3180,0.00963483
3181,0.00963483
3182,0.00963483
3183,0.00963483
3184,0.00963483
3185,0.00963483
3186,0.00963483
3187,0.00963483
3188,0.00963386
3189,0.00963386
3190,0.00963386
3191,0.00963386
3192,0.00963386
3193,0.00963386
3194,0.00962226
3195,0.00962226
3196,0.00962226
3197,0.00962226
3198,0.00962226
3199,0.00962226
3200,0.00962226
3201,0.00962226
3202,0.00962226
3203,0.00959998
3204,0.00959998
3205,0.00959998
3206,0.00959998
3207,0.00959998
3208,0.00959998
3209,0.00959998
3210,0.00959998
3211,0.00959998
3212,0.00959998
3213,0.00959998
3214,0.00959998
3215,0.00959998
3216,0.00959998
3217,0.00959998
3218,0.00959998
3219,0.00959998
3220,0.00959998
3221,0.00959998
3222,0.00959998
3223,0.00959998
3224,0.00959998
3225,0.00959998
3226,0.00955055
3227,0.00955054
3228,0.00955054
3229,0.00955054
3230,0.00955054
3231,0.00955054
3232,0.00955054
3233,0.00955054
3234,0.00955054
3235,0.00955054
3236,0.00955054
3237,0.00955001
3238,0.00955001
3239,0.00955001
3240,0.00955001
3241,0.00955001
3242,0.00955001
3243,0.00955001
3244,0.00955001
3245,0.00955001
3246,0.00955001
3247,0.00955001
3248,0.00955001
3249,0.00955001
3250,0.00955001
3251,0.00955001
3252,0.00955001
3253,0.00955001
3254,0.00955001
3255,0.00955001
3256,0.00955001
3257,0.00955001
3258,0.00955001
3259,0.00955001
3260,0.00955001
3261,0.00955001
3262,0.00955001
3263,0.00955001
3264,0.00955001
3265,0.00955001
3266,0.00955001
3267,0.00955001
3268,0.00955001
3269,0.00955001
3270,0.00955001
3271,0.00955001
3272,0.00955001
3273,0.00955001
3274,0.00955001
3275,0.00955001
3276,0.00955001
3277,0.00955001
3278,0.00955001
3279,0.00955001
3280,0.00955001
3281,0.00955001
3282,0.00955001
3283,0.00955001
3284,0.00955001
3285,0.00955001
3286,0.00955001
3287,0.00955001
3288,0.00955001
3289,0.00955001
3290,0.00955001
3291,0.00955001
3292,0.00955001
3293,0.00955001
3294,0.00955001
3295,0.00955001
3296,0.00955057
3297,0.00955061
3298,0.00955061
3299,0.00955061
3300,0.00955061
3301,0.00955061
3302,0.00955061
3303,0.00955061
3304,0.00955061
3305,0.00955061
3306,0.00955061
3307,0.00955061
3308,0.00955061
3309,0.00955061
3310,0.00955061
3311,0.00955061
3312,0.00955061
3313,0.00955061
3314,0.00955061
3315,0.00955061
3316,0.00955061
3317,0.00955061
3318,0.00955061
3319,0.00955061
3320,0.00955061
3321,0.00955061
3322,0.00955061
3323,0.00955061
3324,0.00955061
3325,0.00955061
3326,0.00955061
3327,0.00955061
3328,0.00955061
3329,0.00955061
3330,0.00955061
3331,0.00955061
3332,0.00955061
3333,0.00955061
3334,0.00955061
3335,0.00955061
3336,0.00955061
3337,0.00955061
3338,0.00955061
3339,0.00955061
3340,0.00955061
3341,0.00955061
3342,0.00955061
3343,0.00955061
3344,0.00955061
3345,0.00955061
3346,0.00955061
3347,0.00960764
3348,0.00960764
3349,0.00960764
3350,0.00960764
3351,0.00960764
3352,0.00960764
3353,0.00960764
3354,0.00960764
3355,0.00960764
3356,0.00960764
3357,0.00960764
3358,0.00960764
3359,0.00960764
3360,0.00960764
3361,0.00960764
3362,0.00960764
3363,0.00960764
3364,0.00967224
3365,0.00967224
3366,0.00967224
3367,0.00967224
3368,0.00967224
3369,0.00967224
3370,0.00967224
3371,0.00967224
3372,0.00967224
3373,0.00967224
3374,0.00967224
3375,0.00967224
3376,0.00967224
3377,0.00967224
3378,0.00967224
3379,0.00967224
3380,0.00967224
3381,0.00971482
3382,0.00971482
3383,0.00960788
3384,0.00960788
3385,0.00960788
3386,0.00960788
3387,0.00960788
3388,0.00960788
3389,0.00960788
3390,0.00960788
3391,0.00960788
3392,0.00960788
3393,0.00960788
3394,0.00960788
3395,0.00960788
3396,0.00960788
3397,0.00960788
3398,0.00960788
3399,0.00960788
3400,0.00960788
3401,0.00960788
3402,0.00960788
3403,0.00960788
3404,0.00960788
3405,0.00960788
3406,0.00960788
3407,0.00960788
3408,0.00960788
3409,0.00960788
3410,0.00960788
3411,0.00960788
3412,0.00960788
3413,0.00960788
3414,0.00960788
3415,0.00960788
3416,0.00960788
3417,0.00960788
3418,0.00960788
3419,0.00960788
3420,0.00960788
3421,0.00960788
3422,0.00960788
3423,0.00960788
3424,0.00960788
3425,0.00960788
3426,0.00960788
3427,0.00960788
3428,0.00960788
3429,0.00960788
3430,0.00960788
3431,0.00960788
3432,0.00960788
3433,0.00960788
3434,0.00960788
3435,0.00960788
3436,0.00960788
3437,0.00960788
3438,0.00960788
3439,0.00960788
3440,0.00960788
3441,0.00960788
3442,0.00960788
3443,0.00960788
3444,0.00960788
3445,0.00968999
3446,0.00969001
3447,0.00969001
3448,0.00969001
3449,0.00971483
3450,0.00971483
3451,0.00971483
3452,0.00971483
3453,0.00971483
3454,0.0097845
3455,0.00978451
3456,0.00969728
3457,0.00969728
3458,0.00978455
3459,0.00978455
3460,0.00978455
3461,0.00978455
3462,0.00978455
3463,0.00978455
3464,0.00978455
3465,0.00978455
3466,0.00978401
3467,0.00978401
3468,0.00978401
3469,0.00978401
3470,0.00978401
3471,0.00978401
3472,0.00978401
3473,0.00978401
3474,0.00978401
3475,0.00978401
3476,0.00978401
3477,0.00978401
3478,0.00978401
3479,0.00978401
3480,0.00978401
3481,0.00978401
3482,0.00978401
3483,0.00978401
3484,0.00978401
3485,0.00978401
3486,0.00978401
3487,0.00978401
3488,0.00978401
3489,0.00978401
3490,0.00978401
3491,0.00978401
3492,0.00978401
3493,0.00978401
3494,0.00976768
3495,0.00976768
3496,0.00976768
3497,0.00976768
3498,0.00976768
3499,0.00976768
3500,0.00976768
3501,0.00976768
3502,0.00976768
3503,0.00976768
3504,0.00976768
3505,0.00976768
3506,0.00976768
3507,0.00976768
3508,0.00976768
3509,0.00976768
3510,0.00976768
3511,0.00976768
3512,0.00976768
3513,0.00976768
3514,0.00976768
3515,0.00976768
3516,0.00976768
3517,0.00976768
3518,0.00976768
3519,0.00976768
3520,0.00976768
3521,0.00976768
3522,0.00976768
3523,0.00976768
3524,0.00976768
3525,0.00976768
3526,0.00976768
3527,0.00976768
3528,0.00976768
3529,0.00976768
3530,0.00976768
3531,0.00976768
3532,0.00976768
3533,0.00976768
3534,0.00976768
3535,0.00976768
3536,0.00976768
3537,0.00976768
3538,0.00976768
3539,0.00976768
3540,0.00976768
3541,0.00976768
3542,0.00976768
3543,0.00976768
3544,0.00976768
3545,0.00976768
3546,0.00976768
3547,0.00976768
3548,0.00976768
3549,0.00976768
3550,0.00976768
3551,0.00976768
3552,0.00976768
3553,0.00976768
3554,0.00976768
3555,0.00976768
3556,0.00976768
3557,0.00976768
3558,0.00976768
3559,0.00976768
3560,0.00976768
3561,0.00976768
3562,0.00976768
3563,0.00976768
3564,0.00976768
3565,0.00976768
3566,0.00976768
3567,0.00976768
3568,0.00976768
3569,0.00976768
3570,0.00976768
3571,0.00976768
3572,0.00976768
3573,0.00976768
3574,0.00976768
3575,0.00976768
3576,0.00976768
3577,0.00976768
3578,0.00976768
3579,0.00976768
3580,0.00976768
3581,0.00976768
3582,0.00976768
3583,0.00976768
3584,0.00976768
3585,0.00976768
3586,0.00976768
3587,0.00976768
3588,0.00976768
3589,0.00976768
3590,0.00976768
3591,0.00976768
3592,0.00976768
3593,0.00976768
3594,0.00976768
3595,0.00976768
3596,0.00976768
3597,0.00976768
3598,0.00976768
3599,0.00976768
3600,0.00976768
3601,0.00976768
3602,0.00976768
3603,0.00976768
3604,0.00976768
3605,0.00976768
3606,0.00976768
3607,0.00976768
3608,0.00976768
3609,0.00976768
3610,0.00976768
3611,0.00976768
3612,0.00976768
3613,0.00976768
3614,0.00976768
3615,0.00976768
3616,0.00976768
3617,0.00976768
3618,0.00976768
3619,0.00976768
3620,0.00976768
3621,0.00976768
3622,0.00976768
3623,0.00976768
3624,0.00976768
3625,0.00976768
3626,0.00976768
3627,0.00976768
3628,0.00976768
3629,0.00976768
3630,0.00976768
3631,0.00976768
3632,0.00976768
3633,0.00976768
3634,0.00976768
3635,0.00976768
3636,0.00976768
3637,0.00976768
3638,0.00976768
3639,0.00976768
3640,0.00976768
3641,0.00978537
3642,0.00978537
3643,0.00978537
3644,0.00978537
3645,0.00978537
3646,0.00978537
3647,0.00978537
3648,0.00978537
3649,0.00978537
3650,0.00978537
3651,0.00978537
3652,0.0097843
3653,0.0097843
3654,0.0097843
3655,0.0097843
3656,0.0097843
3657,0.0097843
3658,0.0097843
3659,0.0097843
3660,0.0097843
3661,0.0097843
3662,0.0097843
3663,0.0097843
3664,0.0097843
3665,0.0097843
3666,0.0097843
3667,0.0097843
3668,0.0097843
3669,0.0097843
3670,0.0097843
3671,0.0097843
3672,0.0097843
3673,0.0097843
3674,0.0097843
3675,0.0097843
3676,0.0097843
3677,0.0097843
3678,0.0097843
3679,0.0097843
3680,0.0097843
3681,0.0097843
3682,0.0097843
3683,0.0097843
3684,0.0097843
3685,0.0097843
3686,0.0097843
3687,0.0097843
3688,0.0097843
3689,0.0097843
3690,0.0097843
3691,0.0097843
3692,0.0097843
3693,0.0097843
3694,0.0097843
3695,0.0097843
3696,0.0097843
3697,0.0097843
3698,0.0097843
3699,0.0097843
3700,0.0097843
3701,0.0097843
3702,0.0097843
3703,0.0097843
3704,0.0097843
3705,0.0097843
3706,0.0097843
3707,0.0097843
3708,0.0097843
3709,0.0097843
3710,0.0097843
3711,0.0097843
3712,0.0097843
3713,0.0097843
3714,0.0097843
3715,0.0097843
3716,0.0097843
3717,0.0097843
3718,0.0097843
3719,0.0097843
3720,0.0097843
3721,0.0097843
3722,0.0097843
3723,0.0097843
3724,0.0097843
3725,0.0097843
3726,0.0097843
3727,0.0097843
3728,0.0097843
3729,0.0097843
3730,0.0097843
3731,0.0097843
3732,0.0097843
3733,0.0097843
3734,0.0097843
3735,0.0097843
3736,0.0097843
3737,0.0097843
3738,0.0097843
3739,0.0097843
3740,0.0097843
3741,0.0097843
3742,0.0097843
3743,0.0097843
3744,0.0097843
3745,0.0097843
3746,0.0097843
3747,0.0097843
3748,0.0097843
3749,0.0097843
3750,0.0097843
3751,0.0097843
3752,0.0097843
3753,0.0097843
3754,0.0097843
3755,0.0097843
3756,0.0097843
3757,0.0097843
3758,0.0097843
3759,0.0097843
3760,0.0097843
3761,0.0097843
3762,0.0097843
3763,0.0097843
3764,0.0097843
3765,0.0097843
3766,0.0097843
3767,0.0097843
3768,0.0097843
3769,0.0097843
3770,0.0097843
3771,0.0097843
3772,0.0097843
3773,0.0097843
3774,0.0097843
3775,0.0097843
3776,0.0097843
3777,0.0097843
3778,0.0097843
3779,0.0097843
3780,0.0097843
3781,0.0097843
3782,0.0097843
3783,0.0097843
3784,0.0097843
3785,0.0097843
3786,0.0097843
3787,0.0097843
3788,0.0097843
3789,0.0097843
3790,0.0097843
3791,0.0097843
3792,0.0097843
3793,0.0097843
3794,0.0097843
3795,0.0097843
3796,0.0097843
3797,0.0097843
3798,0.0097843
3799,0.0097843
3800,0.0097843
3801,0.0097843
3802,0.0097843
3803,0.0097843
3804,0.0097843
3805,0.0097843
3806,0.0097843
3807,0.0097843
3808,0.0097843
3809,0.0097843
3810,0.0097843
3811,0.0097843
3812,0.0097843
3813,0.0097843
3814,0.0097843
3815,0.0097843
3816,0.0097843
3817,0.0097843
3818,0.0097843
3819,0.0097843
3820,0.0097843
3821,0.0097843
3822,0.0097843
3823,0.0097843
3824,0.0097843
3825,0.0097843
3826,0.0095
3827,0.0095
3828,0.0095
3829,0.0095
3830,0.0095
3831,0.0095
3832,0.0095
3833,0.0095
3834,0.0095
3835,0.0095
3836,0.0095
3837,0.0095
3838,0.0095
3839,0.0095
3840,0.0095
3841,0.0095
3842,0.00976779
3843,0.00976779
3844,0.00976779
3845,0.00976779
3846,0.00976779
3847,0.00976779
3848,0.00976779
3849,0.00976779
3850,0.00976779
3851,0.00976779
3852,0.0097669
3853,0.0097669
3854,0.0097669
3855,0.0097669
3856,0.0097669
3857,0.0097669
3858,0.0097669
3859,0.0097669
3860,0.0097669
3861,0.0097669
3862,0.0097669
3863,0.0097669
3864,0.0097669
3865,0.0097669
3866,0.0097669
3867,0.0097669
3868,0.0097669
3869,0.0097669
3870,0.0097669
3871,0.0097669
3872,0.0097669
3873,0.0097669
3874,0.0097669
3875,0.0097669
3876,0.0097669
3877,0.0097669
3878,0.0097669
3879,0.0097669
3880,0.0097669
3881,0.0097669
3882,0.0097669
3883,0.0097669
3884,0.0097669
3885,0.0097669
3886,0.0097669
3887,0.00957999
3888,0.00957999
3889,0.00957999
3890,0.00958005
3891,0.00958005
3892,0.00958005
3893,0.00958005
3894,0.00958005
3895,0.00958005
3896,0.00958005
3897,0.00958005
3898,0.00958005
3899,0.00958005
3900,0.00958005
3901,0.00958005
3902,0.00958005
3903,0.00958005
3904,0.00958005
3905,0.00958005
3906,0.00958005
3907,0.00958005
3908,0.00958005
3909,0.00958005
3910,0.00958005
3911,0.00958005
3912,0.00958005
3913,0.00958005
3914,0.00958005
3915,0.00958005
3916,0.00958005
3917,0.00958005
3918,0.00958005
3919,0.00958005
3920,0.00958005
3921,0.00958005
3922,0.00958005
3923,0.00958005
3924,0.00958005
3925,0.00975981
3926,0.00975981
3927,0.00975981
3928,0.00975981
3929,0.00975981
3930,0.00975981
3931,0.00975981
3932,0.00975981
3933,0.00975981
3934,0.00975981
3935,0.00975981
3936,0.00975981
3937,0.00975981
3938,0.00975981
3939,0.00975981
3940,0.00975981
3941,0.00975981
3942,0.00975981
3943,0.00975981
3944,0.00975981
3945,0.00975981
3946,0.00975981
3947,0.00975981
3948,0.00975878
3949,0.00975878
3950,0.00975878
3951,0.00975878
3952,0.00975878
3953,0.00975878
3954,0.00975878
3955,0.00975878
3956,0.00975878
3957,0.00975878
3958,0.00975878
3959,0.00975878
3960,0.00975878
3961,0.00975878
3962,0.00975878
3963,0.00975878
3964,0.00975878
3965,0.00950002
3966,0.00950002
3967,0.00950002
3968,0.00950002
3969,0.00950002
3970,0.00950002
3971,0.00950002
3972,0.00964302
3973,0.00964302
3974,0.00964302
3975,0.00964302
3976,0.0095
3977,0.0095
3978,0.00964302
3979,0.00964302
3980,0.00930008
3981,0.00930009
3982,0.00930009
3983,0.00930016
3984,0.00930017
3985,0.00930017
3986,0.00930019
3987,0.00930019
3988,0.00930019
3989,0.00930019
3990,0.00930019
3991,0.00930019
3992,0.00930019
3993,0.00930019
3994,0.00930019
3995,0.00930019
3996,0.00930019
3997,0.00930019
3998,0.00930019
3999,0.00930019
4000,0.00930019
4001,0.00930019
4002,0.00930019
4003,0.00930019
4004,0.00930019
4005,0.00930019
4006,0.00930019
4007,0.00930019
4008,0.00930019
4009,0.00930019
4010,0.00930019
4011,0.00930019
4012,0.00930019
4013,0.00930019
4014,0.00940097
4015,0.00940097
4016,0.00940097
4017,0.00940097
4018,0.00940097
4019,0.00940097
4020,0.00940097
4021,0.00940097
4022,0.00940097
4023,0.00940097
4024,0.00940097
4025,0.00940097
4026,0.00940097
4027,0.00940097
4028,0.00940097
4029,0.00940097
4030,0.00940097
4031,0.00940097
4032,0.00940097
4033,0.00940097
4034,0.00940097
4035,0.00940097
4036,0.00940097
4037,0.00940097
4038,0.00940097
4039,0.00940097
4040,0.00940097
4041,0.00940221
4042,0.00940221
4043,0.00940221
4044,0.00940221
4045,0.00940221
4046,0.00940221
4047,0.00940221
4048,0.00940221
4049,0.00940221
4050,0.00940221
4051,0.00940221
4052,0.00964139
4053,0.00964139
4054,0.00964139
4055,0.00964139
4056,0.00940233
4057,0.00964107
4058,0.00964107
4059,0.00940246
4060,0.00940246
4061,0.00940246
4062,0.00940246
4063,0.00940259
4064,0.00940259
4065,0.00940259
4066,0.00940259
4067,0.00940259
4068,0.00940271
4069,0.00940271
4070,0.00940274
4071,0.00940274
4072,0.00940274
4073,0.00940274
4074,0.00940274
4075,0.00940274
4076,0.00940274
4077,0.00940274
4078,0.00940274
4079,0.00940274
4080,0.009403
4081,0.009403
4082,0.009403
4083,0.009403
4084,0.009403
4085,0.009403
4086,0.009403
4087,0.009403
4088,0.009403
4089,0.009403
4090,0.009403
4091,0.009403
4092,0.009403
4093,0.009403
4094,0.009403
4095,0.0093
4096,0.0093
4097,0.0093
4098,0.0093
4099,0.0093
4100,0.0093
4101,0.0093
4102,0.0093
4103,0.0093
4104,0.0093
4105,0.0093
4106,0.0093
4107,0.0093
4108,0.0093
4109,0.00930035
4110,0.00930035
4111,0.00930035
4112,0.00930035
4113,0.00930035
4114,0.00930035
4115,0.00930035
4116,0.00930035
4117,0.00930035
4118,0.00930035
4119,0.00930035
4120,0.0095244
4121,0.0095244
4122,0.00960395
4123,0.00960395
4124,0.00960395
4125,0.00960395
4126,0.0091
4127,0.0091
4128,0.0091
4129,0.0091
4130,0.0091
4131,0.00909999
4132,0.00909999
4133,0.00909999
4134,0.00909999
4135,0.00909999
4136,0.00909999
4137,0.00909981
4138,0.00909981
4139,0.00909981
4140,0.00909981
4141,0.00909981
4142,0.00909981
4143,0.00909981
4144,0.00909926
4145,0.00909926
4146,0.00909907
4147,0.00909906
4148,0.00909906
4149,0.00909906
4150,0.00909906
4151,0.00909906
4152,0.00909906
4153,0.00909867
4154,0.00909848
4155,0.00909848
4156,0.00909848
4157,0.00909848
4158,0.00909848
4159,0.00909809
4160,0.00909809
4161,0.00909809
4162,0.00909809
4163,0.00909809
4164,0.00909809
4165,0.00909761
4166,0.00909762
4167,0.00909762
4168,0.00909762
4169,0.00909762
4170,0.00909762
4171,0.00909762
4172,0.00909743
4173,0.00908271
4174,0.00908271
4175,0.00908271
4176,0.00908271
4177,0.00908271
4178,0.00908271
4179,0.00908271
4180,0.00908271
4181,0.00908271
4182,0.00909744
4183,0.00909744
4184,0.00909744
4185,0.00909744
4186,0.00909744
4187,0.00909744
4188,0.00909744
4189,0.00909744
4190,0.00909744
4191,0.00909744
4192,0.00909744
4193,0.00909744
4194,0.00909744
4195,0.00909744
4196,0.00909744
4197,0.00909744
4198,0.00909744
4199,0.00909744
4200,0.00909744
4201,0.00909744
4202,0.00909744
4203,0.00909744
4204,0.00909744
4205,0.00909744
4206,0.00909744
4207,0.00909744
4208,0.00909744
4209,0.00909744
4210,0.00909744
4211,0.00909744
4212,0.00909744
4213,0.00909744
4214,0.00909744
4215,0.00909744
4216,0.00909744
4217,0.00909744
4218,0.00909744
4219,0.00909744
4220,0.00909744
4221,0.00909744
4222,0.00909744
4223,0.00909744
4224,0.00909744
4225,0.00909744
4226,0.00909744
4227,0.00909744
4228,0.00909744
4229,0.00909744
4230,0.00909744
4231,0.00909744
4232,0.00909744
4233,0.00909744
4234,0.00909744
4235,0.00909744
4236,0.00909744
4237,0.00909744
4238,0.00909744
4239,0.00909744
4240,0.00909744
4241,0.00909744
4242,0.00909744
4243,0.00909744
4244,0.00909744
4245,0.00909744
4246,0.00909744
4247,0.00908271
4248,0.00909744
4249,0.00909744
4250,0.00909744
4251,0.00909744
4252,0.00909744
4253,0.00909744
4254,0.00909744
4255,0.00909744
4256,0.00909744
4257,0.00909744
4258,0.00909744
4259,0.00909744
4260,0.00909744
4261,0.00909744
4262,0.00909744
4263,0.00909744
4264,0.00909744
4265,0.00909744
4266,0.00908271
4267,0.00908271
4268,0.00908271
4269,0.00908271
4270,0.00903275
4271,0.00903275
4272,0.00903275
4273,0.00903275
4274,0.00903275
4275,0.00903275
4276,0.00903275
4277,0.00903275
4278,0.00903275
4279,0.00903275
4280,0.00903275
4281,0.00903275
4282,0.00903275
4283,0.00903275
4284,0.00908263
4285,0.00908263
4286,0.00908263
4287,0.00908263
4288,0.00908263
4289,0.00908263
4290,0.00908263
4291,0.00908263
4292,0.00908263
4293,0.00908263
4294,0.00908263
4295,0.00908263
4296,0.00908263
4297,0.00908263
4298,0.00908263
4299,0.00908263
4300,0.00908263
4301,0.00908263
4302,0.00908263
4303,0.00908263
4304,0.00908263
4305,0.00908263
4306,0.00908263
4307,0.00908263
4308,0.00908263
4309,0.00908263
4310,0.00908263
4311,0.00908263
4312,0.00903275
4313,0.00903275
4314,0.00903275
4315,0.00903275
4316,0.00903275
4317,0.00903275
4318,0.00903275
4319,0.00903275
4320,0.00903275
4321,0.00903275
4322,0.00903275
4323,0.00903275
4324,0.00903275
4325,0.00903275
4326,0.00903275
4327,0.00903275
4328,0.00903275
4329,0.00903275
4330,0.00903275
4331,0.00902222
4332,0.00902222
4333,0.009
4334,0.00898004
4335,0.00898004
4336,0.00898004
4337,0.00898004
4338,0.00898004
4339,0.00898004
4340,0.00897664
4341,0.0085813
4342,0.00897663
4343,0.00897645
4344,0.0088
4345,0.0088
4346,0.0088
4347,0.0086
4348,0.0086
4349,0.0086
4350,0.0087
4351,0.0087
4352,0.0087
4353,0.0087
4354,0.00870001
4355,0.00870001
4356,0.0087
4357,0.00860002
4358,0.00860002
4359,0.00860002
4360,0.00860002
4361,0.00869986
4362,0.00869983
4363,0.00869983
4364,0.00869977
4365,0.00860001
4366,0.00860001
4367,0.0086997
4368,0.00869969
4369,0.00869969
4370,0.00869969
4371,0.00869972
4372,0.00869971
4373,0.00869971
4374,0.00869971
4375,0.00869971
4376,0.00860001
4377,0.0086
4378,0.0086
4379,0.0086
4380,0.0086
4381,0.0086
4382,0.0086
4383,0.00864446
4384,0.00864446
4385,0.00864446
4386,0.00864446
4387,0.00864446
4388,0.00864446
4389,0.00871158
4390,0.00871158
4391,0.00871158
4392,0.00871158
4393,0.0087112
4394,0.0087112
4395,0.00860446
4396,0.00860446
4397,0.0087109
4398,0.00871069
4399,0.00871069
4400,0.00871051
4401,0.00871051
4402,0.00871049
4403,0.00871049
4404,0.0087104
4405,0.00871039
4406,0.00871029
4407,0.00871029
4408,0.00871019
4409,0.00871019
4410,0.0087101
4411,0.00871002
4412,0.00871002
4413,0.00871002
4414,0.00871002
4415,0.00871002
4416,0.00871
4417,0.00870992
4418,0.00870991
4419,0.00870991
4420,0.00870991
4421,0.00870991
4422,0.00870955
4423,0.00870955
4424,0.00870955
4425,0.00870955
4426,0.00870955
4427,0.00870955
4428,0.00870955
4429,0.00870955
4430,0.00870955
4431,0.00870955
4432,0.00870955
4433,0.0087089
4434,0.0087089
4435,0.0087089
4436,0.0087089
4437,0.0087089
4438,0.0087089
4439,0.0087089
4440,0.0087089
4441,0.0087089
4442,0.0087089
4443,0.0087089
4444,0.0087089
4445,0.0087089
4446,0.0087089
4447,0.0087089
4448,0.0087089
4449,0.0087089
4450,0.0087089
4451,0.0087089
4452,0.0087089
4453,0.0087089
4454,0.0087089
4455,0.0087089
4456,0.0087089
4457,0.0087089
4458,0.0087089
4459,0.0087089
4460,0.0087089
4461,0.00870744
4462,0.00870744
4463,0.00870744
4464,0.00870744
4465,0.00860726
4466,0.00860726
4467,0.00860726
4468,0.00860726
4469,0.00860726
4470,0.00860726
4471,0.00860726
4472,0.00860726
4473,0.00860726
4474,0.00860726
4475,0.00860726
4476,0.00860726
4477,0.00860726
4478,0.00860726
4479,0.00860726
4480,0.00860726
4481,0.00860726
4482,0.00860726
4483,0.00860726
4484,0.00860726
4485,0.00860726
4486,0.00860726
4487,0.00860726
4488,0.00860726
4489,0.00860726
4490,0.00860726
4491,0.00860726
4492,0.00860726
4493,0.00860703
4494,0.00860702
4495,0.00860702
4496,0.008607
4497,0.008607
4498,0.008607
4499,0.0086
4500,0.0086
4501,0.0086
4502,0.0086
4503,0.00858263
4504,0.00858263
4505,0.00858263
4506,0.00858263
4507,0.00858263
4508,0.00858263
4509,0.00858263
4510,0.00858263
4511,0.00858263
4512,0.00870906
4513,0.00870906
4514,0.00870906
4515,0.00870906
4516,0.00870906
4517,0.00870906
4518,0.00870906
4519,0.00870906
4520,0.00870906
4521,0.00870906
4522,0.00870906
4523,0.00870906
4524,0.00870906
4525,0.00870906
4526,0.00870906
4527,0.00870906
4528,0.00870906
4529,0.00870906
4530,0.00870906
4531,0.00870906
4532,0.00870906
4533,0.00870906
4534,0.00870906
4535,0.00870906
4536,0.00870906
4537,0.00870906
4538,0.00870906
4539,0.00870906
4540,0.00870906
4541,0.00870906
4542,0.00870906
4543,0.00870906
4544,0.00870906
4545,0.00870631
4546,0.00870631
4547,0.00870631
4548,0.00870631
4549,0.00870631
4550,0.00870631
4551,0.00870631
4552,0.00870631
4553,0.00870631
4554,0.00870631
4555,0.00870631
4556,0.00870631
4557,0.00870631
4558,0.00870631
4559,0.00870631
4560,0.00870631
4561,0.00870506
4562,0.00870506
4563,0.00870506
4564,0.00870515
4565,0.00870515
4566,0.00870515
4567,0.00870515
4568,0.00871
4569,0.00871
4570,0.00871
4571,0.00871
4572,0.00871
4573,0.00871
4574,0.00871
4575,0.00871181
4576,0.00871181
4577,0.00871181
4578,0.00871181
4579,0.00871181
4580,0.00871181
4581,0.00871181
4582,0.00870516
4583,0.00870516
4584,0.00870516
4585,0.00870516
4586,0.00870516
4587,0.00870516
4588,0.00870516
4589,0.00870516
4590,0.00870516
4591,0.00870516
4592,0.00870516
4593,0.00870516
4594,0.00870516
4595,0.00870516
4596,0.00871181
4597,0.00871181
4598,0.00871181
4599,0.00871181
4600,0.00871181
4601,0.00871181
4602,0.00871181
4603,0.00871181
4604,0.00871181
4605,0.00871181
4606,0.00871181
4607,0.00871181
4608,0.00871181
4609,0.00871181
4610,0.00871181
4611,0.00871181
4612,0.00871181
4613,0.00871181
4614,0.00870516
4615,0.00870516
4616,0.00870516
4617,0.00870516
4618,0.00870516
4619,0.00870516
4620,0.00870516
4621,0.00870516
4622,0.00870516
4623,0.00870516
4624,0.00870516
4625,0.00870516
4626,0.00870516
4627,0.00870516
4628,0.00870516
4629,0.00870516
4630,0.00870516
4631,0.00870516
4632,0.00870516
4633,0.00870516
4634,0.00870516
4635,0.00870516
4636,0.00870516
4637,0.00870516
4638,0.00870516
4639,0.00870516
4640,0.00870516
4641,0.00871181
4642,0.00871181
4643,0.00871181
4644,0.00871181
4645,0.00871181
4646,0.00871181
4647,0.00871181
4648,0.00871181
4649,0.00871181
4650,0.00871181
4651,0.00871181
4652,0.00871181
4653,0.00871181
4654,0.00871181
4655,0.00871181
4656,0.00871181
4657,0.00852
4658,0.00852003
4659,0.00852003
4660,0.00852003
4661,0.00852003
4662,0.00852003
4663,0.00852003
4664,0.00852003
4665,0.00852003
4666,0.00852024
4667,0.00852024
4668,0.00852024
4669,0.00852024
4670,0.00852024
4671,0.00852024
4672,0.00852024
4673,0.00852024
4674,0.00852033
4675,0.00852033
4676,0.00852033
4677,0.00852033
4678,0.00852033
4679,0.00852033
4680,0.00852033
4681,0.00852033
4682,0.00870494
4683,0.00870494
4684,0.00870494
4685,0.00870494
4686,0.00870494
4687,0.00870494
4688,0.00870494
4689,0.00870494
4690,0.00870494
4691,0.00870494
4692,0.00870494
4693,0.00870494
4694,0.00870494
4695,0.00870493
4696,0.00870493
4697,0.00852104
4698,0.00852104
4699,0.00852104
4700,0.00852104
4701,0.00852104
4702,0.00852104
4703,0.00852104
4704,0.00852104
4705,0.00852104
4706,0.00852104
4707,0.00852104
4708,0.00852104
4709,0.00870476
4710,0.00852421
4711,0.00852421
4712,0.00852421
4713,0.00852421
4714,0.00852421
4715,0.00852421
4716,0.00852421
4717,0.00852421
4718,0.00852421
4719,0.00852421
4720,0.00879896
4721,0.00879896
4722,0.00879896
4723,0.00879896
4724,0.00879896
4725,0.00879896
4726,0.00879896
4727,0.00879896
4728,0.00879896
4729,0.00879896
4730,0.00879876
4731,0.0088042
4732,0.0088042
4733,0.0088042
4734,0.00882181
4735,0.00882181
4736,0.00882181
4737,0.00882181
4738,0.00882181
4739,0.00882181
4740,0.00882181
4741,0.00882181
4742,0.00882181
4743,0.00882181
4744,0.00882181
4745,0.00882181
4746,0.0088521
4747,0.00886412
4748,0.00882181
4749,0.00882181
4750,0.00882181
4751,0.00882181
4752,0.00882181
4753,0.00882181
4754,0.00882181
4755,0.00882181
4756,0.00882181
4757,0.00882181
4758,0.00882181
4759,0.00882181
4760,0.00882181
4761,0.00882181
4762,0.00882181
4763,0.00882181
4764,0.00882181
4765,0.00882181
4766,0.00882181
4767,0.00882181
4768,0.00882181
4769,0.00882181
4770,0.00882181
4771,0.00882181
4772,0.00882181
4773,0.00882181
4774,0.00882181
4775,0.00882181
4776,0.00882181
4777,0.00882181
4778,0.00882181
4779,0.00882181
4780,0.00882181
4781,0.00882181
4782,0.00882181
4783,0.00882181
4784,0.00890201
4785,0.00882181
4786,0.00882181
4787,0.00882181
4788,0.00882181
4789,0.00882181
4790,0.00882181
4791,0.00882181
4792,0.00882181
4793,0.00882181
4794,0.00882181
4795,0.00882181
4796,0.00882181
4797,0.00882181
4798,0.00882181
4799,0.00882181
4800,0.00890201
4801,0.00890201
4802,0.00890201
4803,0.00890201
4804,0.00890201
4805,0.00890201
4806,0.00890201
4807,0.00890201
4808,0.00890201
4809,0.00890201
4810,0.00890201
4811,0.00890201
4812,0.00890201
4813,0.00890201
4814,0.00890201
4815,0.00890201
4816,0.00890557
4817,0.00890557
4818,0.00890557
4819,0.00890557
4820,0.00890557
4821,0.00890557
4822,0.00890557
4823,0.00890557
4824,0.00890557
4825,0.00890557
4826,0.00890557
4827,0.00890557
4828,0.00890557
4829,0.00890557
4830,0.00890557
4831,0.00890557
4832,0.00890557
4833,0.00890557
4834,0.00890557
4835,0.00890557
4836,0.00890557
4837,0.00890557
4838,0.00890557
4839,0.00890201
4840,0.00890201
4841,0.00890201
4842,0.00890201
4843,0.00890201
4844,0.00860955
4845,0.00860955
4846,0.00860955
4847,0.00860955
4848,0.00860955
4849,0.00854753
4850,0.00854753
4851,0.00860954
4852,0.00860954
4853,0.00819195
4854,0.00819195
4855,0.00869569
4856,0.00819198
4857,0.00819201
4858,0.00819201
4859,0.008192
4860,0.008192
4861,0.008192
4862,0.008192
4863,0.008192
4864,0.00827473
4865,0.00827473
4866,0.00827473
4867,0.00827473
4868,0.00827473
4869,0.00827473
4870,0.00827473
4871,0.00827473
4872,0.00827473
4873,0.00827473
4874,0.00827473
4875,0.00827473
4876,0.00827473
4877,0.00827473
4878,0.00827473
4879,0.00862974
4880,0.00862974
4881,0.00862974
4882,0.00862974
4883,0.00827513
4884,0.00827513
4885,0.00827518
4886,0.00827518
4887,0.00827602
4888,0.00827603
4889,0.00827607
4890,0.00827607
4891,0.00827607
4892,0.00827607
4893,0.00827607
4894,0.00827607
4895,0.00860765
4896,0.00860765
4897,0.00860765
4898,0.00860765
4899,0.00860765
4900,0.00860765
4901,0.00860765
4902,0.00839998
4903,0.00839998
4904,0.00839993
4905,0.00839991
4906,0.00839991
4907,0.0082633
4908,0.0082633
4909,0.0082633
4910,0.0082633
4911,0.0082633
4912,0.0084
4913,0.0084
4914,0.00820023
4915,0.00829861
4916,0.00829861
4917,0.00829861
4918,0.00829861
4919,0.00827012
4920,0.00839975
4921,0.00839975
4922,0.00839961
4923,0.00839961
4924,0.00839961
4925,0.00839961
4926,0.00828
4927,0.00828
4928,0.00839935
4929,0.00839935
4930,0.00839925
4931,0.00839923
4932,0.00839921
4933,0.00839921
4934,0.00839921
4935,0.00839916
4936,0.00839916
4937,0.00839997
4938,0.0084
4939,0.00839999
4940,0.00839999
4941,0.00839999
4942,0.00839999
4943,0.00839999
4944,0.00839999
4945,0.00839999
4946,0.00839999
4947,0.00839999
4948,0.00839999
4949,0.00839999
4950,0.00839999
4951,0.00839999
4952,0.00839999
4953,0.00839999
4954,0.00839999
4955,0.00839999
4956,0.0084
4957,0.0084
4958,0.00858021
4959,0.00858021
4960,0.00858021
4961,0.00858021
4962,0.00858021
4963,0.00858021
4964,0.00856171
4965,0.00856171
4966,0.00856168
4967,0.00856168
4968,0.00856168
4969,0.00844
4970,0.00844001
4971,0.00844001
4972,0.00844001
4973,0.00844001
4974,0.00856156
4975,0.00856156
4976,0.00856156
4977,0.00856156
4978,0.00856153
4979,0.00856153
4980,0.00856153
4981,0.00856153
4982,0.00856153
4983,0.00856153
4984,0.00844031
4985,0.00844031
4986,0.00844031
4987,0.00844031
4988,0.00844031
4989,0.00844031
4990,0.00844031
4991,0.00844031
4992,0.00844031
4993,0.00844031
4994,0.00844031
4995,0.00844879
4996,0.00844879
4997,0.00844879
4998,0.00844879
4999,0.00844879
5000,0.00844879
5001,0.00844879
5002,0.00844879
5003,0.00844879
5004,0.00844879
5005,0.00844879
5006,0.00844913
5007,0.0084907
5008,0.0084907
5009,0.0084907
5010,0.0084907
5011,0.0084907
5012,0.0084907
5013,0.0084907
5014,0.0084907
5015,0.0084907
5016,0.0084907
5017,0.0084907
5018,0.0084907
5019,0.0084907
5020,0.00849066
5021,0.00849066
5022,0.00849068
5023,0.00849068
5024,0.00849068
5025,0.00849068
5026,0.0084907
5027,0.0084907
5028,0.0084907
5029,0.0084907
5030,0.00859997
5031,0.00859997
5032,0.00859997
5033,0.00859997
5034,0.00859997
5035,0.00859997
5036,0.00859997
5037,0.00859997
5038,0.00859997
5039,0.00859997
5040,0.00859997
5041,0.00859997
5042,0.00859997
5043,0.00859997
5044,0.00859981
5045,0.00859981
5046,0.00859981
5047,0.00859981
5048,0.00859981
5049,0.00859981
5050,0.00859981
5051,0.00859981
5052,0.00859981
5053,0.00859981
5054,0.00859981
5055,0.00859981
5056,0.00859981
5057,0.0085907
5058,0.0085907
5059,0.0085907
5060,0.0085907
5061,0.0085907
5062,0.0085907
5063,0.0085907
5064,0.0085907
5065,0.0085907
5066,0.0085907
5067,0.0085907
5068,0.0085907
5069,0.0085907
5070,0.0085907
5071,0.00859071
5072,0.00859071
5073,0.00859071
5074,0.00859071
5075,0.00859071
5076,0.00859071
5077,0.00859071
5078,0.00859071
5079,0.00859071
5080,0.00859071
5081,0.00859071
5082,0.00859071
5083,0.00859071
5084,0.00859071
5085,0.00859071
5086,0.0086
5087,0.0085907
5088,0.0085907
5089,0.0085907
5090,0.0085907
5091,0.0085907
5092,0.0085907
5093,0.0085907
5094,0.0085907
5095,0.0085907
5096,0.0085907
5097,0.0085907
5098,0.0085907
5099,0.0085907
5100,0.0085907
5101,0.0085907
5102,0.0085907
5103,0.0085907
5104,0.0085907
5105,0.0085907
5106,0.0085907
5107,0.00860002
5108,0.00860002
5109,0.00860002
5110,0.00860002
5111,0.00860868
5112,0.0086087
5113,0.00860871
5114,0.00860871
5115,0.00860871
5116,0.00860871
5117,0.00860871
5118,0.0087
5119,0.0087
5120,0.00870006
5121,0.00870006
5122,0.00870006
5123,0.00870008
5124,0.00870014
5125,0.00870014
5126,0.00880464
5127,0.00880464
5128,0.00880464
5129,0.00880464
5130,0.00880464
5131,0.00880464
5132,0.00880464
5133,0.00880464
5134,0.00880464
5135,0.00880464
5136,0.00880464
5137,0.00886113
5138,0.00886113
5139,0.00886113
5140,0.00886113
5141,0.00886113
5142,0.00886113
5143,0.00886113
5144,0.00886113
5145,0.00886113
5146,0.00886113
5147,0.00886113
5148,0.00886113
5149,0.00886113
5150,0.00886113
5151,0.00886113
5152,0.00886113
5153,0.00886113
5154,0.00886113
5155,0.008875
5156,0.008875
5157,0.008875
5158,0.008875
5159,0.008875
5160,0.008875
5161,0.008875
5162,0.008875
5163,0.008875
5164,0.008875
5165,0.008875
5166,0.008875
5167,0.008875
5168,0.00887592
5169,0.00887592
5170,0.00887592
5171,0.00887592
5172,0.00887592
5173,0.00887592
5174,0.00887592
5175,0.00887592
5176,0.00887592
5177,0.00888988
5178,0.00888988
5179,0.00888544
5180,0.00888544
5181,0.00888544
5182,0.00888544
5183,0.00888544
5184,0.00887592
5185,0.00887592
5186,0.00887592
5187,0.00887592
5188,0.00887592
5189,0.00887592
5190,0.00887592
5191,0.00887592
5192,0.00887592
5193,0.00887592
5194,0.00887592
5195,0.00887592
5196,0.00887592
5197,0.00887592
5198,0.00887592
5199,0.00888108
5200,0.00888108
5201,0.00888108
5202,0.00888108
5203,0.00888108
5204,0.00888108
5205,0.00888108
5206,0.00888108
5207,0.00888108
5208,0.00888108
5209,0.00888108
5210,0.00888108
5211,0.00890556
5212,0.00890556
5213,0.00887592
5214,0.00887592
5215,0.00887592
5216,0.00887592
5217,0.00887592
5218,0.00887592
5219,0.00887592
5220,0.00887592
5221,0.00887592
5222,0.00887592
5223,0.00887592
5224,0.00887592
5225,0.00887592
5226,0.00887592
5227,0.00887592
5228,0.00887592
5229,0.00890556
5230,0.00890556
5231,0.00890556
5232,0.00890556
5233,0.00890556
5234,0.00890556
5235,0.00890556
5236,0.00890556
5237,0.00890556
5238,0.00890556
5239,0.00890556
5240,0.00890556
5241,0.00890556
5242,0.00890556
5243,0.00890556
5244,0.00890556
5245,0.00890556
5246,0.00890556
5247,0.00890556
5248,0.00890556
5249,0.00890556
5250,0.00890556
5251,0.00890556
5252,0.00890556
5253,0.00890556
5254,0.00890556
5255,0.00890556
5256,0.00890556
5257,0.00890556
5258,0.00890556
5259,0.00890556
5260,0.00890556
5261,0.00890556
5262,0.00890556
5263,0.00890556
5264,0.00890556
5265,0.00890556
5266,0.00890556
5267,0.00890556
5268,0.00890556
5269,0.00890556
5270,0.00890556
5271,0.00890556
5272,0.00890556
5273,0.00890556
5274,0.00890556
5275,0.00890556
5276,0.00890556
5277,0.00890557
5278,0.00890557
5279,0.00890557
5280,0.00890557
5281,0.00890557
5282,0.00890557
5283,0.0089056
5284,0.0089056
5285,0.0089056
5286,0.0089056
5287,0.0089056
5288,0.0089056
5289,0.0089056
5290,0.00890581
5291,0.00892317
5292,0.00892317
5293,0.00892317
5294,0.00892317
5295,0.00892317
5296,0.00892317
5297,0.00892317
5298,0.00892317
5299,0.00892317
5300,0.00892317
5301,0.00909678
5302,0.00909678
5303,0.00892317
5304,0.00892317
5305,0.00892317
5306,0.00892317
5307,0.00892317
5308,0.00892317
5309,0.00892317
5310,0.00892355
5311,0.00892355
5312,0.00892355
5313,0.0091
5314,0.0091
5315,0.009
5316,0.00900002
5317,0.00900002
5318,0.00900002
5319,0.00900002
5320,0.00900002
5321,0.00900002
5322,0.00900002
5323,0.00900002
5324,0.00900002
5325,0.00900002
5326,0.00900002
5327,0.00900002
5328,0.00900002
5329,0.00900002
5330,0.00900002
5331,0.00900002
5332,0.00900002
5333,0.00900002
5334,0.00900002
5335,0.00900002
5336,0.00900002
5337,0.00900002
5338,0.00900002
5339,0.00900002
5340,0.00900002
5341,0.00900002
5342,0.00900002
5343,0.00900002
5344,0.00900002
5345,0.00900002
5346,0.00900002
5347,0.00900002
5348,0.00900002
5349,0.00900002
5350,0.00900002
5351,0.00900002
5352,0.00900002
5353,0.00900002
5354,0.00900002
5355,0.00900002
5356,0.00900002
5357,0.00900002
5358,0.00900002
5359,0.00900002
5360,0.00900002
5361,0.00900002
5362,0.00900002
5363,0.00900002
5364,0.00900002
5365,0.00900002
5366,0.00900002
5367,0.00900002
5368,0.00900002
5369,0.00900002
5370,0.00900002
5371,0.00900002
5372,0.00900002
5373,0.00909999
5374,0.00909999
5375,0.00909999
5376,0.00909999
5377,0.00909999
5378,0.00909999
5379,0.00909999
5380,0.00909999
5381,0.00909999
5382,0.00909999
5383,0.00909999
5384,0.00909999
5385,0.00909999
5386,0.00909999
5387,0.00909999
5388,0.00909999
5389,0.00909999
5390,0.00909999
5391,0.00909999
5392,0.00909999
5393,0.00909999
5394,0.0091
5395,0.0091
5396,0.0091
5397,0.0091
5398,0.0091
5399,0.0091
5400,0.0091
5401,0.0091
5402,0.0091
5403,0.0091
5404,0.0091
5405,0.0091
5406,0.0091
5407,0.0091
5408,0.00909999
5409,0.00909999
5410,0.00909999
5411,0.00909999
5412,0.00909999
5413,0.00909999
5414,0.00909999
5415,0.00909999
5416,0.00909999
5417,0.0091
5418,0.0091
5419,0.0091
5420,0.0091
5421,0.0091
5422,0.0091
5423,0.0091
5424,0.0091
5425,0.0091
5426,0.0091
5427,0.0091
5428,0.0091
5429,0.0091
5430,0.0091
5431,0.0091
5432,0.0091
5433,0.0091
5434,0.0091
5435,0.0091
5436,0.0091
5437,0.0089801
5438,0.0089801
5439,0.0089801
5440,0.0089801
5441,0.0089801
5442,0.0089801
5443,0.0089801
5444,0.0089801
5445,0.0089801
5446,0.00909999
5447,0.00909999
5448,0.00909999
5449,0.00909999
5450,0.00909999
5451,0.00909999
5452,0.00909999
5453,0.00909999
5454,0.00909999
5455,0.00909999
5456,0.00909999
5457,0.00909999
5458,0.00909999
5459,0.0091
5460,0.0091
5461,0.0091
5462,0.0091
5463,0.0091
5464,0.0091
5465,0.0091
5466,0.0091
5467,0.0091
5468,0.0091
5469,0.0091
5470,0.0091
5471,0.0091
5472,0.00909999
5473,0.0091
5474,0.0091
5475,0.0091
5476,0.0091
5477,0.0091
5478,0.0091
5479,0.0091
5480,0.0091
5481,0.00909999
5482,0.00909999
5483,0.00909999
5484,0.00909999
5485,0.00909999
5486,0.00909999
5487,0.00909999
5488,0.00909999
5489,0.00909999
5490,0.00909999
5491,0.00909999
5492,0.00909999
5493,0.00909999
5494,0.0091
5495,0.0091
5496,0.0091
5497,0.0091
5498,0.0091
5499,0.0091
5500,0.0091
5501,0.0091
5502,0.0091
5503,0.0091
5504,0.00913719
5505,0.00913719
5506,0.00913719
5507,0.00913719
5508,0.00913719
5509,0.00913719
5510,0.00913719
5511,0.00913719
5512,0.00913719
5513,0.00913719
5514,0.00913719
5515,0.00913719
5516,0.00913719
5517,0.00913719
5518,0.00913719
5519,0.00913719
5520,0.00913719
5521,0.00913719
5522,0.00913719
5523,0.00913719
5524,0.00913719
5525,0.00913719
5526,0.00913719
5527,0.00913719
5528,0.00913719
5529,0.00913719
5530,0.00913719
5531,0.00914142
5532,0.00914142
5533,0.00914142
5534,0.00914142
5535,0.00914142
5536,0.00914142
5537,0.00914142
5538,0.00914142
5539,0.00914142
5540,0.00914142
5541,0.0091372
5542,0.0091372
5543,0.0091372
5544,0.0091372
5545,0.0091372
5546,0.0091372
5547,0.0091372
5548,0.0091372
5549,0.00920378
5550,0.00920378
5551,0.00920378
5552,0.00920378
5553,0.00920378
5554,0.00920378
5555,0.00920378
5556,0.00920378
5557,0.00920378
5558,0.00920378
5559,0.00920378
5560,0.00920378
5561,0.00920378
5562,0.00920918
5563,0.00920918
5564,0.00920918
5565,0.00920918
5566,0.00920378
5567,0.00920378
5568,0.00920378
5569,0.00920378
5570,0.00920378
5571,0.00920378
5572,0.0091372
5573,0.0091372
5574,0.00921686
5575,0.00921686
5576,0.00921686
5577,0.00921686
5578,0.00921686
5579,0.00921686
5580,0.00921686
5581,0.00921686
5582,0.00921686
5583,0.00921686
5584,0.00921686
5585,0.00921686
5586,0.00921686
5587,0.00921686
5588,0.00921686
5589,0.00921686
5590,0.00921686
5591,0.00921686
5592,0.00921686
5593,0.00921686
5594,0.00921686
5595,0.00921686
5596,0.00921686
5597,0.00921686
5598,0.00921686
5599,0.00921686
5600,0.00921686
5601,0.00913721
5602,0.00913721
5603,0.00913721
5604,0.00913721
5605,0.00921792
5606,0.00921792
5607,0.00921792
5608,0.00921792
5609,0.00921792
5610,0.00921792
5611,0.00921792
5612,0.00921792
5613,0.00921792
5614,0.00921792
5615,0.00921792
5616,0.00921792
5617,0.00921792
5618,0.00921792
5619,0.00921792
5620,0.00921792
5621,0.00921792
5622,0.00921792
5623,0.00921792
5624,0.00921792
5625,0.00921792
5626,0.00921792
5627,0.00921792
5628,0.00921792
5629,0.00921792
5630,0.00921792
5631,0.00921792
5632,0.00921792
5633,0.00921792
5634,0.00921792
5635,0.00921792
5636,0.00921792
5637,0.00921792
5638,0.00921792
5639,0.00921792
5640,0.00921792
5641,0.00921792
5642,0.00921792
5643,0.00921792
5644,0.00921792
5645,0.00921792
5646,0.00921792
5647,0.00922642
5648,0.00922642
5649,0.00922642
5650,0.00922642
5651,0.00922642
5652,0.00922642
5653,0.00922642
5654,0.00922642
5655,0.00922642
5656,0.00922642
5657,0.00922642
5658,0.00922642
5659,0.00922642
5660,0.00922642
5661,0.00922642
5662,0.00922642
5663,0.00922642
5664,0.00922642
5665,0.00922642
5666,0.00922642
5667,0.00922642
5668,0.00922642
5669,0.00922642
5670,0.00921792
5671,0.00921792
5672,0.00921792
5673,0.00921792
5674,0.00921792
5675,0.00922642
5676,0.00922642
5677,0.00922642
5678,0.00922642
5679,0.00922642
5680,0.00922642
5681,0.00922642
5682,0.00922642
5683,0.00922642
5684,0.00922642
5685,0.00922642
5686,0.00922642
5687,0.00922642
5688,0.00922642
5689,0.00922642
5690,0.00922642
5691,0.00922642
5692,0.00922642
5693,0.00922683
5694,0.00922683
5695,0.00922683
5696,0.00922683
5697,0.00922683
5698,0.00922683
5699,0.00922683
5700,0.00922683
5701,0.00922738
5702,0.00922738
5703,0.00922738
5704,0.00922738
5705,0.00922738
5706,0.00922738
5707,0.00922684
5708,0.009448
5709,0.00923742
5710,0.00923742
5711,0.009448
5712,0.009448
5713,0.009448
5714,0.009448
5715,0.009448
5716,0.009448
5717,0.009448
5718,0.009448
5719,0.009448
5720,0.00936579
5721,0.00936579
5722,0.00936579
5723,0.00936579
5724,0.00936579
5725,0.00936579
5726,0.00936579
5727,0.00936579
5728,0.00936579
5729,0.00936579
5730,0.00936579
5731,0.00936579
5732,0.00936579
5733,0.00936601
5734,0.009366
5735,0.00936601
5736,0.00936601
5737,0.00936601
5738,0.00936601
5739,0.00936601
5740,0.00936601
5741,0.00936601
5742,0.00936601
5743,0.00936601
5744,0.00936601
5745,0.00936601
5746,0.00945939
5747,0.00945939
5748,0.009366
5749,0.0094594
5750,0.0094594
5751,0.0094594
5752,0.0094594
5753,0.0094594
5754,0.0094594
5755,0.0094594
5756,0.0094594
5757,0.0094594
5758,0.00945944
5759,0.00946
5760,0.00946
5761,0.00946
5762,0.00946
5763,0.00946
5764,0.00946
5765,0.00946
5766,0.00946
5767,0.00946
5768,0.00946
5769,0.00946
5770,0.00946
5771,0.00946
5772,0.00946
5773,0.00946
5774,0.00946
5775,0.00946
5776,0.00946
5777,0.00946
5778,0.00946
5779,0.00946
5780,0.00946
5781,0.00946
5782,0.00946
5783,0.00946
5784,0.00946
5785,0.00946
5786,0.00946
5787,0.00946
5788,0.00946
5789,0.00946
5790,0.00946
5791,0.00946
5792,0.00946
5793,0.00946
5794,0.00946
5795,0.00946
5796,0.00946
5797,0.009494
5798,0.009494
5799,0.009494
5800,0.009494
5801,0.009494
5802,0.009494
5803,0.009494
5804,0.009494
5805,0.009494
5806,0.009494
5807,0.009494
5808,0.009494
5809,0.009494
5810,0.009494
5811,0.009494
5812,0.009494
5813,0.009494
5814,0.009494
5815,0.009494
5816,0.009494
5817,0.009494
5818,0.009494
5819,0.009494
5820,0.009494
5821,0.009494
5822,0.009494
5823,0.009494
5824,0.009494
5825,0.009494
5826,0.009494
5827,0.009494
5828,0.009494
5829,0.009494
5830,0.009494
5831,0.009494
5832,0.009494
5833,0.009494
5834,0.009494
5835,0.009494
5836,0.009494
5837,0.009494
5838,0.009494
5839,0.009494
5840,0.009494
5841,0.009494
5842,0.00926743
5843,0.00926743
5844,0.00926743
5845,0.00926743
5846,0.00926743
5847,0.00926743
5848,0.00926743
5849,0.00926772
5850,0.00926772
5851,0.00926772
5852,0.00926772
5853,0.00926772
5854,0.00926772
5855,0.00929998
5856,0.0092677
5857,0.0092677
5858,0.00922642
5859,0.00922642
5860,0.00922642
5861,0.00922642
5862,0.00922642
5863,0.00922642
5864,0.00922642
5865,0.00922642
5866,0.00922642
5867,0.00922642
5868,0.00922642
5869,0.00922642
5870,0.00922642
5871,0.00922642
5872,0.00922642
5873,0.00929983
5874,0.00929983
5875,0.00929983
5876,0.00929983
5877,0.00929983
5878,0.00929983
5879,0.00929983
5880,0.00929983
5881,0.00929983
5882,0.00929983
5883,0.00929983
5884,0.00929983
5885,0.00929983
5886,0.00929983
5887,0.00929983
5888,0.00929968
5889,0.00929968
5890,0.00929968
5891,0.00929968
5892,0.00929968
5893,0.00929968
5894,0.00929968
5895,0.00929968
5896,0.00929968
5897,0.00929968
5898,0.00929968
5899,0.00929968
5900,0.00929968
5901,0.00929968
5902,0.00929968
5903,0.00929968
5904,0.00929968
5905,0.00929968
5906,0.00929968
5907,0.00929968
5908,0.00929968
5909,0.00929968
5910,0.00929968
5911,0.00929968
5912,0.00929968
5913,0.00929968
5914,0.00929968
5915,0.00929968
5916,0.00929968
5917,0.00929968
5918,0.00929968
5919,0.00929968
5920,0.00929968
5921,0.00929968
5922,0.00929968
5923,0.00929968
5924,0.00929968
5925,0.00929968
5926,0.00929968
5927,0.00929968
5928,0.00929968
5929,0.00929968
5930,0.00929968
5931,0.00929968
5932,0.00929968
5933,0.00929968
5934,0.00929968
5935,0.00929968
5936,0.00929968
5937,0.00929968
5938,0.00929968
5939,0.00929968
5940,0.00929968
5941,0.00929968
5942,0.00929968
5943,0.00929968
5944,0.00929906
5945,0.00929906
5946,0.00929906
5947,0.00929906
5948,0.00929906
5949,0.00929906
5950,0.00929906
5951,0.00929906
5952,0.00929906
5953,0.00929906
5954,0.00929894
5955,0.00929894
5956,0.00929894
5957,0.00929894
5958,0.00929894
5959,0.00929894
5960,0.00929894
5961,0.00929894
5962,0.00929894
5963,0.00929894
5964,0.00929894
5965,0.00929894
5966,0.00922642
5967,0.00922642
5968,0.00916906
5969,0.00916906
5970,0.00916906
5971,0.00916906
5972,0.00916912
5973,0.00916912
5974,0.00916912
5975,0.00916912
5976,0.00916912
5977,0.00916912
5978,0.00916912
5979,0.00916912
5980,0.0092987
5981,0.0092987
5982,0.0092987
5983,0.0092987
5984,0.0092987
5985,0.0092987
5986,0.0092987
5987,0.0092987
5988,0.0092987
5989,0.0092987
5990,0.0092987
5991,0.0092987
5992,0.0092987
5993,0.0092987
5994,0.0092987
5995,0.0092987
5996,0.0092987
5997,0.0092987
5998,0.0092987
5999,0.0092987
6000,0.0092987
6001,0.0092987
6002,0.0092987
6003,0.0092987
6004,0.0092987
6005,0.0092987
6006,0.0092987
6007,0.0092987
6008,0.0092987
6009,0.0092987
6010,0.0092987
6011,0.0092987
6012,0.0092987
6013,0.0092987
6014,0.0092987
6015,0.0092987
6016,0.0092987
6017,0.0092987
6018,0.0092987
6019,0.0092987
6020,0.0092987
6021,0.0092987
6022,0.0092987
6023,0.0092987
6024,0.0092987
6025,0.0092987
6026,0.0092987
6027,0.0092987
6028,0.0092987
6029,0.0092987
6030,0.0092987
6031,0.0092987
6032,0.0092987
6033,0.0092987
6034,0.0092987
6035,0.0092987
6036,0.0092987
6037,0.0092987
6038,0.0092987
6039,0.0092987
6040,0.0092987
6041,0.0092987
6042,0.0092987
6043,0.00929809
6044,0.00929809
6045,0.00959999
6046,0.00959999
6047,0.00959999
6048,0.00917058
6049,0.00917058
6050,0.00917058
6051,0.00917058
6052,0.00917058
6053,0.00917058
6054,0.00917058
6055,0.00917058
6056,0.00917058
6057,0.00917058
6058,0.00917058
6059,0.00917058
6060,0.00917058
6061,0.00917058
6062,0.00917058
6063,0.00917058
6064,0.00917058
6065,0.00917058
6066,0.00917058
6067,0.00917058
6068,0.00917058
6069,0.00917058
6070,0.00917058
6071,0.00917058
6072,0.00917058
6073,0.00917058
6074,0.00917058
6075,0.00917058
6076,0.00917058
6077,0.00917058
6078,0.00917058
6079,0.00917058
6080,0.00917058
6081,0.00917058
6082,0.00917058
6083,0.00917058
6084,0.00921471
6085,0.00921471
6086,0.00921471
6087,0.00921471
6088,0.00921471
6089,0.00921471
6090,0.00921471
6091,0.00921471
6092,0.00921471
6093,0.00921471
6094,0.00921471
6095,0.00921471
6096,0.00921471
6097,0.00921471
6098,0.00921471
6099,0.00921471
6100,0.00921471
6101,0.00921471
6102,0.00921471
6103,0.00921471
6104,0.00921471
6105,0.00921471
6106,0.00921471
6107,0.00921471
6108,0.00921599
6109,0.00921599
6110,0.00921599
6111,0.00921599
6112,0.00921599
6113,0.00921599
6114,0.00955938
6115,0.00955938
6116,0.00955938
6117,0.00955938
6118,0.00955938
6119,0.00955938
6120,0.00955938
6121,0.00955938
6122,0.00955938
6123,0.00955938
6124,0.00955938
6125,0.00955938
6126,0.00955938
6127,0.00955938
6128,0.00955938
6129,0.00955938
6130,0.00955938
6131,0.00955938
6132,0.00955938
6133,0.00955938
6134,0.00955938
6135,0.00955938
6136,0.00955938
6137,0.00955938
6138,0.00955938
6139,0.00926478
6140,0.00926478
6141,0.00926478
6142,0.00926478
6143,0.00926478
6144,0.00926478
6145,0.00926478
6146,0.00926478
6147,0.00926478
6148,0.00926478
6149,0.00926478
6150,0.00926478
6151,0.00926478
6152,0.00926478
6153,0.00926478
6154,0.00926478
6155,0.00926478
6156,0.00926478
6157,0.00926478
6158,0.00926478
6159,0.00926478
6160,0.00926478
6161,0.00926478
6162,0.00926478
6163,0.00926621
6164,0.00926621
6165,0.00926621
6166,0.00926621
6167,0.00926621
6168,0.00926621
6169,0.00926621
6170,0.00926621
6171,0.00926621
6172,0.00926621
6173,0.00926621
6174,0.00926621
6175,0.00926621
6176,0.00926621
6177,0.00926621
6178,0.00926621
6179,0.00926621
6180,0.00926621
6181,0.00926621
6182,0.00926621
6183,0.00926621
6184,0.00926621
6185,0.00926621
6186,0.00926621
6187,0.00926692
6188,0.00926692
6189,0.00926692
6190,0.00926692
6191,0.00926692
6192,0.00926692
6193,0.00926692
6194,0.00926692
6195,0.00926692
6196,0.00926692
6197,0.00926692
6198,0.00926692
6199,0.00926692
6200,0.00926692
6201,0.00926692
6202,0.00926692
6203,0.00926692
6204,0.00926692
6205,0.00926692
6206,0.00926692
6207,0.00926692
6208,0.00926692
6209,0.00926692
6210,0.00926692
6211,0.00926692
6212,0.00926692
6213,0.00926692
6214,0.00945576
6215,0.00945576
6216,0.00945576
6217,0.00945576
6218,0.00945576
6219,0.00945576
6220,0.00945576
6221,0.00945576
6222,0.00945576
6223,0.00945576
6224,0.00945576
6225,0.00945576
6226,0.00945576
6227,0.00945576
6228,0.00945576
6229,0.00945576
6230,0.00945576
6231,0.00945576
6232,0.00945576
6233,0.00945576
6234,0.00945576
6235,0.00945576
6236,0.00945532
6237,0.00945532
6238,0.00945532
6239,0.00945532
6240,0.00945532
6241,0.00945532
6242,0.00945532
6243,0.00945532
6244,0.00945532
6245,0.00945518
6246,0.00945518
6247,0.00945518
6248,0.00945518
6249,0.00945518
6250,0.00945518
6251,0.00945518
6252,0.00945518
6253,0.00945518
6254,0.00945518
6255,0.00945518
6256,0.00930077
6257,0.00930077
6258,0.00930077
6259,0.00930077
6260,0.00930077
6261,0.00930077
6262,0.00930077
6263,0.00930077
6264,0.00930077
6265,0.00930077
6266,0.00930077
6267,0.00930077
6268,0.00930077
6269,0.00930077
6270,0.00930077
6271,0.00930077
6272,0.00930077
6273,0.00930077
