0,0.00802711
1,0.00802711
2,0.00810736
3,0.00810736
4,0.00810736
5,0.00810736
6,0.00810736
7,0.00810736
8,0.00810736
9,0.00810736
10,0.00810737
11,0.00810737
12,0.00810737
13,0.00810737
14,0.00810737
15,0.00810737
16,0.00810737
17,0.00810737
18,0.00810737
19,0.00810737
20,0.00810737
21,0.00810737
22,0.00810737
23,0.00810737
24,0.00810737
25,0.0080271
26,0.0080271
27,0.00810736
28,0.00810736
29,0.00810736
30,0.00810737
31,0.00810737
32,0.00810737
33,0.00810737
34,0.00810737
35,0.00810737
36,0.00810737
37,0.00802711
38,0.00810737
39,0.00810737
40,0.00802711
41,0.00802711
42,0.00810736
43,0.00806682
44,0.00810737
45,0.00810737
46,0.00810737
47,0.00810737
48,0.00810737
49,0.00810737
50,0.00810737
51,0.00810737
52,0.00810737
53,0.00806682
54,0.008105
55,0.008105
56,0.008105
57,0.008105
58,0.008105
59,0.008105
60,0.008105
61,0.008105
62,0.008105
63,0.008105
64,0.008105
65,0.008105
66,0.008105
67,0.008105
68,0.008105
69,0.0080271
70,0.0080271
71,0.00802709
72,0.00802709
73,0.00802709
74,0.00810499
75,0.00810499
76,0.00810497
77,0.00810497
78,0.00810496
79,0.00810495
80,0.00810495
81,0.00810495
82,0.00810495
83,0.00810495
84,0.00810495
85,0.00810495
86,0.00810495
87,0.00810495
88,0.00810495
89,0.00810495
90,0.00801053
91,0.00801053
92,0.00810737
93,0.00810737
94,0.00810737
95,0.00810737
96,0.00810737
97,0.00810737
98,0.00810737
99,0.00810737
100,0.00810737
101,0.00810737
102,0.00810737
103,0.00810737
104,0.00810737
105,0.00810737
106,0.00810737
107,0.00810737
108,0.00810737
109,0.00810737
110,0.00810737
111,0.00810737
112,0.00810737
113,0.00810737
114,0.00810736
115,0.00810736
116,0.00810736
117,0.00810736
118,0.00810737
119,0.00810737
120,0.00810736
121,0.00810736
122,0.00801161
123,0.00801163
124,0.00801163
125,0.00810734
126,0.00810734
127,0.00810734
128,0.00801185
129,0.00801185
130,0.00810735
131,0.00810735
132,0.00810735
133,0.00810735
134,0.00810735
135,0.00810735
136,0.00810734
137,0.00809778
138,0.00809777
139,0.00809778
140,0.0080978
141,0.0080978
142,0.0080978
143,0.0080978
144,0.0080978
145,0.0080978
146,0.0080978
147,0.0080978
148,0.0080978
149,0.0080978
150,0.0080978
151,0.0080978
152,0.0080978
153,0.0080978
154,0.0080978
155,0.0080978
156,0.0080978
157,0.00801273
158,0.0080127
159,0.0080127
160,0.0080127
161,0.0080127
162,0.0080127
163,0.0080127
164,0.0080127
165,0.0080127
166,0.0080127
167,0.0080127
168,0.0080127
169,0.0080127
170,0.0080127
171,0.0080127
172,0.0080127
173,0.0080127
174,0.0080127
175,0.0080127
176,0.0080127
177,0.0080127
178,0.0080127
179,0.0080127
180,0.0080127
181,0.0080127
182,0.0080127
183,0.0080127
184,0.0080127
185,0.00809777
186,0.00809776
187,0.00809776
188,0.00809776
189,0.00809776
190,0.00809776
191,0.00809776
192,0.00809776
193,0.00809776
194,0.00809776
195,0.00809764
196,0.00809764
197,0.00809764
198,0.00809764
199,0.0080978
200,0.0080978
201,0.0080978
202,0.0080978
203,0.0080978
204,0.0080978
205,0.0080978
206,0.0080978
207,0.0080978
208,0.0080978
209,0.0080978
210,0.0080978
211,0.00808954
212,0.00808952
213,0.00808952
214,0.00807334
215,0.00807334
216,0.00807334
217,0.00807334
218,0.00807334
219,0.00801042
220,0.00801042
221,0.00801042
222,0.00801042
223,0.00801042
224,0.00801042
225,0.00801042
226,0.00801042
227,0.00807333
228,0.00807333
229,0.00807333
230,0.00807333
231,0.00807333
232,0.00807333
233,0.00807333
234,0.00805005
235,0.00805005
236,0.00805005
237,0.00805005
238,0.00805005
239,0.00805005
240,0.00805005
241,0.00805005
242,0.00805005
243,0.00805005
244,0.00805005
245,0.00805005
246,0.00805005
247,0.00805005
248,0.00805005
249,0.00805005
250,0.00801042
251,0.00801042
252,0.00801042
253,0.00797845
254,0.00794762
255,0.00794762
256,0.00805005
257,0.00805005
258,0.00805005
259,0.00804107
260,0.00804107
261,0.00804107
262,0.00804107
263,0.00804107
264,0.00804107
265,0.00804107
266,0.00804107
267,0.00804107
268,0.00804105
269,0.00804104
270,0.00804104
271,0.00804104
272,0.00804104
273,0.00804104
274,0.00804102
275,0.00804102
276,0.00804101
277,0.00804101
278,0.00804096
279,0.00804096
280,0.00804095
281,0.00804094
282,0.00804094
283,0.008
284,0.008
285,0.00799999
286,0.00805005
287,0.00794764
288,0.00805004
289,0.00805004
290,0.00805004
291,0.00805004
292,0.00805004
293,0.00805004
294,0.00805004
295,0.00805003
296,0.00805002
297,0.00805002
298,0.00805004
299,0.00805003
300,0.00805003
301,0.00805004
302,0.00805002
303,0.00805002
304,0.00805004
305,0.00805004
306,0.00805004
307,0.00805004
308,0.00805004
309,0.00805003
310,0.00805004
311,0.00805004
312,0.00805004
313,0.00805004
314,0.00805003
315,0.00805002
316,0.00805002
317,0.00805003
318,0.00805004
319,0.00805004
320,0.00805004
321,0.00805003
322,0.00805003
323,0.00805003
324,0.00805003
325,0.00805004
326,0.00805004
327,0.00805004
328,0.00805004
329,0.00805004
330,0.00805004
331,0.00805004
332,0.00805004
333,0.00794812
334,0.00794812
335,0.00794812
336,0.00794812
337,0.00794812
338,0.00794812
339,0.00794812
340,0.00794844
341,0.00794844
342,0.00794844
343,0.00794844
344,0.00794844
345,0.00794844
346,0.00804994
347,0.00804994
348,0.00794879
349,0.00794879
350,0.00794879
351,0.00794879
352,0.00804986
353,0.00804986
354,0.00804986
355,0.00804986
356,0.00804986
357,0.00804986
358,0.00804986
359,0.00804986
360,0.00804986
361,0.00804969
362,0.00804969
363,0.00804969
364,0.00794949
365,0.00794949
366,0.00794953
367,0.00794954
368,0.00794954
369,0.00794954
370,0.00804468
371,0.00804468
372,0.00804468
373,0.00804468
374,0.00804468
375,0.00804468
376,0.00804468
377,0.00804468
378,0.00795
379,0.00795
380,0.00795
381,0.00795
382,0.00795
383,0.00795
384,0.00795001
385,0.00795001
386,0.00795003
387,0.00795003
388,0.00795003
389,0.00795003
390,0.00795003
391,0.00795003
392,0.00795003
393,0.00795003
394,0.00795003
395,0.00795003
396,0.00795003
397,0.00795003
398,0.00795003
399,0.00796113
400,0.00796113
401,0.00796113
402,0.00796113
403,0.00796113
404,0.00796113
405,0.00796113
406,0.00796113
407,0.00796113
408,0.00796113
409,0.00796113
410,0.00796113
411,0.00796113
412,0.00796113
413,0.00796113
414,0.00804322
415,0.00804322
416,0.00804322
417,0.00804322
418,0.00796278
419,0.00805005
420,0.00805005
421,0.00805005
422,0.00805005
423,0.00805005
424,0.00805005
425,0.00805005
426,0.00805005
427,0.00805005
428,0.00805005
429,0.00805005
430,0.00805005
431,0.00805005
432,0.00805005
433,0.00805005
434,0.00805005
435,0.00805005
436,0.00805005
437,0.00805005
438,0.00805005
439,0.00805005
440,0.00805005
441,0.00805005
442,0.0080533
443,0.0080533
444,0.0080533
445,0.0080533
446,0.008054
447,0.008054
448,0.008054
449,0.008054
450,0.008054
451,0.008054
452,0.008054
453,0.008054
454,0.008054
455,0.008054
456,0.008054
457,0.008054
458,0.008054
459,0.008054
460,0.008054
461,0.008054
462,0.008
463,0.008
464,0.00800001
465,0.00800001
466,0.00800001
467,0.00800001
468,0.00800001
469,0.00800001
470,0.00800001
471,0.008
472,0.008
473,0.008
474,0.008
475,0.008
476,0.008
477,0.008
478,0.008
479,0.008
480,0.00799998
481,0.00799998
482,0.00799998
483,0.00799998
484,0.00799772
485,0.00799772
486,0.00799772
487,0.00799772
488,0.00799772
489,0.008
490,0.008
491,0.008
492,0.008
493,0.008
494,0.008
495,0.008
496,0.008
497,0.008
498,0.008
499,0.008
500,0.008
501,0.008
502,0.008
503,0.008
504,0.008
505,0.008
506,0.008
507,0.008
508,0.008
509,0.008
510,0.008
511,0.00800004
512,0.00800004
513,0.00800004
514,0.00800004
515,0.00800004
516,0.00800004
517,0.00800004
518,0.00800004
519,0.00800004
520,0.00800004
521,0.00800004
522,0.00800004
523,0.00800004
524,0.00800004
525,0.00800004
526,0.00800004
527,0.00800004
528,0.00800004
529,0.00800006
530,0.00800006
531,0.00800006
532,0.00800006
533,0.00800006
534,0.00800006
535,0.00800006
536,0.00800006
537,0.00800006
538,0.00800006
539,0.00800006
540,0.00800006
541,0.00800006
542,0.00800006
543,0.00800006
544,0.00800006
545,0.00800006
546,0.00800006
547,0.00800006
548,0.00800006
549,0.00800006
550,0.00800006
551,0.00800006
552,0.0080001
553,0.0080001
554,0.0080001
555,0.0080001
556,0.0080001
557,0.0080001
558,0.0080001
559,0.0080001
560,0.0080001
561,0.0080001
562,0.00800011
563,0.008
564,0.008
565,0.008
566,0.008
567,0.008
568,0.008
569,0.008
570,0.008
571,0.008
572,0.008
573,0.008
574,0.008
575,0.008
576,0.008
577,0.008
578,0.008
579,0.008
580,0.008
581,0.008
582,0.008
583,0.008
584,0.008
585,0.008
586,0.008
587,0.008
588,0.00800009
589,0.00800009
590,0.00800009
591,0.00800009
592,0.00800009
593,0.00800009
594,0.00800009
595,0.00800009
596,0.00800009
597,0.008
598,0.008
599,0.00800009
600,0.008
601,0.008
602,0.008
603,0.008
604,0.008
605,0.00800009
606,0.00800009
607,0.00800009
608,0.00800009
609,0.00800009
610,0.00800009
611,0.00800009
612,0.00800009
613,0.00800009
614,0.00800009
615,0.00800009
616,0.00795001
617,0.00795001
618,0.00804727
619,0.00804727
620,0.00804727
621,0.00804727
622,0.00804727
623,0.00804727
624,0.00804727
625,0.00804727
626,0.00804727
627,0.00804727
628,0.00804727
629,0.00804727
630,0.00804727
631,0.00804727
632,0.00804727
633,0.00804727
634,0.00804727
635,0.00804727
636,0.00804727
637,0.00804727
638,0.00804727
639,0.00802699
640,0.00802699
641,0.00802699
642,0.00802699
643,0.00802699
644,0.00802699
645,0.00802699
646,0.00802699
647,0.00802699
648,0.00802699
649,0.00802699
650,0.00802699
651,0.00802699
652,0.00802699
653,0.00802699
654,0.00802699
655,0.00802699
656,0.00802699
657,0.00802699
658,0.00802699
659,0.00802699
660,0.00795739
661,0.00795739
662,0.00795739
663,0.00795739
664,0.00795739
665,0.00795739
666,0.00795739
667,0.00795739
668,0.00795739
669,0.00795739
670,0.00799207
671,0.00799207
672,0.00799207
673,0.00799207
674,0.00799207
675,0.00799207
676,0.00799207
677,0.00799207
678,0.00799207
679,0.00799207
680,0.00799207
681,0.00799207
682,0.00799207
683,0.00799207
684,0.00795766
685,0.00795766
686,0.00795766
687,0.00795766
688,0.00795766
689,0.00795
690,0.00795
691,0.00795
692,0.00795
693,0.00795
694,0.00795
695,0.00795
696,0.00795
697,0.00795
698,0.00795
699,0.00795
700,0.00795
701,0.00795
702,0.00795
703,0.00795
704,0.00795
705,0.00795
706,0.00795
707,0.00795
708,0.00795
709,0.00795372
710,0.00795372
711,0.00795372
712,0.00795372
713,0.00795005
714,0.00795005
715,0.00795005
716,0.00795005
717,0.00795005
718,0.00795005
719,0.00795005
720,0.00795005
721,0.00795005
722,0.00795005
723,0.00795005
724,0.00795017
725,0.00795017
726,0.00795017
727,0.00795017
728,0.00795017
729,0.00795017
730,0.00795017
731,0.00795002
732,0.00795002
733,0.00795002
734,0.00795002
735,0.00795002
736,0.00795002
737,0.00795002
738,0.00795002
739,0.00795002
740,0.00795002
741,0.00795002
742,0.00795002
743,0.00795002
744,0.00795002
745,0.00795002
746,0.00795002
747,0.00795002
748,0.00795002
749,0.00795002
750,0.00795002
751,0.00795002
752,0.00795002
753,0.00795002
754,0.00795002
755,0.00795002
756,0.00795002
757,0.00795002
758,0.00795002
759,0.00795
760,0.00795
761,0.00795
762,0.00795014
763,0.00795014
764,0.00795014
765,0.00795
766,0.00795
767,0.00795
768,0.00795
769,0.00795
770,0.00795
771,0.00795
772,0.00795
773,0.00795
774,0.00795
775,0.00795
776,0.00795
777,0.00795
778,0.00795
779,0.00795
780,0.00795
781,0.00795
782,0.00795
783,0.00795
784,0.00795
785,0.00795
786,0.00795014
787,0.00795014
788,0.00795014
789,0.00795014
790,0.00795014
791,0.00795014
792,0.00795014
793,0.00795014
794,0.00795014
795,0.00795015
796,0.00795015
797,0.00795015
798,0.00795015
799,0.00795015
800,0.00795015
801,0.00795015
802,0.00795015
803,0.00795015
804,0.00795014
805,0.00795014
806,0.00795016
807,0.00795016
808,0.00795016
809,0.00795016
810,0.00795016
811,0.00795016
812,0.00795016
813,0.00795016
814,0.00802366
815,0.00802366
816,0.00802366
817,0.00802366
818,0.00802366
819,0.00795008
820,0.00795008
821,0.0079501
822,0.0079501
823,0.0079501
824,0.0079501
825,0.0079501
826,0.0079501
827,0.0079501
828,0.0079501
829,0.0079501
830,0.00804663
831,0.00795042
832,0.00795042
833,0.00795042
834,0.00795042
835,0.00795042
836,0.00795042
837,0.00795042
838,0.00795042
839,0.00795079
840,0.00795079
841,0.00795079
842,0.00795079
843,0.00795079
844,0.00795079
845,0.00795079
846,0.00795079
847,0.00795079
848,0.00803315
849,0.00795113
850,0.00795113
851,0.00795113
852,0.00795113
853,0.00795113
854,0.00795113
855,0.00795
856,0.00795
857,0.00795
858,0.00803994
859,0.00803994
860,0.00803994
861,0.00803994
862,0.00803994
863,0.00803994
864,0.00803994
865,0.00803994
866,0.00803994
867,0.00803994
868,0.00803994
869,0.00803994
870,0.00803994
871,0.00803994
872,0.00803659
873,0.00803659
874,0.00800839
875,0.00800839
876,0.00800839
877,0.00800839
878,0.00800839
879,0.00800839
880,0.00800839
881,0.00799999
882,0.00799999
883,0.00799999
884,0.00796062
885,0.00796062
886,0.00796062
887,0.00796062
888,0.00799998
889,0.00799998
890,0.00799998
891,0.00799998
892,0.00799998
893,0.00799998
894,0.00799998
895,0.00805
896,0.00805
897,0.00805
898,0.00805
899,0.00805
900,0.00805
901,0.00805
902,0.00805
903,0.00805
904,0.00795002
905,0.00795002
906,0.00802323
907,0.00802323
908,0.00802323
909,0.00802323
910,0.00802323
911,0.00802323
912,0.00802323
913,0.00802323
914,0.00802323
915,0.00802323
916,0.00802323
917,0.00802323
918,0.00802323
919,0.00802323
920,0.00802323
921,0.00802323
922,0.00802323
923,0.00802323
924,0.00802323
925,0.00804999
926,0.00804999
927,0.00804999
928,0.00804999
929,0.00804999
930,0.00804999
931,0.00804999
932,0.00804999
933,0.00804999
934,0.00804999
935,0.00804999
936,0.00795
937,0.00795
938,0.00795
939,0.00795
940,0.00795007
941,0.00795007
942,0.00795007
943,0.00795007
944,0.00795007
945,0.00795007
946,0.00795017
947,0.00795017
948,0.00795017
949,0.00795017
950,0.00795017
951,0.00795017
952,0.00795017
953,0.00795017
954,0.00795017
955,0.00795017
956,0.00795017
957,0.00795017
958,0.00795017
959,0.0079504
960,0.0079504
961,0.0079504
962,0.0079504
963,0.0079504
964,0.0079504
965,0.0079504
966,0.0079504
967,0.0079504
968,0.0079504
969,0.0079504
970,0.0079504
971,0.0079504
972,0.0079504
973,0.0079504
974,0.00795062
975,0.00795
976,0.0079506
977,0.0079506
978,0.0079506
979,0.0079506
980,0.0079506
981,0.0079506
982,0.0079506
983,0.0079506
984,0.0079506
985,0.0079506
986,0.0079506
987,0.0079506
988,0.0079506
989,0.0079506
990,0.0079506
991,0.00795
992,0.00795
993,0.0079506
994,0.0079506
995,0.0079506
996,0.0079506
997,0.0079506
998,0.0079506
999,0.0079506
1000,0.00795
1001,0.00795
1002,0.00795
1003,0.00795
1004,0.00795
1005,0.00795
1006,0.00795
1007,0.00795
1008,0.00795
1009,0.00795
1010,0.00795
1011,0.00795
1012,0.00795
1013,0.00795
1014,0.00795
1015,0.00795
1016,0.00795
1017,0.00795
1018,0.00795
1019,0.00795
1020,0.00795
1021,0.00795
1022,0.00795
1023,0.00795
1024,0.00795
1025,0.00795
1026,0.00795
1027,0.00795
1028,0.00795
1029,0.00795
1030,0.0079506
1031,0.0079506
1032,0.0079506
1033,0.0079506
1034,0.0079506
1035,0.0079506
1036,0.0079506
1037,0.0079506
1038,0.0079506
1039,0.00795059
1040,0.00795059
1041,0.00795059
1042,0.00795059
1043,0.00795059
1044,0.00795059
1045,0.0079506
1046,0.0079506
1047,0.0079506
1048,0.00795059
1049,0.00795059
1050,0.00795059
1051,0.00795059
1052,0.00795059
1053,0.00795059
1054,0.00795059
1055,0.00795059
1056,0.00795059
1057,0.00795059
1058,0.00795059
1059,0.00795059
1060,0.00795059
1061,0.00795059
1062,0.00795059
1063,0.00795059
1064,0.00795059
1065,0.00795059
1066,0.00795059
1067,0.00795059
1068,0.00795059
1069,0.00795059
1070,0.00795059
1071,0.00795059
1072,0.00795059
1073,0.00795059
1074,0.00795059
1075,0.00795059
1076,0.00795059
1077,0.00795059
1078,0.00795059
1079,0.00795059
1080,0.00795059
1081,0.00795059
1082,0.0079506
1083,0.00795001
1084,0.00795001
1085,0.00795
1086,0.0079506
1087,0.0079506
1088,0.0079506
1089,0.0079506
1090,0.0079506
1091,0.0079506
1092,0.0079506
1093,0.0079506
1094,0.00795001
1095,0.00795001
1096,0.00795
1097,0.00795
1098,0.00795
1099,0.00795
1100,0.00795
1101,0.00795
1102,0.00795
1103,0.00804166
1104,0.00804165
1105,0.00805836
1106,0.00805837
1107,0.00805837
1108,0.00805837
1109,0.00805837
1110,0.00805837
1111,0.00805837
1112,0.00805837
1113,0.00805837
1114,0.00805837
1115,0.00805837
1116,0.00805837
1117,0.00805837
1118,0.00805836
1119,0.00805836
1120,0.00805836
1121,0.00805836
1122,0.00805836
1123,0.00805836
1124,0.00805836
1125,0.00805836
1126,0.00805836
1127,0.00805836
1128,0.00805836
1129,0.00805836
1130,0.00805836
1131,0.00805836
1132,0.00805836
1133,0.00805836
1134,0.00805836
1135,0.00805837
1136,0.00805836
1137,0.00805838
1138,0.00805838
1139,0.00805838
1140,0.00805838
1141,0.00805838
1142,0.00805838
1143,0.00805838
1144,0.00805838
1145,0.00805838
1146,0.00805838
1147,0.00805838
1148,0.00805838
1149,0.00805838
1150,0.00805838
1151,0.00805838
1152,0.00805838
1153,0.00796028
1154,0.00796028
1155,0.00796028
1156,0.00796028
1157,0.00796028
1158,0.00796028
1159,0.00796028
1160,0.00796028
1161,0.00796028
1162,0.00796028
1163,0.00796028
1164,0.00805194
1165,0.00805194
1166,0.00805194
1167,0.00796119
1168,0.00796119
1169,0.00796119
1170,0.00796119
1171,0.00796119
1172,0.00796119
1173,0.00796119
1174,0.00796119
1175,0.00796119
1176,0.00796119
1177,0.00796218
1178,0.00796218
1179,0.00796218
1180,0.00796218
1181,0.00796218
1182,0.00797661
1183,0.00797661
1184,0.00797661
1185,0.00797661
1186,0.00797661
1187,0.00797661
1188,0.00797661
1189,0.00802303
1190,0.00802304
1191,0.00797661
1192,0.00797661
1193,0.00797661
1194,0.00797661
1195,0.00797661
1196,0.00797661
1197,0.00797661
1198,0.00797661
1199,0.00797661
1200,0.00797214
1201,0.00805756
1202,0.00805756
1203,0.00805756
1204,0.00805756
1205,0.0080698
1206,0.0080698
1207,0.0080698
1208,0.0080698
1209,0.0080698
1210,0.0080698
1211,0.0080698
1212,0.0080698
1213,0.00795353
1214,0.00795353
1215,0.00795353
1216,0.00805927
1217,0.00805927
1218,0.00805927
1219,0.00805927
1220,0.00805927
1221,0.00795372
1222,0.00795372
1223,0.00795372
1224,0.00795372
1225,0.00795372
1226,0.00795372
1227,0.00795372
1228,0.00795372
1229,0.00795372
1230,0.00795372
1231,0.00795397
1232,0.00795397
1233,0.00795397
1234,0.00795397
1235,0.00795397
1236,0.00795397
1237,0.00795397
1238,0.00795397
1239,0.00795397
1240,0.00795416
1241,0.00795416
1242,0.00795416
1243,0.00795416
1244,0.00795416
1245,0.00795416
1246,0.00795416
1247,0.00795416
1248,0.00795416
1249,0.00795416
1250,0.00795445
1251,0.00795445
1252,0.00795445
1253,0.00795445
1254,0.00795445
1255,0.00795445
1256,0.00795445
1257,0.00795464
1258,0.00795464
1259,0.00795464
1260,0.00795464
1261,0.00799737
1262,0.00799737
1263,0.00799738
1264,0.00805926
1265,0.00805926
1266,0.00805926
1267,0.00799737
1268,0.00799737
1269,0.00799737
1270,0.00799737
1271,0.00799737
1272,0.00799737
1273,0.00799737
1274,0.00806494
1275,0.00806494
1276,0.00806494
1277,0.00806494
1278,0.00806494
1279,0.00806494
1280,0.00806494
1281,0.00806494
1282,0.00803846
1283,0.00803846
1284,0.00803847
1285,0.00803847
1286,0.00803847
1287,0.00803847
1288,0.00803847
1289,0.00803847
1290,0.00803847
1291,0.00803847
1292,0.00803847
1293,0.00803847
1294,0.00803847
1295,0.00803847
1296,0.00803847
1297,0.00803847
1298,0.00803847
1299,0.00813822
1300,0.00813822
1301,0.00813822
1302,0.00813822
1303,0.00813822
1304,0.00813822
1305,0.00813822
1306,0.00813822
1307,0.00813822
1308,0.00813822
1309,0.00813822
1310,0.00813822
1311,0.00813822
1312,0.00802709
1313,0.00802709
1314,0.00802709
1315,0.00802709
1316,0.00802709
1317,0.00802709
1318,0.00802709
1319,0.00802709
1320,0.00802709
1321,0.00802709
1322,0.00802709
1323,0.00802709
1324,0.00802709
1325,0.00802709
1326,0.00802709
1327,0.00802709
1328,0.00802709
1329,0.00802709
1330,0.00802709
1331,0.00802709
1332,0.00802709
1333,0.00802709
1334,0.00802709
1335,0.00802709
1336,0.00802709
1337,0.00802709
1338,0.00802709
1339,0.00802709
1340,0.00802709
1341,0.00802709
1342,0.00802709
1343,0.00802709
1344,0.00802709
1345,0.00802709
1346,0.00807646
1347,0.00807646
1348,0.00807646
1349,0.00807646
1350,0.00807646
1351,0.00807646
1352,0.00807646
1353,0.00807646
1354,0.00807646
1355,0.00807646
1356,0.00807646
1357,0.00802709
1358,0.00802709
1359,0.00802709
1360,0.00802709
1361,0.00802709
1362,0.00802709
1363,0.00802709
1364,0.00802709
1365,0.00802709
1366,0.00802709
1367,0.00802709
1368,0.00802709
1369,0.00802709
1370,0.00802709
1371,0.00802709
1372,0.00802709
1373,0.00802709
1374,0.00802709
1375,0.00802709
1376,0.00802709
1377,0.00802709
1378,0.00802709
1379,0.00802709
1380,0.00802709
1381,0.00807678
1382,0.00807678
1383,0.00807678
1384,0.00807678
1385,0.00807678
1386,0.00807678
1387,0.00807678
1388,0.00807678
1389,0.00807678
1390,0.00807679
1391,0.00807679
1392,0.00807679
1393,0.00807679
1394,0.00807679
1395,0.00807679
1396,0.00807679
1397,0.00807679
1398,0.00802709
1399,0.00810736
1400,0.00810736
1401,0.00810736
1402,0.00810736
1403,0.00810736
1404,0.00810716
1405,0.00811148
1406,0.00811148
1407,0.00811148
1408,0.00811148
1409,0.00811148
1410,0.00802709
1411,0.00802709
1412,0.00802709
1413,0.00802709
1414,0.00802709
1415,0.00802709
1416,0.00802709
1417,0.00802709
1418,0.00797127
1419,0.00797127
1420,0.00797127
1421,0.00797127
1422,0.00797127
1423,0.00797127
1424,0.00797127
1425,0.00797127
1426,0.00797127
1427,0.00797127
1428,0.00797127
1429,0.00797127
1430,0.00797127
1431,0.00797127
1432,0.00797127
1433,0.00797127
1434,0.00797411
1435,0.00797411
1436,0.00809986
1437,0.00809986
1438,0.00809986
1439,0.00809986
1440,0.00809984
1441,0.00809984
1442,0.00809984
1443,0.00809976
1444,0.00809976
1445,0.00809976
1446,0.00809976
1447,0.00809976
1448,0.00809976
1449,0.00809976
1450,0.00797553
1451,0.00797553
1452,0.00797553
1453,0.0079756
1454,0.0079756
1455,0.0079756
1456,0.0079756
1457,0.0079756
1458,0.00797567
1459,0.00797567
1460,0.00797567
1461,0.00797567
1462,0.00797567
1463,0.00797567
1464,0.00797567
1465,0.00797567
1466,0.00797567
1467,0.00797567
1468,0.00797567
1469,0.00797567
1470,0.00797567
1471,0.00797567
1472,0.00797567
1473,0.00797567
1474,0.00797567
1475,0.00797567
1476,0.00797567
1477,0.00797567
1478,0.00797567
1479,0.00797567
1480,0.00797587
1481,0.00797587
1482,0.00797587
1483,0.00797587
1484,0.00797587
1485,0.00797587
1486,0.00797587
1487,0.00797587
1488,0.00797587
1489,0.00797587
1490,0.00797587
1491,0.00797587
1492,0.00797571
1493,0.00797571
1494,0.00797571
1495,0.00799999
1496,0.00799999
1497,0.00799999
1498,0.00799999
1499,0.00799999
1500,0.00799999
1501,0.00796996
1502,0.00796996
1503,0.00796996
1504,0.00796997
1505,0.00799999
1506,0.00799999
1507,0.00799999
1508,0.00799999
1509,0.00799999
1510,0.00797
1511,0.00797
1512,0.00797
1513,0.00797
1514,0.00797
1515,0.00799999
1516,0.008
1517,0.00799999
1518,0.00799999
1519,0.00799999
1520,0.00809389
1521,0.00809389
1522,0.00809389
1523,0.00809389
1524,0.00809389
1525,0.00809389
1526,0.00809389
1527,0.00809389
1528,0.00809389
1529,0.00809389
1530,0.00809389
1531,0.00809329
1532,0.00809329
1533,0.00809329
1534,0.00809329
1535,0.00809329
1536,0.00805342
1537,0.00805342
1538,0.00805342
1539,0.00805342
1540,0.008
1541,0.008
1542,0.00805339
1543,0.008
1544,0.008
1545,0.008
1546,0.008
1547,0.008
1548,0.008
1549,0.00800001
1550,0.00800001
1551,0.00800001
1552,0.00800001
1553,0.00800001
1554,0.00800001
1555,0.00800001
1556,0.00800001
1557,0.00800001
1558,0.00800001
1559,0.00800001
1560,0.00800001
1561,0.00800001
1562,0.00800001
1563,0.00800001
1564,0.00800001
1565,0.00810735
1566,0.00810735
1567,0.00800003
1568,0.00800003
1569,0.00800003
1570,0.00800003
1571,0.00800003
1572,0.00800003
1573,0.00800003
1574,0.00800003
1575,0.00800015
1576,0.00800015
1577,0.00800015
1578,0.00800015
1579,0.00800015
1580,0.00800017
1581,0.00800017
1582,0.00800017
1583,0.00800017
1584,0.00800017
1585,0.00800017
1586,0.00800017
1587,0.00800017
1588,0.00800017
1589,0.00800017
1590,0.00800017
1591,0.00800017
1592,0.00800017
1593,0.00800017
1594,0.0080001
1595,0.0080001
1596,0.0080001
1597,0.0080001
1598,0.0080001
1599,0.0080001
1600,0.0080001
1601,0.0080001
1602,0.0080001
1603,0.0080001
1604,0.0080001
1605,0.0080001
1606,0.00800011
1607,0.00800011
1608,0.00800011
1609,0.00795871
1610,0.00795871
1611,0.00795871
1612,0.00795871
1613,0.00795871
1614,0.00795871
1615,0.00795871
1616,0.00795871
1617,0.00795871
1618,0.00795871
1619,0.00795871
1620,0.00795871
1621,0.00795871
1622,0.00795872
1623,0.00795872
1624,0.00795872
1625,0.00795872
1626,0.00795872
1627,0.00795872
1628,0.00795872
1629,0.00795877
1630,0.00795877
1631,0.00795877
1632,0.00795881
1633,0.00795881
1634,0.00795881
1635,0.00795881
1636,0.00795881
1637,0.00795881
1638,0.00795881
1639,0.00795881
1640,0.00795881
1641,0.00800011
1642,0.00800011
1643,0.00800011
1644,0.00800011
1645,0.00800011
1646,0.00800011
1647,0.00800011
1648,0.00800011
1649,0.00804966
1650,0.00804966
1651,0.00804966
1652,0.00804966
1653,0.00804966
1654,0.00804966
1655,0.00804966
1656,0.00804966
1657,0.00804966
1658,0.00804966
1659,0.00804966
1660,0.00805287
1661,0.00805287
1662,0.00805287
1663,0.00805287
1664,0.00805287
1665,0.00805287
1666,0.00805287
1667,0.00805287
1668,0.00805287
1669,0.00805287
1670,0.00805287
1671,0.00805287
1672,0.00805287
1673,0.00805286
1674,0.00805286
1675,0.00805286
1676,0.00805286
1677,0.00801059
1678,0.00801059
1679,0.00801059
1680,0.00801059
1681,0.00801059
1682,0.00801059
1683,0.00801059
1684,0.00801059
1685,0.00805287
1686,0.00805287
1687,0.00805287
1688,0.00805287
1689,0.00805287
1690,0.00805287
1691,0.00805287
1692,0.00805287
1693,0.00805287
1694,0.00805287
1695,0.00805287
1696,0.00805287
1697,0.00805287
1698,0.00805287
1699,0.00805287
1700,0.00805287
1701,0.00805287
1702,0.00805287
1703,0.00805287
1704,0.00805287
1705,0.00810715
1706,0.00810714
1707,0.00810714
1708,0.00810714
1709,0.00810714
1710,0.00810714
1711,0.00810736
1712,0.00810736
1713,0.00810736
1714,0.00810736
1715,0.00810736
1716,0.00810736
1717,0.00805287
1718,0.00805287
1719,0.00805287
1720,0.00805287
1721,0.00805287
1722,0.00805287
1723,0.00805287
1724,0.00805287
1725,0.00805287
1726,0.00805287
1727,0.00805287
1728,0.00805287
1729,0.00805288
1730,0.00805288
1731,0.00805288
1732,0.00805288
1733,0.00805288
1734,0.00805288
1735,0.00805288
1736,0.00805288
1737,0.00810729
1738,0.00810729
1739,0.00810729
1740,0.00810729
1741,0.00810729
1742,0.00810729
1743,0.00810729
1744,0.00810729
1745,0.00810729
1746,0.00802497
1747,0.00802497
1748,0.00811148
1749,0.00811148
1750,0.00811454
1751,0.00811454
1752,0.00811454
1753,0.00811454
1754,0.00811454
1755,0.00811454
1756,0.00811454
1757,0.00811454
1758,0.00811454
1759,0.00811454
1760,0.00811454
1761,0.00811454
1762,0.00811454
1763,0.00811454
1764,0.00811454
1765,0.00811454
1766,0.00811454
1767,0.00811454
1768,0.00811454
1769,0.00811454
1770,0.00811454
1771,0.00811454
1772,0.00803096
1773,0.00803096
1774,0.00803096
1775,0.00803096
1776,0.00811452
1777,0.00811452
1778,0.00811452
1779,0.00811452
1780,0.00811452
1781,0.00811452
1782,0.00811452
1783,0.00811452
1784,0.00811452
1785,0.00811452
1786,0.00811452
1787,0.00811452
1788,0.00811452
1789,0.00811452
1790,0.00811452
1791,0.00811452
1792,0.00803644
1793,0.00803644
1794,0.00803644
1795,0.00803644
1796,0.00803644
1797,0.00803644
1798,0.00803644
1799,0.00803644
1800,0.0080587
1801,0.0080587
1802,0.00811453
1803,0.0080587
1804,0.00811454
1805,0.00805869
1806,0.008037
1807,0.008037
1808,0.008037
1809,0.008037
1810,0.008037
1811,0.008037
1812,0.008037
1813,0.008037
1814,0.00803648
1815,0.00803648
1816,0.00803648
1817,0.00813824
1818,0.00813823
1819,0.00813823
1820,0.00813823
1821,0.00813823
1822,0.00813823
1823,0.00813823
1824,0.00813823
1825,0.00813823
1826,0.00813823
1827,0.00813823
1828,0.00813823
1829,0.00813823
1830,0.00818695
1831,0.00818695
1832,0.00818695
1833,0.00818695
1834,0.00818695
1835,0.00818695
1836,0.00818701
1837,0.00818701
1838,0.00818701
1839,0.00818702
1840,0.00818702
1841,0.00818702
1842,0.00818703
1843,0.00818701
1844,0.00813823
1845,0.00813823
1846,0.00813823
1847,0.00813823
1848,0.00813823
1849,0.00813823
1850,0.00813823
1851,0.00813823
1852,0.00813823
1853,0.00813823
1854,0.00813823
1855,0.00813823
1856,0.00813823
1857,0.00815862
1858,0.00815862
1859,0.00815862
1860,0.00815862
1861,0.00813823
1862,0.00813823
1863,0.00813823
1864,0.00813823
1865,0.00813823
1866,0.00813823
1867,0.00813823
1868,0.00815861
1869,0.00815861
1870,0.00815861
1871,0.00815861
1872,0.00813824
1873,0.00813824
1874,0.00813824
1875,0.00813824
1876,0.00813824
1877,0.00813824
1878,0.00815861
1879,0.00818701
1880,0.00818701
1881,0.00818701
1882,0.00822822
1883,0.00822821
1884,0.00822821
1885,0.00818845
1886,0.00818845
1887,0.00822821
1888,0.00822821
1889,0.00822821
1890,0.00822821
1891,0.00822821
1892,0.00824284
1893,0.00824284
1894,0.00824284
1895,0.00824284
1896,0.00824284
1897,0.00822821
1898,0.00822821
1899,0.00825393
1900,0.00825419
1901,0.00825419
1902,0.00825419
1903,0.00825419
1904,0.00825421
1905,0.00825421
1906,0.00825422
1907,0.00825421
1908,0.00825421
1909,0.00825421
1910,0.00825421
1911,0.00825421
1912,0.00825421
1913,0.00825421
1914,0.00825421
1915,0.00825421
1916,0.00825421
1917,0.00825421
1918,0.00825421
1919,0.00825421
1920,0.00825421
1921,0.00825421
1922,0.00825421
1923,0.00825421
1924,0.00825421
1925,0.00825421
1926,0.00825421
1927,0.00825421
1928,0.00825421
1929,0.00825421
1930,0.00825421
1931,0.00825421
1932,0.00825421
1933,0.00825421
1934,0.00825421
1935,0.00825422
1936,0.00825422
1937,0.00825422
1938,0.00825422
1939,0.00825422
1940,0.00825422
1941,0.00825583
1942,0.00825583
1943,0.00825583
1944,0.00825583
1945,0.0082563
1946,0.0082563
1947,0.00825664
1948,0.00825664
1949,0.00825664
1950,0.008255
1951,0.008255
1952,0.008255
1953,0.00825664
1954,0.00825664
1955,0.00825664
1956,0.00825664
1957,0.00825664
1958,0.00825664
1959,0.00826179
1960,0.00826179
1961,0.0082618
1962,0.008262
1963,0.008262
1964,0.00826278
1965,0.00826278
1966,0.00826483
1967,0.00826483
1968,0.00826483
1969,0.008262
1970,0.00825422
1971,0.008262
1972,0.008262
1973,0.008262
1974,0.008262
1975,0.008262
1976,0.008262
1977,0.008262
1978,0.008262
1979,0.008262
1980,0.008262
1981,0.008262
1982,0.008262
1983,0.008262
1984,0.00825422
1985,0.00825422
1986,0.00825422
1987,0.00825422
1988,0.00825422
1989,0.00825422
1990,0.00825422
1991,0.00825422
1992,0.00825422
1993,0.00825422
1994,0.00825422
1995,0.00825422
1996,0.00825422
1997,0.00825422
1998,0.00825419
1999,0.00825419
2000,0.00825419
2001,0.00827293
2002,0.00827293
2003,0.00827293
2004,0.00827293
2005,0.00827293
2006,0.00827293
2007,0.00827293
2008,0.00827293
2009,0.00827293
2010,0.00827293
2011,0.00827293
2012,0.00827293
2013,0.00827293
2014,0.00827293
2015,0.00827293
2016,0.00827293
2017,0.00827293
2018,0.00827293
2019,0.00827293
2020,0.00827293
2021,0.00827293
2022,0.00827293
2023,0.00827293
2024,0.00827293
2025,0.00827293
2026,0.00827293
2027,0.00827293
2028,0.00827293
2029,0.00825419
2030,0.0082844
2031,0.0082844
2032,0.0082844
2033,0.0082844
2034,0.0082844
2035,0.0082844
2036,0.0082844
2037,0.0082844
2038,0.0082844
2039,0.0082844
2040,0.00825419
2041,0.00825419
2042,0.00825419
2043,0.00825419
2044,0.00825419
2045,0.00825419
2046,0.00825419
2047,0.00825419
2048,0.00828439
2049,0.00828439
2050,0.00828439
2051,0.00828439
2052,0.00828439
2053,0.00828439
2054,0.0082844
2055,0.0082844
2056,0.00835303
2057,0.00835303
2058,0.00835303
2059,0.00835303
2060,0.00835303
2061,0.00835303
2062,0.00835303
2063,0.00835303
2064,0.00835303
2065,0.00835303
2066,0.00835303
2067,0.00835303
2068,0.00835303
2069,0.00835303
2070,0.00835303
2071,0.00831126
2072,0.00828632
2073,0.0082844
2074,0.00830294
2075,0.00828442
2076,0.00832
2077,0.00836045
2078,0.00832
2079,0.00832
2080,0.00832
2081,0.00832
2082,0.00828444
2083,0.00827271
2084,0.00827032
2085,0.00827032
2086,0.00825419
2087,0.00827032
2088,0.00827032
2089,0.00825419
2090,0.00824593
2091,0.00823567
2092,0.00823567
2093,0.00823567
2094,0.00823567
2095,0.00823891
2096,0.00823891
2097,0.00823891
2098,0.00823891
2099,0.00823891
2100,0.00823891
2101,0.00823891
2102,0.00823891
2103,0.00823891
2104,0.00823891
2105,0.00823891
2106,0.00823891
2107,0.00823891
2108,0.00807451
2109,0.00811499
2110,0.00819592
2111,0.00819592
2112,0.00819592
2113,0.00819592
2114,0.00818843
2115,0.00818843
2116,0.00818843
2117,0.0081618
2118,0.00810021
2119,0.0081618
2120,0.0081618
2121,0.0081618
2122,0.0081618
2123,0.0081618
2124,0.00817814
2125,0.00817813
2126,0.00817813
2127,0.00817813
2128,0.00817813
2129,0.00817813
2130,0.00817813
2131,0.00817813
2132,0.00817813
2133,0.00817813
2134,0.00817813
2135,0.00817813
2136,0.00817813
2137,0.00817813
2138,0.00818075
2139,0.00818075
2140,0.00818075
2141,0.00818075
2142,0.00818075
2143,0.00818075
2144,0.00818075
2145,0.00818075
2146,0.00818075
2147,0.00818075
2148,0.00818075
2149,0.00818075
2150,0.00818075
2151,0.00818075
2152,0.00818075
2153,0.00810004
2154,0.00810004
2155,0.00810004
2156,0.00810004
2157,0.00810004
2158,0.00818002
2159,0.00818002
2160,0.00818002
2161,0.00817993
2162,0.00817993
2163,0.00817993
2164,0.00817993
2165,0.00817993
2166,0.00817993
2167,0.00817993
2168,0.00817993
2169,0.00817993
2170,0.00817993
2171,0.00817993
2172,0.00817993
2173,0.00817993
2174,0.00817993
2175,0.00817993
2176,0.00817
2177,0.00817
2178,0.00817
2179,0.00817
2180,0.00817
2181,0.00817
2182,0.00817
2183,0.00817
2184,0.00817
2185,0.00817
2186,0.00810035
2187,0.00810035
2188,0.0081
2189,0.0081
2190,0.00810035
2191,0.00810035
2192,0.00810035
2193,0.00810035
2194,0.00810035
2195,0.00816992
2196,0.00816992
2197,0.00816992
2198,0.00816992
2199,0.00816992
2200,0.0081
2201,0.00809992
2202,0.00809992
2203,0.00809992
2204,0.00809992
2205,0.00809992
2206,0.00809992
2207,0.00809992
2208,0.00809992
2209,0.00809992
2210,0.00809992
2211,0.00807174
2212,0.00807174
2213,0.00807174
2214,0.00807174
2215,0.00807174
2216,0.00807174
2217,0.00807174
2218,0.00807174
2219,0.00807174
2220,0.00807174
2221,0.00807174
2222,0.00806358
2223,0.00806358
2224,0.00806358
2225,0.00806358
2226,0.00806358
2227,0.00806358
2228,0.00806358
2229,0.00806358
2230,0.00806358
2231,0.00806358
2232,0.00806358
2233,0.00806358
2234,0.00806358
2235,0.00806357
2236,0.00806357
2237,0.00806357
2238,0.00806357
2239,0.00806358
2240,0.00806358
2241,0.00805755
2242,0.008
2243,0.008
2244,0.008
2245,0.00800002
2246,0.008
2247,0.008
2248,0.008
2249,0.008
2250,0.008
2251,0.008
2252,0.00800346
2253,0.00800346
2254,0.00800348
2255,0.00800348
2256,0.00800348
2257,0.00800348
2258,0.00800348
2259,0.00800348
2260,0.00800348
2261,0.00800348
2262,0.00800362
2263,0.00800362
2264,0.00800362
2265,0.00800362
2266,0.00800362
2267,0.00800362
2268,0.00800362
2269,0.00800362
2270,0.00800362
2271,0.00800362
2272,0.00800383
2273,0.00800383
2274,0.00800383
2275,0.00800383
2276,0.00800383
2277,0.00800383
2278,0.00800383
2279,0.00800383
2280,0.00800383
2281,0.00800401
2282,0.00800401
2283,0.00800406
2284,0.00800406
2285,0.00800406
2286,0.00800406
2287,0.00800406
2288,0.00809
2289,0.00809
2290,0.00809
2291,0.00809
2292,0.00809
2293,0.00809
2294,0.00809603
2295,0.00809602
2296,0.00809602
2297,0.00809602
2298,0.00809602
2299,0.00809602
2300,0.00809602
2301,0.00809602
2302,0.00809602
2303,0.00809602
2304,0.00809593
2305,0.00809593
2306,0.00809594
2307,0.00809594
2308,0.00809594
2309,0.00809594
2310,0.00809594
2311,0.00809594
2312,0.00809021
2313,0.00809021
2314,0.00809021
2315,0.00809021
2316,0.00809021
2317,0.00809
2318,0.00809
2319,0.00809
2320,0.00800931
2321,0.00800931
2322,0.00800931
2323,0.00800931
2324,0.00800931
2325,0.00800931
2326,0.00800931
2327,0.00800931
2328,0.00800931
2329,0.00800931
2330,0.00802
2331,0.00802
2332,0.00802
2333,0.00802
2334,0.0080093
2335,0.0080093
2336,0.00800003
2337,0.00800003
2338,0.00800003
2339,0.00800003
2340,0.00800003
2341,0.008
2342,0.008
2343,0.00800002
2344,0.00800002
2345,0.00800002
2346,0.00800002
2347,0.00800002
2348,0.00800002
2349,0.00800002
2350,0.00800002
2351,0.00800002
2352,0.00800002
2353,0.00800002
2354,0.00800002
2355,0.00800002
2356,0.00800002
2357,0.00800002
2358,0.00800002
2359,0.00800001
2360,0.00800001
2361,0.00800001
2362,0.00800001
2363,0.00800001
2364,0.00800001
2365,0.00800001
2366,0.008
2367,0.008
2368,0.008
2369,0.008
2370,0.00799306
2371,0.00799306
2372,0.00799306
2373,0.00799306
2374,0.008
2375,0.008
2376,0.00801997
2377,0.00801997
2378,0.00801997
2379,0.008
2380,0.008
2381,0.008
2382,0.008
2383,0.008
2384,0.008
2385,0.008
2386,0.00801997
2387,0.00801997
2388,0.00801997
2389,0.00801997
2390,0.00801997
2391,0.00801997
2392,0.00801997
2393,0.00801997
2394,0.00801997
2395,0.00801997
2396,0.00801997
2397,0.00800999
2398,0.00800999
2399,0.00800999
2400,0.008
2401,0.00802
2402,0.00802
2403,0.00802
2404,0.00802
2405,0.00802
2406,0.00802
2407,0.00800001
2408,0.00800001
2409,0.00800001
2410,0.00800001
2411,0.00800001
2412,0.00800001
2413,0.00800001
2414,0.00800001
2415,0.00800001
2416,0.00800001
2417,0.00800001
2418,0.00800001
2419,0.00800001
2420,0.00800001
2421,0.00800001
2422,0.00802
2423,0.00809543
2424,0.00809543
2425,0.00809543
2426,0.00809537
2427,0.00809537
2428,0.00809537
2429,0.00809537
2430,0.00809537
2431,0.00809537
2432,0.00809537
2433,0.00809537
2434,0.00809537
2435,0.00809537
2436,0.00810402
2437,0.00810402
2438,0.00810402
2439,0.00810402
2440,0.00810402
2441,0.0080244
2442,0.0080244
2443,0.0080244
2444,0.00801764
2445,0.00801764
2446,0.00801764
2447,0.00801764
2448,0.00801764
2449,0.00801764
2450,0.00801764
2451,0.00801764
2452,0.00801764
2453,0.00801764
2454,0.00801764
2455,0.00801764
2456,0.00809593
2457,0.00809593
2458,0.00809593
2459,0.00809593
2460,0.00809593
2461,0.00809593
2462,0.00809593
2463,0.00809593
2464,0.00809593
2465,0.00809593
2466,0.00801885
2467,0.00801885
2468,0.00801889
2469,0.00801889
2470,0.00801889
2471,0.00801889
2472,0.00801889
2473,0.00801901
2474,0.00801902
2475,0.00801902
2476,0.00801908
2477,0.00809445
2478,0.00809445
2479,0.00809445
2480,0.00801912
2481,0.00801912
2482,0.00801912
2483,0.00801912
2484,0.00801912
2485,0.00809417
2486,0.00809417
2487,0.00809417
2488,0.00809417
2489,0.00809417
2490,0.00809417
2491,0.00809417
2492,0.00809417
2493,0.00809417
2494,0.00809417
2495,0.00809417
2496,0.00810402
2497,0.00810402
2498,0.00810402
2499,0.00810402
2500,0.00810402
2501,0.00810402
2502,0.00810402
2503,0.00810402
2504,0.00810402
2505,0.00810402
2506,0.00810402
2507,0.00810402
2508,0.00810402
2509,0.00810402
2510,0.00810402
2511,0.00810402
2512,0.00810402
2513,0.00810402
2514,0.00810402
2515,0.00810292
2516,0.00810292
2517,0.00810292
2518,0.00810292
2519,0.00810292
2520,0.00810292
2521,0.00810292
2522,0.00810292
2523,0.00810292
2524,0.00810292
2525,0.00811202
2526,0.00811202
2527,0.00810346
2528,0.00810346
2529,0.00811201
2530,0.00810402
2531,0.00810402
2532,0.00810402
2533,0.00810402
2534,0.00810402
2535,0.00810402
2536,0.00810402
2537,0.00810402
2538,0.00810402
2539,0.00810402
2540,0.00810402
2541,0.00810402
2542,0.00810402
2543,0.00810402
2544,0.00810402
2545,0.00810402
2546,0.00810402
2547,0.00810402
2548,0.00810402
2549,0.00810402
2550,0.00810402
2551,0.00810878
2552,0.00810878
2553,0.008106
2554,0.008106
2555,0.008106
2556,0.008106
2557,0.008106
2558,0.008106
2559,0.008106
2560,0.008106
2561,0.008106
2562,0.008106
2563,0.008106
2564,0.008106
2565,0.008106
2566,0.008106
2567,0.008106
2568,0.008106
2569,0.00810346
2570,0.00810346
2571,0.00810346
2572,0.00810346
2573,0.00810346
2574,0.00810346
2575,0.00810346
2576,0.00810346
2577,0.00810346
2578,0.00810346
2579,0.00810346
2580,0.00810346
2581,0.00810346
2582,0.00810346
2583,0.00810346
2584,0.00810346
2585,0.00810346
2586,0.00810346
2587,0.00810346
2588,0.00810346
2589,0.00810346
2590,0.00810346
2591,0.00810346
2592,0.00810346
2593,0.00810346
2594,0.00810346
2595,0.00810346
2596,0.00810346
2597,0.00810346
2598,0.00810346
2599,0.00810345
2600,0.00810345
2601,0.00810345
2602,0.00810345
2603,0.00810345
2604,0.00810345
2605,0.00810345
2606,0.00810345
2607,0.00810345
2608,0.00810345
2609,0.00810345
2610,0.00810345
2611,0.00810345
2612,0.00810345
2613,0.00810345
2614,0.00810345
2615,0.00810345
2616,0.00810345
2617,0.00810345
2618,0.00810345
2619,0.00810345
2620,0.00810345
2621,0.00810345
2622,0.00810345
2623,0.00810345
2624,0.00810345
2625,0.00810345
2626,0.00810345
2627,0.00810345
2628,0.00810345
2629,0.00810345
2630,0.00810345
2631,0.00810345
2632,0.00810345
2633,0.00810345
2634,0.00810345
2635,0.00809709
2636,0.00809709
2637,0.00809709
2638,0.00809709
2639,0.00809709
2640,0.00809709
2641,0.00809709
2642,0.00809709
2643,0.00809709
2644,0.00809
2645,0.00809
2646,0.00809
2647,0.00809
2648,0.00809
2649,0.00809
2650,0.00809
2651,0.00809
2652,0.00809
2653,0.00809
2654,0.00809
2655,0.00809
2656,0.00809
2657,0.00809
2658,0.00809
2659,0.00809
2660,0.00809
2661,0.00809
2662,0.00809
2663,0.00809
2664,0.00807514
2665,0.00807514
2666,0.00807513
2667,0.00807513
2668,0.00807513
2669,0.00807513
2670,0.00807513
2671,0.00807513
2672,0.0080588
2673,0.0080588
2674,0.0080588
2675,0.0080588
2676,0.0080588
2677,0.0080588
2678,0.0080588
2679,0.0080588
2680,0.0080588
2681,0.0080588
2682,0.0080588
2683,0.0080588
2684,0.0080588
2685,0.00804074
2686,0.00809
2687,0.00809
2688,0.00809
2689,0.00809
2690,0.00809
2691,0.00809
2692,0.00809
2693,0.00809
2694,0.00809
2695,0.00809
2696,0.00809
2697,0.00809
2698,0.008069
2699,0.008069
2700,0.008069
2701,0.008069
2702,0.008069
2703,0.00807247
2704,0.00807247
2705,0.00807247
2706,0.00807247
2707,0.00807247
2708,0.00807247
2709,0.00807589
2710,0.00809
2711,0.00809
2712,0.00809
2713,0.00809
2714,0.00803063
2715,0.00803063
2716,0.00803063
2717,0.00803063
2718,0.00803063
2719,0.00803063
2720,0.00803063
2721,0.00803063
2722,0.00803063
2723,0.00803063
2724,0.00803063
2725,0.00803063
2726,0.00803063
2727,0.00803063
2728,0.00803063
2729,0.00803063
2730,0.00803063
2731,0.00803063
2732,0.00803063
2733,0.00803063
2734,0.00803063
2735,0.00809
2736,0.00809
2737,0.00810345
2738,0.00810345
2739,0.00810345
2740,0.00810345
2741,0.00810345
2742,0.00810345
2743,0.00810345
2744,0.00810345
2745,0.00810345
2746,0.00810345
2747,0.00811202
2748,0.00811202
2749,0.00811202
2750,0.00811202
2751,0.00811202
2752,0.00811202
2753,0.00811202
2754,0.00811202
2755,0.00811202
2756,0.00811202
2757,0.00811202
2758,0.00811202
2759,0.00811202
2760,0.00811202
2761,0.00811202
2762,0.00811202
2763,0.00811202
2764,0.00811202
2765,0.00811202
2766,0.00811202
2767,0.00811202
2768,0.00811202
2769,0.00811202
2770,0.00811202
2771,0.00811202
2772,0.00811202
2773,0.00811202
2774,0.00812422
2775,0.00813224
2776,0.00813821
2777,0.00813828
2778,0.00813828
2779,0.00813828
2780,0.00813828
2781,0.00813828
2782,0.00813828
2783,0.00813828
2784,0.00813828
2785,0.00813828
2786,0.00813828
2787,0.00813828
2788,0.00813828
2789,0.00813828
2790,0.00813828
2791,0.00813828
2792,0.00813828
2793,0.00813828
2794,0.00813828
2795,0.00813828
2796,0.00813828
2797,0.00813828
2798,0.00813828
2799,0.00813828
2800,0.00813828
2801,0.00813828
2802,0.00813828
2803,0.00813828
2804,0.00813828
2805,0.00813828
2806,0.00813828
2807,0.00813828
2808,0.00810724
2809,0.00817786
2810,0.00807994
2811,0.00807994
2812,0.00807994
2813,0.00807994
2814,0.00817947
2815,0.00817947
2816,0.00817947
2817,0.00817947
2818,0.00817948
2819,0.00817948
2820,0.00817948
2821,0.00817948
2822,0.00817947
2823,0.00817948
2824,0.00817947
2825,0.00817947
2826,0.00817947
2827,0.00817947
2828,0.00817947
2829,0.00817947
2830,0.00818044
2831,0.00817947
2832,0.00817947
2833,0.00818044
2834,0.00818044
2835,0.00818044
2836,0.00818044
2837,0.00818044
2838,0.00818044
2839,0.00818044
2840,0.00818044
2841,0.00818044
2842,0.00818044
2843,0.00817947
2844,0.00817947
2845,0.00817947
2846,0.00817947
2847,0.00817947
2848,0.00817947
2849,0.00817947
2850,0.00817947
2851,0.00817947
2852,0.00817947
2853,0.00817947
2854,0.00817947
2855,0.00817947
2856,0.00817947
2857,0.00817947
2858,0.00817947
2859,0.00812604
2860,0.00812604
2861,0.00812604
2862,0.00812604
2863,0.00812604
2864,0.00812604
2865,0.00812604
2866,0.00812604
2867,0.00812604
2868,0.00812604
2869,0.00812604
2870,0.00812604
2871,0.00812604
2872,0.00812604
2873,0.00812604
2874,0.00812604
2875,0.00812604
2876,0.00812604
2877,0.00812604
2878,0.00812604
2879,0.00812604
2880,0.00812604
2881,0.00812604
2882,0.00812604
2883,0.00812604
2884,0.00812604
2885,0.00813999
2886,0.00813999
2887,0.00813999
2888,0.00813999
2889,0.00813999
2890,0.00813999
2891,0.00813999
2892,0.00813999
2893,0.00813999
2894,0.00813999
2895,0.00813999
2896,0.00813999
2897,0.00813999
2898,0.00813999
2899,0.00813999
2900,0.00813999
2901,0.00813999
2902,0.00813999
2903,0.00813998
2904,0.00813998
2905,0.00813998
2906,0.00813998
2907,0.00813998
2908,0.00813998
2909,0.00813998
2910,0.00813998
2911,0.00813998
2912,0.00813998
2913,0.00813998
2914,0.00813998
2915,0.00813998
2916,0.00813998
2917,0.00813998
2918,0.00813998
2919,0.00813998
2920,0.00813998
2921,0.00813998
2922,0.00813998
2923,0.00813998
2924,0.00813998
2925,0.00813998
2926,0.00813997
2927,0.00813997
2928,0.00813998
2929,0.00813998
2930,0.00813998
2931,0.00813997
2932,0.00813997
2933,0.00817773
2934,0.00817773
2935,0.00817773
2936,0.00817773
2937,0.00817773
2938,0.00817773
2939,0.00817773
2940,0.00817773
2941,0.00817773
2942,0.00817773
2943,0.00813997
2944,0.00811242
2945,0.00811242
2946,0.00809865
2947,0.00809864
2948,0.00809865
2949,0.00809865
2950,0.00809865
2951,0.0082
2952,0.0082
2953,0.0082
2954,0.0082
2955,0.0082
2956,0.0082
2957,0.0082
2958,0.0082
2959,0.0082
2960,0.0082
2961,0.0082
2962,0.0082
2963,0.0082
2964,0.0082
2965,0.0082
2966,0.0082
2967,0.0082
2968,0.0082
2969,0.0082
2970,0.0082
2971,0.0082
2972,0.0082
2973,0.0082
2974,0.0082
2975,0.0082
2976,0.0082
2977,0.0082
2978,0.0082
2979,0.0082
2980,0.0082
2981,0.0082
2982,0.0082
2983,0.0082
2984,0.0082
2985,0.00811899
2986,0.00811899
2987,0.00811899
2988,0.00811899
2989,0.00811899
2990,0.00811899
2991,0.00811899
2992,0.00811899
2993,0.00811899
2994,0.00811867
2995,0.00811867
2996,0.00811867
2997,0.00811867
2998,0.00811867
2999,0.00811867
3000,0.00811867
3001,0.00811867
3002,0.00811867
3003,0.00811867
3004,0.00811867
3005,0.00811899
3006,0.00811899
3007,0.00811867
3008,0.00811867
3009,0.00811867
3010,0.00811867
3011,0.00811867
3012,0.00811867
3013,0.00811867
3014,0.00811867
3015,0.00811867
3016,0.00811867
3017,0.00811867
3018,0.00811867
3019,0.00811867
3020,0.00819332
3021,0.0081
3022,0.0081
3023,0.0081
3024,0.0081
3025,0.0081
3026,0.00809999
3027,0.00818823
3028,0.00818823
3029,0.00818823
3030,0.00818823
3031,0.00817665
3032,0.00817665
3033,0.00817665
3034,0.00818823
3035,0.00818823
3036,0.00818823
3037,0.00818823
3038,0.00818823
3039,0.00818823
3040,0.00818823
3041,0.00818823
3042,0.00818823
3043,0.00818823
3044,0.00818844
3045,0.00818844
3046,0.00818844
3047,0.00818844
3048,0.008213
3049,0.008213
3050,0.008213
3051,0.008213
3052,0.008213
3053,0.008213
3054,0.008213
3055,0.008213
3056,0.008213
3057,0.008213
3058,0.008213
3059,0.008213
3060,0.008213
3061,0.008213
3062,0.008213
3063,0.00810736
3064,0.00810736
3065,0.00810736
3066,0.00810739
3067,0.00810739
3068,0.00810739
3069,0.00810739
3070,0.00810739
3071,0.00810739
3072,0.00810739
3073,0.00810739
3074,0.00810739
3075,0.00810739
3076,0.00810739
3077,0.00810739
3078,0.00810739
3079,0.00810739
3080,0.00810739
3081,0.00810739
3082,0.00810739
3083,0.00810739
3084,0.00810739
3085,0.00810739
3086,0.00810739
3087,0.00810739
3088,0.00810739
3089,0.00810739
3090,0.00810739
3091,0.00810739
3092,0.00810739
3093,0.00810739
3094,0.00810739
3095,0.00810739
3096,0.00810739
3097,0.00810739
3098,0.00810739
3099,0.00810739
3100,0.00810739
3101,0.00810739
3102,0.00815211
3103,0.00815211
3104,0.00815211
3105,0.00815211
3106,0.00815211
3107,0.00815211
3108,0.00815211
3109,0.00815211
3110,0.00815211
3111,0.00815211
3112,0.00815211
3113,0.00815211
3114,0.00815211
3115,0.00815211
3116,0.00815211
3117,0.00815211
3118,0.00815211
3119,0.00815211
3120,0.00815211
3121,0.00815211
3122,0.00815211
3123,0.00815211
3124,0.00815211
3125,0.00815211
3126,0.00815211
3127,0.00815211
3128,0.00815211
3129,0.00815211
3130,0.00815211
3131,0.00815211
3132,0.00813199
3133,0.00813199
3134,0.00813199
3135,0.00813199
3136,0.00813199
3137,0.00813199
3138,0.00813199
3139,0.00813199
3140,0.00813199
3141,0.0081134
3142,0.0081134
3143,0.00813199
3144,0.00813199
3145,0.00813199
3146,0.00813199
3147,0.00813199
3148,0.00813199
3149,0.00813199
3150,0.00813199
3151,0.00813199
3152,0.00813199
3153,0.00813199
3154,0.00813199
3155,0.00813199
3156,0.00811417
3157,0.00811417
3158,0.00811417
3159,0.00811417
3160,0.00811417
3161,0.00811417
3162,0.00811417
3163,0.00811419
3164,0.00811419
3165,0.00811419
3166,0.00811419
3167,0.00811419
3168,0.00811419
3169,0.00811419
3170,0.00811419
3171,0.00811419
3172,0.00811419
3173,0.00816999
3174,0.00816999
3175,0.00816999
3176,0.00816999
3177,0.00816999
3178,0.00816999
3179,0.00816999
3180,0.00816999
3181,0.00816999
3182,0.00816999
3183,0.00816999
3184,0.00816999
3185,0.00816999
3186,0.00816999
3187,0.008169
3188,0.008169
3189,0.008169
3190,0.008169
3191,0.008169
3192,0.008169
3193,0.008169
3194,0.008169
3195,0.008169
3196,0.008169
3197,0.008169
3198,0.008169
3199,0.008169
3200,0.008169
3201,0.008169
3202,0.00812093
3203,0.00812093
3204,0.00812093
3205,0.00812093
3206,0.00818843
3207,0.00818843
3208,0.00818843
3209,0.00818843
3210,0.00818843
3211,0.00818843
3212,0.00818844
3213,0.00818844
3214,0.00818844
3215,0.00818844
3216,0.00818844
3217,0.00818844
3218,0.00818844
3219,0.00818844
3220,0.00818844
3221,0.00818844
3222,0.00818844
3223,0.00818844
3224,0.00818844
3225,0.00818844
3226,0.00818844
3227,0.00818844
3228,0.00818844
3229,0.00818844
3230,0.00818844
3231,0.00818844
3232,0.00818844
3233,0.00818844
3234,0.00819643
3235,0.00824
3236,0.00824
3237,0.00824
3238,0.00824
3239,0.00824
3240,0.00824
3241,0.00824
3242,0.00824
3243,0.00824
3244,0.00824
3245,0.00824
3246,0.00824
3247,0.00824
3248,0.00824
3249,0.00824
3250,0.00824
3251,0.00824
3252,0.00824
3253,0.00818844
3254,0.00818844
3255,0.00818844
3256,0.00818844
3257,0.00818844
3258,0.00818844
3259,0.00818844
3260,0.00818844
3261,0.00818844
3262,0.00818844
3263,0.00818844
3264,0.00818844
3265,0.00823994
3266,0.00823994
3267,0.00823994
3268,0.00824
3269,0.00824
3270,0.00824
3271,0.00824
3272,0.00824
3273,0.00824001
3274,0.00824001
3275,0.00824001
3276,0.00824001
3277,0.00824001
3278,0.00824001
3279,0.00824001
3280,0.00824001
3281,0.00824101
3282,0.008241
3283,0.008241
3284,0.00824101
3285,0.00824101
3286,0.00824101
3287,0.00824101
3288,0.00824101
3289,0.00824101
3290,0.00824101
3291,0.00824101
3292,0.00824101
3293,0.00824101
3294,0.00824101
3295,0.00824101
3296,0.00824101
3297,0.00824101
3298,0.00824101
3299,0.00824101
3300,0.00824101
3301,0.00824101
3302,0.00824483
3303,0.00824483
3304,0.00824483
3305,0.00824483
3306,0.00824483
3307,0.00824483
3308,0.00824483
3309,0.00824483
3310,0.00824483
3311,0.00824483
3312,0.00824483
3313,0.00824483
3314,0.00824483
3315,0.00824483
3316,0.00824483
3317,0.00825
3318,0.00825
3319,0.00825
3320,0.00825
3321,0.00825
3322,0.00825
3323,0.00825
3324,0.00825
3325,0.00825
3326,0.00825
3327,0.00825
3328,0.00825
3329,0.00825
3330,0.00825
3331,0.00825
3332,0.00825
3333,0.00825
3334,0.00825001
3335,0.00825001
3336,0.00825001
3337,0.00825001
3338,0.00825001
3339,0.00825001
3340,0.00825001
3341,0.00825001
3342,0.00825001
3343,0.0082513
3344,0.0082513
3345,0.0082513
3346,0.00825131
3347,0.00825131
3348,0.00825131
3349,0.00825131
3350,0.00825131
3351,0.00825131
3352,0.00825131
3353,0.00825131
3354,0.00825131
3355,0.00825131
3356,0.00825131
3357,0.00825131
3358,0.00825252
3359,0.00825131
3360,0.00825131
3361,0.00825131
3362,0.00816255
3363,0.00816255
3364,0.00816255
3365,0.00816257
3366,0.00816257
3367,0.00825243
3368,0.00816263
3369,0.00816263
3370,0.00816263
3371,0.00816263
3372,0.00816263
3373,0.00816263
3374,0.00816263
3375,0.00816263
3376,0.00816263
3377,0.00816263
3378,0.00816285
3379,0.00816285
3380,0.00825068
3381,0.00825068
3382,0.00825086
3383,0.00825086
3384,0.00825086
3385,0.00825086
3386,0.00825086
3387,0.00825086
3388,0.00828357
3389,0.00816311
3390,0.00816311
3391,0.00816311
3392,0.00816311
3393,0.00816311
3394,0.00816311
3395,0.00816311
3396,0.00816311
3397,0.00816311
3398,0.00816311
3399,0.00816311
3400,0.00816311
3401,0.00816311
3402,0.00816311
3403,0.00816311
3404,0.00816311
3405,0.00816311
3406,0.00816311
3407,0.00816311
3408,0.00816311
3409,0.00816311
3410,0.00816311
3411,0.00816311
3412,0.00816311
3413,0.00816311
3414,0.00816311
3415,0.00816311
3416,0.00816311
3417,0.00816311
3418,0.00818869
3419,0.00818869
3420,0.00818869
3421,0.00818869
3422,0.00818869
3423,0.00818869
3424,0.00818869
3425,0.00818869
3426,0.00818869
3427,0.00818869
3428,0.00818869
3429,0.00818869
3430,0.00818869
3431,0.00818869
3432,0.00818869
3433,0.00818869
3434,0.00818869
3435,0.00818869
3436,0.00818869
3437,0.00818869
3438,0.00818869
3439,0.00818869
3440,0.00818869
3441,0.0082
3442,0.0082
3443,0.0082
3444,0.00825
3445,0.00825
3446,0.00825
3447,0.00825
3448,0.00825
3449,0.00825
3450,0.00825
3451,0.00825
3452,0.00825
3453,0.00825
3454,0.00825
3455,0.00825
3456,0.00825
3457,0.00825
3458,0.00825
3459,0.00825
3460,0.00825
3461,0.00825
3462,0.00825
3463,0.00825
3464,0.00825
3465,0.00825
3466,0.00825
3467,0.00825
3468,0.00825
3469,0.0082498
3470,0.00818844
3471,0.00818844
3472,0.00818844
3473,0.00818844
3474,0.00818844
3475,0.00818844
3476,0.00818844
3477,0.00818844
3478,0.00818844
3479,0.00818844
3480,0.00818844
3481,0.00818844
3482,0.00818844
3483,0.00818844
3484,0.00818844
3485,0.00818844
3486,0.0082498
3487,0.0082498
3488,0.0082498
3489,0.0082498
3490,0.0082498
3491,0.0082498
3492,0.0082498
3493,0.0082498
3494,0.0082498
3495,0.0082498
3496,0.0082498
3497,0.0082498
3498,0.0082498
3499,0.0082498
3500,0.0082498
3501,0.00824981
3502,0.00824981
3503,0.00824981
3504,0.00824981
3505,0.00824981
3506,0.00824981
3507,0.00824981
3508,0.00824981
3509,0.0082498
3510,0.00825
3511,0.00825
3512,0.00825
3513,0.00825
3514,0.00818846
3515,0.00825
3516,0.00825
3517,0.00825
3518,0.00825
3519,0.00825
3520,0.00825
3521,0.00825
3522,0.00825
3523,0.00825
3524,0.00825
3525,0.00825
3526,0.00825
3527,0.00825
3528,0.00825
3529,0.00825
3530,0.00825
3531,0.00825
3532,0.00825
3533,0.00825
3534,0.00825
3535,0.00825
3536,0.00825
3537,0.00825
3538,0.00825
3539,0.00825
3540,0.00825
3541,0.00825
3542,0.00825
3543,0.00825
3544,0.00825
3545,0.00825
3546,0.00825
3547,0.00825
3548,0.00825
3549,0.00825
3550,0.00818845
3551,0.00818845
3552,0.00818845
3553,0.00818845
3554,0.00818845
3555,0.00818845
3556,0.00818845
3557,0.00818845
3558,0.00818845
3559,0.00818845
3560,0.00818845
3561,0.00825
3562,0.00825
3563,0.00825
3564,0.0082938
3565,0.0082938
3566,0.0082938
3567,0.0082938
3568,0.0082938
3569,0.0082938
3570,0.0082938
3571,0.0082938
3572,0.0082938
3573,0.0082938
3574,0.0082938
3575,0.0082938
3576,0.0082938
3577,0.0082938
3578,0.0082938
3579,0.0082938
3580,0.0082938
3581,0.0082938
3582,0.0082938
3583,0.0082938
3584,0.0082938
3585,0.0082938
3586,0.00829477
3587,0.00829477
3588,0.00829477
3589,0.00829477
3590,0.00829477
3591,0.00829477
3592,0.00818846
3593,0.00818846
3594,0.00818846
3595,0.00818846
3596,0.00829996
3597,0.00829996
3598,0.00829996
3599,0.00829996
3600,0.00829996
3601,0.00829996
3602,0.00829996
3603,0.00829996
3604,0.00829996
3605,0.00829996
3606,0.00829996
3607,0.00829996
3608,0.00829996
3609,0.00829996
3610,0.00829996
3611,0.00829996
3612,0.00829996
3613,0.00829996
3614,0.00822345
3615,0.00822345
3616,0.00822345
3617,0.00822345
3618,0.00822345
3619,0.00822345
3620,0.00822345
3621,0.00822345
3622,0.00822345
3623,0.00822345
3624,0.00818873
3625,0.00818873
3626,0.00818873
3627,0.00818873
3628,0.00818873
3629,0.00818873
3630,0.00818873
3631,0.00818873
3632,0.00818873
3633,0.00818873
3634,0.00828999
3635,0.00829998
3636,0.00829998
3637,0.00829897
3638,0.00820003
3639,0.00820003
3640,0.00829997
3641,0.00829997
3642,0.00829997
3643,0.00829997
3644,0.00829997
3645,0.00820006
3646,0.00820006
3647,0.00820006
3648,0.00829
3649,0.00818846
3650,0.00818846
3651,0.00818846
3652,0.00818846
3653,0.00818846
3654,0.00818846
3655,0.00818846
3656,0.00818846
3657,0.00829
3658,0.00829
3659,0.00829
3660,0.00829
3661,0.00829
3662,0.008299
3663,0.008299
3664,0.008299
3665,0.008299
3666,0.008299
3667,0.008299
3668,0.00829998
3669,0.00829998
3670,0.00829998
3671,0.00829998
3672,0.0082999
3673,0.0082999
3674,0.0082999
3675,0.008299
3676,0.008299
3677,0.008299
3678,0.008299
3679,0.0082999
3680,0.0082999
3681,0.0082999
3682,0.0082999
3683,0.0082999
3684,0.008299
3685,0.008299
3686,0.008299
3687,0.008299
3688,0.008299
3689,0.008299
3690,0.0082999
3691,0.0082999
3692,0.0082999
3693,0.0082999
3694,0.0082999
3695,0.0082999
3696,0.0082999
3697,0.0082999
3698,0.0082999
3699,0.0083
3700,0.0083
3701,0.008299
3702,0.00837142
3703,0.00821646
3704,0.00821647
3705,0.00821647
3706,0.0084
3707,0.0084
3708,0.00827033
3709,0.00832169
3710,0.00832169
3711,0.00832169
3712,0.00833979
3713,0.00835019
3714,0.00835019
3715,0.00835019
3716,0.00832261
3717,0.0083226
3718,0.0083226
3719,0.0083226
3720,0.0083226
3721,0.00833979
3722,0.0083407
3723,0.0083407
3724,0.0083407
3725,0.0083407
3726,0.0083407
3727,0.0083407
3728,0.0083407
3729,0.00839999
3730,0.0083407
3731,0.0083407
3732,0.0083407
3733,0.00831427
3734,0.00827821
3735,0.00827821
3736,0.00827821
3737,0.00827821
3738,0.00827397
3739,0.00827033
3740,0.00827033
3741,0.00827033
3742,0.00827033
3743,0.00827033
3744,0.00827032
3745,0.00827032
3746,0.00826279
3747,0.00826279
3748,0.00826278
3749,0.00826278
3750,0.00826154
3751,0.00834069
3752,0.00834069
3753,0.00834069
3754,0.00834069
3755,0.00834069
3756,0.00826157
3757,0.00826157
3758,0.00826157
3759,0.00826157
3760,0.00826157
3761,0.00826157
3762,0.00826157
3763,0.00824725
3764,0.00826157
3765,0.00826157
3766,0.00826157
3767,0.00826501
3768,0.00826501
3769,0.00826501
3770,0.00826501
3771,0.00826501
3772,0.00826501
3773,0.00826501
3774,0.00826501
3775,0.00826501
3776,0.00826501
3777,0.00826501
3778,0.0082868
3779,0.0084
3780,0.0084
3781,0.0084
3782,0.00827039
3783,0.00827042
3784,0.00827042
3785,0.00827042
3786,0.00827725
3787,0.00827725
3788,0.00827725
3789,0.00827725
3790,0.00827725
3791,0.00827725
3792,0.00827725
3793,0.00827725
3794,0.00845151
3795,0.00845151
3796,0.00845151
3797,0.00845151
3798,0.00845151
3799,0.00845151
3800,0.00835302
3801,0.00835302
3802,0.00835302
3803,0.00835302
3804,0.00835303
3805,0.00835303
3806,0.00835303
3807,0.00835302
3808,0.00835302
3809,0.00835302
3810,0.00835302
3811,0.00835302
3812,0.00835302
3813,0.00835302
3814,0.00835302
3815,0.00835302
3816,0.00835302
3817,0.00835302
3818,0.00835302
3819,0.00835302
3820,0.00835302
3821,0.00835302
3822,0.0083522
3823,0.0083522
3824,0.0083522
3825,0.0083522
3826,0.0083522
3827,0.0083522
3828,0.0083522
3829,0.0083522
3830,0.0083522
3831,0.0083522
3832,0.0083522
3833,0.0083522
3834,0.0083522
3835,0.0083522
3836,0.0083522
3837,0.0083522
3838,0.0083522
3839,0.0083522
3840,0.0083522
3841,0.0083522
3842,0.0083522
3843,0.0083522
3844,0.0083522
3845,0.0083522
3846,0.0083522
3847,0.0083522
3848,0.0083522
3849,0.0083522
3850,0.0083522
3851,0.0083522
3852,0.0083522
3853,0.0083522
3854,0.0083522
3855,0.0083522
3856,0.0083522
3857,0.0083522
3858,0.0083522
3859,0.0083522
3860,0.0083522
3861,0.0083522
3862,0.0083522
3863,0.0083522
3864,0.0083522
3865,0.0083522
3866,0.00827986
3867,0.00827986
3868,0.00827986
3869,0.00827986
3870,0.00827986
3871,0.00827986
3872,0.00827986
3873,0.00827986
3874,0.00827986
3875,0.00827986
3876,0.00827986
3877,0.00827986
3878,0.00827986
3879,0.00827986
3880,0.00826279
3881,0.00826279
3882,0.00826279
3883,0.0083438
3884,0.0083438
3885,0.0083438
3886,0.0083438
3887,0.0083438
3888,0.00834379
3889,0.00834379
3890,0.00834379
3891,0.00834379
3892,0.00834379
3893,0.00834379
3894,0.00834379
3895,0.00834383
3896,0.00834383
3897,0.00834384
3898,0.00834384
3899,0.00834384
3900,0.00834384
3901,0.00834384
3902,0.00834384
3903,0.00834384
3904,0.00834384
3905,0.00834379
3906,0.00834379
3907,0.00834379
3908,0.00834379
3909,0.00834379
3910,0.00834379
3911,0.00834379
3912,0.00834379
3913,0.00834379
3914,0.00834379
3915,0.00834379
3916,0.00834379
3917,0.00834379
3918,0.00834379
3919,0.00826281
3920,0.00826281
3921,0.00826281
3922,0.00826281
3923,0.00826281
3924,0.00826281
3925,0.00826281
3926,0.00826281
3927,0.00826281
3928,0.00826281
3929,0.00826281
3930,0.00826281
3931,0.00826308
3932,0.00826308
3933,0.00826308
3934,0.00826308
3935,0.00826308
3936,0.00826318
3937,0.00826318
3938,0.00826323
3939,0.00826323
3940,0.00826323
3941,0.00826323
3942,0.00826323
3943,0.00826323
3944,0.00826323
3945,0.00826323
3946,0.00834378
3947,0.00834378
3948,0.00834378
3949,0.00834378
3950,0.00834378
3951,0.00834378
3952,0.00834378
3953,0.00834378
3954,0.00834378
3955,0.00834378
3956,0.00834378
3957,0.00834374
3958,0.00834374
3959,0.00834374
3960,0.00834374
3961,0.0082637
3962,0.0082637
3963,0.00826374
3964,0.00826376
3965,0.00826376
3966,0.00826376
3967,0.00826376
3968,0.00826376
3969,0.00826376
3970,0.00826376
3971,0.00826376
3972,0.00826376
3973,0.00826376
3974,0.00826376
3975,0.00826376
3976,0.00826376
3977,0.00826376
3978,0.00826376
3979,0.00826376
3980,0.00826376
3981,0.00826376
3982,0.00826376
3983,0.00826376
3984,0.00826376
3985,0.00826376
3986,0.00826376
3987,0.00826376
3988,0.00826417
3989,0.00826417
3990,0.00826417
3991,0.00826417
3992,0.00826417
3993,0.00826417
3994,0.00826417
3995,0.00826417
3996,0.00826427
3997,0.00826427
3998,0.00826427
3999,0.00826427
4000,0.00826427
4001,0.00826427
4002,0.00826427
4003,0.00826427
4004,0.00826427
4005,0.00826427
4006,0.0082629
4007,0.0082629
4008,0.00826292
4009,0.00826292
4010,0.00826292
4011,0.00834258
4012,0.00834258
4013,0.008263
4014,0.008263
4015,0.00826303
4016,0.00826303
4017,0.00826303
4018,0.00826303
4019,0.00826303
4020,0.00826303
4021,0.00826303
4022,0.00826321
4023,0.00826321
4024,0.00826321
4025,0.00826321
4026,0.00834384
4027,0.00834384
4028,0.00834384
4029,0.00834384
4030,0.00834384
4031,0.00834384
4032,0.00834384
4033,0.00834384
4034,0.00834384
4035,0.00834384
4036,0.00834384
4037,0.00834384
4038,0.00834384
4039,0.00834384
4040,0.00834384
4041,0.00834384
4042,0.00834384
4043,0.00834384
4044,0.00834384
4045,0.00834384
4046,0.00826278
4047,0.00826278
4048,0.00826278
4049,0.00826278
4050,0.00826278
4051,0.00826278
4052,0.00826278
4053,0.00826278
4054,0.00826278
4055,0.00826278
4056,0.00826278
4057,0.00826278
4058,0.00826278
4059,0.00826278
4060,0.00826278
4061,0.00826278
4062,0.00826278
4063,0.0083
4064,0.0083
4065,0.00826038
4066,0.00826038
4067,0.00826038
4068,0.00828
4069,0.00828
4070,0.00828
4071,0.00828
4072,0.00828
4073,0.00828
4074,0.00828
4075,0.00828
4076,0.00828
4077,0.00828
4078,0.00828
4079,0.00828
4080,0.00828
4081,0.00828
4082,0.00828
4083,0.00828
4084,0.00828
4085,0.00828
4086,0.00828
4087,0.00828
4088,0.00828
4089,0.00828
4090,0.00828
4091,0.00828
4092,0.00828
4093,0.00828
4094,0.00831147
4095,0.00831147
4096,0.00831147
4097,0.00831147
4098,0.00831147
4099,0.00828
4100,0.00828
4101,0.00828
4102,0.00828
4103,0.00828
4104,0.00826037
4105,0.00826037
4106,0.00826037
4107,0.00826037
4108,0.00826037
4109,0.00826037
4110,0.00826037
4111,0.00826037
4112,0.00826037
4113,0.00826037
4114,0.00826037
4115,0.00826037
4116,0.00826037
4117,0.00826037
4118,0.00826277
4119,0.00826277
4120,0.00826277
4121,0.00826277
4122,0.00826277
4123,0.00826277
4124,0.00826277
4125,0.00826277
4126,0.00826277
4127,0.00826277
4128,0.00826277
4129,0.00826277
4130,0.00826277
4131,0.00826277
4132,0.00828711
4133,0.00828711
4134,0.00828711
4135,0.00828711
4136,0.00828711
4137,0.00828711
4138,0.00828711
4139,0.00828711
4140,0.00828711
4141,0.00828711
4142,0.00828711
4143,0.00828711
4144,0.00834264
4145,0.00834264
4146,0.00834264
4147,0.00835302
4148,0.00826278
4149,0.00826278
4150,0.00826278
4151,0.00826278
4152,0.00826278
4153,0.00826278
4154,0.00826278
4155,0.00826278
4156,0.00826278
4157,0.00826278
4158,0.00826278
4159,0.00826278
4160,0.00826278
4161,0.00826278
4162,0.00826278
4163,0.00826278
4164,0.00826278
4165,0.00826278
4166,0.00826278
4167,0.00826278
4168,0.00826278
4169,0.00826278
4170,0.00829347
4171,0.00841036
4172,0.00841036
4173,0.00830353
4174,0.00841035
4175,0.00841035
4176,0.00841035
4177,0.00841035
4178,0.00839035
4179,0.00839035
4180,0.00839035
4181,0.00839035
4182,0.00839035
4183,0.00839035
4184,0.00839035
4185,0.00839035
4186,0.00839035
4187,0.00839035
4188,0.00839035
4189,0.00839035
4190,0.00839035
4191,0.00839035
4192,0.00839035
4193,0.00839035
4194,0.00839035
4195,0.00839035
4196,0.00839035
4197,0.00839035
4198,0.00839035
4199,0.00839035
4200,0.00839035
4201,0.00839035
4202,0.00839035
4203,0.00839035
4204,0.00839035
4205,0.00839035
4206,0.00839035
4207,0.00839035
4208,0.00839035
4209,0.00839035
4210,0.00839035
4211,0.00839035
4212,0.00839035
4213,0.00839035
4214,0.00839035
4215,0.00839035
4216,0.00839035
4217,0.00839035
4218,0.00839035
4219,0.00839035
4220,0.00839035
4221,0.00832323
4222,0.00832323
4223,0.00832323
4224,0.00839035
4225,0.00839035
4226,0.00839035
4227,0.00832323
4228,0.00832323
4229,0.00832323
4230,0.00832323
4231,0.00832323
4232,0.00832323
4233,0.00832323
4234,0.00832323
4235,0.00832323
4236,0.00826277
4237,0.00826277
4238,0.00826277
4239,0.00826277
4240,0.00826277
4241,0.00826277
4242,0.00831685
4243,0.00831685
4244,0.00831685
4245,0.00831685
4246,0.00831685
4247,0.00831685
4248,0.00831685
4249,0.00831685
4250,0.00831685
4251,0.00831685
4252,0.00826277
4253,0.00826277
4254,0.00826037
4255,0.00826037
4256,0.00826037
4257,0.00825183
4258,0.00825183
4259,0.00826037
4260,0.00826037
4261,0.00826037
4262,0.00826037
4263,0.00826037
4264,0.00826037
4265,0.00826037
4266,0.00826037
4267,0.00826037
4268,0.00826037
4269,0.00826037
4270,0.00826037
4271,0.00826037
4272,0.00826037
4273,0.00826037
4274,0.00826037
4275,0.00826037
4276,0.00826037
4277,0.00826037
4278,0.00826037
4279,0.00826037
4280,0.00826037
4281,0.00826037
4282,0.00826037
4283,0.00826037
