0,4.524e-05
1,4.524e-05
2,4.525e-05
3,4.519e-05
4,4.517e-05
5,4.524e-05
6,4.524e-05
7,4.524e-05
8,4.524e-05
9,4.524e-05
10,4.524e-05
11,4.527e-05
12,4.524e-05
13,4.524e-05
14,4.524e-05
15,4.526e-05
16,4.524e-05
17,4.526e-05
18,4.526e-05
19,4.526e-05
20,4.526e-05
21,4.526e-05
22,4.524e-05
23,4.528e-05
24,4.524e-05
25,4.524e-05
26,4.532e-05
27,4.532e-05
28,4.532e-05
29,4.532e-05
30,4.532e-05
31,4.526e-05
32,4.526e-05
33,4.531e-05
34,4.524e-05
35,4.531e-05
36,4.531e-05
37,4.531e-05
38,4.531e-05
39,4.524e-05
40,4.524e-05
41,4.524e-05
42,4.524e-05
43,4.524e-05
44,4.535e-05
45,4.535e-05
46,4.533e-05
47,4.533e-05
48,4.532e-05
49,4.525e-05
50,4.525e-05
51,4.524e-05
52,4.524e-05
53,4.524e-05
54,4.524e-05
55,4.524e-05
56,4.517e-05
57,4.517e-05
58,4.517e-05
59,4.521e-05
60,4.521e-05
61,4.52e-05
62,4.517e-05
63,4.515e-05
64,4.503e-05
65,4.503e-05
66,4.503e-05
67,4.514e-05
68,4.515e-05
69,4.514e-05
70,4.514e-05
71,4.512e-05
72,4.502e-05
73,4.511e-05
74,4.512e-05
75,4.512e-05
76,4.506e-05
77,4.507e-05
78,4.502e-05
79,4.501e-05
80,4.5e-05
81,4.507e-05
82,4.501e-05
83,4.5e-05
84,4.501e-05
85,4.5e-05
86,4.5e-05
87,4.5e-05
88,4.5e-05
89,4.499e-05
90,4.499e-05
91,4.498e-05
92,4.496e-05
93,4.5e-05
94,4.5e-05
95,4.498e-05
96,4.498e-05
97,4.496e-05
98,4.483e-05
99,4.484e-05
100,4.481e-05
101,4.498e-05
102,4.498e-05
103,4.48e-05
104,4.48e-05
105,4.49e-05
106,4.489e-05
107,4.489e-05
108,4.489e-05
109,4.489e-05
110,4.489e-05
111,4.48e-05
112,4.484e-05
113,4.484e-05
114,4.484e-05
115,4.481e-05
116,4.484e-05
117,4.484e-05
118,4.484e-05
119,4.48e-05
120,4.481e-05
121,4.48e-05
122,4.477e-05
123,4.476e-05
124,4.487e-05
125,4.482e-05
126,4.48e-05
127,4.48e-05
128,4.476e-05
129,4.476e-05
130,4.475e-05
131,4.475e-05
132,4.514e-05
133,4.515e-05
134,4.515e-05
135,4.481e-05
136,4.507e-05
137,4.505e-05
138,4.505e-05
139,4.505e-05
140,4.505e-05
141,4.5e-05
142,4.5e-05
143,4.509e-05
144,4.509e-05
145,4.503e-05
146,4.502e-05
147,4.502e-05
148,4.502e-05
149,4.502e-05
150,4.509e-05
151,4.509e-05
152,4.498e-05
153,4.502e-05
154,4.501e-05
155,4.501e-05
156,4.5e-05
157,4.5e-05
158,4.502e-05
159,4.502e-05
160,4.502e-05
161,4.501e-05
162,4.502e-05
163,4.5e-05
164,4.5e-05
165,4.502e-05
166,4.502e-05
167,4.502e-05
168,4.501e-05
169,4.5e-05
170,4.5e-05
171,4.5e-05
172,4.502e-05
173,4.5e-05
174,4.515e-05
175,4.5e-05
176,4.499e-05
177,4.499e-05
178,4.499e-05
179,4.5e-05
180,4.499e-05
181,4.499e-05
182,4.5e-05
183,4.525e-05
184,4.501e-05
185,4.504e-05
186,4.52e-05
187,4.52e-05
188,4.515e-05
189,4.515e-05
190,4.515e-05
191,4.515e-05
192,4.515e-05
193,4.515e-05
194,4.515e-05
195,4.515e-05
196,4.515e-05
197,4.515e-05
198,4.515e-05
199,4.5e-05
200,4.499e-05
201,4.499e-05
202,4.505e-05
203,4.5e-05
204,4.5e-05
205,4.5e-05
206,4.5e-05
207,4.5e-05
208,4.5e-05
209,4.5e-05
210,4.5e-05
211,4.482e-05
212,4.481e-05
213,4.481e-05
214,4.48e-05
215,4.484e-05
216,4.484e-05
217,4.484e-05
218,4.489e-05
219,4.489e-05
220,4.489e-05
221,4.485e-05
222,4.485e-05
223,4.485e-05
224,4.485e-05
225,4.485e-05
226,4.485e-05
227,4.485e-05
228,4.483e-05
229,4.48e-05
230,4.484e-05
231,4.476e-05
232,4.476e-05
233,4.476e-05
234,4.476e-05
235,4.476e-05
236,4.476e-05
237,4.476e-05
238,4.475e-05
239,4.476e-05
240,4.476e-05
241,4.475e-05
242,4.475e-05
243,4.475e-05
244,4.475e-05
245,4.475e-05
246,4.475e-05
247,4.476e-05
248,4.475e-05
249,4.474e-05
250,4.474e-05
251,4.474e-05
252,4.475e-05
253,4.473e-05
254,4.473e-05
255,4.473e-05
256,4.473e-05
257,4.473e-05
258,4.473e-05
259,4.473e-05
260,4.473e-05
261,4.475e-05
262,4.473e-05
263,4.473e-05
264,4.473e-05
265,4.473e-05
266,4.473e-05
267,4.469e-05
268,4.47e-05
269,4.469e-05
270,4.475e-05
271,4.475e-05
272,4.47e-05
273,4.473e-05
274,4.47e-05
275,4.47e-05
276,4.469e-05
277,4.469e-05
278,4.47e-05
279,4.469e-05
280,4.467e-05
281,4.467e-05
282,4.467e-05
283,4.467e-05
284,4.467e-05
285,4.467e-05
286,4.467e-05
287,4.466e-05
288,4.467e-05
289,4.467e-05
290,4.474e-05
291,4.474e-05
292,4.475e-05
293,4.475e-05
294,4.475e-05
295,4.467e-05
296,4.467e-05
297,4.467e-05
298,4.467e-05
299,4.484e-05
300,4.484e-05
301,4.484e-05
302,4.484e-05
303,4.484e-05
304,4.469e-05
305,4.46e-05
306,4.46e-05
307,4.459e-05
308,4.459e-05
309,4.459e-05
310,4.457e-05
311,4.459e-05
312,4.459e-05
313,4.459e-05
314,4.458e-05
315,4.458e-05
316,4.458e-05
317,4.458e-05
318,4.46e-05
319,4.46e-05
320,4.483e-05
321,4.483e-05
322,4.483e-05
323,4.483e-05
324,4.483e-05
325,4.483e-05
326,4.483e-05
327,4.475e-05
328,4.483e-05
329,4.483e-05
330,4.483e-05
331,4.475e-05
332,4.475e-05
333,4.483e-05
334,4.483e-05
335,4.475e-05
336,4.48e-05
337,4.48e-05
338,4.48e-05
339,4.48e-05
340,4.48e-05
341,4.48e-05
342,4.48e-05
343,4.468e-05
344,4.468e-05
345,4.485e-05
346,4.466e-05
347,4.466e-05
348,4.468e-05
349,4.484e-05
350,4.475e-05
351,4.475e-05
352,4.474e-05
353,4.474e-05
354,4.474e-05
355,4.474e-05
356,4.474e-05
357,4.474e-05
358,4.468e-05
359,4.469e-05
360,4.474e-05
361,4.468e-05
362,4.468e-05
363,4.469e-05
364,4.469e-05
365,4.469e-05
366,4.469e-05
367,4.469e-05
368,4.468e-05
369,4.47e-05
370,4.469e-05
371,4.468e-05
372,4.468e-05
373,4.469e-05
374,4.469e-05
375,4.469e-05
376,4.469e-05
377,4.469e-05
378,4.469e-05
379,4.469e-05
380,4.469e-05
381,4.469e-05
382,4.469e-05
383,4.469e-05
384,4.468e-05
385,4.468e-05
386,4.468e-05
387,4.468e-05
388,4.467e-05
389,4.467e-05
390,4.467e-05
391,4.467e-05
392,4.469e-05
393,4.469e-05
394,4.469e-05
395,4.469e-05
396,4.468e-05
397,4.468e-05
398,4.469e-05
399,4.469e-05
400,4.469e-05
401,4.469e-05
402,4.469e-05
403,4.469e-05
404,4.469e-05
405,4.469e-05
406,4.469e-05
407,4.469e-05
408,4.469e-05
409,4.469e-05
410,4.469e-05
411,4.469e-05
412,4.469e-05
413,4.469e-05
414,4.469e-05
415,4.469e-05
416,4.469e-05
417,4.46e-05
418,4.464e-05
419,4.464e-05
420,4.46e-05
421,4.463e-05
422,4.463e-05
423,4.466e-05
424,4.466e-05
425,4.465e-05
426,4.465e-05
427,4.465e-05
428,4.465e-05
429,4.465e-05
430,4.465e-05
431,4.464e-05
432,4.465e-05
433,4.463e-05
434,4.463e-05
435,4.461e-05
436,4.463e-05
437,4.461e-05
438,4.461e-05
439,4.459e-05
440,4.457e-05
441,4.457e-05
442,4.457e-05
443,4.453e-05
444,4.46e-05
445,4.46e-05
446,4.46e-05
447,4.457e-05
448,4.458e-05
449,4.458e-05
450,4.457e-05
451,4.458e-05
452,4.458e-05
453,4.45e-05
454,4.458e-05
455,4.465e-05
456,4.466e-05
457,4.466e-05
458,4.454e-05
459,4.454e-05
460,4.462e-05
461,4.46e-05
462,4.456e-05
463,4.456e-05
464,4.458e-05
465,4.458e-05
466,4.462e-05
467,4.462e-05
468,4.463e-05
469,4.463e-05
470,4.462e-05
471,4.464e-05
472,4.465e-05
473,4.465e-05
474,4.464e-05
475,4.462e-05
476,4.456e-05
477,4.456e-05
478,4.462e-05
479,4.462e-05
480,4.463e-05
481,4.463e-05
482,4.462e-05
483,4.462e-05
484,4.463e-05
485,4.463e-05
486,4.465e-05
487,4.462e-05
488,4.462e-05
489,4.465e-05
490,4.465e-05
491,4.465e-05
492,4.465e-05
493,4.463e-05
494,4.462e-05
495,4.462e-05
496,4.462e-05
497,4.462e-05
498,4.462e-05
499,4.462e-05
500,4.463e-05
501,4.463e-05
502,4.463e-05
503,4.463e-05
504,4.463e-05
505,4.463e-05
506,4.464e-05
507,4.464e-05
508,4.464e-05
509,4.458e-05
510,4.463e-05
511,4.461e-05
512,4.461e-05
513,4.458e-05
514,4.458e-05
515,4.458e-05
516,4.458e-05
517,4.462e-05
518,4.458e-05
519,4.458e-05
520,4.458e-05
521,4.457e-05
522,4.46e-05
523,4.46e-05
524,4.46e-05
525,4.463e-05
526,4.465e-05
527,4.465e-05
528,4.453e-05
529,4.453e-05
530,4.454e-05
531,4.455e-05
532,4.455e-05
533,4.455e-05
534,4.456e-05
535,4.455e-05
536,4.455e-05
537,4.455e-05
538,4.456e-05
539,4.456e-05
540,4.465e-05
541,4.465e-05
542,4.455e-05
543,4.453e-05
544,4.453e-05
545,4.454e-05
546,4.454e-05
547,4.454e-05
548,4.455e-05
549,4.455e-05
550,4.455e-05
551,4.454e-05
552,4.455e-05
553,4.455e-05
554,4.464e-05
555,4.465e-05
556,4.454e-05
557,4.454e-05
558,4.46e-05
559,4.46e-05
560,4.46e-05
561,4.46e-05
562,4.46e-05
563,4.46e-05
564,4.465e-05
565,4.46e-05
566,4.46e-05
567,4.465e-05
568,4.465e-05
569,4.46e-05
570,4.46e-05
571,4.46e-05
572,4.46e-05
573,4.455e-05
574,4.455e-05
575,4.455e-05
576,4.455e-05
577,4.457e-05
578,4.455e-05
579,4.477e-05
580,4.477e-05
581,4.477e-05
582,4.478e-05
583,4.476e-05
584,4.476e-05
585,4.473e-05
586,4.473e-05
587,4.467e-05
588,4.468e-05
589,4.469e-05
590,4.46e-05
591,4.469e-05
592,4.451e-05
593,4.447e-05
594,4.438e-05
595,4.447e-05
596,4.447e-05
597,4.447e-05
598,4.447e-05
599,4.447e-05
600,4.447e-05
601,4.447e-05
602,4.447e-05
603,4.447e-05
604,4.447e-05
605,4.438e-05
606,4.438e-05
607,4.438e-05
608,4.456e-05
609,4.438e-05
610,4.456e-05
611,4.439e-05
612,4.456e-05
613,4.456e-05
614,4.456e-05
615,4.458e-05
616,4.456e-05
617,4.456e-05
618,4.458e-05
619,4.458e-05
620,4.459e-05
621,4.456e-05
622,4.456e-05
623,4.456e-05
624,4.459e-05
625,4.459e-05
626,4.46e-05
627,4.46e-05
628,4.464e-05
629,4.472e-05
630,4.472e-05
631,4.464e-05
632,4.464e-05
633,4.46e-05
634,4.464e-05
635,4.46e-05
636,4.46e-05
637,4.46e-05
638,4.46e-05
639,4.46e-05
640,4.462e-05
641,4.462e-05
642,4.462e-05
643,4.46e-05
644,4.46e-05
645,4.46e-05
646,4.46e-05
647,4.46e-05
648,4.46e-05
649,4.46e-05
650,4.456e-05
651,4.456e-05
652,4.457e-05
653,4.457e-05
654,4.456e-05
655,4.456e-05
656,4.456e-05
657,4.456e-05
658,4.456e-05
659,4.456e-05
660,4.456e-05
661,4.456e-05
662,4.456e-05
663,4.456e-05
664,4.449e-05
665,4.443e-05
666,4.443e-05
667,4.443e-05
668,4.442e-05
669,4.442e-05
670,4.442e-05
671,4.442e-05
672,4.442e-05
673,4.441e-05
674,4.441e-05
675,4.442e-05
676,4.442e-05
677,4.442e-05
678,4.443e-05
679,4.455e-05
680,4.45e-05
681,4.451e-05
682,4.451e-05
683,4.451e-05
684,4.45e-05
685,4.451e-05
686,4.445e-05
687,4.45e-05
688,4.45e-05
689,4.45e-05
690,4.422e-05
691,4.423e-05
692,4.433e-05
693,4.423e-05
694,4.423e-05
695,4.444e-05
696,4.435e-05
697,4.424e-05
698,4.424e-05
699,4.423e-05
700,4.445e-05
701,4.418e-05
702,4.418e-05
703,4.445e-05
704,4.445e-05
705,4.445e-05
706,4.445e-05
707,4.445e-05
708,4.445e-05
709,4.445e-05
710,4.426e-05
711,4.445e-05
712,4.427e-05
713,4.427e-05
714,4.427e-05
715,4.442e-05
716,4.442e-05
717,4.442e-05
718,4.442e-05
719,4.44e-05
720,4.455e-05
721,4.442e-05
722,4.46e-05
723,4.442e-05
724,4.454e-05
725,4.454e-05
726,4.454e-05
727,4.443e-05
728,4.442e-05
729,4.442e-05
730,4.442e-05
731,4.44e-05
732,4.434e-05
733,4.434e-05
734,4.426e-05
735,4.44e-05
736,4.439e-05
737,4.435e-05
738,4.435e-05
739,4.435e-05
740,4.435e-05
741,4.435e-05
742,4.435e-05
743,4.44e-05
744,4.44e-05
745,4.441e-05
746,4.442e-05
747,4.442e-05
748,4.441e-05
749,4.442e-05
750,4.442e-05
751,4.441e-05
752,4.442e-05
753,4.44e-05
754,4.44e-05
755,4.428e-05
756,4.428e-05
757,4.429e-05
758,4.429e-05
759,4.428e-05
760,4.428e-05
761,4.428e-05
762,4.428e-05
763,4.416e-05
764,4.428e-05
765,4.427e-05
766,4.418e-05
767,4.416e-05
768,4.416e-05
769,4.405e-05
770,4.415e-05
771,4.436e-05
772,4.436e-05
773,4.432e-05
774,4.432e-05
775,4.432e-05
776,4.422e-05
777,4.403e-05
778,4.417e-05
779,4.417e-05
780,4.427e-05
781,4.426e-05
782,4.422e-05
783,4.411e-05
784,4.411e-05
785,4.411e-05
786,4.422e-05
787,4.422e-05
788,4.42e-05
789,4.42e-05
790,4.42e-05
791,4.411e-05
792,4.411e-05
793,4.41e-05
794,4.41e-05
795,4.412e-05
796,4.409e-05
797,4.409e-05
798,4.403e-05
799,4.403e-05
800,4.409e-05
801,4.409e-05
802,4.409e-05
803,4.409e-05
804,4.408e-05
805,4.409e-05
806,4.409e-05
807,4.41e-05
808,4.41e-05
809,4.409e-05
810,4.409e-05
811,4.41e-05
812,4.41e-05
813,4.41e-05
814,4.41e-05
815,4.422e-05
816,4.422e-05
817,4.422e-05
818,4.42e-05
819,4.419e-05
820,4.423e-05
821,4.423e-05
822,4.432e-05
823,4.432e-05
824,4.432e-05
825,4.439e-05
826,4.439e-05
827,4.432e-05
828,4.432e-05
829,4.445e-05
830,4.445e-05
831,4.447e-05
832,4.452e-05
833,4.452e-05
834,4.449e-05
835,4.448e-05
836,4.457e-05
837,4.45e-05
838,4.45e-05
839,4.45e-05
840,4.448e-05
841,4.448e-05
842,4.453e-05
843,4.453e-05
844,4.459e-05
845,4.458e-05
846,4.458e-05
847,4.454e-05
848,4.455e-05
849,4.453e-05
850,4.453e-05
851,4.454e-05
852,4.455e-05
853,4.463e-05
854,4.463e-05
855,4.454e-05
856,4.454e-05
857,4.454e-05
858,4.454e-05
859,4.454e-05
860,4.461e-05
861,4.462e-05
862,4.463e-05
863,4.463e-05
864,4.47e-05
865,4.47e-05
866,4.478e-05
867,4.485e-05
868,4.479e-05
869,4.479e-05
870,4.463e-05
871,4.479e-05
872,4.479e-05
873,4.479e-05
874,4.479e-05
875,4.473e-05
876,4.479e-05
877,4.479e-05
878,4.479e-05
879,4.479e-05
880,4.472e-05
881,4.478e-05
882,4.478e-05
883,4.478e-05
884,4.478e-05
885,4.479e-05
886,4.478e-05
887,4.476e-05
888,4.498e-05
889,4.5e-05
890,4.486e-05
891,4.482e-05
892,4.481e-05
893,4.48e-05
894,4.49e-05
895,4.499e-05
896,4.49e-05
897,4.501e-05
898,4.501e-05
899,4.501e-05
900,4.502e-05
901,4.499e-05
902,4.499e-05
903,4.501e-05
904,4.499e-05
905,4.5e-05
906,4.502e-05
907,4.499e-05
908,4.501e-05
909,4.501e-05
910,4.491e-05
911,4.499e-05
912,4.492e-05
913,4.492e-05
914,4.492e-05
915,4.501e-05
916,4.501e-05
917,4.501e-05
918,4.501e-05
919,4.502e-05
920,4.501e-05
921,4.501e-05
922,4.503e-05
923,4.503e-05
924,4.488e-05
925,4.51e-05
926,4.51e-05
927,4.51e-05
928,4.51e-05
929,4.502e-05
930,4.507e-05
931,4.506e-05
932,4.506e-05
933,4.506e-05
934,4.509e-05
935,4.49e-05
936,4.49e-05
937,4.489e-05
938,4.483e-05
939,4.489e-05
940,4.489e-05
941,4.484e-05
942,4.482e-05
943,4.475e-05
944,4.464e-05
945,4.481e-05
946,4.471e-05
947,4.471e-05
948,4.471e-05
949,4.475e-05
950,4.48e-05
951,4.481e-05
952,4.484e-05
953,4.481e-05
954,4.481e-05
955,4.481e-05
956,4.48e-05
957,4.48e-05
958,4.463e-05
959,4.48e-05
960,4.48e-05
961,4.48e-05
962,4.48e-05
963,4.48e-05
964,4.478e-05
965,4.478e-05
966,4.478e-05
967,4.478e-05
968,4.478e-05
969,4.478e-05
970,4.464e-05
971,4.464e-05
972,4.464e-05
973,4.464e-05
974,4.463e-05
975,4.463e-05
976,4.463e-05
977,4.461e-05
978,4.461e-05
979,4.461e-05
980,4.461e-05
981,4.465e-05
982,4.465e-05
983,4.465e-05
984,4.462e-05
985,4.462e-05
986,4.462e-05
987,4.465e-05
988,4.465e-05
989,4.465e-05
990,4.462e-05
991,4.462e-05
992,4.462e-05
993,4.462e-05
994,4.462e-05
995,4.464e-05
996,4.464e-05
997,4.465e-05
998,4.465e-05
999,4.464e-05
1000,4.464e-05
1001,4.464e-05
1002,4.464e-05
1003,4.462e-05
1004,4.462e-05
1005,4.465e-05
1006,4.462e-05
1007,4.462e-05
1008,4.462e-05
1009,4.462e-05
1010,4.464e-05
1011,4.462e-05
1012,4.462e-05
1013,4.462e-05
1014,4.463e-05
1015,4.464e-05
1016,4.464e-05
1017,4.462e-05
1018,4.462e-05
1019,4.462e-05
1020,4.462e-05
1021,4.461e-05
1022,4.462e-05
1023,4.461e-05
1024,4.442e-05
1025,4.43e-05
1026,4.43e-05
1027,4.428e-05
1028,4.43e-05
1029,4.429e-05
1030,4.402e-05
1031,4.424e-05
1032,4.424e-05
1033,4.424e-05
1034,4.423e-05
1035,4.4e-05
1036,4.421e-05
1037,4.421e-05
1038,4.421e-05
1039,4.413e-05
1040,4.421e-05
1041,4.413e-05
1042,4.421e-05
1043,4.413e-05
1044,4.421e-05
1045,4.42e-05
1046,4.413e-05
1047,4.415e-05
1048,4.423e-05
1049,4.422e-05
1050,4.413e-05
1051,4.413e-05
1052,4.424e-05
1053,4.406e-05
1054,4.407e-05
1055,4.416e-05
1056,4.422e-05
1057,4.424e-05
1058,4.416e-05
1059,4.416e-05
1060,4.407e-05
1061,4.407e-05
1062,4.422e-05
1063,4.424e-05
1064,4.42e-05
1065,4.42e-05
1066,4.407e-05
1067,4.407e-05
1068,4.407e-05
1069,4.407e-05
1070,4.407e-05
1071,4.407e-05
1072,4.407e-05
1073,4.406e-05
1074,4.407e-05
1075,4.407e-05
1076,4.407e-05
1077,4.407e-05
1078,4.407e-05
1079,4.407e-05
1080,4.407e-05
1081,4.407e-05
1082,4.407e-05
1083,4.407e-05
1084,4.407e-05
1085,4.405e-05
1086,4.407e-05
1087,4.407e-05
1088,4.406e-05
1089,4.407e-05
1090,4.407e-05
1091,4.406e-05
1092,4.406e-05
1093,4.406e-05
1094,4.405e-05
1095,4.405e-05
1096,4.405e-05
1097,4.405e-05
1098,4.405e-05
1099,4.405e-05
1100,4.406e-05
1101,4.405e-05
1102,4.405e-05
1103,4.405e-05
1104,4.405e-05
1105,4.405e-05
1106,4.404e-05
1107,4.404e-05
1108,4.403e-05
1109,4.4e-05
1110,4.398e-05
1111,4.402e-05
1112,4.398e-05
1113,4.403e-05
1114,4.398e-05
1115,4.398e-05
1116,4.399e-05
1117,4.401e-05
1118,4.401e-05
1119,4.4e-05
1120,4.398e-05
1121,4.401e-05
1122,4.402e-05
1123,4.4e-05
1124,4.402e-05
1125,4.403e-05
1126,4.401e-05
1127,4.4e-05
1128,4.424e-05
1129,4.425e-05
1130,4.428e-05
1131,4.428e-05
1132,4.427e-05
1133,4.427e-05
1134,4.428e-05
1135,4.42e-05
1136,4.424e-05
1137,4.42e-05
1138,4.423e-05
1139,4.423e-05
1140,4.423e-05
1141,4.42e-05
1142,4.42e-05
1143,4.439e-05
1144,4.439e-05
1145,4.424e-05
1146,4.424e-05
1147,4.425e-05
1148,4.424e-05
1149,4.423e-05
1150,4.423e-05
1151,4.435e-05
1152,4.435e-05
1153,4.423e-05
1154,4.423e-05
1155,4.423e-05
1156,4.424e-05
1157,4.423e-05
1158,4.423e-05
1159,4.423e-05
1160,4.423e-05
1161,4.423e-05
1162,4.431e-05
1163,4.431e-05
1164,4.431e-05
1165,4.431e-05
1166,4.431e-05
1167,4.423e-05
1168,4.423e-05
1169,4.423e-05
1170,4.431e-05
1171,4.423e-05
1172,4.431e-05
1173,4.431e-05
1174,4.432e-05
1175,4.432e-05
1176,4.432e-05
1177,4.432e-05
1178,4.433e-05
1179,4.434e-05
1180,4.434e-05
1181,4.433e-05
1182,4.423e-05
1183,4.432e-05
1184,4.433e-05
1185,4.433e-05
1186,4.433e-05
1187,4.433e-05
1188,4.433e-05
1189,4.43e-05
1190,4.429e-05
1191,4.424e-05
1192,4.424e-05
1193,4.424e-05
1194,4.423e-05
1195,4.423e-05
1196,4.423e-05
1197,4.424e-05
1198,4.424e-05
1199,4.424e-05
1200,4.424e-05
1201,4.424e-05
1202,4.424e-05
1203,4.424e-05
1204,4.424e-05
1205,4.424e-05
1206,4.424e-05
1207,4.399e-05
1208,4.399e-05
1209,4.399e-05
1210,4.424e-05
1211,4.423e-05
1212,4.423e-05
1213,4.399e-05
1214,4.399e-05
1215,4.4e-05
1216,4.398e-05
1217,4.399e-05
1218,4.4e-05
1219,4.4e-05
1220,4.398e-05
1221,4.42e-05
1222,4.418e-05
1223,4.421e-05
1224,4.421e-05
1225,4.42e-05
1226,4.42e-05
1227,4.42e-05
1228,4.42e-05
1229,4.42e-05
1230,4.42e-05
1231,4.422e-05
1232,4.422e-05
1233,4.422e-05
1234,4.422e-05
1235,4.422e-05
1236,4.399e-05
1237,4.422e-05
1238,4.421e-05
1239,4.421e-05
1240,4.421e-05
1241,4.42e-05
1242,4.42e-05
1243,4.419e-05
1244,4.399e-05
1245,4.399e-05
1246,4.411e-05
1247,4.399e-05
1248,4.399e-05
1249,4.399e-05
1250,4.399e-05
1251,4.41e-05
1252,4.4e-05
1253,4.41e-05
1254,4.4e-05
1255,4.4e-05
1256,4.4e-05
1257,4.4e-05
1258,4.4e-05
1259,4.398e-05
1260,4.398e-05
1261,4.41e-05
1262,4.41e-05
1263,4.398e-05
1264,4.398e-05
1265,4.409e-05
1266,4.409e-05
1267,4.409e-05
1268,4.41e-05
1269,4.41e-05
1270,4.41e-05
1271,4.41e-05
1272,4.41e-05
1273,4.408e-05
1274,4.399e-05
1275,4.408e-05
1276,4.408e-05
1277,4.404e-05
1278,4.408e-05
1279,4.409e-05
1280,4.407e-05
1281,4.407e-05
1282,4.408e-05
1283,4.408e-05
1284,4.408e-05
1285,4.407e-05
1286,4.398e-05
1287,4.398e-05
1288,4.407e-05
1289,4.398e-05
1290,4.407e-05
1291,4.407e-05
1292,4.407e-05
1293,4.407e-05
1294,4.407e-05
1295,4.407e-05
1296,4.398e-05
1297,4.398e-05
1298,4.398e-05
1299,4.398e-05
1300,4.398e-05
1301,4.386e-05
1302,4.386e-05
1303,4.389e-05
1304,4.387e-05
1305,4.386e-05
1306,4.407e-05
1307,4.385e-05
1308,4.385e-05
1309,4.407e-05
1310,4.407e-05
1311,4.393e-05
1312,4.393e-05
1313,4.393e-05
1314,4.393e-05
1315,4.408e-05
1316,4.408e-05
1317,4.418e-05
1318,4.433e-05
1319,4.433e-05
1320,4.43e-05
1321,4.4e-05
1322,4.4e-05
1323,4.398e-05
1324,4.398e-05
1325,4.4e-05
1326,4.399e-05
1327,4.399e-05
1328,4.399e-05
1329,4.399e-05
1330,4.399e-05
1331,4.399e-05
1332,4.399e-05
1333,4.398e-05
1334,4.398e-05
1335,4.398e-05
1336,4.398e-05
1337,4.398e-05
1338,4.397e-05
1339,4.397e-05
1340,4.397e-05
1341,4.397e-05
1342,4.397e-05
1343,4.397e-05
1344,4.396e-05
1345,4.396e-05
1346,4.396e-05
1347,4.397e-05
1348,4.397e-05
1349,4.381e-05
1350,4.381e-05
1351,4.381e-05
1352,4.381e-05
1353,4.396e-05
1354,4.388e-05
1355,4.381e-05
1356,4.381e-05
1357,4.381e-05
1358,4.381e-05
1359,4.38e-05
1360,4.389e-05
1361,4.395e-05
1362,4.395e-05
1363,4.38e-05
1364,4.395e-05
1365,4.383e-05
1366,4.382e-05
1367,4.383e-05
1368,4.382e-05
1369,4.381e-05
1370,4.382e-05
1371,4.383e-05
1372,4.382e-05
1373,4.38e-05
1374,4.38e-05
1375,4.38e-05
1376,4.383e-05
1377,4.383e-05
1378,4.38e-05
1379,4.38e-05
1380,4.381e-05
1381,4.38e-05
1382,4.381e-05
1383,4.38e-05
1384,4.38e-05
1385,4.38e-05
1386,4.38e-05
1387,4.38e-05
1388,4.381e-05
1389,4.38e-05
1390,4.381e-05
1391,4.38e-05
1392,4.38e-05
1393,4.38e-05
1394,4.38e-05
1395,4.38e-05
1396,4.38e-05
1397,4.38e-05
1398,4.38e-05
1399,4.38e-05
1400,4.38e-05
1401,4.38e-05
1402,4.38e-05
1403,4.38e-05
1404,4.38e-05
1405,4.372e-05
1406,4.377e-05
1407,4.373e-05
1408,4.372e-05
1409,4.374e-05
1410,4.372e-05
1411,4.369e-05
1412,4.369e-05
1413,4.369e-05
1414,4.369e-05
1415,4.368e-05
1416,4.369e-05
1417,4.368e-05
1418,4.369e-05
1419,4.368e-05
1420,4.369e-05
1421,4.369e-05
1422,4.369e-05
1423,4.369e-05
1424,4.372e-05
1425,4.372e-05
1426,4.368e-05
1427,4.372e-05
1428,4.372e-05
1429,4.372e-05
1430,4.372e-05
1431,4.372e-05
1432,4.372e-05
1433,4.37e-05
1434,4.369e-05
1435,4.37e-05
1436,4.368e-05
1437,4.37e-05
1438,4.37e-05
1439,4.37e-05
1440,4.37e-05
1441,4.37e-05
1442,4.37e-05
1443,4.369e-05
1444,4.369e-05
1445,4.368e-05
1446,4.37e-05
1447,4.369e-05
1448,4.37e-05
1449,4.369e-05
1450,4.368e-05
1451,4.371e-05
1452,4.371e-05
1453,4.372e-05
1454,4.379e-05
1455,4.379e-05
1456,4.379e-05
1457,4.379e-05
1458,4.381e-05
1459,4.379e-05
1460,4.38e-05
1461,4.381e-05
1462,4.386e-05
1463,4.401e-05
1464,4.388e-05
1465,4.398e-05
1466,4.395e-05
1467,4.395e-05
1468,4.395e-05
1469,4.395e-05
1470,4.395e-05
1471,4.388e-05
1472,4.397e-05
1473,4.397e-05
1474,4.397e-05
1475,4.397e-05
1476,4.394e-05
1477,4.394e-05
1478,4.392e-05
1479,4.392e-05
1480,4.388e-05
1481,4.388e-05
1482,4.388e-05
1483,4.388e-05
1484,4.388e-05
1485,4.388e-05
1486,4.383e-05
1487,4.383e-05
1488,4.383e-05
1489,4.385e-05
1490,4.385e-05
1491,4.385e-05
1492,4.38e-05
1493,4.38e-05
1494,4.38e-05
1495,4.38e-05
1496,4.378e-05
1497,4.38e-05
1498,4.38e-05
1499,4.38e-05
1500,4.369e-05
1501,4.369e-05
1502,4.379e-05
1503,4.379e-05
1504,4.37e-05
1505,4.37e-05
1506,4.37e-05
1507,4.376e-05
1508,4.366e-05
1509,4.366e-05
1510,4.364e-05
1511,4.363e-05
1512,4.36e-05
1513,4.363e-05
1514,4.362e-05
1515,4.362e-05
1516,4.36e-05
1517,4.36e-05
1518,4.36e-05
1519,4.361e-05
1520,4.36e-05
1521,4.355e-05
1522,4.356e-05
1523,4.354e-05
1524,4.354e-05
1525,4.355e-05
1526,4.354e-05
1527,4.354e-05
1528,4.354e-05
1529,4.354e-05
1530,4.355e-05
1531,4.358e-05
1532,4.354e-05
1533,4.355e-05
1534,4.355e-05
1535,4.354e-05
1536,4.354e-05
1537,4.354e-05
1538,4.354e-05
1539,4.355e-05
1540,4.351e-05
1541,4.355e-05
1542,4.355e-05
1543,4.36e-05
1544,4.35e-05
1545,4.36e-05
1546,4.35e-05
1547,4.364e-05
1548,4.363e-05
1549,4.363e-05
1550,4.363e-05
1551,4.36e-05
1552,4.355e-05
1553,4.355e-05
1554,4.354e-05
1555,4.356e-05
1556,4.356e-05
1557,4.363e-05
1558,4.356e-05
1559,4.355e-05
1560,4.356e-05
1561,4.355e-05
1562,4.355e-05
1563,4.354e-05
1564,4.35e-05
1565,4.35e-05
1566,4.35e-05
1567,4.35e-05
1568,4.35e-05
1569,4.35e-05
1570,4.35e-05
1571,4.349e-05
1572,4.345e-05
1573,4.345e-05
1574,4.345e-05
1575,4.33e-05
1576,4.33e-05
1577,4.33e-05
1578,4.32e-05
1579,4.313e-05
1580,4.312e-05
1581,4.31e-05
1582,4.31e-05
1583,4.3e-05
1584,4.309e-05
1585,4.3e-05
1586,4.3e-05
1587,4.3e-05
1588,4.297e-05
1589,4.305e-05
1590,4.302e-05
1591,4.296e-05
1592,4.295e-05
1593,4.295e-05
1594,4.294e-05
1595,4.294e-05
1596,4.293e-05
1597,4.294e-05
1598,4.277e-05
1599,4.274e-05
1600,4.276e-05
1601,4.276e-05
1602,4.277e-05
1603,4.295e-05
1604,4.278e-05
1605,4.284e-05
1606,4.279e-05
1607,4.276e-05
1608,4.276e-05
1609,4.287e-05
1610,4.287e-05
1611,4.29e-05
1612,4.289e-05
1613,4.307e-05
1614,4.306e-05
1615,4.307e-05
1616,4.307e-05
1617,4.329e-05
1618,4.307e-05
1619,4.3e-05
1620,4.306e-05
1621,4.29e-05
1622,4.312e-05
1623,4.305e-05
1624,4.299e-05
1625,4.24e-05
1626,4.274e-05
1627,4.272e-05
1628,4.265e-05
1629,4.26e-05
1630,4.25e-05
1631,4.249e-05
1632,4.239e-05
1633,4.239e-05
1634,4.27e-05
1635,4.276e-05
1636,4.274e-05
1637,4.27e-05
1638,4.268e-05
1639,4.264e-05
1640,4.25e-05
1641,4.25e-05
1642,4.227e-05
1643,4.253e-05
1644,4.234e-05
1645,4.211e-05
1646,4.211e-05
1647,4.219e-05
1648,4.219e-05
1649,4.219e-05
1650,4.215e-05
1651,4.208e-05
1652,4.208e-05
1653,4.213e-05
1654,4.206e-05
1655,4.206e-05
1656,4.211e-05
1657,4.206e-05
1658,4.21e-05
1659,4.211e-05
1660,4.183e-05
1661,4.182e-05
1662,4.18e-05
1663,4.173e-05
1664,4.176e-05
1665,4.175e-05
1666,4.158e-05
1667,4.18e-05
1668,4.18e-05
1669,4.156e-05
1670,4.174e-05
1671,4.177e-05
1672,4.174e-05
1673,4.174e-05
1674,4.174e-05
1675,4.159e-05
1676,4.155e-05
1677,4.152e-05
1678,4.154e-05
1679,4.155e-05
1680,4.174e-05
1681,4.174e-05
1682,4.175e-05
1683,4.177e-05
1684,4.177e-05
1685,4.178e-05
1686,4.167e-05
1687,4.172e-05
1688,4.163e-05
1689,4.164e-05
1690,4.133e-05
1691,4.129e-05
1692,4.129e-05
1693,4.125e-05
1694,4.125e-05
1695,4.125e-05
1696,4.123e-05
1697,4.106e-05
1698,4.122e-05
1699,4.118e-05
1700,4.11e-05
1701,4.127e-05
1702,4.126e-05
1703,4.128e-05
1704,4.149e-05
1705,4.164e-05
1706,4.175e-05
1707,4.176e-05
1708,4.208e-05
1709,4.22e-05
1710,4.22e-05
1711,4.22e-05
1712,4.222e-05
1713,4.228e-05
1714,4.265e-05
1715,4.266e-05
1716,4.236e-05
1717,4.239e-05
1718,4.256e-05
1719,4.233e-05
1720,4.242e-05
1721,4.294e-05
1722,4.293e-05
1723,4.25e-05
1724,4.294e-05
1725,4.291e-05
1726,4.293e-05
1727,4.271e-05
1728,4.275e-05
1729,4.3e-05
1730,4.3e-05
1731,4.297e-05
1732,4.311e-05
1733,4.305e-05
1734,4.31e-05
1735,4.314e-05
1736,4.311e-05
1737,4.32e-05
1738,4.324e-05
1739,4.322e-05
1740,4.324e-05
1741,4.288e-05
1742,4.299e-05
1743,4.272e-05
1744,4.273e-05
1745,4.272e-05
1746,4.252e-05
1747,4.252e-05
1748,4.285e-05
1749,4.288e-05
1750,4.288e-05
1751,4.287e-05
1752,4.29e-05
1753,4.29e-05
1754,4.29e-05
1755,4.291e-05
1756,4.299e-05
1757,4.299e-05
1758,4.293e-05
1759,4.293e-05
1760,4.293e-05
1761,4.289e-05
1762,4.28e-05
1763,4.271e-05
1764,4.274e-05
1765,4.29e-05
1766,4.29e-05
1767,4.262e-05
1768,4.262e-05
1769,4.283e-05
1770,4.256e-05
1771,4.29e-05
1772,4.289e-05
1773,4.289e-05
1774,4.269e-05
1775,4.284e-05
1776,4.271e-05
1777,4.285e-05
1778,4.285e-05
1779,4.285e-05
1780,4.285e-05
1781,4.27e-05
1782,4.27e-05
1783,4.28e-05
1784,4.27e-05
1785,4.28e-05
1786,4.279e-05
1787,4.279e-05
1788,4.28e-05
1789,4.275e-05
1790,4.275e-05
1791,4.271e-05
1792,4.271e-05
1793,4.27e-05
1794,4.27e-05
1795,4.255e-05
1796,4.266e-05
1797,4.267e-05
1798,4.265e-05
1799,4.253e-05
1800,4.211e-05
1801,4.208e-05
1802,4.205e-05
1803,4.205e-05
1804,4.2e-05
1805,4.201e-05
1806,4.198e-05
1807,4.195e-05
1808,4.197e-05
1809,4.196e-05
1810,4.183e-05
1811,4.183e-05
1812,4.183e-05
1813,4.186e-05
1814,4.18e-05
1815,4.181e-05
1816,4.203e-05
1817,4.202e-05
1818,4.2e-05
1819,4.2e-05
1820,4.218e-05
1821,4.217e-05
1822,4.21e-05
1823,4.219e-05
1824,4.234e-05
1825,4.239e-05
1826,4.239e-05
1827,4.222e-05
1828,4.239e-05
1829,4.24e-05
1830,4.21e-05
1831,4.227e-05
1832,4.226e-05
1833,4.185e-05
1834,4.297e-05
1835,4.242e-05
1836,4.243e-05
1837,4.245e-05
1838,4.246e-05
1839,4.261e-05
1840,4.231e-05
1841,4.231e-05
1842,4.253e-05
1843,4.235e-05
1844,4.239e-05
1845,4.259e-05
1846,4.259e-05
1847,4.266e-05
1848,4.257e-05
1849,4.253e-05
1850,4.259e-05
1851,4.261e-05
1852,4.264e-05
1853,4.264e-05
1854,4.262e-05
1855,4.266e-05
1856,4.265e-05
1857,4.266e-05
1858,4.265e-05
1859,4.262e-05
1860,4.262e-05
1861,4.264e-05
1862,4.271e-05
1863,4.266e-05
1864,4.271e-05
1865,4.272e-05
1866,4.269e-05
1867,4.279e-05
1868,4.279e-05
1869,4.282e-05
1870,4.271e-05
1871,4.274e-05
1872,4.273e-05
1873,4.276e-05
1874,4.277e-05
1875,4.277e-05
1876,4.282e-05
1877,4.282e-05
1878,4.28e-05
1879,4.281e-05
1880,4.281e-05
1881,4.281e-05
1882,4.284e-05
1883,4.335e-05
1884,4.322e-05
1885,4.317e-05
1886,4.307e-05
1887,4.31e-05
1888,4.3e-05
1889,4.321e-05
1890,4.311e-05
1891,4.331e-05
1892,4.31e-05
1893,4.312e-05
1894,4.323e-05
1895,4.323e-05
1896,4.318e-05
1897,4.312e-05
1898,4.316e-05
1899,4.317e-05
1900,4.313e-05
1901,4.313e-05
1902,4.317e-05
1903,4.323e-05
1904,4.322e-05
1905,4.318e-05
1906,4.317e-05
1907,4.3e-05
1908,4.319e-05
1909,4.319e-05
1910,4.318e-05
1911,4.302e-05
1912,4.302e-05
1913,4.319e-05
1914,4.3e-05
1915,4.314e-05
1916,4.311e-05
1917,4.311e-05
1918,4.311e-05
1919,4.311e-05
1920,4.31e-05
1921,4.311e-05
1922,4.315e-05
1923,4.311e-05
1924,4.311e-05
1925,4.311e-05
1926,4.319e-05
1927,4.311e-05
1928,4.319e-05
1929,4.296e-05
1930,4.258e-05
1931,4.299e-05
1932,4.293e-05
1933,4.293e-05
1934,4.262e-05
1935,4.279e-05
1936,4.258e-05
1937,4.256e-05
1938,4.254e-05
1939,4.261e-05
1940,4.259e-05
1941,4.252e-05
1942,4.252e-05
1943,4.252e-05
1944,4.247e-05
1945,4.244e-05
1946,4.247e-05
1947,4.254e-05
1948,4.251e-05
1949,4.251e-05
1950,4.246e-05
1951,4.246e-05
1952,4.242e-05
1953,4.276e-05
1954,4.245e-05
1955,4.251e-05
1956,4.244e-05
1957,4.235e-05
1958,4.216e-05
1959,4.215e-05
1960,4.215e-05
1961,4.215e-05
1962,4.217e-05
1963,4.236e-05
1964,4.236e-05
1965,4.253e-05
1966,4.253e-05
1967,4.253e-05
1968,4.268e-05
1969,4.236e-05
1970,4.231e-05
1971,4.234e-05
1972,4.26e-05
1973,4.26e-05
1974,4.267e-05
1975,4.26e-05
1976,4.235e-05
1977,4.237e-05
1978,4.238e-05
1979,4.239e-05
1980,4.24e-05
1981,4.252e-05
1982,4.24e-05
1983,4.252e-05
1984,4.27e-05
1985,4.256e-05
1986,4.255e-05
1987,4.253e-05
1988,4.252e-05
1989,4.23e-05
1990,4.262e-05
1991,4.259e-05
1992,4.254e-05
1993,4.254e-05
1994,4.251e-05
1995,4.23e-05
1996,4.247e-05
1997,4.23e-05
1998,4.246e-05
1999,4.244e-05
2000,4.243e-05
2001,4.242e-05
2002,4.231e-05
2003,4.231e-05
2004,4.229e-05
2005,4.224e-05
2006,4.223e-05
2007,4.221e-05
2008,4.206e-05
2009,4.206e-05
2010,4.198e-05
2011,4.197e-05
2012,4.196e-05
2013,4.184e-05
2014,4.183e-05
2015,4.18e-05
2016,4.181e-05
2017,4.18e-05
2018,4.183e-05
2019,4.184e-05
2020,4.182e-05
2021,4.193e-05
2022,4.187e-05
2023,4.193e-05
2024,4.193e-05
2025,4.193e-05
2026,4.193e-05
2027,4.193e-05
2028,4.193e-05
2029,4.199e-05
2030,4.185e-05
2031,4.185e-05
2032,4.221e-05
2033,4.221e-05
2034,4.221e-05
2035,4.221e-05
2036,4.221e-05
2037,4.219e-05
2038,4.189e-05
2039,4.193e-05
2040,4.195e-05
2041,4.193e-05
2042,4.191e-05
2043,4.193e-05
2044,4.189e-05
2045,4.191e-05
2046,4.222e-05
2047,4.196e-05
2048,4.199e-05
2049,4.234e-05
2050,4.235e-05
2051,4.207e-05
2052,4.21e-05
2053,4.212e-05
2054,4.24e-05
2055,4.239e-05
2056,4.217e-05
2057,4.218e-05
2058,4.226e-05
2059,4.226e-05
2060,4.233e-05
2061,4.226e-05
2062,4.226e-05
2063,4.233e-05
2064,4.235e-05
2065,4.233e-05
2066,4.238e-05
2067,4.238e-05
2068,4.238e-05
2069,4.238e-05
2070,4.235e-05
2071,4.235e-05
2072,4.247e-05
2073,4.247e-05
2074,4.248e-05
2075,4.234e-05
2076,4.234e-05
2077,4.246e-05
2078,4.247e-05
2079,4.247e-05
2080,4.247e-05
2081,4.247e-05
2082,4.235e-05
2083,4.235e-05
2084,4.236e-05
2085,4.24e-05
2086,4.24e-05
2087,4.246e-05
2088,4.246e-05
2089,4.24e-05
2090,4.24e-05
2091,4.246e-05
2092,4.246e-05
2093,4.246e-05
2094,4.241e-05
2095,4.24e-05
2096,4.246e-05
2097,4.246e-05
2098,4.246e-05
2099,4.246e-05
2100,4.245e-05
2101,4.245e-05
2102,4.237e-05
2103,4.237e-05
2104,4.236e-05
2105,4.236e-05
2106,4.236e-05
2107,4.228e-05
2108,4.228e-05
2109,4.228e-05
2110,4.228e-05
2111,4.241e-05
2112,4.241e-05
2113,4.245e-05
2114,4.242e-05
2115,4.24e-05
2116,4.236e-05
2117,4.238e-05
2118,4.218e-05
2119,4.218e-05
2120,4.218e-05
2121,4.242e-05
2122,4.236e-05
2123,4.242e-05
2124,4.246e-05
2125,4.245e-05
2126,4.245e-05
2127,4.246e-05
2128,4.246e-05
2129,4.247e-05
2130,4.246e-05
2131,4.243e-05
2132,4.243e-05
2133,4.242e-05
2134,4.255e-05
2135,4.244e-05
2136,4.243e-05
2137,4.257e-05
2138,4.257e-05
2139,4.257e-05
2140,4.25e-05
2141,4.25e-05
2142,4.25e-05
2143,4.25e-05
2144,4.25e-05
2145,4.251e-05
2146,4.251e-05
2147,4.252e-05
2148,4.253e-05
2149,4.253e-05
2150,4.257e-05
2151,4.257e-05
2152,4.254e-05
2153,4.254e-05
2154,4.257e-05
2155,4.257e-05
2156,4.257e-05
2157,4.257e-05
2158,4.257e-05
2159,4.257e-05
2160,4.257e-05
2161,4.254e-05
2162,4.254e-05
2163,4.25e-05
2164,4.229e-05
2165,4.248e-05
2166,4.248e-05
2167,4.239e-05
2168,4.239e-05
2169,4.238e-05
2170,4.238e-05
2171,4.238e-05
2172,4.238e-05
2173,4.241e-05
2174,4.242e-05
2175,4.241e-05
2176,4.241e-05
2177,4.241e-05
2178,4.252e-05
2179,4.252e-05
2180,4.252e-05
2181,4.241e-05
2182,4.256e-05
2183,4.245e-05
2184,4.256e-05
2185,4.257e-05
2186,4.252e-05
2187,4.252e-05
2188,4.256e-05
2189,4.255e-05
2190,4.255e-05
2191,4.241e-05
2192,4.235e-05
2193,4.233e-05
2194,4.234e-05
2195,4.226e-05
2196,4.224e-05
2197,4.245e-05
2198,4.231e-05
2199,4.248e-05
2200,4.247e-05
2201,4.245e-05
2202,4.245e-05
2203,4.248e-05
2204,4.231e-05
2205,4.242e-05
2206,4.242e-05
2207,4.242e-05
2208,4.247e-05
2209,4.246e-05
2210,4.238e-05
2211,4.221e-05
2212,4.224e-05
2213,4.221e-05
2214,4.219e-05
2215,4.221e-05
2216,4.229e-05
2217,4.256e-05
2218,4.256e-05
2219,4.255e-05
2220,4.254e-05
2221,4.232e-05
2222,4.246e-05
2223,4.246e-05
2224,4.245e-05
2225,4.233e-05
2226,4.233e-05
2227,4.227e-05
2228,4.227e-05
2229,4.222e-05
2230,4.221e-05
2231,4.221e-05
2232,4.19e-05
2233,4.19e-05
2234,4.19e-05
2235,4.19e-05
2236,4.19e-05
2237,4.19e-05
2238,4.19e-05
2239,4.19e-05
2240,4.19e-05
2241,4.19e-05
2242,4.19e-05
2243,4.19e-05
2244,4.19e-05
2245,4.19e-05
2246,4.19e-05
2247,4.19e-05
2248,4.19e-05
2249,4.193e-05
2250,4.194e-05
2251,4.198e-05
2252,4.221e-05
2253,4.221e-05
2254,4.223e-05
2255,4.24e-05
2256,4.249e-05
2257,4.249e-05
2258,4.24e-05
2259,4.24e-05
2260,4.248e-05
2261,4.239e-05
2262,4.239e-05
2263,4.239e-05
2264,4.25e-05
2265,4.24e-05
2266,4.247e-05
2267,4.247e-05
2268,4.239e-05
2269,4.239e-05
2270,4.225e-05
2271,4.224e-05
2272,4.223e-05
2273,4.215e-05
2274,4.215e-05
2275,4.22e-05
2276,4.217e-05
2277,4.217e-05
2278,4.219e-05
2279,4.219e-05
2280,4.219e-05
2281,4.219e-05
2282,4.218e-05
2283,4.215e-05
2284,4.215e-05
2285,4.215e-05
2286,4.218e-05
2287,4.22e-05
2288,4.223e-05
2289,4.223e-05
2290,4.222e-05
2291,4.222e-05
2292,4.222e-05
2293,4.222e-05
2294,4.228e-05
2295,4.214e-05
2296,4.214e-05
2297,4.225e-05
2298,4.225e-05
2299,4.225e-05
2300,4.225e-05
2301,4.217e-05
2302,4.215e-05
2303,4.215e-05
2304,4.215e-05
2305,4.215e-05
2306,4.215e-05
2307,4.214e-05
2308,4.214e-05
2309,4.214e-05
2310,4.214e-05
2311,4.214e-05
2312,4.225e-05
2313,4.225e-05
2314,4.228e-05
2315,4.228e-05
2316,4.228e-05
2317,4.225e-05
2318,4.224e-05
2319,4.228e-05
2320,4.235e-05
2321,4.235e-05
2322,4.235e-05
2323,4.224e-05
2324,4.237e-05
2325,4.237e-05
2326,4.237e-05
2327,4.235e-05
2328,4.231e-05
2329,4.231e-05
2330,4.231e-05
2331,4.231e-05
2332,4.231e-05
2333,4.231e-05
2334,4.234e-05
2335,4.234e-05
2336,4.233e-05
2337,4.228e-05
2338,4.227e-05
2339,4.227e-05
2340,4.254e-05
2341,4.254e-05
2342,4.25e-05
2343,4.25e-05
2344,4.25e-05
2345,4.25e-05
2346,4.25e-05
2347,4.238e-05
2348,4.238e-05
2349,4.238e-05
2350,4.245e-05
2351,4.249e-05
2352,4.25e-05
2353,4.236e-05
2354,4.255e-05
2355,4.254e-05
2356,4.255e-05
2357,4.255e-05
2358,4.256e-05
2359,4.257e-05
2360,4.255e-05
2361,4.255e-05
2362,4.255e-05
2363,4.255e-05
2364,4.255e-05
2365,4.259e-05
2366,4.259e-05
2367,4.257e-05
2368,4.274e-05
2369,4.273e-05
2370,4.273e-05
2371,4.275e-05
2372,4.26e-05
2373,4.26e-05
2374,4.257e-05
2375,4.258e-05
2376,4.267e-05
2377,4.267e-05
2378,4.267e-05
2379,4.267e-05
2380,4.269e-05
2381,4.271e-05
2382,4.271e-05
2383,4.27e-05
2384,4.271e-05
2385,4.269e-05
2386,4.278e-05
2387,4.278e-05
2388,4.274e-05
2389,4.289e-05
2390,4.29e-05
2391,4.293e-05
2392,4.289e-05
2393,4.294e-05
2394,4.319e-05
2395,4.3e-05
2396,4.3e-05
2397,4.306e-05
2398,4.32e-05
2399,4.32e-05
2400,4.308e-05
2401,4.3e-05
2402,4.316e-05
2403,4.316e-05
2404,4.314e-05
2405,4.312e-05
2406,4.312e-05
2407,4.312e-05
2408,4.312e-05
2409,4.312e-05
2410,4.3e-05
2411,4.299e-05
2412,4.299e-05
2413,4.299e-05
2414,4.299e-05
2415,4.299e-05
2416,4.297e-05
2417,4.295e-05
2418,4.294e-05
2419,4.294e-05
2420,4.294e-05
2421,4.293e-05
2422,4.29e-05
2423,4.291e-05
2424,4.291e-05
2425,4.294e-05
2426,4.296e-05
2427,4.293e-05
2428,4.291e-05
2429,4.293e-05
2430,4.293e-05
2431,4.293e-05
2432,4.295e-05
2433,4.3e-05
2434,4.316e-05
2435,4.301e-05
2436,4.293e-05
2437,4.315e-05
2438,4.301e-05
2439,4.301e-05
2440,4.301e-05
2441,4.293e-05
2442,4.301e-05
2443,4.296e-05
2444,4.296e-05
2445,4.301e-05
2446,4.301e-05
2447,4.301e-05
2448,4.298e-05
2449,4.296e-05
2450,4.298e-05
2451,4.298e-05
2452,4.297e-05
2453,4.295e-05
2454,4.298e-05
2455,4.298e-05
2456,4.298e-05
2457,4.298e-05
2458,4.298e-05
2459,4.298e-05
2460,4.3e-05
2461,4.299e-05
2462,4.298e-05
2463,4.299e-05
2464,4.299e-05
2465,4.298e-05
2466,4.298e-05
2467,4.298e-05
2468,4.296e-05
2469,4.298e-05
2470,4.298e-05
2471,4.299e-05
2472,4.299e-05
2473,4.299e-05
2474,4.299e-05
2475,4.305e-05
2476,4.305e-05
2477,4.305e-05
2478,4.305e-05
2479,4.312e-05
2480,4.304e-05
2481,4.312e-05
2482,4.312e-05
2483,4.312e-05
2484,4.312e-05
2485,4.312e-05
2486,4.311e-05
2487,4.313e-05
2488,4.318e-05
2489,4.319e-05
2490,4.319e-05
2491,4.32e-05
2492,4.32e-05
2493,4.32e-05
2494,4.322e-05
2495,4.33e-05
2496,4.327e-05
2497,4.33e-05
2498,4.331e-05
2499,4.333e-05
2500,4.349e-05
2501,4.349e-05
2502,4.34e-05
2503,4.339e-05
2504,4.349e-05
2505,4.341e-05
2506,4.341e-05
2507,4.341e-05
2508,4.341e-05
2509,4.341e-05
2510,4.348e-05
2511,4.349e-05
2512,4.338e-05
2513,4.35e-05
2514,4.35e-05
2515,4.35e-05
2516,4.34e-05
2517,4.339e-05
2518,4.338e-05
2519,4.336e-05
2520,4.336e-05
2521,4.336e-05
2522,4.323e-05
2523,4.323e-05
2524,4.33e-05
2525,4.33e-05
2526,4.33e-05
2527,4.33e-05
2528,4.33e-05
2529,4.331e-05
2530,4.339e-05
2531,4.339e-05
2532,4.339e-05
2533,4.335e-05
2534,4.331e-05
2535,4.34e-05
2536,4.333e-05
2537,4.333e-05
2538,4.344e-05
2539,4.345e-05
2540,4.334e-05
2541,4.345e-05
2542,4.345e-05
2543,4.345e-05
2544,4.345e-05
2545,4.349e-05
2546,4.349e-05
2547,4.349e-05
2548,4.349e-05
2549,4.328e-05
2550,4.328e-05
2551,4.324e-05
2552,4.326e-05
2553,4.327e-05
2554,4.327e-05
2555,4.328e-05
2556,4.328e-05
2557,4.328e-05
2558,4.328e-05
2559,4.331e-05
2560,4.331e-05
2561,4.341e-05
2562,4.341e-05
2563,4.341e-05
2564,4.333e-05
2565,4.339e-05
2566,4.333e-05
2567,4.333e-05
2568,4.332e-05
2569,4.333e-05
2570,4.333e-05
2571,4.332e-05
2572,4.332e-05
2573,4.332e-05
2574,4.332e-05
2575,4.332e-05
2576,4.332e-05
2577,4.333e-05
2578,4.332e-05
2579,4.332e-05
2580,4.332e-05
2581,4.329e-05
2582,4.318e-05
2583,4.313e-05
2584,4.313e-05
2585,4.313e-05
2586,4.312e-05
2587,4.312e-05
2588,4.308e-05
2589,4.308e-05
2590,4.304e-05
2591,4.304e-05
2592,4.304e-05
2593,4.304e-05
2594,4.318e-05
2595,4.321e-05
2596,4.321e-05
2597,4.321e-05
2598,4.321e-05
2599,4.321e-05
2600,4.32e-05
2601,4.32e-05
2602,4.326e-05
2603,4.33e-05
2604,4.329e-05
2605,4.322e-05
2606,4.322e-05
2607,4.321e-05
2608,4.321e-05
2609,4.345e-05
2610,4.345e-05
2611,4.319e-05
2612,4.319e-05
2613,4.319e-05
2614,4.342e-05
2615,4.342e-05
2616,4.342e-05
2617,4.338e-05
2618,4.326e-05
2619,4.339e-05
2620,4.339e-05
2621,4.34e-05
2622,4.34e-05
2623,4.34e-05
2624,4.34e-05
2625,4.345e-05
2626,4.344e-05
2627,4.345e-05
2628,4.341e-05
2629,4.341e-05
2630,4.339e-05
2631,4.339e-05
2632,4.339e-05
2633,4.339e-05
2634,4.339e-05
2635,4.345e-05
2636,4.345e-05
2637,4.339e-05
2638,4.339e-05
2639,4.335e-05
2640,4.335e-05
2641,4.339e-05
2642,4.339e-05
2643,4.339e-05
2644,4.338e-05
2645,4.338e-05
2646,4.339e-05
2647,4.335e-05
2648,4.335e-05
2649,4.335e-05
2650,4.335e-05
2651,4.335e-05
2652,4.348e-05
2653,4.345e-05
2654,4.345e-05
2655,4.335e-05
2656,4.335e-05
2657,4.33e-05
2658,4.33e-05
2659,4.33e-05
2660,4.33e-05
2661,4.331e-05
2662,4.33e-05
2663,4.33e-05
2664,4.329e-05
2665,4.33e-05
2666,4.329e-05
2667,4.335e-05
2668,4.3e-05
2669,4.3e-05
2670,4.3e-05
2671,4.3e-05
2672,4.3e-05
2673,4.299e-05
2674,4.292e-05
2675,4.292e-05
2676,4.292e-05
2677,4.299e-05
2678,4.298e-05
2679,4.298e-05
2680,4.298e-05
2681,4.295e-05
2682,4.295e-05
2683,4.297e-05
2684,4.297e-05
2685,4.297e-05
2686,4.297e-05
2687,4.297e-05
2688,4.297e-05
2689,4.298e-05
2690,4.297e-05
2691,4.296e-05
2692,4.295e-05
2693,4.295e-05
2694,4.294e-05
2695,4.294e-05
2696,4.295e-05
2697,4.296e-05
2698,4.293e-05
2699,4.292e-05
2700,4.285e-05
2701,4.273e-05
2702,4.268e-05
2703,4.266e-05
2704,4.265e-05
2705,4.26e-05
2706,4.25e-05
2707,4.248e-05
2708,4.233e-05
2709,4.247e-05
2710,4.245e-05
2711,4.253e-05
2712,4.253e-05
2713,4.253e-05
2714,4.259e-05
2715,4.255e-05
2716,4.267e-05
2717,4.26e-05
2718,4.264e-05
2719,4.264e-05
2720,4.264e-05
2721,4.258e-05
2722,4.265e-05
2723,4.265e-05
2724,4.265e-05
2725,4.265e-05
2726,4.271e-05
2727,4.271e-05
2728,4.268e-05
2729,4.265e-05
2730,4.272e-05
2731,4.263e-05
2732,4.266e-05
2733,4.255e-05
2734,4.246e-05
2735,4.241e-05
2736,4.246e-05
2737,4.25e-05
2738,4.256e-05
2739,4.264e-05
2740,4.264e-05
2741,4.262e-05
2742,4.261e-05
2743,4.261e-05
2744,4.261e-05
2745,4.261e-05
2746,4.261e-05
2747,4.265e-05
2748,4.26e-05
2749,4.26e-05
2750,4.264e-05
2751,4.263e-05
2752,4.263e-05
2753,4.256e-05
2754,4.254e-05
2755,4.253e-05
2756,4.255e-05
2757,4.255e-05
2758,4.266e-05
2759,4.265e-05
2760,4.265e-05
2761,4.265e-05
2762,4.263e-05
2763,4.263e-05
2764,4.263e-05
2765,4.263e-05
2766,4.298e-05
2767,4.297e-05
2768,4.297e-05
2769,4.297e-05
2770,4.297e-05
2771,4.297e-05
2772,4.297e-05
2773,4.297e-05
2774,4.293e-05
2775,4.293e-05
2776,4.293e-05
2777,4.291e-05
2778,4.291e-05
2779,4.288e-05
2780,4.288e-05
2781,4.285e-05
2782,4.287e-05
2783,4.287e-05
2784,4.288e-05
2785,4.288e-05
2786,4.285e-05
2787,4.264e-05
2788,4.263e-05
2789,4.271e-05
2790,4.276e-05
2791,4.277e-05
2792,4.277e-05
2793,4.277e-05
2794,4.276e-05
2795,4.276e-05
2796,4.276e-05
2797,4.276e-05
2798,4.277e-05
2799,4.277e-05
2800,4.277e-05
2801,4.277e-05
2802,4.277e-05
2803,4.276e-05
2804,4.276e-05
2805,4.276e-05
2806,4.274e-05
2807,4.271e-05
2808,4.271e-05
2809,4.271e-05
2810,4.271e-05
2811,4.271e-05
2812,4.265e-05
2813,4.265e-05
2814,4.265e-05
2815,4.264e-05
2816,4.262e-05
2817,4.262e-05
2818,4.262e-05
2819,4.264e-05
2820,4.264e-05
2821,4.264e-05
2822,4.261e-05
2823,4.261e-05
2824,4.261e-05
2825,4.264e-05
2826,4.264e-05
2827,4.264e-05
2828,4.264e-05
2829,4.264e-05
2830,4.264e-05
2831,4.264e-05
2832,4.264e-05
2833,4.274e-05
2834,4.255e-05
2835,4.272e-05
2836,4.272e-05
2837,4.272e-05
2838,4.272e-05
2839,4.272e-05
2840,4.275e-05
2841,4.275e-05
2842,4.275e-05
2843,4.275e-05
2844,4.271e-05
2845,4.271e-05
2846,4.269e-05
2847,4.272e-05
2848,4.272e-05
2849,4.268e-05
2850,4.268e-05
2851,4.266e-05
2852,4.267e-05
2853,4.266e-05
2854,4.266e-05
2855,4.266e-05
2856,4.266e-05
2857,4.266e-05
2858,4.266e-05
2859,4.263e-05
2860,4.266e-05
2861,4.273e-05
2862,4.266e-05
2863,4.276e-05
2864,4.276e-05
2865,4.27e-05
2866,4.27e-05
2867,4.27e-05
2868,4.27e-05
2869,4.27e-05
2870,4.27e-05
2871,4.27e-05
2872,4.27e-05
2873,4.274e-05
2874,4.274e-05
2875,4.274e-05
2876,4.27e-05
2877,4.27e-05
2878,4.27e-05
2879,4.27e-05
2880,4.266e-05
2881,4.27e-05
2882,4.27e-05
2883,4.27e-05
2884,4.27e-05
2885,4.27e-05
2886,4.27e-05
2887,4.27e-05
2888,4.27e-05
2889,4.264e-05
2890,4.261e-05
2891,4.252e-05
2892,4.249e-05
2893,4.239e-05
2894,4.231e-05
2895,4.231e-05
2896,4.233e-05
2897,4.231e-05
2898,4.23e-05
2899,4.229e-05
2900,4.226e-05
2901,4.228e-05
2902,4.227e-05
2903,4.232e-05
2904,4.231e-05
2905,4.233e-05
2906,4.232e-05
2907,4.231e-05
2908,4.231e-05
2909,4.231e-05
2910,4.231e-05
2911,4.234e-05
2912,4.234e-05
2913,4.234e-05
2914,4.24e-05
2915,4.236e-05
2916,4.236e-05
2917,4.236e-05
2918,4.236e-05
2919,4.24e-05
2920,4.24e-05
2921,4.241e-05
2922,4.241e-05
2923,4.241e-05
2924,4.241e-05
2925,4.237e-05
2926,4.237e-05
2927,4.237e-05
2928,4.237e-05
2929,4.237e-05
2930,4.237e-05
2931,4.238e-05
2932,4.236e-05
2933,4.236e-05
2934,4.238e-05
2935,4.238e-05
2936,4.239e-05
2937,4.239e-05
2938,4.239e-05
2939,4.238e-05
2940,4.236e-05
2941,4.236e-05
2942,4.237e-05
2943,4.237e-05
2944,4.237e-05
2945,4.237e-05
2946,4.236e-05
2947,4.235e-05
2948,4.235e-05
2949,4.235e-05
2950,4.232e-05
2951,4.232e-05
2952,4.223e-05
2953,4.223e-05
2954,4.201e-05
2955,4.201e-05
2956,4.202e-05
2957,4.202e-05
2958,4.202e-05
2959,4.218e-05
2960,4.226e-05
2961,4.228e-05
2962,4.228e-05
2963,4.25e-05
2964,4.251e-05
2965,4.253e-05
2966,4.254e-05
2967,4.253e-05
2968,4.253e-05
2969,4.252e-05
2970,4.252e-05
2971,4.25e-05
2972,4.249e-05
2973,4.25e-05
2974,4.25e-05
2975,4.25e-05
2976,4.25e-05
2977,4.25e-05
2978,4.25e-05
2979,4.25e-05
2980,4.25e-05
2981,4.272e-05
2982,4.273e-05
2983,4.252e-05
2984,4.252e-05
2985,4.268e-05
2986,4.256e-05
2987,4.256e-05
2988,4.256e-05
2989,4.255e-05
2990,4.256e-05
2991,4.261e-05
2992,4.261e-05
2993,4.27e-05
2994,4.269e-05
2995,4.269e-05
2996,4.27e-05
2997,4.27e-05
2998,4.27e-05
2999,4.27e-05
3000,4.27e-05
3001,4.271e-05
3002,4.271e-05
3003,4.272e-05
3004,4.271e-05
3005,4.277e-05
3006,4.277e-05
3007,4.277e-05
3008,4.277e-05
3009,4.272e-05
3010,4.254e-05
3011,4.254e-05
3012,4.254e-05
3013,4.254e-05
3014,4.273e-05
3015,4.273e-05
3016,4.273e-05
3017,4.271e-05
3018,4.271e-05
3019,4.271e-05
3020,4.27e-05
3021,4.252e-05
3022,4.252e-05
3023,4.252e-05
3024,4.262e-05
3025,4.262e-05
3026,4.26e-05
3027,4.26e-05
3028,4.252e-05
3029,4.252e-05
3030,4.252e-05
3031,4.251e-05
3032,4.252e-05
3033,4.252e-05
3034,4.252e-05
3035,4.252e-05
3036,4.252e-05
3037,4.252e-05
3038,4.252e-05
3039,4.251e-05
3040,4.251e-05
3041,4.252e-05
3042,4.252e-05
3043,4.251e-05
3044,4.252e-05
3045,4.251e-05
3046,4.251e-05
3047,4.251e-05
3048,4.251e-05
3049,4.251e-05
3050,4.251e-05
3051,4.251e-05
3052,4.251e-05
3053,4.252e-05
3054,4.253e-05
3055,4.252e-05
3056,4.252e-05
3057,4.252e-05
3058,4.252e-05
3059,4.252e-05
3060,4.252e-05
3061,4.252e-05
3062,4.252e-05
3063,4.253e-05
3064,4.252e-05
3065,4.252e-05
3066,4.252e-05
3067,4.253e-05
3068,4.249e-05
3069,4.249e-05
3070,4.249e-05
3071,4.251e-05
3072,4.251e-05
3073,4.25e-05
3074,4.249e-05
3075,4.249e-05
3076,4.249e-05
3077,4.25e-05
3078,4.25e-05
3079,4.25e-05
3080,4.251e-05
3081,4.247e-05
3082,4.247e-05
3083,4.245e-05
3084,4.235e-05
3085,4.235e-05
3086,4.209e-05
3087,4.237e-05
3088,4.208e-05
3089,4.214e-05
3090,4.202e-05
3091,4.206e-05
3092,4.206e-05
3093,4.2e-05
3094,4.2e-05
3095,4.2e-05
3096,4.2e-05
3097,4.2e-05
3098,4.2e-05
3099,4.214e-05
3100,4.212e-05
3101,4.214e-05
3102,4.2e-05
3103,4.2e-05
3104,4.211e-05
3105,4.211e-05
3106,4.21e-05
3107,4.21e-05
3108,4.201e-05
3109,4.211e-05
3110,4.201e-05
3111,4.207e-05
3112,4.2e-05
3113,4.201e-05
3114,4.201e-05
3115,4.2e-05
3116,4.2e-05
3117,4.2e-05
3118,4.199e-05
3119,4.192e-05
3120,4.188e-05
3121,4.186e-05
3122,4.186e-05
3123,4.187e-05
3124,4.185e-05
3125,4.189e-05
3126,4.189e-05
3127,4.189e-05
3128,4.189e-05
3129,4.189e-05
3130,4.19e-05
3131,4.19e-05
3132,4.19e-05
3133,4.19e-05
3134,4.19e-05
3135,4.19e-05
3136,4.19e-05
3137,4.191e-05
3138,4.191e-05
3139,4.191e-05
3140,4.191e-05
3141,4.192e-05
3142,4.192e-05
3143,4.2e-05
3144,4.2e-05
3145,4.2e-05
3146,4.2e-05
3147,4.188e-05
3148,4.198e-05
3149,4.2e-05
3150,4.2e-05
3151,4.2e-05
3152,4.2e-05
3153,4.2e-05
3154,4.201e-05
3155,4.201e-05
3156,4.201e-05
3157,4.206e-05
3158,4.208e-05
3159,4.215e-05
3160,4.219e-05
3161,4.221e-05
3162,4.222e-05
3163,4.221e-05
3164,4.225e-05
3165,4.225e-05
3166,4.225e-05
3167,4.221e-05
3168,4.221e-05
3169,4.224e-05
3170,4.236e-05
3171,4.228e-05
3172,4.228e-05
3173,4.228e-05
3174,4.239e-05
3175,4.229e-05
3176,4.239e-05
3177,4.233e-05
3178,4.236e-05
3179,4.237e-05
3180,4.237e-05
3181,4.242e-05
3182,4.25e-05
3183,4.249e-05
3184,4.249e-05
3185,4.25e-05
3186,4.247e-05
3187,4.249e-05
3188,4.25e-05
3189,4.25e-05
3190,4.25e-05
3191,4.248e-05
3192,4.248e-05
3193,4.248e-05
3194,4.248e-05
3195,4.248e-05
3196,4.249e-05
3197,4.247e-05
3198,4.249e-05
3199,4.248e-05
3200,4.245e-05
3201,4.249e-05
3202,4.245e-05
3203,4.228e-05
3204,4.229e-05
3205,4.22e-05
3206,4.198e-05
3207,4.198e-05
3208,4.198e-05
3209,4.199e-05
3210,4.192e-05
3211,4.192e-05
3212,4.199e-05
3213,4.199e-05
3214,4.199e-05
3215,4.214e-05
3216,4.205e-05
3217,4.205e-05
3218,4.205e-05
3219,4.205e-05
3220,4.205e-05
3221,4.201e-05
3222,4.202e-05
3223,4.202e-05
3224,4.203e-05
3225,4.216e-05
3226,4.2e-05
3227,4.198e-05
3228,4.199e-05
3229,4.199e-05
3230,4.199e-05
3231,4.199e-05
3232,4.199e-05
3233,4.198e-05
3234,4.198e-05
3235,4.214e-05
3236,4.207e-05
3237,4.207e-05
3238,4.207e-05
3239,4.207e-05
3240,4.192e-05
3241,4.192e-05
3242,4.155e-05
3243,4.194e-05
3244,4.191e-05
3245,4.191e-05
3246,4.161e-05
3247,4.18e-05
3248,4.163e-05
3249,4.173e-05
3250,4.173e-05
3251,4.173e-05
3252,4.178e-05
3253,4.178e-05
3254,4.179e-05
3255,4.179e-05
3256,4.178e-05
3257,4.18e-05
3258,4.18e-05
3259,4.181e-05
3260,4.156e-05
3261,4.166e-05
3262,4.166e-05
3263,4.166e-05
3264,4.19e-05
3265,4.196e-05
3266,4.196e-05
3267,4.196e-05
3268,4.204e-05
3269,4.204e-05
3270,4.2e-05
3271,4.201e-05
3272,4.2e-05
3273,4.185e-05
3274,4.185e-05
3275,4.192e-05
3276,4.192e-05
3277,4.192e-05
3278,4.184e-05
3279,4.184e-05
3280,4.184e-05
3281,4.167e-05
3282,4.167e-05
3283,4.167e-05
3284,4.19e-05
3285,4.19e-05
3286,4.19e-05
3287,4.19e-05
3288,4.174e-05
3289,4.174e-05
3290,4.174e-05
3291,4.174e-05
3292,4.174e-05
3293,4.174e-05
3294,4.174e-05
3295,4.174e-05
3296,4.174e-05
3297,4.174e-05
3298,4.174e-05
3299,4.174e-05
3300,4.189e-05
3301,4.192e-05
3302,4.199e-05
3303,4.199e-05
3304,4.199e-05
3305,4.2e-05
3306,4.199e-05
3307,4.2e-05
3308,4.2e-05
3309,4.2e-05
3310,4.199e-05
3311,4.199e-05
3312,4.2e-05
3313,4.203e-05
3314,4.203e-05
3315,4.203e-05
3316,4.207e-05
3317,4.207e-05
3318,4.185e-05
3319,4.186e-05
3320,4.19e-05
3321,4.199e-05
3322,4.199e-05
3323,4.199e-05
3324,4.199e-05
3325,4.199e-05
3326,4.199e-05
3327,4.199e-05
3328,4.199e-05
3329,4.199e-05
3330,4.199e-05
3331,4.211e-05
3332,4.211e-05
3333,4.211e-05
3334,4.195e-05
3335,4.2e-05
3336,4.198e-05
3337,4.198e-05
3338,4.199e-05
3339,4.194e-05
3340,4.195e-05
3341,4.195e-05
3342,4.196e-05
3343,4.196e-05
3344,4.19e-05
3345,4.19e-05
3346,4.19e-05
3347,4.191e-05
3348,4.191e-05
3349,4.191e-05
3350,4.191e-05
3351,4.191e-05
3352,4.191e-05
3353,4.193e-05
3354,4.191e-05
3355,4.191e-05
3356,4.192e-05
3357,4.182e-05
3358,4.195e-05
3359,4.182e-05
3360,4.196e-05
3361,4.19e-05
3362,4.192e-05
3363,4.192e-05
3364,4.192e-05
3365,4.192e-05
3366,4.192e-05
3367,4.191e-05
3368,4.192e-05
3369,4.192e-05
3370,4.191e-05
3371,4.191e-05
3372,4.191e-05
3373,4.191e-05
3374,4.202e-05
3375,4.192e-05
3376,4.192e-05
3377,4.191e-05
3378,4.191e-05
3379,4.191e-05
3380,4.191e-05
3381,4.199e-05
3382,4.199e-05
3383,4.199e-05
3384,4.199e-05
3385,4.199e-05
3386,4.199e-05
3387,4.199e-05
3388,4.198e-05
3389,4.203e-05
3390,4.203e-05
3391,4.203e-05
3392,4.203e-05
3393,4.203e-05
3394,4.203e-05
3395,4.203e-05
3396,4.203e-05
3397,4.203e-05
3398,4.203e-05
3399,4.184e-05
3400,4.184e-05
3401,4.184e-05
3402,4.185e-05
3403,4.184e-05
3404,4.184e-05
3405,4.184e-05
3406,4.184e-05
3407,4.184e-05
3408,4.184e-05
3409,4.184e-05
3410,4.184e-05
3411,4.184e-05
3412,4.184e-05
3413,4.195e-05
3414,4.195e-05
3415,4.195e-05
3416,4.188e-05
3417,4.181e-05
3418,4.199e-05
3419,4.197e-05
3420,4.191e-05
3421,4.189e-05
3422,4.187e-05
3423,4.186e-05
3424,4.174e-05
3425,4.173e-05
3426,4.169e-05
3427,4.199e-05
3428,4.199e-05
3429,4.173e-05
3430,4.171e-05
3431,4.171e-05
3432,4.181e-05
3433,4.18e-05
3434,4.18e-05
3435,4.18e-05
3436,4.194e-05
3437,4.194e-05
3438,4.174e-05
3439,4.173e-05
3440,4.194e-05
3441,4.173e-05
3442,4.173e-05
3443,4.174e-05
3444,4.173e-05
3445,4.173e-05
3446,4.173e-05
3447,4.173e-05
3448,4.178e-05
3449,4.173e-05
3450,4.171e-05
3451,4.171e-05
3452,4.171e-05
3453,4.171e-05
3454,4.173e-05
3455,4.17e-05
3456,4.173e-05
3457,4.17e-05
3458,4.17e-05
3459,4.164e-05
3460,4.164e-05
3461,4.165e-05
3462,4.165e-05
3463,4.164e-05
3464,4.137e-05
3465,4.171e-05
3466,4.139e-05
3467,4.14e-05
3468,4.161e-05
3469,4.161e-05
3470,4.161e-05
3471,4.137e-05
3472,4.138e-05
3473,4.137e-05
3474,4.138e-05
3475,4.157e-05
3476,4.157e-05
3477,4.156e-05
3478,4.157e-05
3479,4.14e-05
3480,4.14e-05
3481,4.138e-05
3482,4.137e-05
3483,4.137e-05
3484,4.137e-05
3485,4.137e-05
3486,4.139e-05
3487,4.139e-05
3488,4.139e-05
3489,4.14e-05
3490,4.141e-05
3491,4.141e-05
3492,4.176e-05
3493,4.176e-05
3494,4.175e-05
3495,4.16e-05
3496,4.167e-05
3497,4.153e-05
3498,4.153e-05
3499,4.153e-05
3500,4.153e-05
3501,4.156e-05
3502,4.156e-05
3503,4.156e-05
3504,4.165e-05
3505,4.165e-05
3506,4.159e-05
3507,4.157e-05
3508,4.157e-05
3509,4.156e-05
3510,4.156e-05
3511,4.156e-05
3512,4.156e-05
3513,4.155e-05
3514,4.155e-05
3515,4.153e-05
3516,4.153e-05
3517,4.153e-05
3518,4.154e-05
3519,4.154e-05
3520,4.154e-05
3521,4.154e-05
3522,4.154e-05
3523,4.155e-05
3524,4.155e-05
3525,4.155e-05
3526,4.153e-05
3527,4.153e-05
3528,4.154e-05
3529,4.155e-05
3530,4.155e-05
3531,4.155e-05
3532,4.156e-05
3533,4.179e-05
3534,4.164e-05
3535,4.179e-05
3536,4.186e-05
3537,4.186e-05
3538,4.186e-05
3539,4.186e-05
3540,4.154e-05
3541,4.191e-05
3542,4.209e-05
3543,4.18e-05
3544,4.18e-05
3545,4.18e-05
3546,4.18e-05
3547,4.181e-05
3548,4.19e-05
3549,4.18e-05
3550,4.18e-05
3551,4.18e-05
3552,4.198e-05
3553,4.205e-05
3554,4.186e-05
3555,4.205e-05
3556,4.21e-05
3557,4.188e-05
3558,4.188e-05
3559,4.188e-05
3560,4.188e-05
3561,4.215e-05
3562,4.215e-05
3563,4.215e-05
3564,4.215e-05
3565,4.215e-05
3566,4.217e-05
3567,4.217e-05
3568,4.217e-05
3569,4.192e-05
3570,4.219e-05
3571,4.218e-05
3572,4.218e-05
3573,4.218e-05
3574,4.218e-05
3575,4.212e-05
3576,4.212e-05
3577,4.212e-05
3578,4.208e-05
3579,4.208e-05
3580,4.21e-05
3581,4.213e-05
3582,4.21e-05
3583,4.209e-05
3584,4.209e-05
3585,4.209e-05
3586,4.218e-05
3587,4.215e-05
3588,4.218e-05
3589,4.218e-05
3590,4.218e-05
3591,4.218e-05
3592,4.218e-05
3593,4.218e-05
3594,4.218e-05
3595,4.218e-05
3596,4.218e-05
3597,4.218e-05
3598,4.217e-05
3599,4.21e-05
3600,4.217e-05
3601,4.217e-05
3602,4.217e-05
3603,4.217e-05
3604,4.217e-05
3605,4.217e-05
3606,4.226e-05
3607,4.229e-05
3608,4.229e-05
3609,4.23e-05
3610,4.23e-05
3611,4.241e-05
3612,4.23e-05
3613,4.23e-05
3614,4.23e-05
3615,4.23e-05
3616,4.23e-05
3617,4.24e-05
3618,4.23e-05
3619,4.219e-05
3620,4.219e-05
3621,4.219e-05
3622,4.21e-05
3623,4.217e-05
3624,4.217e-05
3625,4.218e-05
3626,4.218e-05
3627,4.218e-05
3628,4.217e-05
3629,4.217e-05
3630,4.217e-05
3631,4.217e-05
3632,4.21e-05
3633,4.197e-05
3634,4.197e-05
3635,4.216e-05
3636,4.216e-05
3637,4.213e-05
3638,4.197e-05
3639,4.192e-05
3640,4.192e-05
3641,4.192e-05
3642,4.191e-05
3643,4.191e-05
3644,4.191e-05
3645,4.207e-05
3646,4.215e-05
3647,4.21e-05
3648,4.189e-05
3649,4.189e-05
3650,4.204e-05
3651,4.21e-05
3652,4.192e-05
3653,4.191e-05
3654,4.187e-05
3655,4.186e-05
3656,4.169e-05
3657,4.192e-05
3658,4.173e-05
3659,4.173e-05
3660,4.178e-05
3661,4.191e-05
3662,4.191e-05
3663,4.173e-05
3664,4.173e-05
3665,4.192e-05
3666,4.192e-05
3667,4.192e-05
3668,4.192e-05
3669,4.192e-05
3670,4.192e-05
3671,4.192e-05
3672,4.191e-05
3673,4.191e-05
3674,4.191e-05
3675,4.191e-05
3676,4.19e-05
3677,4.19e-05
3678,4.19e-05
3679,4.19e-05
3680,4.193e-05
3681,4.193e-05
3682,4.217e-05
3683,4.217e-05
3684,4.217e-05
3685,4.217e-05
3686,4.217e-05
3687,4.217e-05
3688,4.217e-05
3689,4.217e-05
3690,4.21e-05
3691,4.21e-05
3692,4.21e-05
3693,4.215e-05
3694,4.217e-05
3695,4.211e-05
3696,4.211e-05
3697,4.211e-05
3698,4.211e-05
3699,4.211e-05
3700,4.211e-05
3701,4.211e-05
3702,4.211e-05
3703,4.211e-05
3704,4.211e-05
3705,4.211e-05
3706,4.211e-05
3707,4.2e-05
3708,4.204e-05
3709,4.204e-05
3710,4.211e-05
3711,4.211e-05
3712,4.211e-05
3713,4.204e-05
3714,4.234e-05
3715,4.248e-05
3716,4.218e-05
3717,4.249e-05
3718,4.214e-05
3719,4.216e-05
3720,4.218e-05
3721,4.223e-05
3722,4.222e-05
3723,4.219e-05
3724,4.215e-05
3725,4.238e-05
3726,4.236e-05
3727,4.215e-05
3728,4.22e-05
3729,4.219e-05
3730,4.219e-05
3731,4.229e-05
3732,4.216e-05
3733,4.216e-05
3734,4.224e-05
3735,4.217e-05
3736,4.219e-05
3737,4.219e-05
3738,4.216e-05
3739,4.216e-05
3740,4.217e-05
3741,4.216e-05
3742,4.21e-05
3743,4.212e-05
3744,4.212e-05
3745,4.213e-05
3746,4.211e-05
3747,4.21e-05
3748,4.201e-05
3749,4.201e-05
3750,4.201e-05
3751,4.2e-05
3752,4.201e-05
3753,4.2e-05
3754,4.186e-05
3755,4.197e-05
3756,4.197e-05
3757,4.197e-05
3758,4.191e-05
3759,4.197e-05
3760,4.197e-05
3761,4.19e-05
3762,4.19e-05
3763,4.19e-05
3764,4.197e-05
3765,4.156e-05
3766,4.191e-05
3767,4.191e-05
3768,4.19e-05
3769,4.19e-05
3770,4.19e-05
3771,4.19e-05
3772,4.191e-05
3773,4.169e-05
3774,4.169e-05
3775,4.19e-05
3776,4.191e-05
3777,4.191e-05
3778,4.169e-05
3779,4.187e-05
3780,4.187e-05
3781,4.175e-05
3782,4.175e-05
3783,4.175e-05
3784,4.175e-05
3785,4.175e-05
3786,4.175e-05
3787,4.187e-05
3788,4.171e-05
3789,4.175e-05
3790,4.17e-05
3791,4.17e-05
3792,4.192e-05
3793,4.192e-05
3794,4.175e-05
3795,4.19e-05
3796,4.175e-05
3797,4.175e-05
3798,4.175e-05
3799,4.175e-05
3800,4.175e-05
3801,4.175e-05
3802,4.175e-05
3803,4.193e-05
3804,4.174e-05
3805,4.195e-05
3806,4.175e-05
3807,4.195e-05
3808,4.195e-05
3809,4.195e-05
3810,4.195e-05
3811,4.195e-05
3812,4.195e-05
3813,4.195e-05
3814,4.186e-05
3815,4.186e-05
3816,4.189e-05
3817,4.189e-05
3818,4.189e-05
3819,4.186e-05
3820,4.186e-05
3821,4.183e-05
3822,4.182e-05
3823,4.182e-05
3824,4.181e-05
3825,4.183e-05
3826,4.185e-05
3827,4.185e-05
3828,4.185e-05
3829,4.185e-05
3830,4.185e-05
3831,4.186e-05
3832,4.185e-05
3833,4.186e-05
3834,4.186e-05
3835,4.185e-05
3836,4.198e-05
3837,4.192e-05
3838,4.208e-05
3839,4.194e-05
3840,4.207e-05
3841,4.205e-05
3842,4.204e-05
3843,4.204e-05
3844,4.182e-05
3845,4.186e-05
3846,4.186e-05
3847,4.207e-05
3848,4.206e-05
3849,4.206e-05
3850,4.206e-05
3851,4.206e-05
3852,4.206e-05
3853,4.197e-05
3854,4.199e-05
3855,4.199e-05
3856,4.2e-05
3857,4.2e-05
3858,4.2e-05
3859,4.2e-05
3860,4.202e-05
3861,4.202e-05
3862,4.202e-05
3863,4.202e-05
3864,4.22e-05
3865,4.22e-05
3866,4.205e-05
3867,4.202e-05
3868,4.205e-05
3869,4.2e-05
3870,4.2e-05
3871,4.2e-05
3872,4.2e-05
3873,4.2e-05
3874,4.2e-05
3875,4.2e-05
3876,4.188e-05
3877,4.188e-05
3878,4.189e-05
3879,4.194e-05
3880,4.194e-05
3881,4.198e-05
3882,4.198e-05
3883,4.198e-05
3884,4.198e-05
3885,4.198e-05
3886,4.195e-05
3887,4.195e-05
3888,4.189e-05
3889,4.189e-05
3890,4.189e-05
3891,4.193e-05
3892,4.193e-05
3893,4.196e-05
3894,4.199e-05
3895,4.199e-05
3896,4.195e-05
3897,4.194e-05
3898,4.182e-05
3899,4.183e-05
3900,4.19e-05
3901,4.19e-05
3902,4.19e-05
3903,4.186e-05
3904,4.186e-05
3905,4.186e-05
3906,4.186e-05
3907,4.186e-05
3908,4.18e-05
3909,4.18e-05
3910,4.18e-05
3911,4.185e-05
3912,4.185e-05
3913,4.181e-05
3914,4.166e-05
3915,4.16e-05
3916,4.146e-05
3917,4.161e-05
3918,4.137e-05
3919,4.156e-05
3920,4.147e-05
3921,4.141e-05
3922,4.139e-05
3923,4.141e-05
3924,4.141e-05
3925,4.141e-05
3926,4.141e-05
3927,4.137e-05
3928,4.132e-05
3929,4.132e-05
3930,4.132e-05
3931,4.136e-05
3932,4.135e-05
3933,4.135e-05
3934,4.133e-05
3935,4.131e-05
3936,4.131e-05
3937,4.137e-05
3938,4.134e-05
3939,4.16e-05
3940,4.16e-05
3941,4.162e-05
3942,4.149e-05
3943,4.149e-05
3944,4.165e-05
3945,4.176e-05
3946,4.182e-05
3947,4.175e-05
3948,4.175e-05
3949,4.175e-05
3950,4.175e-05
3951,4.177e-05
3952,4.183e-05
3953,4.179e-05
3954,4.168e-05
3955,4.168e-05
3956,4.168e-05
3957,4.153e-05
3958,4.153e-05
3959,4.153e-05
3960,4.165e-05
3961,4.165e-05
3962,4.166e-05
3963,4.166e-05
3964,4.166e-05
3965,4.166e-05
3966,4.152e-05
3967,4.164e-05
3968,4.164e-05
3969,4.154e-05
3970,4.154e-05
3971,4.149e-05
3972,4.141e-05
3973,4.14e-05
3974,4.14e-05
3975,4.137e-05
3976,4.137e-05
3977,4.134e-05
3978,4.134e-05
3979,4.127e-05
3980,4.132e-05
3981,4.127e-05
3982,4.133e-05
3983,4.13e-05
3984,4.128e-05
3985,4.13e-05
3986,4.13e-05
3987,4.13e-05
3988,4.125e-05
3989,4.125e-05
3990,4.125e-05
3991,4.111e-05
3992,4.125e-05
3993,4.11e-05
3994,4.11e-05
3995,4.105e-05
3996,4.1e-05
3997,4.1e-05
3998,4.1e-05
3999,4.1e-05
4000,4.1e-05
4001,4.1e-05
4002,4.1e-05
4003,4.1e-05
4004,4.1e-05
4005,4.1e-05
4006,4.104e-05
4007,4.1e-05
4008,4.121e-05
4009,4.114e-05
4010,4.114e-05
4011,4.101e-05
4012,4.101e-05
4013,4.112e-05
4014,4.112e-05
4015,4.101e-05
4016,4.101e-05
4017,4.101e-05
4018,4.089e-05
4019,4.11e-05
4020,4.112e-05
4021,4.083e-05
4022,4.081e-05
4023,4.083e-05
4024,4.08e-05
4025,4.08e-05
4026,4.088e-05
4027,4.088e-05
4028,4.078e-05
4029,4.066e-05
4030,4.064e-05
4031,4.07e-05
4032,4.084e-05
4033,4.066e-05
4034,4.092e-05
4035,4.068e-05
4036,4.066e-05
4037,4.061e-05
4038,4.079e-05
4039,4.067e-05
4040,4.066e-05
4041,4.063e-05
4042,4.063e-05
4043,4.063e-05
4044,4.063e-05
4045,4.062e-05
4046,4.061e-05
4047,4.076e-05
4048,4.062e-05
4049,4.075e-05
4050,4.077e-05
4051,4.063e-05
4052,4.062e-05
4053,4.075e-05
4054,4.063e-05
4055,4.062e-05
4056,4.073e-05
4057,4.071e-05
4058,4.071e-05
4059,4.062e-05
4060,4.067e-05
4061,4.067e-05
4062,4.06e-05
4063,4.07e-05
4064,4.07e-05
4065,4.07e-05
4066,4.058e-05
4067,4.058e-05
4068,4.064e-05
4069,4.064e-05
4070,4.062e-05
4071,4.054e-05
4072,4.054e-05
4073,4.071e-05
4074,4.062e-05
4075,4.056e-05
4076,4.056e-05
4077,4.055e-05
4078,4.055e-05
4079,4.036e-05
4080,4.04e-05
4081,4.037e-05
4082,4.039e-05
4083,4.041e-05
4084,4.05e-05
4085,4.059e-05
4086,4.029e-05
4087,4.058e-05
4088,4.058e-05
4089,4.053e-05
4090,4.03e-05
4091,4.055e-05
4092,4.062e-05
4093,4.036e-05
4094,4.04e-05
4095,4.054e-05
4096,4.04e-05
4097,4.07e-05
4098,4.041e-05
4099,4.042e-05
4100,4.028e-05
4101,4.028e-05
4102,4.041e-05
4103,4.028e-05
4104,4.037e-05
4105,4.024e-05
4106,4.023e-05
4107,4.022e-05
4108,4.021e-05
4109,4.02e-05
4110,4.02e-05
4111,4.02e-05
4112,4.019e-05
4113,4.021e-05
4114,4.02e-05
4115,4.02e-05
4116,4.015e-05
4117,4.015e-05
4118,4.011e-05
4119,4.018e-05
4120,4.007e-05
4121,4.002e-05
4122,4.002e-05
4123,4.003e-05
4124,4.005e-05
4125,4e-05
4126,4.031e-05
4127,4.002e-05
4128,4.002e-05
4129,4.003e-05
4130,4.005e-05
4131,4.017e-05
4132,4.03e-05
4133,4.004e-05
4134,4e-05
4135,4.011e-05
4136,4.013e-05
4137,4.055e-05
4138,4.032e-05
4139,4.016e-05
4140,4.016e-05
4141,4.001e-05
4142,4.004e-05
4143,4.004e-05
4144,4.016e-05
4145,4.006e-05
4146,4.01e-05
4147,4.014e-05
4148,4.02e-05
4149,4.014e-05
4150,4.026e-05
4151,4.026e-05
4152,4.028e-05
4153,4.027e-05
4154,4.03e-05
4155,4.034e-05
4156,4.001e-05
4157,4.042e-05
4158,4.004e-05
4159,4.036e-05
4160,4.037e-05
4161,4.095e-05
4162,4.042e-05
4163,4.084e-05
4164,4.036e-05
4165,4.057e-05
4166,4.037e-05
4167,4.051e-05
4168,4.05e-05
4169,4.05e-05
4170,4.05e-05
4171,4.045e-05
4172,4.045e-05
4173,4.045e-05
4174,4.032e-05
4175,4.022e-05
4176,4.022e-05
4177,4.013e-05
4178,4.022e-05
4179,4.015e-05
4180,4.015e-05
4181,4.019e-05
4182,4.022e-05
4183,4.059e-05
4184,4.06e-05
4185,4.061e-05
4186,4.102e-05
4187,4.101e-05
4188,4.103e-05
4189,4.11e-05
4190,4.105e-05
4191,4.107e-05
4192,4.113e-05
4193,4.129e-05
4194,4.128e-05
4195,4.128e-05
4196,4.13e-05
4197,4.147e-05
4198,4.153e-05
4199,4.133e-05
4200,4.134e-05
4201,4.147e-05
4202,4.133e-05
4203,4.118e-05
4204,4.117e-05
4205,4.116e-05
4206,4.117e-05
4207,4.114e-05
4208,4.105e-05
4209,4.078e-05
4210,4.101e-05
4211,4.095e-05
4212,4.081e-05
4213,4.078e-05
4214,4.06e-05
4215,4.033e-05
4216,4.026e-05
4217,4.033e-05
4218,4.025e-05
4219,4.025e-05
4220,4.023e-05
4221,4.021e-05
4222,4.006e-05
4223,4.021e-05
4224,4.021e-05
4225,4.024e-05
4226,4.009e-05
4227,4.008e-05
4228,4.009e-05
4229,4.01e-05
4230,4.008e-05
4231,4.01e-05
4232,4.002e-05
4233,4.002e-05
4234,4.002e-05
4235,4.002e-05
4236,4.01e-05
4237,4e-05
4238,4e-05
4239,4e-05
4240,4e-05
4241,4e-05
4242,3.999e-05
4243,3.969e-05
4244,3.992e-05
4245,3.949e-05
4246,3.955e-05
4247,3.954e-05
4248,3.95e-05
4249,3.907e-05
4250,3.928e-05
4251,3.938e-05
4252,3.92e-05
4253,3.94e-05
4254,3.942e-05
4255,3.951e-05
4256,3.92e-05
4257,3.92e-05
4258,3.929e-05
4259,3.928e-05
4260,3.9e-05
4261,3.889e-05
4262,3.901e-05
4263,3.9e-05
4264,3.901e-05
4265,3.901e-05
4266,3.906e-05
4267,3.923e-05
4268,3.937e-05
4269,3.95e-05
4270,3.949e-05
4271,3.908e-05
4272,3.908e-05
4273,3.909e-05
4274,3.922e-05
4275,3.968e-05
4276,3.968e-05
4277,3.988e-05
4278,3.967e-05
4279,3.985e-05
4280,3.981e-05
4281,4.001e-05
4282,4.003e-05
4283,4.01e-05
4284,4.027e-05
4285,4.022e-05
4286,4.052e-05
4287,4.065e-05
4288,4.051e-05
4289,4.001e-05
4290,4.044e-05
4291,4.043e-05
4292,4.046e-05
4293,4.039e-05
4294,4.019e-05
4295,4.033e-05
4296,4.017e-05
4297,4.018e-05
4298,4.025e-05
4299,4.018e-05
4300,4.018e-05
4301,4.004e-05
4302,4.001e-05
4303,4.02e-05
4304,4.024e-05
4305,4.024e-05
4306,4.018e-05
4307,4.017e-05
4308,4.017e-05
4309,4.018e-05
4310,4.006e-05
4311,4.006e-05
4312,4.018e-05
4313,4.006e-05
4314,4.017e-05
4315,4.011e-05
4316,4.028e-05
4317,4.025e-05
4318,4.019e-05
4319,4.044e-05
4320,4.034e-05
4321,4.043e-05
4322,4.051e-05
4323,4.051e-05
4324,4.051e-05
4325,4.06e-05
4326,4.067e-05
4327,4.088e-05
4328,4.091e-05
4329,4.089e-05
4330,4.088e-05
4331,4.092e-05
4332,4.07e-05
4333,4.1e-05
4334,4.09e-05
4335,4.096e-05
4336,4.098e-05
4337,4.098e-05
4338,4.098e-05
4339,4.101e-05
4340,4.103e-05
4341,4.116e-05
4342,4.116e-05
4343,4.112e-05
4344,4.112e-05
4345,4.095e-05
4346,4.098e-05
4347,4.099e-05
4348,4.114e-05
4349,4.113e-05
4350,4.071e-05
4351,4.09e-05
4352,4.072e-05
4353,4.089e-05
4354,4.089e-05
4355,4.088e-05
4356,4.07e-05
4357,4.079e-05
4358,4.073e-05
4359,4.056e-05
4360,4.079e-05
4361,4.079e-05
4362,4.06e-05
4363,4.056e-05
4364,4.073e-05
4365,4.06e-05
4366,4.06e-05
4367,4.056e-05
4368,4.075e-05
4369,4.088e-05
4370,4.074e-05
4371,4.074e-05
4372,4.084e-05
4373,4.075e-05
4374,4.075e-05
4375,4.075e-05
4376,4.07e-05
4377,4.076e-05
4378,4.089e-05
4379,4.089e-05
4380,4.089e-05
4381,4.089e-05
4382,4.089e-05
4383,4.089e-05
4384,4.089e-05
4385,4.089e-05
4386,4.09e-05
4387,4.088e-05
4388,4.086e-05
4389,4.062e-05
4390,4.065e-05
4391,4.066e-05
4392,4.072e-05
4393,4.072e-05
4394,4.071e-05
4395,4.059e-05
4396,4.07e-05
4397,4.058e-05
4398,4.058e-05
4399,4.063e-05
4400,4.063e-05
4401,4.063e-05
4402,4.06e-05
4403,4.06e-05
4404,4.045e-05
4405,4.046e-05
4406,4.052e-05
4407,4.054e-05
4408,4.041e-05
4409,4.042e-05
4410,4.04e-05
4411,4.042e-05
4412,4.045e-05
4413,4.038e-05
4414,4.04e-05
4415,4.044e-05
4416,4.045e-05
4417,4.023e-05
4418,4.023e-05
4419,4.009e-05
4420,4.009e-05
4421,4.009e-05
4422,4.005e-05
4423,4e-05
4424,4e-05
4425,3.998e-05
4426,3.997e-05
4427,3.994e-05
4428,3.993e-05
4429,3.999e-05
4430,3.996e-05
4431,3.993e-05
4432,3.98e-05
4433,3.992e-05
4434,3.991e-05
4435,3.991e-05
4436,3.992e-05
4437,3.933e-05
4438,3.923e-05
4439,3.96e-05
4440,3.922e-05
4441,3.922e-05
4442,3.95e-05
4443,3.946e-05
4444,3.996e-05
4445,3.996e-05
4446,3.963e-05
4447,3.992e-05
4448,3.936e-05
4449,3.952e-05
4450,3.96e-05
4451,3.961e-05
4452,3.981e-05
4453,3.95e-05
4454,3.94e-05
4455,3.938e-05
4456,3.94e-05
4457,3.94e-05
4458,3.935e-05
4459,3.935e-05
4460,3.931e-05
4461,3.94e-05
4462,3.961e-05
4463,3.944e-05
4464,3.95e-05
4465,3.951e-05
4466,3.951e-05
4467,3.952e-05
4468,3.952e-05
4469,3.952e-05
4470,3.945e-05
4471,3.952e-05
4472,3.95e-05
4473,3.95e-05
4474,3.946e-05
4475,3.949e-05
4476,3.95e-05
4477,3.948e-05
4478,3.946e-05
4479,3.93e-05
4480,3.929e-05
4481,3.929e-05
4482,3.915e-05
4483,3.93e-05
4484,3.93e-05
4485,3.936e-05
4486,3.934e-05
4487,3.931e-05
4488,3.93e-05
4489,3.925e-05
4490,3.91e-05
4491,3.91e-05
4492,3.92e-05
4493,3.908e-05
4494,3.905e-05
4495,3.899e-05
4496,3.9e-05
4497,3.9e-05
4498,3.898e-05
4499,3.869e-05
4500,3.864e-05
4501,3.867e-05
4502,3.893e-05
4503,3.864e-05
4504,3.864e-05
4505,3.892e-05
4506,3.866e-05
4507,3.892e-05
4508,3.894e-05
4509,3.894e-05
4510,3.867e-05
4511,3.895e-05
4512,3.865e-05
4513,3.892e-05
4514,3.87e-05
4515,3.865e-05
4516,3.892e-05
4517,3.89e-05
4518,3.889e-05
4519,3.895e-05
4520,3.895e-05
4521,3.868e-05
4522,3.893e-05
4523,3.896e-05
4524,3.866e-05
4525,3.893e-05
4526,3.87e-05
4527,3.9e-05
4528,3.908e-05
4529,3.917e-05
4530,3.91e-05
4531,3.918e-05
4532,3.9e-05
4533,3.912e-05
4534,3.863e-05
4535,3.899e-05
4536,3.888e-05
4537,3.888e-05
4538,3.91e-05
4539,3.908e-05
4540,3.914e-05
4541,3.925e-05
4542,3.939e-05
4543,3.97e-05
4544,3.924e-05
4545,3.966e-05
4546,3.966e-05
4547,3.97e-05
4548,3.97e-05
4549,3.97e-05
4550,3.971e-05
4551,3.973e-05
4552,3.969e-05
4553,3.949e-05
4554,3.984e-05
4555,3.956e-05
4556,3.955e-05
4557,3.956e-05
4558,3.96e-05
4559,3.958e-05
4560,3.951e-05
4561,3.946e-05
4562,3.92e-05
4563,3.945e-05
4564,3.9e-05
4565,3.9e-05
4566,3.931e-05
4567,3.904e-05
4568,3.918e-05
4569,3.903e-05
4570,3.9e-05
4571,3.9e-05
4572,3.9e-05
4573,3.925e-05
4574,3.925e-05
4575,3.918e-05
4576,3.912e-05
4577,3.944e-05
4578,3.943e-05
4579,3.943e-05
4580,3.943e-05
4581,3.939e-05
4582,3.928e-05
4583,3.928e-05
4584,3.928e-05
4585,3.935e-05
4586,3.943e-05
4587,3.932e-05
4588,3.93e-05
4589,3.93e-05
4590,3.93e-05
4591,3.93e-05
4592,3.93e-05
4593,3.931e-05
4594,3.931e-05
4595,3.931e-05
4596,3.928e-05
4597,3.927e-05
4598,3.92e-05
4599,3.92e-05
4600,3.917e-05
4601,3.941e-05
4602,3.941e-05
4603,3.934e-05
4604,3.92e-05
4605,3.92e-05
4606,3.92e-05
4607,3.92e-05
4608,3.92e-05
4609,3.908e-05
4610,3.908e-05
4611,3.901e-05
4612,3.9e-05
4613,3.9e-05
4614,3.901e-05
4615,3.901e-05
4616,3.901e-05
4617,3.901e-05
4618,3.901e-05
4619,3.907e-05
4620,3.906e-05
4621,3.904e-05
4622,3.906e-05
4623,3.906e-05
4624,3.907e-05
4625,3.907e-05
4626,3.928e-05
4627,3.928e-05
4628,3.928e-05
4629,3.905e-05
4630,3.921e-05
4631,3.92e-05
4632,3.92e-05
4633,3.9e-05
4634,3.9e-05
4635,3.898e-05
4636,3.888e-05
4637,3.889e-05
4638,3.882e-05
4639,3.882e-05
4640,3.88e-05
4641,3.883e-05
4642,3.88e-05
4643,3.88e-05
4644,3.88e-05
4645,3.882e-05
4646,3.881e-05
4647,3.874e-05
4648,3.86e-05
4649,3.855e-05
4650,3.853e-05
4651,3.851e-05
4652,3.852e-05
4653,3.851e-05
4654,3.846e-05
4655,3.846e-05
4656,3.846e-05
4657,3.841e-05
4658,3.822e-05
4659,3.845e-05
4660,3.839e-05
4661,3.819e-05
4662,3.812e-05
4663,3.805e-05
4664,3.801e-05
4665,3.815e-05
4666,3.815e-05
4667,3.8e-05
4668,3.8e-05
4669,3.8e-05
4670,3.807e-05
4671,3.8e-05
4672,3.808e-05
4673,3.8e-05
4674,3.8e-05
4675,3.8e-05
4676,3.8e-05
4677,3.801e-05
4678,3.8e-05
4679,3.83e-05
4680,3.83e-05
4681,3.831e-05
4682,3.83e-05
4683,3.805e-05
4684,3.806e-05
4685,3.806e-05
4686,3.83e-05
4687,3.81e-05
4688,3.806e-05
4689,3.82e-05
4690,3.8e-05
4691,3.801e-05
4692,3.801e-05
4693,3.81e-05
4694,3.814e-05
4695,3.81e-05
4696,3.801e-05
4697,3.8e-05
4698,3.8e-05
4699,3.801e-05
4700,3.839e-05
4701,3.836e-05
4702,3.834e-05
4703,3.805e-05
4704,3.83e-05
4705,3.838e-05
4706,3.836e-05
4707,3.831e-05
4708,3.835e-05
4709,3.831e-05
4710,3.834e-05
4711,3.834e-05
4712,3.834e-05
4713,3.835e-05
4714,3.834e-05
4715,3.811e-05
4716,3.829e-05
4717,3.8e-05
4718,3.8e-05
4719,3.8e-05
4720,3.803e-05
4721,3.8e-05
4722,3.826e-05
4723,3.803e-05
4724,3.801e-05
4725,3.803e-05
4726,3.803e-05
4727,3.803e-05
4728,3.81e-05
4729,3.803e-05
4730,3.81e-05
4731,3.812e-05
4732,3.802e-05
4733,3.804e-05
4734,3.804e-05
4735,3.804e-05
4736,3.802e-05
4737,3.822e-05
4738,3.804e-05
4739,3.805e-05
4740,3.822e-05
4741,3.822e-05
4742,3.805e-05
4743,3.829e-05
4744,3.801e-05
4745,3.8e-05
4746,3.8e-05
4747,3.835e-05
4748,3.804e-05
4749,3.807e-05
4750,3.8e-05
4751,3.8e-05
4752,3.8e-05
4753,3.8e-05
4754,3.825e-05
4755,3.8e-05
4756,3.805e-05
4757,3.8e-05
4758,3.801e-05
4759,3.8e-05
4760,3.808e-05
4761,3.801e-05
4762,3.8e-05
4763,3.801e-05
4764,3.8e-05
4765,3.8e-05
4766,3.808e-05
4767,3.808e-05
4768,3.8e-05
4769,3.8e-05
4770,3.8e-05
4771,3.8e-05
4772,3.8e-05
4773,3.804e-05
4774,3.804e-05
4775,3.808e-05
4776,3.81e-05
4777,3.807e-05
4778,3.836e-05
4779,3.84e-05
4780,3.84e-05
4781,3.84e-05
4782,3.84e-05
4783,3.845e-05
4784,3.843e-05
4785,3.855e-05
4786,3.858e-05
4787,3.859e-05
4788,3.861e-05
4789,3.912e-05
4790,3.894e-05
4791,3.918e-05
4792,3.916e-05
4793,3.901e-05
4794,3.9e-05
4795,3.925e-05
4796,3.902e-05
4797,3.9e-05
4798,3.893e-05
4799,3.889e-05
4800,3.87e-05
4801,3.868e-05
4802,3.868e-05
4803,3.867e-05
4804,3.85e-05
4805,3.848e-05
4806,3.821e-05
4807,3.848e-05
4808,3.848e-05
4809,3.848e-05
4810,3.849e-05
4811,3.848e-05
4812,3.83e-05
4813,3.865e-05
4814,3.852e-05
4815,3.869e-05
4816,3.869e-05
4817,3.873e-05
4818,3.874e-05
4819,3.872e-05
4820,3.87e-05
4821,3.867e-05
4822,3.868e-05
4823,3.868e-05
4824,3.83e-05
4825,3.831e-05
4826,3.831e-05
4827,3.857e-05
4828,3.856e-05
4829,3.857e-05
4830,3.859e-05
4831,3.863e-05
4832,3.866e-05
4833,3.866e-05
4834,3.866e-05
4835,3.863e-05
4836,3.863e-05
4837,3.863e-05
4838,3.862e-05
4839,3.863e-05
4840,3.866e-05
4841,3.864e-05
4842,3.864e-05
4843,3.866e-05
4844,3.871e-05
4845,3.871e-05
4846,3.871e-05
4847,3.871e-05
4848,3.871e-05
4849,3.878e-05
4850,3.883e-05
4851,3.883e-05
4852,3.89e-05
4853,3.884e-05
4854,3.884e-05
4855,3.892e-05
4856,3.892e-05
4857,3.887e-05
4858,3.892e-05
4859,3.893e-05
4860,3.894e-05
4861,3.899e-05
4862,3.899e-05
4863,3.899e-05
4864,3.92e-05
4865,3.906e-05
4866,3.909e-05
4867,3.912e-05
4868,3.937e-05
4869,3.94e-05
4870,3.941e-05
4871,3.945e-05
4872,3.945e-05
4873,3.946e-05
4874,3.947e-05
4875,3.968e-05
4876,3.953e-05
4877,3.953e-05
4878,3.966e-05
4879,3.968e-05
4880,3.967e-05
4881,3.968e-05
4882,3.975e-05
4883,3.984e-05
4884,3.982e-05
4885,3.966e-05
4886,3.98e-05
4887,3.974e-05
4888,3.973e-05
4889,3.973e-05
4890,3.973e-05
4891,3.974e-05
4892,3.961e-05
4893,3.975e-05
4894,3.969e-05
4895,3.969e-05
4896,3.969e-05
4897,3.974e-05
4898,3.985e-05
4899,3.986e-05
4900,3.996e-05
4901,4.009e-05
4902,3.993e-05
4903,3.996e-05
4904,4.009e-05
4905,4.092e-05
4906,4.021e-05
4907,4.029e-05
4908,4.05e-05
4909,4.05e-05
4910,4.041e-05
4911,4.071e-05
4912,4.051e-05
4913,4.085e-05
4914,4.028e-05
4915,4.078e-05
4916,4.05e-05
4917,4.07e-05
4918,4.068e-05
4919,4.045e-05
4920,4.07e-05
4921,4.044e-05
4922,4.046e-05
4923,4.05e-05
4924,4.071e-05
4925,4.071e-05
4926,4.07e-05
4927,4.043e-05
4928,4.051e-05
4929,4.051e-05
4930,4.051e-05
4931,4.052e-05
4932,4.068e-05
4933,4.051e-05
4934,4.05e-05
4935,4.05e-05
4936,4.05e-05
4937,4.049e-05
4938,4.05e-05
4939,4.054e-05
4940,4.071e-05
4941,4.073e-05
4942,4.077e-05
4943,4.086e-05
4944,4.1e-05
4945,4.089e-05
4946,4.099e-05
4947,4.095e-05
4948,4.099e-05
4949,4.101e-05
4950,4.115e-05
4951,4.099e-05
4952,4.1e-05
4953,4.1e-05
4954,4.091e-05
4955,4.071e-05
4956,4.078e-05
4957,4.075e-05
4958,4.06e-05
4959,4.051e-05
4960,4.07e-05
4961,4.055e-05
4962,4.051e-05
4963,4.055e-05
4964,4.117e-05
4965,4.08e-05
4966,4.056e-05
4967,4.079e-05
4968,4.115e-05
4969,4.069e-05
4970,4.111e-05
4971,4.072e-05
4972,4.07e-05
4973,4.071e-05
4974,4.071e-05
4975,4.071e-05
4976,4.072e-05
4977,4.072e-05
4978,4.056e-05
4979,4.063e-05
4980,4.056e-05
4981,4.074e-05
4982,4.056e-05
4983,4.054e-05
4984,4.048e-05
4985,4.044e-05
4986,4.038e-05
4987,4.023e-05
4988,4.022e-05
4989,4.03e-05
4990,4.044e-05
4991,4.044e-05
4992,4.044e-05
4993,4.05e-05
4994,4.031e-05
4995,4.025e-05
4996,4.024e-05
4997,4.007e-05
4998,4e-05
4999,4e-05
5000,4.004e-05
5001,4e-05
5002,3.973e-05
5003,3.976e-05
5004,3.974e-05
5005,3.972e-05
5006,3.971e-05
5007,3.975e-05
5008,3.972e-05
5009,3.962e-05
5010,3.956e-05
5011,3.962e-05
5012,3.925e-05
5013,3.95e-05
5014,3.93e-05
5015,3.957e-05
5016,3.956e-05
5017,3.951e-05
5018,3.957e-05
5019,3.974e-05
5020,3.974e-05
5021,3.967e-05
5022,3.975e-05
5023,3.965e-05
5024,3.968e-05
5025,3.965e-05
5026,3.995e-05
5027,3.995e-05
5028,3.99e-05
5029,4.005e-05
5030,4.008e-05
5031,3.998e-05
5032,3.998e-05
5033,4.009e-05
5034,4.009e-05
5035,4.009e-05
5036,4.011e-05
5037,4.028e-05
5038,4.028e-05
5039,4.012e-05
5040,4.014e-05
5041,4.028e-05
5042,4.029e-05
5043,4.034e-05
5044,4.034e-05
5045,4.034e-05
5046,4.036e-05
5047,4.021e-05
5048,4.017e-05
5049,4.021e-05
5050,4.046e-05
5051,4.046e-05
5052,4.047e-05
5053,4.047e-05
5054,4.047e-05
5055,4.052e-05
5056,4.049e-05
5057,4.049e-05
5058,4.051e-05
5059,4.053e-05
5060,4.04e-05
5061,4.048e-05
5062,4.042e-05
5063,4.046e-05
5064,4.048e-05
5065,4.041e-05
5066,4.05e-05
5067,4.065e-05
5068,4.06e-05
5069,4.057e-05
5070,4.055e-05
5071,4.053e-05
5072,4.054e-05
5073,4.054e-05
5074,4.06e-05
5075,4.076e-05
5076,4.062e-05
5077,4.073e-05
5078,4.055e-05
5079,4.045e-05
5080,4.066e-05
5081,4.065e-05
5082,4.065e-05
5083,4.044e-05
5084,4.042e-05
5085,4.044e-05
5086,4.044e-05
5087,4.045e-05
5088,4.045e-05
5089,4.066e-05
5090,4.06e-05
5091,4.044e-05
5092,4.059e-05
5093,4.034e-05
5094,4.055e-05
5095,4.055e-05
5096,4.034e-05
5097,4.034e-05
5098,4.034e-05
5099,4.034e-05
5100,4.034e-05
5101,4.043e-05
5102,4.03e-05
5103,4.032e-05
5104,4.031e-05
5105,4.032e-05
5106,4.042e-05
5107,4.043e-05
5108,4.04e-05
5109,4.04e-05
5110,4.04e-05
5111,4.04e-05
5112,4.039e-05
5113,4.037e-05
5114,4.031e-05
5115,4.03e-05
5116,4.027e-05
5117,4.015e-05
5118,4.015e-05
5119,4.015e-05
5120,4.015e-05
5121,4.008e-05
5122,4.008e-05
5123,4.015e-05
5124,4.004e-05
5125,4.015e-05
5126,4.015e-05
5127,4.015e-05
5128,4.015e-05
5129,4.015e-05
5130,4.015e-05
5131,4.015e-05
5132,4.01e-05
5133,4.01e-05
5134,4.009e-05
5135,4.009e-05
5136,4.009e-05
5137,4.005e-05
5138,4.005e-05
5139,4.009e-05
5140,4.009e-05
5141,4.012e-05
5142,4.013e-05
5143,4.013e-05
5144,4.028e-05
5145,4.028e-05
5146,4.017e-05
5147,4.028e-05
5148,4.039e-05
5149,4.039e-05
5150,4.032e-05
5151,4.03e-05
5152,4.029e-05
5153,4.031e-05
5154,4.039e-05
5155,4.032e-05
5156,4.046e-05
5157,4.045e-05
5158,4.044e-05
5159,4.046e-05
5160,4.044e-05
5161,4.044e-05
5162,4.045e-05
5163,4.045e-05
5164,4.048e-05
5165,4.048e-05
5166,4.048e-05
5167,4.047e-05
5168,4.048e-05
5169,4.035e-05
5170,4.048e-05
5171,4.048e-05
5172,4.047e-05
5173,4.046e-05
5174,4.046e-05
5175,4.02e-05
5176,4.02e-05
5177,4.021e-05
5178,4.039e-05
5179,4.038e-05
5180,4.028e-05
5181,4.039e-05
5182,4.039e-05
5183,4.039e-05
5184,4.042e-05
5185,4.041e-05
5186,4.05e-05
5187,4.05e-05
5188,4.05e-05
5189,4.049e-05
5190,4.049e-05
5191,4.051e-05
5192,4.051e-05
5193,4.072e-05
5194,4.053e-05
5195,4.071e-05
5196,4.04e-05
5197,4.04e-05
5198,4.04e-05
5199,4.052e-05
5200,4.049e-05
5201,4.041e-05
5202,4.04e-05
5203,4.043e-05
5204,4.03e-05
5205,4.043e-05
5206,4.045e-05
5207,4.05e-05
5208,4.043e-05
5209,4.043e-05
5210,4.043e-05
5211,4.023e-05
5212,4.039e-05
5213,4.039e-05
5214,4.039e-05
5215,4.034e-05
5216,4.017e-05
5217,4.013e-05
5218,4.033e-05
5219,4.017e-05
5220,4.004e-05
5221,4.028e-05
5222,4.005e-05
5223,4.006e-05
5224,4.006e-05
5225,4.004e-05
5226,4.035e-05
5227,4.036e-05
5228,4.037e-05
5229,4.027e-05
5230,4.037e-05
5231,4.042e-05
5232,4.042e-05
5233,4.042e-05
5234,4.042e-05
5235,4.042e-05
5236,4.041e-05
5237,4.025e-05
5238,4.025e-05
5239,4.043e-05
5240,4.043e-05
5241,4.037e-05
5242,4.043e-05
5243,4.037e-05
5244,4.043e-05
5245,4.043e-05
5246,4.042e-05
5247,4.043e-05
5248,4.048e-05
5249,4.037e-05
5250,4.029e-05
5251,4.035e-05
5252,4.05e-05
5253,4.05e-05
5254,4.05e-05
5255,4.05e-05
5256,4.051e-05
5257,4.051e-05
5258,4.053e-05
5259,4.053e-05
5260,4.057e-05
5261,4.054e-05
5262,4.072e-05
5263,4.072e-05
5264,4.06e-05
5265,4.06e-05
5266,4.051e-05
5267,4.05e-05
5268,4.05e-05
5269,4.05e-05
5270,4.05e-05
5271,4.051e-05
5272,4.05e-05
5273,4.05e-05
5274,4.05e-05
5275,4.046e-05
5276,4.045e-05
5277,4.045e-05
5278,4.041e-05
5279,4.041e-05
5280,4.035e-05
5281,4.036e-05
5282,4.068e-05
5283,4.03e-05
5284,4.037e-05
5285,4.038e-05
5286,4.054e-05
5287,4.039e-05
5288,4.05e-05
5289,4.063e-05
5290,4.063e-05
5291,4.053e-05
5292,4.039e-05
5293,4.056e-05
5294,4.056e-05
5295,4.056e-05
5296,4.06e-05
5297,4.036e-05
5298,4.046e-05
5299,4.057e-05
5300,4.057e-05
5301,4.05e-05
5302,4.056e-05
5303,4.061e-05
5304,4.061e-05
5305,4.061e-05
5306,4.059e-05
5307,4.059e-05
5308,4.058e-05
5309,4.056e-05
5310,4.055e-05
5311,4.055e-05
5312,4.055e-05
5313,4.071e-05
5314,4.071e-05
5315,4.071e-05
5316,4.064e-05
5317,4.058e-05
5318,4.061e-05
5319,4.061e-05
5320,4.062e-05
5321,4.041e-05
5322,4.05e-05
5323,4.041e-05
5324,4.05e-05
5325,4.05e-05
5326,4.049e-05
5327,4.049e-05
5328,4.049e-05
5329,4.045e-05
5330,4.049e-05
5331,4.051e-05
5332,4.051e-05
5333,4.051e-05
5334,4.051e-05
5335,4.069e-05
5336,4.069e-05
5337,4.067e-05
5338,4.067e-05
5339,4.093e-05
5340,4.081e-05
5341,4.064e-05
5342,4.09e-05
5343,4.091e-05
5344,4.09e-05
5345,4.093e-05
5346,4.09e-05
5347,4.09e-05
5348,4.09e-05
5349,4.09e-05
5350,4.094e-05
5351,4.099e-05
5352,4.095e-05
5353,4.099e-05
5354,4.099e-05
5355,4.099e-05
5356,4.098e-05
5357,4.098e-05
5358,4.099e-05
5359,4.099e-05
5360,4.099e-05
5361,4.1e-05
5362,4.098e-05
5363,4.098e-05
5364,4.098e-05
5365,4.1e-05
5366,4.1e-05
5367,4.099e-05
5368,4.1e-05
5369,4.099e-05
5370,4.1e-05
5371,4.1e-05
5372,4.099e-05
5373,4.098e-05
5374,4.099e-05
5375,4.099e-05
5376,4.1e-05
5377,4.072e-05
5378,4.07e-05
5379,4.07e-05
5380,4.07e-05
5381,4.07e-05
5382,4.07e-05
5383,4.07e-05
5384,4.07e-05
5385,4.069e-05
5386,4.07e-05
5387,4.07e-05
5388,4.07e-05
5389,4.07e-05
5390,4.063e-05
5391,4.07e-05
5392,4.085e-05
5393,4.072e-05
5394,4.086e-05
5395,4.089e-05
5396,4.089e-05
5397,4.089e-05
5398,4.097e-05
5399,4.097e-05
5400,4.099e-05
5401,4.099e-05
5402,4.099e-05
5403,4.098e-05
5404,4.099e-05
5405,4.098e-05
5406,4.098e-05
5407,4.097e-05
5408,4.097e-05
5409,4.097e-05
5410,4.09e-05
5411,4.09e-05
5412,4.09e-05
5413,4.09e-05
5414,4.096e-05
5415,4.078e-05
5416,4.098e-05
5417,4.085e-05
5418,4.098e-05
5419,4.098e-05
5420,4.082e-05
5421,4.082e-05
5422,4.098e-05
5423,4.097e-05
5424,4.098e-05
5425,4.098e-05
5426,4.096e-05
5427,4.098e-05
5428,4.098e-05
5429,4.099e-05
5430,4.099e-05
5431,4.099e-05
5432,4.099e-05
5433,4.099e-05
5434,4.099e-05
5435,4.1e-05
5436,4.1e-05
5437,4.1e-05
5438,4.1e-05
5439,4.1e-05
5440,4.1e-05
5441,4.1e-05
5442,4.1e-05
5443,4.1e-05
5444,4.1e-05
5445,4.1e-05
5446,4.1e-05
5447,4.1e-05
5448,4.1e-05
5449,4.1e-05
5450,4.101e-05
5451,4.111e-05
5452,4.14e-05
5453,4.14e-05
5454,4.128e-05
5455,4.139e-05
5456,4.142e-05
5457,4.144e-05
5458,4.155e-05
5459,4.147e-05
5460,4.151e-05
5461,4.151e-05
5462,4.154e-05
5463,4.141e-05
5464,4.154e-05
5465,4.154e-05
5466,4.153e-05
5467,4.154e-05
5468,4.154e-05
5469,4.153e-05
5470,4.157e-05
5471,4.156e-05
5472,4.159e-05
5473,4.165e-05
5474,4.159e-05
5475,4.159e-05
5476,4.165e-05
5477,4.165e-05
5478,4.165e-05
5479,4.166e-05
5480,4.164e-05
5481,4.163e-05
5482,4.162e-05
5483,4.131e-05
5484,4.148e-05
5485,4.15e-05
5486,4.128e-05
5487,4.128e-05
5488,4.128e-05
5489,4.128e-05
5490,4.128e-05
5491,4.149e-05
5492,4.131e-05
5493,4.146e-05
5494,4.142e-05
5495,4.141e-05
5496,4.139e-05
5497,4.131e-05
5498,4.135e-05
5499,4.132e-05
5500,4.131e-05
5501,4.131e-05
5502,4.128e-05
5503,4.128e-05
5504,4.128e-05
5505,4.128e-05
5506,4.128e-05
5507,4.141e-05
5508,4.141e-05
5509,4.128e-05
5510,4.129e-05
5511,4.13e-05
5512,4.128e-05
5513,4.128e-05
5514,4.128e-05
5515,4.128e-05
5516,4.128e-05
5517,4.125e-05
5518,4.128e-05
5519,4.128e-05
5520,4.145e-05
5521,4.145e-05
5522,4.124e-05
5523,4.124e-05
5524,4.127e-05
5525,4.13e-05
5526,4.13e-05
5527,4.121e-05
5528,4.144e-05
5529,4.139e-05
5530,4.136e-05
5531,4.102e-05
5532,4.102e-05
5533,4.119e-05
5534,4.119e-05
5535,4.122e-05
5536,4.103e-05
5537,4.103e-05
5538,4.106e-05
5539,4.107e-05
5540,4.111e-05
5541,4.111e-05
5542,4.111e-05
5543,4.111e-05
5544,4.12e-05
5545,4.132e-05
5546,4.13e-05
5547,4.131e-05
5548,4.131e-05
5549,4.113e-05
5550,4.113e-05
5551,4.113e-05
5552,4.112e-05
5553,4.101e-05
5554,4.101e-05
5555,4.102e-05
5556,4.102e-05
5557,4.099e-05
5558,4.103e-05
5559,4.103e-05
5560,4.113e-05
5561,4.102e-05
5562,4.103e-05
5563,4.081e-05
5564,4.102e-05
5565,4.098e-05
5566,4.102e-05
5567,4.114e-05
5568,4.114e-05
5569,4.111e-05
5570,4.111e-05
5571,4.12e-05
5572,4.114e-05
5573,4.117e-05
5574,4.123e-05
5575,4.113e-05
5576,4.12e-05
5577,4.121e-05
5578,4.12e-05
5579,4.12e-05
5580,4.12e-05
5581,4.12e-05
5582,4.12e-05
5583,4.12e-05
5584,4.101e-05
5585,4.118e-05
5586,4.1e-05
5587,4.099e-05
5588,4.099e-05
5589,4.097e-05
5590,4.093e-05
5591,4.09e-05
5592,4.089e-05
5593,4.089e-05
5594,4.089e-05
5595,4.081e-05
5596,4.074e-05
5597,4.09e-05
5598,4.064e-05
5599,4.064e-05
5600,4.064e-05
5601,4.064e-05
5602,4.075e-05
5603,4.074e-05
5604,4.074e-05
5605,4.073e-05
5606,4.073e-05
5607,4.067e-05
5608,4.067e-05
5609,4.067e-05
5610,4.071e-05
5611,4.071e-05
5612,4.071e-05
5613,4.072e-05
5614,4.072e-05
5615,4.075e-05
5616,4.075e-05
5617,4.074e-05
5618,4.079e-05
5619,4.074e-05
5620,4.074e-05
5621,4.074e-05
5622,4.08e-05
5623,4.08e-05
5624,4.086e-05
5625,4.086e-05
5626,4.086e-05
5627,4.082e-05
5628,4.082e-05
5629,4.079e-05
5630,4.079e-05
5631,4.081e-05
5632,4.085e-05
5633,4.085e-05
5634,4.082e-05
5635,4.081e-05
5636,4.081e-05
5637,4.081e-05
5638,4.081e-05
5639,4.081e-05
5640,4.081e-05
5641,4.081e-05
5642,4.084e-05
5643,4.084e-05
5644,4.084e-05
5645,4.096e-05
5646,4.096e-05
5647,4.089e-05
5648,4.096e-05
5649,4.096e-05
5650,4.1e-05
5651,4.1e-05
5652,4.1e-05
5653,4.106e-05
5654,4.11e-05
5655,4.11e-05
5656,4.106e-05
5657,4.117e-05
5658,4.117e-05
5659,4.117e-05
5660,4.101e-05
5661,4.101e-05
5662,4.101e-05
5663,4.146e-05
5664,4.117e-05
5665,4.124e-05
5666,4.096e-05
5667,4.12e-05
5668,4.116e-05
5669,4.116e-05
5670,4.097e-05
5671,4.107e-05
5672,4.107e-05
5673,4.099e-05
5674,4.099e-05
5675,4.096e-05
5676,4.094e-05
5677,4.096e-05
5678,4.096e-05
5679,4.096e-05
5680,4.102e-05
5681,4.1e-05
5682,4.1e-05
5683,4.079e-05
5684,4.096e-05
5685,4.097e-05
5686,4.096e-05
5687,4.098e-05
5688,4.103e-05
5689,4.097e-05
5690,4.102e-05
5691,4.097e-05
5692,4.097e-05
5693,4.096e-05
5694,4.1e-05
5695,4.099e-05
5696,4.098e-05
5697,4.097e-05
5698,4.098e-05
5699,4.097e-05
5700,4.097e-05
5701,4.097e-05
5702,4.097e-05
5703,4.096e-05
5704,4.097e-05
5705,4.098e-05
5706,4.1e-05
5707,4.1e-05
5708,4.099e-05
5709,4.099e-05
5710,4.099e-05
5711,4.115e-05
5712,4.101e-05
5713,4.101e-05
5714,4.1e-05
5715,4.1e-05
5716,4.1e-05
5717,4.099e-05
5718,4.119e-05
5719,4.127e-05
5720,4.115e-05
5721,4.115e-05
5722,4.115e-05
5723,4.13e-05
5724,4.13e-05
5725,4.114e-05
5726,4.114e-05
5727,4.12e-05
5728,4.121e-05
5729,4.146e-05
5730,4.146e-05
5731,4.134e-05
5732,4.146e-05
5733,4.134e-05
5734,4.134e-05
5735,4.14e-05
5736,4.133e-05
5737,4.124e-05
5738,4.126e-05
5739,4.134e-05
5740,4.136e-05
5741,4.147e-05
5742,4.148e-05
5743,4.16e-05
5744,4.164e-05
5745,4.164e-05
5746,4.15e-05
5747,4.164e-05
5748,4.164e-05
5749,4.135e-05
5750,4.136e-05
5751,4.149e-05
5752,4.15e-05
5753,4.142e-05
5754,4.148e-05
5755,4.149e-05
5756,4.125e-05
5757,4.139e-05
5758,4.139e-05
5759,4.139e-05
5760,4.139e-05
5761,4.139e-05
5762,4.133e-05
5763,4.131e-05
5764,4.12e-05
5765,4.12e-05
5766,4.12e-05
5767,4.12e-05
5768,4.129e-05
5769,4.114e-05
5770,4.122e-05
5771,4.12e-05
5772,4.12e-05
5773,4.117e-05
5774,4.118e-05
5775,4.118e-05
5776,4.121e-05
5777,4.121e-05
5778,4.121e-05
5779,4.121e-05
5780,4.129e-05
5781,4.126e-05
5782,4.126e-05
5783,4.126e-05
5784,4.126e-05
5785,4.121e-05
5786,4.119e-05
5787,4.119e-05
5788,4.116e-05
5789,4.116e-05
5790,4.116e-05
5791,4.121e-05
5792,4.116e-05
5793,4.121e-05
5794,4.119e-05
5795,4.12e-05
5796,4.121e-05
5797,4.121e-05
5798,4.121e-05
5799,4.126e-05
5800,4.125e-05
5801,4.125e-05
5802,4.126e-05
5803,4.126e-05
5804,4.126e-05
5805,4.125e-05
5806,4.126e-05
5807,4.13e-05
5808,4.129e-05
5809,4.13e-05
5810,4.13e-05
5811,4.13e-05
5812,4.13e-05
5813,4.135e-05
5814,4.136e-05
5815,4.14e-05
5816,4.137e-05
5817,4.138e-05
5818,4.136e-05
5819,4.136e-05
5820,4.136e-05
5821,4.138e-05
5822,4.138e-05
5823,4.138e-05
5824,4.138e-05
5825,4.138e-05
5826,4.138e-05
5827,4.138e-05
5828,4.136e-05
5829,4.136e-05
5830,4.136e-05
5831,4.137e-05
5832,4.136e-05
5833,4.132e-05
5834,4.136e-05
5835,4.135e-05
5836,4.135e-05
5837,4.135e-05
5838,4.135e-05
5839,4.135e-05
5840,4.134e-05
5841,4.133e-05
5842,4.133e-05
5843,4.133e-05
5844,4.133e-05
5845,4.133e-05
5846,4.132e-05
5847,4.138e-05
5848,4.137e-05
5849,4.138e-05
5850,4.132e-05
5851,4.13e-05
5852,4.131e-05
5853,4.131e-05
5854,4.131e-05
5855,4.131e-05
5856,4.131e-05
5857,4.13e-05
5858,4.134e-05
5859,4.13e-05
5860,4.13e-05
5861,4.126e-05
5862,4.13e-05
5863,4.128e-05
5864,4.128e-05
5865,4.12e-05
5866,4.116e-05
5867,4.131e-05
5868,4.131e-05
5869,4.124e-05
5870,4.123e-05
5871,4.122e-05
5872,4.112e-05
5873,4.123e-05
5874,4.121e-05
5875,4.1e-05
5876,4.12e-05
5877,4.103e-05
5878,4.12e-05
5879,4.105e-05
5880,4.093e-05
5881,4.121e-05
5882,4.09e-05
5883,4.092e-05
5884,4.092e-05
5885,4.092e-05
5886,4.118e-05
5887,4.118e-05
5888,4.124e-05
5889,4.124e-05
5890,4.112e-05
5891,4.115e-05
5892,4.114e-05
5893,4.09e-05
5894,4.09e-05
5895,4.091e-05
5896,4.09e-05
5897,4.087e-05
5898,4.091e-05
5899,4.09e-05
5900,4.091e-05
5901,4.091e-05
5902,4.091e-05
5903,4.088e-05
5904,4.082e-05
5905,4.073e-05
5906,4.073e-05
5907,4.072e-05
5908,4.072e-05
5909,4.081e-05
5910,4.08e-05
5911,4.077e-05
5912,4.077e-05
5913,4.077e-05
5914,4.05e-05
5915,4.053e-05
5916,4.073e-05
5917,4.074e-05
5918,4.074e-05
5919,4.07e-05
5920,4.068e-05
5921,4.063e-05
5922,4.046e-05
5923,4.043e-05
5924,4.044e-05
5925,4.055e-05
5926,4.032e-05
5927,4.035e-05
5928,4.035e-05
5929,4.033e-05
5930,4.043e-05
5931,4.041e-05
5932,4.042e-05
5933,4.042e-05
5934,4.034e-05
5935,4.035e-05
5936,4.035e-05
5937,4.04e-05
5938,4.017e-05
5939,4.017e-05
5940,4.023e-05
5941,4.018e-05
5942,4.02e-05
5943,4.02e-05
5944,4e-05
5945,4.017e-05
5946,4.012e-05
5947,4e-05
5948,4.005e-05
5949,4.005e-05
5950,4.001e-05
5951,4e-05
5952,4.004e-05
5953,4e-05
5954,3.998e-05
5955,3.986e-05
5956,3.977e-05
5957,3.977e-05
5958,3.978e-05
5959,3.977e-05
5960,3.979e-05
5961,3.962e-05
5962,3.962e-05
5963,3.972e-05
5964,3.967e-05
5965,3.966e-05
5966,3.965e-05
5967,3.966e-05
5968,3.966e-05
5969,3.967e-05
5970,3.967e-05
5971,3.966e-05
5972,3.962e-05
5973,3.962e-05
5974,3.961e-05
5975,3.961e-05
5976,3.961e-05
5977,3.962e-05
5978,3.961e-05
5979,3.961e-05
5980,3.959e-05
5981,3.955e-05
5982,3.956e-05
5983,3.95e-05
5984,3.949e-05
5985,3.949e-05
5986,3.937e-05
5987,3.922e-05
5988,3.901e-05
5989,3.911e-05
5990,3.899e-05
5991,3.885e-05
5992,3.885e-05
5993,3.883e-05
5994,3.861e-05
5995,3.855e-05
5996,3.877e-05
5997,3.88e-05
5998,3.899e-05
5999,3.9e-05
6000,3.895e-05
6001,3.9e-05
6002,3.895e-05
6003,3.885e-05
6004,3.899e-05
6005,3.888e-05
6006,3.913e-05
6007,3.905e-05
6008,3.905e-05
6009,3.903e-05
6010,3.919e-05
6011,3.901e-05
6012,3.887e-05
6013,3.887e-05
6014,3.887e-05
6015,3.896e-05
6016,3.896e-05
6017,3.898e-05
6018,3.899e-05
6019,3.898e-05
6020,3.901e-05
6021,3.901e-05
6022,3.916e-05
6023,3.914e-05
6024,3.915e-05
6025,3.914e-05
6026,3.912e-05
6027,3.914e-05
6028,3.914e-05
6029,3.914e-05
6030,3.914e-05
6031,3.907e-05
6032,3.9e-05
6033,3.941e-05
6034,3.941e-05
6035,3.929e-05
6036,3.925e-05
6037,3.94e-05
6038,3.929e-05
6039,3.945e-05
6040,3.931e-05
6041,3.939e-05
6042,3.929e-05
6043,3.948e-05
6044,3.944e-05
6045,3.94e-05
6046,3.94e-05
6047,3.925e-05
6048,3.924e-05
6049,3.944e-05
6050,3.944e-05
6051,3.924e-05
6052,3.933e-05
6053,3.918e-05
6054,3.919e-05
6055,3.924e-05
6056,3.921e-05
6057,3.925e-05
6058,3.926e-05
6059,3.955e-05
6060,3.955e-05
6061,3.958e-05
6062,3.958e-05
6063,3.958e-05
6064,3.958e-05
6065,3.957e-05
6066,3.958e-05
6067,3.956e-05
6068,3.959e-05
6069,3.959e-05
6070,3.959e-05
6071,3.959e-05
6072,3.959e-05
6073,3.959e-05
6074,3.956e-05
6075,3.959e-05
6076,3.959e-05
6077,3.959e-05
6078,3.958e-05
6079,4.046e-05
6080,3.988e-05
6081,3.977e-05
6082,3.961e-05
6083,3.976e-05
6084,3.984e-05
6085,3.975e-05
6086,3.967e-05
6087,3.987e-05
6088,3.98e-05
6089,3.98e-05
6090,3.98e-05
6091,3.987e-05
6092,3.98e-05
6093,3.984e-05
6094,3.984e-05
6095,3.988e-05
6096,3.988e-05
6097,3.988e-05
6098,3.984e-05
6099,3.986e-05
6100,3.986e-05
6101,3.986e-05
6102,3.983e-05
6103,3.983e-05
6104,3.983e-05
6105,3.983e-05
6106,3.986e-05
6107,3.986e-05
6108,3.986e-05
6109,3.986e-05
6110,3.99e-05
6111,3.99e-05
6112,3.994e-05
6113,3.992e-05
6114,3.992e-05
6115,3.995e-05
6116,3.995e-05
6117,3.995e-05
6118,3.995e-05
6119,3.994e-05
6120,3.994e-05
6121,3.998e-05
6122,3.998e-05
6123,3.998e-05
6124,3.999e-05
6125,4.003e-05
6126,4.003e-05
6127,4.003e-05
6128,4.001e-05
6129,4.001e-05
6130,4.003e-05
6131,4.003e-05
6132,4.003e-05
6133,4.003e-05
6134,4.013e-05
6135,4.015e-05
6136,4.016e-05
6137,4.015e-05
6138,4.049e-05
6139,4.063e-05
6140,4.031e-05
6141,4.031e-05
6142,4.037e-05
6143,4.021e-05
6144,4.021e-05
6145,4.044e-05
6146,4.046e-05
6147,4.046e-05
6148,4.046e-05
6149,4.021e-05
6150,4.049e-05
6151,4.049e-05
6152,4.049e-05
6153,4.049e-05
6154,4.049e-05
6155,4.044e-05
6156,4.056e-05
6157,4.059e-05
6158,4.059e-05
6159,4.043e-05
6160,4.046e-05
6161,4.046e-05
6162,4.048e-05
6163,4.061e-05
6164,4.061e-05
6165,4.06e-05
6166,4.05e-05
6167,4.05e-05
6168,4.055e-05
6169,4.05e-05
6170,4.042e-05
6171,4.047e-05
6172,4.048e-05
6173,4.048e-05
6174,4.048e-05
6175,4.042e-05
6176,4.032e-05
6177,4.043e-05
6178,4.043e-05
6179,4.022e-05
6180,4.031e-05
6181,4.014e-05
6182,4.014e-05
6183,4.031e-05
6184,4.028e-05
6185,4.028e-05
6186,4.011e-05
6187,4.011e-05
6188,4.011e-05
6189,4.011e-05
6190,4.011e-05
6191,4.011e-05
6192,4.011e-05
6193,4.011e-05
6194,4.019e-05
6195,4.023e-05
6196,4.023e-05
6197,4.022e-05
6198,4.015e-05
6199,4.015e-05
6200,4.019e-05
6201,4.019e-05
6202,4.015e-05
6203,4.017e-05
6204,4.017e-05
6205,4.017e-05
6206,4.017e-05
6207,4.017e-05
6208,4.016e-05
6209,4.01e-05
6210,4.01e-05
6211,4.016e-05
6212,4.009e-05
6213,4.009e-05
6214,4.014e-05
6215,4.006e-05
6216,3.993e-05
6217,4.002e-05
6218,3.993e-05
6219,3.993e-05
6220,4e-05
6221,4.005e-05
6222,4e-05
6223,4e-05
6224,3.999e-05
6225,3.998e-05
6226,3.995e-05
6227,3.997e-05
6228,3.997e-05
6229,3.997e-05
6230,3.998e-05
6231,3.997e-05
6232,3.998e-05
6233,3.997e-05
6234,3.998e-05
6235,3.998e-05
6236,4.006e-05
6237,4.006e-05
6238,4.006e-05
6239,4e-05
6240,4e-05
6241,4e-05
6242,4e-05
6243,4.006e-05
6244,3.999e-05
6245,4.004e-05
6246,4.006e-05
6247,4.004e-05
6248,4.004e-05
6249,3.999e-05
6250,3.999e-05
6251,4.005e-05
6252,4.005e-05
6253,4.004e-05
6254,3.999e-05
6255,3.999e-05
6256,4.004e-05
6257,4.009e-05
6258,4.009e-05
6259,4.009e-05
6260,4.009e-05
6261,4.009e-05
6262,4.014e-05
6263,4.017e-05
6264,4.017e-05
6265,4.017e-05
6266,4.017e-05
6267,4.017e-05
6268,4.02e-05
6269,4.05e-05
6270,4.038e-05
6271,4.05e-05
6272,4.05e-05
6273,4.044e-05
