0,6.34e-05
1,6.34e-05
2,6.271e-05
3,6.271e-05
4,6.271e-05
5,6.271e-05
6,6.271e-05
7,6.271e-05
8,6.271e-05
9,6.271e-05
10,6.271e-05
11,6.271e-05
12,6.271e-05
13,6.271e-05
14,6.271e-05
15,6.271e-05
16,6.271e-05
17,6.34e-05
18,6.34e-05
19,6.34e-05
20,6.34e-05
21,6.34e-05
22,6.34e-05
23,6.34e-05
24,6.34e-05
25,6.32e-05
26,6.32e-05
27,6.32e-05
28,6.32e-05
29,6.32e-05
30,6.32e-05
31,6.32e-05
32,6.32e-05
33,6.32e-05
34,6.3e-05
35,6.3e-05
36,6.3e-05
37,6.3e-05
38,6.3e-05
39,6.3e-05
40,6.3e-05
41,6.3e-05
42,6.3e-05
43,6.3e-05
44,6.323e-05
45,6.323e-05
46,6.323e-05
47,6.323e-05
48,6.323e-05
49,6.323e-05
50,6.31e-05
51,6.31e-05
52,6.31e-05
53,6.323e-05
54,6.323e-05
55,6.323e-05
56,6.323e-05
57,6.323e-05
58,6.323e-05
59,6.323e-05
60,6.323e-05
61,6.323e-05
62,6.34e-05
63,6.34e-05
64,6.34e-05
65,6.34e-05
66,6.34e-05
67,6.34e-05
68,6.34e-05
69,6.34e-05
70,6.341e-05
71,6.341e-05
72,6.351e-05
73,6.351e-05
74,6.351e-05
75,6.351e-05
76,6.351e-05
77,6.351e-05
78,6.352e-05
79,6.352e-05
80,6.352e-05
81,6.352e-05
82,6.352e-05
83,6.353e-05
84,6.355e-05
85,6.355e-05
86,6.355e-05
87,6.355e-05
88,6.355e-05
89,6.355e-05
90,6.355e-05
91,6.355e-05
92,6.368e-05
93,6.368e-05
94,6.368e-05
95,6.368e-05
96,6.368e-05
97,6.368e-05
98,6.368e-05
99,6.368e-05
100,6.368e-05
101,6.368e-05
102,6.392e-05
103,6.392e-05
104,6.392e-05
105,6.392e-05
106,6.392e-05
107,6.392e-05
108,6.392e-05
109,6.392e-05
110,6.385e-05
111,6.385e-05
112,6.385e-05
113,6.385e-05
114,6.385e-05
115,6.385e-05
116,6.385e-05
117,6.385e-05
118,6.385e-05
119,6.385e-05
120,6.385e-05
121,6.385e-05
122,6.385e-05
123,6.385e-05
124,6.385e-05
125,6.385e-05
126,6.385e-05
127,6.385e-05
128,6.385e-05
129,6.385e-05
130,6.385e-05
131,6.385e-05
132,6.385e-05
133,6.385e-05
134,6.38e-05
135,6.38e-05
136,6.368e-05
137,6.368e-05
138,6.368e-05
139,6.368e-05
140,6.368e-05
141,6.368e-05
142,6.368e-05
143,6.368e-05
144,6.368e-05
145,6.368e-05
146,6.368e-05
147,6.368e-05
148,6.368e-05
149,6.37e-05
150,6.37e-05
151,6.37e-05
152,6.37e-05
153,6.37e-05
154,6.37e-05
155,6.37e-05
156,6.391e-05
157,6.37e-05
158,6.392e-05
159,6.392e-05
160,6.392e-05
161,6.392e-05
162,6.392e-05
163,6.392e-05
164,6.392e-05
165,6.402e-05
166,6.402e-05
167,6.402e-05
168,6.402e-05
169,6.404e-05
170,6.404e-05
171,6.404e-05
172,6.404e-05
173,6.404e-05
174,6.429e-05
175,6.429e-05
176,6.429e-05
177,6.429e-05
178,6.429e-05
179,6.411e-05
180,6.411e-05
181,6.415e-05
182,6.415e-05
183,6.415e-05
184,6.415e-05
185,6.415e-05
186,6.415e-05
187,6.415e-05
188,6.415e-05
189,6.415e-05
190,6.415e-05
191,6.415e-05
192,6.415e-05
193,6.415e-05
194,6.415e-05
195,6.415e-05
196,6.415e-05
197,6.429e-05
198,6.429e-05
199,6.429e-05
200,6.429e-05
201,6.429e-05
202,6.429e-05
203,6.415e-05
204,6.415e-05
205,6.415e-05
206,6.415e-05
207,6.414e-05
208,6.414e-05
209,6.414e-05
210,6.414e-05
211,6.414e-05
212,6.414e-05
213,6.414e-05
214,6.414e-05
215,6.414e-05
216,6.414e-05
217,6.414e-05
218,6.414e-05
219,6.414e-05
220,6.414e-05
221,6.414e-05
222,6.436e-05
223,6.436e-05
224,6.436e-05
225,6.436e-05
226,6.436e-05
227,6.436e-05
228,6.436e-05
229,6.436e-05
230,6.436e-05
231,6.436e-05
232,6.434e-05
233,6.434e-05
234,6.434e-05
235,6.435e-05
236,6.438e-05
237,6.438e-05
238,6.435e-05
239,6.414e-05
240,6.404e-05
241,6.402e-05
242,6.402e-05
243,6.402e-05
244,6.402e-05
245,6.402e-05
246,6.402e-05
247,6.402e-05
248,6.402e-05
249,6.402e-05
250,6.402e-05
251,6.402e-05
252,6.402e-05
253,6.402e-05
254,6.434e-05
255,6.434e-05
256,6.434e-05
257,6.434e-05
258,6.434e-05
259,6.434e-05
260,6.434e-05
261,6.434e-05
262,6.434e-05
263,6.434e-05
264,6.434e-05
265,6.434e-05
266,6.434e-05
267,6.434e-05
268,6.434e-05
269,6.434e-05
270,6.434e-05
271,6.434e-05
272,6.434e-05
273,6.434e-05
274,6.434e-05
275,6.434e-05
276,6.434e-05
277,6.434e-05
278,6.434e-05
279,6.434e-05
280,6.363e-05
281,6.363e-05
282,6.363e-05
283,6.363e-05
284,6.363e-05
285,6.363e-05
286,6.363e-05
287,6.363e-05
288,6.444e-05
289,6.444e-05
290,6.444e-05
291,6.444e-05
292,6.428e-05
293,6.421e-05
294,6.421e-05
295,6.421e-05
296,6.417e-05
297,6.417e-05
298,6.417e-05
299,6.417e-05
300,6.417e-05
301,6.428e-05
302,6.428e-05
303,6.428e-05
304,6.419e-05
305,6.419e-05
306,6.419e-05
307,6.419e-05
308,6.402e-05
309,6.402e-05
310,6.402e-05
311,6.402e-05
312,6.402e-05
313,6.402e-05
314,6.402e-05
315,6.402e-05
316,6.361e-05
317,6.361e-05
318,6.361e-05
319,6.361e-05
320,6.367e-05
321,6.367e-05
322,6.367e-05
323,6.367e-05
324,6.361e-05
325,6.361e-05
326,6.361e-05
327,6.361e-05
328,6.361e-05
329,6.361e-05
330,6.361e-05
331,6.361e-05
332,6.361e-05
333,6.361e-05
334,6.361e-05
335,6.361e-05
336,6.36e-05
337,6.36e-05
338,6.359e-05
339,6.359e-05
340,6.357e-05
341,6.357e-05
342,6.352e-05
343,6.351e-05
344,6.351e-05
345,6.351e-05
346,6.35e-05
347,6.35e-05
348,6.35e-05
349,6.35e-05
350,6.35e-05
351,6.35e-05
352,6.35e-05
353,6.35e-05
354,6.35e-05
355,6.35e-05
356,6.35e-05
357,6.35e-05
358,6.35e-05
359,6.35e-05
360,6.345e-05
361,6.345e-05
362,6.345e-05
363,6.341e-05
364,6.338e-05
365,6.338e-05
366,6.338e-05
367,6.338e-05
368,6.305e-05
369,6.329e-05
370,6.3e-05
371,6.3e-05
372,6.3e-05
373,6.3e-05
374,6.3e-05
375,6.3e-05
376,6.3e-05
377,6.3e-05
378,6.3e-05
379,6.3e-05
380,6.338e-05
381,6.338e-05
382,6.338e-05
383,6.3e-05
384,6.3e-05
385,6.3e-05
386,6.3e-05
387,6.3e-05
388,6.3e-05
389,6.3e-05
390,6.3e-05
391,6.3e-05
392,6.3e-05
393,6.3e-05
394,6.3e-05
395,6.3e-05
396,6.3e-05
397,6.3e-05
398,6.3e-05
399,6.3e-05
400,6.3e-05
401,6.3e-05
402,6.3e-05
403,6.3e-05
404,6.3e-05
405,6.314e-05
406,6.315e-05
407,6.315e-05
408,6.315e-05
409,6.315e-05
410,6.315e-05
411,6.315e-05
412,6.315e-05
413,6.315e-05
414,6.315e-05
415,6.315e-05
416,6.315e-05
417,6.315e-05
418,6.315e-05
419,6.315e-05
420,6.315e-05
421,6.315e-05
422,6.3e-05
423,6.3e-05
424,6.315e-05
425,6.315e-05
426,6.296e-05
427,6.296e-05
428,6.296e-05
429,6.296e-05
430,6.296e-05
431,6.296e-05
432,6.296e-05
433,6.288e-05
434,6.288e-05
435,6.288e-05
436,6.288e-05
437,6.289e-05
438,6.277e-05
439,6.277e-05
440,6.277e-05
441,6.277e-05
442,6.275e-05
443,6.25e-05
444,6.265e-05
445,6.25e-05
446,6.25e-05
447,6.251e-05
448,6.251e-05
449,6.251e-05
450,6.285e-05
451,6.255e-05
452,6.255e-05
453,6.295e-05
454,6.275e-05
455,6.275e-05
456,6.275e-05
457,6.275e-05
458,6.275e-05
459,6.275e-05
460,6.296e-05
461,6.296e-05
462,6.296e-05
463,6.275e-05
464,6.275e-05
465,6.275e-05
466,6.275e-05
467,6.275e-05
468,6.275e-05
469,6.275e-05
470,6.275e-05
471,6.275e-05
472,6.275e-05
473,6.275e-05
474,6.275e-05
475,6.324e-05
476,6.324e-05
477,6.324e-05
478,6.324e-05
479,6.324e-05
480,6.324e-05
481,6.253e-05
482,6.253e-05
483,6.25e-05
484,6.25e-05
485,6.25e-05
486,6.25e-05
487,6.25e-05
488,6.25e-05
489,6.25e-05
490,6.25e-05
491,6.25e-05
492,6.25e-05
493,6.25e-05
494,6.25e-05
495,6.25e-05
496,6.25e-05
497,6.25e-05
498,6.25e-05
499,6.25e-05
500,6.25e-05
501,6.25e-05
502,6.251e-05
503,6.251e-05
504,6.251e-05
505,6.251e-05
506,6.25e-05
507,6.25e-05
508,6.25e-05
509,6.25e-05
510,6.25e-05
511,6.25e-05
512,6.25e-05
513,6.25e-05
514,6.25e-05
515,6.25e-05
516,6.25e-05
517,6.251e-05
518,6.251e-05
519,6.251e-05
520,6.251e-05
521,6.251e-05
522,6.251e-05
523,6.251e-05
524,6.251e-05
525,6.251e-05
526,6.251e-05
527,6.251e-05
528,6.251e-05
529,6.251e-05
530,6.251e-05
531,6.251e-05
532,6.251e-05
533,6.251e-05
534,6.251e-05
535,6.251e-05
536,6.251e-05
537,6.251e-05
538,6.251e-05
539,6.251e-05
540,6.251e-05
541,6.251e-05
542,6.251e-05
543,6.251e-05
544,6.251e-05
545,6.251e-05
546,6.251e-05
547,6.251e-05
548,6.251e-05
549,6.251e-05
550,6.251e-05
551,6.251e-05
552,6.251e-05
553,6.251e-05
554,6.251e-05
555,6.251e-05
556,6.251e-05
557,6.251e-05
558,6.251e-05
559,6.251e-05
560,6.251e-05
561,6.25e-05
562,6.25e-05
563,6.25e-05
564,6.25e-05
565,6.251e-05
566,6.251e-05
567,6.251e-05
568,6.251e-05
569,6.251e-05
570,6.251e-05
571,6.251e-05
572,6.251e-05
573,6.251e-05
574,6.251e-05
575,6.251e-05
576,6.251e-05
577,6.251e-05
578,6.251e-05
579,6.251e-05
580,6.251e-05
581,6.251e-05
582,6.251e-05
583,6.251e-05
584,6.251e-05
585,6.251e-05
586,6.251e-05
587,6.251e-05
588,6.251e-05
589,6.251e-05
590,6.25e-05
591,6.25e-05
592,6.25e-05
593,6.25e-05
594,6.25e-05
595,6.25e-05
596,6.25e-05
597,6.25e-05
598,6.25e-05
599,6.25e-05
600,6.25e-05
601,6.25e-05
602,6.249e-05
603,6.249e-05
604,6.249e-05
605,6.249e-05
606,6.249e-05
607,6.249e-05
608,6.249e-05
609,6.249e-05
610,6.249e-05
611,6.249e-05
612,6.249e-05
613,6.249e-05
614,6.249e-05
615,6.249e-05
616,6.249e-05
617,6.249e-05
618,6.249e-05
619,6.249e-05
620,6.249e-05
621,6.249e-05
622,6.249e-05
623,6.249e-05
624,6.249e-05
625,6.249e-05
626,6.249e-05
627,6.249e-05
628,6.249e-05
629,6.249e-05
630,6.249e-05
631,6.249e-05
632,6.249e-05
633,6.249e-05
634,6.249e-05
635,6.249e-05
636,6.249e-05
637,6.248e-05
638,6.248e-05
639,6.248e-05
640,6.248e-05
641,6.248e-05
642,6.248e-05
643,6.248e-05
644,6.248e-05
645,6.246e-05
646,6.245e-05
647,6.246e-05
648,6.246e-05
649,6.246e-05
650,6.246e-05
651,6.32e-05
652,6.32e-05
653,6.32e-05
654,6.331e-05
655,6.331e-05
656,6.331e-05
657,6.246e-05
658,6.246e-05
659,6.246e-05
660,6.246e-05
661,6.246e-05
662,6.246e-05
663,6.246e-05
664,6.246e-05
665,6.246e-05
666,6.246e-05
667,6.248e-05
668,6.248e-05
669,6.248e-05
670,6.248e-05
671,6.248e-05
672,6.248e-05
673,6.248e-05
674,6.248e-05
675,6.248e-05
676,6.248e-05
677,6.248e-05
678,6.248e-05
679,6.248e-05
680,6.248e-05
681,6.248e-05
682,6.248e-05
683,6.248e-05
684,6.248e-05
685,6.248e-05
686,6.248e-05
687,6.248e-05
688,6.248e-05
689,6.248e-05
690,6.248e-05
691,6.312e-05
692,6.312e-05
693,6.312e-05
694,6.312e-05
695,6.312e-05
696,6.312e-05
697,6.312e-05
698,6.312e-05
699,6.312e-05
700,6.312e-05
701,6.312e-05
702,6.312e-05
703,6.312e-05
704,6.312e-05
705,6.312e-05
706,6.312e-05
707,6.312e-05
708,6.312e-05
709,6.312e-05
710,6.312e-05
711,6.312e-05
712,6.312e-05
713,6.322e-05
714,6.322e-05
715,6.322e-05
716,6.322e-05
717,6.247e-05
718,6.247e-05
719,6.247e-05
720,6.247e-05
721,6.247e-05
722,6.247e-05
723,6.247e-05
724,6.247e-05
725,6.247e-05
726,6.247e-05
727,6.247e-05
728,6.247e-05
729,6.247e-05
730,6.247e-05
731,6.296e-05
732,6.296e-05
733,6.296e-05
734,6.296e-05
735,6.296e-05
736,6.296e-05
737,6.296e-05
738,6.296e-05
739,6.296e-05
740,6.296e-05
741,6.296e-05
742,6.296e-05
743,6.296e-05
744,6.296e-05
745,6.296e-05
746,6.296e-05
747,6.296e-05
748,6.296e-05
749,6.296e-05
750,6.249e-05
751,6.249e-05
752,6.249e-05
753,6.249e-05
754,6.249e-05
755,6.249e-05
756,6.249e-05
757,6.249e-05
758,6.249e-05
759,6.249e-05
760,6.249e-05
761,6.249e-05
762,6.249e-05
763,6.249e-05
764,6.249e-05
765,6.249e-05
766,6.249e-05
767,6.249e-05
768,6.249e-05
769,6.249e-05
770,6.289e-05
771,6.289e-05
772,6.289e-05
773,6.289e-05
774,6.249e-05
775,6.249e-05
776,6.217e-05
777,6.237e-05
778,6.236e-05
779,6.242e-05
780,6.242e-05
781,6.242e-05
782,6.242e-05
783,6.242e-05
784,6.242e-05
785,6.242e-05
786,6.242e-05
787,6.242e-05
788,6.242e-05
789,6.242e-05
790,6.242e-05
791,6.242e-05
792,6.242e-05
793,6.242e-05
794,6.242e-05
795,6.242e-05
796,6.242e-05
797,6.242e-05
798,6.242e-05
799,6.24e-05
800,6.215e-05
801,6.215e-05
802,6.215e-05
803,6.214e-05
804,6.215e-05
805,6.215e-05
806,6.215e-05
807,6.215e-05
808,6.214e-05
809,6.215e-05
810,6.215e-05
811,6.215e-05
812,6.215e-05
813,6.215e-05
814,6.215e-05
815,6.213e-05
816,6.21e-05
817,6.21e-05
818,6.21e-05
819,6.21e-05
820,6.21e-05
821,6.21e-05
822,6.21e-05
823,6.21e-05
824,6.21e-05
825,6.21e-05
826,6.207e-05
827,6.207e-05
828,6.207e-05
829,6.207e-05
830,6.207e-05
831,6.207e-05
832,6.207e-05
833,6.207e-05
834,6.207e-05
835,6.207e-05
836,6.207e-05
837,6.21e-05
838,6.21e-05
839,6.21e-05
840,6.21e-05
841,6.21e-05
842,6.21e-05
843,6.21e-05
844,6.21e-05
845,6.21e-05
846,6.21e-05
847,6.21e-05
848,6.21e-05
849,6.21e-05
850,6.21e-05
851,6.21e-05
852,6.21e-05
853,6.21e-05
854,6.21e-05
855,6.215e-05
856,6.215e-05
857,6.21e-05
858,6.21e-05
859,6.215e-05
860,6.215e-05
861,6.215e-05
862,6.215e-05
863,6.215e-05
864,6.215e-05
865,6.215e-05
866,6.215e-05
867,6.215e-05
868,6.215e-05
869,6.215e-05
870,6.215e-05
871,6.215e-05
872,6.215e-05
873,6.215e-05
874,6.215e-05
875,6.215e-05
876,6.215e-05
877,6.215e-05
878,6.215e-05
879,6.215e-05
880,6.215e-05
881,6.215e-05
882,6.215e-05
883,6.215e-05
884,6.215e-05
885,6.215e-05
886,6.215e-05
887,6.215e-05
888,6.215e-05
889,6.215e-05
890,6.215e-05
891,6.215e-05
892,6.215e-05
893,6.215e-05
894,6.215e-05
895,6.215e-05
896,6.215e-05
897,6.215e-05
898,6.215e-05
899,6.215e-05
900,6.215e-05
901,6.215e-05
902,6.215e-05
903,6.215e-05
904,6.215e-05
905,6.215e-05
906,6.214e-05
907,6.214e-05
908,6.214e-05
909,6.214e-05
910,6.214e-05
911,6.214e-05
912,6.214e-05
913,6.214e-05
914,6.215e-05
915,6.215e-05
916,6.215e-05
917,6.215e-05
918,6.215e-05
919,6.215e-05
920,6.215e-05
921,6.215e-05
922,6.215e-05
923,6.215e-05
924,6.215e-05
925,6.215e-05
926,6.214e-05
927,6.214e-05
928,6.215e-05
929,6.211e-05
930,6.211e-05
931,6.21e-05
932,6.21e-05
933,6.207e-05
934,6.207e-05
935,6.2e-05
936,6.2e-05
937,6.211e-05
938,6.211e-05
939,6.211e-05
940,6.211e-05
941,6.211e-05
942,6.2e-05
943,6.2e-05
944,6.2e-05
945,6.2e-05
946,6.2e-05
947,6.2e-05
948,6.2e-05
949,6.2e-05
950,6.2e-05
951,6.2e-05
952,6.2e-05
953,6.2e-05
954,6.2e-05
955,6.2e-05
956,6.2e-05
957,6.2e-05
958,6.212e-05
959,6.212e-05
960,6.212e-05
961,6.212e-05
962,6.212e-05
963,6.212e-05
964,6.212e-05
965,6.172e-05
966,6.187e-05
967,6.187e-05
968,6.187e-05
969,6.187e-05
970,6.187e-05
971,6.2e-05
972,6.2e-05
973,6.2e-05
974,6.158e-05
975,6.158e-05
976,6.158e-05
977,6.158e-05
978,6.158e-05
979,6.158e-05
980,6.158e-05
981,6.158e-05
982,6.158e-05
983,6.209e-05
984,6.157e-05
985,6.157e-05
986,6.209e-05
987,6.209e-05
988,6.209e-05
989,6.209e-05
990,6.209e-05
991,6.209e-05
992,6.214e-05
993,6.214e-05
994,6.214e-05
995,6.215e-05
996,6.215e-05
997,6.215e-05
998,6.215e-05
999,6.215e-05
1000,6.215e-05
1001,6.215e-05
1002,6.215e-05
1003,6.215e-05
1004,6.162e-05
1005,6.162e-05
1006,6.162e-05
1007,6.162e-05
1008,6.162e-05
1009,6.162e-05
1010,6.162e-05
1011,6.162e-05
1012,6.162e-05
1013,6.162e-05
1014,6.162e-05
1015,6.162e-05
1016,6.162e-05
1017,6.162e-05
1018,6.162e-05
1019,6.162e-05
1020,6.162e-05
1021,6.162e-05
1022,6.162e-05
1023,6.162e-05
1024,6.162e-05
1025,6.162e-05
1026,6.162e-05
1027,6.167e-05
1028,6.214e-05
1029,6.214e-05
1030,6.214e-05
1031,6.214e-05
1032,6.214e-05
1033,6.214e-05
1034,6.214e-05
1035,6.214e-05
1036,6.166e-05
1037,6.166e-05
1038,6.166e-05
1039,6.166e-05
1040,6.166e-05
1041,6.166e-05
1042,6.166e-05
1043,6.166e-05
1044,6.215e-05
1045,6.215e-05
1046,6.215e-05
1047,6.215e-05
1048,6.215e-05
1049,6.215e-05
1050,6.176e-05
1051,6.176e-05
1052,6.165e-05
1053,6.165e-05
1054,6.176e-05
1055,6.176e-05
1056,6.176e-05
1057,6.176e-05
1058,6.176e-05
1059,6.176e-05
1060,6.176e-05
1061,6.176e-05
1062,6.176e-05
1063,6.13e-05
1064,6.13e-05
1065,6.13e-05
1066,6.13e-05
1067,6.13e-05
1068,6.13e-05
1069,6.13e-05
1070,6.13e-05
1071,6.13e-05
1072,6.13e-05
1073,6.13e-05
1074,6.13e-05
1075,6.13e-05
1076,6.13e-05
1077,6.13e-05
1078,6.13e-05
1079,6.13e-05
1080,6.13e-05
1081,6.13e-05
1082,6.13e-05
1083,6.13e-05
1084,6.13e-05
1085,6.13e-05
1086,6.13e-05
1087,6.13e-05
1088,6.13e-05
1089,6.13e-05
1090,6.13e-05
1091,6.13e-05
1092,6.13e-05
1093,6.13e-05
1094,6.13e-05
1095,6.13e-05
1096,6.13e-05
1097,6.13e-05
1098,6.176e-05
1099,6.176e-05
1100,6.176e-05
1101,6.176e-05
1102,6.176e-05
1103,6.176e-05
1104,6.176e-05
1105,6.176e-05
1106,6.176e-05
1107,6.176e-05
1108,6.176e-05
1109,6.17e-05
1110,6.17e-05
1111,6.17e-05
1112,6.17e-05
1113,6.17e-05
1114,6.17e-05
1115,6.17e-05
1116,6.17e-05
1117,6.17e-05
1118,6.17e-05
1119,6.17e-05
1120,6.17e-05
1121,6.17e-05
1122,6.17e-05
1123,6.17e-05
1124,6.17e-05
1125,6.17e-05
1126,6.17e-05
1127,6.17e-05
1128,6.17e-05
1129,6.13e-05
1130,6.13e-05
1131,6.13e-05
1132,6.13e-05
1133,6.13e-05
1134,6.156e-05
1135,6.067e-05
1136,6.067e-05
1137,6.157e-05
1138,6.157e-05
1139,6.157e-05
1140,6.157e-05
1141,6.157e-05
1142,6.157e-05
1143,6.157e-05
1144,6.157e-05
1145,6.157e-05
1146,6.157e-05
1147,6.157e-05
1148,6.122e-05
1149,6.122e-05
1150,6.122e-05
1151,6.122e-05
1152,6.122e-05
1153,6.122e-05
1154,6.122e-05
1155,6.122e-05
1156,6.122e-05
1157,6.122e-05
1158,6.122e-05
1159,6.122e-05
1160,6.122e-05
1161,6.122e-05
1162,6.122e-05
1163,6.122e-05
1164,6.122e-05
1165,6.122e-05
1166,6.122e-05
1167,6.122e-05
1168,6.122e-05
1169,6.07e-05
1170,6.07e-05
1171,6.07e-05
1172,6.07e-05
1173,6.07e-05
1174,6.07e-05
1175,6.07e-05
1176,6.07e-05
1177,6.122e-05
1178,6.122e-05
1179,6.122e-05
1180,6.071e-05
1181,6.121e-05
1182,6.071e-05
1183,6.121e-05
1184,6.121e-05
1185,6.121e-05
1186,6.121e-05
1187,6.121e-05
1188,6.121e-05
1189,6.121e-05
1190,6.121e-05
1191,6.121e-05
1192,6.121e-05
1193,6.121e-05
1194,6.121e-05
1195,6.121e-05
1196,6.121e-05
1197,6.121e-05
1198,6.121e-05
1199,6.121e-05
1200,6.121e-05
1201,6.121e-05
1202,6.121e-05
1203,6.121e-05
1204,6.121e-05
1205,6.121e-05
1206,6.121e-05
1207,6.121e-05
1208,6.121e-05
1209,6.121e-05
1210,6.121e-05
1211,6.121e-05
1212,6.121e-05
1213,6.121e-05
1214,6.121e-05
1215,6.121e-05
1216,6.121e-05
1217,6.121e-05
1218,6.121e-05
1219,6.121e-05
1220,6.121e-05
1221,6.121e-05
1222,6.121e-05
1223,6.121e-05
1224,6.121e-05
1225,6.121e-05
1226,6.121e-05
1227,6.121e-05
1228,6.121e-05
1229,6.121e-05
1230,6.119e-05
1231,6.119e-05
1232,6.097e-05
1233,6.091e-05
1234,6.113e-05
1235,6.113e-05
1236,6.113e-05
1237,6.108e-05
1238,6.108e-05
1239,6.108e-05
1240,6.108e-05
1241,6.108e-05
1242,6.108e-05
1243,6.071e-05
1244,6.07e-05
1245,6.07e-05
1246,6.07e-05
1247,6.17e-05
1248,6.17e-05
1249,6.172e-05
1250,6.183e-05
1251,6.176e-05
1252,6.176e-05
1253,6.176e-05
1254,6.176e-05
1255,6.176e-05
1256,6.172e-05
1257,6.172e-05
1258,6.172e-05
1259,6.093e-05
1260,6.093e-05
1261,6.093e-05
1262,6.093e-05
1263,6.093e-05
1264,6.154e-05
1265,6.161e-05
1266,6.162e-05
1267,6.185e-05
1268,6.185e-05
1269,6.185e-05
1270,6.185e-05
1271,6.185e-05
1272,6.185e-05
1273,6.185e-05
1274,6.185e-05
1275,6.185e-05
1276,6.185e-05
1277,6.185e-05
1278,6.185e-05
1279,6.185e-05
1280,6.185e-05
1281,6.185e-05
1282,6.195e-05
1283,6.195e-05
1284,6.202e-05
1285,6.202e-05
1286,6.277e-05
1287,6.277e-05
1288,6.277e-05
1289,6.276e-05
1290,6.276e-05
1291,6.276e-05
1292,6.276e-05
1293,6.276e-05
1294,6.276e-05
1295,6.276e-05
1296,6.201e-05
1297,6.201e-05
1298,6.208e-05
1299,6.208e-05
1300,6.208e-05
1301,6.208e-05
1302,6.208e-05
1303,6.208e-05
1304,6.208e-05
1305,6.208e-05
1306,6.208e-05
1307,6.208e-05
1308,6.197e-05
1309,6.197e-05
1310,6.2e-05
1311,6.2e-05
1312,6.2e-05
1313,6.2e-05
1314,6.199e-05
1315,6.199e-05
1316,6.199e-05
1317,6.199e-05
1318,6.196e-05
1319,6.198e-05
1320,6.198e-05
1321,6.198e-05
1322,6.198e-05
1323,6.167e-05
1324,6.126e-05
1325,6.126e-05
1326,6.126e-05
1327,6.126e-05
1328,6.166e-05
1329,6.166e-05
1330,6.143e-05
1331,6.143e-05
1332,6.201e-05
1333,6.201e-05
1334,6.201e-05
1335,6.201e-05
1336,6.202e-05
1337,6.224e-05
1338,6.224e-05
1339,6.224e-05
1340,6.224e-05
1341,6.224e-05
1342,6.224e-05
1343,6.224e-05
1344,6.224e-05
1345,6.224e-05
1346,6.129e-05
1347,6.129e-05
1348,6.129e-05
1349,6.129e-05
1350,6.111e-05
1351,6.111e-05
1352,6.111e-05
1353,6.066e-05
1354,6.169e-05
1355,6.127e-05
1356,6.127e-05
1357,6.127e-05
1358,6.12e-05
1359,6.12e-05
1360,6.111e-05
1361,6.111e-05
1362,6.111e-05
1363,6.111e-05
1364,6.111e-05
1365,6.111e-05
1366,6.095e-05
1367,6.095e-05
1368,6.089e-05
1369,6.086e-05
1370,6.086e-05
1371,6.086e-05
1372,6.079e-05
1373,6.079e-05
1374,6.079e-05
1375,6.069e-05
1376,6.066e-05
1377,6.066e-05
1378,6.066e-05
1379,6.066e-05
1380,6.066e-05
1381,6.066e-05
1382,6.066e-05
1383,6.066e-05
1384,6.066e-05
1385,6.066e-05
1386,6.066e-05
1387,6.066e-05
1388,6.106e-05
1389,6.106e-05
1390,6.106e-05
1391,6.106e-05
1392,6.106e-05
1393,6.106e-05
1394,6.106e-05
1395,6.106e-05
1396,6.106e-05
1397,6.106e-05
1398,6.106e-05
1399,6.106e-05
1400,6.106e-05
1401,6.066e-05
1402,6.066e-05
1403,6.066e-05
1404,6.066e-05
1405,6.066e-05
1406,6.107e-05
1407,6.107e-05
1408,6.107e-05
1409,6.107e-05
1410,6.107e-05
1411,6.107e-05
1412,6.107e-05
1413,6.107e-05
1414,6.107e-05
1415,6.107e-05
1416,6.107e-05
1417,6.107e-05
1418,6.113e-05
1419,6.113e-05
1420,6.113e-05
1421,6.113e-05
1422,6.126e-05
1423,6.126e-05
1424,6.126e-05
1425,6.126e-05
1426,6.066e-05
1427,6.066e-05
1428,6.066e-05
1429,6.066e-05
1430,6.066e-05
1431,6.066e-05
1432,6.066e-05
1433,6.066e-05
1434,6.066e-05
1435,6.066e-05
1436,6.066e-05
1437,6.066e-05
1438,6.066e-05
1439,6.066e-05
1440,6.11e-05
1441,6.11e-05
1442,6.11e-05
1443,6.11e-05
1444,6.11e-05
1445,6.11e-05
1446,6.11e-05
1447,6.11e-05
1448,6.11e-05
1449,6.11e-05
1450,6.11e-05
1451,6.088e-05
1452,6.088e-05
1453,6.088e-05
1454,6.088e-05
1455,6e-05
1456,5.999e-05
1457,6e-05
1458,6e-05
1459,6e-05
1460,6e-05
1461,6e-05
1462,6e-05
1463,6e-05
1464,6e-05
1465,6e-05
1466,6e-05
1467,6e-05
1468,5.987e-05
1469,5.961e-05
1470,5.987e-05
1471,5.987e-05
1472,5.987e-05
1473,5.987e-05
1474,5.987e-05
1475,5.96e-05
1476,5.96e-05
1477,5.96e-05
1478,5.96e-05
1479,5.987e-05
1480,5.987e-05
1481,5.987e-05
1482,5.987e-05
1483,5.987e-05
1484,5.987e-05
1485,5.987e-05
1486,5.998e-05
1487,5.998e-05
1488,5.998e-05
1489,5.998e-05
1490,5.998e-05
1491,5.998e-05
1492,5.998e-05
1493,5.998e-05
1494,5.998e-05
1495,6e-05
1496,6e-05
1497,6e-05
1498,6e-05
1499,6e-05
1500,6e-05
1501,6e-05
1502,6e-05
1503,6e-05
1504,6e-05
1505,6e-05
1506,6e-05
1507,6e-05
1508,6e-05
1509,6e-05
1510,6e-05
1511,6e-05
1512,5.993e-05
1513,5.993e-05
1514,5.993e-05
1515,5.993e-05
1516,5.988e-05
1517,5.988e-05
1518,5.987e-05
1519,5.987e-05
1520,5.987e-05
1521,5.987e-05
1522,5.959e-05
1523,5.959e-05
1524,5.932e-05
1525,5.932e-05
1526,5.976e-05
1527,5.976e-05
1528,5.976e-05
1529,5.963e-05
1530,5.953e-05
1531,5.953e-05
1532,5.942e-05
1533,5.94e-05
1534,5.94e-05
1535,5.94e-05
1536,5.94e-05
1537,5.94e-05
1538,5.94e-05
1539,5.94e-05
1540,5.94e-05
1541,5.94e-05
1542,5.937e-05
1543,5.932e-05
1544,5.932e-05
1545,5.937e-05
1546,5.937e-05
1547,5.937e-05
1548,5.937e-05
1549,5.937e-05
1550,5.937e-05
1551,5.926e-05
1552,5.926e-05
1553,5.926e-05
1554,5.926e-05
1555,5.925e-05
1556,5.956e-05
1557,5.915e-05
1558,5.915e-05
1559,5.915e-05
1560,5.915e-05
1561,5.94e-05
1562,5.94e-05
1563,5.94e-05
1564,5.94e-05
1565,5.94e-05
1566,5.94e-05
1567,5.94e-05
1568,5.94e-05
1569,5.929e-05
1570,5.928e-05
1571,5.922e-05
1572,5.922e-05
1573,5.922e-05
1574,5.92e-05
1575,5.92e-05
1576,5.92e-05
1577,5.92e-05
1578,5.9e-05
1579,5.912e-05
1580,5.911e-05
1581,5.91e-05
1582,5.91e-05
1583,5.91e-05
1584,5.91e-05
1585,5.902e-05
1586,5.902e-05
1587,5.903e-05
1588,5.903e-05
1589,5.903e-05
1590,5.903e-05
1591,5.9e-05
1592,5.9e-05
1593,5.9e-05
1594,5.9e-05
1595,5.9e-05
1596,5.9e-05
1597,5.9e-05
1598,5.9e-05
1599,5.9e-05
1600,5.9e-05
1601,5.9e-05
1602,5.9e-05
1603,5.9e-05
1604,5.9e-05
1605,5.9e-05
1606,5.9e-05
1607,5.9e-05
1608,5.9e-05
1609,5.9e-05
1610,5.9e-05
1611,5.9e-05
1612,5.9e-05
1613,5.9e-05
1614,5.9e-05
1615,5.9e-05
1616,5.9e-05
1617,5.9e-05
1618,5.9e-05
1619,5.9e-05
1620,5.93e-05
1621,5.935e-05
1622,5.935e-05
1623,5.935e-05
1624,5.935e-05
1625,5.935e-05
1626,5.935e-05
1627,5.935e-05
1628,5.923e-05
1629,5.923e-05
1630,5.923e-05
1631,5.923e-05
1632,5.94e-05
1633,5.939e-05
1634,5.939e-05
1635,5.947e-05
1636,5.947e-05
1637,5.947e-05
1638,5.947e-05
1639,5.947e-05
1640,5.947e-05
1641,5.947e-05
1642,5.947e-05
1643,5.923e-05
1644,5.923e-05
1645,5.923e-05
1646,5.923e-05
1647,5.923e-05
1648,5.923e-05
1649,5.923e-05
1650,5.923e-05
1651,5.923e-05
1652,5.923e-05
1653,5.923e-05
1654,5.923e-05
1655,5.923e-05
1656,5.923e-05
1657,5.923e-05
1658,5.923e-05
1659,5.923e-05
1660,5.923e-05
1661,5.923e-05
1662,5.923e-05
1663,5.923e-05
1664,5.923e-05
1665,5.923e-05
1666,5.923e-05
1667,5.923e-05
1668,5.923e-05
1669,5.885e-05
1670,5.885e-05
1671,5.885e-05
1672,5.885e-05
1673,5.885e-05
1674,5.885e-05
1675,5.864e-05
1676,5.864e-05
1677,5.864e-05
1678,5.864e-05
1679,5.864e-05
1680,5.864e-05
1681,5.864e-05
1682,5.864e-05
1683,5.864e-05
1684,5.864e-05
1685,5.85e-05
1686,5.85e-05
1687,5.85e-05
1688,5.85e-05
1689,5.863e-05
1690,5.85e-05
1691,5.85e-05
1692,5.863e-05
1693,5.863e-05
1694,5.863e-05
1695,5.863e-05
1696,5.839e-05
1697,5.839e-05
1698,5.805e-05
1699,5.805e-05
1700,5.8e-05
1701,5.8e-05
1702,5.821e-05
1703,5.824e-05
1704,5.8e-05
1705,5.8e-05
1706,5.8e-05
1707,5.8e-05
1708,5.839e-05
1709,5.858e-05
1710,5.859e-05
1711,5.86e-05
1712,5.861e-05
1713,5.863e-05
1714,5.863e-05
1715,5.839e-05
1716,5.839e-05
1717,5.913e-05
1718,5.913e-05
1719,5.917e-05
1720,5.922e-05
1721,5.889e-05
1722,5.907e-05
1723,5.907e-05
1724,5.899e-05
1725,5.899e-05
1726,5.899e-05
1727,5.899e-05
1728,5.899e-05
1729,5.899e-05
1730,5.921e-05
1731,5.921e-05
1732,5.945e-05
1733,5.945e-05
1734,5.957e-05
1735,5.957e-05
1736,5.957e-05
1737,5.969e-05
1738,5.915e-05
1739,5.97e-05
1740,5.97e-05
1741,5.927e-05
1742,5.927e-05
1743,5.935e-05
1744,5.935e-05
1745,5.935e-05
1746,5.95e-05
1747,5.952e-05
1748,5.952e-05
1749,5.952e-05
1750,5.95e-05
1751,5.95e-05
1752,5.95e-05
1753,5.951e-05
1754,5.951e-05
1755,5.951e-05
1756,5.951e-05
1757,5.971e-05
1758,5.971e-05
1759,5.971e-05
1760,5.971e-05
1761,5.971e-05
1762,5.971e-05
1763,5.971e-05
1764,5.971e-05
1765,5.971e-05
1766,5.95e-05
1767,5.95e-05
1768,5.95e-05
1769,5.95e-05
1770,5.95e-05
1771,5.95e-05
1772,5.95e-05
1773,5.95e-05
1774,5.95e-05
1775,5.95e-05
1776,5.95e-05
1777,5.95e-05
1778,5.95e-05
1779,5.95e-05
1780,5.952e-05
1781,5.952e-05
1782,5.952e-05
1783,5.952e-05
1784,5.952e-05
1785,5.952e-05
1786,5.952e-05
1787,5.952e-05
1788,5.952e-05
1789,5.952e-05
1790,5.952e-05
1791,5.952e-05
1792,5.952e-05
1793,5.952e-05
1794,5.952e-05
1795,5.952e-05
1796,5.952e-05
1797,5.952e-05
1798,5.952e-05
1799,5.952e-05
1800,5.952e-05
1801,5.952e-05
1802,5.952e-05
1803,5.952e-05
1804,5.952e-05
1805,5.952e-05
1806,5.952e-05
1807,5.952e-05
1808,5.952e-05
1809,5.952e-05
1810,5.952e-05
1811,5.952e-05
1812,5.952e-05
1813,5.952e-05
1814,5.952e-05
1815,5.971e-05
1816,5.971e-05
1817,5.971e-05
1818,5.971e-05
1819,5.971e-05
1820,5.971e-05
1821,5.971e-05
1822,5.971e-05
1823,5.971e-05
1824,5.971e-05
1825,5.971e-05
1826,5.973e-05
1827,5.973e-05
1828,5.973e-05
1829,5.973e-05
1830,5.973e-05
1831,5.973e-05
1832,5.95e-05
1833,5.995e-05
1834,5.971e-05
1835,5.995e-05
1836,5.995e-05
1837,5.995e-05
1838,5.971e-05
1839,5.921e-05
1840,5.921e-05
1841,5.921e-05
1842,5.989e-05
1843,5.989e-05
1844,5.988e-05
1845,5.988e-05
1846,5.985e-05
1847,5.985e-05
1848,5.985e-05
1849,5.985e-05
1850,5.985e-05
1851,5.985e-05
1852,5.985e-05
1853,5.997e-05
1854,5.997e-05
1855,5.997e-05
1856,5.997e-05
1857,5.997e-05
1858,5.997e-05
1859,6.02e-05
1860,6.019e-05
1861,6.018e-05
1862,6.018e-05
1863,6.018e-05
1864,6.018e-05
1865,6.018e-05
1866,6.018e-05
1867,6.018e-05
1868,6.018e-05
1869,6e-05
1870,6e-05
1871,6.022e-05
1872,6.022e-05
1873,6.022e-05
1874,6.022e-05
1875,6.022e-05
1876,6.022e-05
1877,6.022e-05
1878,6.022e-05
1879,6.022e-05
1880,6.022e-05
1881,6.022e-05
1882,6.022e-05
1883,6.001e-05
1884,6.001e-05
1885,6.001e-05
1886,6.001e-05
1887,6.001e-05
1888,6.001e-05
1889,6.001e-05
1890,6.001e-05
1891,6.001e-05
1892,6.001e-05
1893,6.022e-05
1894,6.022e-05
1895,6.022e-05
1896,6.022e-05
1897,6.022e-05
1898,6.022e-05
1899,6.01e-05
1900,6.01e-05
1901,6.021e-05
1902,6.021e-05
1903,6.022e-05
1904,6.022e-05
1905,6.026e-05
1906,6.026e-05
1907,6.026e-05
1908,6.026e-05
1909,6.026e-05
1910,6.026e-05
1911,6.026e-05
1912,6.026e-05
1913,6.026e-05
1914,6.026e-05
1915,6.026e-05
1916,6.026e-05
1917,6.026e-05
1918,6.026e-05
1919,6.026e-05
1920,6.026e-05
1921,6.026e-05
1922,6.026e-05
1923,6.026e-05
1924,6.026e-05
1925,6.026e-05
1926,6.026e-05
1927,6.026e-05
1928,6e-05
1929,6e-05
1930,6.007e-05
1931,6.009e-05
1932,6.009e-05
1933,6.009e-05
1934,6.009e-05
1935,6.009e-05
1936,6.009e-05
1937,6.011e-05
1938,6.011e-05
1939,6.011e-05
1940,6.011e-05
1941,6.011e-05
1942,6.011e-05
1943,6.011e-05
1944,6.011e-05
1945,6.011e-05
1946,6.011e-05
1947,6.011e-05
1948,6.011e-05
1949,6.012e-05
1950,6.012e-05
1951,6.012e-05
1952,6.017e-05
1953,6.01e-05
1954,6.01e-05
1955,6.059e-05
1956,6.059e-05
1957,6.059e-05
1958,6.059e-05
1959,6.075e-05
1960,6.075e-05
1961,6.071e-05
1962,6.071e-05
1963,6.071e-05
1964,6.071e-05
1965,6.071e-05
1966,6.071e-05
1967,6.071e-05
1968,6.071e-05
1969,6.071e-05
1970,6.071e-05
1971,6.071e-05
1972,6.015e-05
1973,6.015e-05
1974,6.014e-05
1975,6.014e-05
1976,6.014e-05
1977,6.014e-05
1978,6.014e-05
1979,6.014e-05
1980,6.014e-05
1981,6.037e-05
1982,6.037e-05
1983,6.037e-05
1984,6.038e-05
1985,6.038e-05
1986,6.038e-05
1987,6.038e-05
1988,6.038e-05
1989,6.016e-05
1990,6.016e-05
1991,6.016e-05
1992,6.015e-05
1993,6.014e-05
1994,6.014e-05
1995,6.014e-05
1996,6.014e-05
1997,6.014e-05
1998,6.014e-05
1999,6.014e-05
2000,6.014e-05
2001,6.014e-05
2002,6.014e-05
2003,6.014e-05
2004,6.014e-05
2005,6.014e-05
2006,6.014e-05
2007,6.014e-05
2008,6.014e-05
2009,6.014e-05
2010,6e-05
2011,6e-05
2012,6e-05
2013,6e-05
2014,6e-05
2015,6e-05
2016,5.939e-05
2017,5.939e-05
2018,5.939e-05
2019,5.939e-05
2020,5.939e-05
2021,5.939e-05
2022,5.939e-05
2023,5.939e-05
2024,5.939e-05
2025,5.939e-05
2026,5.939e-05
2027,5.939e-05
2028,5.939e-05
2029,6.012e-05
2030,6.012e-05
2031,6.013e-05
2032,6.013e-05
2033,6.013e-05
2034,6.013e-05
2035,6.013e-05
2036,6.013e-05
2037,6.013e-05
2038,6.013e-05
2039,6.014e-05
2040,6.014e-05
2041,5.994e-05
2042,5.994e-05
2043,5.994e-05
2044,5.994e-05
2045,5.994e-05
2046,5.994e-05
2047,5.994e-05
2048,5.994e-05
2049,5.994e-05
2050,5.994e-05
2051,5.994e-05
2052,5.994e-05
2053,5.994e-05
2054,5.994e-05
2055,5.994e-05
2056,5.994e-05
2057,5.994e-05
2058,5.994e-05
2059,6.013e-05
2060,6.014e-05
2061,6.014e-05
2062,6.014e-05
2063,6.014e-05
2064,6.014e-05
2065,6.014e-05
2066,6.014e-05
2067,6.014e-05
2068,5.995e-05
2069,5.995e-05
2070,5.995e-05
2071,5.995e-05
2072,5.995e-05
2073,5.995e-05
2074,5.995e-05
2075,5.995e-05
2076,5.995e-05
2077,5.995e-05
2078,5.995e-05
2079,5.995e-05
2080,5.995e-05
2081,5.995e-05
2082,5.995e-05
2083,5.995e-05
2084,5.995e-05
2085,5.995e-05
2086,5.995e-05
2087,5.995e-05
2088,5.995e-05
2089,5.824e-05
2090,5.817e-05
2091,5.817e-05
2092,5.817e-05
2093,5.823e-05
2094,5.823e-05
2095,5.8e-05
2096,5.8e-05
2097,5.8e-05
2098,5.8e-05
2099,5.799e-05
2100,5.781e-05
2101,5.78e-05
2102,5.781e-05
2103,5.864e-05
2104,5.864e-05
2105,5.858e-05
2106,5.858e-05
2107,5.858e-05
2108,5.858e-05
2109,5.858e-05
2110,5.848e-05
2111,5.848e-05
2112,5.8e-05
2113,5.8e-05
2114,5.8e-05
2115,5.8e-05
2116,5.8e-05
2117,5.868e-05
2118,5.868e-05
2119,5.868e-05
2120,5.868e-05
2121,5.868e-05
2122,5.868e-05
2123,5.868e-05
2124,5.861e-05
2125,5.861e-05
2126,5.861e-05
2127,5.861e-05
2128,5.861e-05
2129,5.85e-05
2130,5.85e-05
2131,5.848e-05
2132,5.848e-05
2133,5.848e-05
2134,5.848e-05
2135,5.846e-05
2136,5.846e-05
2137,5.846e-05
2138,5.846e-05
2139,5.846e-05
2140,5.846e-05
2141,5.846e-05
2142,5.846e-05
2143,5.846e-05
2144,5.846e-05
2145,5.846e-05
2146,5.846e-05
2147,5.845e-05
2148,5.845e-05
2149,5.845e-05
2150,5.845e-05
2151,5.845e-05
2152,5.845e-05
2153,5.845e-05
2154,5.845e-05
2155,5.845e-05
2156,5.845e-05
2157,5.845e-05
2158,5.845e-05
2159,5.819e-05
2160,5.819e-05
2161,5.819e-05
2162,5.819e-05
2163,5.819e-05
2164,5.819e-05
2165,5.819e-05
2166,5.819e-05
2167,5.819e-05
2168,5.819e-05
2169,5.819e-05
2170,5.819e-05
2171,5.819e-05
2172,5.83e-05
2173,5.83e-05
2174,5.83e-05
2175,5.83e-05
2176,5.83e-05
2177,5.83e-05
2178,5.83e-05
2179,5.83e-05
2180,5.83e-05
2181,5.83e-05
2182,5.83e-05
2183,5.83e-05
2184,5.83e-05
2185,5.83e-05
2186,5.83e-05
2187,5.83e-05
2188,5.83e-05
2189,5.83e-05
2190,5.83e-05
2191,5.83e-05
2192,5.83e-05
2193,5.854e-05
2194,5.854e-05
2195,5.854e-05
2196,5.854e-05
2197,5.851e-05
2198,5.844e-05
2199,5.851e-05
2200,5.851e-05
2201,5.851e-05
2202,5.851e-05
2203,5.851e-05
2204,5.851e-05
2205,5.854e-05
2206,5.854e-05
2207,5.854e-05
2208,5.854e-05
2209,5.854e-05
2210,5.868e-05
2211,5.868e-05
2212,5.888e-05
2213,5.888e-05
2214,5.921e-05
2215,5.921e-05
2216,5.921e-05
2217,5.921e-05
2218,5.921e-05
2219,5.922e-05
2220,5.922e-05
2221,5.922e-05
2222,5.922e-05
2223,5.922e-05
2224,5.922e-05
2225,5.922e-05
2226,5.922e-05
2227,5.922e-05
2228,5.922e-05
2229,5.922e-05
2230,5.922e-05
2231,5.922e-05
2232,5.922e-05
2233,5.893e-05
2234,5.833e-05
2235,5.833e-05
2236,5.833e-05
2237,5.834e-05
2238,5.834e-05
2239,5.834e-05
2240,5.834e-05
2241,5.834e-05
2242,5.834e-05
2243,5.834e-05
2244,5.834e-05
2245,5.834e-05
2246,5.85e-05
2247,5.85e-05
2248,5.85e-05
2249,5.85e-05
2250,5.85e-05
2251,5.85e-05
2252,5.85e-05
2253,5.88e-05
2254,5.88e-05
2255,5.88e-05
2256,5.88e-05
2257,5.88e-05
2258,5.88e-05
2259,5.88e-05
2260,5.88e-05
2261,5.88e-05
2262,5.88e-05
2263,5.88e-05
2264,5.88e-05
2265,5.88e-05
2266,5.88e-05
2267,5.88e-05
2268,5.88e-05
2269,5.87e-05
2270,5.916e-05
2271,5.916e-05
2272,5.916e-05
2273,5.916e-05
2274,5.916e-05
2275,5.916e-05
2276,5.916e-05
2277,5.916e-05
2278,5.916e-05
2279,5.916e-05
2280,5.916e-05
2281,5.839e-05
2282,5.839e-05
2283,5.839e-05
2284,5.839e-05
2285,5.839e-05
2286,5.839e-05
2287,5.889e-05
2288,5.898e-05
2289,5.898e-05
2290,5.898e-05
2291,5.916e-05
2292,5.916e-05
2293,5.916e-05
2294,5.916e-05
2295,5.916e-05
2296,5.916e-05
2297,5.916e-05
2298,5.916e-05
2299,5.916e-05
2300,5.916e-05
2301,5.916e-05
2302,5.916e-05
2303,5.916e-05
2304,5.916e-05
2305,5.916e-05
2306,5.916e-05
2307,5.915e-05
2308,5.915e-05
2309,5.957e-05
2310,5.957e-05
2311,5.957e-05
2312,5.97e-05
2313,5.97e-05
2314,5.97e-05
2315,5.97e-05
2316,6.012e-05
2317,6.012e-05
2318,6.012e-05
2319,6.012e-05
2320,6.012e-05
2321,6.012e-05
2322,6.012e-05
2323,6.012e-05
2324,6.009e-05
2325,6.009e-05
2326,6.009e-05
2327,6.009e-05
2328,5.916e-05
2329,5.916e-05
2330,5.916e-05
2331,6e-05
2332,6e-05
2333,6e-05
2334,6e-05
2335,6e-05
2336,6e-05
2337,6e-05
2338,6e-05
2339,6e-05
2340,6e-05
2341,6e-05
2342,6e-05
2343,6e-05
2344,6e-05
2345,6e-05
2346,6e-05
2347,6e-05
2348,6e-05
2349,5.99e-05
2350,5.99e-05
2351,5.99e-05
2352,5.99e-05
2353,5.99e-05
2354,5.99e-05
2355,5.99e-05
2356,5.925e-05
2357,5.925e-05
2358,5.925e-05
2359,5.887e-05
2360,5.887e-05
2361,5.877e-05
2362,5.877e-05
2363,5.877e-05
2364,5.877e-05
2365,5.877e-05
2366,5.877e-05
2367,5.877e-05
2368,5.877e-05
2369,5.877e-05
2370,5.877e-05
2371,5.959e-05
2372,5.959e-05
2373,5.959e-05
2374,5.959e-05
2375,5.959e-05
2376,5.959e-05
2377,5.959e-05
2378,5.966e-05
2379,5.966e-05
2380,5.966e-05
2381,5.966e-05
2382,5.966e-05
2383,5.966e-05
2384,5.966e-05
2385,5.966e-05
2386,5.966e-05
2387,5.966e-05
2388,5.966e-05
2389,5.966e-05
2390,5.947e-05
2391,5.947e-05
2392,5.947e-05
2393,5.947e-05
2394,5.947e-05
2395,5.947e-05
2396,5.92e-05
2397,5.92e-05
2398,5.92e-05
2399,5.92e-05
2400,5.92e-05
2401,5.92e-05
2402,5.92e-05
2403,5.92e-05
2404,5.92e-05
2405,5.92e-05
2406,5.92e-05
2407,5.92e-05
2408,5.92e-05
2409,5.92e-05
2410,5.92e-05
2411,5.92e-05
2412,5.92e-05
2413,5.92e-05
2414,5.919e-05
2415,5.877e-05
2416,5.877e-05
2417,5.877e-05
2418,5.92e-05
2419,5.92e-05
2420,5.92e-05
2421,5.898e-05
2422,5.9e-05
2423,5.9e-05
2424,5.965e-05
2425,5.971e-05
2426,6.002e-05
2427,5.971e-05
2428,5.971e-05
2429,6e-05
2430,6e-05
2431,6e-05
2432,6e-05
2433,6e-05
2434,6e-05
2435,6e-05
2436,6e-05
2437,6e-05
2438,6e-05
2439,6e-05
2440,6e-05
2441,6e-05
2442,6e-05
2443,6e-05
2444,6e-05
2445,6e-05
2446,6e-05
2447,6e-05
2448,6e-05
2449,6e-05
2450,6e-05
2451,6e-05
2452,6e-05
2453,6e-05
2454,6e-05
2455,6e-05
2456,6e-05
2457,6e-05
2458,6e-05
2459,6e-05
2460,6e-05
2461,6e-05
2462,6e-05
2463,6e-05
2464,6e-05
2465,6e-05
2466,6e-05
2467,6e-05
2468,6e-05
2469,5.992e-05
2470,5.932e-05
2471,5.932e-05
2472,5.932e-05
2473,5.932e-05
2474,5.932e-05
2475,5.945e-05
2476,5.945e-05
2477,5.945e-05
2478,5.945e-05
2479,5.985e-05
2480,6.002e-05
2481,6.002e-05
2482,6.002e-05
2483,6.001e-05
2484,6.003e-05
2485,6.003e-05
2486,6.003e-05
2487,6.003e-05
2488,6.001e-05
2489,6.001e-05
2490,6.001e-05
2491,6.001e-05
2492,6.001e-05
2493,6.001e-05
2494,6.001e-05
2495,6.001e-05
2496,6.001e-05
2497,6.001e-05
2498,6.001e-05
2499,6.001e-05
2500,6.001e-05
2501,6.001e-05
2502,6.001e-05
2503,6.001e-05
2504,6.001e-05
2505,6.001e-05
2506,6.001e-05
2507,6.001e-05
2508,6.001e-05
2509,6.001e-05
2510,6.001e-05
2511,6.001e-05
2512,6.001e-05
2513,6.001e-05
2514,6.001e-05
2515,6.001e-05
2516,6.001e-05
2517,6.001e-05
2518,6.002e-05
2519,6.002e-05
2520,6.002e-05
2521,6.002e-05
2522,6.002e-05
2523,6.002e-05
2524,6.002e-05
2525,6.002e-05
2526,5.995e-05
2527,5.995e-05
2528,5.946e-05
2529,5.946e-05
2530,5.946e-05
2531,5.946e-05
2532,5.946e-05
2533,5.946e-05
2534,5.946e-05
2535,5.946e-05
2536,5.946e-05
2537,5.995e-05
2538,5.995e-05
2539,5.995e-05
2540,5.941e-05
2541,5.941e-05
2542,5.941e-05
2543,5.941e-05
2544,5.939e-05
2545,5.939e-05
2546,5.939e-05
2547,5.939e-05
2548,5.939e-05
2549,5.939e-05
2550,5.939e-05
2551,5.939e-05
2552,5.939e-05
2553,5.939e-05
2554,5.939e-05
2555,5.939e-05
2556,5.939e-05
2557,5.939e-05
2558,5.939e-05
2559,5.939e-05
2560,5.939e-05
2561,5.921e-05
2562,5.921e-05
2563,5.921e-05
2564,5.921e-05
2565,5.921e-05
2566,5.921e-05
2567,5.92e-05
2568,5.92e-05
2569,5.92e-05
2570,5.919e-05
2571,5.919e-05
2572,5.919e-05
2573,5.919e-05
2574,5.919e-05
2575,5.919e-05
2576,5.919e-05
2577,5.919e-05
2578,5.919e-05
2579,5.919e-05
2580,5.919e-05
2581,5.919e-05
2582,5.919e-05
2583,5.919e-05
2584,5.919e-05
2585,5.919e-05
2586,5.919e-05
2587,5.919e-05
2588,5.919e-05
2589,5.919e-05
2590,5.919e-05
2591,5.91e-05
2592,5.91e-05
2593,5.91e-05
2594,5.909e-05
2595,5.909e-05
2596,5.909e-05
2597,5.909e-05
2598,5.909e-05
2599,5.909e-05
2600,5.909e-05
2601,5.909e-05
2602,5.909e-05
2603,5.909e-05
2604,5.909e-05
2605,5.909e-05
2606,5.909e-05
2607,5.909e-05
2608,5.909e-05
2609,5.909e-05
2610,5.909e-05
2611,5.91e-05
2612,5.91e-05
2613,5.91e-05
2614,5.91e-05
2615,5.91e-05
2616,5.91e-05
2617,5.91e-05
2618,5.91e-05
2619,5.91e-05
2620,5.91e-05
2621,5.91e-05
2622,5.91e-05
2623,5.91e-05
2624,5.91e-05
2625,5.91e-05
2626,5.967e-05
2627,5.967e-05
2628,5.967e-05
2629,5.967e-05
2630,5.967e-05
2631,5.967e-05
2632,5.967e-05
2633,5.967e-05
2634,5.967e-05
2635,5.991e-05
2636,5.991e-05
2637,5.991e-05
2638,5.991e-05
2639,5.991e-05
2640,5.991e-05
2641,5.991e-05
2642,5.913e-05
2643,5.913e-05
2644,5.913e-05
2645,5.913e-05
2646,5.913e-05
2647,5.913e-05
2648,5.984e-05
2649,5.984e-05
2650,5.984e-05
2651,5.984e-05
2652,5.984e-05
2653,5.984e-05
2654,5.984e-05
2655,5.984e-05
2656,5.9e-05
2657,5.9e-05
2658,5.9e-05
2659,5.9e-05
2660,5.9e-05
2661,5.9e-05
2662,5.9e-05
2663,5.9e-05
2664,5.9e-05
2665,5.905e-05
2666,5.807e-05
2667,5.951e-05
2668,5.893e-05
2669,5.893e-05
2670,5.893e-05
2671,5.894e-05
2672,5.894e-05
2673,5.846e-05
2674,5.846e-05
2675,5.88e-05
2676,5.88e-05
2677,5.88e-05
2678,5.88e-05
2679,5.88e-05
2680,5.88e-05
2681,5.88e-05
2682,5.88e-05
2683,5.88e-05
2684,5.88e-05
2685,5.88e-05
2686,5.88e-05
2687,5.866e-05
2688,5.866e-05
2689,5.866e-05
2690,5.866e-05
2691,5.866e-05
2692,5.866e-05
2693,5.864e-05
2694,5.864e-05
2695,5.859e-05
2696,5.859e-05
2697,5.85e-05
2698,5.85e-05
2699,5.85e-05
2700,5.85e-05
2701,5.815e-05
2702,5.814e-05
2703,5.814e-05
2704,5.814e-05
2705,5.814e-05
2706,5.814e-05
2707,5.814e-05
2708,5.814e-05
2709,5.814e-05
2710,5.814e-05
2711,5.814e-05
2712,5.814e-05
2713,5.814e-05
2714,5.814e-05
2715,5.814e-05
2716,5.814e-05
2717,5.814e-05
2718,5.814e-05
2719,5.814e-05
2720,5.814e-05
2721,5.814e-05
2722,5.814e-05
2723,5.814e-05
2724,5.806e-05
2725,5.806e-05
2726,5.806e-05
2727,5.806e-05
2728,5.806e-05
2729,5.806e-05
2730,5.806e-05
2731,5.815e-05
2732,5.815e-05
2733,5.815e-05
2734,5.815e-05
2735,5.815e-05
2736,5.815e-05
2737,5.815e-05
2738,5.815e-05
2739,5.815e-05
2740,5.815e-05
2741,5.815e-05
2742,5.815e-05
2743,5.815e-05
2744,5.815e-05
2745,5.815e-05
2746,5.815e-05
2747,5.815e-05
2748,5.815e-05
2749,5.815e-05
2750,5.815e-05
2751,5.815e-05
2752,5.815e-05
2753,5.815e-05
2754,5.815e-05
2755,5.815e-05
2756,5.815e-05
2757,5.815e-05
2758,5.815e-05
2759,5.815e-05
2760,5.815e-05
2761,5.815e-05
2762,5.815e-05
2763,5.815e-05
2764,5.815e-05
2765,5.815e-05
2766,5.815e-05
2767,5.815e-05
2768,5.815e-05
2769,5.815e-05
2770,5.815e-05
2771,5.815e-05
2772,5.815e-05
2773,5.815e-05
2774,5.815e-05
2775,5.815e-05
2776,5.852e-05
2777,5.852e-05
2778,5.852e-05
2779,5.852e-05
2780,5.852e-05
2781,5.852e-05
2782,5.852e-05
2783,5.852e-05
2784,5.869e-05
2785,5.869e-05
2786,5.869e-05
2787,5.864e-05
2788,5.864e-05
2789,5.863e-05
2790,5.863e-05
2791,5.863e-05
2792,5.863e-05
2793,5.863e-05
2794,5.863e-05
2795,5.863e-05
2796,5.855e-05
2797,5.855e-05
2798,5.855e-05
2799,5.855e-05
2800,5.855e-05
2801,5.855e-05
2802,5.855e-05
2803,5.855e-05
2804,5.855e-05
2805,5.855e-05
2806,5.855e-05
2807,5.855e-05
2808,5.855e-05
2809,5.855e-05
2810,5.855e-05
2811,5.855e-05
2812,5.855e-05
2813,5.855e-05
2814,5.855e-05
2815,5.855e-05
2816,5.855e-05
2817,5.855e-05
2818,5.855e-05
2819,5.855e-05
2820,5.855e-05
2821,5.855e-05
2822,5.855e-05
2823,5.855e-05
2824,5.855e-05
2825,5.862e-05
2826,5.862e-05
2827,5.862e-05
2828,5.862e-05
2829,5.862e-05
2830,5.862e-05
2831,5.862e-05
2832,5.862e-05
2833,5.862e-05
2834,5.862e-05
2835,5.862e-05
2836,5.862e-05
2837,5.861e-05
2838,5.861e-05
2839,5.861e-05
2840,5.861e-05
2841,5.861e-05
2842,5.861e-05
2843,5.861e-05
2844,5.861e-05
2845,5.861e-05
2846,5.861e-05
2847,5.861e-05
2848,5.861e-05
2849,5.861e-05
2850,5.861e-05
2851,5.861e-05
2852,5.861e-05
2853,5.861e-05
2854,5.861e-05
2855,5.861e-05
2856,5.861e-05
2857,5.861e-05
2858,5.861e-05
2859,5.861e-05
2860,5.861e-05
2861,5.863e-05
2862,5.863e-05
2863,5.863e-05
2864,5.863e-05
2865,5.863e-05
2866,5.863e-05
2867,5.863e-05
2868,5.863e-05
2869,5.863e-05
2870,5.863e-05
2871,5.867e-05
2872,5.867e-05
2873,5.867e-05
2874,5.867e-05
2875,5.867e-05
2876,5.875e-05
2877,5.875e-05
2878,5.875e-05
2879,5.875e-05
2880,5.875e-05
2881,5.875e-05
2882,5.875e-05
2883,5.875e-05
2884,5.875e-05
2885,5.875e-05
2886,5.875e-05
2887,5.875e-05
2888,5.875e-05
2889,5.875e-05
2890,5.875e-05
2891,5.875e-05
2892,5.875e-05
2893,5.875e-05
2894,5.875e-05
2895,5.875e-05
2896,5.875e-05
2897,5.875e-05
2898,5.875e-05
2899,5.875e-05
2900,5.875e-05
2901,5.875e-05
2902,5.875e-05
2903,5.875e-05
2904,5.875e-05
2905,5.875e-05
2906,5.875e-05
2907,5.853e-05
2908,5.853e-05
2909,5.853e-05
2910,5.853e-05
2911,5.853e-05
2912,5.853e-05
2913,5.853e-05
2914,5.853e-05
2915,5.853e-05
2916,5.853e-05
2917,5.853e-05
2918,5.853e-05
2919,5.853e-05
2920,5.853e-05
2921,5.853e-05
2922,5.875e-05
2923,5.875e-05
2924,5.875e-05
2925,5.875e-05
2926,5.854e-05
2927,5.854e-05
2928,5.854e-05
2929,5.854e-05
2930,5.854e-05
2931,5.854e-05
2932,5.854e-05
2933,5.854e-05
2934,5.854e-05
2935,5.854e-05
2936,5.854e-05
2937,5.854e-05
2938,5.854e-05
2939,5.854e-05
2940,5.854e-05
2941,5.854e-05
2942,5.854e-05
2943,5.854e-05
2944,5.854e-05
2945,5.854e-05
2946,5.85e-05
2947,5.85e-05
2948,5.85e-05
2949,5.85e-05
2950,5.85e-05
2951,5.85e-05
2952,5.85e-05
2953,5.85e-05
2954,5.85e-05
2955,5.85e-05
2956,5.85e-05
2957,5.85e-05
2958,5.85e-05
2959,5.85e-05
2960,5.85e-05
2961,5.85e-05
2962,5.85e-05
2963,5.85e-05
2964,5.85e-05
2965,5.85e-05
2966,5.85e-05
2967,5.85e-05
2968,5.85e-05
2969,5.85e-05
2970,5.85e-05
2971,5.85e-05
2972,5.85e-05
2973,5.85e-05
2974,5.85e-05
2975,5.85e-05
2976,5.85e-05
2977,5.85e-05
2978,5.85e-05
2979,5.85e-05
2980,5.85e-05
2981,5.85e-05
2982,5.85e-05
2983,5.875e-05
2984,5.875e-05
2985,5.875e-05
2986,5.875e-05
2987,5.875e-05
2988,5.875e-05
2989,5.875e-05
2990,5.875e-05
2991,5.875e-05
2992,5.875e-05
2993,5.875e-05
2994,5.875e-05
2995,5.875e-05
2996,5.875e-05
2997,5.875e-05
2998,5.875e-05
2999,5.875e-05
3000,5.875e-05
3001,5.875e-05
3002,5.875e-05
3003,5.875e-05
3004,5.875e-05
3005,5.875e-05
3006,5.875e-05
3007,5.875e-05
3008,5.875e-05
3009,5.875e-05
3010,5.875e-05
3011,5.875e-05
3012,5.875e-05
3013,5.875e-05
3014,5.875e-05
3015,5.875e-05
3016,5.875e-05
3017,5.875e-05
3018,5.875e-05
3019,5.875e-05
3020,5.875e-05
3021,5.875e-05
3022,5.875e-05
3023,5.875e-05
3024,5.875e-05
3025,5.875e-05
3026,5.875e-05
3027,5.875e-05
3028,5.875e-05
3029,5.875e-05
3030,5.875e-05
3031,5.875e-05
3032,5.875e-05
3033,5.875e-05
3034,5.875e-05
3035,5.875e-05
3036,5.875e-05
3037,5.891e-05
3038,5.891e-05
3039,5.891e-05
3040,5.891e-05
3041,5.891e-05
3042,5.891e-05
3043,5.891e-05
3044,5.891e-05
3045,5.891e-05
3046,5.891e-05
3047,5.891e-05
3048,5.891e-05
3049,5.891e-05
3050,5.891e-05
3051,5.891e-05
3052,5.891e-05
3053,5.891e-05
3054,5.891e-05
3055,5.891e-05
3056,5.891e-05
3057,5.891e-05
3058,5.89e-05
3059,5.89e-05
3060,5.89e-05
3061,5.89e-05
3062,5.851e-05
3063,5.891e-05
3064,5.891e-05
3065,5.891e-05
3066,5.891e-05
3067,5.891e-05
3068,5.891e-05
3069,5.891e-05
3070,5.891e-05
3071,5.891e-05
3072,5.9e-05
3073,5.9e-05
3074,5.9e-05
3075,5.9e-05
3076,5.91e-05
3077,5.91e-05
3078,5.91e-05
3079,5.915e-05
3080,5.915e-05
3081,5.915e-05
3082,5.915e-05
3083,5.915e-05
3084,5.94e-05
3085,5.94e-05
3086,5.94e-05
3087,5.916e-05
3088,5.916e-05
3089,5.916e-05
3090,5.916e-05
3091,5.916e-05
3092,5.916e-05
3093,5.916e-05
3094,5.916e-05
3095,5.933e-05
3096,5.933e-05
3097,5.933e-05
3098,5.933e-05
3099,5.933e-05
3100,5.933e-05
3101,5.933e-05
3102,5.933e-05
3103,5.933e-05
3104,5.933e-05
3105,5.933e-05
3106,5.933e-05
3107,5.931e-05
3108,5.931e-05
3109,5.916e-05
3110,5.926e-05
3111,5.926e-05
3112,5.926e-05
3113,5.926e-05
3114,5.926e-05
3115,5.926e-05
3116,5.851e-05
3117,5.851e-05
3118,5.851e-05
3119,5.888e-05
3120,5.888e-05
3121,5.888e-05
3122,5.888e-05
3123,5.888e-05
3124,5.851e-05
3125,5.851e-05
3126,5.864e-05
3127,5.864e-05
3128,5.864e-05
3129,5.864e-05
3130,5.85e-05
3131,5.859e-05
3132,5.85e-05
3133,5.85e-05
3134,5.85e-05
3135,5.85e-05
3136,5.85e-05
3137,5.858e-05
3138,5.85e-05
3139,5.85e-05
3140,5.85e-05
3141,5.85e-05
3142,5.85e-05
3143,5.85e-05
3144,5.85e-05
3145,5.812e-05
3146,5.812e-05
3147,5.807e-05
3148,5.807e-05
3149,5.807e-05
3150,5.807e-05
3151,5.807e-05
3152,5.807e-05
3153,5.807e-05
3154,5.807e-05
3155,5.807e-05
3156,5.807e-05
3157,5.807e-05
3158,5.807e-05
3159,5.807e-05
3160,5.795e-05
3161,5.795e-05
3162,5.798e-05
3163,5.798e-05
3164,5.798e-05
3165,5.798e-05
3166,5.798e-05
3167,5.798e-05
3168,5.799e-05
3169,5.813e-05
3170,5.813e-05
3171,5.813e-05
3172,5.813e-05
3173,5.823e-05
3174,5.823e-05
3175,5.823e-05
3176,5.823e-05
3177,5.823e-05
3178,5.823e-05
3179,5.823e-05
3180,5.823e-05
3181,5.823e-05
3182,5.823e-05
3183,5.823e-05
3184,5.823e-05
3185,5.823e-05
3186,5.823e-05
3187,5.823e-05
3188,5.823e-05
3189,5.823e-05
3190,5.823e-05
3191,5.823e-05
3192,5.823e-05
3193,5.823e-05
3194,5.823e-05
3195,5.823e-05
3196,5.823e-05
3197,5.823e-05
3198,5.823e-05
3199,5.823e-05
3200,5.834e-05
3201,5.834e-05
3202,5.834e-05
3203,5.834e-05
3204,5.834e-05
3205,5.834e-05
3206,5.834e-05
3207,5.834e-05
3208,5.834e-05
3209,5.834e-05
3210,5.833e-05
3211,5.833e-05
3212,5.833e-05
3213,5.833e-05
3214,5.833e-05
3215,5.833e-05
3216,5.833e-05
3217,5.833e-05
3218,5.833e-05
3219,5.833e-05
3220,5.833e-05
3221,5.833e-05
3222,5.82e-05
3223,5.82e-05
3224,5.82e-05
3225,5.82e-05
3226,5.82e-05
3227,5.824e-05
3228,5.824e-05
3229,5.824e-05
3230,5.824e-05
3231,5.824e-05
3232,5.824e-05
3233,5.824e-05
3234,5.824e-05
3235,5.824e-05
3236,5.824e-05
3237,5.824e-05
3238,5.786e-05
3239,5.776e-05
3240,5.776e-05
3241,5.763e-05
3242,5.763e-05
3243,5.74e-05
3244,5.755e-05
3245,5.755e-05
3246,5.755e-05
3247,5.778e-05
3248,5.74e-05
3249,5.74e-05
3250,5.74e-05
3251,5.73e-05
3252,5.739e-05
3253,5.739e-05
3254,5.739e-05
3255,5.739e-05
3256,5.739e-05
3257,5.739e-05
3258,5.73e-05
3259,5.74e-05
3260,5.74e-05
3261,5.74e-05
3262,5.73e-05
3263,5.73e-05
3264,5.751e-05
3265,5.751e-05
3266,5.751e-05
3267,5.73e-05
3268,5.73e-05
3269,5.73e-05
3270,5.73e-05
3271,5.73e-05
3272,5.73e-05
3273,5.73e-05
3274,5.73e-05
3275,5.73e-05
3276,5.73e-05
3277,5.73e-05
3278,5.701e-05
3279,5.701e-05
3280,5.701e-05
3281,5.701e-05
3282,5.78e-05
3283,5.78e-05
3284,5.78e-05
3285,5.78e-05
3286,5.78e-05
3287,5.78e-05
3288,5.78e-05
3289,5.78e-05
3290,5.78e-05
3291,5.78e-05
3292,5.78e-05
3293,5.78e-05
3294,5.78e-05
3295,5.78e-05
3296,5.78e-05
3297,5.78e-05
3298,5.78e-05
3299,5.78e-05
3300,5.78e-05
3301,5.78e-05
3302,5.78e-05
3303,5.78e-05
3304,5.78e-05
3305,5.78e-05
3306,5.78e-05
3307,5.78e-05
3308,5.78e-05
3309,5.794e-05
3310,5.794e-05
3311,5.794e-05
3312,5.794e-05
3313,5.811e-05
3314,5.811e-05
3315,5.811e-05
3316,5.811e-05
3317,5.811e-05
3318,5.811e-05
3319,5.811e-05
3320,5.811e-05
3321,5.811e-05
3322,5.811e-05
3323,5.811e-05
3324,5.811e-05
3325,5.813e-05
3326,5.851e-05
3327,5.851e-05
3328,5.812e-05
3329,5.812e-05
3330,5.812e-05
3331,5.812e-05
3332,5.812e-05
3333,5.851e-05
3334,5.851e-05
3335,5.851e-05
3336,5.851e-05
3337,5.851e-05
3338,5.851e-05
3339,5.86e-05
3340,5.86e-05
3341,5.86e-05
3342,5.86e-05
3343,5.86e-05
3344,5.86e-05
3345,5.86e-05
3346,5.86e-05
3347,5.86e-05
3348,5.86e-05
3349,5.861e-05
3350,5.861e-05
3351,5.861e-05
3352,5.861e-05
3353,5.861e-05
3354,5.861e-05
3355,5.861e-05
3356,5.861e-05
3357,5.861e-05
3358,5.86e-05
3359,5.86e-05
3360,5.861e-05
3361,5.861e-05
3362,5.861e-05
3363,5.861e-05
3364,5.859e-05
3365,5.851e-05
3366,5.758e-05
3367,5.831e-05
3368,5.764e-05
3369,5.764e-05
3370,5.764e-05
3371,5.815e-05
3372,5.815e-05
3373,5.815e-05
3374,5.804e-05
3375,5.803e-05
3376,5.803e-05
3377,5.823e-05
3378,5.823e-05
3379,5.823e-05
3380,5.823e-05
3381,5.823e-05
3382,5.823e-05
3383,5.823e-05
3384,5.853e-05
3385,5.853e-05
3386,5.853e-05
3387,5.853e-05
3388,5.853e-05
3389,5.853e-05
3390,5.853e-05
3391,5.853e-05
3392,5.869e-05
3393,5.794e-05
3394,5.87e-05
3395,5.87e-05
3396,5.87e-05
3397,5.87e-05
3398,5.87e-05
3399,5.87e-05
3400,5.87e-05
3401,5.87e-05
3402,5.87e-05
3403,5.87e-05
3404,5.87e-05
3405,5.87e-05
3406,5.87e-05
3407,5.87e-05
3408,5.869e-05
3409,5.87e-05
3410,5.87e-05
3411,5.87e-05
3412,5.87e-05
3413,5.87e-05
3414,5.87e-05
3415,5.87e-05
3416,5.823e-05
3417,5.823e-05
3418,5.823e-05
3419,5.82e-05
3420,5.82e-05
3421,5.823e-05
3422,5.823e-05
3423,5.823e-05
3424,5.875e-05
3425,5.875e-05
3426,5.875e-05
3427,5.875e-05
3428,5.875e-05
3429,5.875e-05
3430,5.881e-05
3431,5.891e-05
3432,5.891e-05
3433,5.891e-05
3434,5.891e-05
3435,5.891e-05
3436,5.891e-05
3437,5.891e-05
3438,5.891e-05
3439,5.891e-05
3440,5.895e-05
3441,5.9e-05
3442,5.9e-05
3443,5.9e-05
3444,5.899e-05
3445,5.899e-05
3446,5.899e-05
3447,5.899e-05
3448,5.899e-05
3449,5.899e-05
3450,5.899e-05
3451,5.899e-05
3452,5.899e-05
3453,5.899e-05
3454,5.899e-05
3455,5.899e-05
3456,5.899e-05
3457,5.907e-05
3458,5.907e-05
3459,5.907e-05
3460,5.912e-05
3461,5.912e-05
3462,5.912e-05
3463,5.912e-05
3464,5.912e-05
3465,5.913e-05
3466,5.96e-05
3467,5.956e-05
3468,5.956e-05
3469,5.956e-05
3470,5.956e-05
3471,5.956e-05
3472,5.9e-05
3473,5.957e-05
3474,5.961e-05
3475,5.905e-05
3476,5.908e-05
3477,5.908e-05
3478,5.908e-05
3479,5.908e-05
3480,5.908e-05
3481,5.908e-05
3482,5.913e-05
3483,5.913e-05
3484,5.913e-05
3485,5.913e-05
3486,5.913e-05
3487,5.913e-05
3488,5.913e-05
3489,5.913e-05
3490,5.965e-05
3491,5.9e-05
3492,5.9e-05
3493,5.9e-05
3494,5.899e-05
3495,5.899e-05
3496,5.899e-05
3497,5.9e-05
3498,5.9e-05
3499,5.9e-05
3500,5.899e-05
3501,5.899e-05
3502,5.9e-05
3503,5.9e-05
3504,5.9e-05
3505,5.9e-05
3506,5.97e-05
3507,5.97e-05
3508,5.97e-05
3509,5.97e-05
3510,5.899e-05
3511,5.899e-05
3512,5.899e-05
3513,5.899e-05
3514,5.899e-05
3515,5.899e-05
3516,5.899e-05
3517,5.899e-05
3518,5.899e-05
3519,5.899e-05
3520,5.899e-05
3521,5.899e-05
3522,5.963e-05
3523,5.963e-05
3524,5.963e-05
3525,5.963e-05
3526,5.963e-05
3527,5.973e-05
3528,5.973e-05
3529,5.973e-05
3530,5.978e-05
3531,5.978e-05
3532,5.978e-05
3533,5.978e-05
3534,5.978e-05
3535,5.963e-05
3536,5.963e-05
3537,5.978e-05
3538,5.978e-05
3539,5.962e-05
3540,5.962e-05
3541,5.962e-05
3542,5.962e-05
3543,5.979e-05
3544,5.979e-05
3545,5.979e-05
3546,5.979e-05
3547,5.979e-05
3548,5.979e-05
3549,5.979e-05
3550,5.979e-05
3551,5.979e-05
3552,5.979e-05
3553,5.979e-05
3554,5.979e-05
3555,5.982e-05
3556,5.982e-05
3557,5.982e-05
3558,5.982e-05
3559,5.982e-05
3560,5.979e-05
3561,5.979e-05
3562,5.979e-05
3563,5.979e-05
3564,5.979e-05
3565,5.984e-05
3566,5.984e-05
3567,5.984e-05
3568,5.914e-05
3569,5.914e-05
3570,5.914e-05
3571,5.915e-05
3572,5.915e-05
3573,5.915e-05
3574,5.915e-05
3575,5.915e-05
3576,5.915e-05
3577,5.915e-05
3578,5.915e-05
3579,5.915e-05
3580,5.915e-05
3581,5.915e-05
3582,5.915e-05
3583,5.9e-05
3584,5.899e-05
3585,5.889e-05
3586,5.889e-05
3587,5.861e-05
3588,5.861e-05
3589,5.861e-05
3590,5.861e-05
3591,5.861e-05
3592,5.861e-05
3593,5.861e-05
3594,5.861e-05
3595,5.861e-05
3596,5.861e-05
3597,5.861e-05
3598,5.861e-05
3599,5.861e-05
3600,5.861e-05
3601,5.861e-05
3602,5.861e-05
3603,5.861e-05
3604,5.861e-05
3605,5.861e-05
3606,5.861e-05
3607,5.861e-05
3608,5.861e-05
3609,5.861e-05
3610,5.861e-05
3611,5.861e-05
3612,5.861e-05
3613,5.861e-05
3614,5.861e-05
3615,5.861e-05
3616,5.861e-05
3617,5.866e-05
3618,5.866e-05
3619,5.866e-05
3620,5.866e-05
3621,5.866e-05
3622,5.866e-05
3623,5.866e-05
3624,5.866e-05
3625,5.866e-05
3626,5.866e-05
3627,5.866e-05
3628,5.866e-05
3629,5.866e-05
3630,5.866e-05
3631,5.866e-05
3632,5.866e-05
3633,5.919e-05
3634,5.919e-05
3635,5.919e-05
3636,5.919e-05
3637,5.919e-05
3638,5.919e-05
3639,5.919e-05
3640,5.919e-05
3641,5.919e-05
3642,5.919e-05
3643,5.919e-05
3644,5.918e-05
3645,5.912e-05
3646,5.909e-05
3647,5.909e-05
3648,5.909e-05
3649,5.908e-05
3650,5.908e-05
3651,5.908e-05
3652,5.908e-05
3653,5.908e-05
3654,5.908e-05
3655,5.908e-05
3656,5.908e-05
3657,5.908e-05
3658,5.908e-05
3659,5.908e-05
3660,5.908e-05
3661,5.908e-05
3662,5.908e-05
3663,5.908e-05
3664,5.908e-05
3665,5.908e-05
3666,5.908e-05
3667,5.908e-05
3668,5.9e-05
3669,5.9e-05
3670,5.9e-05
3671,5.9e-05
3672,5.9e-05
3673,5.891e-05
3674,5.888e-05
3675,5.887e-05
3676,5.887e-05
3677,5.887e-05
3678,5.887e-05
3679,5.88e-05
3680,5.88e-05
3681,5.88e-05
3682,5.88e-05
3683,5.88e-05
3684,5.88e-05
3685,5.874e-05
3686,5.874e-05
3687,5.874e-05
3688,5.874e-05
3689,5.874e-05
3690,5.874e-05
3691,5.874e-05
3692,5.874e-05
3693,5.874e-05
3694,5.874e-05
3695,5.874e-05
3696,5.874e-05
3697,5.87e-05
3698,5.874e-05
3699,5.874e-05
3700,5.874e-05
3701,5.874e-05
3702,5.874e-05
3703,5.874e-05
3704,5.874e-05
3705,5.874e-05
3706,5.874e-05
3707,5.874e-05
3708,5.874e-05
3709,5.874e-05
3710,5.874e-05
3711,5.874e-05
3712,5.874e-05
3713,5.874e-05
3714,5.874e-05
3715,5.874e-05
3716,5.874e-05
3717,5.874e-05
3718,5.874e-05
3719,5.874e-05
3720,5.874e-05
3721,5.874e-05
3722,5.87e-05
3723,5.87e-05
3724,5.87e-05
3725,5.874e-05
3726,5.874e-05
3727,5.874e-05
3728,5.874e-05
3729,5.874e-05
3730,5.874e-05
3731,5.874e-05
3732,5.874e-05
3733,5.874e-05
3734,5.874e-05
3735,5.874e-05
3736,5.874e-05
3737,5.874e-05
3738,5.874e-05
3739,5.874e-05
3740,5.874e-05
3741,5.874e-05
3742,5.874e-05
3743,5.874e-05
3744,5.874e-05
3745,5.874e-05
3746,5.874e-05
3747,5.874e-05
3748,5.874e-05
3749,5.874e-05
3750,5.874e-05
3751,5.874e-05
3752,5.874e-05
3753,5.874e-05
3754,5.874e-05
3755,5.874e-05
3756,5.909e-05
3757,5.909e-05
3758,5.909e-05
3759,5.909e-05
3760,5.909e-05
3761,5.909e-05
3762,5.909e-05
3763,5.909e-05
3764,5.909e-05
3765,5.909e-05
3766,5.909e-05
3767,5.909e-05
3768,5.909e-05
3769,5.909e-05
3770,5.909e-05
3771,5.909e-05
3772,5.909e-05
3773,5.909e-05
3774,5.909e-05
3775,5.909e-05
3776,5.909e-05
3777,5.909e-05
3778,5.909e-05
3779,5.909e-05
3780,5.909e-05
3781,5.909e-05
3782,5.909e-05
3783,5.909e-05
3784,5.909e-05
3785,5.909e-05
3786,5.909e-05
3787,5.909e-05
3788,5.909e-05
3789,5.909e-05
3790,5.909e-05
3791,5.909e-05
3792,5.909e-05
3793,5.909e-05
3794,5.909e-05
3795,5.909e-05
3796,5.909e-05
3797,5.909e-05
3798,5.909e-05
3799,5.909e-05
3800,5.909e-05
3801,5.909e-05
3802,5.909e-05
3803,5.909e-05
3804,5.909e-05
3805,5.93e-05
3806,5.93e-05
3807,5.93e-05
3808,5.93e-05
3809,5.93e-05
3810,5.93e-05
3811,5.948e-05
3812,5.948e-05
3813,5.948e-05
3814,5.948e-05
3815,5.948e-05
3816,5.948e-05
3817,5.921e-05
3818,5.921e-05
3819,5.935e-05
3820,5.935e-05
3821,5.935e-05
3822,5.935e-05
3823,5.935e-05
3824,5.935e-05
3825,5.935e-05
3826,5.944e-05
3827,5.944e-05
3828,5.944e-05
3829,5.944e-05
3830,5.944e-05
3831,5.947e-05
3832,5.947e-05
3833,5.947e-05
3834,5.947e-05
3835,5.947e-05
3836,5.947e-05
3837,5.947e-05
3838,5.947e-05
3839,5.947e-05
3840,5.947e-05
3841,5.947e-05
3842,5.947e-05
3843,5.947e-05
3844,5.947e-05
3845,5.947e-05
3846,5.947e-05
3847,5.947e-05
3848,5.947e-05
3849,5.921e-05
3850,5.921e-05
3851,5.921e-05
3852,5.921e-05
3853,5.921e-05
3854,5.921e-05
3855,5.921e-05
3856,5.921e-05
3857,5.921e-05
3858,5.921e-05
3859,5.921e-05
3860,5.921e-05
3861,5.947e-05
3862,5.947e-05
3863,5.947e-05
3864,5.948e-05
3865,5.948e-05
3866,5.958e-05
3867,5.958e-05
3868,5.958e-05
3869,5.958e-05
3870,5.962e-05
3871,5.962e-05
3872,5.962e-05
3873,5.962e-05
3874,5.962e-05
3875,5.962e-05
3876,5.962e-05
3877,5.962e-05
3878,5.962e-05
3879,5.962e-05
3880,5.962e-05
3881,5.962e-05
3882,5.962e-05
3883,5.962e-05
3884,5.962e-05
3885,5.962e-05
3886,5.962e-05
3887,5.962e-05
3888,5.962e-05
3889,5.962e-05
3890,5.962e-05
3891,5.962e-05
3892,5.921e-05
3893,5.921e-05
3894,5.921e-05
3895,5.921e-05
3896,5.921e-05
3897,5.921e-05
3898,5.921e-05
3899,5.921e-05
3900,5.921e-05
3901,5.921e-05
3902,5.921e-05
3903,5.921e-05
3904,5.921e-05
3905,5.921e-05
3906,5.921e-05
3907,5.921e-05
3908,5.921e-05
3909,5.921e-05
3910,5.921e-05
3911,5.921e-05
3912,5.921e-05
3913,5.921e-05
3914,5.921e-05
3915,5.921e-05
3916,5.921e-05
3917,5.921e-05
3918,5.921e-05
3919,5.921e-05
3920,5.921e-05
3921,5.921e-05
3922,5.921e-05
3923,5.921e-05
3924,5.921e-05
3925,5.921e-05
3926,5.921e-05
3927,5.921e-05
3928,5.921e-05
3929,5.921e-05
3930,5.921e-05
3931,5.921e-05
3932,5.921e-05
3933,5.921e-05
3934,5.921e-05
3935,5.921e-05
3936,5.921e-05
3937,5.921e-05
3938,5.921e-05
3939,5.921e-05
3940,5.921e-05
3941,5.921e-05
3942,5.921e-05
3943,5.921e-05
3944,5.921e-05
3945,5.921e-05
3946,5.921e-05
3947,5.89e-05
3948,5.89e-05
3949,5.89e-05
3950,5.89e-05
3951,5.89e-05
3952,5.89e-05
3953,5.89e-05
3954,5.89e-05
3955,5.89e-05
3956,5.89e-05
3957,5.89e-05
3958,5.89e-05
3959,5.89e-05
3960,5.89e-05
3961,5.89e-05
3962,5.921e-05
3963,5.921e-05
3964,5.921e-05
3965,5.921e-05
3966,5.921e-05
3967,5.921e-05
3968,5.921e-05
3969,5.921e-05
3970,5.921e-05
3971,5.921e-05
3972,5.921e-05
3973,5.921e-05
3974,5.891e-05
3975,5.891e-05
3976,5.891e-05
3977,5.891e-05
3978,5.891e-05
3979,5.891e-05
3980,5.891e-05
3981,5.891e-05
3982,5.891e-05
3983,5.891e-05
3984,5.891e-05
3985,5.891e-05
3986,5.891e-05
3987,5.875e-05
3988,5.889e-05
3989,5.889e-05
3990,5.889e-05
3991,5.889e-05
3992,5.889e-05
3993,5.878e-05
3994,5.878e-05
3995,5.878e-05
3996,5.873e-05
3997,5.873e-05
3998,5.873e-05
3999,5.873e-05
4000,5.873e-05
4001,5.873e-05
4002,5.87e-05
4003,5.87e-05
4004,5.85e-05
4005,5.85e-05
4006,5.85e-05
4007,5.843e-05
4008,5.845e-05
4009,5.842e-05
4010,5.842e-05
4011,5.842e-05
4012,5.82e-05
4013,5.819e-05
4014,5.819e-05
4015,5.819e-05
4016,5.788e-05
4017,5.788e-05
4018,5.859e-05
4019,5.863e-05
4020,5.868e-05
4021,5.817e-05
4022,5.817e-05
4023,5.817e-05
4024,5.817e-05
4025,5.817e-05
4026,5.817e-05
4027,5.859e-05
4028,5.859e-05
4029,5.845e-05
4030,5.845e-05
4031,5.815e-05
4032,5.815e-05
4033,5.815e-05
4034,5.815e-05
4035,5.815e-05
4036,5.815e-05
4037,5.815e-05
4038,5.815e-05
4039,5.815e-05
4040,5.815e-05
4041,5.8e-05
4042,5.8e-05
4043,5.8e-05
4044,5.8e-05
4045,5.8e-05
4046,5.8e-05
4047,5.8e-05
4048,5.8e-05
4049,5.8e-05
4050,5.8e-05
4051,5.845e-05
4052,5.8e-05
4053,5.8e-05
4054,5.8e-05
4055,5.8e-05
4056,5.8e-05
4057,5.8e-05
4058,5.716e-05
4059,5.716e-05
4060,5.774e-05
4061,5.774e-05
4062,5.774e-05
4063,5.774e-05
4064,5.774e-05
4065,5.774e-05
4066,5.774e-05
4067,5.774e-05
4068,5.73e-05
4069,5.73e-05
4070,5.73e-05
4071,5.795e-05
4072,5.8e-05
4073,5.791e-05
4074,5.791e-05
4075,5.774e-05
4076,5.774e-05
4077,5.774e-05
4078,5.773e-05
4079,5.773e-05
4080,5.773e-05
4081,5.773e-05
4082,5.774e-05
4083,5.774e-05
4084,5.779e-05
4085,5.779e-05
4086,5.779e-05
4087,5.779e-05
4088,5.779e-05
4089,5.774e-05
4090,5.774e-05
4091,5.774e-05
4092,5.774e-05
4093,5.774e-05
4094,5.774e-05
4095,5.774e-05
4096,5.774e-05
4097,5.774e-05
4098,5.774e-05
4099,5.719e-05
4100,5.719e-05
4101,5.719e-05
4102,5.705e-05
4103,5.719e-05
4104,5.719e-05
4105,5.719e-05
4106,5.719e-05
4107,5.719e-05
4108,5.719e-05
4109,5.719e-05
4110,5.719e-05
4111,5.736e-05
4112,5.737e-05
4113,5.737e-05
4114,5.737e-05
4115,5.737e-05
4116,5.735e-05
4117,5.701e-05
4118,5.701e-05
4119,5.701e-05
4120,5.701e-05
4121,5.701e-05
4122,5.735e-05
4123,5.735e-05
4124,5.735e-05
4125,5.701e-05
4126,5.701e-05
4127,5.701e-05
4128,5.701e-05
4129,5.701e-05
4130,5.7e-05
4131,5.7e-05
4132,5.701e-05
4133,5.684e-05
4134,5.684e-05
4135,5.684e-05
4136,5.71e-05
4137,5.708e-05
4138,5.705e-05
4139,5.709e-05
4140,5.709e-05
4141,5.7e-05
4142,5.705e-05
4143,5.705e-05
4144,5.705e-05
4145,5.705e-05
4146,5.705e-05
4147,5.7e-05
4148,5.7e-05
4149,5.695e-05
4150,5.684e-05
4151,5.683e-05
4152,5.683e-05
4153,5.683e-05
4154,5.681e-05
4155,5.681e-05
4156,5.681e-05
4157,5.681e-05
4158,5.681e-05
4159,5.681e-05
4160,5.681e-05
4161,5.681e-05
4162,5.672e-05
4163,5.65e-05
4164,5.65e-05
4165,5.64e-05
4166,5.63e-05
4167,5.63e-05
4168,5.658e-05
4169,5.652e-05
4170,5.645e-05
4171,5.63e-05
4172,5.63e-05
4173,5.604e-05
4174,5.678e-05
4175,5.678e-05
4176,5.678e-05
4177,5.678e-05
4178,5.678e-05
4179,5.678e-05
4180,5.641e-05
4181,5.641e-05
4182,5.641e-05
4183,5.641e-05
4184,5.62e-05
4185,5.62e-05
4186,5.6e-05
4187,5.6e-05
4188,5.62e-05
4189,5.62e-05
4190,5.62e-05
4191,5.66e-05
4192,5.6e-05
4193,5.712e-05
4194,5.712e-05
4195,5.712e-05
4196,5.586e-05
4197,5.586e-05
4198,5.58e-05
4199,5.6e-05
4200,5.6e-05
4201,5.6e-05
4202,5.599e-05
4203,5.599e-05
4204,5.599e-05
4205,5.599e-05
4206,5.599e-05
4207,5.599e-05
4208,5.6e-05
4209,5.6e-05
4210,5.599e-05
4211,5.599e-05
4212,5.6e-05
4213,5.6e-05
4214,5.6e-05
4215,5.583e-05
4216,5.586e-05
4217,5.6e-05
4218,5.6e-05
4219,5.6e-05
4220,5.6e-05
4221,5.541e-05
4222,5.541e-05
4223,5.6e-05
4224,5.6e-05
4225,5.612e-05
4226,5.6e-05
4227,5.603e-05
4228,5.6e-05
4229,5.6e-05
4230,5.6e-05
4231,5.6e-05
4232,5.58e-05
4233,5.597e-05
4234,5.598e-05
4235,5.594e-05
4236,5.594e-05
4237,5.594e-05
4238,5.594e-05
4239,5.57e-05
4240,5.54e-05
4241,5.54e-05
4242,5.54e-05
4243,5.54e-05
4244,5.54e-05
4245,5.54e-05
4246,5.54e-05
4247,5.54e-05
4248,5.54e-05
4249,5.54e-05
4250,5.54e-05
4251,5.54e-05
4252,5.54e-05
4253,5.535e-05
4254,5.535e-05
4255,5.535e-05
4256,5.535e-05
4257,5.529e-05
4258,5.523e-05
4259,5.523e-05
4260,5.52e-05
4261,5.52e-05
4262,5.54e-05
4263,5.539e-05
4264,5.52e-05
4265,5.52e-05
4266,5.51e-05
4267,5.511e-05
4268,5.51e-05
4269,5.511e-05
4270,5.511e-05
4271,5.511e-05
4272,5.51e-05
4273,5.51e-05
4274,5.51e-05
4275,5.511e-05
4276,5.511e-05
4277,5.511e-05
4278,5.511e-05
4279,5.511e-05
4280,5.511e-05
4281,5.54e-05
4282,5.54e-05
4283,5.54e-05
4284,5.517e-05
4285,5.578e-05
4286,5.579e-05
4287,5.579e-05
4288,5.647e-05
4289,5.647e-05
4290,5.6e-05
4291,5.647e-05
4292,5.579e-05
4293,5.655e-05
4294,5.651e-05
4295,5.651e-05
4296,5.651e-05
4297,5.6e-05
4298,5.6e-05
4299,5.597e-05
4300,5.595e-05
4301,5.595e-05
4302,5.584e-05
4303,5.6e-05
4304,5.6e-05
4305,5.77e-05
4306,5.671e-05
4307,5.779e-05
4308,5.745e-05
4309,5.749e-05
4310,5.749e-05
4311,5.756e-05
4312,5.756e-05
4313,5.756e-05
4314,5.756e-05
4315,5.756e-05
4316,5.766e-05
4317,5.766e-05
4318,5.757e-05
4319,5.757e-05
4320,5.757e-05
4321,5.757e-05
4322,5.757e-05
4323,5.757e-05
4324,5.757e-05
4325,5.757e-05
4326,5.762e-05
4327,5.762e-05
4328,5.757e-05
4329,5.762e-05
4330,5.762e-05
4331,5.762e-05
4332,5.762e-05
4333,5.762e-05
4334,5.762e-05
4335,5.757e-05
4336,5.757e-05
4337,5.762e-05
4338,5.762e-05
4339,5.762e-05
4340,5.762e-05
4341,5.762e-05
4342,5.762e-05
4343,5.762e-05
4344,5.762e-05
4345,5.762e-05
4346,5.766e-05
4347,5.766e-05
4348,5.766e-05
4349,5.766e-05
4350,5.766e-05
4351,5.766e-05
4352,5.766e-05
4353,5.766e-05
4354,5.766e-05
4355,5.766e-05
4356,5.766e-05
4357,5.766e-05
4358,5.762e-05
4359,5.766e-05
4360,5.766e-05
4361,5.757e-05
4362,5.725e-05
4363,5.725e-05
4364,5.725e-05
4365,5.71e-05
4366,5.739e-05
4367,5.739e-05
4368,5.739e-05
4369,5.739e-05
4370,5.739e-05
4371,5.739e-05
4372,5.739e-05
4373,5.739e-05
4374,5.739e-05
4375,5.739e-05
4376,5.739e-05
4377,5.739e-05
4378,5.739e-05
4379,5.739e-05
4380,5.739e-05
4381,5.708e-05
4382,5.672e-05
4383,5.672e-05
4384,5.672e-05
4385,5.672e-05
4386,5.672e-05
4387,5.672e-05
4388,5.687e-05
4389,5.687e-05
4390,5.687e-05
4391,5.687e-05
4392,5.687e-05
4393,5.687e-05
4394,5.687e-05
4395,5.706e-05
4396,5.706e-05
4397,5.677e-05
4398,5.677e-05
4399,5.677e-05
4400,5.677e-05
4401,5.706e-05
4402,5.706e-05
4403,5.706e-05
4404,5.706e-05
4405,5.706e-05
4406,5.724e-05
4407,5.724e-05
4408,5.724e-05
4409,5.751e-05
4410,5.751e-05
4411,5.751e-05
4412,5.751e-05
4413,5.757e-05
4414,5.76e-05
4415,5.76e-05
4416,5.76e-05
4417,5.76e-05
4418,5.76e-05
4419,5.76e-05
4420,5.75e-05
4421,5.75e-05
4422,5.75e-05
4423,5.725e-05
4424,5.725e-05
4425,5.725e-05
4426,5.725e-05
4427,5.723e-05
4428,5.723e-05
4429,5.723e-05
4430,5.711e-05
4431,5.705e-05
4432,5.671e-05
4433,5.671e-05
4434,5.671e-05
4435,5.671e-05
4436,5.619e-05
4437,5.667e-05
4438,5.667e-05
4439,5.667e-05
4440,5.667e-05
4441,5.667e-05
4442,5.667e-05
4443,5.667e-05
4444,5.666e-05
4445,5.664e-05
4446,5.664e-05
4447,5.621e-05
4448,5.621e-05
4449,5.621e-05
4450,5.621e-05
4451,5.612e-05
4452,5.612e-05
4453,5.612e-05
4454,5.612e-05
4455,5.612e-05
4456,5.612e-05
4457,5.612e-05
4458,5.612e-05
4459,5.612e-05
4460,5.612e-05
4461,5.631e-05
4462,5.631e-05
4463,5.631e-05
4464,5.631e-05
4465,5.629e-05
4466,5.629e-05
4467,5.629e-05
4468,5.574e-05
4469,5.574e-05
4470,5.574e-05
4471,5.574e-05
4472,5.574e-05
4473,5.571e-05
4474,5.571e-05
4475,5.569e-05
4476,5.569e-05
4477,5.568e-05
4478,5.568e-05
4479,5.568e-05
4480,5.569e-05
4481,5.568e-05
4482,5.567e-05
4483,5.537e-05
4484,5.511e-05
4485,5.553e-05
4486,5.545e-05
4487,5.543e-05
4488,5.543e-05
4489,5.543e-05
4490,5.543e-05
4491,5.543e-05
4492,5.543e-05
4493,5.543e-05
4494,5.543e-05
4495,5.543e-05
4496,5.543e-05
4497,5.543e-05
4498,5.543e-05
4499,5.543e-05
4500,5.543e-05
4501,5.52e-05
4502,5.52e-05
4503,5.511e-05
4504,5.511e-05
4505,5.511e-05
4506,5.511e-05
4507,5.511e-05
4508,5.561e-05
4509,5.561e-05
4510,5.558e-05
4511,5.558e-05
4512,5.558e-05
4513,5.558e-05
4514,5.544e-05
4515,5.544e-05
4516,5.502e-05
4517,5.502e-05
4518,5.502e-05
4519,5.502e-05
4520,5.502e-05
4521,5.502e-05
4522,5.502e-05
4523,5.502e-05
4524,5.502e-05
4525,5.492e-05
4526,5.483e-05
4527,5.5e-05
4528,5.5e-05
4529,5.492e-05
4530,5.492e-05
4531,5.492e-05
4532,5.492e-05
4533,5.492e-05
4534,5.492e-05
4535,5.492e-05
4536,5.492e-05
4537,5.492e-05
4538,5.5e-05
4539,5.5e-05
4540,5.5e-05
4541,5.5e-05
4542,5.5e-05
4543,5.499e-05
4544,5.499e-05
4545,5.502e-05
4546,5.541e-05
4547,5.557e-05
4548,5.557e-05
4549,5.659e-05
4550,5.562e-05
4551,5.562e-05
4552,5.562e-05
4553,5.562e-05
4554,5.562e-05
4555,5.544e-05
4556,5.563e-05
4557,5.563e-05
4558,5.567e-05
4559,5.567e-05
4560,5.647e-05
4561,5.581e-05
4562,5.581e-05
4563,5.581e-05
4564,5.581e-05
4565,5.581e-05
4566,5.581e-05
4567,5.581e-05
4568,5.581e-05
4569,5.581e-05
4570,5.581e-05
4571,5.581e-05
4572,5.581e-05
4573,5.581e-05
4574,5.5e-05
4575,5.5e-05
4576,5.5e-05
4577,5.5e-05
4578,5.5e-05
4579,5.5e-05
4580,5.544e-05
4581,5.544e-05
4582,5.544e-05
4583,5.544e-05
4584,5.544e-05
4585,5.544e-05
4586,5.544e-05
4587,5.544e-05
4588,5.541e-05
4589,5.541e-05
4590,5.566e-05
4591,5.571e-05
4592,5.577e-05
4593,5.571e-05
4594,5.571e-05
4595,5.571e-05
4596,5.571e-05
4597,5.571e-05
4598,5.571e-05
4599,5.57e-05
4600,5.57e-05
4601,5.57e-05
4602,5.57e-05
4603,5.57e-05
4604,5.555e-05
4605,5.555e-05
4606,5.55e-05
4607,5.55e-05
4608,5.55e-05
4609,5.55e-05
4610,5.55e-05
4611,5.55e-05
4612,5.55e-05
4613,5.5e-05
4614,5.5e-05
4615,5.5e-05
4616,5.5e-05
4617,5.5e-05
4618,5.5e-05
4619,5.5e-05
4620,5.5e-05
4621,5.535e-05
4622,5.535e-05
4623,5.535e-05
4624,5.535e-05
4625,5.535e-05
4626,5.535e-05
4627,5.544e-05
4628,5.5e-05
4629,5.5e-05
4630,5.5e-05
4631,5.5e-05
4632,5.5e-05
4633,5.5e-05
4634,5.5e-05
4635,5.483e-05
4636,5.483e-05
4637,5.483e-05
4638,5.483e-05
4639,5.483e-05
4640,5.483e-05
4641,5.483e-05
4642,5.483e-05
4643,5.483e-05
4644,5.483e-05
4645,5.483e-05
4646,5.483e-05
4647,5.483e-05
4648,5.483e-05
4649,5.483e-05
4650,5.483e-05
4651,5.483e-05
4652,5.499e-05
4653,5.498e-05
4654,5.498e-05
4655,5.498e-05
4656,5.498e-05
4657,5.468e-05
4658,5.498e-05
4659,5.498e-05
4660,5.498e-05
4661,5.498e-05
4662,5.498e-05
4663,5.498e-05
4664,5.498e-05
4665,5.498e-05
4666,5.498e-05
4667,5.498e-05
4668,5.468e-05
4669,5.452e-05
4670,5.45e-05
4671,5.45e-05
4672,5.45e-05
4673,5.45e-05
4674,5.463e-05
4675,5.451e-05
4676,5.45e-05
4677,5.45e-05
4678,5.45e-05
4679,5.451e-05
4680,5.451e-05
4681,5.453e-05
4682,5.453e-05
4683,5.453e-05
4684,5.479e-05
4685,5.449e-05
4686,5.449e-05
4687,5.449e-05
4688,5.449e-05
4689,5.471e-05
4690,5.471e-05
4691,5.457e-05
4692,5.457e-05
4693,5.457e-05
4694,5.457e-05
4695,5.457e-05
4696,5.457e-05
4697,5.457e-05
4698,5.457e-05
4699,5.457e-05
4700,5.457e-05
4701,5.457e-05
4702,5.457e-05
4703,5.457e-05
4704,5.433e-05
4705,5.433e-05
4706,5.433e-05
4707,5.457e-05
4708,5.457e-05
4709,5.457e-05
4710,5.457e-05
4711,5.457e-05
4712,5.457e-05
4713,5.457e-05
4714,5.457e-05
4715,5.457e-05
4716,5.457e-05
4717,5.457e-05
4718,5.435e-05
4719,5.435e-05
4720,5.435e-05
4721,5.435e-05
4722,5.433e-05
4723,5.433e-05
4724,5.433e-05
4725,5.433e-05
4726,5.433e-05
4727,5.433e-05
4728,5.433e-05
4729,5.433e-05
4730,5.433e-05
4731,5.433e-05
4732,5.433e-05
4733,5.433e-05
4734,5.433e-05
4735,5.435e-05
4736,5.435e-05
4737,5.434e-05
4738,5.434e-05
4739,5.434e-05
4740,5.499e-05
4741,5.499e-05
4742,5.499e-05
4743,5.499e-05
4744,5.499e-05
4745,5.505e-05
4746,5.505e-05
4747,5.505e-05
4748,5.505e-05
4749,5.499e-05
4750,5.499e-05
4751,5.499e-05
4752,5.499e-05
4753,5.499e-05
4754,5.499e-05
4755,5.499e-05
4756,5.499e-05
4757,5.499e-05
4758,5.499e-05
4759,5.499e-05
4760,5.506e-05
4761,5.506e-05
4762,5.506e-05
4763,5.506e-05
4764,5.506e-05
4765,5.506e-05
4766,5.506e-05
4767,5.512e-05
4768,5.527e-05
4769,5.527e-05
4770,5.512e-05
4771,5.541e-05
4772,5.541e-05
4773,5.541e-05
4774,5.541e-05
4775,5.541e-05
4776,5.486e-05
4777,5.569e-05
4778,5.567e-05
4779,5.52e-05
4780,5.52e-05
4781,5.527e-05
4782,5.571e-05
4783,5.577e-05
4784,5.577e-05
4785,5.572e-05
4786,5.595e-05
4787,5.6e-05
4788,5.607e-05
4789,5.575e-05
4790,5.616e-05
4791,5.616e-05
4792,5.632e-05
4793,5.595e-05
4794,5.595e-05
4795,5.642e-05
4796,5.642e-05
4797,5.642e-05
4798,5.6e-05
4799,5.6e-05
4800,5.596e-05
4801,5.598e-05
4802,5.598e-05
4803,5.601e-05
4804,5.601e-05
4805,5.604e-05
4806,5.631e-05
4807,5.631e-05
4808,5.631e-05
4809,5.631e-05
4810,5.631e-05
4811,5.631e-05
4812,5.596e-05
4813,5.595e-05
4814,5.595e-05
4815,5.595e-05
4816,5.595e-05
4817,5.595e-05
4818,5.595e-05
4819,5.594e-05
4820,5.594e-05
4821,5.594e-05
4822,5.594e-05
4823,5.594e-05
4824,5.594e-05
4825,5.594e-05
4826,5.594e-05
4827,5.594e-05
4828,5.594e-05
4829,5.594e-05
4830,5.594e-05
4831,5.594e-05
4832,5.595e-05
4833,5.595e-05
4834,5.595e-05
4835,5.595e-05
4836,5.595e-05
4837,5.595e-05
4838,5.595e-05
4839,5.595e-05
4840,5.595e-05
4841,5.595e-05
4842,5.595e-05
4843,5.595e-05
4844,5.601e-05
4845,5.601e-05
4846,5.601e-05
4847,5.601e-05
4848,5.601e-05
4849,5.601e-05
4850,5.601e-05
4851,5.642e-05
4852,5.69e-05
4853,5.61e-05
4854,5.689e-05
4855,5.615e-05
4856,5.615e-05
4857,5.615e-05
4858,5.615e-05
4859,5.63e-05
4860,5.63e-05
4861,5.709e-05
4862,5.709e-05
4863,5.709e-05
4864,5.709e-05
4865,5.713e-05
4866,5.74e-05
4867,5.75e-05
4868,5.756e-05
4869,5.756e-05
4870,5.758e-05
4871,5.766e-05
4872,5.77e-05
4873,5.77e-05
4874,5.77e-05
4875,5.775e-05
4876,5.813e-05
4877,5.813e-05
4878,5.82e-05
4879,5.82e-05
4880,5.825e-05
4881,5.825e-05
4882,5.825e-05
4883,5.825e-05
4884,5.825e-05
4885,5.825e-05
4886,5.833e-05
4887,5.833e-05
4888,5.833e-05
4889,5.833e-05
4890,5.825e-05
4891,5.825e-05
4892,5.834e-05
4893,5.838e-05
4894,5.835e-05
4895,5.835e-05
4896,5.82e-05
4897,5.835e-05
4898,5.835e-05
4899,5.82e-05
4900,5.82e-05
4901,5.82e-05
4902,5.82e-05
4903,5.737e-05
4904,5.737e-05
4905,5.737e-05
4906,5.737e-05
4907,5.737e-05
4908,5.737e-05
4909,5.779e-05
4910,5.779e-05
4911,5.723e-05
4912,5.723e-05
4913,5.723e-05
4914,5.723e-05
4915,5.723e-05
4916,5.776e-05
4917,5.776e-05
4918,5.778e-05
4919,5.778e-05
4920,5.778e-05
4921,5.778e-05
4922,5.694e-05
4923,5.694e-05
4924,5.694e-05
4925,5.694e-05
4926,5.694e-05
4927,5.694e-05
4928,5.71e-05
4929,5.705e-05
4930,5.705e-05
4931,5.705e-05
4932,5.705e-05
4933,5.71e-05
4934,5.748e-05
4935,5.658e-05
4936,5.658e-05
4937,5.658e-05
4938,5.658e-05
4939,5.658e-05
4940,5.658e-05
4941,5.658e-05
4942,5.658e-05
4943,5.658e-05
4944,5.658e-05
4945,5.658e-05
4946,5.658e-05
4947,5.658e-05
4948,5.658e-05
4949,5.658e-05
4950,5.733e-05
4951,5.733e-05
4952,5.733e-05
4953,5.733e-05
4954,5.738e-05
4955,5.738e-05
4956,5.733e-05
4957,5.733e-05
4958,5.733e-05
4959,5.733e-05
4960,5.737e-05
4961,5.737e-05
4962,5.737e-05
4963,5.737e-05
4964,5.737e-05
4965,5.737e-05
4966,5.737e-05
4967,5.737e-05
4968,5.738e-05
4969,5.738e-05
4970,5.738e-05
4971,5.737e-05
4972,5.737e-05
4973,5.737e-05
4974,5.737e-05
4975,5.738e-05
4976,5.738e-05
4977,5.738e-05
4978,5.738e-05
4979,5.738e-05
4980,5.738e-05
4981,5.738e-05
4982,5.738e-05
4983,5.738e-05
4984,5.738e-05
4985,5.738e-05
4986,5.737e-05
4987,5.737e-05
4988,5.737e-05
4989,5.737e-05
4990,5.737e-05
4991,5.737e-05
4992,5.737e-05
4993,5.737e-05
4994,5.715e-05
4995,5.715e-05
4996,5.715e-05
4997,5.715e-05
4998,5.715e-05
4999,5.715e-05
5000,5.715e-05
5001,5.715e-05
5002,5.715e-05
5003,5.715e-05
5004,5.715e-05
5005,5.715e-05
5006,5.715e-05
5007,5.715e-05
5008,5.715e-05
5009,5.715e-05
5010,5.715e-05
5011,5.715e-05
5012,5.715e-05
5013,5.715e-05
5014,5.715e-05
5015,5.7e-05
5016,5.7e-05
5017,5.7e-05
5018,5.7e-05
5019,5.7e-05
5020,5.702e-05
5021,5.702e-05
5022,5.702e-05
5023,5.7e-05
5024,5.672e-05
5025,5.703e-05
5026,5.703e-05
5027,5.703e-05
5028,5.703e-05
5029,5.712e-05
5030,5.712e-05
5031,5.712e-05
5032,5.712e-05
5033,5.7e-05
5034,5.7e-05
5035,5.7e-05
5036,5.7e-05
5037,5.665e-05
5038,5.665e-05
5039,5.665e-05
5040,5.665e-05
5041,5.673e-05
5042,5.673e-05
5043,5.726e-05
5044,5.726e-05
5045,5.726e-05
5046,5.738e-05
5047,5.738e-05
5048,5.738e-05
5049,5.738e-05
5050,5.738e-05
5051,5.738e-05
5052,5.738e-05
5053,5.738e-05
5054,5.738e-05
5055,5.738e-05
5056,5.738e-05
5057,5.738e-05
5058,5.693e-05
5059,5.693e-05
5060,5.739e-05
5061,5.739e-05
5062,5.738e-05
5063,5.738e-05
5064,5.738e-05
5065,5.738e-05
5066,5.738e-05
5067,5.738e-05
5068,5.738e-05
5069,5.698e-05
5070,5.698e-05
5071,5.698e-05
5072,5.698e-05
5073,5.698e-05
5074,5.7e-05
5075,5.7e-05
5076,5.701e-05
5077,5.701e-05
5078,5.701e-05
5079,5.701e-05
5080,5.701e-05
5081,5.701e-05
5082,5.711e-05
5083,5.711e-05
5084,5.738e-05
5085,5.738e-05
5086,5.738e-05
5087,5.738e-05
5088,5.738e-05
5089,5.738e-05
5090,5.738e-05
5091,5.738e-05
5092,5.738e-05
5093,5.738e-05
5094,5.738e-05
5095,5.738e-05
5096,5.738e-05
5097,5.739e-05
5098,5.739e-05
5099,5.739e-05
5100,5.739e-05
5101,5.739e-05
5102,5.739e-05
5103,5.739e-05
5104,5.739e-05
5105,5.739e-05
5106,5.739e-05
5107,5.739e-05
5108,5.739e-05
5109,5.736e-05
5110,5.736e-05
5111,5.736e-05
5112,5.736e-05
5113,5.736e-05
5114,5.736e-05
5115,5.736e-05
5116,5.736e-05
5117,5.736e-05
5118,5.736e-05
5119,5.736e-05
5120,5.736e-05
5121,5.736e-05
5122,5.736e-05
5123,5.736e-05
5124,5.736e-05
5125,5.736e-05
5126,5.736e-05
5127,5.736e-05
5128,5.736e-05
5129,5.737e-05
5130,5.737e-05
5131,5.737e-05
5132,5.737e-05
5133,5.737e-05
5134,5.739e-05
5135,5.739e-05
5136,5.739e-05
5137,5.739e-05
5138,5.739e-05
5139,5.736e-05
5140,5.736e-05
5141,5.736e-05
5142,5.737e-05
5143,5.737e-05
5144,5.737e-05
5145,5.737e-05
5146,5.737e-05
5147,5.737e-05
5148,5.737e-05
5149,5.737e-05
5150,5.737e-05
5151,5.737e-05
5152,5.737e-05
5153,5.737e-05
5154,5.737e-05
5155,5.737e-05
5156,5.737e-05
5157,5.736e-05
5158,5.736e-05
5159,5.736e-05
5160,5.736e-05
5161,5.736e-05
5162,5.736e-05
5163,5.736e-05
5164,5.736e-05
5165,5.737e-05
5166,5.737e-05
5167,5.737e-05
5168,5.737e-05
5169,5.694e-05
5170,5.694e-05
5171,5.694e-05
5172,5.694e-05
5173,5.683e-05
5174,5.683e-05
5175,5.683e-05
5176,5.683e-05
5177,5.683e-05
5178,5.683e-05
5179,5.7e-05
5180,5.7e-05
5181,5.7e-05
5182,5.7e-05
5183,5.7e-05
5184,5.7e-05
5185,5.7e-05
5186,5.7e-05
5187,5.7e-05
5188,5.7e-05
5189,5.7e-05
5190,5.7e-05
5191,5.7e-05
5192,5.7e-05
5193,5.7e-05
5194,5.7e-05
5195,5.7e-05
5196,5.7e-05
5197,5.7e-05
5198,5.7e-05
5199,5.737e-05
5200,5.737e-05
5201,5.737e-05
5202,5.737e-05
5203,5.737e-05
5204,5.737e-05
5205,5.737e-05
5206,5.737e-05
5207,5.737e-05
5208,5.737e-05
5209,5.737e-05
5210,5.737e-05
5211,5.737e-05
5212,5.737e-05
5213,5.737e-05
5214,5.737e-05
5215,5.737e-05
5216,5.737e-05
5217,5.737e-05
5218,5.737e-05
5219,5.737e-05
5220,5.7e-05
5221,5.7e-05
5222,5.7e-05
5223,5.7e-05
5224,5.7e-05
5225,5.7e-05
5226,5.7e-05
5227,5.7e-05
5228,5.735e-05
5229,5.735e-05
5230,5.735e-05
5231,5.735e-05
5232,5.735e-05
5233,5.735e-05
5234,5.735e-05
5235,5.735e-05
5236,5.735e-05
5237,5.735e-05
5238,5.735e-05
5239,5.735e-05
5240,5.735e-05
5241,5.735e-05
5242,5.735e-05
5243,5.735e-05
5244,5.735e-05
5245,5.735e-05
5246,5.735e-05
5247,5.735e-05
5248,5.735e-05
5249,5.735e-05
5250,5.735e-05
5251,5.735e-05
5252,5.699e-05
5253,5.699e-05
5254,5.699e-05
5255,5.699e-05
5256,5.699e-05
5257,5.708e-05
5258,5.708e-05
5259,5.708e-05
5260,5.708e-05
5261,5.708e-05
5262,5.708e-05
5263,5.708e-05
5264,5.708e-05
5265,5.708e-05
5266,5.708e-05
5267,5.708e-05
5268,5.708e-05
5269,5.708e-05
5270,5.708e-05
5271,5.708e-05
5272,5.708e-05
5273,5.708e-05
5274,5.708e-05
5275,5.708e-05
5276,5.708e-05
5277,5.708e-05
5278,5.708e-05
5279,5.708e-05
5280,5.708e-05
5281,5.708e-05
5282,5.708e-05
5283,5.708e-05
5284,5.708e-05
5285,5.733e-05
5286,5.733e-05
5287,5.733e-05
5288,5.733e-05
5289,5.733e-05
5290,5.733e-05
5291,5.733e-05
5292,5.733e-05
5293,5.733e-05
5294,5.733e-05
5295,5.733e-05
5296,5.733e-05
5297,5.733e-05
5298,5.733e-05
5299,5.72e-05
5300,5.72e-05
5301,5.72e-05
5302,5.72e-05
5303,5.719e-05
5304,5.719e-05
5305,5.719e-05
5306,5.719e-05
5307,5.719e-05
5308,5.719e-05
5309,5.719e-05
5310,5.719e-05
5311,5.719e-05
5312,5.719e-05
5313,5.732e-05
5314,5.732e-05
5315,5.762e-05
5316,5.762e-05
5317,5.762e-05
5318,5.762e-05
5319,5.778e-05
5320,5.778e-05
5321,5.778e-05
5322,5.778e-05
5323,5.778e-05
5324,5.778e-05
5325,5.771e-05
5326,5.771e-05
5327,5.771e-05
5328,5.771e-05
5329,5.753e-05
5330,5.753e-05
5331,5.753e-05
5332,5.753e-05
5333,5.753e-05
5334,5.753e-05
5335,5.753e-05
5336,5.753e-05
5337,5.753e-05
5338,5.76e-05
5339,5.77e-05
5340,5.77e-05
5341,5.77e-05
5342,5.77e-05
5343,5.77e-05
5344,5.77e-05
5345,5.77e-05
5346,5.77e-05
5347,5.77e-05
5348,5.77e-05
5349,5.77e-05
5350,5.77e-05
5351,5.77e-05
5352,5.77e-05
5353,5.77e-05
5354,5.77e-05
5355,5.77e-05
5356,5.77e-05
5357,5.77e-05
5358,5.77e-05
5359,5.77e-05
5360,5.77e-05
5361,5.77e-05
5362,5.77e-05
5363,5.77e-05
5364,5.77e-05
5365,5.77e-05
5366,5.77e-05
5367,5.77e-05
5368,5.77e-05
5369,5.77e-05
5370,5.77e-05
5371,5.77e-05
5372,5.761e-05
5373,5.761e-05
5374,5.761e-05
5375,5.761e-05
5376,5.761e-05
5377,5.761e-05
5378,5.761e-05
5379,5.761e-05
5380,5.719e-05
5381,5.719e-05
5382,5.719e-05
5383,5.719e-05
5384,5.719e-05
5385,5.719e-05
5386,5.719e-05
5387,5.719e-05
5388,5.719e-05
5389,5.719e-05
5390,5.72e-05
5391,5.72e-05
5392,5.72e-05
5393,5.701e-05
5394,5.701e-05
5395,5.701e-05
5396,5.72e-05
5397,5.72e-05
5398,5.72e-05
5399,5.72e-05
5400,5.72e-05
5401,5.72e-05
5402,5.72e-05
5403,5.72e-05
5404,5.72e-05
5405,5.72e-05
5406,5.72e-05
5407,5.72e-05
5408,5.72e-05
5409,5.72e-05
5410,5.72e-05
5411,5.72e-05
5412,5.72e-05
5413,5.72e-05
5414,5.72e-05
5415,5.72e-05
5416,5.72e-05
5417,5.72e-05
5418,5.72e-05
5419,5.72e-05
5420,5.72e-05
5421,5.72e-05
5422,5.72e-05
5423,5.702e-05
5424,5.702e-05
5425,5.702e-05
5426,5.702e-05
5427,5.702e-05
5428,5.702e-05
5429,5.702e-05
5430,5.702e-05
5431,5.702e-05
5432,5.702e-05
5433,5.702e-05
5434,5.702e-05
5435,5.702e-05
5436,5.702e-05
5437,5.702e-05
5438,5.702e-05
5439,5.702e-05
5440,5.702e-05
5441,5.702e-05
5442,5.702e-05
5443,5.702e-05
5444,5.702e-05
5445,5.702e-05
5446,5.702e-05
5447,5.702e-05
5448,5.72e-05
5449,5.72e-05
5450,5.72e-05
5451,5.72e-05
5452,5.72e-05
5453,5.72e-05
5454,5.702e-05
5455,5.702e-05
5456,5.702e-05
5457,5.702e-05
5458,5.7e-05
5459,5.7e-05
5460,5.702e-05
5461,5.702e-05
5462,5.702e-05
5463,5.702e-05
5464,5.701e-05
5465,5.72e-05
5466,5.72e-05
5467,5.72e-05
5468,5.72e-05
5469,5.72e-05
5470,5.754e-05
5471,5.754e-05
5472,5.754e-05
5473,5.754e-05
5474,5.754e-05
5475,5.754e-05
5476,5.754e-05
5477,5.754e-05
5478,5.754e-05
5479,5.754e-05
5480,5.754e-05
5481,5.754e-05
5482,5.754e-05
5483,5.716e-05
5484,5.716e-05
5485,5.716e-05
5486,5.716e-05
5487,5.716e-05
5488,5.716e-05
5489,5.716e-05
5490,5.754e-05
5491,5.754e-05
5492,5.754e-05
5493,5.754e-05
5494,5.754e-05
5495,5.754e-05
5496,5.754e-05
5497,5.754e-05
5498,5.754e-05
5499,5.754e-05
5500,5.754e-05
5501,5.754e-05
5502,5.754e-05
5503,5.754e-05
5504,5.734e-05
5505,5.734e-05
5506,5.734e-05
5507,5.734e-05
5508,5.734e-05
5509,5.734e-05
5510,5.734e-05
5511,5.734e-05
5512,5.737e-05
5513,5.737e-05
5514,5.737e-05
5515,5.737e-05
5516,5.737e-05
5517,5.737e-05
5518,5.737e-05
5519,5.737e-05
5520,5.737e-05
5521,5.737e-05
5522,5.737e-05
5523,5.737e-05
5524,5.737e-05
5525,5.737e-05
5526,5.756e-05
5527,5.756e-05
5528,5.756e-05
5529,5.756e-05
5530,5.756e-05
5531,5.756e-05
5532,5.756e-05
5533,5.756e-05
5534,5.756e-05
5535,5.756e-05
5536,5.756e-05
5537,5.756e-05
5538,5.756e-05
5539,5.756e-05
5540,5.756e-05
5541,5.756e-05
5542,5.756e-05
5543,5.756e-05
5544,5.756e-05
5545,5.756e-05
5546,5.756e-05
5547,5.756e-05
5548,5.756e-05
5549,5.756e-05
5550,5.756e-05
5551,5.756e-05
5552,5.756e-05
5553,5.756e-05
5554,5.756e-05
5555,5.756e-05
5556,5.756e-05
5557,5.756e-05
5558,5.756e-05
5559,5.756e-05
5560,5.756e-05
5561,5.756e-05
5562,5.756e-05
5563,5.754e-05
5564,5.754e-05
5565,5.754e-05
5566,5.719e-05
5567,5.713e-05
5568,5.704e-05
5569,5.682e-05
5570,5.682e-05
5571,5.7e-05
5572,5.7e-05
5573,5.731e-05
5574,5.727e-05
5575,5.727e-05
5576,5.727e-05
5577,5.727e-05
5578,5.727e-05
5579,5.727e-05
5580,5.727e-05
5581,5.678e-05
5582,5.678e-05
5583,5.669e-05
5584,5.7e-05
5585,5.697e-05
5586,5.669e-05
5587,5.668e-05
5588,5.668e-05
5589,5.668e-05
5590,5.668e-05
5591,5.668e-05
5592,5.683e-05
5593,5.683e-05
5594,5.683e-05
5595,5.683e-05
5596,5.683e-05
5597,5.683e-05
5598,5.683e-05
5599,5.683e-05
5600,5.683e-05
5601,5.681e-05
5602,5.681e-05
5603,5.681e-05
5604,5.681e-05
5605,5.681e-05
5606,5.681e-05
5607,5.681e-05
5608,5.681e-05
5609,5.681e-05
5610,5.681e-05
5611,5.681e-05
5612,5.681e-05
5613,5.681e-05
5614,5.681e-05
5615,5.681e-05
5616,5.681e-05
5617,5.681e-05
5618,5.681e-05
5619,5.681e-05
5620,5.681e-05
5621,5.681e-05
5622,5.681e-05
5623,5.681e-05
5624,5.681e-05
5625,5.681e-05
5626,5.681e-05
5627,5.681e-05
5628,5.681e-05
5629,5.681e-05
5630,5.681e-05
5631,5.681e-05
5632,5.681e-05
5633,5.681e-05
5634,5.681e-05
5635,5.681e-05
5636,5.681e-05
5637,5.681e-05
5638,5.681e-05
5639,5.681e-05
5640,5.681e-05
5641,5.681e-05
5642,5.681e-05
5643,5.681e-05
5644,5.681e-05
5645,5.681e-05
5646,5.681e-05
5647,5.681e-05
5648,5.681e-05
5649,5.681e-05
5650,5.681e-05
5651,5.681e-05
5652,5.681e-05
5653,5.681e-05
5654,5.681e-05
5655,5.681e-05
5656,5.681e-05
5657,5.699e-05
5658,5.699e-05
5659,5.699e-05
5660,5.699e-05
5661,5.699e-05
5662,5.699e-05
5663,5.699e-05
5664,5.699e-05
5665,5.699e-05
5666,5.699e-05
5667,5.699e-05
5668,5.699e-05
5669,5.699e-05
5670,5.699e-05
5671,5.699e-05
5672,5.699e-05
5673,5.699e-05
5674,5.7e-05
5675,5.7e-05
5676,5.7e-05
5677,5.7e-05
5678,5.7e-05
5679,5.7e-05
5680,5.7e-05
5681,5.7e-05
5682,5.7e-05
5683,5.7e-05
5684,5.7e-05
5685,5.7e-05
5686,5.7e-05
5687,5.7e-05
5688,5.7e-05
5689,5.7e-05
5690,5.7e-05
5691,5.7e-05
5692,5.7e-05
5693,5.7e-05
5694,5.701e-05
5695,5.701e-05
5696,5.701e-05
5697,5.701e-05
5698,5.701e-05
5699,5.701e-05
5700,5.701e-05
5701,5.701e-05
5702,5.701e-05
5703,5.701e-05
5704,5.701e-05
5705,5.701e-05
5706,5.701e-05
5707,5.7e-05
5708,5.7e-05
5709,5.7e-05
5710,5.726e-05
5711,5.726e-05
5712,5.726e-05
5713,5.726e-05
5714,5.726e-05
5715,5.726e-05
5716,5.726e-05
5717,5.726e-05
5718,5.726e-05
5719,5.726e-05
5720,5.726e-05
5721,5.726e-05
5722,5.726e-05
5723,5.726e-05
5724,5.726e-05
5725,5.726e-05
5726,5.726e-05
5727,5.726e-05
5728,5.726e-05
5729,5.726e-05
5730,5.726e-05
5731,5.726e-05
5732,5.726e-05
5733,5.726e-05
5734,5.726e-05
5735,5.726e-05
5736,5.726e-05
5737,5.726e-05
5738,5.726e-05
5739,5.726e-05
5740,5.726e-05
5741,5.726e-05
5742,5.726e-05
5743,5.726e-05
5744,5.726e-05
5745,5.726e-05
5746,5.726e-05
5747,5.726e-05
5748,5.726e-05
5749,5.726e-05
5750,5.726e-05
5751,5.726e-05
5752,5.726e-05
5753,5.7e-05
5754,5.7e-05
5755,5.7e-05
5756,5.7e-05
5757,5.7e-05
5758,5.7e-05
5759,5.7e-05
5760,5.7e-05
5761,5.7e-05
5762,5.7e-05
5763,5.7e-05
5764,5.7e-05
5765,5.7e-05
5766,5.7e-05
5767,5.7e-05
5768,5.725e-05
5769,5.725e-05
5770,5.725e-05
5771,5.725e-05
5772,5.725e-05
5773,5.658e-05
5774,5.658e-05
5775,5.659e-05
5776,5.659e-05
5777,5.697e-05
5778,5.697e-05
5779,5.697e-05
5780,5.697e-05
5781,5.697e-05
5782,5.697e-05
5783,5.697e-05
5784,5.697e-05
5785,5.697e-05
5786,5.697e-05
5787,5.697e-05
5788,5.697e-05
5789,5.697e-05
5790,5.7e-05
5791,5.7e-05
5792,5.7e-05
5793,5.697e-05
5794,5.697e-05
5795,5.697e-05
5796,5.697e-05
5797,5.707e-05
5798,5.707e-05
5799,5.707e-05
5800,5.707e-05
5801,5.707e-05
5802,5.707e-05
5803,5.707e-05
5804,5.707e-05
5805,5.707e-05
5806,5.707e-05
5807,5.707e-05
5808,5.707e-05
5809,5.707e-05
5810,5.707e-05
5811,5.707e-05
5812,5.707e-05
5813,5.714e-05
5814,5.714e-05
5815,5.714e-05
5816,5.714e-05
5817,5.714e-05
5818,5.714e-05
5819,5.714e-05
5820,5.714e-05
5821,5.714e-05
5822,5.714e-05
5823,5.714e-05
5824,5.714e-05
5825,5.714e-05
5826,5.714e-05
5827,5.714e-05
5828,5.697e-05
5829,5.697e-05
5830,5.713e-05
5831,5.715e-05
5832,5.715e-05
5833,5.715e-05
5834,5.718e-05
5835,5.718e-05
5836,5.718e-05
5837,5.718e-05
5838,5.718e-05
5839,5.718e-05
5840,5.718e-05
5841,5.718e-05
5842,5.718e-05
5843,5.72e-05
5844,5.72e-05
5845,5.72e-05
5846,5.724e-05
5847,5.724e-05
5848,5.724e-05
5849,5.724e-05
5850,5.724e-05
5851,5.724e-05
5852,5.724e-05
5853,5.724e-05
5854,5.724e-05
5855,5.724e-05
5856,5.724e-05
5857,5.724e-05
5858,5.724e-05
5859,5.724e-05
5860,5.724e-05
5861,5.724e-05
5862,5.724e-05
5863,5.724e-05
5864,5.724e-05
5865,5.72e-05
5866,5.722e-05
5867,5.722e-05
5868,5.722e-05
5869,5.722e-05
5870,5.722e-05
5871,5.722e-05
5872,5.722e-05
5873,5.722e-05
5874,5.722e-05
5875,5.722e-05
5876,5.722e-05
5877,5.722e-05
5878,5.722e-05
5879,5.725e-05
5880,5.725e-05
5881,5.661e-05
5882,5.661e-05
5883,5.661e-05
5884,5.661e-05
5885,5.661e-05
5886,5.661e-05
5887,5.661e-05
5888,5.661e-05
5889,5.661e-05
5890,5.661e-05
5891,5.661e-05
5892,5.661e-05
5893,5.661e-05
5894,5.661e-05
5895,5.661e-05
5896,5.661e-05
5897,5.694e-05
5898,5.694e-05
5899,5.694e-05
5900,5.694e-05
5901,5.694e-05
5902,5.694e-05
5903,5.664e-05
5904,5.664e-05
5905,5.664e-05
5906,5.664e-05
5907,5.664e-05
5908,5.664e-05
5909,5.664e-05
5910,5.664e-05
5911,5.664e-05
5912,5.664e-05
5913,5.694e-05
5914,5.694e-05
5915,5.694e-05
5916,5.694e-05
5917,5.694e-05
5918,5.694e-05
5919,5.694e-05
5920,5.694e-05
5921,5.694e-05
5922,5.666e-05
5923,5.666e-05
5924,5.665e-05
5925,5.665e-05
5926,5.665e-05
5927,5.665e-05
5928,5.665e-05
5929,5.703e-05
5930,5.703e-05
5931,5.703e-05
5932,5.701e-05
5933,5.701e-05
5934,5.701e-05
5935,5.701e-05
5936,5.683e-05
5937,5.683e-05
5938,5.683e-05
5939,5.665e-05
5940,5.665e-05
5941,5.665e-05
5942,5.665e-05
5943,5.665e-05
5944,5.651e-05
5945,5.651e-05
5946,5.651e-05
5947,5.651e-05
5948,5.651e-05
5949,5.651e-05
5950,5.651e-05
5951,5.651e-05
5952,5.651e-05
5953,5.651e-05
5954,5.651e-05
5955,5.651e-05
5956,5.651e-05
5957,5.651e-05
5958,5.651e-05
5959,5.65e-05
5960,5.651e-05
5961,5.651e-05
5962,5.65e-05
5963,5.668e-05
5964,5.637e-05
5965,5.637e-05
5966,5.637e-05
5967,5.637e-05
5968,5.637e-05
5969,5.637e-05
5970,5.637e-05
5971,5.65e-05
5972,5.65e-05
5973,5.65e-05
5974,5.65e-05
5975,5.65e-05
5976,5.65e-05
5977,5.65e-05
5978,5.65e-05
5979,5.65e-05
5980,5.65e-05
5981,5.637e-05
5982,5.634e-05
5983,5.617e-05
5984,5.617e-05
5985,5.629e-05
5986,5.629e-05
5987,5.629e-05
5988,5.629e-05
5989,5.629e-05
5990,5.607e-05
5991,5.607e-05
5992,5.607e-05
5993,5.606e-05
5994,5.606e-05
5995,5.605e-05
5996,5.605e-05
5997,5.605e-05
5998,5.605e-05
5999,5.605e-05
6000,5.605e-05
6001,5.6e-05
6002,5.605e-05
6003,5.605e-05
6004,5.605e-05
6005,5.605e-05
6006,5.606e-05
6007,5.606e-05
6008,5.604e-05
6009,5.604e-05
6010,5.604e-05
6011,5.604e-05
6012,5.604e-05
6013,5.604e-05
6014,5.57e-05
6015,5.57e-05
6016,5.569e-05
6017,5.559e-05
6018,5.566e-05
6019,5.566e-05
6020,5.563e-05
6021,5.562e-05
6022,5.562e-05
6023,5.555e-05
6024,5.553e-05
6025,5.553e-05
6026,5.553e-05
6027,5.554e-05
6028,5.554e-05
6029,5.554e-05
6030,5.554e-05
6031,5.554e-05
6032,5.554e-05
6033,5.554e-05
6034,5.554e-05
6035,5.541e-05
6036,5.534e-05
6037,5.5e-05
6038,5.5e-05
6039,5.528e-05
6040,5.528e-05
6041,5.526e-05
6042,5.526e-05
6043,5.526e-05
6044,5.526e-05
6045,5.526e-05
6046,5.526e-05
6047,5.526e-05
6048,5.526e-05
6049,5.526e-05
6050,5.526e-05
6051,5.526e-05
6052,5.526e-05
6053,5.527e-05
6054,5.527e-05
6055,5.527e-05
6056,5.527e-05
6057,5.527e-05
6058,5.5e-05
6059,5.5e-05
6060,5.5e-05
6061,5.5e-05
6062,5.505e-05
6063,5.505e-05
6064,5.505e-05
6065,5.505e-05
6066,5.505e-05
6067,5.505e-05
6068,5.505e-05
6069,5.505e-05
6070,5.505e-05
6071,5.505e-05
6072,5.505e-05
6073,5.5e-05
6074,5.505e-05
6075,5.464e-05
6076,5.464e-05
6077,5.464e-05
6078,5.504e-05
6079,5.504e-05
6080,5.504e-05
6081,5.504e-05
6082,5.5e-05
6083,5.5e-05
6084,5.5e-05
6085,5.5e-05
6086,5.5e-05
6087,5.5e-05
6088,5.5e-05
6089,5.5e-05
6090,5.5e-05
6091,5.5e-05
6092,5.5e-05
6093,5.5e-05
6094,5.5e-05
6095,5.5e-05
6096,5.5e-05
6097,5.504e-05
6098,5.504e-05
6099,5.504e-05
6100,5.504e-05
6101,5.504e-05
6102,5.505e-05
6103,5.505e-05
6104,5.462e-05
6105,5.462e-05
6106,5.493e-05
6107,5.462e-05
6108,5.485e-05
6109,5.483e-05
6110,5.482e-05
6111,5.482e-05
6112,5.462e-05
6113,5.462e-05
6114,5.497e-05
6115,5.497e-05
6116,5.497e-05
6117,5.497e-05
6118,5.462e-05
6119,5.497e-05
6120,5.497e-05
6121,5.497e-05
6122,5.497e-05
6123,5.497e-05
6124,5.497e-05
6125,5.494e-05
6126,5.494e-05
6127,5.494e-05
6128,5.494e-05
6129,5.494e-05
6130,5.494e-05
6131,5.494e-05
6132,5.494e-05
6133,5.494e-05
6134,5.494e-05
6135,5.494e-05
6136,5.5e-05
6137,5.5e-05
6138,5.5e-05
6139,5.5e-05
6140,5.5e-05
6141,5.5e-05
6142,5.5e-05
6143,5.5e-05
6144,5.5e-05
6145,5.5e-05
6146,5.505e-05
6147,5.505e-05
6148,5.505e-05
6149,5.505e-05
6150,5.505e-05
6151,5.505e-05
6152,5.505e-05
6153,5.505e-05
6154,5.505e-05
6155,5.505e-05
6156,5.505e-05
6157,5.505e-05
6158,5.505e-05
6159,5.505e-05
6160,5.505e-05
6161,5.505e-05
6162,5.505e-05
6163,5.505e-05
6164,5.505e-05
6165,5.505e-05
6166,5.505e-05
6167,5.505e-05
6168,5.505e-05
6169,5.505e-05
6170,5.505e-05
6171,5.505e-05
6172,5.505e-05
6173,5.505e-05
6174,5.505e-05
6175,5.505e-05
6176,5.505e-05
6177,5.505e-05
6178,5.505e-05
6179,5.505e-05
6180,5.505e-05
6181,5.505e-05
6182,5.543e-05
6183,5.543e-05
6184,5.543e-05
6185,5.543e-05
6186,5.543e-05
6187,5.543e-05
6188,5.543e-05
6189,5.543e-05
6190,5.543e-05
6191,5.543e-05
6192,5.543e-05
6193,5.543e-05
6194,5.543e-05
6195,5.543e-05
6196,5.543e-05
6197,5.543e-05
6198,5.543e-05
6199,5.57e-05
6200,5.57e-05
6201,5.57e-05
6202,5.57e-05
6203,5.57e-05
6204,5.57e-05
6205,5.57e-05
6206,5.57e-05
6207,5.57e-05
6208,5.57e-05
6209,5.57e-05
6210,5.57e-05
6211,5.57e-05
6212,5.57e-05
6213,5.57e-05
6214,5.53e-05
6215,5.53e-05
6216,5.557e-05
6217,5.557e-05
6218,5.537e-05
6219,5.53e-05
6220,5.53e-05
6221,5.53e-05
6222,5.53e-05
6223,5.53e-05
6224,5.53e-05
6225,5.53e-05
6226,5.53e-05
6227,5.53e-05
6228,5.53e-05
6229,5.53e-05
6230,5.53e-05
6231,5.53e-05
6232,5.53e-05
6233,5.53e-05
6234,5.53e-05
6235,5.53e-05
6236,5.53e-05
6237,5.53e-05
6238,5.53e-05
6239,5.53e-05
6240,5.562e-05
6241,5.563e-05
6242,5.563e-05
6243,5.563e-05
6244,5.563e-05
6245,5.562e-05
6246,5.562e-05
6247,5.53e-05
6248,5.53e-05
6249,5.53e-05
6250,5.53e-05
6251,5.53e-05
6252,5.53e-05
6253,5.563e-05
6254,5.563e-05
6255,5.563e-05
6256,5.563e-05
6257,5.563e-05
6258,5.563e-05
6259,5.563e-05
6260,5.563e-05
6261,5.563e-05
6262,5.563e-05
6263,5.563e-05
6264,5.563e-05
6265,5.563e-05
6266,5.563e-05
6267,5.563e-05
6268,5.563e-05
6269,5.563e-05
6270,5.563e-05
6271,5.563e-05
6272,5.563e-05
6273,5.563e-05
