0,0.188588
1,0.188588
2,0.188588
3,0.188588
4,0.18858799
5,0.188588
6,0.188588
7,0.188588
8,0.18830117
9,0.18830117
10,0.18830137
11,0.188588
12,0.188588
13,0.188588
14,0.188588
15,0.18830161
16,0.18830161
17,0.18830163
18,0.18830167
19,0.18830153
20,0.18830153
21,0.18830153
22,0.18830153
23,0.18830153
24,0.188588
25,0.188588
26,0.18858799
27,0.18858799
28,0.18858799
29,0.18858799
30,0.188588
31,0.188588
32,0.18858799
33,0.18858799
34,0.18858799
35,0.18858799
36,0.18858799
37,0.18858799
38,0.18858799
39,0.188588
40,0.188588
41,0.188588
42,0.18858799
43,0.18858799
44,0.18858799
45,0.18858799
46,0.18858799
47,0.18858799
48,0.18858799
49,0.188588
50,0.18858799
51,0.18858799
52,0.18858799
53,0.18830601
54,0.188588
55,0.188588
56,0.188588
57,0.188588
58,0.188588
59,0.188588
60,0.188588
61,0.188588
62,0.188588
63,0.188588
64,0.188588
65,0.188588
66,0.188588
67,0.188588
68,0.188588
69,0.188588
70,0.18858799
71,0.188588
72,0.18858799
73,0.18858799
74,0.189
75,0.189
76,0.18900001
77,0.18900001
78,0.18900003
79,0.18900003
80,0.18900003
81,0.18900003
82,0.18938772
83,0.18938772
84,0.18930803
85,0.18930795
86,0.18930788
87,0.18900004
88,0.18900004
89,0.18900004
90,0.18900004
91,0.18845001
92,0.18845001
93,0.18900004
94,0.1893076
95,0.1893076
96,0.1893076
97,0.18900505
98,0.18900517
99,0.18900523
100,0.18900527
101,0.18900529
102,0.18914733
103,0.1894994
104,0.1894994
105,0.1894994
106,0.18914729
107,0.18914729
108,0.18900003
109,0.18900003
110,0.18914681
111,0.1891468
112,0.18914673
113,0.18914673
114,0.18914673
115,0.18914673
116,0.18914673
117,0.18914673
118,0.18914673
119,0.18914609
120,0.18914609
121,0.18914609
122,0.18914609
123,0.18914609
124,0.18914609
125,0.18914609
126,0.18914609
127,0.18836202
128,0.18836202
129,0.18830002
130,0.18830002
131,0.18830002
132,0.18836202
133,0.18836202
134,0.18830001
135,0.18830001
136,0.18830001
137,0.18836201
138,0.18836201
139,0.18836201
140,0.18836201
141,0.18836202
142,0.18836202
143,0.18831001
144,0.18831001
145,0.18831001
146,0.18878202
147,0.18878202
148,0.18878202
149,0.18878202
150,0.18878202
151,0.18831
152,0.18831
153,0.18831
154,0.18831
155,0.18831
156,0.18831
157,0.18831017
158,0.18831007
159,0.18831016
160,0.18831015
161,0.18831017
162,0.18831019
163,0.18831019
164,0.18831019
165,0.18831019
166,0.18831019
167,0.18831019
168,0.18831019
169,0.18831019
170,0.18878202
171,0.18878202
172,0.18878202
173,0.18930634
174,0.18930634
175,0.18930634
176,0.18930634
177,0.18930634
178,0.18878201
179,0.18878201
180,0.18878201
181,0.18878201
182,0.18878201
183,0.18878201
184,0.18878201
185,0.18877763
186,0.18831001
187,0.18831001
188,0.18831001
189,0.18831001
190,0.18831001
191,0.18930387
192,0.18930387
193,0.18930387
194,0.18930387
195,0.18930387
196,0.18930387
197,0.18930387
198,0.18930387
199,0.18930387
200,0.18930387
201,0.18930387
202,0.18930387
203,0.18930387
204,0.18930387
205,0.18930387
206,0.18930387
207,0.18840001
208,0.18840001
209,0.18840001
210,0.18840001
211,0.18840001
212,0.18840001
213,0.18840002
214,0.18840002
215,0.18840002
216,0.18840002
217,0.18840002
218,0.18840002
219,0.18840002
220,0.18840019
221,0.18840026
222,0.18929997
223,0.18930803
224,0.18845837
225,0.18845837
226,0.18930803
227,0.18930803
228,0.18930803
229,0.1884591
230,0.18845939
231,0.18845939
232,0.18845939
233,0.18845975
234,0.1896
235,0.1897
236,0.18891898
237,0.18970761
238,0.1898348
239,0.18940325
240,0.18940349
241,0.19
242,0.19
243,0.19
244,0.19
245,0.19001895
246,0.19009094
247,0.19009094
248,0.18983486
249,0.189835
250,0.18983503
251,0.19009094
252,0.19
253,0.19
254,0.19
255,0.19023731
256,0.18964514
257,0.19000877
258,0.19023731
259,0.19000892
260,0.19027756
261,0.190009
262,0.1903
263,0.19001
264,0.1901
265,0.1901
266,0.18964611
267,0.18964624
268,0.18964633
269,0.18964641
270,0.19001
271,0.19012741
272,0.189647
273,0.189647
274,0.1896468
275,0.1896468
276,0.189647
277,0.189647
278,0.19012742
279,0.19012742
280,0.19012742
281,0.19027999
282,0.19027999
283,0.1901274
284,0.19012742
285,0.1901274
286,0.1901274
287,0.19012741
288,0.1901274
289,0.1901274
290,0.19012742
291,0.19012742
292,0.1901274
293,0.1901274
294,0.1901274
295,0.1901274
296,0.18965003
297,0.18965006
298,0.18965013
299,0.1896
300,0.18959013
301,0.18959013
302,0.1895901
303,0.18959013
304,0.18959013
305,0.18959013
306,0.18959013
307,0.18959013
308,0.1895599
309,0.1895599
310,0.1895599
311,0.1895599
312,0.1895599
313,0.1895599
314,0.1895599
315,0.1895999
316,0.1895999
317,0.18955999
318,0.1894599
319,0.1894599
320,0.1894599
321,0.1894599
322,0.1894599
323,0.1894599
324,0.1894599
325,0.1889416
326,0.1889416
327,0.18894182
328,0.18936021
329,0.18936021
330,0.18936021
331,0.18936021
332,0.18936021
333,0.18936021
334,0.1894599
335,0.18936021
336,0.18936021
337,0.18936021
338,0.18936021
339,0.18936021
340,0.18936021
341,0.18936021
342,0.18936021
343,0.1893602
344,0.18936021
345,0.18936021
346,0.1893602
347,0.1893602
348,0.18902
349,0.18936021
350,0.18936021
351,0.18936021
352,0.18894091
353,0.18894091
354,0.18936021
355,0.18936021
356,0.18936021
357,0.18936021
358,0.18936021
359,0.1893602
360,0.18936021
361,0.1893602
362,0.1893602
363,0.18936021
364,0.18936021
365,0.18936021
366,0.1893602
367,0.1893602
368,0.1893602
369,0.1893602
370,0.1893602
371,0.1893602
372,0.18906001
373,0.18906001
374,0.18906001
375,0.18906001
376,0.18906
377,0.18936019
378,0.18936019
379,0.18906001
380,0.18906001
381,0.18906
382,0.18906
383,0.18906
384,0.18906
385,0.18889156
386,0.1888916
387,0.18888888
388,0.18888888
389,0.18888888
390,0.18888888
391,0.18888888
392,0.18888888
393,0.18888888
394,0.1888916
395,0.1888916
396,0.1888916
397,0.18888889
398,0.1888916
399,0.1888916
400,0.1888916
401,0.1888916
402,0.1888916
403,0.18889023
404,0.1888916
405,0.18889087
406,0.18889087
407,0.18889023
408,0.18889023
409,0.18889023
410,0.18888888
411,0.18889087
412,0.18889087
413,0.18888888
414,0.18889022
415,0.18889023
416,0.18889023
417,0.18888888
418,0.18888888
419,0.18888888
420,0.18888888
421,0.18888888
422,0.18888888
423,0.18888888
424,0.18888888
425,0.18888888
426,0.18888888
427,0.1888916
428,0.1888916
429,0.1888916
430,0.1888916
431,0.1888916
432,0.18888889
433,0.18888889
434,0.1888916
435,0.1888916
436,0.1888916
437,0.1888916
438,0.1888916
439,0.1888916
440,0.18889159
441,0.18889159
442,0.18889159
443,0.18889159
444,0.18889159
445,0.18889159
446,0.18889159
447,0.1888916
448,0.1888916
449,0.18906
450,0.18889161
451,0.18889161
452,0.18889161
453,0.18905999
454,0.18905999
455,0.18888888
456,0.18888564
457,0.18905999
458,0.18905999
459,0.18905999
460,0.18905999
461,0.18905999
462,0.18905999
463,0.18905999
464,0.18905999
465,0.18905999
466,0.18905999
467,0.18905999
468,0.18906
469,0.18906
470,0.18906
471,0.1888
472,0.1888
473,0.1888
474,0.1888
475,0.18888564
476,0.18888564
477,0.18851896
478,0.18888564
479,0.18888564
480,0.18888564
481,0.18888564
482,0.18935979
483,0.189
484,0.189
485,0.189
486,0.189
487,0.189
488,0.18848049
489,0.18848
490,0.18848
491,0.18848049
492,0.18848
493,0.18845
494,0.18848
495,0.18899919
496,0.18899919
497,0.18846001
498,0.18846001
499,0.18846001
500,0.18899926
501,0.18899934
502,0.18899938
503,0.18899938
504,0.18899916
505,0.18899916
506,0.18899916
507,0.18899916
508,0.18899946
509,0.18899946
510,0.18899916
511,0.18899916
512,0.18899916
513,0.18899917
514,0.18899916
515,0.18899917
516,0.18899917
517,0.18899917
518,0.18899918
519,0.18899918
520,0.18899917
521,0.18899918
522,0.18899916
523,0.18899916
524,0.18899916
525,0.18899916
526,0.18846
527,0.18846
528,0.18846
529,0.18899918
530,0.18846
531,0.18846
532,0.18846
533,0.18846
534,0.18846
535,0.18846
536,0.18846
537,0.18846
538,0.18846
539,0.18846
540,0.18846
541,0.18846
542,0.18899875
543,0.18846002
544,0.18846002
545,0.18846002
546,0.18846002
547,0.18899974
548,0.18899974
549,0.18899974
550,0.18899974
551,0.18899989
552,0.1884603
553,0.1884603
554,0.1884603
555,0.18904056
556,0.18904056
557,0.18904056
558,0.18904056
559,0.18904052
560,0.18904052
561,0.18904052
562,0.18904052
563,0.18904052
564,0.18904024
565,0.18904024
566,0.18904024
567,0.18904014
568,0.18904014
569,0.18904014
570,0.18904014
571,0.18904014
572,0.18904014
573,0.18904014
574,0.18904014
575,0.18847128
576,0.18847128
577,0.18847128
578,0.18847127
579,0.18847127
580,0.18847127
581,0.18847127
582,0.18847127
583,0.18847127
584,0.18897109
585,0.188971
586,0.18847146
587,0.18847146
588,0.18847146
589,0.18847146
590,0.18847065
591,0.18847065
592,0.18847065
593,0.18904059
594,0.18904059
595,0.18904059
596,0.18904059
597,0.18904059
598,0.18847011
599,0.18847011
600,0.18847011
601,0.18856365
602,0.18856365
603,0.18856365
604,0.18856365
605,0.18856365
606,0.18856365
607,0.18856365
608,0.18847499
609,0.18856365
610,0.18856365
611,0.18903952
612,0.18903952
613,0.18856372
614,0.18856372
615,0.18856372
616,0.18903945
617,0.18903945
618,0.18903945
619,0.18903945
620,0.18856386
621,0.18856386
622,0.18903941
623,0.18903941
624,0.18856367
625,0.18856373
626,0.18856373
627,0.18856373
628,0.18856373
629,0.18856373
630,0.18856373
631,0.18856373
632,0.18856382
633,0.18856382
634,0.18904024
635,0.18904024
636,0.18904024
637,0.18904024
638,0.18904024
639,0.18904024
640,0.18904024
641,0.1887
642,0.1887
643,0.18904031
644,0.18904031
645,0.18904031
646,0.18904031
647,0.18904031
648,0.18904031
649,0.18904031
650,0.18904031
651,0.18904031
652,0.18904031
653,0.18904031
654,0.18904031
655,0.18905447
656,0.18905447
657,0.18905447
658,0.18905447
659,0.18905447
660,0.18905447
661,0.1891
662,0.1891
663,0.1891
664,0.1891
665,0.1891
666,0.1891
667,0.1891
668,0.1891
669,0.1891
670,0.1891
671,0.1891
672,0.1891
673,0.1891
674,0.1891
675,0.1891
676,0.18910001
677,0.1891
678,0.1891
679,0.18904046
680,0.18904031
681,0.18904031
682,0.18936
683,0.18955993
684,0.18955993
685,0.18955993
686,0.18955993
687,0.18955965
688,0.18955965
689,0.18955965
690,0.18955965
691,0.18910035
692,0.18955913
693,0.18910036
694,0.18910036
695,0.18955887
696,0.18955887
697,0.18910069
698,0.18998994
699,0.18998994
700,0.18998994
701,0.18998994
702,0.18998994
703,0.18998994
704,0.18998994
705,0.18998994
706,0.18998994
707,0.18998994
708,0.18998994
709,0.18998994
710,0.18998994
711,0.18998994
712,0.18998994
713,0.18999411
714,0.18999411
715,0.18998994
716,0.18998994
717,0.18998994
718,0.18998994
719,0.18998968
720,0.18998968
721,0.18998968
722,0.18998968
723,0.18910375
724,0.18998925
725,0.18998925
726,0.18910402
727,0.18910402
728,0.18910402
729,0.18910402
730,0.18910402
731,0.18910402
732,0.18969957
733,0.18969957
734,0.18969957
735,0.18969957
736,0.18953782
737,0.18910042
738,0.18940192
739,0.18940192
740,0.18910069
741,0.18910069
742,0.18910069
743,0.18910069
744,0.18910069
745,0.18910069
746,0.18910069
747,0.18910069
748,0.18910069
749,0.18910069
750,0.18910069
751,0.18910069
752,0.18910069
753,0.18910069
754,0.18911042
755,0.18911042
756,0.18911042
757,0.18911042
758,0.18919999
759,0.18919999
760,0.1892
761,0.1892
762,0.18953728
763,0.18953728
764,0.18953728
765,0.18953728
766,0.18911068
767,0.18911074
768,0.18911074
769,0.18911077
770,0.18911
771,0.18911003
772,0.18911003
773,0.18910024
774,0.18910024
775,0.18910024
776,0.1891002
777,0.18910007
778,0.18910007
779,0.1891
780,0.18904031
781,0.18909994
782,0.18904031
783,0.18904031
784,0.18904031
785,0.18904031
786,0.18904031
787,0.18904031
788,0.18904031
789,0.18896227
790,0.18882674
791,0.18882674
792,0.18882674
793,0.18882674
794,0.18911042
795,0.18911042
796,0.18882715
797,0.18882721
798,0.18882721
799,0.18882721
800,0.18882754
801,0.18911041
802,0.18911041
803,0.18911042
804,0.18911042
805,0.18882812
806,0.18911042
807,0.18953448
808,0.18953448
809,0.18953448
810,0.18953448
811,0.18911042
812,0.18911042
813,0.18911042
814,0.18900054
815,0.189
816,0.189
817,0.18881041
818,0.18862819
819,0.18862819
820,0.18862819
821,0.18862819
822,0.18862819
823,0.18846
824,0.18846
825,0.18846
826,0.18846
827,0.18846
828,0.18849241
829,0.18849241
830,0.1884
831,0.1884
832,0.1886
833,0.1886
834,0.18905052
835,0.18905052
836,0.18800005
837,0.18859986
838,0.18859976
839,0.18800001
840,0.18800001
841,0.18800001
842,0.18800006
843,0.18800006
844,0.18800001
845,0.18800003
846,0.18800006
847,0.18800006
848,0.18800002
849,0.18800002
850,0.18800002
851,0.18800001
852,0.18800002
853,0.18800001
854,0.18800002
855,0.18800002
856,0.188
857,0.18800002
858,0.188
859,0.188
860,0.18800002
861,0.18800002
862,0.188
863,0.18800002
864,0.188
865,0.188
866,0.18793669
867,0.18783512
868,0.18800001
869,0.18800002
870,0.18775989
871,0.18800002
872,0.18787786
873,0.18775989
874,0.18787786
875,0.18787786
876,0.18787786
877,0.18787786
878,0.18800002
879,0.18787786
880,0.18800002
881,0.18800002
882,0.18800002
883,0.18800002
884,0.18800002
885,0.18775993
886,0.18800002
887,0.18800002
888,0.18800002
889,0.18800001
890,0.18800002
891,0.18800002
892,0.18800002
893,0.18800002
894,0.18800002
895,0.18800003
896,0.1885902
897,0.1885902
898,0.1885
899,0.1885
900,0.18859008
901,0.18859008
902,0.18898351
903,0.18898351
904,0.18898332
905,0.18898332
906,0.18898332
907,0.18898363
908,0.18898351
909,0.18898345
910,0.18810323
911,0.18923549
912,0.18898354
913,0.18923552
914,0.18923546
915,0.18923537
916,0.18923531
917,0.18955416
918,0.1896
919,0.1896
920,0.1896
921,0.19
922,0.19
923,0.19
924,0.19
925,0.19
926,0.19
927,0.1904
928,0.19012703
929,0.19012703
930,0.19000001
931,0.1905
932,0.1907921
933,0.19050001
934,0.1905
935,0.1906
936,0.1906
937,0.19060001
938,0.19050003
939,0.19050003
940,0.19030953
941,0.19000004
942,0.1903095
943,0.19000013
944,0.19000022
945,0.1901
946,0.19000034
947,0.19030949
948,0.19030949
949,0.19000045
950,0.19000001
951,0.19000001
952,0.19000003
953,0.19014727
954,0.19014727
955,0.19014727
956,0.19014727
957,0.19000003
958,0.19014726
959,0.19000004
960,0.19000004
961,0.19000004
962,0.1900001
963,0.1900001
964,0.19049834
965,0.1901
966,0.19010003
967,0.19010011
968,0.19010011
969,0.19010011
970,0.19010024
971,0.19010032
972,0.1901004
973,0.1901005
974,0.19010059
975,0.19010068
976,0.19010083
977,0.1906
978,0.19010093
979,0.19058997
980,0.19010048
981,0.19010048
982,0.19010048
983,0.19010048
984,0.19010048
985,0.19010048
986,0.19010048
987,0.19010048
988,0.19010048
989,0.19058897
990,0.19058897
991,0.19058897
992,0.19010049
993,0.19010049
994,0.19049988
995,0.19010049
996,0.19000001
997,0.19000001
998,0.19000001
999,0.19000001
1000,0.19000001
1001,0.19000001
1002,0.19000001
1003,0.19000001
1004,0.19
1005,0.19
1006,0.19
1007,0.19
1008,0.19
1009,0.19
1010,0.19
1011,0.19
1012,0.19
1013,0.19010049
1014,0.19010049
1015,0.19010049
1016,0.19010049
1017,0.19004725
1018,0.19004725
1019,0.19004725
1020,0.19004725
1021,0.19004725
1022,0.19
1023,0.19004725
1024,0.19004725
1025,0.19
1026,0.19
1027,0.19
1028,0.19
1029,0.19
1030,0.19
1031,0.19
1032,0.19
1033,0.19010049
1034,0.19010049
1035,0.19010049
1036,0.19
1037,0.19
1038,0.19
1039,0.19
1040,0.19
1041,0.19
1042,0.19
1043,0.19
1044,0.19
1045,0.19
1046,0.19
1047,0.19
1048,0.19
1049,0.19
1050,0.19
1051,0.19
1052,0.19
1053,0.19
1054,0.19
1055,0.19
1056,0.19
1057,0.19
1058,0.19
1059,0.19
1060,0.19
1061,0.19
1062,0.19
1063,0.19
1064,0.19
1065,0.19
1066,0.19
1067,0.19
1068,0.19
1069,0.19
1070,0.1897386
1071,0.1897386
1072,0.18933526
1073,0.18933529
1074,0.18933533
1075,0.18933533
1076,0.18933533
1077,0.18933533
1078,0.18933533
1079,0.18933533
1080,0.18933533
1081,0.18933512
1082,0.18933512
1083,0.18973854
1084,0.18973854
1085,0.18933511
1086,0.18933511
1087,0.18973822
1088,0.18933511
1089,0.18933511
1090,0.18933511
1091,0.18933511
1092,0.18933511
1093,0.18933511
1094,0.18933511
1095,0.18933511
1096,0.18933511
1097,0.18922985
1098,0.189737
1099,0.18973681
1100,0.18973681
1101,0.1897366
1102,0.18973651
1103,0.18916938
1104,0.18905136
1105,0.18905136
1106,0.18913681
1107,0.18913681
1108,0.18913681
1109,0.18913681
1110,0.18913681
1111,0.18913681
1112,0.18913681
1113,0.18913681
1114,0.18913688
1115,0.18913688
1116,0.18913688
1117,0.18913688
1118,0.18913686
1119,0.18913686
1120,0.18913689
1121,0.18913689
1122,0.18913689
1123,0.18913689
1124,0.18913689
1125,0.18913684
1126,0.18913681
1127,0.18913681
1128,0.18913681
1129,0.18913681
1130,0.18913684
1131,0.18913684
1132,0.18913687
1133,0.18913687
1134,0.18913693
1135,0.18913693
1136,0.18913693
1137,0.18913693
1138,0.18913693
1139,0.18913693
1140,0.18913693
1141,0.18913693
1142,0.18913681
1143,0.18913681
1144,0.18913681
1145,0.18913681
1146,0.18913681
1147,0.18913681
1148,0.18913681
1149,0.18913681
1150,0.18913681
1151,0.18913681
1152,0.18913681
1153,0.18913681
1154,0.18913681
1155,0.18913681
1156,0.18913681
1157,0.18913681
1158,0.18905133
1159,0.18905133
1160,0.18905133
1161,0.18913687
1162,0.18892851
1163,0.18913687
1164,0.18913687
1165,0.18913687
1166,0.18888003
1167,0.18913687
1168,0.18913687
1169,0.18913687
1170,0.18913687
1171,0.18913687
1172,0.18913687
1173,0.18913687
1174,0.18913687
1175,0.18913687
1176,0.18888001
1177,0.18888001
1178,0.18888001
1179,0.18912968
1180,0.18912955
1181,0.18912956
1182,0.18912956
1183,0.18912955
1184,0.18912955
1185,0.18814
1186,0.18814
1187,0.18814
1188,0.18904432
1189,0.18904432
1190,0.18810323
1191,0.18904406
1192,0.18904396
1193,0.18904396
1194,0.18904396
1195,0.18904396
1196,0.18900829
1197,0.18900829
1198,0.18900829
1199,0.18900799
1200,0.1881405
1201,0.1881405
1202,0.18814068
1203,0.18814068
1204,0.18814068
1205,0.18900736
1206,0.18900721
1207,0.18900721
1208,0.18900721
1209,0.18900721
1210,0.18845868
1211,0.18845868
1212,0.18900645
1213,0.18900639
1214,0.18900631
1215,0.18900631
1216,0.18900631
1217,0.189006
1218,0.18926522
1219,0.18926522
1220,0.18926523
1221,0.18926526
1222,0.18926526
1223,0.18926522
1224,0.18926522
1225,0.18926527
1226,0.18926522
1227,0.18900169
1228,0.18900169
1229,0.18900154
1230,0.18948488
1231,0.18950363
1232,0.18950363
1233,0.18950363
1234,0.18950363
1235,0.18972968
1236,0.18972968
1237,0.18972964
1238,0.18972964
1239,0.18972964
1240,0.18972961
1241,0.18972961
1242,0.18972958
1243,0.18973406
1244,0.18900233
1245,0.18900239
1246,0.1890025
1247,0.1890025
1248,0.18900263
1249,0.18900273
1250,0.18900279
1251,0.18900279
1252,0.18900143
1253,0.18900147
1254,0.18900155
1255,0.18900155
1256,0.18911902
1257,0.18900183
1258,0.18900263
1259,0.18900263
1260,0.18911902
1261,0.18911916
1262,0.18911927
1263,0.18911927
1264,0.18911942
1265,0.18911948
1266,0.189
1267,0.18949729
1268,0.18830001
1269,0.18830001
1270,0.18830001
1271,0.18949689
1272,0.18949689
1273,0.18834024
1274,0.18834031
1275,0.18834031
1276,0.18834031
1277,0.18834031
1278,0.18834031
1279,0.18834031
1280,0.18834031
1281,0.18949584
1282,0.18949584
1283,0.18889218
1284,0.18835083
1285,0.18835083
1286,0.18835083
1287,0.18835083
1288,0.18835083
1289,0.18835083
1290,0.18835083
1291,0.18840021
1292,0.1885
1293,0.18889218
1294,0.1886461
1295,0.18889218
1296,0.18889218
1297,0.18850054
1298,0.18850054
1299,0.18850054
1300,0.1886461
1301,0.18889218
1302,0.18947919
1303,0.18947919
1304,0.18947919
1305,0.18947889
1306,0.18947889
1307,0.18889341
1308,0.18889341
1309,0.18889341
1310,0.18889273
1311,0.18889273
1312,0.18889341
1313,0.18889341
1314,0.18889345
1315,0.18889349
1316,0.18889353
1317,0.18889353
1318,0.18889374
1319,0.18889374
1320,0.18910543
1321,0.18910543
1322,0.18910543
1323,0.18910543
1324,0.18889415
1325,0.18889421
1326,0.18889421
1327,0.18889427
1328,0.18889427
1329,0.18889427
1330,0.18889448
1331,0.18889451
1332,0.18889451
1333,0.18889451
1334,0.18889451
1335,0.18899998
1336,0.1889992
1337,0.18899952
1338,0.18899952
1339,0.18981908
1340,0.18981908
1341,0.18981908
1342,0.18981874
1343,0.18899985
1344,0.18899989
1345,0.18980904
1346,0.18899924
1347,0.18899924
1348,0.18899927
1349,0.18980863
1350,0.1898084
1351,0.18899923
1352,0.18840052
1353,0.18840052
1354,0.18840052
1355,0.18840052
1356,0.18840051
1357,0.1898
1358,0.1884
1359,0.1884005
1360,0.1884005
1361,0.1884005
1362,0.1884005
1363,0.1884005
1364,0.1884005
1365,0.18835019
1366,0.18835019
1367,0.18835019
1368,0.18867609
1369,0.1894
1370,0.18835019
1371,0.18835019
1372,0.18835019
1373,0.18835019
1374,0.18835031
1375,0.18835031
1376,0.18835031
1377,0.18835031
1378,0.18835031
1379,0.18835031
1380,0.18835019
1381,0.18835019
1382,0.18835019
1383,0.18835019
1384,0.18835019
1385,0.18835019
1386,0.18835019
1387,0.18835031
1388,0.18835031
1389,0.18835031
1390,0.18835019
1391,0.18835031
1392,0.18835031
1393,0.18834019
1394,0.18834019
1395,0.18834019
1396,0.18834019
1397,0.18834019
1398,0.18834019
1399,0.18834019
1400,0.18834019
1401,0.18834019
1402,0.18981864
1403,0.18834038
1404,0.18834044
1405,0.1883405
1406,0.188345
1407,0.1883451
1408,0.18834503
1409,0.18834503
1410,0.18834503
1411,0.18834503
1412,0.18834503
1413,0.18834503
1414,0.18834503
1415,0.18834503
1416,0.18834503
1417,0.1884005
1418,0.1884005
1419,0.18934994
1420,0.18834503
1421,0.18834503
1422,0.18834503
1423,0.1884005
1424,0.1883402
1425,0.18834019
1426,0.18834019
1427,0.18834
1428,0.18834
1429,0.18834
1430,0.18834
1431,0.1883
1432,0.1883
1433,0.18780944
1434,0.1878
1435,0.1883
1436,0.18775993
1437,0.18829992
1438,0.18829986
1439,0.18775992
1440,0.18775992
1441,0.18775993
1442,0.18829969
1443,0.18829956
1444,0.18829956
1445,0.18775993
1446,0.18775992
1447,0.18775992
1448,0.18775992
1449,0.18775992
1450,0.1882987
1451,0.1882987
1452,0.1882987
1453,0.1882987
1454,0.1882987
1455,0.1882987
1456,0.1882987
1457,0.1882987
1458,0.1882987
1459,0.18775992
1460,0.18775992
1461,0.18775992
1462,0.1881
1463,0.1881
1464,0.1881
1465,0.1881
1466,0.1881
1467,0.1881
1468,0.1881
1469,0.1883
1470,0.18830004
1471,0.18830004
1472,0.1883
1473,0.1883
1474,0.1883
1475,0.1883
1476,0.1883
1477,0.1883
1478,0.18831962
1479,0.18831962
1480,0.18831962
1481,0.18777847
1482,0.18829992
1483,0.18829988
1484,0.18829988
1485,0.1878
1486,0.1878
1487,0.18780018
1488,0.18780018
1489,0.18780018
1490,0.18780018
1491,0.18834019
1492,0.18834019
1493,0.18834019
1494,0.18834019
1495,0.18780103
1496,0.18780103
1497,0.18856932
1498,0.18856932
1499,0.18856923
1500,0.18856923
1501,0.18780144
1502,0.18780144
1503,0.18780144
1504,0.18780144
1505,0.18780171
1506,0.18817299
1507,0.18817301
1508,0.18817301
1509,0.1878
1510,0.1878
1511,0.1878
1512,0.1878
1513,0.1878
1514,0.1878
1515,0.1878
1516,0.1878
1517,0.1878
1518,0.1878
1519,0.1878
1520,0.1878
1521,0.1878
1522,0.1878
1523,0.1878
1524,0.1878
1525,0.188173
1526,0.18780006
1527,0.18780006
1528,0.18780006
1529,0.188572
1530,0.188572
1531,0.188572
1532,0.18903
1533,0.18780044
1534,0.18780044
1535,0.18903
1536,0.18903
1537,0.18780093
1538,0.18780093
1539,0.18780093
1540,0.18780124
1541,0.18780124
1542,0.18793003
1543,0.18793003
1544,0.18902976
1545,0.18902976
1546,0.18902976
1547,0.18902976
1548,0.18902976
1549,0.18902976
1550,0.18902942
1551,0.18902933
1552,0.18902933
1553,0.18902933
1554,0.18902933
1555,0.18902933
1556,0.18794075
1557,0.18794075
1558,0.18845898
1559,0.1884589
1560,0.1884589
1561,0.1884589
1562,0.1884589
1563,0.1884589
1564,0.18845851
1565,0.18794165
1566,0.1884
1567,0.18794184
1568,0.18794187
1569,0.18794201
1570,0.18834343
1571,0.1879421
1572,0.1879421
1573,0.1879421
1574,0.188
1575,0.18834326
1576,0.18794253
1577,0.18794256
1578,0.18791759
1579,0.1879176
1580,0.18834286
1581,0.18806538
1582,0.18786135
1583,0.18786137
1584,0.18780048
1585,0.18780048
1586,0.18780048
1587,0.18794228
1588,0.18780048
1589,0.18780048
1590,0.18780048
1591,0.18780048
1592,0.18834162
1593,0.18834162
1594,0.18780077
1595,0.18780077
1596,0.18780077
1597,0.18834152
1598,0.18834152
1599,0.18834146
1600,0.18834142
1601,0.18834137
1602,0.18834137
1603,0.18834137
1604,0.18780183
1605,0.18839995
1606,0.188345
1607,0.18839982
1608,0.18834501
1609,0.18834501
1610,0.18834501
1611,0.1884
1612,0.1884001
1613,0.18840013
1614,0.18840033
1615,0.18840039
1616,0.18840039
1617,0.18840061
1618,0.18899981
1619,0.18840083
1620,0.18899957
1621,0.188401
1622,0.188401
1623,0.188401
1624,0.18880001
1625,0.1888
1626,0.1888
1627,0.1888
1628,0.1888
1629,0.1888
1630,0.1888
1631,0.1888
1632,0.1888
1633,0.1888
1634,0.1888
1635,0.1888
1636,0.1888
1637,0.18840054
1638,0.18840054
1639,0.18840054
1640,0.18840054
1641,0.18840054
1642,0.18840054
1643,0.18834501
1644,0.18834501
1645,0.18834501
1646,0.18834501
1647,0.18786711
1648,0.18788524
1649,0.18786718
1650,0.18786718
1651,0.18786718
1652,0.18786718
1653,0.18786718
1654,0.18786718
1655,0.18804449
1656,0.18804448
1657,0.18795509
1658,0.18804449
1659,0.18791522
1660,0.18791522
1661,0.18791522
1662,0.18804449
1663,0.18786716
1664,0.18786715
1665,0.18796068
1666,0.18796068
1667,0.18795
1668,0.18795
1669,0.18786722
1670,0.18796068
1671,0.18796068
1672,0.18786722
1673,0.18786721
1674,0.18786716
1675,0.18786716
1676,0.18786716
1677,0.18786716
1678,0.18786716
1679,0.18786715
1680,0.18786721
1681,0.18786721
1682,0.18786721
1683,0.18786721
1684,0.18786719
1685,0.18786715
1686,0.18786719
1687,0.18786722
1688,0.18786722
1689,0.18786722
1690,0.18786715
1691,0.18786715
1692,0.18786715
1693,0.18786715
1694,0.18786715
1695,0.18786722
1696,0.18786722
1697,0.18786722
1698,0.18786722
1699,0.18786722
1700,0.18786722
1701,0.18786722
1702,0.18786722
1703,0.18784001
1704,0.18786722
1705,0.18786722
1706,0.18784
1707,0.18784
1708,0.18780001
1709,0.18780001
1710,0.1878
1711,0.18786722
1712,0.18786722
1713,0.18786722
1714,0.1878
1715,0.18780001
1716,0.1878
1717,0.18783642
1718,0.18783642
1719,0.18783642
1720,0.18783642
1721,0.18770012
1722,0.18783642
1723,0.18783642
1724,0.18786722
1725,0.18786722
1726,0.18786722
1727,0.18786721
1728,0.18786721
1729,0.18786722
1730,0.18786722
1731,0.18786721
1732,0.18833817
1733,0.18786721
1734,0.18786721
1735,0.18786721
1736,0.18786721
1737,0.18786721
1738,0.18770051
1739,0.18770063
1740,0.18770063
1741,0.18770063
1742,0.18770063
1743,0.18770063
1744,0.18770063
1745,0.18770063
1746,0.18770063
1747,0.18770063
1748,0.18776099
1749,0.18776099
1750,0.18786721
1751,0.18833662
1752,0.18833662
1753,0.18833662
1754,0.18833662
1755,0.18775627
1756,0.18775627
1757,0.18804449
1758,0.18829982
1759,0.18829969
1760,0.18829969
1761,0.18829969
1762,0.18829969
1763,0.18829969
1764,0.18829969
1765,0.18829969
1766,0.188
1767,0.188
1768,0.188
1769,0.188
1770,0.18799999
1771,0.18819974
1772,0.18819974
1773,0.18819974
1774,0.18819998
1775,0.18819998
1776,0.18819998
1777,0.18784001
1778,0.188
1779,0.188
1780,0.188
1781,0.18784104
1782,0.188
1783,0.188
1784,0.188
1785,0.188
1786,0.188
1787,0.188
1788,0.188
1789,0.188
1790,0.188
1791,0.188
1792,0.188
1793,0.18791997
1794,0.18779074
1795,0.18779074
1796,0.18779074
1797,0.18779074
1798,0.1882
1799,0.1882
1800,0.18820001
1801,0.18820001
1802,0.1882
1803,0.1882
1804,0.18820001
1805,0.18820001
1806,0.18820001
1807,0.1882
1808,0.1882
1809,0.18819989
1810,0.18819989
1811,0.18819974
1812,0.18819974
1813,0.18819974
1814,0.18819974
1815,0.18819974
1816,0.18819974
1817,0.18819974
1818,0.18819904
1819,0.188001
1820,0.188001
1821,0.18791999
1822,0.18791999
1823,0.18791999
1824,0.18791999
1825,0.1877908
1826,0.18786621
1827,0.18786621
1828,0.18786621
1829,0.18791996
1830,0.18791999
1831,0.18779109
1832,0.18819989
1833,0.1878
1834,0.1878
1835,0.1878
1836,0.1878
1837,0.188
1838,0.188
1839,0.188
1840,0.188
1841,0.188
1842,0.188
1843,0.188
1844,0.18780001
1845,0.18780001
1846,0.1878
1847,0.1878
1848,0.1878
1849,0.1878
1850,0.1878
1851,0.1878
1852,0.18799999
1853,0.18800001
1854,0.188
1855,0.18800001
1856,0.188
1857,0.18800001
1858,0.18800001
1859,0.188
1860,0.18800001
1861,0.18800001
1862,0.18800001
1863,0.18800001
1864,0.18800001
1865,0.18800001
1866,0.18800001
1867,0.18800001
1868,0.18800001
1869,0.18800001
1870,0.18800001
1871,0.188
1872,0.187801
1873,0.187801
1874,0.187801
1875,0.18799998
1876,0.18799998
1877,0.18799998
1878,0.18800007
1879,0.188
1880,0.188
1881,0.188
1882,0.188
1883,0.18800002
1884,0.18800002
1885,0.1878058
1886,0.1878058
1887,0.18816932
1888,0.18816931
1889,0.18816931
1890,0.18816931
1891,0.1878058
1892,0.1878058
1893,0.1878058
1894,0.1878058
1895,0.1878058
1896,0.1878058
1897,0.1878058
1898,0.18816865
1899,0.18784305
1900,0.18784305
1901,0.18784305
1902,0.18784305
1903,0.18784305
1904,0.18794299
1905,0.18794299
1906,0.187943
1907,0.18794306
1908,0.18794306
1909,0.18794306
1910,0.18794306
1911,0.18794306
1912,0.18794303
1913,0.18794303
1914,0.18794303
1915,0.18794299
1916,0.18794299
1917,0.18794299
1918,0.18794299
1919,0.18794299
1920,0.18794299
1921,0.18794306
1922,0.18794306
1923,0.18794305
1924,0.18794305
1925,0.18794309
1926,0.18794315
1927,0.18794315
1928,0.18794315
1929,0.18794315
1930,0.18794299
1931,0.18794299
1932,0.18794299
1933,0.1877
1934,0.1877
1935,0.1877
1936,0.1877
1937,0.1877
1938,0.1877
1939,0.18770001
1940,0.18770001
1941,0.18770001
1942,0.1877
1943,0.18770001
1944,0.18770001
1945,0.18770008
1946,0.18783934
1947,0.18770015
1948,0.18773771
1949,0.18773771
1950,0.18773771
1951,0.18773771
1952,0.18773771
1953,0.18773771
1954,0.18773771
1955,0.18773771
1956,0.18773771
1957,0.18773771
1958,0.18773769
1959,0.18773769
1960,0.18773769
1961,0.18773769
1962,0.18773769
1963,0.18773769
1964,0.18773769
1965,0.18773769
1966,0.18773769
1967,0.18797897
1968,0.18813778
1969,0.18780009
1970,0.1878
1971,0.1878
1972,0.1878
1973,0.1878
1974,0.18814035
1975,0.18814035
1976,0.18814035
1977,0.18814035
1978,0.18814035
1979,0.18814035
1980,0.18797897
1981,0.18797897
1982,0.18797897
1983,0.1886
1984,0.18860003
1985,0.18780015
1986,0.18780015
1987,0.18780015
1988,0.18780015
1989,0.18780015
1990,0.18780066
1991,0.18819603
1992,0.1878009
1993,0.1878009
1994,0.1878009
1995,0.18819603
1996,0.18819603
1997,0.18819603
1998,0.188
1999,0.188
2000,0.18799999
2001,0.18799999
2002,0.18799999
2003,0.1878
2004,0.1878
2005,0.1878
2006,0.18799997
2007,0.18799996
2008,0.18799996
2009,0.18799999
2010,0.1878
2011,0.18799999
2012,0.18780013
2013,0.18799999
2014,0.1878002
2015,0.1878002
2016,0.18780023
2017,0.18780026
2018,0.18790559
2019,0.18770001
2020,0.18790559
2021,0.18790559
2022,0.18790559
2023,0.18790559
2024,0.18770001
2025,0.18770001
2026,0.18770001
2027,0.18770001
2028,0.18770001
2029,0.188
2030,0.1877
2031,0.1877
2032,0.18799999
2033,0.18799999
2034,0.18799999
2035,0.18770001
2036,0.188
2037,0.188
2038,0.188
2039,0.188
2040,0.18819013
2041,0.18819013
2042,0.18819013
2043,0.18819013
2044,0.18819013
2045,0.18819013
2046,0.18819013
2047,0.18810019
2048,0.18810019
2049,0.18800001
2050,0.18800001
2051,0.188
2052,0.18800001
2053,0.188
2054,0.188
2055,0.188
2056,0.188
2057,0.18799994
2058,0.18799994
2059,0.18799994
2060,0.18799994
2061,0.18799994
2062,0.18769302
2063,0.18769302
2064,0.18769302
2065,0.18769302
2066,0.18769302
2067,0.18769302
2068,0.18769302
2069,0.18799997
2070,0.18769302
2071,0.1877
2072,0.1877
2073,0.1877
2074,0.1877
2075,0.1877
2076,0.18766841
2077,0.18766842
2078,0.1876965
2079,0.1876965
2080,0.18769649
2081,0.18766841
2082,0.18769649
2083,0.18769649
2084,0.18769649
2085,0.18769648
2086,0.18769648
2087,0.18762853
2088,0.18762853
2089,0.18762853
2090,0.18762784
2091,0.18762784
2092,0.18762784
2093,0.18762784
2094,0.18762784
2095,0.18762784
2096,0.18762853
2097,0.18762853
2098,0.18762853
2099,0.18762853
2100,0.18753469
2101,0.18762853
2102,0.18753469
2103,0.18762853
2104,0.18753469
2105,0.18753469
2106,0.18753469
2107,0.18753469
2108,0.18753469
2109,0.18753469
2110,0.18753469
2111,0.18749342
2112,0.18749342
2113,0.18749342
2114,0.18749342
2115,0.18749342
2116,0.18749329
2117,0.18749329
2118,0.18749329
2119,0.18749329
2120,0.18749329
2121,0.18747856
2122,0.18746686
2123,0.18769649
2124,0.18769649
2125,0.18769649
2126,0.18799589
2127,0.18773246
2128,0.18773246
2129,0.18773246
2130,0.18773245
2131,0.18773245
2132,0.18773245
2133,0.18773245
2134,0.18745816
2135,0.18773244
2136,0.18745817
2137,0.18745817
2138,0.18745817
2139,0.18745817
2140,0.18745817
2141,0.18746801
2142,0.18746801
2143,0.18773245
2144,0.18773245
2145,0.18773245
2146,0.18773245
2147,0.18773245
2148,0.18773245
2149,0.18773245
2150,0.18773245
2151,0.18773245
2152,0.18773245
2153,0.18773245
2154,0.18773245
2155,0.18747905
2156,0.18747907
2157,0.18800001
2158,0.18800001
2159,0.18800001
2160,0.18747944
2161,0.18747944
2162,0.18747944
2163,0.18747944
2164,0.18747944
2165,0.18747944
2166,0.18747944
2167,0.18749519
2168,0.18749519
2169,0.18749519
2170,0.18749519
2171,0.188
2172,0.188
2173,0.188
2174,0.188
2175,0.18800001
2176,0.18800001
2177,0.18800001
2178,0.18800001
2179,0.188
2180,0.188
2181,0.188
2182,0.188
2183,0.188
2184,0.188
2185,0.188
2186,0.188
2187,0.188
2188,0.188
2189,0.188
2190,0.188
2191,0.188
2192,0.188
2193,0.188
2194,0.188
2195,0.188
2196,0.188
2197,0.188
2198,0.188
2199,0.188
2200,0.18799998
2201,0.18799998
2202,0.18799998
2203,0.18799998
2204,0.188
2205,0.188
2206,0.188
2207,0.18752938
2208,0.18749617
2209,0.18762336
2210,0.18762335
2211,0.18762335
2212,0.187501
2213,0.18759
2214,0.18759
2215,0.18758999
2216,0.18758999
2217,0.18758999
2218,0.18799935
2219,0.18799935
2220,0.18799935
2221,0.187
2222,0.187
2223,0.187
2224,0.18799982
2225,0.18799982
2226,0.18799982
2227,0.18799982
2228,0.18799935
2229,0.18705503
2230,0.18705506
2231,0.18705506
2232,0.18705506
2233,0.18707005
2234,0.18707006
2235,0.18707012
2236,0.18707012
2237,0.18707012
2238,0.18707012
2239,0.18707012
2240,0.18745129
2241,0.18745129
2242,0.18745128
2243,0.18745128
2244,0.18745128
2245,0.18745128
2246,0.18745128
2247,0.18745129
2248,0.18745129
2249,0.18745129
2250,0.18745129
2251,0.18798821
2252,0.18745129
2253,0.18798792
2254,0.18690954
2255,0.18798779
2256,0.18798768
2257,0.18689009
2258,0.18686105
2259,0.18689015
2260,0.187
2261,0.187
2262,0.18676892
2263,0.187
2264,0.18747737
2265,0.18747737
2266,0.18747737
2267,0.186774
2268,0.186774
2269,0.186774
2270,0.186774
2271,0.186774
2272,0.186779
2273,0.18677401
2274,0.18747627
2275,0.18747627
2276,0.18747606
2277,0.18747606
2278,0.18747606
2279,0.186779
2280,0.18747572
2281,0.18747572
2282,0.18747572
2283,0.18747545
2284,0.18736877
2285,0.18736762
2286,0.18736762
2287,0.18736762
2288,0.18736762
2289,0.18736761
2290,0.18736761
2291,0.18736761
2292,0.18736761
2293,0.18736761
2294,0.18736761
2295,0.18736761
2296,0.18769959
2297,0.18769959
2298,0.18747615
2299,0.18747603
2300,0.18736762
2301,0.18799031
2302,0.1877596
2303,0.1877596
2304,0.1877596
2305,0.1877596
2306,0.1877596
2307,0.1877596
2308,0.18736762
2309,0.18731901
2310,0.18731901
2311,0.18731901
2312,0.18736148
2313,0.18736148
2314,0.18736761
2315,0.18736761
2316,0.18736761
2317,0.18736704
2318,0.18736704
2319,0.18736703
2320,0.18736703
2321,0.18711754
2322,0.18711754
2323,0.18711754
2324,0.18711768
2325,0.18711768
2326,0.18711768
2327,0.18711768
2328,0.18711768
2329,0.18711768
2330,0.18711768
2331,0.18711768
2332,0.18711801
2333,0.18711801
2334,0.18798823
2335,0.1879882
2336,0.1879882
2337,0.1879882
2338,0.18712335
2339,0.18712335
2340,0.18712335
2341,0.18712335
2342,0.18712335
2343,0.18712335
2344,0.18721017
2345,0.18721017
2346,0.18721043
2347,0.1876134
2348,0.18761341
2349,0.18761341
2350,0.18761341
2351,0.18761341
2352,0.1872361
2353,0.187987
2354,0.187987
2355,0.18738205
2356,0.18738205
2357,0.18738205
2358,0.18723611
2359,0.18723611
2360,0.18723611
2361,0.1872361
2362,0.18672905
2363,0.18672906
2364,0.18672906
2365,0.18672906
2366,0.18672906
2367,0.18672906
2368,0.18672906
2369,0.18672906
2370,0.18672906
2371,0.18787919
2372,0.18775036
2373,0.18775029
2374,0.18775029
2375,0.18846997
2376,0.18775026
2377,0.1884699
2378,0.1877504
2379,0.1877504
2380,0.18730454
2381,0.18730454
2382,0.18730454
2383,0.18714271
2384,0.1880598
2385,0.1880598
2386,0.1880598
2387,0.1880598
2388,0.1880598
2389,0.18762363
2390,0.18762354
2391,0.18762354
2392,0.18725206
2393,0.187252
2394,0.18678
2395,0.18678
2396,0.18678002
2397,0.18678003
2398,0.18678003
2399,0.18678003
2400,0.18662801
2401,0.1865
2402,0.18650002
2403,0.18650002
2404,0.18650002
2405,0.18646155
2406,0.18743332
2407,0.18743332
2408,0.18743332
2409,0.18649537
2410,0.18743292
2411,0.18649547
2412,0.18649547
2413,0.18649547
2414,0.18649575
2415,0.18649575
2416,0.18743268
2417,0.18743276
2418,0.18649614
2419,0.18743276
2420,0.18743276
2421,0.18743276
2422,0.18743276
2423,0.18743276
2424,0.18743276
2425,0.18743274
2426,0.18743274
2427,0.18743274
2428,0.18743274
2429,0.18743274
2430,0.1874326
2431,0.1874326
2432,0.18743272
2433,0.18743276
2434,0.18743276
2435,0.18743275
2436,0.18743276
2437,0.18743276
2438,0.18743276
2439,0.18743276
2440,0.18743275
2441,0.18743276
2442,0.18743276
2443,0.1874883
2444,0.1874883
2445,0.1874883
2446,0.1874883
2447,0.1874883
2448,0.18748831
2449,0.18748831
2450,0.1874883
2451,0.1874883
2452,0.1874883
2453,0.1874883
2454,0.18748834
2455,0.18817131
2456,0.18817127
2457,0.18817127
2458,0.18817127
2459,0.18817127
2460,0.18817127
2461,0.18817127
2462,0.18817102
2463,0.18748912
2464,0.18748912
2465,0.18748912
2466,0.18748945
2467,0.18749
2468,0.18749
2469,0.18817123
2470,0.18799
2471,0.18748985
2472,0.18748985
2473,0.18748985
2474,0.18748985
2475,0.18749954
2476,0.18749954
2477,0.18749954
2478,0.18798999
2479,0.18798999
2480,0.18798999
2481,0.18798999
2482,0.18798999
2483,0.18798998
2484,0.18798999
2485,0.18765407
2486,0.18765419
2487,0.18765419
2488,0.18765419
2489,0.18765419
2490,0.18765466
2491,0.1876547
2492,0.1876547
2493,0.1876547
2494,0.1876547
2495,0.18817105
2496,0.18817106
2497,0.18777777
2498,0.18777777
2499,0.18777777
2500,0.18817123
2501,0.18817127
2502,0.18817127
2503,0.18817127
2504,0.18799999
2505,0.18817127
2506,0.18817127
2507,0.18817127
2508,0.18817127
2509,0.188172
2510,0.188172
2511,0.18786628
2512,0.18786628
2513,0.18786628
2514,0.18786664
2515,0.188172
2516,0.188172
2517,0.188172
2518,0.18845943
2519,0.18845943
2520,0.18845948
2521,0.18845943
2522,0.18849999
2523,0.18849999
2524,0.188172
2525,0.188172
2526,0.18786791
2527,0.188172
2528,0.188172
2529,0.188172
2530,0.188172
2531,0.18817208
2532,0.18817208
2533,0.18817208
2534,0.18839076
2535,0.18839076
2536,0.18839076
2537,0.18839076
2538,0.18839064
2539,0.18839062
2540,0.18839062
2541,0.18839063
2542,0.18817299
2543,0.18817299
2544,0.18817299
2545,0.18792071
2546,0.18792071
2547,0.18792071
2548,0.18792071
2549,0.18765419
2550,0.18765419
2551,0.18765419
2552,0.18765419
2553,0.18839021
2554,0.18839005
2555,0.18829997
2556,0.18829997
2557,0.18829997
2558,0.18766186
2559,0.18829996
2560,0.18829996
2561,0.1883
2562,0.18783741
2563,0.18783741
2564,0.18783741
2565,0.18783741
2566,0.18783741
2567,0.18783741
2568,0.18839048
2569,0.18839048
2570,0.18839048
2571,0.18839047
2572,0.18839051
2573,0.18839061
2574,0.18839061
2575,0.18839047
2576,0.18839047
2577,0.18839047
2578,0.1883905
2579,0.1883905
2580,0.18839047
2581,0.18839047
2582,0.18879994
2583,0.18879998
2584,0.18839047
2585,0.18839047
2586,0.18839047
2587,0.18839047
2588,0.18839047
2589,0.18860877
2590,0.18839047
2591,0.18839047
2592,0.18860877
2593,0.18839047
2594,0.18839047
2595,0.18839047
2596,0.188
2597,0.18839044
2598,0.188
2599,0.188
2600,0.188
2601,0.188
2602,0.188
2603,0.188
2604,0.18839033
2605,0.188
2606,0.188
2607,0.188
2608,0.18839043
2609,0.18839015
2610,0.188
2611,0.188
2612,0.188
2613,0.188
2614,0.188
2615,0.18813
2616,0.18813
2617,0.188
2618,0.18813
2619,0.18813
2620,0.18813
2621,0.18827036
2622,0.18813
2623,0.18827036
2624,0.18827036
2625,0.18839017
2626,0.18839017
2627,0.18813
2628,0.18839047
2629,0.18839047
2630,0.18801001
2631,0.18801001
2632,0.18801001
2633,0.18839039
2634,0.18839039
2635,0.18800503
2636,0.188005
2637,0.188005
2638,0.188005
2639,0.188
2640,0.188
2641,0.18801
2642,0.188
2643,0.188
2644,0.188
2645,0.188
2646,0.188
2647,0.18813
2648,0.18813
2649,0.18813
2650,0.18813
2651,0.1880054
2652,0.1880054
2653,0.18800539
2654,0.18838925
2655,0.18800544
2656,0.18800544
2657,0.188
2658,0.18784012
2659,0.18751355
2660,0.18839008
2661,0.18839008
2662,0.18747295
2663,0.18747294
2664,0.18747294
2665,0.1873
2666,0.18700001
2667,0.18700004
2668,0.1873
2669,0.18799882
2670,0.18799879
2671,0.18767985
2672,0.187173
2673,0.187173
2674,0.187173
2675,0.18767986
2676,0.1873
2677,0.1873
2678,0.1873
2679,0.1870001
2680,0.18719
2681,0.18700008
2682,0.18700008
2683,0.18700013
2684,0.18719
2685,0.18700205
2686,0.18719
2687,0.18719
2688,0.18719001
2689,0.18719004
2690,0.18719004
2691,0.18767982
2692,0.18764897
2693,0.18764897
2694,0.18719022
2695,0.18719022
2696,0.187194
2697,0.18764882
2698,0.18764873
2699,0.18719404
2700,0.18764897
2701,0.18764897
2702,0.18719433
2703,0.18719457
2704,0.18719463
2705,0.18719463
2706,0.18719498
2707,0.18719498
2708,0.18719518
2709,0.18767986
2710,0.18767986
2711,0.18767986
2712,0.18719623
2713,0.18719633
2714,0.18719633
2715,0.18767986
2716,0.18719651
2717,0.18719651
2718,0.18719651
2719,0.18719719
2720,0.18719719
2721,0.18767986
2722,0.18786715
2723,0.18767986
2724,0.18767986
2725,0.18767986
2726,0.18767987
2727,0.18767988
2728,0.18767988
2729,0.18767986
2730,0.18767986
2731,0.18767986
2732,0.18767986
2733,0.18767986
2734,0.18767986
2735,0.18767986
2736,0.18786715
2737,0.18786715
2738,0.18786715
2739,0.18786715
2740,0.18786715
2741,0.18720014
2742,0.1873
2743,0.1873
2744,0.1873
2745,0.1873
2746,0.1873
2747,0.1873
2748,0.18720107
2749,0.18786658
2750,0.18786658
2751,0.18786658
2752,0.18786658
2753,0.1873002
2754,0.1873002
2755,0.1873002
2756,0.1873002
2757,0.1873002
2758,0.1876144
2759,0.1876144
2760,0.1876144
2761,0.18786715
2762,0.18786715
2763,0.18786715
2764,0.18766401
2765,0.18766401
2766,0.18786715
2767,0.18786715
2768,0.18786715
2769,0.187674
2770,0.18767404
2771,0.18767404
2772,0.18767404
2773,0.18767901
2774,0.18767901
2775,0.18767901
2776,0.18774081
2777,0.18816628
2778,0.18839043
2779,0.18839043
2780,0.18839043
2781,0.18839043
2782,0.18839043
2783,0.18839043
2784,0.18839043
2785,0.18839043
2786,0.18839043
2787,0.18770004
2788,0.18770004
2789,0.18770004
2790,0.18770004
2791,0.18770127
2792,0.18770127
2793,0.18799996
2794,0.18799996
2795,0.18799996
2796,0.18799996
2797,0.18799996
2798,0.18799996
2799,0.18772021
2800,0.188
2801,0.18775014
2802,0.18775014
2803,0.18775014
2804,0.18799999
2805,0.188
2806,0.18799999
2807,0.18831986
2808,0.18800009
2809,0.18800009
2810,0.18800009
2811,0.18800009
2812,0.18820895
2813,0.18820895
2814,0.18820895
2815,0.18820895
2816,0.18799999
2817,0.18799999
2818,0.18799999
2819,0.18771025
2820,0.18771025
2821,0.18771025
2822,0.18799996
2823,0.18799996
2824,0.18799996
2825,0.18799996
2826,0.18780028
2827,0.18780028
2828,0.18780028
2829,0.18780028
2830,0.18799993
2831,0.18799992
2832,0.18799992
2833,0.18799992
2834,0.18799992
2835,0.18799992
2836,0.18799992
2837,0.18780127
2838,0.18780127
2839,0.18780127
2840,0.18780127
2841,0.18780127
2842,0.18780127
2843,0.18780127
2844,0.18780127
2845,0.18780127
2846,0.18799974
2847,0.18799974
2848,0.18780001
2849,0.18780001
2850,0.18780001
2851,0.18770994
2852,0.18780002
2853,0.18780002
2854,0.18770994
2855,0.18770994
2856,0.18770994
2857,0.18770994
2858,0.18770994
2859,0.18770994
2860,0.18730227
2861,0.18730227
2862,0.18730227
2863,0.18730227
2864,0.18730284
2865,0.18730284
2866,0.18770993
2867,0.18770994
2868,0.18770994
2869,0.18770994
2870,0.18770995
2871,0.18770995
2872,0.18770994
2873,0.18770995
2874,0.18770995
2875,0.18770995
2876,0.18770995
2877,0.18770995
2878,0.18770993
2879,0.18770993
2880,0.18770993
2881,0.18730473
2882,0.18730491
2883,0.18730503
2884,0.18770799
2885,0.18770799
2886,0.187708
2887,0.187708
2888,0.18770799
2889,0.18770799
2890,0.187708
2891,0.18770799
2892,0.187708
2893,0.187708
2894,0.18770799
2895,0.187708
2896,0.18770995
2897,0.18770995
2898,0.18770995
2899,0.18770995
2900,0.18770995
2901,0.18770799
2902,0.18770799
2903,0.18799601
2904,0.18770799
2905,0.18770799
2906,0.18799569
2907,0.18799548
2908,0.18799548
2909,0.18799548
2910,0.18799548
2911,0.18770797
2912,0.18770797
2913,0.18770797
2914,0.18770797
2915,0.18770797
2916,0.18770797
2917,0.18770797
2918,0.18770797
2919,0.18761251
2920,0.18750039
2921,0.18730003
2922,0.18730006
2923,0.1873001
2924,0.18730015
2925,0.1872
2926,0.1872
2927,0.1872
2928,0.18720011
2929,0.18720011
2930,0.18720011
2931,0.1872
2932,0.18730002
2933,0.18713146
2934,0.18713146
2935,0.18720015
2936,0.18720015
2937,0.18720015
2938,0.18720015
2939,0.18720015
2940,0.18720015
2941,0.18720015
2942,0.18720015
2943,0.18720015
2944,0.18710806
2945,0.18710807
2946,0.18710807
2947,0.18710807
2948,0.18710807
2949,0.187
2950,0.18700002
2951,0.18700002
2952,0.18700001
2953,0.187
2954,0.18700001
2955,0.18700001
2956,0.18700001
2957,0.18700001
2958,0.18700001
2959,0.18700002
2960,0.18700001
2961,0.18700002
2962,0.18700001
2963,0.18700001
2964,0.18700002
2965,0.18700001
2966,0.18700002
2967,0.18700002
2968,0.187
2969,0.187
2970,0.18700001
2971,0.187
2972,0.18700001
2973,0.18700001
2974,0.187
2975,0.187
2976,0.18700001
2977,0.18700001
2978,0.18700001
2979,0.187
2980,0.18700001
2981,0.187
2982,0.187
2983,0.18700001
2984,0.18694026
2985,0.18694029
2986,0.186919
2987,0.1869
2988,0.18694024
2989,0.1869
2990,0.1869
2991,0.1869
2992,0.1869
2993,0.1869
2994,0.1869
2995,0.1869
2996,0.1869
2997,0.1869
2998,0.1869
2999,0.1864199
3000,0.1864199
3001,0.18637643
3002,0.18637643
3003,0.18637643
3004,0.18637643
3005,0.18637643
3006,0.18641993
3007,0.18689915
3008,0.18689915
3009,0.18689887
3010,0.18689887
3011,0.18689887
3012,0.18689851
3013,0.18689851
3014,0.18689851
3015,0.18689851
3016,0.18637643
3017,0.18637643
3018,0.18637643
3019,0.18689753
3020,0.18637643
3021,0.18637639
3022,0.18637636
3023,0.18637261
3024,0.18637599
3025,0.18637261
3026,0.18637588
3027,0.18637261
3028,0.18637578
3029,0.18637261
3030,0.18626494
3031,0.18637258
3032,0.1861
3033,0.18603812
3034,0.18603812
3035,0.18603811
3036,0.18603811
3037,0.1861965
3038,0.18637205
3039,0.18637202
3040,0.18637198
3041,0.18637197
3042,0.18637189
3043,0.186376
3044,0.1861965
3045,0.1861965
3046,0.1861965
3047,0.1861965
3048,0.1861965
3049,0.1861965
3050,0.1861965
3051,0.1861965
3052,0.18619649
3053,0.18619649
3054,0.18619649
3055,0.18619649
3056,0.18619649
3057,0.18610995
3058,0.18603012
3059,0.18601
3060,0.18601
3061,0.18601
3062,0.18601
3063,0.18601
3064,0.18601
3065,0.18601
3066,0.18601
3067,0.18601
3068,0.18595
3069,0.18595
3070,0.18600991
3071,0.1859491
3072,0.1859491
3073,0.1859491
3074,0.18584968
3075,0.18582698
3076,0.185823
3077,0.186
3078,0.186
3079,0.186
3080,0.18600582
3081,0.18582301
3082,0.18582301
3083,0.18582301
3084,0.18615188
3085,0.18615188
3086,0.18615188
3087,0.18615188
3088,0.18615226
3089,0.18582333
3090,0.18582301
3091,0.18582333
3092,0.18615227
3093,0.18615227
3094,0.18600999
3095,0.18615227
3096,0.18601
3097,0.18601
3098,0.18600999
3099,0.18600999
3100,0.18600999
3101,0.18600999
3102,0.18600999
3103,0.18600999
3104,0.18594621
3105,0.18594621
3106,0.18589501
3107,0.18594621
3108,0.18601
3109,0.18601
3110,0.186
3111,0.18600001
3112,0.18601
3113,0.18601
3114,0.18601
3115,0.1861
3116,0.18601
3117,0.18601
3118,0.18601
3119,0.1861965
3120,0.18601
3121,0.18601
3122,0.1861965
3123,0.1861965
3124,0.1861965
3125,0.18636659
3126,0.18636659
3127,0.18636659
3128,0.18636659
3129,0.18636659
3130,0.18636659
3131,0.18667994
3132,0.18667994
3133,0.18667994
3134,0.18667994
3135,0.18667957
3136,0.18686606
3137,0.18689957
3138,0.18689957
3139,0.18689957
3140,0.18689957
3141,0.18689957
3142,0.18689957
3143,0.18689957
3144,0.18655016
3145,0.18655016
3146,0.18655016
3147,0.1867
3148,0.1867
3149,0.1867
3150,0.1867
3151,0.1867
3152,0.1867
3153,0.1867
3154,0.1867
3155,0.1867
3156,0.1867
3157,0.1867
3158,0.1867
3159,0.1867
3160,0.1867
3161,0.1867
3162,0.1867
3163,0.1867
3164,0.18660367
3165,0.1867
3166,0.1867
3167,0.1867
3168,0.1867
3169,0.18667957
3170,0.18667957
3171,0.18693996
3172,0.18693997
3173,0.18693997
3174,0.18693997
3175,0.18693999
3176,0.18693999
3177,0.18693999
3178,0.18699999
3179,0.187
3180,0.187
3181,0.18738251
3182,0.18738251
3183,0.18738251
3184,0.18733452
3185,0.18733452
3186,0.18733446
3187,0.18733434
3188,0.18733434
3189,0.18733434
3190,0.18733434
3191,0.18733434
3192,0.18694012
3193,0.18733399
3194,0.18733394
3195,0.18694013
3196,0.18694013
3197,0.18694013
3198,0.18694022
3199,0.18673472
3200,0.18673472
3201,0.18738251
3202,0.18738251
3203,0.18667978
3204,0.18668503
3205,0.18668503
3206,0.18680006
3207,0.18680006
3208,0.1868004
3209,0.1868004
3210,0.1868004
3211,0.1868004
3212,0.18680079
3213,0.18680093
3214,0.18680093
3215,0.18680112
3216,0.18680127
3217,0.18680136
3218,0.18680142
3219,0.18680142
3220,0.18680142
3221,0.18680142
3222,0.18680142
3223,0.18681202
3224,0.18681202
3225,0.18681202
3226,0.18738218
3227,0.18738218
3228,0.18738218
3229,0.18738218
3230,0.18738218
3231,0.18738218
3232,0.18738218
3233,0.18685275
3234,0.18685284
3235,0.18738251
3236,0.18738251
3237,0.18738253
3238,0.18738253
3239,0.18738253
3240,0.18738253
3241,0.18738254
3242,0.18745547
3243,0.18745547
3244,0.18738254
3245,0.18738253
3246,0.18745547
3247,0.18738253
3248,0.18738253
3249,0.18738253
3250,0.18738253
3251,0.18738253
3252,0.18738254
3253,0.18738253
3254,0.18727661
3255,0.18727661
3256,0.18644201
3257,0.18644201
3258,0.18644201
3259,0.18644201
3260,0.18644201
3261,0.18644201
3262,0.18644201
3263,0.18644201
3264,0.18644201
3265,0.18644201
3266,0.18696501
3267,0.18696501
3268,0.18698004
3269,0.18698004
3270,0.187
3271,0.187
3272,0.18754001
3273,0.18754001
3274,0.18754004
3275,0.18754004
3276,0.18754
3277,0.18754
3278,0.18755
3279,0.18754009
3280,0.18754009
3281,0.18754019
3282,0.18754561
3283,0.18754561
3284,0.18754561
3285,0.18754566
3286,0.18754566
3287,0.1877
3288,0.1877
3289,0.1877
3290,0.1877
3291,0.1877
3292,0.1877
3293,0.1877
3294,0.18770011
3295,0.18770011
3296,0.18770011
3297,0.18770011
3298,0.18782372
3299,0.18782372
3300,0.18775
3301,0.18775
3302,0.18793991
3303,0.18793991
3304,0.18775
3305,0.18775
3306,0.18775
3307,0.18793967
3308,0.18770041
3309,0.18793963
3310,0.1879397
3311,0.1879397
3312,0.1879397
3313,0.1879397
3314,0.18770042
3315,0.18799999
3316,0.18795
3317,0.18795
3318,0.18770042
3319,0.18770041
3320,0.18770041
3321,0.18782168
3322,0.18770042
3323,0.18770042
3324,0.18770042
3325,0.18782149
3326,0.18770041
3327,0.18770041
3328,0.18770041
3329,0.18770041
3330,0.18770041
3331,0.18770041
3332,0.18770041
3333,0.18770039
3334,0.18770001
3335,0.18770038
3336,0.18770038
3337,0.18770041
3338,0.18770039
3339,0.18770039
3340,0.1877
3341,0.18770001
3342,0.18770001
3343,0.18770001
3344,0.18770001
3345,0.18770001
3346,0.18770001
3347,0.18769983
3348,0.18769983
3349,0.18734794
3350,0.18734794
3351,0.18734794
3352,0.18734777
3353,0.18711793
3354,0.18711793
3355,0.18711793
3356,0.18711793
3357,0.18694059
3358,0.18694059
3359,0.18694048
3360,0.18694055
3361,0.18694055
3362,0.18694057
3363,0.18694057
3364,0.18694057
3365,0.18694057
3366,0.18694062
3367,0.18694062
3368,0.18694067
3369,0.18694067
3370,0.18716463
3371,0.18716463
3372,0.18716464
3373,0.18716464
3374,0.18716464
3375,0.18734781
3376,0.18734781
3377,0.18734782
3378,0.18734782
3379,0.18734782
3380,0.18734782
3381,0.18734782
3382,0.18769935
3383,0.18769935
3384,0.18734782
3385,0.18734751
3386,0.18734751
3387,0.18734751
3388,0.18734751
3389,0.18734751
3390,0.18734751
3391,0.18734751
3392,0.18769933
3393,0.18694054
3394,0.18694054
3395,0.18694054
3396,0.18694054
3397,0.18694054
3398,0.18694054
3399,0.18694054
3400,0.18694054
3401,0.18694054
3402,0.18694054
3403,0.18694054
3404,0.18694054
3405,0.18694054
3406,0.18694054
3407,0.18694054
3408,0.18694054
3409,0.18694044
3410,0.18694044
3411,0.18694045
3412,0.18694045
3413,0.18694045
3414,0.18694045
3415,0.18694045
3416,0.18694045
3417,0.18694045
3418,0.18769561
3419,0.18769561
3420,0.18769561
3421,0.18769529
3422,0.18769529
3423,0.18769529
3424,0.18694048
3425,0.18694048
3426,0.18694048
3427,0.18694043
3428,0.18694032
3429,0.18694032
3430,0.18694032
3431,0.18694032
3432,0.18694032
3433,0.18694032
3434,0.18694032
3435,0.18694032
3436,0.18694032
3437,0.18734256
3438,0.18734256
3439,0.18734235
3440,0.1868533
3441,0.1868533
3442,0.1868533
3443,0.1868533
3444,0.1868533
3445,0.1868
3446,0.1868
3447,0.1868
3448,0.1868
3449,0.1868
3450,0.18681
3451,0.18681
3452,0.18681
3453,0.18681
3454,0.18681003
3455,0.18681003
3456,0.18681003
3457,0.18681003
3458,0.18709544
3459,0.18709544
3460,0.18709544
3461,0.18709544
3462,0.18681506
3463,0.18681506
3464,0.18709539
3465,0.18709539
3466,0.18709539
3467,0.18709539
3468,0.18709539
3469,0.18709539
3470,0.18709539
3471,0.18709539
3472,0.18680532
3473,0.18680532
3474,0.18680532
3475,0.18680532
3476,0.18680532
3477,0.18680532
3478,0.18680532
3479,0.18680532
3480,0.18680532
3481,0.18680532
3482,0.18680532
3483,0.18680532
3484,0.18680532
3485,0.18680532
3486,0.18680532
3487,0.18680532
3488,0.1868554
3489,0.18680532
3490,0.18680532
3491,0.18680532
3492,0.18680532
3493,0.18680532
3494,0.18680532
3495,0.18680532
3496,0.18691765
3497,0.18691765
3498,0.18691765
3499,0.18733507
3500,0.18733507
3501,0.18733507
3502,0.18733507
3503,0.18680538
3504,0.18680538
3505,0.18680538
3506,0.18680538
3507,0.18733405
3508,0.18680532
3509,0.18680532
3510,0.18680532
3511,0.18680532
3512,0.18680532
3513,0.18733338
3514,0.18733337
3515,0.18733337
3516,0.18733336
3517,0.18680535
3518,0.18680535
3519,0.1868
3520,0.1868
3521,0.1868
3522,0.18664621
3523,0.18664621
3524,0.18664621
3525,0.18664621
3526,0.18664622
3527,0.18664622
3528,0.18664622
3529,0.18664622
3530,0.18664622
3531,0.18664622
3532,0.18679966
3533,0.18679955
3534,0.18679955
3535,0.18679955
3536,0.18679955
3537,0.18679955
3538,0.18679955
3539,0.18679955
3540,0.18679955
3541,0.18679955
3542,0.18679955
3543,0.18679955
3544,0.18679955
3545,0.18679955
3546,0.18679955
3547,0.18679955
3548,0.18678993
3549,0.18690535
3550,0.18690535
3551,0.18690535
3552,0.18728
3553,0.18728
3554,0.18728
3555,0.18728
3556,0.18690535
3557,0.18690535
3558,0.1872797
3559,0.187279
3560,0.187279
3561,0.187279
3562,0.187279
3563,0.187279
3564,0.18706925
3565,0.1866463
3566,0.1866463
3567,0.1866463
3568,0.18664657
3569,0.18664657
3570,0.18664657
3571,0.18727959
3572,0.18664668
3573,0.18664668
3574,0.18664668
3575,0.18664668
3576,0.18664668
3577,0.18664643
3578,0.18664643
3579,0.18664643
3580,0.18664643
3581,0.18699995
3582,0.18699994
3583,0.18699994
3584,0.18699994
3585,0.18699994
3586,0.18699994
3587,0.18699994
3588,0.18699994
3589,0.18699993
3590,0.18699993
3591,0.18699993
3592,0.18699993
3593,0.18699993
3594,0.18699993
3595,0.18699993
3596,0.18699993
3597,0.18699993
3598,0.18699993
3599,0.18699993
3600,0.18699999
3601,0.18699999
3602,0.18699999
3603,0.18699999
3604,0.18699999
3605,0.18699999
3606,0.18699999
3607,0.18699999
3608,0.18699999
3609,0.18699999
3610,0.18699999
3611,0.18699999
3612,0.18699999
3613,0.18699999
3614,0.18699999
3615,0.18699999
3616,0.18699985
3617,0.18699985
3618,0.18699985
3619,0.18687501
3620,0.18687501
3621,0.18688703
3622,0.18688703
3623,0.18725
3624,0.18725
3625,0.18725
3626,0.18725
3627,0.187005
3628,0.187005
3629,0.18700501
3630,0.18701501
3631,0.18701501
3632,0.18701501
3633,0.18701501
3634,0.18705
3635,0.18705
3636,0.18705
3637,0.18724998
3638,0.18724999
3639,0.18724999
3640,0.18724999
3641,0.18724999
3642,0.18724999
3643,0.18724999
3644,0.18724999
3645,0.18724999
3646,0.18724999
3647,0.18724999
3648,0.18724999
3649,0.18724999
3650,0.187245
3651,0.18724993
3652,0.18724993
3653,0.18700501
3654,0.187005
3655,0.187005
3656,0.187005
3657,0.187005
3658,0.187005
3659,0.187005
3660,0.187005
3661,0.18700474
3662,0.18700474
3663,0.18700474
3664,0.187
3665,0.18700501
3666,0.18700501
3667,0.18700501
3668,0.187005
3669,0.187005
3670,0.187005
3671,0.18700501
3672,0.18700501
3673,0.1870051
3674,0.1870051
3675,0.1870051
3676,0.1870051
3677,0.1870051
3678,0.1870051
3679,0.1870051
3680,0.18700547
3681,0.18700547
3682,0.187
3683,0.187
3684,0.187
3685,0.187
3686,0.187
3687,0.187
3688,0.187
3689,0.187
3690,0.187
3691,0.187
3692,0.18700508
3693,0.18700508
3694,0.187
3695,0.187
3696,0.187
3697,0.187
3698,0.187
3699,0.187
3700,0.187
3701,0.187
3702,0.18660984
3703,0.18700002
3704,0.18665402
3705,0.18665402
3706,0.18679233
3707,0.18679233
3708,0.18679233
3709,0.1866023
3710,0.1866023
3711,0.1866023
3712,0.1866023
3713,0.1866023
3714,0.1866023
3715,0.1866023
3716,0.18650089
3717,0.18650089
3718,0.18650089
3719,0.18650089
3720,0.18650089
3721,0.18650089
3722,0.18650106
3723,0.18650106
3724,0.18650106
3725,0.18700897
3726,0.18650109
3727,0.18733193
3728,0.18651
3729,0.18651
3730,0.18650999
3731,0.18650999
3732,0.18650999
3733,0.18650999
3734,0.18650296
3735,0.18650296
3736,0.18650296
3737,0.18650296
3738,0.18650296
3739,0.18650296
3740,0.18733001
3741,0.18733001
3742,0.18733001
3743,0.18650297
3744,0.18651
3745,0.18651
3746,0.18650087
3747,0.18650087
3748,0.18650087
3749,0.18650087
3750,0.18650601
3751,0.18650601
3752,0.18650601
3753,0.18654101
3754,0.18652103
3755,0.187321
3756,0.187321
3757,0.18652102
3758,0.18652102
3759,0.18652102
3760,0.18652101
3761,0.186999
3762,0.18669701
3763,0.18671201
3764,0.18671701
3765,0.18670202
3766,0.18731947
3767,0.18654336
3768,0.18654337
3769,0.18654337
3770,0.18654337
3771,0.18654804
3772,0.18654804
3773,0.18654808
3774,0.18654808
3775,0.18657305
3776,0.18657801
3777,0.186593
3778,0.18729875
3779,0.18729875
3780,0.18729875
3781,0.18729875
3782,0.18660803
3783,0.18661801
3784,0.18661801
3785,0.18650087
3786,0.18650087
3787,0.18650087
3788,0.18650087
3789,0.186521
3790,0.18652101
3791,0.18652101
3792,0.18652101
3793,0.18652601
3794,0.18652601
3795,0.18652602
3796,0.18652602
3797,0.18652601
3798,0.1866
3799,0.1866
3800,0.1866
3801,0.1866
3802,0.1866
3803,0.1866
3804,0.1866
3805,0.18652602
3806,0.18652602
3807,0.18652602
3808,0.18652602
3809,0.18652602
3810,0.18652602
3811,0.18652602
3812,0.18652602
3813,0.18652606
3814,0.18652606
3815,0.186541
3816,0.186541
3817,0.18650087
3818,0.18650087
3819,0.18608
3820,0.18608503
3821,0.18620003
3822,0.18611001
3823,0.18611001
3824,0.18611001
3825,0.18611001
3826,0.18611001
3827,0.18611001
3828,0.18678253
3829,0.186165
3830,0.186165
3831,0.186165
3832,0.186165
3833,0.186165
3834,0.18678208
3835,0.18678208
3836,0.186605
3837,0.18678208
3838,0.186787
3839,0.186807
3840,0.186807
3841,0.186807
3842,0.186807
3843,0.18712006
3844,0.18712006
3845,0.18712006
3846,0.18712006
3847,0.18684701
3848,0.18684701
3849,0.186862
3850,0.186862
3851,0.186862
3852,0.18688201
3853,0.18688202
3854,0.18688202
3855,0.18687707
3856,0.18689999
3857,0.18689999
3858,0.18689999
3859,0.18688356
3860,0.18678208
3861,0.18688853
3862,0.18688852
3863,0.186605
3864,0.186605
3865,0.1868882
3866,0.1868882
3867,0.18660503
3868,0.18660503
3869,0.1866052
3870,0.1866052
3871,0.1866052
3872,0.1866052
3873,0.1866052
3874,0.18670003
3875,0.18670007
3876,0.1869
3877,0.1869
3878,0.1868883
3879,0.1868883
3880,0.1868883
3881,0.1868883
3882,0.18688854
3883,0.18688872
3884,0.18688873
3885,0.18688873
3886,0.18688873
3887,0.18688873
3888,0.18688873
3889,0.18712007
3890,0.18729865
3891,0.18729865
3892,0.18729865
3893,0.18729865
3894,0.18728999
3895,0.18698274
3896,0.18729
3897,0.18728999
3898,0.18728997
3899,0.18728997
3900,0.18698242
3901,0.18698242
3902,0.18698246
3903,0.18698246
3904,0.18698246
3905,0.18698246
3906,0.18698246
3907,0.18698246
3908,0.1869826
3909,0.1869826
3910,0.1869826
3911,0.18698261
3912,0.18698261
3913,0.18698261
3914,0.18698301
3915,0.18698301
3916,0.18698301
3917,0.18698301
3918,0.18698301
3919,0.18698301
3920,0.18729846
3921,0.18729846
3922,0.18729846
3923,0.18729846
3924,0.18729846
3925,0.18729846
3926,0.18729846
3927,0.18729846
3928,0.18729846
3929,0.18729846
3930,0.18729843
3931,0.18729843
3932,0.18729843
3933,0.18729843
3934,0.18729844
3935,0.18729844
3936,0.18729844
3937,0.18729844
3938,0.18729844
3939,0.18698252
3940,0.18698252
3941,0.18698252
3942,0.18698255
3943,0.18698255
3944,0.18698255
3945,0.18698255
3946,0.18698255
3947,0.18729846
3948,0.18698246
3949,0.18698246
3950,0.18698246
3951,0.18698246
3952,0.18698246
3953,0.18698246
3954,0.18698246
3955,0.18698246
3956,0.18698246
3957,0.18698246
3958,0.18698245
3959,0.18698245
3960,0.18698245
3961,0.18698245
3962,0.18698245
3963,0.18690081
3964,0.18690081
3965,0.18690081
3966,0.18690093
3967,0.18690093
3968,0.18690093
3969,0.18690093
3970,0.18690093
3971,0.18691998
3972,0.18691095
3973,0.18691999
3974,0.18691999
3975,0.18691999
3976,0.18692
3977,0.18692
3978,0.18692
3979,0.18698245
3980,0.18698246
3981,0.18729782
3982,0.18729782
3983,0.18729782
3984,0.1872978
3985,0.18729865
3986,0.18729865
3987,0.18729865
3988,0.18729866
3989,0.18729866
3990,0.18729866
3991,0.18729866
3992,0.18698284
3993,0.18698284
3994,0.18698284
3995,0.18698284
3996,0.18698314
3997,0.18698314
3998,0.18729828
3999,0.18729828
4000,0.18729828
4001,0.18729828
4002,0.18729828
4003,0.18720865
4004,0.18720865
4005,0.18720865
4006,0.18698374
4007,0.18698374
4008,0.18698374
4009,0.1869838
4010,0.1869838
4011,0.1869838
4012,0.1869838
4013,0.1869838
4014,0.1869838
4015,0.1869
4016,0.1869
4017,0.1869
4018,0.1869
4019,0.18690003
4020,0.18690003
4021,0.18690003
4022,0.18690003
4023,0.18690003
4024,0.18690003
4025,0.18690003
4026,0.18690003
4027,0.1869838
4028,0.1869838
4029,0.1869838
4030,0.1872
4031,0.1872
4032,0.1869838
4033,0.18670003
4034,0.1867
4035,0.1867
4036,0.18670005
4037,0.18698
4038,0.1867
4039,0.1867
4040,0.1867
4041,0.18697998
4042,0.1867
4043,0.1867
4044,0.1867
4045,0.1869838
4046,0.1869838
4047,0.1869838
4048,0.18719
4049,0.18719
4050,0.18719
4051,0.1869838
4052,0.1869838
4053,0.1869838
4054,0.1869838
4055,0.1869838
4056,0.1869838
4057,0.1869838
4058,0.1867
4059,0.1867
4060,0.1867
4061,0.1867
4062,0.1867
4063,0.1867
4064,0.1867
4065,0.1867
4066,0.1867
4067,0.1867
4068,0.1867
4069,0.1867
4070,0.1867
4071,0.1867
4072,0.18708975
4073,0.18708975
4074,0.18708975
4075,0.18708975
4076,0.18708975
4077,0.18708975
4078,0.18708975
4079,0.18708975
4080,0.18670003
4081,0.18670003
4082,0.18670003
4083,0.18669994
4084,0.18669985
4085,0.18629871
4086,0.18629871
4087,0.18629871
4088,0.18659967
4089,0.18659967
4090,0.18659975
4091,0.1865
4092,0.1865
4093,0.18670003
4094,0.18670003
4095,0.18670003
4096,0.18670003
4097,0.1867
4098,0.1867
4099,0.18670002
4100,0.18670002
4101,0.18670002
4102,0.1867
4103,0.1867
4104,0.1867
4105,0.1867
4106,0.1867
4107,0.1867
4108,0.18669991
4109,0.18669991
4110,0.18669991
4111,0.18669991
4112,0.18669991
4113,0.18669991
4114,0.18669991
4115,0.18669991
4116,0.18669991
4117,0.18629874
4118,0.18669897
4119,0.18669897
4120,0.18669897
4121,0.18669897
4122,0.18669897
4123,0.18669897
4124,0.18629879
4125,0.18669861
4126,0.186299
4127,0.186299
4128,0.186299
4129,0.18669944
4130,0.18669944
4131,0.18669944
4132,0.1867
4133,0.1867
4134,0.1867
4135,0.18650733
4136,0.18650733
4137,0.1867
4138,0.1867
4139,0.18669945
4140,0.18669945
4141,0.18669945
4142,0.18669944
4143,0.1867
4144,0.1867
4145,0.18669986
4146,0.18669986
4147,0.1867
4148,0.1867
4149,0.1867
4150,0.1867
4151,0.1867
4152,0.18670001
4153,0.18670002
4154,0.18670002
4155,0.18670002
4156,0.18670002
4157,0.18670002
4158,0.18670003
4159,0.18670003
4160,0.18670003
4161,0.18670003
4162,0.18670003
4163,0.18670003
4164,0.18670003
4165,0.18670003
4166,0.18670003
4167,0.18670003
4168,0.18670003
4169,0.18670003
4170,0.18670003
4171,0.18670003
4172,0.18670003
4173,0.18670003
4174,0.18670003
4175,0.18669945
4176,0.18669945
4177,0.18669945
4178,0.18669945
4179,0.18669945
4180,0.18694981
4181,0.18669945
4182,0.18669945
4183,0.18669945
4184,0.18669896
4185,0.18669896
4186,0.18669896
4187,0.18669896
4188,0.18669896
4189,0.18669896
4190,0.18669896
4191,0.18669896
4192,0.18669896
4193,0.18669896
4194,0.18650734
4195,0.186699
4196,0.186699
4197,0.186699
4198,0.18650734
4199,0.18629984
4200,0.1862999
4201,0.18629866
4202,0.18656582
4203,0.18656582
4204,0.18656582
4205,0.18629869
4206,0.1863
4207,0.18601001
4208,0.18639999
4209,0.18639999
4210,0.18639999
4211,0.18639999
4212,0.18639999
4213,0.18639999
4214,0.18639999
4215,0.18639999
4216,0.18639998
4217,0.18639998
4218,0.18639998
4219,0.18639998
4220,0.18639998
4221,0.18639998
4222,0.18629999
4223,0.18629999
4224,0.18629999
4225,0.18629999
4226,0.18629999
4227,0.18629999
4228,0.18629999
4229,0.18629999
4230,0.18602
4231,0.18639958
4232,0.18639958
4233,0.18639958
4234,0.1862
4235,0.1862
4236,0.1862
4237,0.18619999
4238,0.18619999
4239,0.18619999
4240,0.18619999
4241,0.18602012
4242,0.18602003
4243,0.18602007
4244,0.18602007
4245,0.18602007
4246,0.18602
4247,0.18602
4248,0.18602
4249,0.186
4250,0.186
4251,0.186
4252,0.186
4253,0.186
4254,0.186
4255,0.186
4256,0.186
4257,0.186
4258,0.186
4259,0.186
4260,0.186
4261,0.186
4262,0.18601995
4263,0.18601995
4264,0.18601995
4265,0.18601995
4266,0.18601995
4267,0.18601995
4268,0.18601995
4269,0.186
4270,0.18602011
4271,0.186
4272,0.18601995
4273,0.18619987
4274,0.18619987
4275,0.18601995
4276,0.18601995
4277,0.18601995
4278,0.18601995
4279,0.18601995
4280,0.18601995
4281,0.186
4282,0.186
4283,0.186
