0,3.311e-05
1,3.311e-05
2,3.311e-05
3,3.311e-05
4,3.311e-05
5,3.311e-05
6,3.311e-05
7,3.311e-05
8,3.311e-05
9,3.311e-05
10,3.311e-05
11,3.311e-05
12,3.311e-05
13,3.311e-05
14,3.311e-05
15,3.311e-05
16,3.311e-05
17,3.305e-05
18,3.305e-05
19,3.305e-05
20,3.305e-05
21,3.305e-05
22,3.305e-05
23,3.305e-05
24,3.305e-05
25,3.305e-05
26,3.305e-05
27,3.305e-05
28,3.305e-05
29,3.305e-05
30,3.305e-05
31,3.305e-05
32,3.305e-05
33,3.305e-05
34,3.305e-05
35,3.305e-05
36,3.302e-05
37,3.302e-05
38,3.302e-05
39,3.302e-05
40,3.302e-05
41,3.302e-05
42,3.302e-05
43,3.302e-05
44,3.302e-05
45,3.302e-05
46,3.302e-05
47,3.302e-05
48,3.302e-05
49,3.302e-05
50,3.302e-05
51,3.302e-05
52,3.302e-05
53,3.302e-05
54,3.302e-05
55,3.302e-05
56,3.302e-05
57,3.302e-05
58,3.302e-05
59,3.302e-05
60,3.302e-05
61,3.302e-05
62,3.302e-05
63,3.302e-05
64,3.302e-05
65,3.302e-05
66,3.302e-05
67,3.302e-05
68,3.302e-05
69,3.302e-05
70,3.302e-05
71,3.302e-05
72,3.302e-05
73,3.302e-05
74,3.302e-05
75,3.302e-05
76,3.302e-05
77,3.302e-05
78,3.302e-05
79,3.302e-05
80,3.302e-05
81,3.302e-05
82,3.302e-05
83,3.302e-05
84,3.302e-05
85,3.302e-05
86,3.302e-05
87,3.302e-05
88,3.302e-05
89,3.301e-05
90,3.301e-05
91,3.301e-05
92,3.301e-05
93,3.301e-05
94,3.301e-05
95,3.301e-05
96,3.301e-05
97,3.301e-05
98,3.301e-05
99,3.301e-05
100,3.301e-05
101,3.301e-05
102,3.301e-05
103,3.302e-05
104,3.302e-05
105,3.302e-05
106,3.302e-05
107,3.302e-05
108,3.302e-05
109,3.302e-05
110,3.302e-05
111,3.302e-05
112,3.301e-05
113,3.301e-05
114,3.301e-05
115,3.301e-05
116,3.301e-05
117,3.301e-05
118,3.301e-05
119,3.301e-05
120,3.301e-05
121,3.301e-05
122,3.301e-05
123,3.301e-05
124,3.301e-05
125,3.301e-05
126,3.301e-05
127,3.301e-05
128,3.301e-05
129,3.301e-05
130,3.301e-05
131,3.301e-05
132,3.301e-05
133,3.301e-05
134,3.301e-05
135,3.302e-05
136,3.302e-05
137,3.302e-05
138,3.302e-05
139,3.302e-05
140,3.302e-05
141,3.302e-05
142,3.302e-05
143,3.302e-05
144,3.302e-05
145,3.302e-05
146,3.302e-05
147,3.302e-05
148,3.302e-05
149,3.302e-05
150,3.302e-05
151,3.302e-05
152,3.302e-05
153,3.302e-05
154,3.302e-05
155,3.302e-05
156,3.301e-05
157,3.301e-05
158,3.301e-05
159,3.301e-05
160,3.301e-05
161,3.301e-05
162,3.301e-05
163,3.301e-05
164,3.301e-05
165,3.301e-05
166,3.301e-05
167,3.301e-05
168,3.301e-05
169,3.301e-05
170,3.301e-05
171,3.301e-05
172,3.301e-05
173,3.301e-05
174,3.301e-05
175,3.301e-05
176,3.301e-05
177,3.301e-05
178,3.301e-05
179,3.301e-05
180,3.301e-05
181,3.301e-05
182,3.301e-05
183,3.301e-05
184,3.301e-05
185,3.301e-05
186,3.301e-05
187,3.301e-05
188,3.301e-05
189,3.301e-05
190,3.301e-05
191,3.301e-05
192,3.301e-05
193,3.301e-05
194,3.301e-05
195,3.301e-05
196,3.301e-05
197,3.301e-05
198,3.301e-05
199,3.301e-05
200,3.301e-05
201,3.301e-05
202,3.301e-05
203,3.301e-05
204,3.301e-05
205,3.301e-05
206,3.301e-05
207,3.301e-05
208,3.301e-05
209,3.301e-05
210,3.301e-05
211,3.301e-05
212,3.301e-05
213,3.301e-05
214,3.301e-05
215,3.301e-05
216,3.301e-05
217,3.301e-05
218,3.301e-05
219,3.301e-05
220,3.305e-05
221,3.305e-05
222,3.305e-05
223,3.305e-05
224,3.305e-05
225,3.305e-05
226,3.305e-05
227,3.305e-05
228,3.305e-05
229,3.305e-05
230,3.305e-05
231,3.305e-05
232,3.305e-05
233,3.305e-05
234,3.305e-05
235,3.305e-05
236,3.301e-05
237,3.301e-05
238,3.301e-05
239,3.301e-05
240,3.3e-05
241,3.3e-05
242,3.3e-05
243,3.305e-05
244,3.305e-05
245,3.305e-05
246,3.305e-05
247,3.305e-05
248,3.305e-05
249,3.305e-05
250,3.305e-05
251,3.305e-05
252,3.3e-05
253,3.3e-05
254,3.3e-05
255,3.3e-05
256,3.3e-05
257,3.3e-05
258,3.3e-05
259,3.3e-05
260,3.3e-05
261,3.3e-05
262,3.3e-05
263,3.3e-05
264,3.3e-05
265,3.3e-05
266,3.3e-05
267,3.3e-05
268,3.3e-05
269,3.3e-05
270,3.3e-05
271,3.3e-05
272,3.3e-05
273,3.3e-05
274,3.3e-05
275,3.3e-05
276,3.3e-05
277,3.3e-05
278,3.3e-05
279,3.3e-05
280,3.3e-05
281,3.3e-05
282,3.3e-05
283,3.3e-05
284,3.305e-05
285,3.305e-05
286,3.305e-05
287,3.305e-05
288,3.305e-05
289,3.305e-05
290,3.305e-05
291,3.305e-05
292,3.305e-05
293,3.305e-05
294,3.305e-05
295,3.305e-05
296,3.305e-05
297,3.305e-05
298,3.3e-05
299,3.3e-05
300,3.3e-05
301,3.3e-05
302,3.3e-05
303,3.3e-05
304,3.3e-05
305,3.3e-05
306,3.3e-05
307,3.3e-05
308,3.3e-05
309,3.3e-05
310,3.3e-05
311,3.3e-05
312,3.3e-05
313,3.3e-05
314,3.3e-05
315,3.3e-05
316,3.3e-05
317,3.3e-05
318,3.3e-05
319,3.3e-05
320,3.3e-05
321,3.3e-05
322,3.3e-05
323,3.3e-05
324,3.3e-05
325,3.3e-05
326,3.3e-05
327,3.3e-05
328,3.3e-05
329,3.3e-05
330,3.3e-05
331,3.3e-05
332,3.3e-05
333,3.3e-05
334,3.3e-05
335,3.3e-05
336,3.3e-05
337,3.3e-05
338,3.3e-05
339,3.3e-05
340,3.3e-05
341,3.3e-05
342,3.3e-05
343,3.3e-05
344,3.3e-05
345,3.3e-05
346,3.3e-05
347,3.3e-05
348,3.3e-05
349,3.3e-05
350,3.3e-05
351,3.3e-05
352,3.3e-05
353,3.3e-05
354,3.3e-05
355,3.3e-05
356,3.3e-05
357,3.3e-05
358,3.3e-05
359,3.3e-05
360,3.3e-05
361,3.3e-05
362,3.3e-05
363,3.3e-05
364,3.3e-05
365,3.3e-05
366,3.3e-05
367,3.3e-05
368,3.305e-05
369,3.305e-05
370,3.305e-05
371,3.305e-05
372,3.305e-05
373,3.305e-05
374,3.305e-05
375,3.305e-05
376,3.305e-05
377,3.357e-05
378,3.357e-05
379,3.357e-05
380,3.357e-05
381,3.357e-05
382,3.357e-05
383,3.357e-05
384,3.357e-05
385,3.357e-05
386,3.357e-05
387,3.357e-05
388,3.357e-05
389,3.357e-05
390,3.357e-05
391,3.357e-05
392,3.357e-05
393,3.357e-05
394,3.357e-05
395,3.357e-05
396,3.357e-05
397,3.357e-05
398,3.357e-05
399,3.357e-05
400,3.357e-05
401,3.357e-05
402,3.357e-05
403,3.357e-05
404,3.357e-05
405,3.357e-05
406,3.357e-05
407,3.357e-05
408,3.357e-05
409,3.357e-05
410,3.357e-05
411,3.357e-05
412,3.357e-05
413,3.357e-05
414,3.357e-05
415,3.357e-05
416,3.357e-05
417,3.357e-05
418,3.357e-05
419,3.357e-05
420,3.357e-05
421,3.357e-05
422,3.357e-05
423,3.357e-05
424,3.357e-05
425,3.357e-05
426,3.357e-05
427,3.313e-05
428,3.313e-05
429,3.313e-05
430,3.313e-05
431,3.313e-05
432,3.313e-05
433,3.313e-05
434,3.313e-05
435,3.313e-05
436,3.313e-05
437,3.313e-05
438,3.313e-05
439,3.313e-05
440,3.313e-05
441,3.313e-05
442,3.313e-05
443,3.313e-05
444,3.358e-05
445,3.358e-05
446,3.358e-05
447,3.358e-05
448,3.358e-05
449,3.358e-05
450,3.358e-05
451,3.358e-05
452,3.358e-05
453,3.358e-05
454,3.309e-05
455,3.309e-05
456,3.309e-05
457,3.309e-05
458,3.309e-05
459,3.309e-05
460,3.309e-05
461,3.307e-05
462,3.307e-05
463,3.307e-05
464,3.307e-05
465,3.307e-05
466,3.307e-05
467,3.307e-05
468,3.307e-05
469,3.307e-05
470,3.307e-05
471,3.307e-05
472,3.307e-05
473,3.307e-05
474,3.307e-05
475,3.307e-05
476,3.355e-05
477,3.355e-05
478,3.355e-05
479,3.352e-05
480,3.352e-05
481,3.352e-05
482,3.352e-05
483,3.352e-05
484,3.352e-05
485,3.352e-05
486,3.305e-05
487,3.305e-05
488,3.305e-05
489,3.305e-05
490,3.305e-05
491,3.305e-05
492,3.305e-05
493,3.305e-05
494,3.305e-05
495,3.305e-05
496,3.305e-05
497,3.305e-05
498,3.305e-05
499,3.3e-05
500,3.3e-05
501,3.3e-05
502,3.298e-05
503,3.298e-05
504,3.298e-05
505,3.298e-05
506,3.298e-05
507,3.298e-05
508,3.298e-05
509,3.298e-05
510,3.298e-05
511,3.298e-05
512,3.298e-05
513,3.298e-05
514,3.298e-05
515,3.298e-05
516,3.3e-05
517,3.3e-05
518,3.3e-05
519,3.3e-05
520,3.3e-05
521,3.3e-05
522,3.3e-05
523,3.3e-05
524,3.3e-05
525,3.3e-05
526,3.3e-05
527,3.3e-05
528,3.3e-05
529,3.3e-05
530,3.3e-05
531,3.3e-05
532,3.3e-05
533,3.3e-05
534,3.3e-05
535,3.3e-05
536,3.3e-05
537,3.3e-05
538,3.361e-05
539,3.361e-05
540,3.361e-05
541,3.361e-05
542,3.361e-05
543,3.361e-05
544,3.361e-05
545,3.361e-05
546,3.362e-05
547,3.362e-05
548,3.362e-05
549,3.362e-05
550,3.362e-05
551,3.362e-05
552,3.362e-05
553,3.362e-05
554,3.362e-05
555,3.362e-05
556,3.362e-05
557,3.362e-05
558,3.362e-05
559,3.362e-05
560,3.362e-05
561,3.362e-05
562,3.362e-05
563,3.362e-05
564,3.379e-05
565,3.379e-05
566,3.379e-05
567,3.379e-05
568,3.379e-05
569,3.379e-05
570,3.379e-05
571,3.379e-05
572,3.379e-05
573,3.379e-05
574,3.379e-05
575,3.385e-05
576,3.385e-05
577,3.385e-05
578,3.385e-05
579,3.385e-05
580,3.385e-05
581,3.39e-05
582,3.39e-05
583,3.39e-05
584,3.39e-05
585,3.39e-05
586,3.39e-05
587,3.39e-05
588,3.39e-05
589,3.39e-05
590,3.398e-05
591,3.398e-05
592,3.398e-05
593,3.398e-05
594,3.398e-05
595,3.398e-05
596,3.398e-05
597,3.398e-05
598,3.398e-05
599,3.398e-05
600,3.398e-05
601,3.399e-05
602,3.399e-05
603,3.399e-05
604,3.399e-05
605,3.399e-05
606,3.399e-05
607,3.399e-05
608,3.399e-05
609,3.399e-05
610,3.399e-05
611,3.399e-05
612,3.399e-05
613,3.399e-05
614,3.399e-05
615,3.399e-05
616,3.399e-05
617,3.399e-05
618,3.399e-05
619,3.399e-05
620,3.399e-05
621,3.399e-05
622,3.399e-05
623,3.399e-05
624,3.399e-05
625,3.399e-05
626,3.399e-05
627,3.399e-05
628,3.399e-05
629,3.399e-05
630,3.399e-05
631,3.35e-05
632,3.392e-05
633,3.392e-05
634,3.392e-05
635,3.392e-05
636,3.399e-05
637,3.399e-05
638,3.399e-05
639,3.399e-05
640,3.399e-05
641,3.399e-05
642,3.399e-05
643,3.399e-05
644,3.399e-05
645,3.399e-05
646,3.399e-05
647,3.399e-05
648,3.399e-05
649,3.399e-05
650,3.399e-05
651,3.399e-05
652,3.399e-05
653,3.399e-05
654,3.399e-05
655,3.399e-05
656,3.399e-05
657,3.399e-05
658,3.399e-05
659,3.399e-05
660,3.399e-05
661,3.399e-05
662,3.399e-05
663,3.399e-05
664,3.399e-05
665,3.399e-05
666,3.399e-05
667,3.399e-05
668,3.399e-05
669,3.399e-05
670,3.399e-05
671,3.399e-05
672,3.399e-05
673,3.399e-05
674,3.399e-05
675,3.399e-05
676,3.399e-05
677,3.399e-05
678,3.399e-05
679,3.399e-05
680,3.382e-05
681,3.382e-05
682,3.382e-05
683,3.382e-05
684,3.382e-05
685,3.386e-05
686,3.386e-05
687,3.386e-05
688,3.386e-05
689,3.386e-05
690,3.386e-05
691,3.386e-05
692,3.386e-05
693,3.386e-05
694,3.386e-05
695,3.386e-05
696,3.298e-05
697,3.298e-05
698,3.298e-05
699,3.298e-05
700,3.298e-05
701,3.298e-05
702,3.298e-05
703,3.298e-05
704,3.298e-05
705,3.298e-05
706,3.298e-05
707,3.298e-05
708,3.298e-05
709,3.298e-05
710,3.298e-05
711,3.298e-05
712,3.298e-05
713,3.298e-05
714,3.298e-05
715,3.298e-05
716,3.298e-05
717,3.298e-05
718,3.298e-05
719,3.386e-05
720,3.386e-05
721,3.386e-05
722,3.386e-05
723,3.386e-05
724,3.386e-05
725,3.386e-05
726,3.373e-05
727,3.373e-05
728,3.373e-05
729,3.373e-05
730,3.373e-05
731,3.373e-05
732,3.373e-05
733,3.373e-05
734,3.373e-05
735,3.373e-05
736,3.373e-05
737,3.373e-05
738,3.373e-05
739,3.373e-05
740,3.377e-05
741,3.377e-05
742,3.377e-05
743,3.377e-05
744,3.394e-05
745,3.394e-05
746,3.394e-05
747,3.394e-05
748,3.394e-05
749,3.394e-05
750,3.394e-05
751,3.394e-05
752,3.394e-05
753,3.394e-05
754,3.394e-05
755,3.394e-05
756,3.394e-05
757,3.393e-05
758,3.393e-05
759,3.393e-05
760,3.385e-05
761,3.385e-05
762,3.385e-05
763,3.385e-05
764,3.385e-05
765,3.385e-05
766,3.385e-05
767,3.385e-05
768,3.385e-05
769,3.385e-05
770,3.385e-05
771,3.385e-05
772,3.385e-05
773,3.371e-05
774,3.371e-05
775,3.371e-05
776,3.371e-05
777,3.371e-05
778,3.371e-05
779,3.371e-05
780,3.371e-05
781,3.332e-05
782,3.332e-05
783,3.332e-05
784,3.332e-05
785,3.332e-05
786,3.332e-05
787,3.332e-05
788,3.332e-05
789,3.332e-05
790,3.332e-05
791,3.332e-05
792,3.332e-05
793,3.332e-05
794,3.332e-05
795,3.332e-05
796,3.332e-05
797,3.332e-05
798,3.332e-05
799,3.332e-05
800,3.332e-05
801,3.332e-05
802,3.332e-05
803,3.332e-05
804,3.332e-05
805,3.309e-05
806,3.309e-05
807,3.25e-05
808,3.249e-05
809,3.249e-05
810,3.249e-05
811,3.249e-05
812,3.249e-05
813,3.249e-05
814,3.249e-05
815,3.249e-05
816,3.249e-05
817,3.249e-05
818,3.249e-05
819,3.249e-05
820,3.249e-05
821,3.249e-05
822,3.25e-05
823,3.25e-05
824,3.309e-05
825,3.309e-05
826,3.309e-05
827,3.309e-05
828,3.309e-05
829,3.309e-05
830,3.309e-05
831,3.309e-05
832,3.309e-05
833,3.309e-05
834,3.311e-05
835,3.311e-05
836,3.311e-05
837,3.312e-05
838,3.312e-05
839,3.312e-05
840,3.315e-05
841,3.315e-05
842,3.315e-05
843,3.315e-05
844,3.315e-05
845,3.315e-05
846,3.315e-05
847,3.315e-05
848,3.315e-05
849,3.315e-05
850,3.309e-05
851,3.309e-05
852,3.309e-05
853,3.309e-05
854,3.309e-05
855,3.309e-05
856,3.309e-05
857,3.309e-05
858,3.309e-05
859,3.309e-05
860,3.309e-05
861,3.309e-05
862,3.309e-05
863,3.309e-05
864,3.309e-05
865,3.276e-05
866,3.276e-05
867,3.276e-05
868,3.276e-05
869,3.276e-05
870,3.276e-05
871,3.276e-05
872,3.277e-05
873,3.277e-05
874,3.277e-05
875,3.277e-05
876,3.277e-05
877,3.277e-05
878,3.277e-05
879,3.277e-05
880,3.277e-05
881,3.278e-05
882,3.232e-05
883,3.232e-05
884,3.232e-05
885,3.232e-05
886,3.232e-05
887,3.232e-05
888,3.232e-05
889,3.232e-05
890,3.315e-05
891,3.315e-05
892,3.315e-05
893,3.315e-05
894,3.315e-05
895,3.315e-05
896,3.315e-05
897,3.315e-05
898,3.315e-05
899,3.315e-05
900,3.315e-05
901,3.315e-05
902,3.315e-05
903,3.315e-05
904,3.276e-05
905,3.276e-05
906,3.315e-05
907,3.315e-05
908,3.315e-05
909,3.278e-05
910,3.278e-05
911,3.278e-05
912,3.278e-05
913,3.278e-05
914,3.279e-05
915,3.279e-05
916,3.279e-05
917,3.279e-05
918,3.279e-05
919,3.279e-05
920,3.279e-05
921,3.279e-05
922,3.279e-05
923,3.279e-05
924,3.279e-05
925,3.279e-05
926,3.279e-05
927,3.279e-05
928,3.278e-05
929,3.278e-05
930,3.278e-05
931,3.278e-05
932,3.278e-05
933,3.278e-05
934,3.278e-05
935,3.278e-05
936,3.278e-05
937,3.278e-05
938,3.278e-05
939,3.279e-05
940,3.279e-05
941,3.279e-05
942,3.279e-05
943,3.279e-05
944,3.279e-05
945,3.279e-05
946,3.279e-05
947,3.269e-05
948,3.269e-05
949,3.269e-05
950,3.269e-05
951,3.269e-05
952,3.269e-05
953,3.269e-05
954,3.269e-05
955,3.269e-05
956,3.269e-05
957,3.269e-05
958,3.269e-05
959,3.269e-05
960,3.269e-05
961,3.269e-05
962,3.269e-05
963,3.269e-05
964,3.269e-05
965,3.269e-05
966,3.269e-05
967,3.269e-05
968,3.269e-05
969,3.269e-05
970,3.269e-05
971,3.269e-05
972,3.269e-05
973,3.269e-05
974,3.269e-05
975,3.269e-05
976,3.269e-05
977,3.269e-05
978,3.269e-05
979,3.269e-05
980,3.269e-05
981,3.279e-05
982,3.279e-05
983,3.279e-05
984,3.279e-05
985,3.279e-05
986,3.279e-05
987,3.279e-05
988,3.279e-05
989,3.279e-05
990,3.279e-05
991,3.279e-05
992,3.279e-05
993,3.279e-05
994,3.279e-05
995,3.279e-05
996,3.279e-05
997,3.279e-05
998,3.279e-05
999,3.28e-05
1000,3.28e-05
1001,3.28e-05
1002,3.28e-05
1003,3.28e-05
1004,3.28e-05
1005,3.28e-05
1006,3.28e-05
1007,3.28e-05
1008,3.28e-05
1009,3.28e-05
1010,3.28e-05
1011,3.28e-05
1012,3.28e-05
1013,3.28e-05
1014,3.28e-05
1015,3.28e-05
1016,3.28e-05
1017,3.28e-05
1018,3.28e-05
1019,3.28e-05
1020,3.28e-05
1021,3.28e-05
1022,3.28e-05
1023,3.28e-05
1024,3.28e-05
1025,3.28e-05
1026,3.28e-05
1027,3.28e-05
1028,3.28e-05
1029,3.28e-05
1030,3.28e-05
1031,3.28e-05
1032,3.28e-05
1033,3.28e-05
1034,3.28e-05
1035,3.298e-05
1036,3.298e-05
1037,3.298e-05
1038,3.31e-05
1039,3.31e-05
1040,3.31e-05
1041,3.31e-05
1042,3.31e-05
1043,3.31e-05
1044,3.28e-05
1045,3.28e-05
1046,3.31e-05
1047,3.31e-05
1048,3.31e-05
1049,3.284e-05
1050,3.284e-05
1051,3.284e-05
1052,3.284e-05
1053,3.284e-05
1054,3.284e-05
1055,3.284e-05
1056,3.284e-05
1057,3.284e-05
1058,3.284e-05
1059,3.293e-05
1060,3.293e-05
1061,3.293e-05
1062,3.293e-05
1063,3.293e-05
1064,3.293e-05
1065,3.293e-05
1066,3.316e-05
1067,3.316e-05
1068,3.316e-05
1069,3.343e-05
1070,3.343e-05
1071,3.343e-05
1072,3.343e-05
1073,3.343e-05
1074,3.343e-05
1075,3.343e-05
1076,3.342e-05
1077,3.343e-05
1078,3.343e-05
1079,3.343e-05
1080,3.343e-05
1081,3.343e-05
1082,3.343e-05
1083,3.343e-05
1084,3.343e-05
1085,3.343e-05
1086,3.358e-05
1087,3.344e-05
1088,3.344e-05
1089,3.344e-05
1090,3.344e-05
1091,3.344e-05
1092,3.344e-05
1093,3.344e-05
1094,3.344e-05
1095,3.344e-05
1096,3.344e-05
1097,3.344e-05
1098,3.344e-05
1099,3.344e-05
1100,3.344e-05
1101,3.344e-05
1102,3.362e-05
1103,3.362e-05
1104,3.362e-05
1105,3.362e-05
1106,3.362e-05
1107,3.362e-05
1108,3.362e-05
1109,3.362e-05
1110,3.362e-05
1111,3.362e-05
1112,3.362e-05
1113,3.377e-05
1114,3.377e-05
1115,3.377e-05
1116,3.377e-05
1117,3.377e-05
1118,3.36e-05
1119,3.377e-05
1120,3.377e-05
1121,3.377e-05
1122,3.377e-05
1123,3.377e-05
1124,3.377e-05
1125,3.377e-05
1126,3.377e-05
1127,3.377e-05
1128,3.377e-05
1129,3.377e-05
1130,3.377e-05
1131,3.377e-05
1132,3.377e-05
1133,3.377e-05
1134,3.377e-05
1135,3.377e-05
1136,3.377e-05
1137,3.377e-05
1138,3.377e-05
1139,3.345e-05
1140,3.345e-05
1141,3.345e-05
1142,3.345e-05
1143,3.345e-05
1144,3.345e-05
1145,3.345e-05
1146,3.345e-05
1147,3.345e-05
1148,3.345e-05
1149,3.345e-05
1150,3.345e-05
1151,3.345e-05
1152,3.347e-05
1153,3.389e-05
1154,3.389e-05
1155,3.389e-05
1156,3.389e-05
1157,3.347e-05
1158,3.347e-05
1159,3.347e-05
1160,3.347e-05
1161,3.347e-05
1162,3.347e-05
1163,3.347e-05
1164,3.347e-05
1165,3.378e-05
1166,3.38e-05
1167,3.38e-05
1168,3.38e-05
1169,3.38e-05
1170,3.38e-05
1171,3.38e-05
1172,3.38e-05
1173,3.38e-05
1174,3.38e-05
1175,3.38e-05
1176,3.38e-05
1177,3.38e-05
1178,3.38e-05
1179,3.38e-05
1180,3.38e-05
1181,3.38e-05
1182,3.391e-05
1183,3.391e-05
1184,3.391e-05
1185,3.391e-05
1186,3.391e-05
1187,3.391e-05
1188,3.391e-05
1189,3.391e-05
1190,3.391e-05
1191,3.391e-05
1192,3.391e-05
1193,3.395e-05
1194,3.395e-05
1195,3.395e-05
1196,3.395e-05
1197,3.395e-05
1198,3.395e-05
1199,3.395e-05
1200,3.395e-05
1201,3.395e-05
1202,3.395e-05
1203,3.395e-05
1204,3.395e-05
1205,3.395e-05
1206,3.395e-05
1207,3.395e-05
1208,3.395e-05
1209,3.395e-05
1210,3.395e-05
1211,3.395e-05
1212,3.395e-05
1213,3.395e-05
1214,3.395e-05
1215,3.395e-05
1216,3.395e-05
1217,3.395e-05
1218,3.395e-05
1219,3.395e-05
1220,3.395e-05
1221,3.395e-05
1222,3.395e-05
1223,3.395e-05
1224,3.395e-05
1225,3.395e-05
1226,3.395e-05
1227,3.395e-05
1228,3.395e-05
1229,3.395e-05
1230,3.395e-05
1231,3.395e-05
1232,3.395e-05
1233,3.395e-05
1234,3.4e-05
1235,3.4e-05
1236,3.4e-05
1237,3.4e-05
1238,3.4e-05
1239,3.4e-05
1240,3.4e-05
1241,3.4e-05
1242,3.4e-05
1243,3.4e-05
1244,3.4e-05
1245,3.4e-05
1246,3.4e-05
1247,3.4e-05
1248,3.4e-05
1249,3.4e-05
1250,3.4e-05
1251,3.4e-05
1252,3.4e-05
1253,3.4e-05
1254,3.4e-05
1255,3.4e-05
1256,3.4e-05
1257,3.4e-05
1258,3.4e-05
1259,3.4e-05
1260,3.4e-05
1261,3.4e-05
1262,3.4e-05
1263,3.4e-05
1264,3.4e-05
1265,3.4e-05
1266,3.4e-05
1267,3.4e-05
1268,3.4e-05
1269,3.4e-05
1270,3.4e-05
1271,3.4e-05
1272,3.4e-05
1273,3.4e-05
1274,3.4e-05
1275,3.4e-05
1276,3.4e-05
1277,3.4e-05
1278,3.4e-05
1279,3.4e-05
1280,3.4e-05
1281,3.4e-05
1282,3.395e-05
1283,3.395e-05
1284,3.395e-05
1285,3.395e-05
1286,3.395e-05
1287,3.395e-05
1288,3.395e-05
1289,3.395e-05
1290,3.395e-05
1291,3.395e-05
1292,3.395e-05
1293,3.395e-05
1294,3.395e-05
1295,3.395e-05
1296,3.395e-05
1297,3.395e-05
1298,3.395e-05
1299,3.395e-05
1300,3.395e-05
1301,3.395e-05
1302,3.395e-05
1303,3.395e-05
1304,3.395e-05
1305,3.395e-05
1306,3.395e-05
1307,3.395e-05
1308,3.395e-05
1309,3.395e-05
1310,3.395e-05
1311,3.395e-05
1312,3.395e-05
1313,3.395e-05
1314,3.395e-05
1315,3.395e-05
1316,3.395e-05
1317,3.395e-05
1318,3.4e-05
1319,3.4e-05
1320,3.4e-05
1321,3.4e-05
1322,3.4e-05
1323,3.395e-05
1324,3.395e-05
1325,3.395e-05
1326,3.395e-05
1327,3.395e-05
1328,3.35e-05
1329,3.35e-05
1330,3.35e-05
1331,3.35e-05
1332,3.35e-05
1333,3.35e-05
1334,3.35e-05
1335,3.35e-05
1336,3.35e-05
1337,3.35e-05
1338,3.35e-05
1339,3.35e-05
1340,3.35e-05
1341,3.35e-05
1342,3.35e-05
1343,3.342e-05
1344,3.342e-05
1345,3.342e-05
1346,3.342e-05
1347,3.342e-05
1348,3.392e-05
1349,3.392e-05
1350,3.392e-05
1351,3.392e-05
1352,3.392e-05
1353,3.392e-05
1354,3.392e-05
1355,3.392e-05
1356,3.392e-05
1357,3.392e-05
1358,3.392e-05
1359,3.392e-05
1360,3.392e-05
1361,3.392e-05
1362,3.343e-05
1363,3.343e-05
1364,3.343e-05
1365,3.343e-05
1366,3.343e-05
1367,3.343e-05
1368,3.374e-05
1369,3.374e-05
1370,3.374e-05
1371,3.374e-05
1372,3.374e-05
1373,3.374e-05
1374,3.342e-05
1375,3.342e-05
1376,3.342e-05
1377,3.342e-05
1378,3.342e-05
1379,3.342e-05
1380,3.342e-05
1381,3.342e-05
1382,3.33e-05
1383,3.33e-05
1384,3.33e-05
1385,3.33e-05
1386,3.33e-05
1387,3.33e-05
1388,3.33e-05
1389,3.33e-05
1390,3.33e-05
1391,3.33e-05
1392,3.33e-05
1393,3.33e-05
1394,3.33e-05
1395,3.33e-05
1396,3.33e-05
1397,3.33e-05
1398,3.33e-05
1399,3.33e-05
1400,3.33e-05
1401,3.33e-05
1402,3.331e-05
1403,3.331e-05
1404,3.331e-05
1405,3.331e-05
1406,3.331e-05
1407,3.331e-05
1408,3.331e-05
1409,3.331e-05
1410,3.331e-05
1411,3.331e-05
1412,3.331e-05
1413,3.331e-05
1414,3.331e-05
1415,3.331e-05
1416,3.331e-05
1417,3.331e-05
1418,3.331e-05
1419,3.331e-05
1420,3.331e-05
1421,3.361e-05
1422,3.361e-05
1423,3.361e-05
1424,3.361e-05
1425,3.361e-05
1426,3.361e-05
1427,3.361e-05
1428,3.361e-05
1429,3.361e-05
1430,3.361e-05
1431,3.361e-05
1432,3.361e-05
1433,3.361e-05
1434,3.361e-05
1435,3.361e-05
1436,3.361e-05
1437,3.361e-05
1438,3.361e-05
1439,3.361e-05
1440,3.361e-05
1441,3.361e-05
1442,3.361e-05
1443,3.361e-05
1444,3.361e-05
1445,3.361e-05
1446,3.361e-05
1447,3.361e-05
1448,3.361e-05
1449,3.361e-05
1450,3.361e-05
1451,3.361e-05
1452,3.361e-05
1453,3.361e-05
1454,3.361e-05
1455,3.361e-05
1456,3.361e-05
1457,3.361e-05
1458,3.361e-05
1459,3.361e-05
1460,3.361e-05
1461,3.361e-05
1462,3.361e-05
1463,3.361e-05
1464,3.361e-05
1465,3.361e-05
1466,3.361e-05
1467,3.365e-05
1468,3.365e-05
1469,3.365e-05
1470,3.365e-05
1471,3.365e-05
1472,3.365e-05
1473,3.365e-05
1474,3.365e-05
1475,3.365e-05
1476,3.365e-05
1477,3.361e-05
1478,3.361e-05
1479,3.361e-05
1480,3.361e-05
1481,3.361e-05
1482,3.361e-05
1483,3.361e-05
1484,3.361e-05
1485,3.361e-05
1486,3.361e-05
1487,3.361e-05
1488,3.361e-05
1489,3.361e-05
1490,3.361e-05
1491,3.361e-05
1492,3.361e-05
1493,3.361e-05
1494,3.361e-05
1495,3.361e-05
1496,3.361e-05
1497,3.361e-05
1498,3.361e-05
1499,3.361e-05
1500,3.361e-05
1501,3.361e-05
1502,3.361e-05
1503,3.361e-05
1504,3.361e-05
1505,3.361e-05
1506,3.361e-05
1507,3.361e-05
1508,3.361e-05
1509,3.361e-05
1510,3.361e-05
1511,3.361e-05
1512,3.361e-05
1513,3.361e-05
1514,3.361e-05
1515,3.361e-05
1516,3.361e-05
1517,3.361e-05
1518,3.361e-05
1519,3.361e-05
1520,3.361e-05
1521,3.361e-05
1522,3.361e-05
1523,3.361e-05
1524,3.361e-05
1525,3.363e-05
1526,3.363e-05
1527,3.363e-05
1528,3.363e-05
1529,3.363e-05
1530,3.363e-05
1531,3.363e-05
1532,3.363e-05
1533,3.363e-05
1534,3.363e-05
1535,3.363e-05
1536,3.363e-05
1537,3.363e-05
1538,3.363e-05
1539,3.363e-05
1540,3.363e-05
1541,3.363e-05
1542,3.363e-05
1543,3.363e-05
1544,3.363e-05
1545,3.363e-05
1546,3.363e-05
1547,3.363e-05
1548,3.363e-05
1549,3.363e-05
1550,3.363e-05
1551,3.363e-05
1552,3.363e-05
1553,3.363e-05
1554,3.363e-05
1555,3.363e-05
1556,3.363e-05
1557,3.363e-05
1558,3.363e-05
1559,3.363e-05
1560,3.363e-05
1561,3.363e-05
1562,3.363e-05
1563,3.363e-05
1564,3.363e-05
1565,3.363e-05
1566,3.363e-05
1567,3.363e-05
1568,3.363e-05
1569,3.363e-05
1570,3.363e-05
1571,3.363e-05
1572,3.363e-05
1573,3.363e-05
1574,3.33e-05
1575,3.33e-05
1576,3.33e-05
1577,3.33e-05
1578,3.33e-05
1579,3.33e-05
1580,3.33e-05
1581,3.33e-05
1582,3.33e-05
1583,3.33e-05
1584,3.33e-05
1585,3.33e-05
1586,3.33e-05
1587,3.33e-05
1588,3.33e-05
1589,3.33e-05
1590,3.33e-05
1591,3.33e-05
1592,3.33e-05
1593,3.33e-05
1594,3.33e-05
1595,3.33e-05
1596,3.33e-05
1597,3.33e-05
1598,3.33e-05
1599,3.33e-05
1600,3.33e-05
1601,3.33e-05
1602,3.33e-05
1603,3.33e-05
1604,3.33e-05
1605,3.33e-05
1606,3.33e-05
1607,3.33e-05
1608,3.33e-05
1609,3.33e-05
1610,3.33e-05
1611,3.33e-05
1612,3.33e-05
1613,3.33e-05
1614,3.331e-05
1615,3.331e-05
1616,3.331e-05
1617,3.331e-05
1618,3.331e-05
1619,3.331e-05
1620,3.331e-05
1621,3.331e-05
1622,3.331e-05
1623,3.331e-05
1624,3.331e-05
1625,3.331e-05
1626,3.331e-05
1627,3.331e-05
1628,3.331e-05
1629,3.331e-05
1630,3.331e-05
1631,3.331e-05
1632,3.331e-05
1633,3.331e-05
1634,3.331e-05
1635,3.331e-05
1636,3.331e-05
1637,3.331e-05
1638,3.331e-05
1639,3.331e-05
1640,3.331e-05
1641,3.331e-05
1642,3.331e-05
1643,3.331e-05
1644,3.331e-05
1645,3.331e-05
1646,3.331e-05
1647,3.331e-05
1648,3.331e-05
1649,3.331e-05
1650,3.331e-05
1651,3.331e-05
1652,3.331e-05
1653,3.331e-05
1654,3.331e-05
1655,3.331e-05
1656,3.331e-05
1657,3.331e-05
1658,3.331e-05
1659,3.331e-05
1660,3.331e-05
1661,3.33e-05
1662,3.33e-05
1663,3.33e-05
1664,3.33e-05
1665,3.33e-05
1666,3.33e-05
1667,3.33e-05
1668,3.33e-05
1669,3.33e-05
1670,3.33e-05
1671,3.33e-05
1672,3.33e-05
1673,3.33e-05
1674,3.33e-05
1675,3.33e-05
1676,3.33e-05
1677,3.331e-05
1678,3.364e-05
1679,3.364e-05
1680,3.364e-05
1681,3.364e-05
1682,3.364e-05
1683,3.364e-05
1684,3.364e-05
1685,3.364e-05
1686,3.364e-05
1687,3.364e-05
1688,3.34e-05
1689,3.34e-05
1690,3.34e-05
1691,3.34e-05
1692,3.34e-05
1693,3.34e-05
1694,3.33e-05
1695,3.33e-05
1696,3.33e-05
1697,3.33e-05
1698,3.33e-05
1699,3.33e-05
1700,3.33e-05
1701,3.33e-05
1702,3.33e-05
1703,3.33e-05
1704,3.33e-05
1705,3.33e-05
1706,3.33e-05
1707,3.33e-05
1708,3.33e-05
1709,3.33e-05
1710,3.33e-05
1711,3.33e-05
1712,3.33e-05
1713,3.33e-05
1714,3.33e-05
1715,3.33e-05
1716,3.33e-05
1717,3.33e-05
1718,3.33e-05
1719,3.33e-05
1720,3.33e-05
1721,3.33e-05
1722,3.33e-05
1723,3.33e-05
1724,3.33e-05
1725,3.33e-05
1726,3.33e-05
1727,3.33e-05
1728,3.33e-05
1729,3.33e-05
1730,3.33e-05
1731,3.33e-05
1732,3.33e-05
1733,3.33e-05
1734,3.33e-05
1735,3.33e-05
1736,3.33e-05
1737,3.33e-05
1738,3.33e-05
1739,3.33e-05
1740,3.33e-05
1741,3.33e-05
1742,3.33e-05
1743,3.33e-05
1744,3.33e-05
1745,3.33e-05
1746,3.33e-05
1747,3.33e-05
1748,3.33e-05
1749,3.33e-05
1750,3.33e-05
1751,3.33e-05
1752,3.33e-05
1753,3.33e-05
1754,3.33e-05
1755,3.33e-05
1756,3.33e-05
1757,3.33e-05
1758,3.33e-05
1759,3.33e-05
1760,3.33e-05
1761,3.33e-05
1762,3.33e-05
1763,3.33e-05
1764,3.33e-05
1765,3.33e-05
1766,3.33e-05
1767,3.33e-05
1768,3.33e-05
1769,3.33e-05
1770,3.33e-05
1771,3.33e-05
1772,3.33e-05
1773,3.33e-05
1774,3.33e-05
1775,3.33e-05
1776,3.33e-05
1777,3.33e-05
1778,3.33e-05
1779,3.33e-05
1780,3.33e-05
1781,3.33e-05
1782,3.33e-05
1783,3.33e-05
1784,3.33e-05
1785,3.33e-05
1786,3.33e-05
1787,3.33e-05
1788,3.33e-05
1789,3.33e-05
1790,3.33e-05
1791,3.33e-05
1792,3.33e-05
1793,3.33e-05
1794,3.33e-05
1795,3.33e-05
1796,3.33e-05
1797,3.33e-05
1798,3.33e-05
1799,3.33e-05
1800,3.33e-05
1801,3.33e-05
1802,3.33e-05
1803,3.33e-05
1804,3.33e-05
1805,3.33e-05
1806,3.33e-05
1807,3.33e-05
1808,3.33e-05
1809,3.33e-05
1810,3.33e-05
1811,3.33e-05
1812,3.33e-05
1813,3.33e-05
1814,3.33e-05
1815,3.33e-05
1816,3.33e-05
1817,3.33e-05
1818,3.33e-05
1819,3.33e-05
1820,3.33e-05
1821,3.33e-05
1822,3.33e-05
1823,3.33e-05
1824,3.33e-05
1825,3.33e-05
1826,3.33e-05
1827,3.33e-05
1828,3.33e-05
1829,3.33e-05
1830,3.33e-05
1831,3.33e-05
1832,3.33e-05
1833,3.33e-05
1834,3.33e-05
1835,3.33e-05
1836,3.33e-05
1837,3.33e-05
1838,3.33e-05
1839,3.33e-05
1840,3.33e-05
1841,3.33e-05
1842,3.33e-05
1843,3.33e-05
1844,3.33e-05
1845,3.33e-05
1846,3.33e-05
1847,3.33e-05
1848,3.33e-05
1849,3.33e-05
1850,3.33e-05
1851,3.33e-05
1852,3.33e-05
1853,3.33e-05
1854,3.33e-05
1855,3.33e-05
1856,3.33e-05
1857,3.33e-05
1858,3.33e-05
1859,3.33e-05
1860,3.33e-05
1861,3.33e-05
1862,3.33e-05
1863,3.33e-05
1864,3.33e-05
1865,3.33e-05
1866,3.33e-05
1867,3.33e-05
1868,3.33e-05
1869,3.33e-05
1870,3.33e-05
1871,3.33e-05
1872,3.33e-05
1873,3.33e-05
1874,3.33e-05
1875,3.33e-05
1876,3.33e-05
1877,3.33e-05
1878,3.33e-05
1879,3.33e-05
1880,3.33e-05
1881,3.33e-05
1882,3.33e-05
1883,3.33e-05
1884,3.33e-05
1885,3.33e-05
1886,3.33e-05
1887,3.33e-05
1888,3.33e-05
1889,3.33e-05
1890,3.33e-05
1891,3.33e-05
1892,3.33e-05
1893,3.33e-05
1894,3.33e-05
1895,3.33e-05
1896,3.33e-05
1897,3.33e-05
1898,3.33e-05
1899,3.33e-05
1900,3.33e-05
1901,3.33e-05
1902,3.33e-05
1903,3.33e-05
1904,3.33e-05
1905,3.33e-05
1906,3.33e-05
1907,3.33e-05
1908,3.33e-05
1909,3.33e-05
1910,3.33e-05
1911,3.33e-05
1912,3.33e-05
1913,3.33e-05
1914,3.33e-05
1915,3.33e-05
1916,3.33e-05
1917,3.33e-05
1918,3.33e-05
1919,3.34e-05
1920,3.33e-05
1921,3.33e-05
1922,3.33e-05
1923,3.33e-05
1924,3.33e-05
1925,3.33e-05
1926,3.33e-05
1927,3.33e-05
1928,3.33e-05
1929,3.33e-05
1930,3.33e-05
1931,3.33e-05
1932,3.33e-05
1933,3.33e-05
1934,3.33e-05
1935,3.33e-05
1936,3.33e-05
1937,3.33e-05
1938,3.33e-05
1939,3.33e-05
1940,3.33e-05
1941,3.33e-05
1942,3.33e-05
1943,3.33e-05
1944,3.33e-05
1945,3.33e-05
1946,3.33e-05
1947,3.33e-05
1948,3.33e-05
1949,3.33e-05
1950,3.33e-05
1951,3.33e-05
1952,3.33e-05
1953,3.33e-05
1954,3.33e-05
1955,3.33e-05
1956,3.33e-05
1957,3.33e-05
1958,3.33e-05
1959,3.33e-05
1960,3.33e-05
1961,3.33e-05
1962,3.33e-05
1963,3.33e-05
1964,3.33e-05
1965,3.33e-05
1966,3.33e-05
1967,3.33e-05
1968,3.33e-05
1969,3.33e-05
1970,3.33e-05
1971,3.33e-05
1972,3.33e-05
1973,3.33e-05
1974,3.33e-05
1975,3.33e-05
1976,3.33e-05
1977,3.33e-05
1978,3.33e-05
1979,3.33e-05
1980,3.33e-05
1981,3.33e-05
1982,3.33e-05
1983,3.33e-05
1984,3.33e-05
1985,3.33e-05
1986,3.34e-05
1987,3.34e-05
1988,3.34e-05
1989,3.34e-05
1990,3.34e-05
1991,3.34e-05
1992,3.34e-05
1993,3.34e-05
1994,3.34e-05
1995,3.34e-05
1996,3.34e-05
1997,3.34e-05
1998,3.34e-05
1999,3.34e-05
2000,3.34e-05
2001,3.34e-05
2002,3.34e-05
2003,3.34e-05
2004,3.34e-05
2005,3.34e-05
2006,3.34e-05
2007,3.34e-05
2008,3.34e-05
2009,3.34e-05
2010,3.34e-05
2011,3.34e-05
2012,3.34e-05
2013,3.34e-05
2014,3.34e-05
2015,3.34e-05
2016,3.34e-05
2017,3.34e-05
2018,3.33e-05
2019,3.33e-05
2020,3.33e-05
2021,3.33e-05
2022,3.33e-05
2023,3.33e-05
2024,3.33e-05
2025,3.33e-05
2026,3.33e-05
2027,3.33e-05
2028,3.33e-05
2029,3.3e-05
2030,3.3e-05
2031,3.3e-05
2032,3.3e-05
2033,3.3e-05
2034,3.237e-05
2035,3.237e-05
2036,3.237e-05
2037,3.237e-05
2038,3.237e-05
2039,3.237e-05
2040,3.237e-05
2041,3.237e-05
2042,3.237e-05
2043,3.237e-05
2044,3.237e-05
2045,3.237e-05
2046,3.237e-05
2047,3.237e-05
2048,3.237e-05
2049,3.237e-05
2050,3.237e-05
2051,3.237e-05
2052,3.237e-05
2053,3.237e-05
2054,3.237e-05
2055,3.237e-05
2056,3.237e-05
2057,3.237e-05
2058,3.237e-05
2059,3.237e-05
2060,3.237e-05
2061,3.237e-05
2062,3.237e-05
2063,3.237e-05
2064,3.237e-05
2065,3.237e-05
2066,3.237e-05
2067,3.237e-05
2068,3.237e-05
2069,3.237e-05
2070,3.237e-05
2071,3.237e-05
2072,3.237e-05
2073,3.237e-05
2074,3.237e-05
2075,3.237e-05
2076,3.237e-05
2077,3.237e-05
2078,3.237e-05
2079,3.237e-05
2080,3.237e-05
2081,3.237e-05
2082,3.237e-05
2083,3.237e-05
2084,3.237e-05
2085,3.237e-05
2086,3.237e-05
2087,3.237e-05
2088,3.237e-05
2089,3.237e-05
2090,3.237e-05
2091,3.237e-05
2092,3.237e-05
2093,3.237e-05
2094,3.237e-05
2095,3.237e-05
2096,3.237e-05
2097,3.237e-05
2098,3.237e-05
2099,3.237e-05
2100,3.237e-05
2101,3.237e-05
2102,3.237e-05
2103,3.285e-05
2104,3.285e-05
2105,3.285e-05
2106,3.285e-05
2107,3.285e-05
2108,3.285e-05
2109,3.285e-05
2110,3.285e-05
2111,3.285e-05
2112,3.285e-05
2113,3.285e-05
2114,3.285e-05
2115,3.285e-05
2116,3.285e-05
2117,3.285e-05
2118,3.285e-05
2119,3.285e-05
2120,3.285e-05
2121,3.285e-05
2122,3.285e-05
2123,3.285e-05
2124,3.285e-05
2125,3.285e-05
2126,3.285e-05
2127,3.285e-05
2128,3.241e-05
2129,3.241e-05
2130,3.241e-05
2131,3.241e-05
2132,3.241e-05
2133,3.241e-05
2134,3.241e-05
2135,3.241e-05
2136,3.241e-05
2137,3.285e-05
2138,3.285e-05
2139,3.285e-05
2140,3.285e-05
2141,3.285e-05
2142,3.285e-05
2143,3.285e-05
2144,3.285e-05
2145,3.285e-05
2146,3.285e-05
2147,3.285e-05
2148,3.285e-05
2149,3.285e-05
2150,3.285e-05
2151,3.285e-05
2152,3.285e-05
2153,3.285e-05
2154,3.285e-05
2155,3.285e-05
2156,3.285e-05
2157,3.285e-05
2158,3.285e-05
2159,3.285e-05
2160,3.285e-05
2161,3.285e-05
2162,3.285e-05
2163,3.285e-05
2164,3.285e-05
2165,3.285e-05
2166,3.285e-05
2167,3.285e-05
2168,3.285e-05
2169,3.285e-05
2170,3.285e-05
2171,3.285e-05
2172,3.285e-05
2173,3.285e-05
2174,3.285e-05
2175,3.285e-05
2176,3.285e-05
2177,3.285e-05
2178,3.285e-05
2179,3.285e-05
2180,3.285e-05
2181,3.285e-05
2182,3.285e-05
2183,3.285e-05
2184,3.285e-05
2185,3.285e-05
2186,3.285e-05
2187,3.285e-05
2188,3.285e-05
2189,3.285e-05
2190,3.285e-05
2191,3.285e-05
2192,3.285e-05
2193,3.285e-05
2194,3.285e-05
2195,3.23e-05
2196,3.23e-05
2197,3.23e-05
2198,3.23e-05
2199,3.23e-05
2200,3.23e-05
2201,3.23e-05
2202,3.262e-05
2203,3.262e-05
2204,3.262e-05
2205,3.262e-05
2206,3.262e-05
2207,3.262e-05
2208,3.262e-05
2209,3.262e-05
2210,3.262e-05
2211,3.262e-05
2212,3.262e-05
2213,3.23e-05
2214,3.23e-05
2215,3.23e-05
2216,3.23e-05
2217,3.23e-05
2218,3.23e-05
2219,3.23e-05
2220,3.23e-05
2221,3.23e-05
2222,3.23e-05
2223,3.23e-05
2224,3.23e-05
2225,3.23e-05
2226,3.23e-05
2227,3.23e-05
2228,3.214e-05
2229,3.214e-05
2230,3.214e-05
2231,3.214e-05
2232,3.214e-05
2233,3.214e-05
2234,3.214e-05
2235,3.214e-05
2236,3.214e-05
2237,3.214e-05
2238,3.214e-05
2239,3.214e-05
2240,3.214e-05
2241,3.214e-05
2242,3.214e-05
2243,3.214e-05
2244,3.214e-05
2245,3.262e-05
2246,3.262e-05
2247,3.262e-05
2248,3.262e-05
2249,3.262e-05
2250,3.262e-05
2251,3.262e-05
2252,3.262e-05
2253,3.262e-05
2254,3.262e-05
2255,3.262e-05
2256,3.262e-05
2257,3.262e-05
2258,3.262e-05
2259,3.262e-05
2260,3.262e-05
2261,3.262e-05
2262,3.262e-05
2263,3.262e-05
2264,3.262e-05
2265,3.262e-05
2266,3.262e-05
2267,3.262e-05
2268,3.262e-05
2269,3.262e-05
2270,3.262e-05
2271,3.262e-05
2272,3.262e-05
2273,3.262e-05
2274,3.262e-05
2275,3.262e-05
2276,3.262e-05
2277,3.262e-05
2278,3.262e-05
2279,3.262e-05
2280,3.262e-05
2281,3.262e-05
2282,3.262e-05
2283,3.262e-05
2284,3.262e-05
2285,3.262e-05
2286,3.262e-05
2287,3.262e-05
2288,3.262e-05
2289,3.262e-05
2290,3.262e-05
2291,3.262e-05
2292,3.262e-05
2293,3.2e-05
2294,3.2e-05
2295,3.2e-05
2296,3.2e-05
2297,3.2e-05
2298,3.2e-05
2299,3.2e-05
2300,3.2e-05
2301,3.2e-05
2302,3.2e-05
2303,3.207e-05
2304,3.207e-05
2305,3.254e-05
2306,3.254e-05
2307,3.251e-05
2308,3.251e-05
2309,3.248e-05
2310,3.248e-05
2311,3.245e-05
2312,3.245e-05
2313,3.243e-05
2314,3.243e-05
2315,3.243e-05
2316,3.243e-05
2317,3.24e-05
2318,3.24e-05
2319,3.24e-05
2320,3.24e-05
2321,3.249e-05
2322,3.249e-05
2323,3.249e-05
2324,3.249e-05
2325,3.249e-05
2326,3.249e-05
2327,3.249e-05
2328,3.249e-05
2329,3.249e-05
2330,3.237e-05
2331,3.237e-05
2332,3.234e-05
2333,3.234e-05
2334,3.258e-05
2335,3.258e-05
2336,3.258e-05
2337,3.258e-05
2338,3.258e-05
2339,3.258e-05
2340,3.258e-05
2341,3.258e-05
2342,3.258e-05
2343,3.258e-05
2344,3.258e-05
2345,3.258e-05
2346,3.258e-05
2347,3.253e-05
2348,3.253e-05
2349,3.255e-05
2350,3.255e-05
2351,3.255e-05
2352,3.255e-05
2353,3.255e-05
2354,3.255e-05
2355,3.255e-05
2356,3.255e-05
2357,3.255e-05
2358,3.255e-05
2359,3.257e-05
2360,3.257e-05
2361,3.257e-05
2362,3.257e-05
2363,3.257e-05
2364,3.257e-05
2365,3.257e-05
2366,3.257e-05
2367,3.257e-05
2368,3.257e-05
2369,3.257e-05
2370,3.257e-05
2371,3.257e-05
2372,3.257e-05
2373,3.257e-05
2374,3.257e-05
2375,3.257e-05
2376,3.257e-05
2377,3.257e-05
2378,3.211e-05
2379,3.211e-05
2380,3.211e-05
2381,3.211e-05
2382,3.211e-05
2383,3.211e-05
2384,3.211e-05
2385,3.211e-05
2386,3.211e-05
2387,3.211e-05
2388,3.211e-05
2389,3.211e-05
2390,3.211e-05
2391,3.211e-05
2392,3.211e-05
2393,3.211e-05
2394,3.211e-05
2395,3.211e-05
2396,3.211e-05
2397,3.211e-05
2398,3.211e-05
2399,3.211e-05
2400,3.211e-05
2401,3.211e-05
2402,3.211e-05
2403,3.211e-05
2404,3.211e-05
2405,3.211e-05
2406,3.211e-05
2407,3.211e-05
2408,3.211e-05
2409,3.211e-05
2410,3.209e-05
2411,3.209e-05
2412,3.209e-05
2413,3.209e-05
2414,3.209e-05
2415,3.209e-05
2416,3.209e-05
2417,3.209e-05
2418,3.209e-05
2419,3.209e-05
2420,3.209e-05
2421,3.209e-05
2422,3.209e-05
2423,3.209e-05
2424,3.209e-05
2425,3.209e-05
2426,3.209e-05
2427,3.209e-05
2428,3.209e-05
2429,3.209e-05
2430,3.209e-05
2431,3.209e-05
2432,3.209e-05
2433,3.209e-05
2434,3.21e-05
2435,3.21e-05
2436,3.21e-05
2437,3.21e-05
2438,3.21e-05
2439,3.21e-05
2440,3.21e-05
2441,3.21e-05
2442,3.21e-05
2443,3.21e-05
2444,3.21e-05
2445,3.21e-05
2446,3.21e-05
2447,3.21e-05
2448,3.21e-05
2449,3.249e-05
2450,3.249e-05
2451,3.249e-05
2452,3.249e-05
2453,3.249e-05
2454,3.249e-05
2455,3.249e-05
2456,3.249e-05
2457,3.249e-05
2458,3.249e-05
2459,3.249e-05
2460,3.249e-05
2461,3.249e-05
2462,3.249e-05
2463,3.249e-05
2464,3.249e-05
2465,3.249e-05
2466,3.249e-05
2467,3.249e-05
2468,3.249e-05
2469,3.249e-05
2470,3.249e-05
2471,3.249e-05
2472,3.249e-05
2473,3.249e-05
2474,3.249e-05
2475,3.249e-05
2476,3.249e-05
2477,3.249e-05
2478,3.249e-05
2479,3.249e-05
2480,3.249e-05
2481,3.249e-05
2482,3.249e-05
2483,3.249e-05
2484,3.249e-05
2485,3.249e-05
2486,3.249e-05
2487,3.249e-05
2488,3.249e-05
2489,3.249e-05
2490,3.249e-05
2491,3.249e-05
2492,3.249e-05
2493,3.249e-05
2494,3.249e-05
2495,3.249e-05
2496,3.249e-05
2497,3.249e-05
2498,3.249e-05
2499,3.249e-05
2500,3.249e-05
2501,3.249e-05
2502,3.249e-05
2503,3.249e-05
2504,3.249e-05
2505,3.249e-05
2506,3.249e-05
2507,3.249e-05
2508,3.249e-05
2509,3.249e-05
2510,3.249e-05
2511,3.249e-05
2512,3.249e-05
2513,3.249e-05
2514,3.249e-05
2515,3.249e-05
2516,3.249e-05
2517,3.249e-05
2518,3.249e-05
2519,3.249e-05
2520,3.249e-05
2521,3.249e-05
2522,3.249e-05
2523,3.249e-05
2524,3.249e-05
2525,3.249e-05
2526,3.249e-05
2527,3.249e-05
2528,3.249e-05
2529,3.249e-05
2530,3.249e-05
2531,3.249e-05
2532,3.249e-05
2533,3.249e-05
2534,3.249e-05
2535,3.249e-05
2536,3.249e-05
2537,3.249e-05
2538,3.249e-05
2539,3.249e-05
2540,3.249e-05
2541,3.249e-05
2542,3.249e-05
2543,3.249e-05
2544,3.249e-05
2545,3.249e-05
2546,3.249e-05
2547,3.249e-05
2548,3.249e-05
2549,3.249e-05
2550,3.249e-05
2551,3.249e-05
2552,3.249e-05
2553,3.249e-05
2554,3.249e-05
2555,3.249e-05
2556,3.249e-05
2557,3.249e-05
2558,3.249e-05
2559,3.249e-05
2560,3.249e-05
2561,3.249e-05
2562,3.249e-05
2563,3.249e-05
2564,3.249e-05
2565,3.249e-05
2566,3.243e-05
2567,3.243e-05
2568,3.243e-05
2569,3.243e-05
2570,3.243e-05
2571,3.243e-05
2572,3.248e-05
2573,3.248e-05
2574,3.202e-05
2575,3.202e-05
2576,3.202e-05
2577,3.202e-05
2578,3.202e-05
2579,3.248e-05
2580,3.248e-05
2581,3.248e-05
2582,3.201e-05
2583,3.201e-05
2584,3.201e-05
2585,3.201e-05
2586,3.201e-05
2587,3.201e-05
2588,3.201e-05
2589,3.201e-05
2590,3.201e-05
2591,3.201e-05
2592,3.201e-05
2593,3.201e-05
2594,3.2e-05
2595,3.2e-05
2596,3.2e-05
2597,3.2e-05
2598,3.2e-05
2599,3.2e-05
2600,3.2e-05
2601,3.2e-05
2602,3.2e-05
2603,3.2e-05
2604,3.2e-05
2605,3.2e-05
2606,3.2e-05
2607,3.2e-05
2608,3.2e-05
2609,3.2e-05
2610,3.2e-05
2611,3.2e-05
2612,3.2e-05
2613,3.2e-05
2614,3.2e-05
2615,3.2e-05
2616,3.2e-05
2617,3.2e-05
2618,3.2e-05
2619,3.2e-05
2620,3.24e-05
2621,3.24e-05
2622,3.24e-05
2623,3.24e-05
2624,3.24e-05
2625,3.24e-05
2626,3.24e-05
2627,3.24e-05
2628,3.24e-05
2629,3.24e-05
2630,3.24e-05
2631,3.24e-05
2632,3.24e-05
2633,3.24e-05
2634,3.24e-05
2635,3.24e-05
2636,3.24e-05
2637,3.24e-05
2638,3.24e-05
2639,3.24e-05
2640,3.24e-05
2641,3.24e-05
2642,3.24e-05
2643,3.24e-05
2644,3.24e-05
2645,3.24e-05
2646,3.24e-05
2647,3.24e-05
2648,3.24e-05
2649,3.24e-05
2650,3.24e-05
2651,3.24e-05
2652,3.24e-05
2653,3.24e-05
2654,3.24e-05
2655,3.24e-05
2656,3.24e-05
2657,3.24e-05
2658,3.24e-05
2659,3.24e-05
2660,3.24e-05
2661,3.24e-05
2662,3.24e-05
2663,3.24e-05
2664,3.24e-05
2665,3.24e-05
2666,3.201e-05
2667,3.201e-05
2668,3.201e-05
2669,3.2e-05
2670,3.2e-05
2671,3.2e-05
2672,3.2e-05
2673,3.2e-05
2674,3.2e-05
2675,3.2e-05
2676,3.2e-05
2677,3.2e-05
2678,3.2e-05
2679,3.2e-05
2680,3.2e-05
2681,3.2e-05
2682,3.2e-05
2683,3.2e-05
2684,3.2e-05
2685,3.2e-05
2686,3.2e-05
2687,3.2e-05
2688,3.2e-05
2689,3.2e-05
2690,3.2e-05
2691,3.2e-05
2692,3.2e-05
2693,3.2e-05
2694,3.2e-05
2695,3.2e-05
2696,3.2e-05
2697,3.22e-05
2698,3.22e-05
2699,3.22e-05
2700,3.22e-05
2701,3.22e-05
2702,3.22e-05
2703,3.22e-05
2704,3.22e-05
2705,3.22e-05
2706,3.22e-05
2707,3.22e-05
2708,3.22e-05
2709,3.22e-05
2710,3.22e-05
2711,3.22e-05
2712,3.22e-05
2713,3.22e-05
2714,3.22e-05
2715,3.22e-05
2716,3.22e-05
2717,3.22e-05
2718,3.22e-05
2719,3.22e-05
2720,3.22e-05
2721,3.22e-05
2722,3.22e-05
2723,3.22e-05
2724,3.22e-05
2725,3.22e-05
2726,3.22e-05
2727,3.22e-05
2728,3.22e-05
2729,3.22e-05
2730,3.22e-05
2731,3.22e-05
2732,3.22e-05
2733,3.22e-05
2734,3.22e-05
2735,3.22e-05
2736,3.22e-05
2737,3.22e-05
2738,3.22e-05
2739,3.22e-05
2740,3.22e-05
2741,3.22e-05
2742,3.22e-05
2743,3.22e-05
2744,3.22e-05
2745,3.22e-05
2746,3.22e-05
2747,3.22e-05
2748,3.22e-05
2749,3.22e-05
2750,3.22e-05
2751,3.22e-05
2752,3.22e-05
2753,3.22e-05
2754,3.22e-05
2755,3.22e-05
2756,3.225e-05
2757,3.225e-05
2758,3.225e-05
2759,3.225e-05
2760,3.225e-05
2761,3.225e-05
2762,3.225e-05
2763,3.225e-05
2764,3.225e-05
2765,3.225e-05
2766,3.225e-05
2767,3.225e-05
2768,3.225e-05
2769,3.225e-05
2770,3.225e-05
2771,3.225e-05
2772,3.225e-05
2773,3.225e-05
2774,3.225e-05
2775,3.225e-05
2776,3.225e-05
2777,3.225e-05
2778,3.225e-05
2779,3.225e-05
2780,3.236e-05
2781,3.236e-05
2782,3.236e-05
2783,3.236e-05
2784,3.236e-05
2785,3.236e-05
2786,3.236e-05
2787,3.236e-05
2788,3.236e-05
2789,3.236e-05
2790,3.236e-05
2791,3.236e-05
2792,3.236e-05
2793,3.236e-05
2794,3.236e-05
2795,3.236e-05
2796,3.236e-05
2797,3.236e-05
2798,3.236e-05
2799,3.236e-05
2800,3.236e-05
2801,3.236e-05
2802,3.236e-05
2803,3.236e-05
2804,3.236e-05
2805,3.236e-05
2806,3.236e-05
2807,3.236e-05
2808,3.236e-05
2809,3.236e-05
2810,3.236e-05
2811,3.236e-05
2812,3.236e-05
2813,3.236e-05
2814,3.236e-05
2815,3.236e-05
2816,3.236e-05
2817,3.236e-05
2818,3.236e-05
2819,3.236e-05
2820,3.236e-05
2821,3.236e-05
2822,3.236e-05
2823,3.236e-05
2824,3.236e-05
2825,3.236e-05
2826,3.236e-05
2827,3.236e-05
2828,3.236e-05
2829,3.236e-05
2830,3.236e-05
2831,3.236e-05
2832,3.236e-05
2833,3.236e-05
2834,3.236e-05
2835,3.236e-05
2836,3.236e-05
2837,3.236e-05
2838,3.236e-05
2839,3.236e-05
2840,3.236e-05
2841,3.236e-05
2842,3.236e-05
2843,3.236e-05
2844,3.236e-05
2845,3.236e-05
2846,3.236e-05
2847,3.236e-05
2848,3.236e-05
2849,3.236e-05
2850,3.236e-05
2851,3.236e-05
2852,3.236e-05
2853,3.236e-05
2854,3.236e-05
2855,3.236e-05
2856,3.236e-05
2857,3.236e-05
2858,3.236e-05
2859,3.236e-05
2860,3.236e-05
2861,3.236e-05
2862,3.236e-05
2863,3.236e-05
2864,3.236e-05
2865,3.236e-05
2866,3.236e-05
2867,3.236e-05
2868,3.236e-05
2869,3.236e-05
2870,3.236e-05
2871,3.236e-05
2872,3.236e-05
2873,3.236e-05
2874,3.236e-05
2875,3.236e-05
2876,3.236e-05
2877,3.236e-05
2878,3.236e-05
2879,3.236e-05
2880,3.236e-05
2881,3.236e-05
2882,3.236e-05
2883,3.236e-05
2884,3.236e-05
2885,3.236e-05
2886,3.236e-05
2887,3.236e-05
2888,3.236e-05
2889,3.236e-05
2890,3.236e-05
2891,3.236e-05
2892,3.236e-05
2893,3.236e-05
2894,3.236e-05
2895,3.236e-05
2896,3.236e-05
2897,3.2e-05
2898,3.2e-05
2899,3.2e-05
2900,3.2e-05
2901,3.2e-05
2902,3.2e-05
2903,3.2e-05
2904,3.2e-05
2905,3.2e-05
2906,3.2e-05
2907,3.2e-05
2908,3.2e-05
2909,3.2e-05
2910,3.2e-05
2911,3.2e-05
2912,3.2e-05
2913,3.2e-05
2914,3.2e-05
2915,3.2e-05
2916,3.2e-05
2917,3.2e-05
2918,3.2e-05
2919,3.2e-05
2920,3.2e-05
2921,3.2e-05
2922,3.2e-05
2923,3.2e-05
2924,3.2e-05
2925,3.2e-05
2926,3.2e-05
2927,3.2e-05
2928,3.2e-05
2929,3.2e-05
2930,3.2e-05
2931,3.2e-05
2932,3.2e-05
2933,3.2e-05
2934,3.2e-05
2935,3.2e-05
2936,3.2e-05
2937,3.2e-05
2938,3.2e-05
2939,3.2e-05
2940,3.2e-05
2941,3.2e-05
2942,3.2e-05
2943,3.2e-05
2944,3.2e-05
2945,3.2e-05
2946,3.2e-05
2947,3.2e-05
2948,3.235e-05
2949,3.235e-05
2950,3.235e-05
2951,3.235e-05
2952,3.235e-05
2953,3.235e-05
2954,3.235e-05
2955,3.235e-05
2956,3.235e-05
2957,3.235e-05
2958,3.235e-05
2959,3.235e-05
2960,3.235e-05
2961,3.235e-05
2962,3.235e-05
2963,3.235e-05
2964,3.235e-05
2965,3.235e-05
2966,3.235e-05
2967,3.235e-05
2968,3.235e-05
2969,3.235e-05
2970,3.235e-05
2971,3.235e-05
2972,3.235e-05
2973,3.235e-05
2974,3.235e-05
2975,3.235e-05
2976,3.235e-05
2977,3.235e-05
2978,3.235e-05
2979,3.235e-05
2980,3.235e-05
2981,3.235e-05
2982,3.235e-05
2983,3.235e-05
2984,3.235e-05
2985,3.235e-05
2986,3.235e-05
2987,3.235e-05
2988,3.235e-05
2989,3.235e-05
2990,3.235e-05
2991,3.235e-05
2992,3.235e-05
2993,3.235e-05
2994,3.235e-05
2995,3.235e-05
2996,3.235e-05
2997,3.235e-05
2998,3.235e-05
2999,3.235e-05
3000,3.235e-05
3001,3.235e-05
3002,3.235e-05
3003,3.235e-05
3004,3.235e-05
3005,3.235e-05
3006,3.235e-05
3007,3.235e-05
3008,3.235e-05
3009,3.235e-05
3010,3.235e-05
3011,3.235e-05
3012,3.235e-05
3013,3.235e-05
3014,3.235e-05
3015,3.235e-05
3016,3.235e-05
3017,3.235e-05
3018,3.235e-05
3019,3.235e-05
3020,3.201e-05
3021,3.201e-05
3022,3.201e-05
3023,3.201e-05
3024,3.201e-05
3025,3.201e-05
3026,3.201e-05
3027,3.201e-05
3028,3.201e-05
3029,3.201e-05
3030,3.201e-05
3031,3.201e-05
3032,3.201e-05
3033,3.201e-05
3034,3.201e-05
3035,3.201e-05
3036,3.201e-05
3037,3.201e-05
3038,3.201e-05
3039,3.201e-05
3040,3.201e-05
3041,3.201e-05
3042,3.201e-05
3043,3.201e-05
3044,3.201e-05
3045,3.2e-05
3046,3.2e-05
3047,3.2e-05
3048,3.2e-05
3049,3.2e-05
3050,3.2e-05
3051,3.2e-05
3052,3.2e-05
3053,3.2e-05
3054,3.2e-05
3055,3.2e-05
3056,3.2e-05
3057,3.2e-05
3058,3.2e-05
3059,3.2e-05
3060,3.2e-05
3061,3.2e-05
3062,3.2e-05
3063,3.2e-05
3064,3.2e-05
3065,3.2e-05
3066,3.2e-05
3067,3.2e-05
3068,3.2e-05
3069,3.2e-05
3070,3.2e-05
3071,3.2e-05
3072,3.2e-05
3073,3.2e-05
3074,3.2e-05
3075,3.2e-05
3076,3.2e-05
3077,3.2e-05
3078,3.2e-05
3079,3.2e-05
3080,3.2e-05
3081,3.2e-05
3082,3.2e-05
3083,3.2e-05
3084,3.2e-05
3085,3.2e-05
3086,3.2e-05
3087,3.2e-05
3088,3.2e-05
3089,3.2e-05
3090,3.2e-05
3091,3.2e-05
3092,3.2e-05
3093,3.2e-05
3094,3.2e-05
3095,3.2e-05
3096,3.2e-05
3097,3.2e-05
3098,3.2e-05
3099,3.2e-05
3100,3.2e-05
3101,3.2e-05
3102,3.2e-05
3103,3.2e-05
3104,3.2e-05
3105,3.2e-05
3106,3.2e-05
3107,3.2e-05
3108,3.2e-05
3109,3.2e-05
3110,3.2e-05
3111,3.2e-05
3112,3.2e-05
3113,3.2e-05
3114,3.2e-05
3115,3.2e-05
3116,3.2e-05
3117,3.2e-05
3118,3.2e-05
3119,3.2e-05
3120,3.2e-05
3121,3.2e-05
3122,3.2e-05
3123,3.2e-05
3124,3.2e-05
3125,3.2e-05
3126,3.2e-05
3127,3.2e-05
3128,3.2e-05
3129,3.2e-05
3130,3.2e-05
3131,3.2e-05
3132,3.2e-05
3133,3.2e-05
3134,3.2e-05
3135,3.2e-05
3136,3.2e-05
3137,3.2e-05
3138,3.2e-05
3139,3.2e-05
3140,3.2e-05
3141,3.2e-05
3142,3.2e-05
3143,3.2e-05
3144,3.189e-05
3145,3.189e-05
3146,3.189e-05
3147,3.189e-05
3148,3.189e-05
3149,3.189e-05
3150,3.189e-05
3151,3.189e-05
3152,3.189e-05
3153,3.235e-05
3154,3.235e-05
3155,3.235e-05
3156,3.235e-05
3157,3.235e-05
3158,3.235e-05
3159,3.235e-05
3160,3.235e-05
3161,3.235e-05
3162,3.235e-05
3163,3.235e-05
3164,3.235e-05
3165,3.235e-05
3166,3.235e-05
3167,3.235e-05
3168,3.235e-05
3169,3.235e-05
3170,3.235e-05
3171,3.235e-05
3172,3.235e-05
3173,3.235e-05
3174,3.235e-05
3175,3.235e-05
3176,3.235e-05
3177,3.235e-05
3178,3.235e-05
3179,3.235e-05
3180,3.235e-05
3181,3.235e-05
3182,3.235e-05
3183,3.235e-05
3184,3.235e-05
3185,3.235e-05
3186,3.235e-05
3187,3.235e-05
3188,3.235e-05
3189,3.235e-05
3190,3.235e-05
3191,3.235e-05
3192,3.235e-05
3193,3.235e-05
3194,3.235e-05
3195,3.235e-05
3196,3.235e-05
3197,3.235e-05
3198,3.235e-05
3199,3.235e-05
3200,3.235e-05
3201,3.235e-05
3202,3.235e-05
3203,3.235e-05
3204,3.235e-05
3205,3.235e-05
3206,3.235e-05
3207,3.235e-05
3208,3.235e-05
3209,3.235e-05
3210,3.235e-05
3211,3.235e-05
3212,3.235e-05
3213,3.235e-05
3214,3.235e-05
3215,3.235e-05
3216,3.235e-05
3217,3.235e-05
3218,3.235e-05
3219,3.235e-05
3220,3.235e-05
3221,3.212e-05
3222,3.209e-05
3223,3.207e-05
3224,3.204e-05
3225,3.201e-05
3226,3.201e-05
3227,3.198e-05
3228,3.196e-05
3229,3.193e-05
3230,3.193e-05
3231,3.193e-05
3232,3.193e-05
3233,3.193e-05
3234,3.193e-05
3235,3.193e-05
3236,3.193e-05
3237,3.189e-05
3238,3.189e-05
3239,3.189e-05
3240,3.189e-05
3241,3.189e-05
3242,3.189e-05
3243,3.189e-05
3244,3.189e-05
3245,3.189e-05
3246,3.189e-05
3247,3.189e-05
3248,3.189e-05
3249,3.189e-05
3250,3.168e-05
3251,3.17e-05
3252,3.17e-05
3253,3.17e-05
3254,3.17e-05
3255,3.17e-05
3256,3.17e-05
3257,3.17e-05
3258,3.17e-05
3259,3.17e-05
3260,3.17e-05
3261,3.17e-05
3262,3.17e-05
3263,3.17e-05
3264,3.17e-05
3265,3.157e-05
3266,3.156e-05
3267,3.144e-05
3268,3.142e-05
3269,3.142e-05
3270,3.142e-05
3271,3.142e-05
3272,3.142e-05
3273,3.142e-05
3274,3.142e-05
3275,3.142e-05
3276,3.142e-05
3277,3.142e-05
3278,3.142e-05
3279,3.142e-05
3280,3.142e-05
3281,3.142e-05
3282,3.142e-05
3283,3.142e-05
3284,3.142e-05
3285,3.142e-05
3286,3.142e-05
3287,3.142e-05
3288,3.142e-05
3289,3.142e-05
3290,3.142e-05
3291,3.13e-05
3292,3.13e-05
3293,3.13e-05
3294,3.159e-05
3295,3.159e-05
3296,3.159e-05
3297,3.159e-05
3298,3.159e-05
3299,3.159e-05
3300,3.159e-05
3301,3.159e-05
3302,3.169e-05
3303,3.169e-05
3304,3.169e-05
3305,3.169e-05
3306,3.169e-05
3307,3.169e-05
3308,3.169e-05
3309,3.169e-05
3310,3.169e-05
3311,3.169e-05
3312,3.138e-05
3313,3.138e-05
3314,3.138e-05
3315,3.123e-05
3316,3.169e-05
3317,3.125e-05
3318,3.125e-05
3319,3.125e-05
3320,3.125e-05
3321,3.125e-05
3322,3.125e-05
3323,3.125e-05
3324,3.125e-05
3325,3.125e-05
3326,3.128e-05
3327,3.128e-05
3328,3.128e-05
3329,3.128e-05
3330,3.169e-05
3331,3.169e-05
3332,3.169e-05
3333,3.169e-05
3334,3.169e-05
3335,3.169e-05
3336,3.169e-05
3337,3.169e-05
3338,3.169e-05
3339,3.169e-05
3340,3.169e-05
3341,3.169e-05
3342,3.169e-05
3343,3.169e-05
3344,3.169e-05
3345,3.169e-05
3346,3.169e-05
3347,3.17e-05
3348,3.168e-05
3349,3.168e-05
3350,3.168e-05
3351,3.168e-05
3352,3.168e-05
3353,3.168e-05
3354,3.168e-05
3355,3.168e-05
3356,3.168e-05
3357,3.168e-05
3358,3.168e-05
3359,3.142e-05
3360,3.168e-05
3361,3.168e-05
3362,3.168e-05
3363,3.168e-05
3364,3.168e-05
3365,3.168e-05
3366,3.168e-05
3367,3.168e-05
3368,3.168e-05
3369,3.168e-05
3370,3.168e-05
3371,3.168e-05
3372,3.168e-05
3373,3.168e-05
3374,3.168e-05
3375,3.168e-05
3376,3.13e-05
3377,3.13e-05
3378,3.13e-05
3379,3.13e-05
3380,3.13e-05
3381,3.13e-05
3382,3.13e-05
3383,3.13e-05
3384,3.13e-05
3385,3.13e-05
3386,3.13e-05
3387,3.13e-05
3388,3.13e-05
3389,3.13e-05
3390,3.169e-05
3391,3.169e-05
3392,3.169e-05
3393,3.169e-05
3394,3.169e-05
3395,3.169e-05
3396,3.169e-05
3397,3.169e-05
3398,3.169e-05
3399,3.169e-05
3400,3.169e-05
3401,3.133e-05
3402,3.133e-05
3403,3.132e-05
3404,3.132e-05
3405,3.132e-05
3406,3.132e-05
3407,3.132e-05
3408,3.13e-05
3409,3.129e-05
3410,3.128e-05
3411,3.126e-05
3412,3.126e-05
3413,3.126e-05
3414,3.126e-05
3415,3.127e-05
3416,3.169e-05
3417,3.169e-05
3418,3.169e-05
3419,3.169e-05
3420,3.169e-05
3421,3.169e-05
3422,3.169e-05
3423,3.169e-05
3424,3.169e-05
3425,3.169e-05
3426,3.169e-05
3427,3.169e-05
3428,3.169e-05
3429,3.169e-05
3430,3.169e-05
3431,3.169e-05
3432,3.169e-05
3433,3.169e-05
3434,3.169e-05
3435,3.128e-05
3436,3.128e-05
3437,3.128e-05
3438,3.128e-05
3439,3.128e-05
3440,3.128e-05
3441,3.128e-05
3442,3.128e-05
3443,3.128e-05
3444,3.128e-05
3445,3.128e-05
3446,3.128e-05
3447,3.124e-05
3448,3.124e-05
3449,3.124e-05
3450,3.124e-05
3451,3.124e-05
3452,3.125e-05
3453,3.125e-05
3454,3.125e-05
3455,3.125e-05
3456,3.125e-05
3457,3.125e-05
3458,3.122e-05
3459,3.122e-05
3460,3.122e-05
3461,3.122e-05
3462,3.122e-05
3463,3.122e-05
3464,3.122e-05
3465,3.122e-05
3466,3.122e-05
3467,3.122e-05
3468,3.122e-05
3469,3.122e-05
3470,3.122e-05
3471,3.122e-05
3472,3.122e-05
3473,3.122e-05
3474,3.122e-05
3475,3.122e-05
3476,3.122e-05
3477,3.122e-05
3478,3.122e-05
3479,3.122e-05
3480,3.122e-05
3481,3.122e-05
3482,3.122e-05
3483,3.122e-05
3484,3.122e-05
3485,3.122e-05
3486,3.122e-05
3487,3.122e-05
3488,3.122e-05
3489,3.122e-05
3490,3.085e-05
3491,3.084e-05
3492,3.084e-05
3493,3.085e-05
3494,3.085e-05
3495,3.085e-05
3496,3.085e-05
3497,3.085e-05
3498,3.085e-05
3499,3.084e-05
3500,3.084e-05
3501,3.084e-05
3502,3.084e-05
3503,3.081e-05
3504,3.085e-05
3505,3.085e-05
3506,3.085e-05
3507,3.085e-05
3508,3.085e-05
3509,3.085e-05
3510,3.085e-05
3511,3.085e-05
3512,3.12e-05
3513,3.12e-05
3514,3.12e-05
3515,3.12e-05
3516,3.12e-05
3517,3.12e-05
3518,3.122e-05
3519,3.122e-05
3520,3.122e-05
3521,3.122e-05
3522,3.122e-05
3523,3.122e-05
3524,3.044e-05
3525,3.044e-05
3526,3.044e-05
3527,3.044e-05
3528,3.044e-05
3529,3.044e-05
3530,3.128e-05
3531,3.128e-05
3532,3.128e-05
3533,3.128e-05
3534,3.128e-05
3535,3.128e-05
3536,3.128e-05
3537,3.128e-05
3538,3.128e-05
3539,3.128e-05
3540,3.128e-05
3541,3.128e-05
3542,3.128e-05
3543,3.128e-05
3544,3.128e-05
3545,3.128e-05
3546,3.128e-05
3547,3.128e-05
3548,3.128e-05
3549,3.128e-05
3550,3.128e-05
3551,3.128e-05
3552,3.128e-05
3553,3.128e-05
3554,3.128e-05
3555,3.128e-05
3556,3.128e-05
3557,3.049e-05
3558,3.128e-05
3559,3.063e-05
3560,3.063e-05
3561,3.063e-05
3562,3.063e-05
3563,3.063e-05
3564,3.063e-05
3565,3.063e-05
3566,3.063e-05
3567,3.063e-05
3568,3.063e-05
3569,3.063e-05
3570,3.063e-05
3571,3.063e-05
3572,3.125e-05
3573,3.122e-05
3574,3.122e-05
3575,3.122e-05
3576,3.122e-05
3577,3.122e-05
3578,3.122e-05
3579,3.122e-05
3580,3.122e-05
3581,3.122e-05
3582,3.122e-05
3583,3.122e-05
3584,3.122e-05
3585,3.122e-05
3586,3.122e-05
3587,3.122e-05
3588,3.122e-05
3589,3.122e-05
3590,3.122e-05
3591,3.122e-05
3592,3.122e-05
3593,3.122e-05
3594,3.122e-05
3595,3.122e-05
3596,3.122e-05
3597,3.122e-05
3598,3.122e-05
3599,3.122e-05
3600,3.122e-05
3601,3.122e-05
3602,3.122e-05
3603,3.122e-05
3604,3.068e-05
3605,3.068e-05
3606,3.112e-05
3607,3.112e-05
3608,3.112e-05
3609,3.112e-05
3610,3.112e-05
3611,3.112e-05
3612,3.112e-05
3613,3.112e-05
3614,3.112e-05
3615,3.112e-05
3616,3.112e-05
3617,3.112e-05
3618,3.112e-05
3619,3.112e-05
3620,3.112e-05
3621,3.112e-05
3622,3.112e-05
3623,3.112e-05
3624,3.112e-05
3625,3.112e-05
3626,3.112e-05
3627,3.112e-05
3628,3.112e-05
3629,3.112e-05
3630,3.112e-05
3631,3.112e-05
3632,3.072e-05
3633,3.071e-05
3634,3.071e-05
3635,3.07e-05
3636,3.071e-05
3637,3.071e-05
3638,3.071e-05
3639,3.039e-05
3640,3.039e-05
3641,3.039e-05
3642,3.039e-05
3643,3.043e-05
3644,3.043e-05
3645,3.113e-05
3646,3.113e-05
3647,3.113e-05
3648,3.113e-05
3649,3.106e-05
3650,3.106e-05
3651,3.106e-05
3652,3.106e-05
3653,3.106e-05
3654,3.106e-05
3655,3.106e-05
3656,3.106e-05
3657,3.106e-05
3658,3.106e-05
3659,3.106e-05
3660,3.106e-05
3661,3.106e-05
3662,3.106e-05
3663,3.106e-05
3664,3.106e-05
3665,3.106e-05
3666,3.106e-05
3667,3.106e-05
3668,3.106e-05
3669,3.106e-05
3670,3.106e-05
3671,3.106e-05
3672,3.106e-05
3673,3.106e-05
3674,3.106e-05
3675,3.106e-05
3676,3.106e-05
3677,3.106e-05
3678,3.106e-05
3679,3.106e-05
3680,3.106e-05
3681,3.106e-05
3682,3.106e-05
3683,3.106e-05
3684,3.053e-05
3685,3.053e-05
3686,3.053e-05
3687,3.053e-05
3688,3.053e-05
3689,3.102e-05
3690,3.007e-05
3691,3.1e-05
3692,3.1e-05
3693,3.1e-05
3694,3.1e-05
3695,3.1e-05
3696,3.1e-05
3697,3.1e-05
3698,3.1e-05
3699,3.1e-05
3700,3.1e-05
3701,3.1e-05
3702,3.1e-05
3703,3.1e-05
3704,3.1e-05
3705,3.1e-05
3706,3.1e-05
3707,3.1e-05
3708,3.1e-05
3709,3.1e-05
3710,3.1e-05
3711,3.1e-05
3712,3.1e-05
3713,3.1e-05
3714,3.1e-05
3715,3.1e-05
3716,3.1e-05
3717,3.1e-05
3718,3.1e-05
3719,3.1e-05
3720,3.1e-05
3721,3.1e-05
3722,3.073e-05
3723,3.073e-05
3724,3.073e-05
3725,3.073e-05
3726,3.073e-05
3727,3.073e-05
3728,3.073e-05
3729,3.073e-05
3730,3.073e-05
3731,3.073e-05
3732,3.073e-05
3733,3.073e-05
3734,3.073e-05
3735,3.073e-05
3736,3.073e-05
3737,3.073e-05
3738,3.073e-05
3739,3.073e-05
3740,3.073e-05
3741,3.102e-05
3742,3.102e-05
3743,3.102e-05
3744,3.102e-05
3745,3.102e-05
3746,3.102e-05
3747,3.102e-05
3748,3.102e-05
3749,3.102e-05
3750,3.109e-05
3751,3.109e-05
3752,3.109e-05
3753,3.109e-05
3754,3.109e-05
3755,3.109e-05
3756,3.109e-05
3757,3.079e-05
3758,3.079e-05
3759,3.079e-05
3760,3.083e-05
3761,3.083e-05
3762,3.083e-05
3763,3.083e-05
3764,3.083e-05
3765,3.083e-05
3766,3.083e-05
3767,3.083e-05
3768,3.083e-05
3769,3.083e-05
3770,3.083e-05
3771,3.117e-05
3772,3.127e-05
3773,3.127e-05
3774,3.127e-05
3775,3.127e-05
3776,3.127e-05
3777,3.081e-05
3778,3.081e-05
3779,3.081e-05
3780,3.081e-05
3781,3.081e-05
3782,3.081e-05
3783,3.081e-05
3784,3.081e-05
3785,3.081e-05
3786,3.081e-05
3787,3.081e-05
3788,3.081e-05
3789,3.081e-05
3790,3.081e-05
3791,3.081e-05
3792,3.081e-05
3793,3.081e-05
3794,3.081e-05
3795,3.081e-05
3796,3.081e-05
3797,3.081e-05
3798,3.081e-05
3799,3.081e-05
3800,3.081e-05
3801,3.081e-05
3802,3.081e-05
3803,3.081e-05
3804,3.081e-05
3805,3.081e-05
3806,3.081e-05
3807,3.081e-05
3808,3.129e-05
3809,3.129e-05
3810,3.129e-05
3811,3.129e-05
3812,3.129e-05
3813,3.084e-05
3814,3.084e-05
3815,3.084e-05
3816,3.084e-05
3817,3.084e-05
3818,3.084e-05
3819,3.084e-05
3820,3.084e-05
3821,3.084e-05
3822,3.084e-05
3823,3.084e-05
3824,3.084e-05
3825,3.084e-05
3826,3.084e-05
3827,3.084e-05
3828,3.084e-05
3829,3.084e-05
3830,3.083e-05
3831,3.083e-05
3832,3.083e-05
3833,3.083e-05
3834,3.083e-05
3835,3.083e-05
3836,3.083e-05
3837,3.083e-05
3838,3.083e-05
3839,3.083e-05
3840,3.083e-05
3841,3.083e-05
3842,3.083e-05
3843,3.083e-05
3844,3.083e-05
3845,3.083e-05
3846,3.083e-05
3847,3.083e-05
3848,3.083e-05
3849,3.083e-05
3850,3.083e-05
3851,3.083e-05
3852,3.083e-05
3853,3.083e-05
3854,3.083e-05
3855,3.083e-05
3856,3.083e-05
3857,3.083e-05
3858,3.083e-05
3859,3.083e-05
3860,3.083e-05
3861,3.083e-05
3862,3.083e-05
3863,3.083e-05
3864,3.083e-05
3865,3.083e-05
3866,3.083e-05
3867,3.083e-05
3868,3.083e-05
3869,3.083e-05
3870,3.083e-05
3871,3.083e-05
3872,3.083e-05
3873,3.083e-05
3874,3.083e-05
3875,3.083e-05
3876,3.083e-05
3877,3.098e-05
3878,3.098e-05
3879,3.098e-05
3880,3.098e-05
3881,3.098e-05
3882,3.098e-05
3883,3.098e-05
3884,3.098e-05
3885,3.098e-05
3886,3.098e-05
3887,3.098e-05
3888,3.098e-05
3889,3.098e-05
3890,3.061e-05
3891,3.061e-05
3892,3.061e-05
3893,3.061e-05
3894,3.061e-05
3895,3.06e-05
3896,3.06e-05
3897,3.061e-05
3898,3.061e-05
3899,3.061e-05
3900,3.061e-05
3901,3.061e-05
3902,3.061e-05
3903,3.061e-05
3904,3.061e-05
3905,3.061e-05
3906,3.061e-05
3907,3.061e-05
3908,3.061e-05
3909,3.061e-05
3910,3.061e-05
3911,3.061e-05
3912,3.061e-05
3913,3.061e-05
3914,3.061e-05
3915,3.061e-05
3916,3.061e-05
3917,3.061e-05
3918,3.061e-05
3919,3.061e-05
3920,3.061e-05
3921,3.061e-05
3922,3.061e-05
3923,3.061e-05
3924,3.061e-05
3925,3.061e-05
3926,3.061e-05
3927,3.061e-05
3928,3.061e-05
3929,3.061e-05
3930,3.061e-05
3931,3.061e-05
3932,3.061e-05
3933,3.061e-05
3934,3.061e-05
3935,3.061e-05
3936,3.061e-05
3937,3.061e-05
3938,3.061e-05
3939,3.061e-05
3940,3.061e-05
3941,3.061e-05
3942,3.061e-05
3943,3.061e-05
3944,3.061e-05
3945,3.061e-05
3946,3.061e-05
3947,3.061e-05
3948,3.061e-05
3949,3.061e-05
3950,3.061e-05
3951,3.061e-05
3952,3.061e-05
3953,3.061e-05
3954,3.061e-05
3955,3.061e-05
3956,3.061e-05
3957,3.061e-05
3958,3.061e-05
3959,3.061e-05
3960,3.061e-05
3961,3.061e-05
3962,3.061e-05
3963,3.061e-05
3964,3.061e-05
3965,3.061e-05
3966,3.061e-05
3967,3.061e-05
3968,3.061e-05
3969,3.061e-05
3970,3.061e-05
3971,3.061e-05
3972,3.061e-05
3973,3.061e-05
3974,3.061e-05
3975,3.061e-05
3976,3.061e-05
3977,3.061e-05
3978,3.061e-05
3979,3.061e-05
3980,3.061e-05
3981,3.061e-05
3982,3.061e-05
3983,3.061e-05
3984,3.061e-05
3985,3.061e-05
3986,3.061e-05
3987,3.061e-05
3988,3.061e-05
3989,3.061e-05
3990,3.061e-05
3991,3.061e-05
3992,3.061e-05
3993,3.061e-05
3994,3.061e-05
3995,3.061e-05
3996,3.061e-05
3997,3.061e-05
3998,3.061e-05
3999,3.061e-05
4000,3.061e-05
4001,3.061e-05
4002,3.061e-05
4003,3.061e-05
4004,3.061e-05
4005,3.061e-05
4006,3.061e-05
4007,3.061e-05
4008,3.061e-05
4009,3.061e-05
4010,3.061e-05
4011,3.061e-05
4012,3.061e-05
4013,3.06e-05
4014,3.06e-05
4015,3.06e-05
4016,3.06e-05
4017,3.06e-05
4018,3.06e-05
4019,3.06e-05
4020,3.06e-05
4021,3.06e-05
4022,3.06e-05
4023,3.06e-05
4024,3.06e-05
4025,3.06e-05
4026,3.06e-05
4027,3.06e-05
4028,3.06e-05
4029,3.06e-05
4030,3.049e-05
4031,3.049e-05
4032,3.049e-05
4033,3.049e-05
4034,3.049e-05
4035,3.049e-05
4036,3.049e-05
4037,3.049e-05
4038,3.049e-05
4039,3.049e-05
4040,3.049e-05
4041,3.049e-05
4042,3.049e-05
4043,3.049e-05
4044,3.049e-05
4045,3.049e-05
4046,3.049e-05
4047,3.049e-05
4048,3.049e-05
4049,3.109e-05
4050,3.109e-05
4051,3.109e-05
4052,3.109e-05
4053,3.109e-05
4054,3.109e-05
4055,3.032e-05
4056,3.032e-05
4057,3.032e-05
4058,3.032e-05
4059,3.032e-05
4060,3.032e-05
4061,3.032e-05
4062,3.032e-05
4063,3.032e-05
4064,3.032e-05
4065,3.047e-05
4066,3.047e-05
4067,3.047e-05
4068,3.047e-05
4069,3.047e-05
4070,3.033e-05
4071,3.033e-05
4072,3.033e-05
4073,3.03e-05
4074,3.03e-05
4075,3.03e-05
4076,3.03e-05
4077,3.018e-05
4078,3.018e-05
4079,3.018e-05
4080,3.018e-05
4081,3.018e-05
4082,3.018e-05
4083,3.018e-05
4084,3.018e-05
4085,3.018e-05
4086,3.024e-05
4087,3.024e-05
4088,3.024e-05
4089,3.024e-05
4090,3.03e-05
4091,3.03e-05
4092,3.015e-05
4093,3.015e-05
4094,3.015e-05
4095,3.015e-05
4096,3.015e-05
4097,3.015e-05
4098,3.015e-05
4099,3.006e-05
4100,3.006e-05
4101,3.006e-05
4102,3.006e-05
4103,3.006e-05
4104,3.006e-05
4105,3.006e-05
4106,3.006e-05
4107,3.006e-05
4108,3.006e-05
4109,3.006e-05
4110,3e-05
4111,3e-05
4112,2.824e-05
4113,2.9e-05
4114,2.9e-05
4115,2.83e-05
4116,2.9e-05
4117,2.9e-05
4118,2.9e-05
4119,2.899e-05
4120,2.898e-05
4121,2.898e-05
4122,2.897e-05
4123,2.897e-05
4124,2.896e-05
4125,2.895e-05
4126,2.895e-05
4127,2.895e-05
4128,2.895e-05
4129,2.895e-05
4130,2.895e-05
4131,2.896e-05
4132,2.897e-05
4133,2.897e-05
4134,2.897e-05
4135,2.863e-05
4136,2.863e-05
4137,2.863e-05
4138,2.863e-05
4139,2.863e-05
4140,2.862e-05
4141,2.862e-05
4142,2.862e-05
4143,2.862e-05
4144,2.862e-05
4145,2.862e-05
4146,2.861e-05
4147,2.861e-05
4148,2.861e-05
4149,2.861e-05
4150,2.861e-05
4151,2.861e-05
4152,2.861e-05
4153,2.861e-05
4154,2.861e-05
4155,2.857e-05
4156,2.857e-05
4157,2.857e-05
4158,2.827e-05
4159,2.827e-05
4160,2.827e-05
4161,2.827e-05
4162,2.827e-05
4163,2.857e-05
4164,2.856e-05
4165,2.856e-05
4166,2.855e-05
4167,2.861e-05
4168,2.826e-05
4169,2.826e-05
4170,2.826e-05
4171,2.826e-05
4172,2.826e-05
4173,2.826e-05
4174,2.826e-05
4175,2.826e-05
4176,2.826e-05
4177,2.826e-05
4178,2.826e-05
4179,2.826e-05
4180,2.826e-05
4181,2.826e-05
4182,2.826e-05
4183,2.826e-05
4184,2.825e-05
4185,2.825e-05
4186,2.854e-05
4187,2.854e-05
4188,2.853e-05
4189,2.853e-05
4190,2.853e-05
4191,2.852e-05
4192,2.849e-05
4193,2.852e-05
4194,2.859e-05
4195,2.858e-05
4196,2.858e-05
4197,2.858e-05
4198,2.858e-05
4199,2.858e-05
4200,2.858e-05
4201,2.859e-05
4202,2.859e-05
4203,2.851e-05
4204,2.851e-05
4205,2.849e-05
4206,2.849e-05
4207,2.859e-05
4208,2.824e-05
4209,2.859e-05
4210,2.818e-05
4211,2.858e-05
4212,2.816e-05
4213,2.816e-05
4214,2.816e-05
4215,2.853e-05
4216,2.852e-05
4217,2.852e-05
4218,2.815e-05
4219,2.852e-05
4220,2.852e-05
4221,2.852e-05
4222,2.852e-05
4223,2.852e-05
4224,2.907e-05
4225,2.907e-05
4226,2.907e-05
4227,2.907e-05
4228,2.907e-05
4229,2.907e-05
4230,2.907e-05
4231,2.907e-05
4232,2.907e-05
4233,2.907e-05
4234,2.88e-05
4235,2.88e-05
4236,2.88e-05
4237,2.86e-05
4238,2.86e-05
4239,2.86e-05
4240,2.86e-05
4241,2.86e-05
4242,2.86e-05
4243,2.86e-05
4244,2.82e-05
4245,2.82e-05
4246,2.839e-05
4247,2.839e-05
4248,2.839e-05
4249,2.839e-05
4250,2.927e-05
4251,2.927e-05
4252,2.927e-05
4253,2.927e-05
4254,2.927e-05
4255,2.927e-05
4256,2.828e-05
4257,2.828e-05
4258,2.828e-05
4259,2.828e-05
4260,2.838e-05
4261,2.838e-05
4262,2.838e-05
4263,2.838e-05
4264,2.838e-05
4265,2.838e-05
4266,2.838e-05
4267,2.838e-05
4268,2.838e-05
4269,2.838e-05
4270,2.838e-05
4271,2.838e-05
4272,2.838e-05
4273,2.838e-05
4274,2.838e-05
4275,2.838e-05
4276,2.838e-05
4277,2.838e-05
4278,2.838e-05
4279,2.838e-05
4280,2.815e-05
4281,2.815e-05
4282,2.815e-05
4283,2.815e-05
4284,2.815e-05
4285,2.815e-05
4286,2.815e-05
4287,2.816e-05
4288,2.816e-05
4289,2.816e-05
4290,2.816e-05
4291,2.816e-05
4292,2.816e-05
4293,2.816e-05
4294,2.847e-05
4295,2.847e-05
4296,2.847e-05
4297,2.847e-05
4298,2.847e-05
4299,2.847e-05
4300,2.847e-05
4301,2.847e-05
4302,2.847e-05
4303,2.907e-05
4304,2.907e-05
4305,2.906e-05
4306,2.906e-05
4307,2.906e-05
4308,2.906e-05
4309,2.906e-05
4310,2.906e-05
4311,2.906e-05
4312,2.906e-05
4313,2.906e-05
4314,2.906e-05
4315,2.906e-05
4316,2.906e-05
4317,2.906e-05
4318,2.906e-05
4319,2.906e-05
4320,2.873e-05
4321,2.873e-05
4322,2.921e-05
4323,2.921e-05
4324,2.921e-05
4325,2.921e-05
4326,2.921e-05
4327,2.921e-05
4328,2.921e-05
4329,2.921e-05
4330,2.921e-05
4331,2.921e-05
4332,2.921e-05
4333,2.921e-05
4334,2.921e-05
4335,2.921e-05
4336,2.876e-05
4337,2.879e-05
4338,2.881e-05
4339,2.881e-05
4340,2.881e-05
4341,2.881e-05
4342,2.881e-05
4343,2.881e-05
4344,2.881e-05
4345,2.881e-05
4346,2.881e-05
4347,2.881e-05
4348,2.881e-05
4349,2.881e-05
4350,2.881e-05
4351,2.881e-05
4352,2.884e-05
4353,2.884e-05
4354,2.884e-05
4355,2.884e-05
4356,2.8e-05
4357,2.8e-05
4358,2.8e-05
4359,2.8e-05
4360,2.8e-05
4361,2.8e-05
4362,2.8e-05
4363,2.8e-05
4364,2.8e-05
4365,2.8e-05
4366,2.8e-05
4367,2.8e-05
4368,2.8e-05
4369,2.8e-05
4370,2.8e-05
4371,2.8e-05
4372,2.8e-05
4373,2.8e-05
4374,2.8e-05
4375,2.8e-05
4376,2.8e-05
4377,2.8e-05
4378,2.8e-05
4379,2.8e-05
4380,2.8e-05
4381,2.8e-05
4382,2.8e-05
4383,2.8e-05
4384,2.8e-05
4385,2.8e-05
4386,2.8e-05
4387,2.8e-05
4388,2.8e-05
4389,2.8e-05
4390,2.8e-05
4391,2.8e-05
4392,2.8e-05
4393,2.8e-05
4394,2.8e-05
4395,2.8e-05
4396,2.8e-05
4397,2.8e-05
4398,2.8e-05
4399,2.8e-05
4400,2.8e-05
4401,2.852e-05
4402,2.853e-05
4403,2.853e-05
4404,2.853e-05
4405,2.801e-05
4406,2.801e-05
4407,2.801e-05
4408,2.801e-05
4409,2.801e-05
4410,2.801e-05
4411,2.801e-05
4412,2.801e-05
4413,2.801e-05
4414,2.801e-05
4415,2.804e-05
4416,2.804e-05
4417,2.804e-05
4418,2.804e-05
4419,2.804e-05
4420,2.804e-05
4421,2.804e-05
4422,2.804e-05
4423,2.804e-05
4424,2.804e-05
4425,2.809e-05
4426,2.809e-05
4427,2.809e-05
4428,2.809e-05
4429,2.809e-05
4430,2.809e-05
4431,2.849e-05
4432,2.849e-05
4433,2.849e-05
4434,2.849e-05
4435,2.849e-05
4436,2.849e-05
4437,2.849e-05
4438,2.849e-05
4439,2.849e-05
4440,2.849e-05
4441,2.849e-05
4442,2.849e-05
4443,2.849e-05
4444,2.849e-05
4445,2.849e-05
4446,2.849e-05
4447,2.849e-05
4448,2.849e-05
4449,2.849e-05
4450,2.849e-05
4451,2.849e-05
4452,2.849e-05
4453,2.811e-05
4454,2.811e-05
4455,2.811e-05
4456,2.811e-05
4457,2.811e-05
4458,2.811e-05
4459,2.803e-05
4460,2.802e-05
4461,2.802e-05
4462,2.802e-05
4463,2.802e-05
4464,2.802e-05
4465,2.802e-05
4466,2.802e-05
4467,2.802e-05
4468,2.802e-05
4469,2.802e-05
4470,2.802e-05
4471,2.802e-05
4472,2.802e-05
4473,2.866e-05
4474,2.866e-05
4475,2.866e-05
4476,2.866e-05
4477,2.866e-05
4478,2.866e-05
4479,2.866e-05
4480,2.866e-05
4481,2.866e-05
4482,2.866e-05
4483,2.866e-05
4484,2.866e-05
4485,2.866e-05
4486,2.866e-05
4487,2.866e-05
4488,2.866e-05
4489,2.866e-05
4490,2.866e-05
4491,2.866e-05
4492,2.866e-05
4493,2.866e-05
4494,2.865e-05
4495,2.865e-05
4496,2.865e-05
4497,2.865e-05
4498,2.865e-05
4499,2.865e-05
4500,2.865e-05
4501,2.865e-05
4502,2.865e-05
4503,2.865e-05
4504,2.865e-05
4505,2.865e-05
4506,2.865e-05
4507,2.865e-05
4508,2.865e-05
4509,2.865e-05
4510,2.865e-05
4511,2.865e-05
4512,2.865e-05
4513,2.865e-05
4514,2.865e-05
4515,2.865e-05
4516,2.865e-05
4517,2.865e-05
4518,2.865e-05
4519,2.865e-05
4520,2.865e-05
4521,2.865e-05
4522,2.865e-05
4523,2.865e-05
4524,2.865e-05
4525,2.865e-05
4526,2.865e-05
4527,2.865e-05
4528,2.865e-05
4529,2.865e-05
4530,2.865e-05
4531,2.865e-05
4532,2.865e-05
4533,2.865e-05
4534,2.865e-05
4535,2.865e-05
4536,2.865e-05
4537,2.865e-05
4538,2.82e-05
4539,2.82e-05
4540,2.82e-05
4541,2.82e-05
4542,2.82e-05
4543,2.82e-05
4544,2.82e-05
4545,2.82e-05
4546,2.82e-05
4547,2.82e-05
4548,2.82e-05
4549,2.82e-05
4550,2.82e-05
4551,2.82e-05
4552,2.82e-05
4553,2.82e-05
4554,2.82e-05
4555,2.82e-05
4556,2.82e-05
4557,2.82e-05
4558,2.82e-05
4559,2.82e-05
4560,2.82e-05
4561,2.82e-05
4562,2.82e-05
4563,2.82e-05
4564,2.82e-05
4565,2.82e-05
4566,2.82e-05
4567,2.82e-05
4568,2.82e-05
4569,2.82e-05
4570,2.82e-05
4571,2.82e-05
4572,2.82e-05
4573,2.82e-05
4574,2.82e-05
4575,2.82e-05
4576,2.82e-05
4577,2.82e-05
4578,2.82e-05
4579,2.82e-05
4580,2.82e-05
4581,2.82e-05
4582,2.82e-05
4583,2.82e-05
4584,2.82e-05
4585,2.82e-05
4586,2.82e-05
4587,2.82e-05
4588,2.82e-05
4589,2.82e-05
4590,2.82e-05
4591,2.82e-05
4592,2.82e-05
4593,2.82e-05
4594,2.82e-05
4595,2.82e-05
4596,2.82e-05
4597,2.796e-05
4598,2.796e-05
4599,2.796e-05
4600,2.796e-05
4601,2.796e-05
4602,2.796e-05
4603,2.796e-05
4604,2.796e-05
4605,2.796e-05
4606,2.796e-05
4607,2.79e-05
4608,2.79e-05
4609,2.79e-05
4610,2.79e-05
4611,2.79e-05
4612,2.79e-05
4613,2.79e-05
4614,2.79e-05
4615,2.79e-05
4616,2.819e-05
4617,2.818e-05
4618,2.818e-05
4619,2.818e-05
4620,2.818e-05
4621,2.818e-05
4622,2.818e-05
4623,2.818e-05
4624,2.818e-05
4625,2.818e-05
4626,2.818e-05
4627,2.791e-05
4628,2.791e-05
4629,2.791e-05
4630,2.791e-05
4631,2.791e-05
4632,2.791e-05
4633,2.791e-05
4634,2.791e-05
4635,2.791e-05
4636,2.791e-05
4637,2.791e-05
4638,2.791e-05
4639,2.791e-05
4640,2.791e-05
4641,2.791e-05
4642,2.791e-05
4643,2.791e-05
4644,2.791e-05
4645,2.791e-05
4646,2.791e-05
4647,2.791e-05
4648,2.791e-05
4649,2.791e-05
4650,2.791e-05
4651,2.799e-05
4652,2.799e-05
4653,2.799e-05
4654,2.799e-05
4655,2.799e-05
4656,2.799e-05
4657,2.799e-05
4658,2.799e-05
4659,2.799e-05
4660,2.799e-05
4661,2.799e-05
4662,2.799e-05
4663,2.799e-05
4664,2.799e-05
4665,2.799e-05
4666,2.799e-05
4667,2.799e-05
4668,2.799e-05
4669,2.799e-05
4670,2.799e-05
4671,2.799e-05
4672,2.799e-05
4673,2.799e-05
4674,2.799e-05
4675,2.799e-05
4676,2.799e-05
4677,2.799e-05
4678,2.799e-05
4679,2.799e-05
4680,2.799e-05
4681,2.799e-05
4682,2.799e-05
4683,2.799e-05
4684,2.799e-05
4685,2.799e-05
4686,2.799e-05
4687,2.799e-05
4688,2.799e-05
4689,2.799e-05
4690,2.799e-05
4691,2.799e-05
4692,2.799e-05
4693,2.799e-05
4694,2.799e-05
4695,2.799e-05
4696,2.799e-05
4697,2.799e-05
4698,2.792e-05
4699,2.792e-05
4700,2.792e-05
4701,2.792e-05
4702,2.792e-05
4703,2.792e-05
4704,2.792e-05
4705,2.792e-05
4706,2.792e-05
4707,2.791e-05
4708,2.791e-05
4709,2.791e-05
4710,2.791e-05
4711,2.791e-05
4712,2.791e-05
4713,2.791e-05
4714,2.791e-05
4715,2.792e-05
4716,2.792e-05
4717,2.792e-05
4718,2.792e-05
4719,2.792e-05
4720,2.792e-05
4721,2.792e-05
4722,2.792e-05
4723,2.79e-05
4724,2.79e-05
4725,2.79e-05
4726,2.79e-05
4727,2.79e-05
4728,2.79e-05
4729,2.79e-05
4730,2.79e-05
4731,2.79e-05
4732,2.79e-05
4733,2.79e-05
4734,2.79e-05
4735,2.79e-05
4736,2.79e-05
4737,2.79e-05
4738,2.79e-05
4739,2.79e-05
4740,2.79e-05
4741,2.79e-05
4742,2.79e-05
4743,2.79e-05
4744,2.79e-05
4745,2.79e-05
4746,2.79e-05
4747,2.79e-05
4748,2.79e-05
4749,2.79e-05
4750,2.79e-05
4751,2.792e-05
4752,2.792e-05
4753,2.79e-05
4754,2.79e-05
4755,2.79e-05
4756,2.79e-05
4757,2.79e-05
4758,2.79e-05
4759,2.79e-05
4760,2.79e-05
4761,2.79e-05
4762,2.79e-05
4763,2.79e-05
4764,2.79e-05
4765,2.79e-05
4766,2.79e-05
4767,2.789e-05
4768,2.789e-05
4769,2.789e-05
4770,2.789e-05
4771,2.789e-05
4772,2.789e-05
4773,2.789e-05
4774,2.779e-05
4775,2.779e-05
4776,2.779e-05
4777,2.779e-05
4778,2.779e-05
4779,2.779e-05
4780,2.779e-05
4781,2.779e-05
4782,2.779e-05
4783,2.779e-05
4784,2.779e-05
4785,2.779e-05
4786,2.779e-05
4787,2.779e-05
4788,2.779e-05
4789,2.779e-05
4790,2.779e-05
4791,2.779e-05
4792,2.779e-05
4793,2.779e-05
4794,2.699e-05
4795,2.675e-05
4796,2.675e-05
4797,2.675e-05
4798,2.675e-05
4799,2.675e-05
4800,2.675e-05
4801,2.675e-05
4802,2.675e-05
4803,2.675e-05
4804,2.699e-05
4805,2.699e-05
4806,2.699e-05
4807,2.696e-05
4808,2.7e-05
4809,2.7e-05
4810,2.7e-05
4811,2.7e-05
4812,2.698e-05
4813,2.698e-05
4814,2.697e-05
4815,2.697e-05
4816,2.696e-05
4817,2.695e-05
4818,2.694e-05
4819,2.693e-05
4820,2.692e-05
4821,2.691e-05
4822,2.69e-05
4823,2.689e-05
4824,2.66e-05
4825,2.66e-05
4826,2.66e-05
4827,2.66e-05
4828,2.66e-05
4829,2.659e-05
4830,2.659e-05
4831,2.659e-05
4832,2.659e-05
4833,2.659e-05
4834,2.659e-05
4835,2.659e-05
4836,2.659e-05
4837,2.659e-05
4838,2.659e-05
4839,2.659e-05
4840,2.661e-05
4841,2.661e-05
4842,2.661e-05
4843,2.661e-05
4844,2.661e-05
4845,2.661e-05
4846,2.661e-05
4847,2.676e-05
4848,2.676e-05
4849,2.676e-05
4850,2.676e-05
4851,2.676e-05
4852,2.676e-05
4853,2.676e-05
4854,2.676e-05
4855,2.676e-05
4856,2.676e-05
4857,2.676e-05
4858,2.676e-05
4859,2.676e-05
4860,2.652e-05
4861,2.652e-05
4862,2.652e-05
4863,2.652e-05
4864,2.687e-05
4865,2.689e-05
4866,2.689e-05
4867,2.693e-05
4868,2.693e-05
4869,2.693e-05
4870,2.697e-05
4871,2.697e-05
4872,2.697e-05
4873,2.697e-05
4874,2.697e-05
4875,2.697e-05
4876,2.697e-05
4877,2.697e-05
4878,2.697e-05
4879,2.696e-05
4880,2.696e-05
4881,2.696e-05
4882,2.696e-05
4883,2.701e-05
4884,2.701e-05
4885,2.701e-05
4886,2.701e-05
4887,2.727e-05
4888,2.727e-05
4889,2.727e-05
4890,2.727e-05
4891,2.727e-05
4892,2.727e-05
4893,2.727e-05
4894,2.727e-05
4895,2.727e-05
4896,2.727e-05
4897,2.727e-05
4898,2.727e-05
4899,2.727e-05
4900,2.727e-05
4901,2.727e-05
4902,2.73e-05
4903,2.73e-05
4904,2.73e-05
4905,2.73e-05
4906,2.73e-05
4907,2.73e-05
4908,2.73e-05
4909,2.73e-05
4910,2.73e-05
4911,2.726e-05
4912,2.726e-05
4913,2.727e-05
4914,2.727e-05
4915,2.727e-05
4916,2.727e-05
4917,2.727e-05
4918,2.727e-05
4919,2.727e-05
4920,2.727e-05
4921,2.727e-05
4922,2.8e-05
4923,2.71e-05
4924,2.712e-05
4925,2.715e-05
4926,2.718e-05
4927,2.721e-05
4928,2.723e-05
4929,2.726e-05
4930,2.729e-05
4931,2.734e-05
4932,2.734e-05
4933,2.751e-05
4934,2.753e-05
4935,2.754e-05
4936,2.754e-05
4937,2.759e-05
4938,2.76e-05
4939,2.762e-05
4940,2.762e-05
4941,2.762e-05
4942,2.78e-05
4943,2.78e-05
4944,2.78e-05
4945,2.78e-05
4946,2.78e-05
4947,2.78e-05
4948,2.78e-05
4949,2.78e-05
4950,2.78e-05
4951,2.8e-05
4952,2.8e-05
4953,2.8e-05
4954,2.8e-05
4955,2.81e-05
4956,2.81e-05
4957,2.81e-05
4958,2.81e-05
4959,2.81e-05
4960,2.81e-05
4961,2.81e-05
4962,2.81e-05
4963,2.81e-05
4964,2.849e-05
4965,2.85e-05
4966,2.85e-05
4967,2.85e-05
4968,2.85e-05
4969,2.85e-05
4970,2.85e-05
4971,2.85e-05
4972,2.85e-05
4973,2.85e-05
4974,2.85e-05
4975,2.85e-05
4976,2.85e-05
4977,2.85e-05
4978,2.85e-05
4979,2.85e-05
4980,2.856e-05
4981,2.856e-05
4982,2.856e-05
4983,2.856e-05
4984,2.856e-05
4985,2.856e-05
4986,2.856e-05
4987,2.856e-05
4988,2.856e-05
4989,2.856e-05
4990,2.856e-05
4991,2.856e-05
4992,2.856e-05
4993,2.856e-05
4994,2.857e-05
4995,2.857e-05
4996,2.857e-05
4997,2.857e-05
4998,2.856e-05
4999,2.856e-05
5000,2.856e-05
5001,2.856e-05
5002,2.857e-05
5003,2.856e-05
5004,2.856e-05
5005,2.856e-05
5006,2.856e-05
5007,2.856e-05
5008,2.856e-05
5009,2.856e-05
5010,2.856e-05
5011,2.856e-05
5012,2.856e-05
5013,2.856e-05
5014,2.856e-05
5015,2.856e-05
5016,2.856e-05
5017,2.856e-05
5018,2.856e-05
5019,2.856e-05
5020,2.856e-05
5021,2.856e-05
5022,2.856e-05
5023,2.856e-05
5024,2.856e-05
5025,2.856e-05
5026,2.856e-05
5027,2.856e-05
5028,2.856e-05
5029,2.856e-05
5030,2.857e-05
5031,2.86e-05
5032,2.862e-05
5033,2.863e-05
5034,2.864e-05
5035,2.867e-05
5036,2.869e-05
5037,2.871e-05
5038,2.872e-05
5039,2.873e-05
5040,2.872e-05
5041,2.858e-05
5042,2.858e-05
5043,2.858e-05
5044,2.858e-05
5045,2.858e-05
5046,2.858e-05
5047,2.858e-05
5048,2.858e-05
5049,2.858e-05
5050,2.858e-05
5051,2.858e-05
5052,2.858e-05
5053,2.858e-05
5054,2.858e-05
5055,2.86e-05
5056,2.86e-05
5057,2.86e-05
5058,2.86e-05
5059,2.892e-05
5060,2.892e-05
5061,2.892e-05
5062,2.892e-05
5063,2.892e-05
5064,2.892e-05
5065,2.892e-05
5066,2.892e-05
5067,2.892e-05
5068,2.892e-05
5069,2.886e-05
5070,2.886e-05
5071,2.886e-05
5072,2.856e-05
5073,2.856e-05
5074,2.856e-05
5075,2.856e-05
5076,2.856e-05
5077,2.856e-05
5078,2.856e-05
5079,2.856e-05
5080,2.856e-05
5081,2.856e-05
5082,2.856e-05
5083,2.856e-05
5084,2.856e-05
5085,2.856e-05
5086,2.819e-05
5087,2.819e-05
5088,2.819e-05
5089,2.819e-05
5090,2.819e-05
5091,2.819e-05
5092,2.819e-05
5093,2.819e-05
5094,2.819e-05
5095,2.819e-05
5096,2.819e-05
5097,2.819e-05
5098,2.819e-05
5099,2.819e-05
5100,2.831e-05
5101,2.831e-05
5102,2.831e-05
5103,2.831e-05
5104,2.831e-05
5105,2.831e-05
5106,2.831e-05
5107,2.831e-05
5108,2.831e-05
5109,2.831e-05
5110,2.831e-05
5111,2.831e-05
5112,2.831e-05
5113,2.831e-05
5114,2.831e-05
5115,2.831e-05
5116,2.831e-05
5117,2.854e-05
5118,2.854e-05
5119,2.854e-05
5120,2.854e-05
5121,2.854e-05
5122,2.854e-05
5123,2.854e-05
5124,2.854e-05
5125,2.854e-05
5126,2.854e-05
5127,2.854e-05
5128,2.854e-05
5129,2.854e-05
5130,2.854e-05
5131,2.854e-05
5132,2.854e-05
5133,2.854e-05
5134,2.854e-05
5135,2.854e-05
5136,2.854e-05
5137,2.849e-05
5138,2.849e-05
5139,2.849e-05
5140,2.849e-05
5141,2.849e-05
5142,2.849e-05
5143,2.849e-05
5144,2.849e-05
5145,2.849e-05
5146,2.849e-05
5147,2.849e-05
5148,2.849e-05
5149,2.849e-05
5150,2.849e-05
5151,2.855e-05
5152,2.855e-05
5153,2.855e-05
5154,2.855e-05
5155,2.855e-05
5156,2.855e-05
5157,2.855e-05
5158,2.816e-05
5159,2.816e-05
5160,2.816e-05
5161,2.816e-05
5162,2.816e-05
5163,2.816e-05
5164,2.816e-05
5165,2.816e-05
5166,2.816e-05
5167,2.854e-05
5168,2.854e-05
5169,2.854e-05
5170,2.854e-05
5171,2.854e-05
5172,2.854e-05
5173,2.854e-05
5174,2.854e-05
5175,2.854e-05
5176,2.854e-05
5177,2.854e-05
5178,2.854e-05
5179,2.854e-05
5180,2.854e-05
5181,2.854e-05
5182,2.854e-05
5183,2.854e-05
5184,2.854e-05
5185,2.854e-05
5186,2.854e-05
5187,2.854e-05
5188,2.6e-05
5189,2.607e-05
5190,2.704e-05
5191,2.7e-05
5192,2.699e-05
5193,2.697e-05
5194,2.696e-05
5195,2.696e-05
5196,2.696e-05
5197,2.695e-05
5198,2.695e-05
5199,2.694e-05
5200,2.693e-05
5201,2.692e-05
5202,2.691e-05
5203,2.691e-05
5204,2.69e-05
5205,2.689e-05
5206,2.687e-05
5207,2.687e-05
5208,2.666e-05
5209,2.685e-05
5210,2.685e-05
5211,2.685e-05
5212,2.685e-05
5213,2.685e-05
5214,2.685e-05
5215,2.685e-05
5216,2.685e-05
5217,2.685e-05
5218,2.685e-05
5219,2.685e-05
5220,2.685e-05
5221,2.672e-05
5222,2.685e-05
5223,2.685e-05
5224,2.694e-05
5225,2.704e-05
5226,2.704e-05
5227,2.704e-05
5228,2.704e-05
5229,2.704e-05
5230,2.704e-05
5231,2.704e-05
5232,2.699e-05
5233,2.699e-05
5234,2.699e-05
5235,2.699e-05
5236,2.699e-05
5237,2.699e-05
5238,2.699e-05
5239,2.699e-05
5240,2.699e-05
5241,2.699e-05
5242,2.699e-05
5243,2.699e-05
5244,2.699e-05
5245,2.706e-05
5246,2.706e-05
5247,2.706e-05
5248,2.706e-05
5249,2.706e-05
5250,2.706e-05
5251,2.706e-05
5252,2.706e-05
5253,2.706e-05
5254,2.706e-05
5255,2.706e-05
5256,2.706e-05
5257,2.706e-05
5258,2.706e-05
5259,2.706e-05
5260,2.706e-05
5261,2.706e-05
5262,2.706e-05
5263,2.706e-05
5264,2.706e-05
5265,2.702e-05
5266,2.702e-05
5267,2.702e-05
5268,2.701e-05
5269,2.701e-05
5270,2.701e-05
5271,2.701e-05
5272,2.701e-05
5273,2.701e-05
5274,2.7e-05
5275,2.7e-05
5276,2.7e-05
5277,2.7e-05
5278,2.7e-05
5279,2.7e-05
5280,2.7e-05
5281,2.7e-05
5282,2.7e-05
5283,2.7e-05
5284,2.7e-05
5285,2.7e-05
5286,2.7e-05
5287,2.701e-05
5288,2.701e-05
5289,2.701e-05
5290,2.701e-05
5291,2.701e-05
5292,2.701e-05
5293,2.701e-05
5294,2.701e-05
5295,2.701e-05
5296,2.701e-05
5297,2.701e-05
5298,2.701e-05
5299,2.701e-05
5300,2.701e-05
5301,2.701e-05
5302,2.701e-05
5303,2.701e-05
5304,2.701e-05
5305,2.701e-05
5306,2.701e-05
5307,2.701e-05
5308,2.701e-05
5309,2.701e-05
5310,2.701e-05
5311,2.701e-05
5312,2.701e-05
5313,2.701e-05
5314,2.701e-05
5315,2.701e-05
5316,2.701e-05
5317,2.701e-05
5318,2.7e-05
5319,2.7e-05
5320,2.7e-05
5321,2.7e-05
5322,2.7e-05
5323,2.7e-05
5324,2.7e-05
5325,2.691e-05
5326,2.691e-05
5327,2.691e-05
5328,2.691e-05
5329,2.691e-05
5330,2.691e-05
5331,2.691e-05
5332,2.691e-05
5333,2.691e-05
5334,2.691e-05
5335,2.691e-05
5336,2.691e-05
5337,2.691e-05
5338,2.691e-05
5339,2.691e-05
5340,2.691e-05
5341,2.691e-05
5342,2.723e-05
5343,2.723e-05
5344,2.723e-05
5345,2.723e-05
5346,2.723e-05
5347,2.723e-05
5348,2.723e-05
5349,2.723e-05
5350,2.723e-05
5351,2.723e-05
5352,2.723e-05
5353,2.723e-05
5354,2.723e-05
5355,2.76e-05
5356,2.76e-05
5357,2.76e-05
5358,2.727e-05
5359,2.759e-05
5360,2.729e-05
5361,2.73e-05
5362,2.73e-05
5363,2.73e-05
5364,2.73e-05
5365,2.759e-05
5366,2.759e-05
5367,2.759e-05
5368,2.759e-05
5369,2.759e-05
5370,2.759e-05
5371,2.759e-05
5372,2.758e-05
5373,2.758e-05
5374,2.758e-05
5375,2.758e-05
5376,2.758e-05
5377,2.729e-05
5378,2.729e-05
5379,2.729e-05
5380,2.729e-05
5381,2.729e-05
5382,2.729e-05
5383,2.718e-05
5384,2.718e-05
5385,2.718e-05
5386,2.718e-05
5387,2.718e-05
5388,2.718e-05
5389,2.718e-05
5390,2.718e-05
5391,2.718e-05
5392,2.729e-05
5393,2.729e-05
5394,2.755e-05
5395,2.755e-05
5396,2.755e-05
5397,2.755e-05
5398,2.755e-05
5399,2.755e-05
5400,2.755e-05
5401,2.755e-05
5402,2.755e-05
5403,2.755e-05
5404,2.755e-05
5405,2.755e-05
5406,2.755e-05
5407,2.755e-05
5408,2.755e-05
5409,2.755e-05
5410,2.755e-05
5411,2.73e-05
5412,2.73e-05
5413,2.73e-05
5414,2.73e-05
5415,2.73e-05
5416,2.73e-05
5417,2.73e-05
5418,2.73e-05
5419,2.73e-05
5420,2.73e-05
5421,2.73e-05
5422,2.73e-05
5423,2.73e-05
5424,2.73e-05
5425,2.73e-05
5426,2.73e-05
5427,2.73e-05
5428,2.729e-05
5429,2.729e-05
5430,2.729e-05
5431,2.729e-05
5432,2.729e-05
5433,2.729e-05
5434,2.73e-05
5435,2.73e-05
5436,2.73e-05
5437,2.73e-05
5438,2.761e-05
5439,2.761e-05
5440,2.761e-05
5441,2.761e-05
5442,2.761e-05
5443,2.732e-05
5444,2.732e-05
5445,2.734e-05
5446,2.734e-05
5447,2.797e-05
5448,2.797e-05
5449,2.738e-05
5450,2.74e-05
5451,2.744e-05
5452,2.747e-05
5453,2.75e-05
5454,2.751e-05
5455,2.754e-05
5456,2.752e-05
5457,2.797e-05
5458,2.797e-05
5459,2.797e-05
5460,2.797e-05
5461,2.781e-05
5462,2.781e-05
5463,2.781e-05
5464,2.781e-05
5465,2.781e-05
5466,2.781e-05
5467,2.781e-05
5468,2.781e-05
5469,2.781e-05
5470,2.781e-05
5471,2.781e-05
5472,2.781e-05
5473,2.785e-05
5474,2.785e-05
5475,2.785e-05
5476,2.752e-05
5477,2.752e-05
5478,2.752e-05
5479,2.752e-05
5480,2.752e-05
5481,2.752e-05
5482,2.752e-05
5483,2.78e-05
5484,2.751e-05
5485,2.78e-05
5486,2.78e-05
5487,2.78e-05
5488,2.78e-05
5489,2.78e-05
5490,2.752e-05
5491,2.759e-05
5492,2.759e-05
5493,2.759e-05
5494,2.759e-05
5495,2.759e-05
5496,2.759e-05
5497,2.752e-05
5498,2.752e-05
5499,2.752e-05
5500,2.752e-05
5501,2.752e-05
5502,2.752e-05
5503,2.752e-05
5504,2.752e-05
5505,2.752e-05
5506,2.752e-05
5507,2.752e-05
5508,2.752e-05
5509,2.752e-05
5510,2.752e-05
5511,2.752e-05
5512,2.752e-05
5513,2.752e-05
5514,2.752e-05
5515,2.752e-05
5516,2.752e-05
5517,2.752e-05
5518,2.752e-05
5519,2.752e-05
5520,2.752e-05
5521,2.752e-05
5522,2.752e-05
5523,2.752e-05
5524,2.752e-05
5525,2.752e-05
5526,2.752e-05
5527,2.752e-05
5528,2.752e-05
5529,2.752e-05
5530,2.752e-05
5531,2.759e-05
5532,2.759e-05
5533,2.759e-05
5534,2.759e-05
5535,2.758e-05
5536,2.758e-05
5537,2.758e-05
5538,2.758e-05
5539,2.758e-05
5540,2.758e-05
5541,2.758e-05
5542,2.758e-05
5543,2.758e-05
5544,2.794e-05
5545,2.733e-05
5546,2.798e-05
5547,2.798e-05
5548,2.798e-05
5549,2.798e-05
5550,2.798e-05
5551,2.749e-05
5552,2.749e-05
5553,2.749e-05
5554,2.717e-05
5555,2.717e-05
5556,2.717e-05
5557,2.717e-05
5558,2.717e-05
5559,2.717e-05
5560,2.717e-05
5561,2.717e-05
5562,2.717e-05
5563,2.717e-05
5564,2.717e-05
5565,2.717e-05
5566,2.717e-05
5567,2.717e-05
5568,2.717e-05
5569,2.717e-05
5570,2.717e-05
5571,2.717e-05
5572,2.717e-05
5573,2.717e-05
5574,2.717e-05
5575,2.717e-05
5576,2.717e-05
5577,2.717e-05
5578,2.717e-05
5579,2.717e-05
5580,2.717e-05
5581,2.717e-05
5582,2.795e-05
5583,2.795e-05
5584,2.795e-05
5585,2.791e-05
5586,2.791e-05
5587,2.791e-05
5588,2.791e-05
5589,2.736e-05
5590,2.736e-05
5591,2.735e-05
5592,2.735e-05
5593,2.735e-05
5594,2.735e-05
5595,2.735e-05
5596,2.735e-05
5597,2.714e-05
5598,2.714e-05
5599,2.714e-05
5600,2.714e-05
5601,2.714e-05
5602,2.735e-05
5603,2.735e-05
5604,2.735e-05
5605,2.735e-05
5606,2.714e-05
5607,2.714e-05
5608,2.714e-05
5609,2.714e-05
5610,2.735e-05
5611,2.735e-05
5612,2.735e-05
5613,2.735e-05
5614,2.756e-05
5615,2.756e-05
5616,2.756e-05
5617,2.763e-05
5618,2.763e-05
5619,2.763e-05
5620,2.763e-05
5621,2.793e-05
5622,2.793e-05
5623,2.793e-05
5624,2.792e-05
5625,2.792e-05
5626,2.795e-05
5627,2.792e-05
5628,2.792e-05
5629,2.792e-05
5630,2.793e-05
5631,2.793e-05
5632,2.793e-05
5633,2.793e-05
5634,2.793e-05
5635,2.793e-05
5636,2.793e-05
5637,2.793e-05
5638,2.793e-05
5639,2.793e-05
5640,2.792e-05
5641,2.792e-05
5642,2.792e-05
5643,2.792e-05
5644,2.792e-05
5645,2.792e-05
5646,2.792e-05
5647,2.792e-05
5648,2.792e-05
5649,2.792e-05
5650,2.792e-05
5651,2.792e-05
5652,2.792e-05
5653,2.792e-05
5654,2.792e-05
5655,2.792e-05
5656,2.792e-05
5657,2.792e-05
5658,2.792e-05
5659,2.792e-05
5660,2.792e-05
5661,2.792e-05
5662,2.792e-05
5663,2.792e-05
5664,2.792e-05
5665,2.792e-05
5666,2.792e-05
5667,2.792e-05
5668,2.792e-05
5669,2.792e-05
5670,2.792e-05
5671,2.792e-05
5672,2.792e-05
5673,2.792e-05
5674,2.792e-05
5675,2.792e-05
5676,2.792e-05
5677,2.792e-05
5678,2.785e-05
5679,2.785e-05
5680,2.785e-05
5681,2.785e-05
5682,2.785e-05
5683,2.785e-05
5684,2.785e-05
5685,2.785e-05
5686,2.785e-05
5687,2.785e-05
5688,2.785e-05
5689,2.785e-05
5690,2.785e-05
5691,2.785e-05
5692,2.785e-05
5693,2.785e-05
5694,2.785e-05
5695,2.785e-05
5696,2.785e-05
5697,2.785e-05
5698,2.785e-05
5699,2.785e-05
5700,2.785e-05
5701,2.785e-05
5702,2.785e-05
5703,2.785e-05
5704,2.785e-05
5705,2.785e-05
5706,2.785e-05
5707,2.785e-05
5708,2.785e-05
5709,2.785e-05
5710,2.762e-05
5711,2.762e-05
5712,2.762e-05
5713,2.762e-05
5714,2.762e-05
5715,2.761e-05
5716,2.761e-05
5717,2.761e-05
5718,2.761e-05
5719,2.761e-05
5720,2.761e-05
5721,2.761e-05
5722,2.761e-05
5723,2.761e-05
5724,2.761e-05
5725,2.761e-05
5726,2.761e-05
5727,2.761e-05
5728,2.761e-05
5729,2.761e-05
5730,2.761e-05
5731,2.761e-05
5732,2.707e-05
5733,2.707e-05
5734,2.707e-05
5735,2.707e-05
5736,2.707e-05
5737,2.707e-05
5738,2.7e-05
5739,2.7e-05
5740,2.7e-05
5741,2.7e-05
5742,2.7e-05
5743,2.779e-05
5744,2.779e-05
5745,2.779e-05
5746,2.779e-05
5747,2.775e-05
5748,2.775e-05
5749,2.775e-05
5750,2.775e-05
5751,2.775e-05
5752,2.775e-05
5753,2.775e-05
5754,2.772e-05
5755,2.772e-05
5756,2.772e-05
5757,2.772e-05
5758,2.772e-05
5759,2.772e-05
5760,2.772e-05
5761,2.772e-05
5762,2.772e-05
5763,2.772e-05
5764,2.772e-05
5765,2.75e-05
5766,2.75e-05
5767,2.75e-05
5768,2.75e-05
5769,2.75e-05
5770,2.75e-05
5771,2.75e-05
5772,2.75e-05
5773,2.75e-05
5774,2.75e-05
5775,2.75e-05
5776,2.75e-05
5777,2.755e-05
5778,2.755e-05
5779,2.755e-05
5780,2.755e-05
5781,2.755e-05
5782,2.755e-05
5783,2.755e-05
5784,2.755e-05
5785,2.755e-05
5786,2.755e-05
5787,2.755e-05
5788,2.755e-05
5789,2.755e-05
5790,2.755e-05
5791,2.755e-05
5792,2.755e-05
5793,2.755e-05
5794,2.755e-05
5795,2.755e-05
5796,2.755e-05
5797,2.755e-05
5798,2.755e-05
5799,2.755e-05
5800,2.755e-05
5801,2.765e-05
5802,2.765e-05
5803,2.765e-05
5804,2.725e-05
5805,2.725e-05
5806,2.724e-05
5807,2.724e-05
5808,2.724e-05
5809,2.724e-05
5810,2.724e-05
5811,2.724e-05
5812,2.724e-05
5813,2.724e-05
5814,2.724e-05
5815,2.799e-05
5816,2.799e-05
5817,2.799e-05
5818,2.799e-05
5819,2.799e-05
5820,2.795e-05
5821,2.795e-05
5822,2.795e-05
5823,2.795e-05
5824,2.795e-05
5825,2.795e-05
5826,2.795e-05
5827,2.795e-05
5828,2.795e-05
5829,2.795e-05
5830,2.743e-05
5831,2.743e-05
5832,2.742e-05
5833,2.742e-05
5834,2.795e-05
5835,2.795e-05
5836,2.795e-05
5837,2.795e-05
5838,2.795e-05
5839,2.795e-05
5840,2.795e-05
5841,2.795e-05
5842,2.735e-05
5843,2.735e-05
5844,2.735e-05
5845,2.735e-05
5846,2.735e-05
5847,2.735e-05
5848,2.733e-05
5849,2.733e-05
5850,2.733e-05
5851,2.733e-05
5852,2.733e-05
5853,2.733e-05
5854,2.733e-05
5855,2.733e-05
5856,2.733e-05
5857,2.733e-05
5858,2.733e-05
5859,2.733e-05
5860,2.733e-05
5861,2.733e-05
5862,2.733e-05
5863,2.733e-05
5864,2.733e-05
5865,2.733e-05
5866,2.733e-05
5867,2.733e-05
5868,2.733e-05
5869,2.733e-05
5870,2.733e-05
5871,2.733e-05
5872,2.733e-05
5873,2.733e-05
5874,2.733e-05
5875,2.733e-05
5876,2.722e-05
5877,2.722e-05
5878,2.722e-05
5879,2.722e-05
5880,2.722e-05
5881,2.722e-05
5882,2.722e-05
5883,2.734e-05
5884,2.734e-05
5885,2.734e-05
5886,2.734e-05
5887,2.734e-05
5888,2.734e-05
5889,2.734e-05
5890,2.734e-05
5891,2.734e-05
5892,2.734e-05
5893,2.734e-05
5894,2.734e-05
5895,2.734e-05
5896,2.709e-05
5897,2.709e-05
5898,2.709e-05
5899,2.709e-05
5900,2.709e-05
5901,2.709e-05
5902,2.709e-05
5903,2.709e-05
5904,2.709e-05
5905,2.709e-05
5906,2.709e-05
5907,2.709e-05
5908,2.709e-05
5909,2.709e-05
5910,2.709e-05
5911,2.709e-05
5912,2.709e-05
5913,2.709e-05
5914,2.709e-05
5915,2.709e-05
5916,2.709e-05
5917,2.709e-05
5918,2.709e-05
5919,2.709e-05
5920,2.709e-05
5921,2.709e-05
5922,2.734e-05
5923,2.734e-05
5924,2.734e-05
5925,2.734e-05
5926,2.734e-05
5927,2.734e-05
5928,2.734e-05
5929,2.734e-05
5930,2.734e-05
5931,2.734e-05
5932,2.734e-05
5933,2.734e-05
5934,2.734e-05
5935,2.734e-05
5936,2.734e-05
5937,2.734e-05
5938,2.734e-05
5939,2.734e-05
5940,2.734e-05
5941,2.734e-05
5942,2.734e-05
5943,2.734e-05
5944,2.734e-05
5945,2.734e-05
5946,2.734e-05
5947,2.734e-05
5948,2.734e-05
5949,2.734e-05
5950,2.734e-05
5951,2.734e-05
5952,2.734e-05
5953,2.734e-05
5954,2.734e-05
5955,2.734e-05
5956,2.734e-05
5957,2.734e-05
5958,2.734e-05
5959,2.734e-05
5960,2.734e-05
5961,2.734e-05
5962,2.734e-05
5963,2.734e-05
5964,2.734e-05
5965,2.734e-05
5966,2.734e-05
5967,2.734e-05
5968,2.734e-05
5969,2.734e-05
5970,2.734e-05
5971,2.734e-05
5972,2.734e-05
5973,2.734e-05
5974,2.734e-05
5975,2.734e-05
5976,2.734e-05
5977,2.734e-05
5978,2.734e-05
5979,2.734e-05
5980,2.734e-05
5981,2.734e-05
5982,2.734e-05
5983,2.734e-05
5984,2.734e-05
5985,2.734e-05
5986,2.734e-05
5987,2.734e-05
5988,2.734e-05
5989,2.734e-05
5990,2.734e-05
5991,2.734e-05
5992,2.734e-05
5993,2.734e-05
5994,2.734e-05
5995,2.734e-05
5996,2.73e-05
5997,2.73e-05
5998,2.716e-05
5999,2.716e-05
6000,2.716e-05
6001,2.716e-05
6002,2.716e-05
6003,2.716e-05
6004,2.716e-05
6005,2.716e-05
6006,2.716e-05
6007,2.716e-05
6008,2.716e-05
6009,2.716e-05
6010,2.716e-05
6011,2.716e-05
6012,2.716e-05
6013,2.716e-05
6014,2.716e-05
6015,2.716e-05
6016,2.716e-05
6017,2.709e-05
6018,2.709e-05
6019,2.709e-05
6020,2.716e-05
6021,2.716e-05
6022,2.716e-05
6023,2.716e-05
6024,2.716e-05
6025,2.716e-05
6026,2.716e-05
6027,2.716e-05
6028,2.716e-05
6029,2.716e-05
6030,2.716e-05
6031,2.716e-05
6032,2.716e-05
6033,2.716e-05
6034,2.716e-05
6035,2.716e-05
6036,2.716e-05
6037,2.716e-05
6038,2.716e-05
6039,2.73e-05
6040,2.73e-05
6041,2.73e-05
6042,2.73e-05
6043,2.73e-05
6044,2.73e-05
6045,2.73e-05
6046,2.73e-05
6047,2.73e-05
6048,2.73e-05
6049,2.73e-05
6050,2.73e-05
6051,2.73e-05
6052,2.73e-05
6053,2.73e-05
6054,2.73e-05
6055,2.735e-05
6056,2.735e-05
6057,2.735e-05
6058,2.735e-05
6059,2.735e-05
6060,2.735e-05
6061,2.735e-05
6062,2.735e-05
6063,2.735e-05
6064,2.735e-05
6065,2.735e-05
6066,2.735e-05
6067,2.735e-05
6068,2.735e-05
6069,2.735e-05
6070,2.735e-05
6071,2.735e-05
6072,2.735e-05
6073,2.735e-05
6074,2.735e-05
6075,2.735e-05
6076,2.735e-05
6077,2.735e-05
6078,2.735e-05
6079,2.735e-05
6080,2.735e-05
6081,2.735e-05
6082,2.735e-05
6083,2.735e-05
6084,2.735e-05
6085,2.735e-05
6086,2.735e-05
6087,2.735e-05
6088,2.735e-05
6089,2.735e-05
6090,2.735e-05
6091,2.735e-05
6092,2.735e-05
6093,2.735e-05
6094,2.735e-05
6095,2.735e-05
6096,2.735e-05
6097,2.735e-05
6098,2.717e-05
6099,2.717e-05
6100,2.717e-05
6101,2.717e-05
6102,2.717e-05
6103,2.717e-05
6104,2.717e-05
6105,2.717e-05
6106,2.717e-05
6107,2.717e-05
6108,2.717e-05
6109,2.717e-05
6110,2.717e-05
6111,2.717e-05
6112,2.717e-05
6113,2.717e-05
6114,2.717e-05
6115,2.717e-05
6116,2.717e-05
6117,2.717e-05
6118,2.717e-05
6119,2.717e-05
6120,2.717e-05
6121,2.717e-05
6122,2.717e-05
6123,2.717e-05
6124,2.717e-05
6125,2.717e-05
6126,2.717e-05
6127,2.717e-05
6128,2.717e-05
6129,2.717e-05
6130,2.717e-05
6131,2.717e-05
6132,2.717e-05
6133,2.717e-05
6134,2.717e-05
6135,2.717e-05
6136,2.717e-05
6137,2.717e-05
6138,2.717e-05
6139,2.717e-05
6140,2.717e-05
6141,2.717e-05
6142,2.717e-05
6143,2.717e-05
6144,2.717e-05
6145,2.717e-05
6146,2.717e-05
6147,2.717e-05
6148,2.717e-05
6149,2.717e-05
6150,2.717e-05
6151,2.717e-05
6152,2.717e-05
6153,2.717e-05
6154,2.717e-05
6155,2.717e-05
6156,2.717e-05
6157,2.717e-05
6158,2.717e-05
6159,2.717e-05
6160,2.717e-05
6161,2.717e-05
6162,2.717e-05
6163,2.717e-05
6164,2.735e-05
6165,2.735e-05
6166,2.735e-05
6167,2.735e-05
6168,2.735e-05
6169,2.735e-05
6170,2.735e-05
6171,2.735e-05
6172,2.735e-05
6173,2.735e-05
6174,2.735e-05
6175,2.735e-05
6176,2.735e-05
6177,2.735e-05
6178,2.735e-05
6179,2.735e-05
6180,2.735e-05
6181,2.735e-05
6182,2.735e-05
6183,2.735e-05
6184,2.735e-05
6185,2.735e-05
6186,2.735e-05
6187,2.735e-05
6188,2.735e-05
6189,2.735e-05
6190,2.735e-05
6191,2.735e-05
6192,2.735e-05
6193,2.735e-05
6194,2.735e-05
6195,2.735e-05
6196,2.735e-05
6197,2.735e-05
6198,2.735e-05
6199,2.735e-05
6200,2.71e-05
6201,2.71e-05
6202,2.71e-05
6203,2.71e-05
6204,2.71e-05
6205,2.71e-05
6206,2.71e-05
6207,2.71e-05
6208,2.71e-05
6209,2.71e-05
6210,2.732e-05
6211,2.732e-05
6212,2.732e-05
6213,2.732e-05
6214,2.71e-05
6215,2.71e-05
6216,2.71e-05
6217,2.71e-05
6218,2.71e-05
6219,2.71e-05
6220,2.71e-05
6221,2.71e-05
6222,2.71e-05
6223,2.71e-05
6224,2.71e-05
6225,2.71e-05
6226,2.71e-05
6227,2.71e-05
6228,2.71e-05
6229,2.71e-05
6230,2.71e-05
6231,2.71e-05
6232,2.734e-05
6233,2.734e-05
6234,2.712e-05
6235,2.712e-05
6236,2.712e-05
6237,2.712e-05
6238,2.712e-05
6239,2.712e-05
6240,2.712e-05
6241,2.712e-05
6242,2.712e-05
6243,2.712e-05
6244,2.712e-05
6245,2.712e-05
6246,2.712e-05
6247,2.712e-05
6248,2.712e-05
6249,2.712e-05
6250,2.712e-05
6251,2.712e-05
6252,2.712e-05
6253,2.712e-05
6254,2.712e-05
6255,2.712e-05
6256,2.712e-05
6257,2.712e-05
6258,2.712e-05
6259,2.712e-05
6260,2.712e-05
6261,2.712e-05
6262,2.712e-05
6263,2.712e-05
6264,2.712e-05
6265,2.712e-05
6266,2.712e-05
6267,2.712e-05
6268,2.712e-05
6269,2.712e-05
6270,2.712e-05
6271,2.712e-05
6272,2.712e-05
6273,2.712e-05
