0,0.01983264
1,0.01983264
2,0.01983264
3,0.01983264
4,0.01983264
5,0.01983264
6,0.01983264
7,0.01983264
8,0.01983264
9,0.01983264
10,0.01957
11,0.01957
12,0.01957
13,0.01957
14,0.01957
15,0.01957
16,0.01957
17,0.01957
18,0.01957
19,0.01957
20,0.01957
21,0.01957
22,0.01957
23,0.01957
24,0.01957
25,0.01957
26,0.01957
27,0.01957
28,0.01957
29,0.01957
30,0.01957
31,0.01957
32,0.01957
33,0.01957
34,0.01957
35,0.01957
36,0.01957
37,0.01957
38,0.01969322
39,0.01969322
40,0.01969322
41,0.01969322
42,0.01969322
43,0.01969322
44,0.01969322
45,0.01969322
46,0.01969322
47,0.01969322
48,0.01969322
49,0.01969322
50,0.01969322
51,0.01983158
52,0.01983158
53,0.01983158
54,0.01983158
55,0.01983158
56,0.01983155
57,0.01983155
58,0.01969322
59,0.01969322
60,0.01969322
61,0.01969322
62,0.01969322
63,0.01969322
64,0.01969322
65,0.01969322
66,0.01969322
67,0.01969322
68,0.01969322
69,0.01969322
70,0.01969322
71,0.01969322
72,0.01969322
73,0.01969322
74,0.01969322
75,0.01969322
76,0.01969322
77,0.01969322
78,0.0197
79,0.0197
80,0.0197
81,0.01969322
82,0.01969322
83,0.01969322
84,0.01969322
85,0.01969322
86,0.01969322
87,0.01969322
88,0.01969322
89,0.01969322
90,0.01983148
91,0.01983148
92,0.01983148
93,0.01983148
94,0.01983148
95,0.01983148
96,0.01983148
97,0.01983148
98,0.01983148
99,0.01983148
100,0.01983148
101,0.01983148
102,0.01983148
103,0.01983148
104,0.01983148
105,0.01983148
106,0.01983148
107,0.01983148
108,0.01983148
109,0.01983148
110,0.01983148
111,0.01983148
112,0.01983148
113,0.01983148
114,0.01983148
115,0.01983148
116,0.01983148
117,0.01983148
118,0.01957001
119,0.01950001
120,0.01950001
121,0.01950001
122,0.01950001
123,0.01950001
124,0.01950001
125,0.01950001
126,0.01950001
127,0.01950001
128,0.01950001
129,0.01950001
130,0.01950001
131,0.01950001
132,0.01950001
133,0.01950001
134,0.01950001
135,0.01950001
136,0.01950001
137,0.01950001
138,0.01950001
139,0.01950002
140,0.01950002
141,0.01950002
142,0.01950001
143,0.0195
144,0.0195
145,0.0195
146,0.0195
147,0.0195
148,0.01938302
149,0.01949431
150,0.01949431
151,0.01926614
152,0.01949736
153,0.0194973
154,0.01949725
155,0.01949725
156,0.01949725
157,0.01949725
158,0.01949725
159,0.01949725
160,0.01949725
161,0.01949725
162,0.01949725
163,0.01949725
164,0.01949725
165,0.01877266
166,0.01926329
167,0.01900001
168,0.01881023
169,0.01908009
170,0.01909307
171,0.01909307
172,0.01909307
173,0.01909307
174,0.01909307
175,0.01909307
176,0.01909307
177,0.01909307
178,0.01909307
179,0.01909307
180,0.01909307
181,0.01909307
182,0.01911515
183,0.01911515
184,0.01972881
185,0.01972881
186,0.01972881
187,0.01972881
188,0.01972881
189,0.01972881
190,0.01957538
191,0.01957538
192,0.01957538
193,0.01957538
194,0.01957538
195,0.01957538
196,0.01957537
197,0.01957537
198,0.01957537
199,0.01957532
200,0.01957532
201,0.01957532
202,0.01957532
203,0.01957532
204,0.01957532
205,0.01957532
206,0.01957532
207,0.01957532
208,0.01957532
209,0.01957532
210,0.01957532
211,0.01957503
212,0.01957503
213,0.01957503
214,0.01957503
215,0.01957503
216,0.01957503
217,0.01957503
218,0.01957503
219,0.01957531
220,0.01957528
221,0.01957528
222,0.01957528
223,0.01957528
224,0.01957528
225,0.01957528
226,0.01957528
227,0.01957528
228,0.01957528
229,0.01957528
230,0.01957528
231,0.01957528
232,0.01957528
233,0.01957528
234,0.01957528
235,0.01957528
236,0.01957528
237,0.01957528
238,0.01957528
239,0.01957528
240,0.01957489
241,0.01957489
242,0.01957489
243,0.01957489
244,0.01957489
245,0.01957489
246,0.0192815
247,0.0192815
248,0.0192815
249,0.01957471
250,0.01957471
251,0.01957471
252,0.01957471
253,0.01957471
254,0.01957471
255,0.01957471
256,0.01957471
257,0.01957471
258,0.01957471
259,0.01957471
260,0.01957471
261,0.01957471
262,0.01957471
263,0.01957471
264,0.01957471
265,0.01957471
266,0.01957471
267,0.01957471
268,0.01957471
269,0.01957471
270,0.01957471
271,0.01957471
272,0.0195741
273,0.0195741
274,0.0195741
275,0.0195741
276,0.0195741
277,0.0195741
278,0.0194281
279,0.0194281
280,0.0194281
281,0.01937498
282,0.01937498
283,0.01937453
284,0.01937453
285,0.01937453
286,0.01937453
287,0.01937498
288,0.01937498
289,0.01937498
290,0.01937498
291,0.01937498
292,0.01937498
293,0.01937498
294,0.01949124
295,0.01949124
296,0.01949124
297,0.01949124
298,0.01949111
299,0.01949111
300,0.01949111
301,0.01949111
302,0.01974119
303,0.01974119
304,0.01974119
305,0.01974119
306,0.01938471
307,0.01938471
308,0.01938471
309,0.01938471
310,0.01938471
311,0.01938471
312,0.01974528
313,0.01974528
314,0.01974528
315,0.01974528
316,0.01974528
317,0.01974528
318,0.01974528
319,0.01974528
320,0.01974528
321,0.01974528
322,0.01974528
323,0.01974528
324,0.0197453
325,0.0197453
326,0.0197453
327,0.0197453
328,0.0197453
329,0.0197453
330,0.0197453
331,0.0197453
332,0.01974529
333,0.01974529
334,0.01969487
335,0.01969487
336,0.01969487
337,0.01974529
338,0.01974529
339,0.01974529
340,0.01974529
341,0.01974529
342,0.01974529
343,0.01974529
344,0.01974529
345,0.01974529
346,0.01974529
347,0.01974529
348,0.01974529
349,0.01974529
350,0.01974529
351,0.01974529
352,0.01974529
353,0.01974529
354,0.01974529
355,0.01974529
356,0.0197453
357,0.0197453
358,0.0197453
359,0.0197453
360,0.0197453
361,0.0197453
362,0.0197453
363,0.0197453
364,0.0197453
365,0.0197453
366,0.0197453
367,0.0197453
368,0.0197453
369,0.0197453
370,0.0197453
371,0.0197453
372,0.0197453
373,0.0197453
374,0.0197453
375,0.0197453
376,0.0197453
377,0.0197453
378,0.0197453
379,0.0197453
380,0.0197453
381,0.0197453
382,0.0197453
383,0.0197453
384,0.0197453
385,0.0197453
386,0.0197453
387,0.0197453
388,0.01969487
389,0.01969487
390,0.01969487
391,0.01969487
392,0.01969487
393,0.01969487
394,0.01969487
395,0.01969487
396,0.01969487
397,0.01969487
398,0.01969487
399,0.01969487
400,0.01969487
401,0.01969487
402,0.01969487
403,0.01969487
404,0.01969487
405,0.01969487
406,0.01969487
407,0.01969487
408,0.01969487
409,0.01969487
410,0.01969487
411,0.01969487
412,0.01969487
413,0.01969487
414,0.01969487
415,0.01969487
416,0.01969487
417,0.01969487
418,0.01969487
419,0.01969487
420,0.01969487
421,0.01969487
422,0.01969487
423,0.01969487
424,0.01969487
425,0.01969487
426,0.01969487
427,0.01969487
428,0.01969487
429,0.0196453
430,0.0196453
431,0.0196453
432,0.01942004
433,0.01943
434,0.01943
435,0.01943
436,0.01943
437,0.01943
438,0.01943
439,0.01943
440,0.01943
441,0.01943
442,0.01943
443,0.01943
444,0.01943
445,0.01943
446,0.01943
447,0.01943
448,0.01943
449,0.01943
450,0.01943
451,0.01943
452,0.01942048
453,0.01943
454,0.01943
455,0.01943
456,0.01943
457,0.01943
458,0.01943
459,0.01943
460,0.01943
461,0.01943
462,0.01943
463,0.01943
464,0.01943
465,0.01943
466,0.01943
467,0.01943
468,0.01943
469,0.01943
470,0.01943
471,0.01943
472,0.01943
473,0.01943
474,0.01943
475,0.01943
476,0.01943
477,0.01943
478,0.01943
479,0.01943
480,0.01943
481,0.01943057
482,0.01943057
483,0.01943065
484,0.01943066
485,0.01943072
486,0.01943072
487,0.01943072
488,0.01943072
489,0.01943072
490,0.01943072
491,0.01943072
492,0.01969982
493,0.01969982
494,0.01969982
495,0.01969982
496,0.01969982
497,0.01969982
498,0.01943126
499,0.01943126
500,0.01943126
501,0.01943126
502,0.01943126
503,0.01969978
504,0.01969878
505,0.01969878
506,0.01969878
507,0.0196
508,0.0196
509,0.0196
510,0.01943153
511,0.0196
512,0.01943154
513,0.01943154
514,0.01943154
515,0.01943154
516,0.01943154
517,0.01943154
518,0.01943154
519,0.01959995
520,0.01943
521,0.01943
522,0.01959997
523,0.01959997
524,0.01959997
525,0.01959997
526,0.01942001
527,0.01942001
528,0.01942001
529,0.01959997
530,0.01959997
531,0.01959997
532,0.01959997
533,0.01959997
534,0.01959997
535,0.01959997
536,0.01959997
537,0.01959997
538,0.01959997
539,0.01959997
540,0.01959997
541,0.01959997
542,0.01959997
543,0.01959997
544,0.01959997
545,0.01959997
546,0.01959997
547,0.01959997
548,0.01959997
549,0.01959997
550,0.01959997
551,0.01959997
552,0.01959997
553,0.0195998
554,0.0195998
555,0.01942001
556,0.01942001
557,0.01942001
558,0.01942002
559,0.01942002
560,0.01942001
561,0.01946856
562,0.01946856
563,0.01946856
564,0.01942001
565,0.01942001
566,0.01942001
567,0.01942001
568,0.01942001
569,0.01942001
570,0.01942001
571,0.01942001
572,0.01942001
573,0.01942001
574,0.01942001
575,0.01942001
576,0.01942001
577,0.01942001
578,0.01959926
579,0.01942001
580,0.01942001
581,0.01942001
582,0.0195992
583,0.0195992
584,0.0195992
585,0.01942001
586,0.01942001
587,0.01942001
588,0.01942001
589,0.01942001
590,0.01942001
591,0.01942001
592,0.01942001
593,0.01942001
594,0.01942001
595,0.01942001
596,0.01942001
597,0.01942001
598,0.01959881
599,0.01959881
600,0.01959881
601,0.01959881
602,0.01959881
603,0.01959881
604,0.01959881
605,0.01942
606,0.01942
607,0.01942
608,0.01942
609,0.01942
610,0.01942
611,0.01942
612,0.0196
613,0.0196
614,0.0196
615,0.0196
616,0.0196
617,0.0196
618,0.0196
619,0.0196
620,0.0196
621,0.0196
622,0.0196
623,0.0196
624,0.0196
625,0.0196
626,0.0196
627,0.0196
628,0.0196
629,0.0196
630,0.0196
631,0.0196
632,0.0196
633,0.0196
634,0.0196
635,0.0196
636,0.0196
637,0.0196
638,0.0196
639,0.0196
640,0.0196
641,0.0196
642,0.0196
643,0.0196
644,0.0196
645,0.0196
646,0.0196
647,0.0196
648,0.0196
649,0.0196
650,0.0196
651,0.0196
652,0.01942002
653,0.01942002
654,0.01942002
655,0.01942002
656,0.01942002
657,0.01942002
658,0.01942002
659,0.01942002
660,0.01942002
661,0.01942002
662,0.01942002
663,0.01942002
664,0.01942
665,0.01942
666,0.01942
667,0.01942
668,0.01942
669,0.01942
670,0.01942
671,0.01942
672,0.01942
673,0.0195
674,0.0195
675,0.0195
676,0.01942
677,0.01942
678,0.01942
679,0.01942
680,0.01938471
681,0.01938471
682,0.01938471
683,0.01938471
684,0.01959999
685,0.01959999
686,0.0196
687,0.0196
688,0.0196
689,0.0196
690,0.0196
691,0.0196
692,0.0196
693,0.0196
694,0.0196
695,0.0196
696,0.0196
697,0.01969857
698,0.01969857
699,0.01969857
700,0.01969857
701,0.01969848
702,0.01969848
703,0.01969848
704,0.01969848
705,0.01969848
706,0.01969848
707,0.01969848
708,0.01969848
709,0.01969848
710,0.01969848
711,0.01969848
712,0.01969848
713,0.01969848
714,0.01969848
715,0.01969848
716,0.01969848
717,0.01969848
718,0.01969848
719,0.01969848
720,0.01969848
721,0.01969848
722,0.01969848
723,0.01969848
724,0.01969848
725,0.0194824
726,0.0194824
727,0.0194824
728,0.01970658
729,0.01970658
730,0.01970658
731,0.01970658
732,0.01970658
733,0.01970658
734,0.01970658
735,0.01970588
736,0.01970588
737,0.01970588
738,0.01970588
739,0.01970588
740,0.01970588
741,0.01970588
742,0.01970588
743,0.01970588
744,0.01970588
745,0.01970877
746,0.01970877
747,0.01970877
748,0.01970877
749,0.0194621
750,0.0194621
751,0.01957888
752,0.01957888
753,0.01957888
754,0.01957888
755,0.01957888
756,0.0197097
757,0.0197097
758,0.0197097
759,0.0197097
760,0.0197097
761,0.01957888
762,0.01957888
763,0.01957888
764,0.01957888
765,0.01971295
766,0.01971295
767,0.01957895
768,0.01957895
769,0.01957895
770,0.01957895
771,0.01957895
772,0.01957895
773,0.01957895
774,0.01957895
775,0.01957895
776,0.01971296
777,0.01971296
778,0.01971296
779,0.01971296
780,0.01971296
781,0.01971296
782,0.01971296
783,0.01971296
784,0.01971296
785,0.01971296
786,0.01971296
787,0.01971296
788,0.01971296
789,0.01971296
790,0.01971296
791,0.01971296
792,0.01971296
793,0.01971296
794,0.01971668
795,0.01971668
796,0.01971668
797,0.01971668
798,0.01971668
799,0.01971668
800,0.01971668
801,0.01971296
802,0.01971296
803,0.01971296
804,0.01971296
805,0.01971296
806,0.01971296
807,0.01971296
808,0.01971296
809,0.01971296
810,0.01971296
811,0.01971296
812,0.01971296
813,0.01972052
814,0.01972052
815,0.01972052
816,0.01972052
817,0.01972052
818,0.01972052
819,0.01972052
820,0.01972052
821,0.01972052
822,0.01972052
823,0.01972052
824,0.01972052
825,0.01972052
826,0.01972052
827,0.01972052
828,0.01972052
829,0.01972052
830,0.01972052
831,0.01972052
832,0.01972052
833,0.01972052
834,0.01972052
835,0.01972052
836,0.01972052
837,0.01972052
838,0.01972052
839,0.01972052
840,0.01972052
841,0.01972052
842,0.01972052
843,0.01972052
844,0.01972052
845,0.01972052
846,0.01972363
847,0.01972363
848,0.01972363
849,0.01971296
850,0.01971296
851,0.01972353
852,0.01972353
853,0.01972353
854,0.01972353
855,0.01972353
856,0.01972353
857,0.01972353
858,0.01972353
859,0.01972353
860,0.01972353
861,0.01972353
862,0.01972353
863,0.01972353
864,0.01972353
865,0.01972353
866,0.01972353
867,0.01972353
868,0.01972672
869,0.01972672
870,0.01972672
871,0.01972672
872,0.01972672
873,0.01972672
874,0.01972672
875,0.01972672
876,0.01972672
877,0.01972672
878,0.01972672
879,0.01972672
880,0.01972672
881,0.01973026
882,0.01973026
883,0.01973026
884,0.01973026
885,0.01973026
886,0.01973026
887,0.01973026
888,0.01973026
889,0.01973026
890,0.01973026
891,0.01973026
892,0.01973026
893,0.01973026
894,0.01972982
895,0.01972982
896,0.01972982
897,0.01972982
898,0.01972982
899,0.01972982
900,0.01972982
901,0.01972982
902,0.01972982
903,0.01972982
904,0.01972982
905,0.01972982
906,0.01972982
907,0.01972982
908,0.01972982
909,0.01972982
910,0.01972982
911,0.01972982
912,0.01972982
913,0.01972982
914,0.01972619
915,0.01972619
916,0.01972619
917,0.01972619
918,0.01972619
919,0.01972619
920,0.01972619
921,0.01972619
922,0.01972619
923,0.01972619
924,0.01972619
925,0.01972353
926,0.01972353
927,0.01972353
928,0.01972353
929,0.01972353
930,0.01972353
931,0.01972353
932,0.01972353
933,0.01972353
934,0.01972353
935,0.01972353
936,0.01972353
937,0.01972353
938,0.01972353
939,0.01972353
940,0.01972353
941,0.01972353
942,0.01972353
943,0.01971934
944,0.01971934
945,0.01971934
946,0.01971934
947,0.01971934
948,0.01971934
949,0.01971934
950,0.01971934
951,0.01971934
952,0.01971934
953,0.01971934
954,0.01971934
955,0.01971934
956,0.01971934
957,0.01971934
958,0.01971934
959,0.01971934
960,0.01971934
961,0.01971934
962,0.01971934
963,0.01971934
964,0.01971934
965,0.01971934
966,0.0197153
967,0.0197153
968,0.01971531
969,0.01971531
970,0.01971531
971,0.01971531
972,0.01971531
973,0.01971531
974,0.01971531
975,0.01971531
976,0.01971531
977,0.01971531
978,0.01971531
979,0.01971544
980,0.01971544
981,0.01971544
982,0.01971296
983,0.01971296
984,0.01971296
985,0.01971296
986,0.01971296
987,0.01971296
988,0.01971296
989,0.01971296
990,0.01971296
991,0.01971296
992,0.01971296
993,0.01971296
994,0.01971296
995,0.01971296
996,0.01971296
997,0.01971297
998,0.01971297
999,0.01971513
1000,0.01971513
1001,0.01971513
1002,0.01971513
1003,0.01971513
1004,0.01971513
1005,0.01971296
1006,0.01971296
1007,0.01971296
1008,0.01971296
1009,0.01971157
1010,0.01971157
1011,0.01971157
1012,0.01971157
1013,0.01971157
1014,0.01971157
1015,0.01971157
1016,0.01971157
1017,0.01971157
1018,0.01971157
1019,0.01971157
1020,0.01971157
1021,0.01971157
1022,0.01971157
1023,0.01971157
1024,0.01971157
1025,0.01971157
1026,0.01971157
1027,0.01971157
1028,0.01971157
1029,0.01971157
1030,0.01971157
1031,0.01971157
1032,0.01971157
1033,0.01971157
1034,0.01971157
1035,0.0197071
1036,0.0197071
1037,0.0197071
1038,0.0197071
1039,0.0197071
1040,0.01970595
1041,0.01970595
1042,0.01970595
1043,0.01970595
1044,0.01970595
1045,0.01970595
1046,0.01970595
1047,0.01970595
1048,0.01970595
1049,0.01970595
1050,0.01970363
1051,0.01970363
1052,0.01970363
1053,0.01970363
1054,0.01970363
1055,0.01970363
1056,0.01970363
1057,0.01970363
1058,0.01970363
1059,0.01970363
1060,0.01970363
1061,0.01970363
1062,0.01970363
1063,0.01970363
1064,0.01970363
1065,0.01970006
1066,0.01970006
1067,0.01970005
1068,0.01970005
1069,0.01970005
1070,0.01970005
1071,0.01970005
1072,0.01970005
1073,0.01970005
1074,0.01970005
1075,0.01978775
1076,0.01978775
1077,0.01978775
1078,0.01978775
1079,0.01974088
1080,0.01970005
1081,0.01970005
1082,0.01970005
1083,0.01970005
1084,0.01970005
1085,0.01970005
1086,0.01970005
1087,0.01970005
1088,0.01970005
1089,0.01970005
1090,0.01970005
1091,0.01970005
1092,0.01970005
1093,0.01970005
1094,0.01970005
1095,0.01970005
1096,0.01970005
1097,0.01970005
1098,0.01970005
1099,0.01970005
1100,0.01970005
1101,0.01970005
1102,0.01970005
1103,0.01970005
1104,0.01970005
1105,0.01970005
1106,0.01970005
1107,0.01970005
1108,0.01970005
1109,0.01970005
1110,0.01970005
1111,0.01970005
1112,0.01970005
1113,0.01970005
1114,0.01970005
1115,0.01970005
1116,0.01970005
1117,0.01970005
1118,0.01970005
1119,0.01970005
1120,0.01970005
1121,0.01970005
1122,0.01970005
1123,0.01970005
1124,0.01970005
1125,0.01978851
1126,0.01978851
1127,0.01978851
1128,0.01978851
1129,0.01978851
1130,0.01978851
1131,0.01978843
1132,0.01978843
1133,0.01978843
1134,0.01978851
1135,0.01978851
1136,0.01978851
1137,0.01978851
1138,0.01978851
1139,0.01978851
1140,0.01978851
1141,0.01978851
1142,0.01978851
1143,0.01978851
1144,0.01978851
1145,0.01978978
1146,0.01978978
1147,0.01978978
1148,0.01978978
1149,0.01978978
1150,0.0198
1151,0.0198
1152,0.0198
1153,0.0198
1154,0.0198
1155,0.0198
1156,0.0198
1157,0.0198
1158,0.0198
1159,0.0198
1160,0.0198
1161,0.0198
1162,0.0198
1163,0.0198
1164,0.0198
1165,0.0198
1166,0.0198
1167,0.0198
1168,0.01970005
1169,0.01970005
1170,0.01970005
1171,0.01970005
1172,0.01970005
1173,0.0198
1174,0.0198
1175,0.0198
1176,0.0198
1177,0.0198
1178,0.0198
1179,0.0198
1180,0.0198
1181,0.0198
1182,0.0198
1183,0.0197001
1184,0.0197001
1185,0.0197001
1186,0.0197001
1187,0.0197001
1188,0.0197001
1189,0.0197001
1190,0.0197001
1191,0.0197001
1192,0.0197001
1193,0.0197001
1194,0.0197001
1195,0.0197001
1196,0.0198
1197,0.0198
1198,0.0198
1199,0.0198
1200,0.0198
1201,0.0198
1202,0.0198
1203,0.0198
1204,0.0198
1205,0.0198
1206,0.01999603
1207,0.01999603
1208,0.01999603
1209,0.01999603
1210,0.01999603
1211,0.01999603
1212,0.01999603
1213,0.01999603
1214,0.01999603
1215,0.01999603
1216,0.01999603
1217,0.01999603
1218,0.01999603
1219,0.01999603
1220,0.01999603
1221,0.01999603
1222,0.01999603
1223,0.01999603
1224,0.01999603
1225,0.01999603
1226,0.01999603
1227,0.01999603
1228,0.01999603
1229,0.01999603
1230,0.01999603
1231,0.01999603
1232,0.01999603
1233,0.01999603
1234,0.01999603
1235,0.01999603
1236,0.01999603
1237,0.01999603
1238,0.01999603
1239,0.01999603
1240,0.01999603
1241,0.01979169
1242,0.0197917
1243,0.0197917
1244,0.0197917
1245,0.0197917
1246,0.0197917
1247,0.0197917
1248,0.0197917
1249,0.0197917
1250,0.01982021
1251,0.01999602
1252,0.01999602
1253,0.01999602
1254,0.01999602
1255,0.01999602
1256,0.01999602
1257,0.01999602
1258,0.01999602
1259,0.01999602
1260,0.01999602
1261,0.01999602
1262,0.01999602
1263,0.01999602
1264,0.01999602
1265,0.01999602
1266,0.01999602
1267,0.01999602
1268,0.01999602
1269,0.01999602
1270,0.01999602
1271,0.01999602
1272,0.01999602
1273,0.01999602
1274,0.01999603
1275,0.01999603
1276,0.01999603
1277,0.01999603
1278,0.01999603
1279,0.01999603
1280,0.01999603
1281,0.01999603
1282,0.019721
1283,0.01972099
1284,0.01972099
1285,0.01972099
1286,0.01972099
1287,0.01972099
1288,0.01972099
1289,0.01972099
1290,0.01972099
1291,0.01983903
1292,0.01983903
1293,0.01983903
1294,0.01983903
1295,0.01983903
1296,0.01983903
1297,0.01983903
1298,0.01983903
1299,0.01990776
1300,0.01990776
1301,0.01990776
1302,0.01990776
1303,0.01990776
1304,0.01995763
1305,0.01995763
1306,0.01995763
1307,0.01995764
1308,0.01995764
1309,0.01995763
1310,0.01995763
1311,0.01995774
1312,0.01995774
1313,0.01995774
1314,0.01999775
1315,0.01999775
1316,0.01999775
1317,0.01999775
1318,0.01999775
1319,0.01999775
1320,0.01999999
1321,0.01999999
1322,0.01999775
1323,0.01999775
1324,0.01999775
1325,0.01999775
1326,0.02002025
1327,0.02002025
1328,0.01999775
1329,0.01999775
1330,0.01999775
1331,0.02003653
1332,0.02003653
1333,0.02003653
1334,0.02004653
1335,0.02006243
1336,0.02006243
1337,0.02006243
1338,0.02007161
1339,0.02007161
1340,0.02004653
1341,0.02004653
1342,0.02008565
1343,0.02004653
1344,0.02008565
1345,0.02008565
1346,0.02008565
1347,0.02008565
1348,0.02008565
1349,0.02008659
1350,0.02008659
1351,0.02008659
1352,0.02008659
1353,0.02008659
1354,0.0201021
1355,0.02015
1356,0.02015
1357,0.02015023
1358,0.02015023
1359,0.02015024
1360,0.02015024
1361,0.02015024
1362,0.02015024
1363,0.02015024
1364,0.02015024
1365,0.02015024
1366,0.02015024
1367,0.02015024
1368,0.02015024
1369,0.02015024
1370,0.02016088
1371,0.02016088
1372,0.02016088
1373,0.02016088
1374,0.02020677
1375,0.02020677
1376,0.02020677
1377,0.02020677
1378,0.02020677
1379,0.02020677
1380,0.02020677
1381,0.02020677
1382,0.02020677
1383,0.02020677
1384,0.02021507
1385,0.02021507
1386,0.02021507
1387,0.02021507
1388,0.02021507
1389,0.02021507
1390,0.02021507
1391,0.02021507
1392,0.02021507
1393,0.02021507
1394,0.02021507
1395,0.02021507
1396,0.02023394
1397,0.02021507
1398,0.02023394
1399,0.02021507
1400,0.02021507
1401,0.02021507
1402,0.02021507
1403,0.0202432
1404,0.02021507
1405,0.02021507
1406,0.0202432
1407,0.0202432
1408,0.02021507
1409,0.02021507
1410,0.0202402
1411,0.0202402
1412,0.0202402
1413,0.0202402
1414,0.02024319
1415,0.0202432
1416,0.0202432
1417,0.0202432
1418,0.0202432
1419,0.0202432
1420,0.0202432
1421,0.0202432
1422,0.0202432
1423,0.0202432
1424,0.0202432
1425,0.0202432
1426,0.0202432
1427,0.0202432
1428,0.02025502
1429,0.02025502
1430,0.02028
1431,0.02028
1432,0.02028
1433,0.02028
1434,0.02028
1435,0.02028
1436,0.02028
1437,0.02028
1438,0.02028
1439,0.02025732
1440,0.02025732
1441,0.02025732
1442,0.02025732
1443,0.02061552
1444,0.02061552
1445,0.02061552
1446,0.02061552
1447,0.02061552
1448,0.02061552
1449,0.02026732
1450,0.02026733
1451,0.02061552
1452,0.02061552
1453,0.02058047
1454,0.02027086
1455,0.02027086
1456,0.02027132
1457,0.02027132
1458,0.02061552
1459,0.02027136
1460,0.02027136
1461,0.02027136
1462,0.02037278
1463,0.02037278
1464,0.02037278
1465,0.02037278
1466,0.02037278
1467,0.02037278
1468,0.02040522
1469,0.02040522
1470,0.02040522
1471,0.02040521
1472,0.02040521
1473,0.02040523
1474,0.02061543
1475,0.02061543
1476,0.02061543
1477,0.02040532
1478,0.02040532
1479,0.02040532
1480,0.02050523
1481,0.02050523
1482,0.02050523
1483,0.02050523
1484,0.02050523
1485,0.02050523
1486,0.02040521
1487,0.02040521
1488,0.02040521
1489,0.02040521
1490,0.02040521
1491,0.02040521
1492,0.02040521
1493,0.02040521
1494,0.02040521
1495,0.02040521
1496,0.02040521
1497,0.0202432
1498,0.0202432
1499,0.0202432
1500,0.02015008
1501,0.02015008
1502,0.02023066
1503,0.02023066
1504,0.02023066
1505,0.02023066
1506,0.02023066
1507,0.02025079
1508,0.02025079
1509,0.02025079
1510,0.02025079
1511,0.02025079
1512,0.0202509
1513,0.0206154
1514,0.0206154
1515,0.0206154
1516,0.0206154
1517,0.0206154
1518,0.0206154
1519,0.0206154
1520,0.0206154
1521,0.0206154
1522,0.0206154
1523,0.0206154
1524,0.0206154
1525,0.0206154
1526,0.0206154
1527,0.0206154
1528,0.0206154
1529,0.0206154
1530,0.02061551
1531,0.02061551
1532,0.02061551
1533,0.02061551
1534,0.02061551
1535,0.02061551
1536,0.02061551
1537,0.02061551
1538,0.02061551
1539,0.02061551
1540,0.02061551
1541,0.02059298
1542,0.02059298
1543,0.02059298
1544,0.02059298
1545,0.02059298
1546,0.02059298
1547,0.02059298
1548,0.02059299
1549,0.02059299
1550,0.02059299
1551,0.02059299
1552,0.02059299
1553,0.02059299
1554,0.02059299
1555,0.02059299
1556,0.02059299
1557,0.02059299
1558,0.02059299
1559,0.02059299
1560,0.02059299
1561,0.02059299
1562,0.02048044
1563,0.02048044
1564,0.02048044
1565,0.02061551
1566,0.02061551
1567,0.02061551
1568,0.02048054
1569,0.02048054
1570,0.02048054
1571,0.02048054
1572,0.0204806
1573,0.0204806
1574,0.0204806
1575,0.0204806
1576,0.0206155
1577,0.0206155
1578,0.0206155
1579,0.0206155
1580,0.0206155
1581,0.0206155
1582,0.0206155
1583,0.0206155
1584,0.0206155
1585,0.0206155
1586,0.0206155
1587,0.0206155
1588,0.0206155
1589,0.0206155
1590,0.0206155
1591,0.0206155
1592,0.0206155
1593,0.0206155
1594,0.0206155
1595,0.0206155
1596,0.02061553
1597,0.02048036
1598,0.02048036
1599,0.02048036
1600,0.02015096
1601,0.02015096
1602,0.02015096
1603,0.02015096
1604,0.02015096
1605,0.02015096
1606,0.02015096
1607,0.02046796
1608,0.02046796
1609,0.02046796
1610,0.02046796
1611,0.02046796
1612,0.02046796
1613,0.02046796
1614,0.02015
1615,0.02015
1616,0.02015
1617,0.02015
1618,0.0201501
1619,0.0201501
1620,0.02027089
1621,0.02027089
1622,0.02027089
1623,0.02027089
1624,0.02027089
1625,0.02027089
1626,0.02061552
1627,0.02061552
1628,0.02061552
1629,0.02079859
1630,0.02079859
1631,0.02079859
1632,0.02061552
1633,0.02061552
1634,0.02061552
1635,0.02061552
1636,0.02061552
1637,0.02061552
1638,0.02061552
1639,0.02061552
1640,0.02061541
1641,0.02061541
1642,0.02061541
1643,0.02061541
1644,0.02061541
1645,0.02061541
1646,0.02061541
1647,0.02061541
1648,0.02061541
1649,0.02061541
1650,0.02061541
1651,0.02061541
1652,0.02059987
1653,0.02059987
1654,0.02059987
1655,0.02059987
1656,0.02059987
1657,0.02059987
1658,0.02059987
1659,0.02059987
1660,0.02059987
1661,0.02059987
1662,0.02059987
1663,0.02059966
1664,0.02059966
1665,0.02059966
1666,0.02059966
1667,0.02059966
1668,0.02059956
1669,0.02059956
1670,0.02059956
1671,0.02059956
1672,0.02059956
1673,0.02059956
1674,0.02059956
1675,0.02059956
1676,0.02059956
1677,0.02059956
1678,0.02059956
1679,0.02059956
1680,0.02059936
1681,0.02059936
1682,0.02059936
1683,0.02059936
1684,0.02059936
1685,0.02059936
1686,0.02059936
1687,0.02059936
1688,0.02059936
1689,0.02059936
1690,0.02059936
1691,0.02059936
1692,0.02059936
1693,0.02059936
1694,0.02059936
1695,0.02059936
1696,0.02059936
1697,0.02059936
1698,0.02059936
1699,0.02059936
1700,0.02015317
1701,0.02015317
1702,0.02015317
1703,0.02015317
1704,0.02015317
1705,0.02015317
1706,0.02015317
1707,0.02015317
1708,0.02015317
1709,0.02015317
1710,0.02015317
1711,0.02015317
1712,0.02015317
1713,0.02015317
1714,0.02015317
1715,0.02015317
1716,0.02015317
1717,0.02015317
1718,0.02015317
1719,0.02059622
1720,0.02059622
1721,0.02020015
1722,0.02020015
1723,0.02020015
1724,0.02020015
1725,0.02020015
1726,0.02020015
1727,0.02020015
1728,0.02020015
1729,0.02020042
1730,0.02020042
1731,0.02020042
1732,0.02020042
1733,0.02020042
1734,0.02020042
1735,0.02020042
1736,0.02059567
1737,0.02059567
1738,0.02059567
1739,0.02059567
1740,0.02059567
1741,0.02059567
1742,0.02059567
1743,0.02059567
1744,0.02059567
1745,0.02059567
1746,0.02059567
1747,0.02059567
1748,0.0205952
1749,0.0205952
1750,0.0205952
1751,0.0205952
1752,0.02059504
1753,0.02059504
1754,0.02059504
1755,0.02059504
1756,0.02059504
1757,0.02059504
1758,0.02059504
1759,0.02059504
1760,0.02059472
1761,0.02059472
1762,0.02059472
1763,0.0206
1764,0.0206
1765,0.0206
1766,0.0206
1767,0.0206
1768,0.0206
1769,0.0206
1770,0.02059999
1771,0.02059999
1772,0.02059999
1773,0.02059999
1774,0.02059999
1775,0.02059999
1776,0.02059999
1777,0.02059999
1778,0.02059999
1779,0.02059999
1780,0.02059999
1781,0.02059999
1782,0.02059999
1783,0.02045112
1784,0.02045112
1785,0.02045112
1786,0.02045112
1787,0.02045112
1788,0.02059999
1789,0.02059999
1790,0.02059999
1791,0.02059999
1792,0.02059999
1793,0.02059999
1794,0.02059999
1795,0.02059999
1796,0.02059999
1797,0.02059999
1798,0.02059999
1799,0.02059999
1800,0.02059999
1801,0.02059999
1802,0.02059999
1803,0.02059999
1804,0.02059999
1805,0.02059999
1806,0.02059999
1807,0.02059999
1808,0.02059999
1809,0.02059999
1810,0.02059999
1811,0.02059999
1812,0.02059999
1813,0.02059999
1814,0.02059999
1815,0.02059999
1816,0.02059999
1817,0.02059999
1818,0.02059999
1819,0.02059999
1820,0.02059999
1821,0.02059999
1822,0.02059999
1823,0.02059999
1824,0.02059999
1825,0.02059999
1826,0.02059999
1827,0.02059999
1828,0.02059999
1829,0.02059999
1830,0.02059999
1831,0.02059999
1832,0.0206
1833,0.02059999
1834,0.0206
1835,0.0206
1836,0.0206
1837,0.0206
1838,0.0206
1839,0.0206
1840,0.0206
1841,0.0206
1842,0.0206
1843,0.0206
1844,0.0206
1845,0.02073919
1846,0.02073919
1847,0.02073919
1848,0.02073919
1849,0.02073919
1850,0.02073919
1851,0.02073919
1852,0.02073919
1853,0.02073919
1854,0.02073919
1855,0.02073919
1856,0.02073919
1857,0.02073919
1858,0.02073919
1859,0.02073919
1860,0.02073919
1861,0.02073919
1862,0.02073919
1863,0.02073919
1864,0.02073919
1865,0.02073919
1866,0.02073919
1867,0.02073919
1868,0.02073919
1869,0.02073919
1870,0.02073919
1871,0.02073919
1872,0.02073919
1873,0.02073919
1874,0.02073919
1875,0.02073919
1876,0.02042663
1877,0.02042663
1878,0.02042663
1879,0.02042663
1880,0.02042673
1881,0.02042673
1882,0.02042673
1883,0.02042673
1884,0.02042673
1885,0.02042684
1886,0.02042684
1887,0.02042684
1888,0.02042684
1889,0.02042684
1890,0.02042684
1891,0.02042684
1892,0.02042684
1893,0.02042684
1894,0.02042684
1895,0.02042684
1896,0.02042684
1897,0.02042684
1898,0.02042684
1899,0.02042684
1900,0.02042684
1901,0.02042684
1902,0.02042684
1903,0.02042684
1904,0.02042684
1905,0.02042684
1906,0.02042684
1907,0.02042684
1908,0.02042684
1909,0.02042684
1910,0.02042684
1911,0.02042684
1912,0.02042684
1913,0.02042684
1914,0.02042684
1915,0.02042684
1916,0.02042684
1917,0.02042684
1918,0.02042684
1919,0.02042684
1920,0.02042684
1921,0.02042684
1922,0.02042684
1923,0.02042684
1924,0.02073881
1925,0.02073881
1926,0.02073881
1927,0.02073881
1928,0.02073881
1929,0.02073881
1930,0.02073881
1931,0.02073881
1932,0.02025965
1933,0.02025965
1934,0.02025965
1935,0.02025965
1936,0.02025965
1937,0.02025965
1938,0.02025965
1939,0.02025965
1940,0.02025965
1941,0.02025965
1942,0.02025965
1943,0.02025965
1944,0.02025965
1945,0.02025965
1946,0.02025965
1947,0.02025965
1948,0.02025965
1949,0.02025965
1950,0.02025965
1951,0.02025965
1952,0.02025965
1953,0.02025965
1954,0.02025965
1955,0.02025965
1956,0.02025965
1957,0.02025965
1958,0.02025965
1959,0.02025965
1960,0.02025965
1961,0.02025965
1962,0.02025965
1963,0.02025965
1964,0.02025965
1965,0.02025965
1966,0.02025965
1967,0.02073335
1968,0.02073335
1969,0.02073335
1970,0.02073335
1971,0.02073335
1972,0.02073335
1973,0.02073335
1974,0.02073335
1975,0.02073335
1976,0.02073335
1977,0.02073335
1978,0.02073335
1979,0.02073335
1980,0.02073335
1981,0.02073335
1982,0.02073335
1983,0.02073335
1984,0.02073335
1985,0.02073335
1986,0.02073335
1987,0.0207328
1988,0.0207328
1989,0.0207328
1990,0.0207328
1991,0.0207328
1992,0.0207328
1993,0.0207328
1994,0.0207328
1995,0.02073278
1996,0.02073278
1997,0.02073278
1998,0.02073278
1999,0.02073278
2000,0.02073278
2001,0.02073278
2002,0.02073278
2003,0.02073278
2004,0.02073278
2005,0.02073278
2006,0.02073278
2007,0.02073278
2008,0.02073278
2009,0.02073278
2010,0.02073278
2011,0.02073278
2012,0.02073278
2013,0.02073278
2014,0.02073278
2015,0.02073278
2016,0.02073278
2017,0.02073278
2018,0.02073278
2019,0.02073278
2020,0.02073278
2021,0.02073278
2022,0.02073278
2023,0.02073278
2024,0.02073278
2025,0.02073278
2026,0.02073278
2027,0.02073278
2028,0.02073278
2029,0.02073278
2030,0.02073278
2031,0.02073278
2032,0.02073278
2033,0.02073278
2034,0.02073278
2035,0.02073278
2036,0.02073278
2037,0.02073278
2038,0.02073278
2039,0.02073278
2040,0.02073278
2041,0.02073278
2042,0.02073278
2043,0.02073278
2044,0.02073278
2045,0.02073278
2046,0.02073278
2047,0.02073278
2048,0.02073278
2049,0.02073278
2050,0.02073278
2051,0.02073278
2052,0.02073278
2053,0.02073278
2054,0.02073278
2055,0.02073278
2056,0.02073278
2057,0.02073278
2058,0.02073278
2059,0.02073278
2060,0.02073278
2061,0.02073278
2062,0.02073278
2063,0.02073278
2064,0.02073278
2065,0.02073278
2066,0.02073278
2067,0.02073278
2068,0.02073278
2069,0.02073278
2070,0.02073278
2071,0.02073278
2072,0.02073278
2073,0.02073278
2074,0.02073278
2075,0.02073278
2076,0.02073278
2077,0.02073278
2078,0.02073278
2079,0.02073278
2080,0.02073278
2081,0.02073278
2082,0.02073278
2083,0.02073278
2084,0.02073278
2085,0.02073278
2086,0.02073278
2087,0.02073862
2088,0.02073862
2089,0.02073867
2090,0.02073862
2091,0.02073862
2092,0.02073867
2093,0.02073867
2094,0.02073867
2095,0.02073867
2096,0.02073867
2097,0.02073867
2098,0.02073867
2099,0.02073867
2100,0.02073867
2101,0.02073867
2102,0.02073867
2103,0.0204841
2104,0.0204841
2105,0.0204841
2106,0.0204841
2107,0.0204841
2108,0.0204841
2109,0.0204841
2110,0.0204841
2111,0.0204841
2112,0.0204841
2113,0.0204841
2114,0.0204841
2115,0.02048433
2116,0.02048433
2117,0.02048433
2118,0.02048433
2119,0.02048433
2120,0.02048433
2121,0.02048433
2122,0.02048433
2123,0.02048433
2124,0.02048433
2125,0.02048433
2126,0.02048433
2127,0.02048433
2128,0.02048433
2129,0.02048433
2130,0.02048433
2131,0.02048433
2132,0.02069999
2133,0.02069999
2134,0.02069999
2135,0.02069999
2136,0.02069999
2137,0.02069999
2138,0.02069999
2139,0.02069999
2140,0.02069999
2141,0.02069999
2142,0.02069999
2143,0.02069999
2144,0.02069999
2145,0.02069999
2146,0.02069999
2147,0.0207
2148,0.0207
2149,0.0207
2150,0.0207
2151,0.0207
2152,0.0207
2153,0.0207
2154,0.0207
2155,0.0207
2156,0.0207
2157,0.0207
2158,0.02073868
2159,0.02073868
2160,0.02073868
2161,0.02073868
2162,0.02073868
2163,0.02073868
2164,0.02073868
2165,0.02073868
2166,0.02073868
2167,0.02073868
2168,0.02073868
2169,0.02073881
2170,0.02073881
2171,0.02073881
2172,0.02073881
2173,0.02073881
2174,0.02073881
2175,0.02073881
2176,0.02073881
2177,0.02073881
2178,0.02073881
2179,0.02073881
2180,0.02073881
2181,0.02073881
2182,0.02073881
2183,0.02073881
2184,0.02073881
2185,0.02073881
2186,0.02073881
2187,0.02073881
2188,0.02073881
2189,0.02073881
2190,0.02073881
2191,0.02073881
2192,0.02073881
2193,0.02073881
2194,0.02073881
2195,0.02073881
2196,0.02073881
2197,0.02073881
2198,0.02073881
2199,0.02073881
2200,0.02073881
2201,0.02073881
2202,0.02073881
2203,0.02073881
2204,0.02073881
2205,0.02073881
2206,0.02073881
2207,0.02073881
2208,0.0207392
2209,0.0207392
2210,0.0207392
2211,0.0207392
2212,0.0207392
2213,0.0207392
2214,0.02077834
2215,0.02077834
2216,0.02077834
2217,0.02077835
2218,0.02077835
2219,0.02077835
2220,0.02077835
2221,0.02077835
2222,0.02079892
2223,0.02079892
2224,0.02079892
2225,0.02079892
2226,0.02079892
2227,0.02079892
2228,0.02079892
2229,0.02079892
2230,0.02079892
2231,0.02079892
2232,0.02079892
2233,0.02079892
2234,0.02079892
2235,0.02079892
2236,0.02079892
2237,0.02079892
2238,0.02079892
2239,0.02081185
2240,0.02081185
2241,0.02081185
2242,0.02081185
2243,0.02081185
2244,0.02081185
2245,0.02081185
2246,0.02081185
2247,0.02081185
2248,0.02081185
2249,0.02081185
2250,0.02081185
2251,0.02081185
2252,0.02081185
2253,0.02081185
2254,0.02081185
2255,0.02081185
2256,0.02081185
2257,0.02081185
2258,0.02083329
2259,0.02083329
2260,0.02083329
2261,0.02083329
2262,0.02083329
2263,0.02083333
2264,0.02083333
2265,0.02083333
2266,0.02083333
2267,0.0209041
2268,0.0209041
2269,0.0209041
2270,0.0209041
2271,0.0209041
2272,0.0209041
2273,0.0209041
2274,0.0209041
2275,0.0209041
2276,0.0209041
2277,0.0209041
2278,0.0209041
2279,0.02090398
2280,0.02090398
2281,0.02090398
2282,0.02090398
2283,0.02090398
2284,0.02090398
2285,0.02090398
2286,0.02090398
2287,0.02090398
2288,0.02090398
2289,0.02090398
2290,0.02090399
2291,0.02090399
2292,0.02090399
2293,0.02090399
2294,0.02090399
2295,0.020904
2296,0.020904
2297,0.020904
2298,0.020904
2299,0.020904
2300,0.020904
2301,0.020904
2302,0.020904
2303,0.020904
2304,0.020904
2305,0.020904
2306,0.020904
2307,0.020904
2308,0.020904
2309,0.02090385
2310,0.02090385
2311,0.02090385
2312,0.02090385
2313,0.02090385
2314,0.02090385
2315,0.02090385
2316,0.02090385
2317,0.02090385
2318,0.02090385
2319,0.02069497
2320,0.02069497
2321,0.02069497
2322,0.02069497
2323,0.02069497
2324,0.02069497
2325,0.02069497
2326,0.02069497
2327,0.02069497
2328,0.02069497
2329,0.02069497
2330,0.02069497
2331,0.02069497
2332,0.02069497
2333,0.02069497
2334,0.02069497
2335,0.02069497
2336,0.02069497
2337,0.02069497
2338,0.02069496
2339,0.02069496
2340,0.02069496
2341,0.02069496
2342,0.02069496
2343,0.02069496
2344,0.02069496
2345,0.02069496
2346,0.02069496
2347,0.02069496
2348,0.02069496
2349,0.02069496
2350,0.02069496
2351,0.02069496
2352,0.02069496
2353,0.02069496
2354,0.02069496
2355,0.02069496
2356,0.02069496
2357,0.02069496
2358,0.02069496
2359,0.02069496
2360,0.02069496
2361,0.02069496
2362,0.02069496
2363,0.02069496
2364,0.02069496
2365,0.02069496
2366,0.02069496
2367,0.02069496
2368,0.02069496
2369,0.02069496
2370,0.02069496
2371,0.02069496
2372,0.02069496
2373,0.02069496
2374,0.02069496
2375,0.020489
2376,0.020489
2377,0.020489
2378,0.020489
2379,0.020489
2380,0.020489
2381,0.020489
2382,0.020489
2383,0.020489
2384,0.02048928
2385,0.02048928
2386,0.02048928
2387,0.02048928
2388,0.02048928
2389,0.02048943
2390,0.02048943
2391,0.02048943
2392,0.02055943
2393,0.02055943
2394,0.02055943
2395,0.02055943
2396,0.02055943
2397,0.02055943
2398,0.02055943
2399,0.02069497
2400,0.02069497
2401,0.02069497
2402,0.02069497
2403,0.02069497
2404,0.02069497
2405,0.02069497
2406,0.02069497
2407,0.02069497
2408,0.02069497
2409,0.02069497
2410,0.02069497
2411,0.02069497
2412,0.02069497
2413,0.02069497
2414,0.02069497
2415,0.02069497
2416,0.02069497
2417,0.02069497
2418,0.02069497
2419,0.02069497
2420,0.02069497
2421,0.02069497
2422,0.02069497
2423,0.02069497
2424,0.02069497
2425,0.02069497
2426,0.02069497
2427,0.02069497
2428,0.02069497
2429,0.02069497
2430,0.02069497
2431,0.02069497
2432,0.02069497
2433,0.02079954
2434,0.02079954
2435,0.02079954
2436,0.02079954
2437,0.02079954
2438,0.02079954
2439,0.02079954
2440,0.02079954
2441,0.02079954
2442,0.02079954
2443,0.02079954
2444,0.02079954
2445,0.02079954
2446,0.02079954
2447,0.02079954
2448,0.02079954
2449,0.02069546
2450,0.02069546
2451,0.02069546
2452,0.0204841
2453,0.02048414
2454,0.02048414
2455,0.02048414
2456,0.02048414
2457,0.02048414
2458,0.02048414
2459,0.02048414
2460,0.02048414
2461,0.02048414
2462,0.02048414
2463,0.02048414
2464,0.02048414
2465,0.02048414
2466,0.02048414
2467,0.02048414
2468,0.02048414
2469,0.02048414
2470,0.02048414
2471,0.02048414
2472,0.02048414
2473,0.02048414
2474,0.02048414
2475,0.02048414
2476,0.02048414
2477,0.02048414
2478,0.02048414
2479,0.02048414
2480,0.02048414
2481,0.02048414
2482,0.02048414
2483,0.02048414
2484,0.02048414
2485,0.02048414
2486,0.02048414
2487,0.02048414
2488,0.02048414
2489,0.02048414
2490,0.02048414
2491,0.02048414
2492,0.02048414
2493,0.02048414
2494,0.02048414
2495,0.02048414
2496,0.02048414
2497,0.02048414
2498,0.02048414
2499,0.02048414
2500,0.02048414
2501,0.02048414
2502,0.0208398
2503,0.0208398
2504,0.0208398
2505,0.0208398
2506,0.0208398
2507,0.0208398
2508,0.0208398
2509,0.0208398
2510,0.0208398
2511,0.0208398
2512,0.0208398
2513,0.0208398
2514,0.0208398
2515,0.0208398
2516,0.0208398
2517,0.0208398
2518,0.0208398
2519,0.0208398
2520,0.0208398
2521,0.0208398
2522,0.0208398
2523,0.0208398
2524,0.0208398
2525,0.0208398
2526,0.02048747
2527,0.02048747
2528,0.02048747
2529,0.02048738
2530,0.0204841
2531,0.0204841
2532,0.0204841
2533,0.0204841
2534,0.0204841
2535,0.0204841
2536,0.0204841
2537,0.02028314
2538,0.02028314
2539,0.02028314
2540,0.02028314
2541,0.02028314
2542,0.02028314
2543,0.02028314
2544,0.02028314
2545,0.02028314
2546,0.02028314
2547,0.02028314
2548,0.02028314
2549,0.02028314
2550,0.02028314
2551,0.02028314
2552,0.02028314
2553,0.02028314
2554,0.02028314
2555,0.02028314
2556,0.02048639
2557,0.02048639
2558,0.02048639
2559,0.02048639
2560,0.02048639
2561,0.02048639
2562,0.02029127
2563,0.02029127
2564,0.02029127
2565,0.02020007
2566,0.02020007
2567,0.02020007
2568,0.02020007
2569,0.02048617
2570,0.02048608
2571,0.02048608
2572,0.02048608
2573,0.02048608
2574,0.02048608
2575,0.02048608
2576,0.02048608
2577,0.02048608
2578,0.02048608
2579,0.02048608
2580,0.02048608
2581,0.02048608
2582,0.02048608
2583,0.02048608
2584,0.02048608
2585,0.02048608
2586,0.02048608
2587,0.02048608
2588,0.02048608
2589,0.02044314
2590,0.02044314
2591,0.02044314
2592,0.02044314
2593,0.02044314
2594,0.02044314
2595,0.02044314
2596,0.02044314
2597,0.02044314
2598,0.02044314
2599,0.02044314
2600,0.02044314
2601,0.02044314
2602,0.02044314
2603,0.02044314
2604,0.02044314
2605,0.02044314
2606,0.02044314
2607,0.02044314
2608,0.02044314
2609,0.02044314
2610,0.02044314
2611,0.02044314
2612,0.02044314
2613,0.02044314
2614,0.02044314
2615,0.02044314
2616,0.02044238
2617,0.02044238
2618,0.02044238
2619,0.02044238
2620,0.02044238
2621,0.02044238
2622,0.02044238
2623,0.02044238
2624,0.02044238
2625,0.02044238
2626,0.02044144
2627,0.02044144
2628,0.02044144
2629,0.02044144
2630,0.02044144
2631,0.02044093
2632,0.02044093
2633,0.02044093
2634,0.02044093
2635,0.02044093
2636,0.02044093
2637,0.02044093
2638,0.02044093
2639,0.02020189
2640,0.02020189
2641,0.02020189
2642,0.02020189
2643,0.02020189
2644,0.02020189
2645,0.02020189
2646,0.02020189
2647,0.02020189
2648,0.02020189
2649,0.02020189
2650,0.02020189
2651,0.02020189
2652,0.02020189
2653,0.02043864
2654,0.02043864
2655,0.02043864
2656,0.02043864
2657,0.02043864
2658,0.02043864
2659,0.02043864
2660,0.02043864
2661,0.02043864
2662,0.02043864
2663,0.02043864
2664,0.02043864
2665,0.02043864
2666,0.02043864
2667,0.02043739
2668,0.02043739
2669,0.02043739
2670,0.02043739
2671,0.02043739
2672,0.02043739
2673,0.02043739
2674,0.02043739
2675,0.02043739
2676,0.02043739
2677,0.02043739
2678,0.02043739
2679,0.02043739
2680,0.02043739
2681,0.02043739
2682,0.02043739
2683,0.02043739
2684,0.02043739
2685,0.02043739
2686,0.02043739
2687,0.02043739
2688,0.02043739
2689,0.02043739
2690,0.02043739
2691,0.02043739
2692,0.02043505
2693,0.02043505
2694,0.02043505
2695,0.02043505
2696,0.02043505
2697,0.02043505
2698,0.02043505
2699,0.02043505
2700,0.02043412
2701,0.02043412
2702,0.02043412
2703,0.02020291
2704,0.02020291
2705,0.02020291
2706,0.02020291
2707,0.02020291
2708,0.02020291
2709,0.02020291
2710,0.02020291
2711,0.02020291
2712,0.02020291
2713,0.02020291
2714,0.02020291
2715,0.02020291
2716,0.02020291
2717,0.02020291
2718,0.02020291
2719,0.02020291
2720,0.02020291
2721,0.02020291
2722,0.02020291
2723,0.02020291
2724,0.02020291
2725,0.02020291
2726,0.02020291
2727,0.02020291
2728,0.02020291
2729,0.02020291
2730,0.02020291
2731,0.02020291
2732,0.02020291
2733,0.02020291
2734,0.02020291
2735,0.02020291
2736,0.02020291
2737,0.02020291
2738,0.02020291
2739,0.02020291
2740,0.02020291
2741,0.02020291
2742,0.02020291
2743,0.02020291
2744,0.02020291
2745,0.02020291
2746,0.02020291
2747,0.02020291
2748,0.02020291
2749,0.02020291
2750,0.02020291
2751,0.02020291
2752,0.02020291
2753,0.02020291
2754,0.02020291
2755,0.02020291
2756,0.02020291
2757,0.02020291
2758,0.02020291
2759,0.02020291
2760,0.02020291
2761,0.02020291
2762,0.02020291
2763,0.02020291
2764,0.02020291
2765,0.02020291
2766,0.02020291
2767,0.02020291
2768,0.02020291
2769,0.02020291
2770,0.02020291
2771,0.02020291
2772,0.02020291
2773,0.02020291
2774,0.02020291
2775,0.02020291
2776,0.02020291
2777,0.02020291
2778,0.02020291
2779,0.02020291
2780,0.02020291
2781,0.02020291
2782,0.02020291
2783,0.02020291
2784,0.02020291
2785,0.02042662
2786,0.02042662
2787,0.02042662
2788,0.02042662
2789,0.02042662
2790,0.02042662
2791,0.02042662
2792,0.02042662
2793,0.02042662
2794,0.02042661
2795,0.02042661
2796,0.02042661
2797,0.02042661
2798,0.02042661
2799,0.02042661
2800,0.02042661
2801,0.02042661
2802,0.02042661
2803,0.02042661
2804,0.02042661
2805,0.02042661
2806,0.02042661
2807,0.02042661
2808,0.02042661
2809,0.02042661
2810,0.02042661
2811,0.02042661
2812,0.02042661
2813,0.02042661
2814,0.02042661
2815,0.02042661
2816,0.02042661
2817,0.02042661
2818,0.02042661
2819,0.02042661
2820,0.02042661
2821,0.02042661
2822,0.02042661
2823,0.02033328
2824,0.02033328
2825,0.02033328
2826,0.02033328
2827,0.02033328
2828,0.02033328
2829,0.02033328
2830,0.02033328
2831,0.02033328
2832,0.02033328
2833,0.02033328
2834,0.02033328
2835,0.02033328
2836,0.02033328
2837,0.02033328
2838,0.02033328
2839,0.02033328
2840,0.02043681
2841,0.02043681
2842,0.02043681
2843,0.02033328
2844,0.02033328
2845,0.02033327
2846,0.02033327
2847,0.02033327
2848,0.02033327
2849,0.02033318
2850,0.02033318
2851,0.02033318
2852,0.02033318
2853,0.02033318
2854,0.02033318
2855,0.02033298
2856,0.02033298
2857,0.02033298
2858,0.02033298
2859,0.02033298
2860,0.0203328
2861,0.02020261
2862,0.02020261
2863,0.02020261
2864,0.02020261
2865,0.02020261
2866,0.02020261
2867,0.02020261
2868,0.02020261
2869,0.02020261
2870,0.0202026
2871,0.0202026
2872,0.0202026
2873,0.0202026
2874,0.0202
2875,0.0202
2876,0.0202
2877,0.0202
2878,0.0202
2879,0.0202
2880,0.0202
2881,0.0202
2882,0.0202
2883,0.0202026
2884,0.0202026
2885,0.0202026
2886,0.0202026
2887,0.0202026
2888,0.0202026
2889,0.0202026
2890,0.0202026
2891,0.0202026
2892,0.0202026
2893,0.0202026
2894,0.0202026
2895,0.02020261
2896,0.02020261
2897,0.0202026
2898,0.0202026
2899,0.0202026
2900,0.0202026
2901,0.0202026
2902,0.0202026
2903,0.0202026
2904,0.0202026
2905,0.0202026
2906,0.0202026
2907,0.0202026
2908,0.0202026
2909,0.0202026
2910,0.0202026
2911,0.0202026
2912,0.0202026
2913,0.0202026
2914,0.0202026
2915,0.0202026
2916,0.0202026
2917,0.0202026
2918,0.0202026
2919,0.0202026
2920,0.0202026
2921,0.0202026
2922,0.0202026
2923,0.0202026
2924,0.0202026
2925,0.0202026
2926,0.0202026
2927,0.0202026
2928,0.0202026
2929,0.0202026
2930,0.0202026
2931,0.0202026
2932,0.0202026
2933,0.0202026
2934,0.0202026
2935,0.0202026
2936,0.01798096
2937,0.01920437
2938,0.01977036
2939,0.01977036
2940,0.01977036
2941,0.01976919
2942,0.01976919
2943,0.01976919
2944,0.01976919
2945,0.01976919
2946,0.01976615
2947,0.01976615
2948,0.01976615
2949,0.01976615
2950,0.01976615
2951,0.01976615
2952,0.01976615
2953,0.01976615
2954,0.01976615
2955,0.01976615
2956,0.01957596
2957,0.01957588
2958,0.01957587
2959,0.01957578
2960,0.01957577
2961,0.0195
2962,0.01949999
2963,0.0194999
2964,0.0194999
2965,0.0194999
2966,0.01949963
2967,0.01949963
2968,0.019494
2969,0.019494
2970,0.019494
2971,0.01949383
2972,0.01949383
2973,0.01949383
2974,0.01957588
2975,0.01957588
2976,0.01957588
2977,0.01957588
2978,0.01957588
2979,0.01957588
2980,0.01957588
2981,0.01957588
2982,0.01957588
2983,0.01957551
2984,0.0195755
2985,0.01957542
2986,0.01957542
2987,0.01957524
2988,0.01957523
2989,0.01957523
2990,0.01957523
2991,0.01957514
2992,0.01957514
2993,0.01957514
2994,0.01957514
2995,0.01955044
2996,0.01955044
2997,0.01955044
2998,0.01939281
2999,0.01939281
3000,0.01957505
3001,0.01957505
3002,0.01957505
3003,0.01957505
3004,0.01957505
3005,0.01957505
3006,0.01957505
3007,0.01957505
3008,0.01957505
3009,0.01957505
3010,0.01957505
3011,0.01957505
3012,0.01957505
3013,0.01957497
3014,0.01957497
3015,0.01957497
3016,0.01957497
3017,0.01957497
3018,0.01957497
3019,0.01957497
3020,0.01957497
3021,0.01957497
3022,0.01957497
3023,0.01956
3024,0.01955992
3025,0.01955992
3026,0.01955992
3027,0.01955992
3028,0.01955992
3029,0.01955992
3030,0.01955992
3031,0.01955992
3032,0.01940015
3033,0.01955992
3034,0.01940003
3035,0.01940003
3036,0.01940003
3037,0.01955992
3038,0.01955992
3039,0.01937054
3040,0.01937054
3041,0.01937054
3042,0.01937054
3043,0.01937054
3044,0.01937054
3045,0.01937054
3046,0.01937054
3047,0.01939019
3048,0.01939019
3049,0.01939019
3050,0.019209
3051,0.019209
3052,0.019209
3053,0.019209
3054,0.019209
3055,0.019209
3056,0.019209
3057,0.019209
3058,0.019209
3059,0.019209
3060,0.01920907
3061,0.01920907
3062,0.01920907
3063,0.01920907
3064,0.01955869
3065,0.01955869
3066,0.01955851
3067,0.01955851
3068,0.01955851
3069,0.01955851
3070,0.01955851
3071,0.01955851
3072,0.01955851
3073,0.01955851
3074,0.01955851
3075,0.01955851
3076,0.01955851
3077,0.01955851
3078,0.01955851
3079,0.01955851
3080,0.01955851
3081,0.01955851
3082,0.01955851
3083,0.01955748
3084,0.01955748
3085,0.01955748
3086,0.01955748
3087,0.01955748
3088,0.01955748
3089,0.01955748
3090,0.01955748
3091,0.01955748
3092,0.01955748
3093,0.01955748
3094,0.01955748
3095,0.01955748
3096,0.01955748
3097,0.01955748
3098,0.01955616
3099,0.01955607
3100,0.01955607
3101,0.01955607
3102,0.01955607
3103,0.01955607
3104,0.01955607
3105,0.01955607
3106,0.01955607
3107,0.01955607
3108,0.01955607
3109,0.01955607
3110,0.01955607
3111,0.01955607
3112,0.01955607
3113,0.01955607
3114,0.01955607
3115,0.01955607
3116,0.01955607
3117,0.01955607
3118,0.01955607
3119,0.01955607
3120,0.01955607
3121,0.01955607
3122,0.01955607
3123,0.01955607
3124,0.01955607
3125,0.01955607
3126,0.01955607
3127,0.01955607
3128,0.01955607
3129,0.01955607
3130,0.01955607
3131,0.01955607
3132,0.01955607
3133,0.01955607
3134,0.01955607
3135,0.01955607
3136,0.01955607
3137,0.01955607
3138,0.01955607
3139,0.01955607
3140,0.01955607
3141,0.01955607
3142,0.01955607
3143,0.01955607
3144,0.01955607
3145,0.01955607
3146,0.01955607
3147,0.01955607
3148,0.01955
3149,0.01955
3150,0.01955
3151,0.01955
3152,0.01955
3153,0.01945
3154,0.01940002
3155,0.01937054
3156,0.01937054
3157,0.01937054
3158,0.01937056
3159,0.01937056
3160,0.01937056
3161,0.01937056
3162,0.01937054
3163,0.01937054
3164,0.01937054
3165,0.01937056
3166,0.01937056
3167,0.01937056
3168,0.01937056
3169,0.01937056
3170,0.01937056
3171,0.01937056
3172,0.01937056
3173,0.01937056
3174,0.01937056
3175,0.01937056
3176,0.01937056
3177,0.0193707
3178,0.0193707
3179,0.0193707
3180,0.0193707
3181,0.0193707
3182,0.0193707
3183,0.0193707
3184,0.0193707
3185,0.0193707
3186,0.0193707
3187,0.0193707
3188,0.0193707
3189,0.0193707
3190,0.0193707
3191,0.0193707
3192,0.0193707
3193,0.0193707
3194,0.0193707
3195,0.0193707
3196,0.0193707
3197,0.0193707
3198,0.01937064
3199,0.01937064
3200,0.01937064
3201,0.01937064
3202,0.01937064
3203,0.01937064
3204,0.01937064
3205,0.01937064
3206,0.0193707
3207,0.0193707
3208,0.0193707
3209,0.0193707
3210,0.0193707
3211,0.0193707
3212,0.0193707
3213,0.0193707
3214,0.01937064
3215,0.01937063
3216,0.01937063
3217,0.0194
3218,0.0194
3219,0.0194
3220,0.0194
3221,0.0194
3222,0.0194
3223,0.0194
3224,0.0194
3225,0.0194
3226,0.0194
3227,0.0194
3228,0.0194
3229,0.0194
3230,0.0194
3231,0.0194
3232,0.0194
3233,0.0194
3234,0.0194
3235,0.0194
3236,0.0194
3237,0.0194
3238,0.0194
3239,0.0194
3240,0.0194
3241,0.0194
3242,0.0194
3243,0.01940002
3244,0.01940002
3245,0.01940002
3246,0.01940002
3247,0.01940002
3248,0.01940002
3249,0.01940002
3250,0.01940002
3251,0.01940002
3252,0.01940002
3253,0.01940002
3254,0.01940002
3255,0.01940002
3256,0.01940002
3257,0.01940002
3258,0.01940002
3259,0.01940002
3260,0.01940002
3261,0.01940002
3262,0.01940002
3263,0.01957503
3264,0.01957503
3265,0.01957504
3266,0.01957504
3267,0.01957504
3268,0.01957504
3269,0.01957504
3270,0.01957504
3271,0.01957505
3272,0.01957505
3273,0.01957505
3274,0.01957505
3275,0.01957505
3276,0.01957505
3277,0.01957504
3278,0.01957504
3279,0.01957504
3280,0.01957504
3281,0.01957504
3282,0.01957504
3283,0.01937133
3284,0.01937133
3285,0.01937133
3286,0.01937133
3287,0.01937133
3288,0.01937133
3289,0.01937133
3290,0.01937133
3291,0.01937133
3292,0.01937133
3293,0.01937133
3294,0.01937133
3295,0.01937133
3296,0.01937133
3297,0.01937133
3298,0.01957483
3299,0.01957483
3300,0.01957483
3301,0.01937212
3302,0.01957504
3303,0.01957504
3304,0.01957504
3305,0.01957504
3306,0.01957504
3307,0.01957504
3308,0.01957504
3309,0.01957504
3310,0.01957504
3311,0.01957504
3312,0.01957504
3313,0.01957504
3314,0.01957504
3315,0.01957504
3316,0.01957504
3317,0.01957504
3318,0.01957504
3319,0.01937292
3320,0.01937292
3321,0.01938002
3322,0.01938007
3323,0.01938007
3324,0.01938007
3325,0.01938007
3326,0.01938007
3327,0.01938007
3328,0.01938007
3329,0.01938007
3330,0.01938007
3331,0.01938007
3332,0.01938007
3333,0.01938007
3334,0.01938007
3335,0.01938007
3336,0.01938007
3337,0.01938007
3338,0.01938007
3339,0.01938007
3340,0.01938007
3341,0.01938007
3342,0.01938015
3343,0.01938015
3344,0.01938015
3345,0.01938015
3346,0.01938015
3347,0.01938015
3348,0.01938015
3349,0.01938015
3350,0.01938015
3351,0.01938015
3352,0.01938015
3353,0.01957481
3354,0.01957481
3355,0.01957481
3356,0.01957481
3357,0.01938107
3358,0.01938107
3359,0.01938107
3360,0.01938107
3361,0.01938107
3362,0.01938107
3363,0.01938107
3364,0.01938107
3365,0.01938107
3366,0.01938107
3367,0.01938107
3368,0.01938107
3369,0.01938107
3370,0.01938107
3371,0.01938107
3372,0.01957503
3373,0.01957503
3374,0.01957503
3375,0.01957503
3376,0.01957503
3377,0.01957503
3378,0.01957503
3379,0.01957505
3380,0.01970043
3381,0.01970043
3382,0.01970043
3383,0.01957507
3384,0.01977005
3385,0.01977014
3386,0.01977014
3387,0.01938204
3388,0.01938204
3389,0.01938204
3390,0.01977015
3391,0.01977015
3392,0.01977015
3393,0.01972071
3394,0.01972071
3395,0.01972071
3396,0.01972071
3397,0.01972072
3398,0.01972072
3399,0.01972072
3400,0.01972072
3401,0.01972072
3402,0.01977036
3403,0.01977036
3404,0.01989228
3405,0.01989228
3406,0.01989228
3407,0.01989228
3408,0.01989228
3409,0.01989228
3410,0.01989228
3411,0.01989228
3412,0.01989648
3413,0.01989648
3414,0.01989228
3415,0.01989228
3416,0.01989228
3417,0.01989228
3418,0.01989228
3419,0.01989228
3420,0.01989228
3421,0.01989228
3422,0.01989228
3423,0.01989228
3424,0.01989228
3425,0.01989228
3426,0.01989228
3427,0.01989228
3428,0.01989228
3429,0.01984
3430,0.01984
3431,0.01984
3432,0.01985
3433,0.01985
3434,0.01985
3435,0.01985
3436,0.01985
3437,0.01985
3438,0.01985
3439,0.01985
3440,0.01985
3441,0.01985
3442,0.01985
3443,0.01985
3444,0.01985
3445,0.01985
3446,0.01985
3447,0.01985
3448,0.01985
3449,0.01985
3450,0.01986
3451,0.01986
3452,0.01986
3453,0.01986
3454,0.01986
3455,0.01986
3456,0.01986
3457,0.01986
3458,0.01986
3459,0.01986
3460,0.01986
3461,0.01985
3462,0.01985
3463,0.01985
3464,0.01985
3465,0.01950023
3466,0.01950023
3467,0.01950023
3468,0.01950023
3469,0.01950033
3470,0.01950033
3471,0.01950033
3472,0.01950033
3473,0.01950033
3474,0.01984995
3475,0.01984995
3476,0.01984999
3477,0.01986
3478,0.01986
3479,0.01989225
3480,0.0198923
3481,0.0198923
3482,0.0198923
3483,0.01989226
3484,0.01989226
3485,0.01989226
3486,0.01989226
3487,0.0198923
3488,0.0198923
3489,0.0198923
3490,0.0198923
3491,0.0198923
3492,0.01989648
3493,0.01989648
3494,0.01989648
3495,0.01989648
3496,0.01989649
3497,0.01989649
3498,0.01989649
3499,0.01989649
3500,0.01989649
3501,0.01989649
3502,0.01989649
3503,0.01989649
3504,0.01989649
3505,0.01989649
3506,0.01989649
3507,0.01989649
3508,0.01989649
3509,0.01989649
3510,0.0199
3511,0.0199
3512,0.0199
3513,0.01991
3514,0.01991
3515,0.01992
3516,0.01999988
3517,0.01989226
3518,0.0198923
3519,0.0198923
3520,0.0198923
3521,0.0199999
3522,0.0199999
3523,0.0199999
3524,0.0199999
3525,0.0199999
3526,0.0199999
3527,0.0198923
3528,0.0198923
3529,0.0199999
3530,0.0199999
3531,0.0199999
3532,0.0199999
3533,0.0199999
3534,0.0199999
3535,0.0199999
3536,0.0199999
3537,0.0199999
3538,0.01989226
3539,0.01989226
3540,0.01989226
3541,0.01989226
3542,0.01989226
3543,0.01989226
3544,0.01989226
3545,0.01989226
3546,0.01989226
3547,0.01989226
3548,0.01989226
3549,0.01989226
3550,0.02
3551,0.02
3552,0.02
3553,0.02004472
3554,0.02004472
3555,0.02004494
3556,0.02004494
3557,0.02004494
3558,0.02004494
3559,0.02004494
3560,0.02004494
3561,0.02004472
3562,0.02004472
3563,0.02004472
3564,0.02004472
3565,0.02004472
3566,0.02004472
3567,0.02004472
3568,0.02004472
3569,0.02004472
3570,0.02004472
3571,0.02004472
3572,0.02004472
3573,0.02004472
3574,0.02004472
3575,0.02
3576,0.02004494
3577,0.02
3578,0.02
3579,0.02004494
3580,0.02004494
3581,0.02004494
3582,0.02004494
3583,0.02
3584,0.02
3585,0.02
3586,0.02
3587,0.02
3588,0.02
3589,0.02
3590,0.02004494
3591,0.02000004
3592,0.02000004
3593,0.02000004
3594,0.02
3595,0.02000004
3596,0.02000004
3597,0.02000004
3598,0.02000004
3599,0.02000004
3600,0.02000004
3601,0.02000004
3602,0.02000004
3603,0.02000004
3604,0.02000004
3605,0.02004494
3606,0.02004494
3607,0.02004494
3608,0.02008964
3609,0.02008964
3610,0.02008964
3611,0.02008964
3612,0.02008964
3613,0.02008964
3614,0.02
3615,0.02
3616,0.02
3617,0.02
3618,0.02
3619,0.02
3620,0.02
3621,0.02
3622,0.02008964
3623,0.02
3624,0.02
3625,0.02
3626,0.02
3627,0.02
3628,0.02
3629,0.02
3630,0.02
3631,0.02
3632,0.02
3633,0.02
3634,0.02
3635,0.01989227
3636,0.02
3637,0.02
3638,0.02
3639,0.02
3640,0.02
3641,0.02
3642,0.02
3643,0.02
3644,0.02
3645,0.02
3646,0.02
3647,0.02
3648,0.02
3649,0.02
3650,0.02
3651,0.02
3652,0.02
3653,0.02
3654,0.02
3655,0.02
3656,0.02
3657,0.02
3658,0.02
3659,0.02
3660,0.02
3661,0.02
3662,0.02
3663,0.02
3664,0.02
3665,0.01989227
3666,0.01989227
3667,0.01989227
3668,0.01989227
3669,0.01989227
3670,0.01989227
3671,0.01989227
3672,0.01989227
3673,0.01989227
3674,0.02005142
3675,0.01984999
3676,0.01984999
3677,0.01966609
3678,0.01966609
3679,0.01975
3680,0.01975
3681,0.01975
3682,0.01975
3683,0.01975
3684,0.01975
3685,0.01975
3686,0.01975
3687,0.01975
3688,0.01975
3689,0.01975
3690,0.01975
3691,0.01975
3692,0.01975
3693,0.01975
3694,0.02003548
3695,0.02003548
3696,0.02003548
3697,0.02003548
3698,0.02003548
3699,0.02003548
3700,0.02003548
3701,0.02003548
3702,0.02003548
3703,0.01975083
3704,0.01998783
3705,0.02003547
3706,0.02003547
3707,0.02003547
3708,0.02003547
3709,0.02003547
3710,0.02003344
3711,0.02003344
3712,0.02003344
3713,0.02003344
3714,0.02003344
3715,0.02002207
3716,0.02002207
3717,0.02002207
3718,0.02002207
3719,0.02002207
3720,0.02002207
3721,0.02002207
3722,0.02002207
3723,0.02002207
3724,0.02002207
3725,0.02002207
3726,0.02002207
3727,0.02002207
3728,0.02002207
3729,0.02002207
3730,0.02002207
3731,0.02002207
3732,0.02002207
3733,0.02002207
3734,0.02002207
3735,0.02002207
3736,0.01956988
3737,0.01956988
3738,0.01956988
3739,0.01956988
3740,0.01956988
3741,0.01956988
3742,0.01956988
3743,0.01956988
3744,0.01956988
3745,0.01956988
3746,0.01956988
3747,0.01956988
3748,0.01956988
3749,0.01956988
3750,0.01956988
3751,0.01956988
3752,0.01956988
3753,0.01956988
3754,0.01956988
3755,0.01956988
3756,0.01956988
3757,0.01956988
3758,0.01956988
3759,0.01956988
3760,0.01956988
3761,0.01956988
3762,0.01956988
3763,0.01956988
3764,0.01956988
3765,0.01956988
3766,0.01956988
3767,0.01956988
3768,0.01956988
3769,0.01956988
3770,0.01956988
3771,0.01956988
3772,0.01956988
3773,0.01956988
3774,0.01956988
3775,0.01956988
3776,0.01956988
3777,0.01956988
3778,0.01956988
3779,0.01956988
3780,0.01956988
3781,0.01956988
3782,0.01962992
3783,0.01962992
3784,0.01962992
3785,0.01962992
3786,0.01962992
3787,0.01962992
3788,0.01962992
3789,0.01962992
3790,0.01962992
3791,0.01962992
3792,0.01962992
3793,0.01962992
3794,0.01962992
3795,0.01962992
3796,0.01962992
3797,0.01961945
3798,0.01961945
3799,0.01961945
3800,0.01961945
3801,0.01978731
3802,0.01978731
3803,0.01978731
3804,0.01978731
3805,0.01961945
3806,0.01961945
3807,0.01961945
3808,0.01961945
3809,0.01961945
3810,0.01961945
3811,0.01961945
3812,0.01961945
3813,0.01961945
3814,0.01961945
3815,0.01961945
3816,0.01961945
3817,0.01961945
3818,0.01961945
3819,0.01961945
3820,0.01961945
3821,0.01961945
3822,0.01961945
3823,0.01961945
3824,0.01961945
3825,0.01961945
3826,0.01961945
3827,0.01961945
3828,0.01961945
3829,0.01961945
3830,0.01961945
3831,0.01961945
3832,0.01961945
3833,0.01961945
3834,0.01961945
3835,0.01961945
3836,0.01961944
3837,0.01961944
3838,0.01961944
3839,0.01961944
3840,0.01961944
3841,0.01961944
3842,0.01961944
3843,0.01961944
3844,0.01961944
3845,0.01961944
3846,0.01961944
3847,0.01961944
3848,0.01961944
3849,0.01961944
3850,0.01961944
3851,0.01961944
3852,0.01961944
3853,0.01961944
3854,0.01978731
3855,0.01978731
3856,0.01978731
3857,0.01978731
3858,0.01978731
3859,0.01978731
3860,0.01978731
3861,0.01978732
3862,0.01978732
3863,0.02000136
3864,0.02000136
3865,0.02000136
3866,0.02000136
3867,0.02000136
3868,0.02000136
3869,0.02000136
3870,0.02000136
3871,0.02000136
3872,0.02000136
3873,0.01978731
3874,0.01978731
3875,0.01978731
3876,0.01978731
3877,0.01978731
3878,0.01978731
3879,0.01978731
3880,0.01978731
3881,0.01978731
3882,0.01978731
3883,0.01978731
3884,0.01978731
3885,0.01978731
3886,0.01978731
3887,0.01978731
3888,0.01978731
3889,0.01978731
3890,0.0197873
3891,0.0197873
3892,0.0197873
3893,0.0197873
3894,0.0197873
3895,0.0197873
3896,0.0197873
3897,0.0197873
3898,0.01962048
3899,0.01962048
3900,0.01962048
3901,0.01962048
3902,0.01962048
3903,0.0197873
3904,0.0197873
3905,0.0197873
3906,0.0197873
3907,0.0197873
3908,0.0197873
3909,0.0197873
3910,0.0197873
3911,0.0197873
3912,0.0197873
3913,0.0197873
3914,0.0197873
3915,0.0197873
3916,0.0197873
3917,0.0197873
3918,0.0197873
3919,0.0197873
3920,0.0197873
3921,0.0197873
3922,0.0197873
3923,0.0197873
3924,0.0199407
3925,0.0199407
3926,0.0199407
3927,0.0199407
3928,0.0199407
3929,0.0199407
3930,0.0199407
3931,0.0199407
3932,0.0199407
3933,0.0199407
3934,0.0199407
3935,0.01993398
3936,0.01993398
3937,0.01993398
3938,0.01993398
3939,0.01993398
3940,0.01993398
3941,0.01993398
3942,0.01993398
3943,0.01993398
3944,0.01993398
3945,0.01993398
3946,0.01993398
3947,0.01993398
3948,0.01993398
3949,0.01993398
3950,0.01992347
3951,0.01992347
3952,0.01992347
3953,0.01992347
3954,0.01992347
3955,0.01992347
3956,0.01992347
3957,0.01992347
3958,0.01992347
3959,0.01992347
3960,0.01992347
3961,0.01992347
3962,0.01992347
3963,0.01992347
3964,0.01992347
3965,0.01992347
3966,0.01992347
3967,0.01992347
3968,0.01992347
3969,0.01992347
3970,0.01992347
3971,0.01992347
3972,0.01992347
3973,0.01992347
3974,0.01992347
3975,0.01992347
3976,0.01992347
3977,0.01992347
3978,0.01992347
3979,0.01992347
3980,0.01992347
3981,0.01992347
3982,0.01992347
3983,0.01992347
3984,0.01992347
3985,0.01992347
3986,0.01992347
3987,0.01992347
3988,0.01990884
3989,0.01990884
3990,0.01990884
3991,0.01990884
3992,0.01990884
3993,0.01990884
3994,0.01990884
3995,0.01990884
3996,0.01990884
3997,0.01990884
3998,0.01990884
3999,0.01990884
4000,0.01991236
4001,0.01991236
4002,0.01991236
4003,0.01991236
4004,0.01991236
4005,0.01991236
4006,0.01991236
4007,0.01991236
4008,0.01991236
4009,0.01991236
4010,0.0197
4011,0.0197
4012,0.0197
4013,0.0197
4014,0.0197
4015,0.0197
4016,0.0197
4017,0.0197
4018,0.0197
4019,0.0197
4020,0.0197
4021,0.0197
4022,0.0197
4023,0.01970003
4024,0.01970001
4025,0.01970001
4026,0.01970001
4027,0.01970001
4028,0.01970001
4029,0.01970001
4030,0.01970001
4031,0.01970001
4032,0.01970001
4033,0.01970001
4034,0.01970001
4035,0.01970001
4036,0.01970003
4037,0.01970003
4038,0.01970003
4039,0.01970003
4040,0.01970003
4041,0.01970003
4042,0.01970003
4043,0.01970003
4044,0.01970003
4045,0.01970003
4046,0.01970003
4047,0.01970003
4048,0.01970003
4049,0.01970003
4050,0.01970003
4051,0.01970003
4052,0.01970003
4053,0.01970003
4054,0.01970003
4055,0.01970003
4056,0.01970003
4057,0.01970003
4058,0.01970003
4059,0.01970003
4060,0.01970003
4061,0.01970003
4062,0.01970003
4063,0.01970003
4064,0.01970003
4065,0.01970003
4066,0.01969227
4067,0.01969227
4068,0.01970003
4069,0.01970003
4070,0.01970003
4071,0.01969227
4072,0.01969227
4073,0.01969227
4074,0.01969227
4075,0.01969227
4076,0.01969227
4077,0.01969227
4078,0.01969227
4079,0.01969227
4080,0.01969227
4081,0.01969227
4082,0.01969227
4083,0.01969227
4084,0.01969227
4085,0.01969227
4086,0.01969227
4087,0.01969227
4088,0.01969227
4089,0.01969227
4090,0.01969227
4091,0.01969227
4092,0.01969227
4093,0.01969227
4094,0.01969227
4095,0.01969227
4096,0.01969227
4097,0.01969227
4098,0.01969227
4099,0.01969227
4100,0.01969227
4101,0.01969227
4102,0.01969227
4103,0.01969227
4104,0.01969227
4105,0.01969227
4106,0.01969227
4107,0.01961944
4108,0.01961944
4109,0.01961944
4110,0.01961942
4111,0.01969182
4112,0.01969182
4113,0.01969182
4114,0.01969182
4115,0.01969182
4116,0.01969182
4117,0.01969182
4118,0.01969238
4119,0.0196924
4120,0.0196924
4121,0.0196924
4122,0.01969245
4123,0.01969244
4124,0.01969244
4125,0.0196062
4126,0.0196062
4127,0.01960621
4128,0.01960623
4129,0.01960623
4130,0.01960623
4131,0.01960628
4132,0.01960628
4133,0.01960628
4134,0.01960629
4135,0.01960629
4136,0.01960629
4137,0.01960638
4138,0.01960638
4139,0.01960638
4140,0.01960638
4141,0.01960638
4142,0.01960638
4143,0.01960638
4144,0.01960638
4145,0.01960638
4146,0.01960638
4147,0.01960638
4148,0.0196
4149,0.0196
4150,0.0196
4151,0.0196
4152,0.0196
4153,0.0196
4154,0.0196
4155,0.0196
4156,0.0196
4157,0.0196
4158,0.0196
4159,0.0196
4160,0.0196
4161,0.0196
4162,0.0196
4163,0.0196
4164,0.0196
4165,0.0196
4166,0.0196
4167,0.0196
4168,0.0196
4169,0.0196
4170,0.0196
4171,0.0196
4172,0.0196
4173,0.0196
4174,0.0196
4175,0.0196
4176,0.0196
4177,0.0196
4178,0.0196
4179,0.0196
4180,0.0196
4181,0.0196
4182,0.0196
4183,0.0196
4184,0.0196
4185,0.0196
4186,0.0196
4187,0.0196
4188,0.0196
4189,0.0196
4190,0.0196
4191,0.0196
4192,0.01959998
4193,0.01989878
4194,0.01989878
4195,0.01989878
4196,0.01989878
4197,0.01989878
4198,0.01989878
4199,0.01989878
4200,0.01989878
4201,0.01989878
4202,0.01989878
4203,0.01989878
4204,0.01989878
4205,0.01989878
4206,0.01989878
4207,0.01989878
4208,0.01989878
4209,0.01989878
4210,0.01989878
4211,0.01989878
4212,0.01989878
4213,0.01989878
4214,0.01989878
4215,0.01989878
4216,0.01989878
4217,0.01989878
4218,0.01989878
4219,0.01989878
4220,0.01989878
4221,0.01989878
4222,0.01989878
4223,0.01989878
4224,0.01989878
4225,0.01989878
4226,0.01989878
4227,0.01989878
4228,0.01989878
4229,0.01989878
4230,0.01989878
4231,0.01989878
4232,0.01989878
4233,0.01989878
4234,0.01989878
4235,0.01989878
4236,0.01989878
4237,0.01989878
4238,0.01989878
4239,0.01989878
4240,0.01989878
4241,0.01989878
4242,0.01989878
4243,0.01989878
4244,0.01989878
4245,0.01989878
4246,0.01989878
4247,0.01989878
4248,0.01989878
4249,0.01989878
4250,0.01989878
4251,0.01989878
4252,0.01989878
4253,0.01989878
4254,0.01989878
4255,0.01989878
4256,0.01989878
4257,0.01989878
4258,0.01989878
4259,0.01989878
4260,0.0198988
4261,0.0198988
4262,0.0198988
4263,0.0198988
4264,0.0198988
4265,0.01989882
4266,0.01989882
4267,0.01989882
4268,0.01989882
4269,0.01989882
4270,0.01989882
4271,0.01989882
4272,0.01989882
4273,0.01989882
4274,0.01989882
4275,0.01989882
4276,0.01989878
4277,0.01989878
4278,0.01989878
4279,0.01989878
4280,0.01989878
4281,0.01989878
4282,0.01989878
4283,0.01989878
