0,0.00035776
1,0.00035776
2,0.00035776
3,0.00035776
4,0.00035776
5,0.00035776
6,0.00035776
7,0.00035776
8,0.00035776
9,0.00035776
10,0.00035776
11,0.00035776
12,0.00035776
13,0.00035776
14,0.00035776
15,0.00035776
16,0.00035776
17,0.00035776
18,0.00035776
19,0.00035776
20,0.00035776
21,0.00035776
22,0.00036052
23,0.00035772
24,0.00035772
25,0.00035772
26,0.00035772
27,0.00035772
28,0.00035772
29,0.00035772
30,0.00035772
31,0.00035772
32,0.00035772
33,0.00035772
34,0.00035772
35,0.00035772
36,0.00035772
37,0.00035772
38,0.00035772
39,0.00035772
40,0.00035772
41,0.00036
42,0.00036
43,0.00036052
44,0.00036189
45,0.00036189
46,0.000362
47,0.000362
48,0.000362
49,0.000362
50,0.000362
51,0.000362
52,0.000362
53,0.000362
54,0.000362
55,0.000362
56,0.000362
57,0.000362
58,0.000362
59,0.000362
60,0.000362
61,0.000362
62,0.000362
63,0.000362
64,0.000362
65,0.000362
66,0.000362
67,0.000362
68,0.000362
69,0.000362
70,0.000362
71,0.000362
72,0.000362
73,0.000362
74,0.000362
75,0.000362
76,0.000362
77,0.000362
78,0.000362
79,0.000362
80,0.000362
81,0.000362
82,0.000362
83,0.00036209
84,0.00036209
85,0.00036209
86,0.00036209
87,0.00036209
88,0.00036211
89,0.00036211
90,0.00036211
91,0.00036211
92,0.00036211
93,0.00036211
94,0.00036211
95,0.00036211
96,0.00036211
97,0.00036211
98,0.00036211
99,0.00036211
100,0.00036209
101,0.00036209
102,0.000362
103,0.00036209
104,0.0003621
105,0.0003621
106,0.0003621
107,0.0003621
108,0.0003621
109,0.0003621
110,0.0003621
111,0.0003621
112,0.0003621
113,0.0003621
114,0.0003621
115,0.0003621
116,0.0003621
117,0.0003621
118,0.0003621
119,0.0003621
120,0.0003621
121,0.0003621
122,0.0003621
123,0.0003621
124,0.0003621
125,0.0003621
126,0.000362
127,0.00036211
128,0.00036211
129,0.00036211
130,0.00036211
131,0.00036211
132,0.00036211
133,0.00036213
134,0.00036213
135,0.00036213
136,0.00036213
137,0.00036213
138,0.00036213
139,0.00036213
140,0.00036213
141,0.00036213
142,0.00036213
143,0.00036232
144,0.00036232
145,0.00036232
146,0.00036232
147,0.00036232
148,0.00036232
149,0.00036232
150,0.00036232
151,0.00036232
152,0.00036232
153,0.00036232
154,0.00036232
155,0.00036232
156,0.00036232
157,0.00036232
158,0.00036232
159,0.00036232
160,0.00036232
161,0.00036241
162,0.00036241
163,0.00036241
164,0.00036241
165,0.00036241
166,0.00036241
167,0.00036241
168,0.00036241
169,0.00036241
170,0.00036241
171,0.00036241
172,0.00036241
173,0.00036241
174,0.00036241
175,0.00036241
176,0.00036241
177,0.00036241
178,0.00036241
179,0.00036241
180,0.0003624
181,0.0003624
182,0.0003624
183,0.0003624
184,0.0003624
185,0.0003624
186,0.0003624
187,0.0003624
188,0.0003624
189,0.0003624
190,0.0003624
191,0.0003624
192,0.0003624
193,0.0003624
194,0.0003624
195,0.0003624
196,0.0003624
197,0.0003624
198,0.0003624
199,0.0003624
200,0.0003624
201,0.0003624
202,0.0003624
203,0.0003624
204,0.0003624
205,0.0003624
206,0.0003624
207,0.0003624
208,0.0003624
209,0.0003624
210,0.0003624
211,0.0003624
212,0.0003624
213,0.0003624
214,0.0003624
215,0.0003624
216,0.0003624
217,0.0003624
218,0.0003624
219,0.0003624
220,0.0003624
221,0.0003624
222,0.0003624
223,0.0003624
224,0.0003624
225,0.0003624
226,0.0003624
227,0.0003624
228,0.0003624
229,0.0003624
230,0.0003624
231,0.0003624
232,0.0003624
233,0.0003624
234,0.0003624
235,0.0003624
236,0.0003624
237,0.0003624
238,0.0003624
239,0.0003624
240,0.0003624
241,0.0003624
242,0.0003624
243,0.0003624
244,0.0003624
245,0.0003624
246,0.0003624
247,0.0003624
248,0.0003624
249,0.0003624
250,0.0003624
251,0.0003624
252,0.0003624
253,0.0003624
254,0.0003624
255,0.0003624
256,0.0003624
257,0.0003624
258,0.0003624
259,0.0003624
260,0.0003624
261,0.0003624
262,0.0003624
263,0.0003624
264,0.0003624
265,0.0003624
266,0.0003624
267,0.0003624
268,0.0003624
269,0.0003624
270,0.0003624
271,0.0003624
272,0.0003624
273,0.0003624
274,0.0003624
275,0.0003624
276,0.0003624
277,0.0003624
278,0.0003624
279,0.00036241
280,0.00036241
281,0.00036241
282,0.00036998
283,0.00036813
284,0.00036995
285,0.00036995
286,0.00036995
287,0.00036814
288,0.00036813
289,0.00036447
290,0.00036266
291,0.00036267
292,0.00036282
293,0.00036282
294,0.00036268
295,0.00036263
296,0.00036263
297,0.00036263
298,0.00036282
299,0.00036282
300,0.00036282
301,0.00036282
302,0.00036282
303,0.00036282
304,0.00036436
305,0.00036263
306,0.00036263
307,0.00036262
308,0.00036262
309,0.0003627
310,0.0003627
311,0.0003627
312,0.0003627
313,0.0003627
314,0.0003627
315,0.0003627
316,0.0003627
317,0.0003627
318,0.0003627
319,0.0003627
320,0.00036383
321,0.0003627
322,0.0003627
323,0.0003627
324,0.0003627
325,0.0003627
326,0.0003627
327,0.0003627
328,0.0003627
329,0.0003627
330,0.0003627
331,0.0003627
332,0.0003627
333,0.0003627
334,0.0003627
335,0.0003627
336,0.0003627
337,0.0003627
338,0.0003627
339,0.0003627
340,0.0003627
341,0.0003627
342,0.0003627
343,0.0003627
344,0.0003627
345,0.0003627
346,0.0003627
347,0.0003627
348,0.0003627
349,0.0003627
350,0.0003627
351,0.0003627
352,0.0003627
353,0.0003627
354,0.0003627
355,0.0003627
356,0.0003636
357,0.00036359
358,0.00036359
359,0.00036359
360,0.00036359
361,0.0003627
362,0.0003627
363,0.0003627
364,0.0003627
365,0.0003627
366,0.0003627
367,0.0003627
368,0.0003627
369,0.00036307
370,0.00036307
371,0.0003627
372,0.0003627
373,0.0003627
374,0.0003627
375,0.0003627
376,0.0003627
377,0.0003627
378,0.00036285
379,0.00036415
380,0.00036415
381,0.00036415
382,0.00036415
383,0.00036415
384,0.00036415
385,0.00036415
386,0.00036415
387,0.00036415
388,0.00036415
389,0.00036415
390,0.00036415
391,0.00036415
392,0.00036415
393,0.00036271
394,0.00036271
395,0.00036271
396,0.00036271
397,0.00036271
398,0.00036271
399,0.00036271
400,0.00036271
401,0.00036416
402,0.00036416
403,0.00036416
404,0.00036416
405,0.00036416
406,0.00036416
407,0.00036416
408,0.00036416
409,0.00036416
410,0.0003627
411,0.0003627
412,0.0003627
413,0.0003627
414,0.0003627
415,0.0003627
416,0.0003627
417,0.0003627
418,0.0003627
419,0.00036272
420,0.00036272
421,0.00036272
422,0.00036272
423,0.00036272
424,0.00036272
425,0.00036272
426,0.00036272
427,0.00036272
428,0.00036272
429,0.00036272
430,0.00036272
431,0.00036272
432,0.00036272
433,0.00036272
434,0.00036489
435,0.00036489
436,0.00036489
437,0.00036489
438,0.00036489
439,0.00036489
440,0.00036489
441,0.00036489
442,0.00036489
443,0.00036489
444,0.00036489
445,0.00036489
446,0.00036489
447,0.00036489
448,0.00036489
449,0.00036489
450,0.00036489
451,0.00036489
452,0.00036489
453,0.00036489
454,0.00036489
455,0.00036489
456,0.00036306
457,0.00036306
458,0.00036306
459,0.00036306
460,0.00036306
461,0.0003627
462,0.0003627
463,0.0003627
464,0.0003627
465,0.00036306
466,0.00036306
467,0.00036306
468,0.00036306
469,0.00036306
470,0.00036306
471,0.00036306
472,0.00036306
473,0.00036306
474,0.00036306
475,0.00036306
476,0.00036306
477,0.00036306
478,0.00036306
479,0.00036306
480,0.00036306
481,0.00036306
482,0.00036306
483,0.00036306
484,0.00036689
485,0.00036689
486,0.00036689
487,0.00036689
488,0.00036689
489,0.00036689
490,0.00036689
491,0.00036689
492,0.00036689
493,0.00036689
494,0.00036689
495,0.00036689
496,0.00036689
497,0.00036689
498,0.00036689
499,0.00036689
500,0.00036689
501,0.00036689
502,0.00036689
503,0.00036689
504,0.00036689
505,0.00036689
506,0.00036689
507,0.00036689
508,0.00036689
509,0.00036689
510,0.00036689
511,0.00036689
512,0.00036689
513,0.00036689
514,0.00036689
515,0.00036689
516,0.00036689
517,0.00036689
518,0.00036689
519,0.00036689
520,0.00036689
521,0.00036689
522,0.00036853
523,0.00036853
524,0.00036853
525,0.00036853
526,0.00036853
527,0.00036853
528,0.00036689
529,0.00036689
530,0.00036689
531,0.00036689
532,0.00036689
533,0.00036689
534,0.00036689
535,0.00036689
536,0.00036689
537,0.00036689
538,0.00036689
539,0.00036689
540,0.00036689
541,0.00036689
542,0.00036689
543,0.00036689
544,0.00036689
545,0.00036689
546,0.00036689
547,0.00036689
548,0.00036689
549,0.00036689
550,0.00036689
551,0.00036689
552,0.00036689
553,0.00036689
554,0.00036689
555,0.00036689
556,0.00036689
557,0.00036689
558,0.00036689
559,0.00036689
560,0.00036689
561,0.00036689
562,0.00036689
563,0.00036689
564,0.00036689
565,0.00036689
566,0.00036689
567,0.00036689
568,0.00036689
569,0.00036689
570,0.00036689
571,0.00036689
572,0.00036689
573,0.00036689
574,0.00036689
575,0.00036689
576,0.00036689
577,0.00036689
578,0.00036689
579,0.00036689
580,0.00036689
581,0.00036689
582,0.00036689
583,0.00036689
584,0.00036689
585,0.00036689
586,0.00036689
587,0.00036689
588,0.00036689
589,0.00036689
590,0.00036689
591,0.00036689
592,0.00036689
593,0.00036689
594,0.00036689
595,0.00036689
596,0.00036689
597,0.00036689
598,0.00036689
599,0.00036689
600,0.00036689
601,0.00036689
602,0.00036306
603,0.00036306
604,0.00036307
605,0.00036307
606,0.00036307
607,0.00036306
608,0.00036307
609,0.00036307
610,0.00036307
611,0.00036307
612,0.00036307
613,0.00036307
614,0.00036307
615,0.00036307
616,0.00036307
617,0.00036307
618,0.00036307
619,0.00036307
620,0.00036307
621,0.00036307
622,0.00036307
623,0.00036307
624,0.00036306
625,0.00036306
626,0.00036306
627,0.00036306
628,0.00036306
629,0.00036306
630,0.00036306
631,0.00036306
632,0.00036306
633,0.00036306
634,0.00036306
635,0.00036306
636,0.00036306
637,0.00036306
638,0.00036306
639,0.00036306
640,0.00036306
641,0.00036306
642,0.00036306
643,0.00036306
644,0.00036306
645,0.00036306
646,0.00036306
647,0.00036306
648,0.00036306
649,0.00036306
650,0.00036306
651,0.00036306
652,0.00036306
653,0.00036306
654,0.00036306
655,0.00036306
656,0.00036306
657,0.00036669
658,0.00036669
659,0.00036669
660,0.00036669
661,0.00036669
662,0.00036669
663,0.00036669
664,0.00036683
665,0.00036308
666,0.00036308
667,0.00036308
668,0.00036308
669,0.00036308
670,0.00036308
671,0.00036308
672,0.00036308
673,0.00036308
674,0.00036308
675,0.00036308
676,0.00036308
677,0.00036308
678,0.00036308
679,0.00036308
680,0.00036306
681,0.00036306
682,0.00036306
683,0.00036306
684,0.00036306
685,0.00036306
686,0.00036308
687,0.00036308
688,0.00036308
689,0.00036308
690,0.00036308
691,0.00036308
692,0.00036308
693,0.00036308
694,0.00036308
695,0.00036308
696,0.00036308
697,0.00036308
698,0.00036308
699,0.00036308
700,0.00036308
701,0.00036308
702,0.00036306
703,0.00036306
704,0.00036306
705,0.00036306
706,0.00036306
707,0.00036306
708,0.00036306
709,0.00036306
710,0.00036306
711,0.00036306
712,0.00036306
713,0.00036306
714,0.00036306
715,0.00036306
716,0.00036306
717,0.00036306
718,0.00036306
719,0.00036306
720,0.00036306
721,0.00036306
722,0.00036306
723,0.00036306
724,0.00036306
725,0.00036306
726,0.00036306
727,0.00036306
728,0.00036306
729,0.00036306
730,0.00036306
731,0.00036306
732,0.00036306
733,0.00036306
734,0.00036306
735,0.00036306
736,0.00036306
737,0.00036306
738,0.00036306
739,0.00036307
740,0.00036307
741,0.00036307
742,0.00036307
743,0.00036307
744,0.00036308
745,0.00036308
746,0.00036308
747,0.00036308
748,0.00036308
749,0.00036308
750,0.00036308
751,0.00036308
752,0.00036308
753,0.00036308
754,0.00036308
755,0.00036308
756,0.00036308
757,0.00036308
758,0.00036308
759,0.00036308
760,0.00036308
761,0.00036308
762,0.00036308
763,0.00036308
764,0.00036308
765,0.00036308
766,0.00036308
767,0.00036308
768,0.00036308
769,0.00036308
770,0.00036308
771,0.00036308
772,0.00036307
773,0.00036307
774,0.00036307
775,0.00036307
776,0.00036307
777,0.00036307
778,0.00036307
779,0.00036307
780,0.00036307
781,0.00036307
782,0.00036307
783,0.00036307
784,0.00036307
785,0.00036308
786,0.00036308
787,0.00036308
788,0.00036308
789,0.00036308
790,0.00036308
791,0.00036308
792,0.00036308
793,0.00036308
794,0.00036308
795,0.00036308
796,0.00036308
797,0.00036308
798,0.00036308
799,0.00036308
800,0.00036308
801,0.00036308
802,0.00036308
803,0.00036308
804,0.00036308
805,0.00036308
806,0.00036308
807,0.00036308
808,0.00036308
809,0.00036308
810,0.00036308
811,0.00036308
812,0.00036308
813,0.00036308
814,0.00036308
815,0.00036308
816,0.00036308
817,0.00036308
818,0.00036308
819,0.00036307
820,0.00036307
821,0.00036307
822,0.00036307
823,0.00036307
824,0.00036307
825,0.00036307
826,0.00036307
827,0.00036307
828,0.00036307
829,0.00036307
830,0.00036307
831,0.00036307
832,0.00036307
833,0.00036307
834,0.00036307
835,0.00036307
836,0.00036306
837,0.00036306
838,0.00036306
839,0.00036306
840,0.00036306
841,0.00036306
842,0.00036306
843,0.00036306
844,0.00036306
845,0.00036306
846,0.00036306
847,0.00036306
848,0.00036306
849,0.00036306
850,0.00036306
851,0.00036306
852,0.00036306
853,0.00036297
854,0.00036297
855,0.00036248
856,0.00036248
857,0.00036242
858,0.00036242
859,0.00036242
860,0.00036242
861,0.00036242
862,0.00036242
863,0.00036242
864,0.00036242
865,0.00036242
866,0.00036242
867,0.00036242
868,0.00036242
869,0.00036162
870,0.00036162
871,0.00036162
872,0.00036162
873,0.00036162
874,0.00036162
875,0.00036
876,0.00036
877,0.00036
878,0.00036
879,0.00036
880,0.00036
881,0.00036
882,0.00036248
883,0.00036248
884,0.00036248
885,0.00036248
886,0.00036248
887,0.00036248
888,0.00036005
889,0.00036005
890,0.00036005
891,0.00036005
892,0.00036005
893,0.00036
894,0.00036
895,0.00036
896,0.00036
897,0.00036
898,0.00036
899,0.00036005
900,0.00036005
901,0.00036005
902,0.00036005
903,0.00036005
904,0.00036005
905,0.00036
906,0.00036
907,0.00036
908,0.00036005
909,0.00036005
910,0.00036005
911,0.00036005
912,0.00036005
913,0.00036005
914,0.00036005
915,0.00036005
916,0.00036005
917,0.00036186
918,0.00036186
919,0.00036
920,0.00036
921,0.00036001
922,0.00036001
923,0.00036001
924,0.00036301
925,0.00036301
926,0.00036307
927,0.00036307
928,0.00036
929,0.00036
930,0.00036
931,0.00036
932,0.00036
933,0.00036
934,0.00036
935,0.00036
936,0.00036
937,0.00036
938,0.00036
939,0.00036
940,0.00035933
941,0.00035933
942,0.0003562
943,0.0003562
944,0.00035336
945,0.00035769
946,0.00035345
947,0.00035769
948,0.00035769
949,0.0003577
950,0.00035933
951,0.00035933
952,0.00035933
953,0.00035933
954,0.00035933
955,0.00036133
956,0.00036133
957,0.00035454
958,0.00035454
959,0.00035454
960,0.00035454
961,0.00035704
962,0.00035704
963,0.00035704
964,0.00035704
965,0.00035704
966,0.00035704
967,0.00035704
968,0.00035704
969,0.00035704
970,0.00035704
971,0.00035704
972,0.00035704
973,0.00035704
974,0.00036063
975,0.00036063
976,0.00035705
977,0.00035705
978,0.00035705
979,0.00035705
980,0.00035538
981,0.00035538
982,0.00035515
983,0.00035515
984,0.00035541
985,0.00035541
986,0.00035541
987,0.00035541
988,0.0003602
989,0.00035552
990,0.00035547
991,0.00035547
992,0.00035547
993,0.00035547
994,0.00035513
995,0.00035513
996,0.00035513
997,0.00035513
998,0.00035513
999,0.00035513
1000,0.00035513
1001,0.0003551
1002,0.00035336
1003,0.00035336
1004,0.0003551
1005,0.0003551
1006,0.0003551
1007,0.0003551
1008,0.0003551
1009,0.0003551
1010,0.0003551
1011,0.0003551
1012,0.0003551
1013,0.0003551
1014,0.0003551
1015,0.0003551
1016,0.0003539
1017,0.00035512
1018,0.00035512
1019,0.00035512
1020,0.0003538
1021,0.0003538
1022,0.0003538
1023,0.0003538
1024,0.0003538
1025,0.0003538
1026,0.0003538
1027,0.0003535
1028,0.0003535
1029,0.0003538
1030,0.0003538
1031,0.0003538
1032,0.0003538
1033,0.0003538
1034,0.0003538
1035,0.00035451
1036,0.00035451
1037,0.00035451
1038,0.00035451
1039,0.00035451
1040,0.00035451
1041,0.00035329
1042,0.00035329
1043,0.00035329
1044,0.00035329
1045,0.00035326
1046,0.00035326
1047,0.00035326
1048,0.00035326
1049,0.00035326
1050,0.00035326
1051,0.00035326
1052,0.00035326
1053,0.00035328
1054,0.00035328
1055,0.00035328
1056,0.00035328
1057,0.00035328
1058,0.00035326
1059,0.00035326
1060,0.00035326
1061,0.00035326
1062,0.00035326
1063,0.00035326
1064,0.00035326
1065,0.00035326
1066,0.00035326
1067,0.0003528
1068,0.0003528
1069,0.00035248
1070,0.00035248
1071,0.00035248
1072,0.00035046
1073,0.00035046
1074,0.00035055
1075,0.00035069
1076,0.00035069
1077,0.00035069
1078,0.00035248
1079,0.00035248
1080,0.00035079
1081,0.00035079
1082,0.00035079
1083,0.00035069
1084,0.00035069
1085,0.00035069
1086,0.00035069
1087,0.00035069
1088,0.00035069
1089,0.00035069
1090,0.00035071
1091,0.00035068
1092,0.00035247
1093,0.00035046
1094,0.00035053
1095,0.00035053
1096,0.00035053
1097,0.00035053
1098,0.00035053
1099,0.00035053
1100,0.00035053
1101,0.00035053
1102,0.00035053
1103,0.00035053
1104,0.00035053
1105,0.00035053
1106,0.00035053
1107,0.00035053
1108,0.00035053
1109,0.00035221
1110,0.00035221
1111,0.00035221
1112,0.00035221
1113,0.00035221
1114,0.00035221
1115,0.00035221
1116,0.00035221
1117,0.00035221
1118,0.00035221
1119,0.00035221
1120,0.00035221
1121,0.00035221
1122,0.00035221
1123,0.00035221
1124,0.00035221
1125,0.00035221
1126,0.00035255
1127,0.00035255
1128,0.00035255
1129,0.00035255
1130,0.00035255
1131,0.00035255
1132,0.00035255
1133,0.00035255
1134,0.00035255
1135,0.00035255
1136,0.00035255
1137,0.00035255
1138,0.00035255
1139,0.00035255
1140,0.00035451
1141,0.00035255
1142,0.00035255
1143,0.00035255
1144,0.00035255
1145,0.00035255
1146,0.00035255
1147,0.00035255
1148,0.00035255
1149,0.00035255
1150,0.00035255
1151,0.00035255
1152,0.00035255
1153,0.00035255
1154,0.00035255
1155,0.00035255
1156,0.00035255
1157,0.00035255
1158,0.00035255
1159,0.00035255
1160,0.00035255
1161,0.00035255
1162,0.0003545
1163,0.00035451
1164,0.00035451
1165,0.00035451
1166,0.00035451
1167,0.00035451
1168,0.0003545
1169,0.0003545
1170,0.00035451
1171,0.00035451
1172,0.00035451
1173,0.00035451
1174,0.00035451
1175,0.00035451
1176,0.00035451
1177,0.00035451
1178,0.00035451
1179,0.00035451
1180,0.00035442
1181,0.00035442
1182,0.00035442
1183,0.00035442
1184,0.00035442
1185,0.00035442
1186,0.00035442
1187,0.00035442
1188,0.00035442
1189,0.00035442
1190,0.00035442
1191,0.00035442
1192,0.00035442
1193,0.00035442
1194,0.00035442
1195,0.00035046
1196,0.00035046
1197,0.00035055
1198,0.00035055
1199,0.00035449
1200,0.00035449
1201,0.00035449
1202,0.00035449
1203,0.00035449
1204,0.00035449
1205,0.00035449
1206,0.00035449
1207,0.00035449
1208,0.00035449
1209,0.00035449
1210,0.00035449
1211,0.00035087
1212,0.00035087
1213,0.00035087
1214,0.00035087
1215,0.00035087
1216,0.00035087
1217,0.00035087
1218,0.00035087
1219,0.00035087
1220,0.00035087
1221,0.00035414
1222,0.00035414
1223,0.00035414
1224,0.00035414
1225,0.00035414
1226,0.00035414
1227,0.00035414
1228,0.00035414
1229,0.00035414
1230,0.00035414
1231,0.00035414
1232,0.00035414
1233,0.00035414
1234,0.00035449
1235,0.00035449
1236,0.00035449
1237,0.00035449
1238,0.00035449
1239,0.00035449
1240,0.00035449
1241,0.00035449
1242,0.00035449
1243,0.00035449
1244,0.00035449
1245,0.00035449
1246,0.00035449
1247,0.00035449
1248,0.00035414
1249,0.00035412
1250,0.00035412
1251,0.00035412
1252,0.00035412
1253,0.00035412
1254,0.00035412
1255,0.00035412
1256,0.00035046
1257,0.00035046
1258,0.00035046
1259,0.00035046
1260,0.00035046
1261,0.00035046
1262,0.00035046
1263,0.00035046
1264,0.000351
1265,0.000351
1266,0.000351
1267,0.000351
1268,0.000351
1269,0.000351
1270,0.000351
1271,0.000351
1272,0.000351
1273,0.000351
1274,0.000351
1275,0.000351
1276,0.000351
1277,0.00035449
1278,0.00035449
1279,0.00035449
1280,0.00035449
1281,0.00035449
1282,0.00035449
1283,0.00035449
1284,0.00035449
1285,0.00035449
1286,0.00035449
1287,0.00035449
1288,0.000351
1289,0.000351
1290,0.000351
1291,0.000351
1292,0.000351
1293,0.000351
1294,0.000351
1295,0.000351
1296,0.000351
1297,0.000351
1298,0.000351
1299,0.000351
1300,0.000351
1301,0.000351
1302,0.000351
1303,0.000351
1304,0.000351
1305,0.000351
1306,0.000351
1307,0.000351
1308,0.000351
1309,0.00035449
1310,0.00035449
1311,0.000351
1312,0.000351
1313,0.000351
1314,0.000351
1315,0.000351
1316,0.000351
1317,0.000351
1318,0.000351
1319,0.000351
1320,0.000351
1321,0.000351
1322,0.000351
1323,0.000351
1324,0.00035449
1325,0.00035449
1326,0.000351
1327,0.000351
1328,0.000351
1329,0.00035413
1330,0.00035413
1331,0.00035413
1332,0.00035413
1333,0.00035413
1334,0.00035413
1335,0.00035413
1336,0.00035413
1337,0.00035413
1338,0.0003578
1339,0.0003578
1340,0.0003578
1341,0.0003578
1342,0.0003578
1343,0.0003578
1344,0.0003578
1345,0.0003578
1346,0.00035633
1347,0.00035633
1348,0.00035633
1349,0.00035633
1350,0.00035633
1351,0.00035633
1352,0.00035633
1353,0.00035633
1354,0.00035633
1355,0.00035633
1356,0.00035633
1357,0.00035633
1358,0.00035633
1359,0.00035633
1360,0.00035633
1361,0.00035633
1362,0.00035633
1363,0.00035401
1364,0.00035633
1365,0.00035401
1366,0.00035401
1367,0.00035401
1368,0.00035401
1369,0.00035401
1370,0.00035401
1371,0.00035401
1372,0.00035401
1373,0.00035401
1374,0.00035401
1375,0.00035401
1376,0.00035401
1377,0.00035401
1378,0.00035401
1379,0.00035401
1380,0.00035401
1381,0.00035633
1382,0.00035633
1383,0.00035633
1384,0.00035633
1385,0.00035633
1386,0.00035633
1387,0.00035633
1388,0.00035633
1389,0.00035633
1390,0.00035633
1391,0.000354
1392,0.000354
1393,0.000354
1394,0.000354
1395,0.000354
1396,0.000354
1397,0.000354
1398,0.000354
1399,0.000354
1400,0.00035566
1401,0.00035566
1402,0.00035566
1403,0.00035566
1404,0.00035566
1405,0.000354
1406,0.00035565
1407,0.00035565
1408,0.00035565
1409,0.00035565
1410,0.00035565
1411,0.00035565
1412,0.00035565
1413,0.00035565
1414,0.000355
1415,0.000355
1416,0.000355
1417,0.000355
1418,0.000355
1419,0.000355
1420,0.000355
1421,0.000355
1422,0.000355
1423,0.00035499
1424,0.00035499
1425,0.00035499
1426,0.00035499
1427,0.00035499
1428,0.00035468
1429,0.00035468
1430,0.00035468
1431,0.000354
1432,0.000354
1433,0.000354
1434,0.000354
1435,0.000354
1436,0.000354
1437,0.000354
1438,0.000354
1439,0.000354
1440,0.000354
1441,0.000354
1442,0.000354
1443,0.000354
1444,0.000354
1445,0.000354
1446,0.000354
1447,0.000354
1448,0.000354
1449,0.000354
1450,0.000354
1451,0.000354
1452,0.000354
1453,0.000354
1454,0.000354
1455,0.000354
1456,0.000354
1457,0.000354
1458,0.000354
1459,0.00035633
1460,0.00035633
1461,0.00035633
1462,0.00035633
1463,0.00035633
1464,0.00035635
1465,0.00035635
1466,0.00035635
1467,0.00035635
1468,0.00035635
1469,0.00035635
1470,0.00035635
1471,0.00035635
1472,0.00035635
1473,0.00035635
1474,0.00035635
1475,0.00035635
1476,0.00035635
1477,0.00035635
1478,0.00035635
1479,0.00035635
1480,0.00035635
1481,0.00035635
1482,0.00035635
1483,0.00035635
1484,0.00035635
1485,0.00035635
1486,0.00035635
1487,0.00035635
1488,0.00035635
1489,0.00035635
1490,0.00035635
1491,0.00035635
1492,0.00035635
1493,0.00035635
1494,0.00035635
1495,0.00035635
1496,0.00035635
1497,0.00035635
1498,0.00035635
1499,0.00035633
1500,0.00035633
1501,0.00035633
1502,0.00035633
1503,0.00035001
1504,0.00035001
1505,0.00035001
1506,0.00035001
1507,0.00035001
1508,0.00035001
1509,0.00035635
1510,0.00035635
1511,0.00035635
1512,0.00035635
1513,0.00035635
1514,0.00035635
1515,0.00035635
1516,0.00035635
1517,0.00035103
1518,0.00035103
1519,0.00035103
1520,0.00035103
1521,0.00035103
1522,0.00035103
1523,0.00035103
1524,0.00035103
1525,0.00035103
1526,0.00035103
1527,0.00035103
1528,0.00035123
1529,0.00035123
1530,0.00035008
1531,0.00035008
1532,0.00035008
1533,0.00035008
1534,0.00035008
1535,0.00035008
1536,0.00035008
1537,0.00035008
1538,0.00035
1539,0.00035079
1540,0.00035079
1541,0.0003508
1542,0.0003526
1543,0.0003508
1544,0.0003508
1545,0.0003508
1546,0.0003508
1547,0.0003526
1548,0.0003526
1549,0.0003526
1550,0.0003526
1551,0.0003526
1552,0.0003526
1553,0.0003526
1554,0.0003526
1555,0.0003528
1556,0.0003528
1557,0.0003528
1558,0.0003528
1559,0.0003528
1560,0.0003528
1561,0.0003528
1562,0.00035075
1563,0.00035075
1564,0.0003528
1565,0.0003528
1566,0.0003528
1567,0.0003528
1568,0.0003528
1569,0.00035075
1570,0.00035075
1571,0.00035075
1572,0.00035075
1573,0.00035075
1574,0.00035075
1575,0.00035075
1576,0.00035075
1577,0.00035075
1578,0.00035075
1579,0.00035075
1580,0.00035075
1581,0.00035075
1582,0.00035075
1583,0.00035075
1584,0.00035075
1585,0.00035075
1586,0.00035075
1587,0.0003528
1588,0.0003528
1589,0.0003528
1590,0.0003528
1591,0.0003528
1592,0.0003528
1593,0.0003528
1594,0.0003528
1595,0.0003528
1596,0.0003528
1597,0.0003528
1598,0.0003528
1599,0.0003528
1600,0.0003528
1601,0.000353
1602,0.000353
1603,0.000353
1604,0.0003528
1605,0.0003528
1606,0.0003528
1607,0.0003528
1608,0.0003528
1609,0.000353
1610,0.000353
1611,0.000353
1612,0.000353
1613,0.000353
1614,0.000353
1615,0.000353
1616,0.000353
1617,0.000353
1618,0.000353
1619,0.00035116
1620,0.00035116
1621,0.00035116
1622,0.00035116
1623,0.00035116
1624,0.00035116
1625,0.00035116
1626,0.00035075
1627,0.00035075
1628,0.00035075
1629,0.00035075
1630,0.00035075
1631,0.00035075
1632,0.00035075
1633,0.00035075
1634,0.00035075
1635,0.00035075
1636,0.00035075
1637,0.00035075
1638,0.00035075
1639,0.00035075
1640,0.00035075
1641,0.00035075
1642,0.00035075
1643,0.00035075
1644,0.00035075
1645,0.00035075
1646,0.00035075
1647,0.00035075
1648,0.00035075
1649,0.00035075
1650,0.00035075
1651,0.00035075
1652,0.00035075
1653,0.00035075
1654,0.00035075
1655,0.00035075
1656,0.00035075
1657,0.00035075
1658,0.00035075
1659,0.00035075
1660,0.00035075
1661,0.00035075
1662,0.00035075
1663,0.00035075
1664,0.00035075
1665,0.00035075
1666,0.00035075
1667,0.00035075
1668,0.00035075
1669,0.00035075
1670,0.00035075
1671,0.00035075
1672,0.00035075
1673,0.00035075
1674,0.00035075
1675,0.00035075
1676,0.00035075
1677,0.00035075
1678,0.00035279
1679,0.00035279
1680,0.0003528
1681,0.0003528
1682,0.0003528
1683,0.0003528
1684,0.0003528
1685,0.0003528
1686,0.0003528
1687,0.0003528
1688,0.0003528
1689,0.0003528
1690,0.0003528
1691,0.0003528
1692,0.0003528
1693,0.0003528
1694,0.0003528
1695,0.0003528
1696,0.0003528
1697,0.0003528
1698,0.0003528
1699,0.00035279
1700,0.00035279
1701,0.00035279
1702,0.00035279
1703,0.00035279
1704,0.00035
1705,0.00035
1706,0.00035
1707,0.00035
1708,0.00035
1709,0.00035
1710,0.00035
1711,0.00035
1712,0.00035
1713,0.00035
1714,0.00035279
1715,0.00035279
1716,0.00035279
1717,0.00035279
1718,0.00035279
1719,0.00035279
1720,0.00035
1721,0.00035
1722,0.00035
1723,0.00035
1724,0.00035
1725,0.00035
1726,0.00035
1727,0.00035
1728,0.00035
1729,0.00035
1730,0.00035
1731,0.00035
1732,0.00035
1733,0.00035
1734,0.00035
1735,0.00035
1736,0.00035
1737,0.00035
1738,0.0003528
1739,0.0003528
1740,0.0003528
1741,0.0003528
1742,0.00035
1743,0.00035
1744,0.00035
1745,0.00035
1746,0.00035
1747,0.00035
1748,0.00035
1749,0.00035
1750,0.00035
1751,0.00035
1752,0.00035
1753,0.00035
1754,0.00035
1755,0.00035
1756,0.000353
1757,0.000353
1758,0.000353
1759,0.000353
1760,0.000353
1761,0.00035
1762,0.00035
1763,0.00035
1764,0.00035
1765,0.00035
1766,0.00035
1767,0.00035
1768,0.00035
1769,0.00035
1770,0.00035
1771,0.00035
1772,0.00035
1773,0.00035
1774,0.00035
1775,0.000353
1776,0.000353
1777,0.000353
1778,0.000353
1779,0.000353
1780,0.000353
1781,0.000353
1782,0.000353
1783,0.00035001
1784,0.00035001
1785,0.00035
1786,0.00035
1787,0.00035
1788,0.00035001
1789,0.00035001
1790,0.00035001
1791,0.00035001
1792,0.00035001
1793,0.000353
1794,0.000353
1795,0.000353
1796,0.000353
1797,0.000353
1798,0.000353
1799,0.000353
1800,0.000353
1801,0.000353
1802,0.00035001
1803,0.00035001
1804,0.00035001
1805,0.00035001
1806,0.000353
1807,0.000353
1808,0.0003544
1809,0.0003544
1810,0.000345
1811,0.0003463
1812,0.00034617
1813,0.00034617
1814,0.00034617
1815,0.00034617
1816,0.00034617
1817,0.00034617
1818,0.00034617
1819,0.00034617
1820,0.00034617
1821,0.00034617
1822,0.00034617
1823,0.00034617
1824,0.00034617
1825,0.00034617
1826,0.00034791
1827,0.00034791
1828,0.00034791
1829,0.00034791
1830,0.00034791
1831,0.00034791
1832,0.00034791
1833,0.00034791
1834,0.00034791
1835,0.00034791
1836,0.00034791
1837,0.00034618
1838,0.00034618
1839,0.00034618
1840,0.00034618
1841,0.00034618
1842,0.00034618
1843,0.00034618
1844,0.00034618
1845,0.00034618
1846,0.00034618
1847,0.00034791
1848,0.00034791
1849,0.00034791
1850,0.00034791
1851,0.00034791
1852,0.00034791
1853,0.00034791
1854,0.00034617
1855,0.00034617
1856,0.00034617
1857,0.00034617
1858,0.00034617
1859,0.00034617
1860,0.00034617
1861,0.00034617
1862,0.00034617
1863,0.00034617
1864,0.00034617
1865,0.00034617
1866,0.00034617
1867,0.00034617
1868,0.00034617
1869,0.00034617
1870,0.00034617
1871,0.00034617
1872,0.00034617
1873,0.00034617
1874,0.00034617
1875,0.00034617
1876,0.00034617
1877,0.00034617
1878,0.00034617
1879,0.00034687
1880,0.00034758
1881,0.00034758
1882,0.00034758
1883,0.00034748
1884,0.00034748
1885,0.00034748
1886,0.00034748
1887,0.00034748
1888,0.00034748
1889,0.00034748
1890,0.00034748
1891,0.00034748
1892,0.00034748
1893,0.00034748
1894,0.00034748
1895,0.00034748
1896,0.00034748
1897,0.00034748
1898,0.00034748
1899,0.00034748
1900,0.00034617
1901,0.00034617
1902,0.00034617
1903,0.00034617
1904,0.00034748
1905,0.00034748
1906,0.00034748
1907,0.00034748
1908,0.00034748
1909,0.00034748
1910,0.00034748
1911,0.00034748
1912,0.00034748
1913,0.00034748
1914,0.00034748
1915,0.00034748
1916,0.00034748
1917,0.00034748
1918,0.00034748
1919,0.00034609
1920,0.00034609
1921,0.00034609
1922,0.00034609
1923,0.00034609
1924,0.00034609
1925,0.00034444
1926,0.00034443
1927,0.00034443
1928,0.00034443
1929,0.00034609
1930,0.00034609
1931,0.00034609
1932,0.00034609
1933,0.00034609
1934,0.00034451
1935,0.00034451
1936,0.00034451
1937,0.00034456
1938,0.00034456
1939,0.00034456
1940,0.00034852
1941,0.00034856
1942,0.00034443
1943,0.00034443
1944,0.00034443
1945,0.00034443
1946,0.00034443
1947,0.00034443
1948,0.00034791
1949,0.00034781
1950,0.00034781
1951,0.00034781
1952,0.00034426
1953,0.00034426
1954,0.00034426
1955,0.00034729
1956,0.00034729
1957,0.00034719
1958,0.00034719
1959,0.00034719
1960,0.00034719
1961,0.00034719
1962,0.00034719
1963,0.00034719
1964,0.00034719
1965,0.00034719
1966,0.00034719
1967,0.00034719
1968,0.00034866
1969,0.00034866
1970,0.00034866
1971,0.00034866
1972,0.00034866
1973,0.00034866
1974,0.00034866
1975,0.00034866
1976,0.00034866
1977,0.00034866
1978,0.00034866
1979,0.00034866
1980,0.00034444
1981,0.00034444
1982,0.00034444
1983,0.00034444
1984,0.00034444
1985,0.00034444
1986,0.00034444
1987,0.00034444
1988,0.00034609
1989,0.00034609
1990,0.00034609
1991,0.00034609
1992,0.00034609
1993,0.00034609
1994,0.00034609
1995,0.00035031
1996,0.00035031
1997,0.00035031
1998,0.00035031
1999,0.00035031
2000,0.00035031
2001,0.00035031
2002,0.00035031
2003,0.00035031
2004,0.00035031
2005,0.00035031
2006,0.00035031
2007,0.00035031
2008,0.00035031
2009,0.00035031
2010,0.00035031
2011,0.00035031
2012,0.00035031
2013,0.00035031
2014,0.00035031
2015,0.00035031
2016,0.00035031
2017,0.00035031
2018,0.00035031
2019,0.00035031
2020,0.00035031
2021,0.00035031
2022,0.00035031
2023,0.00035031
2024,0.00035031
2025,0.00035031
2026,0.00035031
2027,0.00035031
2028,0.00035031
2029,0.000349
2030,0.000349
2031,0.000349
2032,0.000349
2033,0.00034989
2034,0.00034989
2035,0.00034989
2036,0.00034989
2037,0.00034989
2038,0.000349
2039,0.000349
2040,0.000349
2041,0.000349
2042,0.000349
2043,0.000349
2044,0.000349
2045,0.000349
2046,0.000349
2047,0.000349
2048,0.00035215
2049,0.00035215
2050,0.000349
2051,0.00034778
2052,0.00034778
2053,0.00034991
2054,0.00034991
2055,0.00034991
2056,0.00034991
2057,0.00034991
2058,0.00034991
2059,0.00034991
2060,0.00034991
2061,0.00034991
2062,0.00034991
2063,0.0003495
2064,0.0003495
2065,0.0003495
2066,0.0003495
2067,0.00034719
2068,0.00034719
2069,0.00034719
2070,0.00034722
2071,0.00034722
2072,0.00034722
2073,0.00034722
2074,0.00034722
2075,0.00034722
2076,0.00034722
2077,0.00034722
2078,0.00034722
2079,0.00034722
2080,0.00034722
2081,0.00034722
2082,0.00034722
2083,0.00034722
2084,0.00035222
2085,0.00035222
2086,0.00035222
2087,0.00035222
2088,0.00035222
2089,0.00035222
2090,0.00035222
2091,0.00035222
2092,0.00035222
2093,0.00035222
2094,0.00035222
2095,0.00035222
2096,0.00035222
2097,0.00035222
2098,0.0003473
2099,0.00034733
2100,0.00034733
2101,0.00034733
2102,0.00034733
2103,0.00034733
2104,0.00034733
2105,0.00035202
2106,0.00035202
2107,0.00035202
2108,0.00035202
2109,0.00035202
2110,0.00035202
2111,0.00035202
2112,0.00035202
2113,0.00035202
2114,0.00035202
2115,0.00035202
2116,0.00035202
2117,0.00035202
2118,0.00035202
2119,0.00035202
2120,0.00035202
2121,0.00035202
2122,0.0003512
2123,0.0003512
2124,0.0003512
2125,0.0003512
2126,0.0003512
2127,0.0003512
2128,0.0003512
2129,0.0003512
2130,0.0003512
2131,0.0003512
2132,0.0003512
2133,0.0003512
2134,0.0003512
2135,0.0003512
2136,0.0003512
2137,0.0003512
2138,0.0003512
2139,0.0003512
2140,0.0003512
2141,0.0003512
2142,0.0003512
2143,0.0003512
2144,0.0003512
2145,0.0003512
2146,0.0003512
2147,0.0003512
2148,0.0003512
2149,0.0003512
2150,0.0003512
2151,0.0003512
2152,0.0003512
2153,0.0003512
2154,0.0003512
2155,0.0003512
2156,0.0003512
2157,0.0003512
2158,0.00035098
2159,0.00035098
2160,0.00035098
2161,0.00035098
2162,0.00035098
2163,0.00035098
2164,0.00035098
2165,0.00035098
2166,0.00035098
2167,0.00035098
2168,0.00035098
2169,0.00035098
2170,0.00035098
2171,0.00035098
2172,0.00035098
2173,0.00035098
2174,0.00035098
2175,0.00035098
2176,0.00035098
2177,0.00035098
2178,0.00035098
2179,0.00035098
2180,0.00035098
2181,0.00035098
2182,0.00035098
2183,0.00035098
2184,0.00034857
2185,0.00034857
2186,0.00034857
2187,0.00034857
2188,0.00034719
2189,0.00034719
2190,0.000347
2191,0.000347
2192,0.000347
2193,0.000347
2194,0.000347
2195,0.000347
2196,0.00034626
2197,0.00034626
2198,0.00034626
2199,0.00034626
2200,0.00034626
2201,0.00034609
2202,0.00034608
2203,0.00034608
2204,0.00034608
2205,0.0003455
2206,0.0003455
2207,0.0003455
2208,0.0003455
2209,0.0003455
2210,0.0003455
2211,0.0003455
2212,0.0003455
2213,0.0003455
2214,0.0003455
2215,0.0003455
2216,0.0003455
2217,0.0003455
2218,0.0003455
2219,0.00034423
2220,0.00034423
2221,0.00034423
2222,0.00034423
2223,0.00034423
2224,0.00034423
2225,0.00034423
2226,0.00034426
2227,0.00034426
2228,0.00034426
2229,0.00034426
2230,0.00034426
2231,0.00034426
2232,0.00034426
2233,0.00034426
2234,0.00034426
2235,0.00034426
2236,0.00034426
2237,0.00034426
2238,0.00034426
2239,0.00034426
2240,0.00034423
2241,0.00034423
2242,0.00034423
2243,0.00034423
2244,0.00035029
2245,0.00035029
2246,0.00035029
2247,0.00035029
2248,0.00035029
2249,0.0003501
2250,0.0003501
2251,0.0003501
2252,0.0003501
2253,0.00034379
2254,0.00034379
2255,0.000345
2256,0.000345
2257,0.000345
2258,0.000345
2259,0.000345
2260,0.00034393
2261,0.00034393
2262,0.00034393
2263,0.00034393
2264,0.00034566
2265,0.00034566
2266,0.00034566
2267,0.00034566
2268,0.00034566
2269,0.00034566
2270,0.00034566
2271,0.00034566
2272,0.00034566
2273,0.00034566
2274,0.00034566
2275,0.00034388
2276,0.00034388
2277,0.00034388
2278,0.00034388
2279,0.00034388
2280,0.00034388
2281,0.00034388
2282,0.00034388
2283,0.00034747
2284,0.00034747
2285,0.00034747
2286,0.00034747
2287,0.00034747
2288,0.00034747
2289,0.00034747
2290,0.00034747
2291,0.00034747
2292,0.00034747
2293,0.00034747
2294,0.00034747
2295,0.00034747
2296,0.00034747
2297,0.00034747
2298,0.00034747
2299,0.00034747
2300,0.00034379
2301,0.00034379
2302,0.00034379
2303,0.00034379
2304,0.00034379
2305,0.00034379
2306,0.00034379
2307,0.00034379
2308,0.00034378
2309,0.00034379
2310,0.00034347
2311,0.00034347
2312,0.00034347
2313,0.00034348
2314,0.00034348
2315,0.00034348
2316,0.00034348
2317,0.00034348
2318,0.00034348
2319,0.00034348
2320,0.00034348
2321,0.00034348
2322,0.00034348
2323,0.00034348
2324,0.00034378
2325,0.00034348
2326,0.00034348
2327,0.00034348
2328,0.00034348
2329,0.00034348
2330,0.00034329
2331,0.00034329
2332,0.00034329
2333,0.00034329
2334,0.00034329
2335,0.00034329
2336,0.00034329
2337,0.00034329
2338,0.00034329
2339,0.00034329
2340,0.00034329
2341,0.00034329
2342,0.00034329
2343,0.00034329
2344,0.00034377
2345,0.00034377
2346,0.00034377
2347,0.00034377
2348,0.00034377
2349,0.00034377
2350,0.00034328
2351,0.00034328
2352,0.00034328
2353,0.00034328
2354,0.00034328
2355,0.00034377
2356,0.00034379
2357,0.00034379
2358,0.00034379
2359,0.00034379
2360,0.00034379
2361,0.00034379
2362,0.00034379
2363,0.00034379
2364,0.00034379
2365,0.00034379
2366,0.00034379
2367,0.00034379
2368,0.00034379
2369,0.00034379
2370,0.00034379
2371,0.00034378
2372,0.00034378
2373,0.00034378
2374,0.00034328
2375,0.00034328
2376,0.00034328
2377,0.00034328
2378,0.000343
2379,0.000343
2380,0.000343
2381,0.000343
2382,0.000343
2383,0.000343
2384,0.00034379
2385,0.00034379
2386,0.00034379
2387,0.00034379
2388,0.00034379
2389,0.00034379
2390,0.00034379
2391,0.00034379
2392,0.00034379
2393,0.00034379
2394,0.00034301
2395,0.00034301
2396,0.00034301
2397,0.00034301
2398,0.00034301
2399,0.00034301
2400,0.00034301
2401,0.00034416
2402,0.00034416
2403,0.00034416
2404,0.00034416
2405,0.00034416
2406,0.00034416
2407,0.00034416
2408,0.00034416
2409,0.00034416
2410,0.00034416
2411,0.00034416
2412,0.00034416
2413,0.00034416
2414,0.00034416
2415,0.00034416
2416,0.00034416
2417,0.00034416
2418,0.00034416
2419,0.00034416
2420,0.00034416
2421,0.00034416
2422,0.00034416
2423,0.00034416
2424,0.00034416
2425,0.00034416
2426,0.00034416
2427,0.00034416
2428,0.00034416
2429,0.00034416
2430,0.00034466
2431,0.00034466
2432,0.00034466
2433,0.00034466
2434,0.00034466
2435,0.00034466
2436,0.00034466
2437,0.00034466
2438,0.00034466
2439,0.00034466
2440,0.00034466
2441,0.00034466
2442,0.00034416
2443,0.00034416
2444,0.00034416
2445,0.00034416
2446,0.00034416
2447,0.00034416
2448,0.00034416
2449,0.00034416
2450,0.00034416
2451,0.00034416
2452,0.00034416
2453,0.00034416
2454,0.00034431
2455,0.00034431
2456,0.00034446
2457,0.00034446
2458,0.00034446
2459,0.00034446
2460,0.00034446
2461,0.00034446
2462,0.00034446
2463,0.00034446
2464,0.00034446
2465,0.00034447
2466,0.00034447
2467,0.00034447
2468,0.00034447
2469,0.00034447
2470,0.00034447
2471,0.00034447
2472,0.00034447
2473,0.00034447
2474,0.00034447
2475,0.00034447
2476,0.00034447
2477,0.00034447
2478,0.00034447
2479,0.00034447
2480,0.00034447
2481,0.00034447
2482,0.00034447
2483,0.00034447
2484,0.00034447
2485,0.00034447
2486,0.00034447
2487,0.00034447
2488,0.00034519
2489,0.00034447
2490,0.00034447
2491,0.00034447
2492,0.00034447
2493,0.00034447
2494,0.00034447
2495,0.00034447
2496,0.00034447
2497,0.00034447
2498,0.00034447
2499,0.00034447
2500,0.00034447
2501,0.00034519
2502,0.00034519
2503,0.00034519
2504,0.00034519
2505,0.00034519
2506,0.00034519
2507,0.00034519
2508,0.00034519
2509,0.00034519
2510,0.00034593
2511,0.00034593
2512,0.00034593
2513,0.00034593
2514,0.00034593
2515,0.00034593
2516,0.00034593
2517,0.00034593
2518,0.00034593
2519,0.00034593
2520,0.00034593
2521,0.00034593
2522,0.00034655
2523,0.00034655
2524,0.00034655
2525,0.00034655
2526,0.00034655
2527,0.00034655
2528,0.00034655
2529,0.00034655
2530,0.00034655
2531,0.00034519
2532,0.00034519
2533,0.00034519
2534,0.00034519
2535,0.00034519
2536,0.00034519
2537,0.00034519
2538,0.00034519
2539,0.00034519
2540,0.00034519
2541,0.00034519
2542,0.00034519
2543,0.00034519
2544,0.00034519
2545,0.00034519
2546,0.00034519
2547,0.00034519
2548,0.00034519
2549,0.00034654
2550,0.00034655
2551,0.0003477
2552,0.0003477
2553,0.0003477
2554,0.0003477
2555,0.0003477
2556,0.0003477
2557,0.0003477
2558,0.0003477
2559,0.00034654
2560,0.00034654
2561,0.00034654
2562,0.00034654
2563,0.00034654
2564,0.00034654
2565,0.00034654
2566,0.00034864
2567,0.00034864
2568,0.00034864
2569,0.00034864
2570,0.00034864
2571,0.00034864
2572,0.00034864
2573,0.00034654
2574,0.00034654
2575,0.00034654
2576,0.00034654
2577,0.00034654
2578,0.00034654
2579,0.00034654
2580,0.00034654
2581,0.00034654
2582,0.00034654
2583,0.00034654
2584,0.00034654
2585,0.00034654
2586,0.00034998
2587,0.00034655
2588,0.00034655
2589,0.00034655
2590,0.00034655
2591,0.00034655
2592,0.00034655
2593,0.00034655
2594,0.00034655
2595,0.00034655
2596,0.00034655
2597,0.00034655
2598,0.00034655
2599,0.00034655
2600,0.00034655
2601,0.00034655
2602,0.00034655
2603,0.00034655
2604,0.00034655
2605,0.00034655
2606,0.00034655
2607,0.00034655
2608,0.00034655
2609,0.00034655
2610,0.00034655
2611,0.00034655
2612,0.00034998
2613,0.00034998
2614,0.00034998
2615,0.00034998
2616,0.00034998
2617,0.00034998
2618,0.00034998
2619,0.00034998
2620,0.00034998
2621,0.00034998
2622,0.00034998
2623,0.00034998
2624,0.00034998
2625,0.00034998
2626,0.00034998
2627,0.00034998
2628,0.000347
2629,0.000347
2630,0.000347
2631,0.000347
2632,0.000347
2633,0.000347
2634,0.00034705
2635,0.00034705
2636,0.00034705
2637,0.00034705
2638,0.00034705
2639,0.00034705
2640,0.00034705
2641,0.00034705
2642,0.00034705
2643,0.00034705
2644,0.00034705
2645,0.00034705
2646,0.00034705
2647,0.00034705
2648,0.00034705
2649,0.00034705
2650,0.00034705
2651,0.00034705
2652,0.00034705
2653,0.00034705
2654,0.00034705
2655,0.00034705
2656,0.00034705
2657,0.00034705
2658,0.00034705
2659,0.00034705
2660,0.00034705
2661,0.00034705
2662,0.00034705
2663,0.00034705
2664,0.00034705
2665,0.00034705
2666,0.00034705
2667,0.00034705
2668,0.00034705
2669,0.00034705
2670,0.00034705
2671,0.00034705
2672,0.00034705
2673,0.000348
2674,0.000348
2675,0.000348
2676,0.000348
2677,0.000348
2678,0.000348
2679,0.000348
2680,0.000348
2681,0.000348
2682,0.000348
2683,0.000348
2684,0.00034705
2685,0.00034705
2686,0.00035052
2687,0.00035052
2688,0.00035052
2689,0.00035052
2690,0.00035074
2691,0.00035074
2692,0.00035074
2693,0.000351
2694,0.000351
2695,0.000351
2696,0.000351
2697,0.000351
2698,0.000351
2699,0.000351
2700,0.000351
2701,0.000351
2702,0.000351
2703,0.000351
2704,0.00034999
2705,0.00034999
2706,0.00034999
2707,0.00034999
2708,0.00034999
2709,0.00034999
2710,0.00034999
2711,0.00034999
2712,0.00034999
2713,0.00034999
2714,0.00034999
2715,0.00034999
2716,0.00034999
2717,0.00034999
2718,0.00034999
2719,0.000351
2720,0.000351
2721,0.000351
2722,0.000351
2723,0.000351
2724,0.000351
2725,0.000351
2726,0.000351
2727,0.000351
2728,0.000351
2729,0.000351
2730,0.000351
2731,0.000351
2732,0.000351
2733,0.000351
2734,0.000351
2735,0.00035
2736,0.00035
2737,0.00035
2738,0.00035
2739,0.00035
2740,0.00035
2741,0.00034999
2742,0.00034999
2743,0.00034999
2744,0.00034999
2745,0.00034999
2746,0.00034999
2747,0.00034999
2748,0.00034999
2749,0.00034999
2750,0.00034999
2751,0.00034999
2752,0.00034999
2753,0.00034999
2754,0.00034999
2755,0.00035
2756,0.00035
2757,0.00035
2758,0.00035
2759,0.00034999
2760,0.00034999
2761,0.00034999
2762,0.00034705
2763,0.00034705
2764,0.00034705
2765,0.00034705
2766,0.00034705
2767,0.00034705
2768,0.00034705
2769,0.00034705
2770,0.00034705
2771,0.00034705
2772,0.00034705
2773,0.00034705
2774,0.00034705
2775,0.00034705
2776,0.00034705
2777,0.00034705
2778,0.00034705
2779,0.00034705
2780,0.00034705
2781,0.000349
2782,0.000349
2783,0.000349
2784,0.000349
2785,0.000349
2786,0.000349
2787,0.00034705
2788,0.00034705
2789,0.00034705
2790,0.00034705
2791,0.00034705
2792,0.00034705
2793,0.00034705
2794,0.00034705
2795,0.00034705
2796,0.00034705
2797,0.00034705
2798,0.00034705
2799,0.00034705
2800,0.00034705
2801,0.00034705
2802,0.00034705
2803,0.00034705
2804,0.00034705
2805,0.00034705
2806,0.00034705
2807,0.00034705
2808,0.00034705
2809,0.00034705
2810,0.00034705
2811,0.00034705
2812,0.00034705
2813,0.00034705
2814,0.00034705
2815,0.00034705
2816,0.00034705
2817,0.00034705
2818,0.00034705
2819,0.00034705
2820,0.00034705
2821,0.00034705
2822,0.00034705
2823,0.00034705
2824,0.00034705
2825,0.00034705
2826,0.00034705
2827,0.00034705
2828,0.0003491
2829,0.0003491
2830,0.0003491
2831,0.0003491
2832,0.0003491
2833,0.0003491
2834,0.00034705
2835,0.00034705
2836,0.00034705
2837,0.00034705
2838,0.00034705
2839,0.00034705
2840,0.00034705
2841,0.00034705
2842,0.00034705
2843,0.00034705
2844,0.00034705
2845,0.00034705
2846,0.00034705
2847,0.00034705
2848,0.00034705
2849,0.00034705
2850,0.00034705
2851,0.00034705
2852,0.00034705
2853,0.00034705
2854,0.00034705
2855,0.00034705
2856,0.00034705
2857,0.00034705
2858,0.00034705
2859,0.00034705
2860,0.00034705
2861,0.00034705
2862,0.00034705
2863,0.00034705
2864,0.00034705
2865,0.00034705
2866,0.00034705
2867,0.00034705
2868,0.00034705
2869,0.0003491
2870,0.0003491
2871,0.0003491
2872,0.0003491
2873,0.0003491
2874,0.0003491
2875,0.0003491
2876,0.0003491
2877,0.0003491
2878,0.0003491
2879,0.0003491
2880,0.0003491
2881,0.0003491
2882,0.0003491
2883,0.0003491
2884,0.0003491
2885,0.0003491
2886,0.0003491
2887,0.0003491
2888,0.0003491
2889,0.0003491
2890,0.0003491
2891,0.0003491
2892,0.0003491
2893,0.0003491
2894,0.0003491
2895,0.0003491
2896,0.0003491
2897,0.0003491
2898,0.0003492
2899,0.0003493
2900,0.0003493
2901,0.0003493
2902,0.0003493
2903,0.0003493
2904,0.0003493
2905,0.0003493
2906,0.0003493
2907,0.0003493
2908,0.0003493
2909,0.0003493
2910,0.0003493
2911,0.0003493
2912,0.00035
2913,0.00035
2914,0.0003491
2915,0.0003491
2916,0.0003491
2917,0.0003491
2918,0.0003491
2919,0.0003491
2920,0.0003491
2921,0.0003491
2922,0.0003491
2923,0.0003491
2924,0.0003491
2925,0.0003491
2926,0.0003491
2927,0.00034655
2928,0.00034655
2929,0.00034655
2930,0.00034655
2931,0.00034655
2932,0.00034655
2933,0.00034655
2934,0.00034655
2935,0.00034655
2936,0.00034655
2937,0.00034655
2938,0.00034655
2939,0.00034655
2940,0.00034655
2941,0.00034655
2942,0.00034655
2943,0.00034655
2944,0.00034657
2945,0.000343
2946,0.000343
2947,0.000343
2948,0.000343
2949,0.000343
2950,0.00034656
2951,0.00034307
2952,0.00034307
2953,0.00034307
2954,0.00034307
2955,0.00034307
2956,0.00034307
2957,0.00034307
2958,0.00034307
2959,0.00034307
2960,0.00034307
2961,0.00034307
2962,0.00034307
2963,0.00034307
2964,0.00034307
2965,0.00034307
2966,0.00034307
2967,0.00034307
2968,0.00034307
2969,0.00034307
2970,0.000351
2971,0.000351
2972,0.000351
2973,0.000351
2974,0.000351
2975,0.000351
2976,0.000351
2977,0.000351
2978,0.000351
2979,0.000351
2980,0.000351
2981,0.000351
2982,0.000351
2983,0.000351
2984,0.000351
2985,0.000351
2986,0.000351
2987,0.000351
2988,0.000351
2989,0.000351
2990,0.000351
2991,0.000351
2992,0.000351
2993,0.000351
2994,0.000351
2995,0.000351
2996,0.000351
2997,0.000351
2998,0.000351
2999,0.000351
3000,0.000351
3001,0.000351
3002,0.000351
3003,0.000351
3004,0.000351
3005,0.000351
3006,0.000351
3007,0.000351
3008,0.000351
3009,0.000351
3010,0.000351
3011,0.000351
3012,0.000351
3013,0.00035099
3014,0.00035
3015,0.00035
3016,0.00035
3017,0.00035
3018,0.00035
3019,0.00034585
3020,0.00034585
3021,0.00034401
3022,0.00034401
3023,0.00034401
3024,0.00034401
3025,0.00034401
3026,0.00034401
3027,0.00034401
3028,0.00034401
3029,0.00034401
3030,0.00034401
3031,0.00034401
3032,0.00034401
3033,0.00034401
3034,0.00034401
3035,0.00034401
3036,0.00034401
3037,0.00034401
3038,0.00034401
3039,0.00034401
3040,0.00034401
3041,0.00034953
3042,0.00034953
3043,0.00034953
3044,0.00034953
3045,0.00034953
3046,0.00034953
3047,0.00034953
3048,0.00034953
3049,0.00034953
3050,0.00034953
3051,0.00034953
3052,0.00034953
3053,0.00034953
3054,0.00034953
3055,0.00034953
3056,0.00034953
3057,0.0003485
3058,0.0003485
3059,0.0003485
3060,0.0003485
3061,0.0003485
3062,0.0003485
3063,0.0003485
3064,0.0003485
3065,0.0003485
3066,0.0003485
3067,0.0003485
3068,0.0003485
3069,0.0003485
3070,0.0003485
3071,0.0003485
3072,0.00034446
3073,0.00034446
3074,0.00034446
3075,0.00034446
3076,0.00034446
3077,0.00034446
3078,0.00034446
3079,0.00034446
3080,0.00034446
3081,0.00034446
3082,0.00034446
3083,0.00034446
3084,0.00034446
3085,0.00034446
3086,0.00034506
3087,0.00034506
3088,0.00034506
3089,0.00034506
3090,0.00034506
3091,0.00034506
3092,0.000344
3093,0.000344
3094,0.000344
3095,0.000344
3096,0.000344
3097,0.000344
3098,0.000344
3099,0.0003445
3100,0.00034506
3101,0.00034506
3102,0.00034506
3103,0.00034506
3104,0.00034506
3105,0.00034945
3106,0.00035301
3107,0.00035301
3108,0.00035301
3109,0.00035348
3110,0.00035348
3111,0.00035348
3112,0.00035348
3113,0.00035348
3114,0.00035348
3115,0.00035348
3116,0.00035348
3117,0.00035348
3118,0.00035348
3119,0.00035348
3120,0.00035348
3121,0.00035348
3122,0.00035348
3123,0.00035348
3124,0.00035348
3125,0.00034831
3126,0.00034831
3127,0.00034831
3128,0.00034831
3129,0.00034831
3130,0.00034831
3131,0.00034831
3132,0.00034831
3133,0.00034831
3134,0.00034831
3135,0.00034831
3136,0.00034831
3137,0.00034831
3138,0.00034831
3139,0.00034831
3140,0.00034831
3141,0.00034831
3142,0.00034831
3143,0.00035333
3144,0.00035333
3145,0.00035333
3146,0.00035333
3147,0.00035333
3148,0.00035333
3149,0.00035333
3150,0.00035333
3151,0.00035333
3152,0.00035333
3153,0.00035333
3154,0.00035333
3155,0.00035333
3156,0.00035333
3157,0.00035333
3158,0.00035333
3159,0.00035333
3160,0.00035333
3161,0.00035333
3162,0.00035333
3163,0.00035333
3164,0.00035333
3165,0.00035333
3166,0.00035333
3167,0.00035333
3168,0.00035333
3169,0.00035333
3170,0.00035333
3171,0.00035333
3172,0.00035333
3173,0.00035333
3174,0.00035333
3175,0.00035333
3176,0.00035333
3177,0.00035333
3178,0.00035333
3179,0.00035333
3180,0.00035333
3181,0.00035333
3182,0.00035333
3183,0.00035333
3184,0.00035333
3185,0.00035333
3186,0.00035333
3187,0.00035333
3188,0.00035333
3189,0.00035026
3190,0.00035026
3191,0.00035126
3192,0.00035126
3193,0.00035126
3194,0.00035126
3195,0.00035126
3196,0.00035126
3197,0.00035126
3198,0.00035126
3199,0.00035126
3200,0.00035126
3201,0.00035126
3202,0.00035126
3203,0.00033988
3204,0.00033702
3205,0.00033702
3206,0.0003387
3207,0.00033969
3208,0.00033969
3209,0.00033969
3210,0.00033969
3211,0.00033969
3212,0.00033969
3213,0.0003397
3214,0.00033884
3215,0.00033884
3216,0.00033953
3217,0.00033953
3218,0.00033953
3219,0.00033953
3220,0.00033953
3221,0.00033953
3222,0.00033953
3223,0.00033953
3224,0.00033953
3225,0.00033953
3226,0.00033953
3227,0.00033953
3228,0.00033953
3229,0.00033953
3230,0.00033953
3231,0.00033943
3232,0.00033943
3233,0.00033943
3234,0.00033943
3235,0.00033943
3236,0.00033943
3237,0.00033943
3238,0.00033943
3239,0.00033943
3240,0.00033943
3241,0.00033943
3242,0.00033943
3243,0.00033943
3244,0.00033943
3245,0.00033901
3246,0.0003389
3247,0.0003389
3248,0.000337
3249,0.000337
3250,0.000337
3251,0.00033694
3252,0.00033694
3253,0.00033691
3254,0.00033683
3255,0.00033626
3256,0.00033626
3257,0.00033626
3258,0.00033626
3259,0.00033626
3260,0.00033626
3261,0.00033626
3262,0.000336
3263,0.000336
3264,0.000336
3265,0.000336
3266,0.000336
3267,0.000336
3268,0.00033625
3269,0.00033625
3270,0.00033625
3271,0.00033625
3272,0.000336
3273,0.000336
3274,0.000336
3275,0.000336
3276,0.000336
3277,0.000336
3278,0.000336
3279,0.000336
3280,0.00033601
3281,0.000335
3282,0.00033626
3283,0.00033626
3284,0.00033563
3285,0.00033668
3286,0.00033668
3287,0.00033668
3288,0.00033668
3289,0.00033668
3290,0.00033668
3291,0.00033668
3292,0.00033668
3293,0.00033668
3294,0.00033668
3295,0.00033668
3296,0.00033668
3297,0.00033668
3298,0.00033668
3299,0.00033668
3300,0.00033668
3301,0.00033668
3302,0.00033668
3303,0.00033668
3304,0.00033668
3305,0.00033668
3306,0.00033668
3307,0.00033668
3308,0.0003369
3309,0.0003369
3310,0.0003369
3311,0.0003369
3312,0.0003369
3313,0.0003369
3314,0.00033694
3315,0.00033694
3316,0.00033694
3317,0.00033694
3318,0.00033694
3319,0.00033691
3320,0.0003369
3321,0.00033502
3322,0.00033502
3323,0.00033502
3324,0.00033502
3325,0.00033502
3326,0.00033503
3327,0.00033503
3328,0.00033503
3329,0.00033503
3330,0.00033503
3331,0.00033702
3332,0.00033702
3333,0.00033702
3334,0.00033702
3335,0.00033702
3336,0.00033702
3337,0.00033702
3338,0.00033702
3339,0.00033702
3340,0.00033702
3341,0.00033702
3342,0.00033702
3343,0.00033744
3344,0.00033744
3345,0.00033744
3346,0.00033744
3347,0.00033744
3348,0.00033744
3349,0.00033744
3350,0.00033744
3351,0.00033507
3352,0.00033507
3353,0.00033507
3354,0.00033507
3355,0.00033507
3356,0.00033507
3357,0.00033507
3358,0.00033507
3359,0.00033507
3360,0.00033507
3361,0.00033507
3362,0.00033507
3363,0.00033507
3364,0.00033507
3365,0.00033507
3366,0.00033507
3367,0.00033744
3368,0.00033744
3369,0.00033744
3370,0.00033744
3371,0.00033744
3372,0.00033744
3373,0.00033744
3374,0.00033768
3375,0.00033768
3376,0.00033768
3377,0.00033768
3378,0.00033768
3379,0.00033796
3380,0.0003385
3381,0.0003385
3382,0.0003385
3383,0.0003385
3384,0.00033851
3385,0.00033851
3386,0.00033851
3387,0.00033851
3388,0.00033851
3389,0.00033851
3390,0.00033851
3391,0.00033851
3392,0.00033953
3393,0.00033953
3394,0.00033953
3395,0.00033953
3396,0.00033917
3397,0.00033917
3398,0.00033917
3399,0.00033917
3400,0.00033917
3401,0.00033917
3402,0.00033917
3403,0.00033917
3404,0.00033917
3405,0.00033917
3406,0.00033818
3407,0.00033818
3408,0.00033818
3409,0.00033818
3410,0.00033818
3411,0.00033818
3412,0.00033818
3413,0.00033818
3414,0.00033951
3415,0.00033951
3416,0.00033951
3417,0.00033951
3418,0.00033951
3419,0.00033951
3420,0.00033951
3421,0.00033951
3422,0.00033951
3423,0.00033652
3424,0.00033652
3425,0.00033652
3426,0.00033652
3427,0.00033652
3428,0.00033652
3429,0.00033652
3430,0.00033652
3431,0.00033652
3432,0.00033652
3433,0.00033652
3434,0.00033652
3435,0.00033652
3436,0.00033652
3437,0.00033652
3438,0.00033652
3439,0.00033652
3440,0.00033867
3441,0.00033867
3442,0.00033867
3443,0.00033867
3444,0.00033867
3445,0.00033867
3446,0.00033953
3447,0.00033953
3448,0.00033953
3449,0.00033953
3450,0.00033869
3451,0.00033869
3452,0.00033869
3453,0.00033869
3454,0.00033869
3455,0.00033869
3456,0.00033869
3457,0.00033869
3458,0.00033953
3459,0.00033901
3460,0.00033901
3461,0.00033901
3462,0.00033867
3463,0.00033867
3464,0.00033867
3465,0.00033867
3466,0.00033867
3467,0.00033867
3468,0.00033867
3469,0.0003381
3470,0.0003381
3471,0.0003381
3472,0.0003381
3473,0.0003381
3474,0.0003381
3475,0.0003381
3476,0.00033811
3477,0.00033811
3478,0.00033811
3479,0.00033811
3480,0.00033811
3481,0.00033811
3482,0.00033811
3483,0.00033811
3484,0.00033811
3485,0.00033811
3486,0.00033811
3487,0.00033811
3488,0.00033846
3489,0.00033846
3490,0.00033846
3491,0.00033846
3492,0.00033846
3493,0.00033846
3494,0.00033846
3495,0.00033846
3496,0.00033791
3497,0.00033791
3498,0.00033798
3499,0.00033798
3500,0.00033993
3501,0.00033993
3502,0.00033993
3503,0.00033757
3504,0.00033757
3505,0.00033757
3506,0.00033757
3507,0.00033757
3508,0.00033757
3509,0.00033757
3510,0.00033757
3511,0.00033757
3512,0.00033757
3513,0.00033757
3514,0.00033757
3515,0.00033662
3516,0.00033661
3517,0.00033661
3518,0.00033661
3519,0.000336
3520,0.000336
3521,0.000336
3522,0.000335
3523,0.000335
3524,0.000335
3525,0.000335
3526,0.000335
3527,0.00033662
3528,0.00033662
3529,0.00033662
3530,0.00033662
3531,0.00033663
3532,0.0003385
3533,0.0003385
3534,0.0003385
3535,0.0003385
3536,0.0003385
3537,0.0003385
3538,0.00033993
3539,0.000335
3540,0.000335
3541,0.000335
3542,0.000335
3543,0.000335
3544,0.000335
3545,0.000335
3546,0.000335
3547,0.000335
3548,0.000335
3549,0.00033501
3550,0.00033501
3551,0.00033501
3552,0.00033501
3553,0.00033501
3554,0.00033501
3555,0.00033501
3556,0.00033663
3557,0.00033663
3558,0.000335
3559,0.00033663
3560,0.00033663
3561,0.00033663
3562,0.00033663
3563,0.00033663
3564,0.00033663
3565,0.00033663
3566,0.00033663
3567,0.00033663
3568,0.00033663
3569,0.00033663
3570,0.00033663
3571,0.00033663
3572,0.00033663
3573,0.00033663
3574,0.00033663
3575,0.00033663
3576,0.00033663
3577,0.00033663
3578,0.00033663
3579,0.00033663
3580,0.00033663
3581,0.00033663
3582,0.00033663
3583,0.00033663
3584,0.00033663
3585,0.00033663
3586,0.00033663
3587,0.00033663
3588,0.00033663
3589,0.00033663
3590,0.00033663
3591,0.00033663
3592,0.00033663
3593,0.00033663
3594,0.00033663
3595,0.00033663
3596,0.00033663
3597,0.00033663
3598,0.00033989
3599,0.00033989
3600,0.00033663
3601,0.00033663
3602,0.00033663
3603,0.00033663
3604,0.00033664
3605,0.00033664
3606,0.00033664
3607,0.00033664
3608,0.00033664
3609,0.00033664
3610,0.00033664
3611,0.00033664
3612,0.00033664
3613,0.00033664
3614,0.00033664
3615,0.00033016
3616,0.00033016
3617,0.00033663
3618,0.00033663
3619,0.00033664
3620,0.00033664
3621,0.00033001
3622,0.00033001
3623,0.00033001
3624,0.00033001
3625,0.0003346
3626,0.0003346
3627,0.0003346
3628,0.0003346
3629,0.0003346
3630,0.000337
3631,0.000337
3632,0.000337
3633,0.00033273
3634,0.00033273
3635,0.00033273
3636,0.00033273
3637,0.00033763
3638,0.00033763
3639,0.00033763
3640,0.00033619
3641,0.00033618
3642,0.00033001
3643,0.00033416
3644,0.00033215
3645,0.00033215
3646,0.00033215
3647,0.00033215
3648,0.00033215
3649,0.00033215
3650,0.00033215
3651,0.00033215
3652,0.00033215
3653,0.000333
3654,0.00033416
3655,0.00033416
3656,0.00033416
3657,0.00033416
3658,0.00033416
3659,0.00033416
3660,0.00033416
3661,0.00033416
3662,0.00033416
3663,0.00033416
3664,0.00033416
3665,0.00033485
3666,0.00033477
3667,0.00033476
3668,0.00033476
3669,0.00033476
3670,0.00033476
3671,0.00033438
3672,0.00033438
3673,0.00033411
3674,0.00033411
3675,0.00033411
3676,0.00033411
3677,0.00033411
3678,0.00033411
3679,0.00033411
3680,0.00033411
3681,0.00033411
3682,0.00033411
3683,0.00033411
3684,0.00033411
3685,0.00033411
3686,0.00033317
3687,0.00033317
3688,0.00033317
3689,0.00033515
3690,0.00033515
3691,0.00033515
3692,0.00033515
3693,0.00033515
3694,0.00033515
3695,0.00033515
3696,0.00033515
3697,0.00033515
3698,0.00033515
3699,0.00033515
3700,0.00033515
3701,0.00033515
3702,0.00033515
3703,0.00033515
3704,0.00033515
3705,0.00033515
3706,0.00033515
3707,0.00033515
3708,0.0003342
3709,0.0003342
3710,0.0003342
3711,0.0003342
3712,0.0003342
3713,0.0003342
3714,0.0003342
3715,0.00033102
3716,0.00033102
3717,0.00033565
3718,0.0003342
3719,0.0003342
3720,0.0003342
3721,0.0003342
3722,0.0003342
3723,0.0003342
3724,0.00033617
3725,0.00033153
3726,0.00033161
3727,0.00033161
3728,0.00033617
3729,0.00033617
3730,0.00033188
3731,0.00033617
3732,0.00033617
3733,0.00033617
3734,0.00033617
3735,0.00033617
3736,0.00033617
3737,0.00033617
3738,0.00033617
3739,0.00033617
3740,0.00033617
3741,0.00033188
3742,0.00033188
3743,0.00033188
3744,0.00033188
3745,0.00033188
3746,0.00033188
3747,0.00033188
3748,0.00033188
3749,0.00033188
3750,0.00033188
3751,0.00033188
3752,0.00033128
3753,0.00033128
3754,0.00033128
3755,0.00033128
3756,0.00033128
3757,0.00033128
3758,0.00033128
3759,0.00033128
3760,0.00033128
3761,0.00033128
3762,0.00033128
3763,0.00033128
3764,0.00033128
3765,0.00033128
3766,0.00033128
3767,0.00033128
3768,0.00033128
3769,0.00033128
3770,0.00033128
3771,0.00033128
3772,0.00033128
3773,0.00033128
3774,0.00033129
3775,0.00033402
3776,0.00033402
3777,0.00033402
3778,0.00033402
3779,0.00033402
3780,0.00033402
3781,0.00033136
3782,0.00033136
3783,0.00033451
3784,0.00033451
3785,0.00033451
3786,0.00033451
3787,0.00033451
3788,0.00033451
3789,0.00033451
3790,0.00033451
3791,0.00033451
3792,0.00033451
3793,0.00033451
3794,0.00033451
3795,0.00033451
3796,0.00033451
3797,0.00033451
3798,0.00033624
3799,0.00033624
3800,0.00033624
3801,0.00033624
3802,0.00033624
3803,0.00033624
3804,0.00033624
3805,0.00033624
3806,0.00033624
3807,0.00033624
3808,0.00033624
3809,0.00033624
3810,0.00033624
3811,0.00033624
3812,0.00033624
3813,0.00033624
3814,0.00033624
3815,0.00033624
3816,0.00033624
3817,0.00033624
3818,0.00033128
3819,0.00033128
3820,0.00033128
3821,0.00033625
3822,0.00033625
3823,0.00033625
3824,0.00033625
3825,0.00033625
3826,0.00033625
3827,0.00033625
3828,0.00033644
3829,0.00033644
3830,0.00033644
3831,0.00033644
3832,0.00033644
3833,0.00033796
3834,0.00033796
3835,0.00033796
3836,0.00033796
3837,0.00033796
3838,0.00033796
3839,0.00033796
3840,0.00033796
3841,0.00033796
3842,0.00033796
3843,0.00033796
3844,0.00033796
3845,0.00033796
3846,0.00033796
3847,0.00033796
3848,0.00033796
3849,0.00033796
3850,0.00033796
3851,0.00033796
3852,0.00033796
3853,0.00033796
3854,0.00033796
3855,0.00033796
3856,0.00033796
3857,0.00033644
3858,0.00033644
3859,0.00033644
3860,0.00033644
3861,0.00033644
3862,0.00033644
3863,0.00033644
3864,0.00033796
3865,0.00033796
3866,0.00033796
3867,0.00033796
3868,0.00033796
3869,0.00033796
3870,0.00033796
3871,0.00033796
3872,0.00033796
3873,0.00033796
3874,0.00033796
3875,0.0003382
3876,0.0003382
3877,0.0003382
3878,0.0003382
3879,0.00033944
3880,0.00033944
3881,0.00033949
3882,0.00033949
3883,0.00033949
3884,0.00033949
3885,0.00033949
3886,0.00033949
3887,0.00033949
3888,0.00033967
3889,0.00033967
3890,0.00033992
3891,0.00033992
3892,0.00033993
3893,0.00033993
3894,0.00033993
3895,0.00033993
3896,0.00033993
3897,0.00033993
3898,0.00033993
3899,0.00034
3900,0.00034
3901,0.00034
3902,0.00034
3903,0.00034
3904,0.00034
3905,0.00034
3906,0.00034
3907,0.00034
3908,0.00034
3909,0.00034
3910,0.00034
3911,0.00034
3912,0.00034
3913,0.00034
3914,0.00034
3915,0.00034
3916,0.00034
3917,0.00034
3918,0.00033958
3919,0.00033958
3920,0.00033958
3921,0.00033958
3922,0.00033958
3923,0.00033958
3924,0.00033958
3925,0.00033958
3926,0.00033958
3927,0.00033958
3928,0.00033958
3929,0.00033958
3930,0.00034098
3931,0.00034098
3932,0.00034098
3933,0.00033958
3934,0.00033958
3935,0.00033958
3936,0.00033958
3937,0.00033958
3938,0.00033958
3939,0.00033958
3940,0.00033958
3941,0.00033958
3942,0.00033958
3943,0.00033958
3944,0.00033958
3945,0.00033958
3946,0.00033958
3947,0.00033958
3948,0.00033958
3949,0.00033958
3950,0.00033958
3951,0.00033958
3952,0.00033958
3953,0.00033958
3954,0.00033958
3955,0.00033958
3956,0.00033958
3957,0.00033958
3958,0.00033958
3959,0.00033958
3960,0.00033958
3961,0.00033958
3962,0.00033958
3963,0.00033958
3964,0.00033958
3965,0.00033958
3966,0.00033958
3967,0.00033958
3968,0.00033958
3969,0.00033958
3970,0.00033958
3971,0.00033958
3972,0.00033958
3973,0.00033958
3974,0.00033958
3975,0.00033958
3976,0.00033958
3977,0.00033958
3978,0.00033958
3979,0.00033958
3980,0.00033958
3981,0.00033958
3982,0.00033958
3983,0.00033958
3984,0.00033958
3985,0.00033958
3986,0.00033958
3987,0.00033958
3988,0.00033958
3989,0.00033958
3990,0.00033958
3991,0.00033958
3992,0.00033958
3993,0.00033958
3994,0.00033958
3995,0.00033958
3996,0.00033958
3997,0.00033958
3998,0.00033958
3999,0.00034098
4000,0.00034098
4001,0.00034098
4002,0.00034098
4003,0.00034351
4004,0.00034351
4005,0.00034351
4006,0.00034397
4007,0.0003396
4008,0.0003396
4009,0.0003396
4010,0.0003396
4011,0.0003396
4012,0.0003396
4013,0.0003396
4014,0.0003396
4015,0.00033958
4016,0.00033958
4017,0.00033958
4018,0.00033958
4019,0.00033958
4020,0.00033958
4021,0.00033958
4022,0.00033958
4023,0.00033924
4024,0.00033924
4025,0.00033924
4026,0.00033924
4027,0.00033924
4028,0.00033924
4029,0.00033924
4030,0.00033924
4031,0.00033924
4032,0.00033644
4033,0.00033644
4034,0.00033644
4035,0.00033644
4036,0.00033644
4037,0.00033224
4038,0.00033159
4039,0.0003315
4040,0.0003315
4041,0.0003315
4042,0.0003315
4043,0.00033161
4044,0.00033152
4045,0.00033152
4046,0.00033152
4047,0.00033626
4048,0.00033626
4049,0.00033626
4050,0.00033626
4051,0.00033626
4052,0.00033626
4053,0.00033626
4054,0.00033165
4055,0.00033165
4056,0.00033165
4057,0.00033165
4058,0.00033165
4059,0.00033165
4060,0.00033165
4061,0.00033165
4062,0.00033165
4063,0.00033606
4064,0.00033606
4065,0.00033606
4066,0.00033605
4067,0.00033605
4068,0.00033605
4069,0.00033605
4070,0.00033605
4071,0.00033605
4072,0.00033605
4073,0.00033605
4074,0.00033605
4075,0.00033605
4076,0.00033605
4077,0.00033605
4078,0.00033605
4079,0.00033605
4080,0.00033605
4081,0.00033605
4082,0.00033605
4083,0.00033605
4084,0.00033605
4085,0.00033605
4086,0.00033605
4087,0.00033605
4088,0.00033605
4089,0.00033605
4090,0.00033236
4091,0.00033231
4092,0.00033007
4093,0.00033007
4094,0.00033017
4095,0.00033017
4096,0.00033017
4097,0.00033017
4098,0.00033027
4099,0.000333
4100,0.000333
4101,0.000333
4102,0.000333
4103,0.000333
4104,0.000333
4105,0.00033301
4106,0.00033301
4107,0.00033301
4108,0.00033301
4109,0.00033301
4110,0.00033301
4111,0.00033301
4112,0.00033301
4113,0.00033301
4114,0.00033068
4115,0.00033068
4116,0.00033068
4117,0.00033068
4118,0.00033068
4119,0.00033068
4120,0.00033367
4121,0.00033367
4122,0.00033068
4123,0.00033068
4124,0.00033068
4125,0.00033068
4126,0.00033002
4127,0.00033
4128,0.00033
4129,0.00033001
4130,0.00033001
4131,0.00033001
4132,0.00033001
4133,0.00033001
4134,0.00033001
4135,0.00033
4136,0.00033001
4137,0.00033001
4138,0.00033001
4139,0.00033001
4140,0.00033067
4141,0.00033067
4142,0.00033067
4143,0.00033067
4144,0.00033067
4145,0.00033067
4146,0.00033067
4147,0.00033067
4148,0.00033067
4149,0.00033067
4150,0.00033067
4151,0.00033067
4152,0.00033067
4153,0.00033067
4154,0.00033067
4155,0.00033067
4156,0.00033067
4157,0.00033067
4158,0.00033067
4159,0.00033067
4160,0.00033067
4161,0.00033067
4162,0.00033067
4163,0.00033067
4164,0.00033067
4165,0.00033067
4166,0.00033067
4167,0.00033067
4168,0.00033067
4169,0.00033067
4170,0.00033067
4171,0.00033067
4172,0.00033067
4173,0.00033067
4174,0.00033067
4175,0.00033067
4176,0.00033067
4177,0.00033067
4178,0.00033067
4179,0.00033067
4180,0.00033067
4181,0.00033067
4182,0.00033067
4183,0.00033001
4184,0.00033001
4185,0.00033001
4186,0.00033001
4187,0.00033001
4188,0.00033001
4189,0.00033001
4190,0.00033001
4191,0.00033001
4192,0.00033001
4193,0.00033001
4194,0.00033001
4195,0.00033001
4196,0.00033001
4197,0.00033001
4198,0.00033001
4199,0.00033001
4200,0.00033001
4201,0.00033001
4202,0.00033001
4203,0.00033001
4204,0.00033001
4205,0.00033001
4206,0.00033001
4207,0.00033001
4208,0.00033001
4209,0.00033001
4210,0.00033001
4211,0.00033001
4212,0.00033067
4213,0.00033067
4214,0.00033067
4215,0.0003306
4216,0.0003306
4217,0.0003306
4218,0.00033068
4219,0.00033068
4220,0.00033068
4221,0.00033068
4222,0.00033068
4223,0.00033068
4224,0.00033068
4225,0.00033068
4226,0.00033068
4227,0.00033068
4228,0.00033068
4229,0.0003306
4230,0.0003306
4231,0.0003306
4232,0.0003306
4233,0.0003306
4234,0.0003306
4235,0.00033003
4236,0.00033003
4237,0.00033068
4238,0.00033068
4239,0.00033068
4240,0.00033068
4241,0.00033068
4242,0.00033068
4243,0.00033068
4244,0.00033068
4245,0.00033068
4246,0.00033068
4247,0.00033068
4248,0.00033068
4249,0.00033068
4250,0.00033068
4251,0.00033004
4252,0.00033004
4253,0.00033004
4254,0.00033004
4255,0.00033004
4256,0.00033004
4257,0.00033004
4258,0.00033004
4259,0.00033004
4260,0.00033004
4261,0.00033004
4262,0.00033004
4263,0.00033004
4264,0.00033004
4265,0.00033001
4266,0.00033036
4267,0.00033036
4268,0.00033036
4269,0.00033036
4270,0.00033036
4271,0.00033036
4272,0.00033001
4273,0.00033068
4274,0.00033068
4275,0.00033068
4276,0.00033068
4277,0.00033068
4278,0.00033068
4279,0.00033068
4280,0.00033067
4281,0.00033067
4282,0.00033067
4283,0.00033067
