0,3.039e-05
1,3.039e-05
2,3.039e-05
3,3.039e-05
4,3.039e-05
5,3.039e-05
6,3.039e-05
7,3.039e-05
8,3.079e-05
9,3.079e-05
10,3.08e-05
11,3.08e-05
12,3.08e-05
13,3.08e-05
14,3.08e-05
15,3.08e-05
16,3.08e-05
17,3.08e-05
18,3.08e-05
19,3.08e-05
20,3.08e-05
21,3.161e-05
22,3.161e-05
23,3.164e-05
24,3.164e-05
25,3.164e-05
26,3.21e-05
27,3.1e-05
28,3.102e-05
29,3.104e-05
30,3.106e-05
31,3.151e-05
32,3.151e-05
33,3.214e-05
34,3.151e-05
35,3.152e-05
36,3.152e-05
37,3.152e-05
38,3.152e-05
39,3.152e-05
40,3.152e-05
41,3.152e-05
42,3.152e-05
43,3.152e-05
44,3.152e-05
45,3.152e-05
46,3.152e-05
47,3.152e-05
48,3.152e-05
49,3.154e-05
50,3.154e-05
51,3.154e-05
52,3.154e-05
53,3.154e-05
54,3.154e-05
55,3.154e-05
56,3.152e-05
57,3.152e-05
58,3.152e-05
59,3.214e-05
60,3.214e-05
61,3.153e-05
62,3.153e-05
63,3.153e-05
64,3.153e-05
65,3.153e-05
66,3.153e-05
67,3.153e-05
68,3.153e-05
69,3.153e-05
70,3.153e-05
71,3.153e-05
72,3.153e-05
73,3.153e-05
74,3.153e-05
75,3.153e-05
76,3.153e-05
77,3.153e-05
78,3.153e-05
79,3.153e-05
80,3.153e-05
81,3.153e-05
82,3.153e-05
83,3.153e-05
84,3.153e-05
85,3.153e-05
86,3.153e-05
87,3.153e-05
88,3.153e-05
89,3.153e-05
90,3.153e-05
91,3.153e-05
92,3.153e-05
93,3.153e-05
94,3.153e-05
95,3.153e-05
96,3.153e-05
97,3.153e-05
98,3.153e-05
99,3.153e-05
100,3.153e-05
101,3.153e-05
102,3.153e-05
103,3.153e-05
104,3.153e-05
105,3.153e-05
106,3.154e-05
107,3.154e-05
108,3.154e-05
109,3.156e-05
110,3.156e-05
111,3.156e-05
112,3.156e-05
113,3.209e-05
114,3.209e-05
115,3.209e-05
116,3.21e-05
117,3.161e-05
118,3.161e-05
119,3.161e-05
120,3.161e-05
121,3.161e-05
122,3.161e-05
123,3.161e-05
124,3.161e-05
125,3.163e-05
126,3.163e-05
127,3.209e-05
128,3.209e-05
129,3.2e-05
130,3.176e-05
131,3.153e-05
132,3.137e-05
133,3.137e-05
134,3.137e-05
135,3.137e-05
136,3.137e-05
137,3.137e-05
138,3.137e-05
139,3.137e-05
140,3.137e-05
141,3.137e-05
142,3.137e-05
143,3.199e-05
144,3.199e-05
145,3.199e-05
146,3.199e-05
147,3.199e-05
148,3.199e-05
149,3.199e-05
150,3.199e-05
151,3.199e-05
152,3.199e-05
153,3.199e-05
154,3.199e-05
155,3.199e-05
156,3.199e-05
157,3.199e-05
158,3.199e-05
159,3.199e-05
160,3.199e-05
161,3.199e-05
162,3.199e-05
163,3.199e-05
164,3.199e-05
165,3.199e-05
166,3.199e-05
167,3.199e-05
168,3.199e-05
169,3.199e-05
170,3.199e-05
171,3.199e-05
172,3.199e-05
173,3.199e-05
174,3.199e-05
175,3.199e-05
176,3.199e-05
177,3.199e-05
178,3.199e-05
179,3.199e-05
180,3.199e-05
181,3.197e-05
182,3.197e-05
183,3.197e-05
184,3.197e-05
185,3.197e-05
186,3.197e-05
187,3.197e-05
188,3.197e-05
189,3.197e-05
190,3.197e-05
191,3.197e-05
192,3.2e-05
193,3.2e-05
194,3.2e-05
195,3.2e-05
196,3.2e-05
197,3.2e-05
198,3.2e-05
199,3.2e-05
200,3.2e-05
201,3.2e-05
202,3.2e-05
203,3.146e-05
204,3.146e-05
205,3.146e-05
206,3.146e-05
207,3.146e-05
208,3.146e-05
209,3.146e-05
210,3.198e-05
211,3.198e-05
212,3.198e-05
213,3.198e-05
214,3.198e-05
215,3.198e-05
216,3.198e-05
217,3.198e-05
218,3.198e-05
219,3.142e-05
220,3.086e-05
221,3.077e-05
222,3.077e-05
223,3.077e-05
224,3.077e-05
225,3.077e-05
226,3.077e-05
227,3.077e-05
228,3.077e-05
229,3.141e-05
230,3.183e-05
231,3.183e-05
232,3.191e-05
233,3.191e-05
234,3.191e-05
235,3.191e-05
236,3.191e-05
237,3.191e-05
238,3.191e-05
239,3.192e-05
240,3.192e-05
241,3.192e-05
242,3.192e-05
243,3.192e-05
244,3.192e-05
245,3.192e-05
246,3.192e-05
247,3.192e-05
248,3.192e-05
249,3.192e-05
250,3.192e-05
251,3.192e-05
252,3.192e-05
253,3.192e-05
254,3.192e-05
255,3.192e-05
256,3.192e-05
257,3.192e-05
258,3.192e-05
259,3.192e-05
260,3.192e-05
261,3.192e-05
262,3.192e-05
263,3.192e-05
264,3.192e-05
265,3.192e-05
266,3.192e-05
267,3.192e-05
268,3.192e-05
269,3.192e-05
270,3.192e-05
271,3.192e-05
272,3.192e-05
273,3.192e-05
274,3.192e-05
275,3.192e-05
276,3.192e-05
277,3.192e-05
278,3.192e-05
279,3.192e-05
280,3.192e-05
281,3.2e-05
282,3.2e-05
283,3.2e-05
284,3.2e-05
285,3.2e-05
286,3.2e-05
287,3.2e-05
288,3.196e-05
289,3.196e-05
290,3.192e-05
291,3.199e-05
292,3.199e-05
293,3.199e-05
294,3.168e-05
295,3.196e-05
296,3.196e-05
297,3.196e-05
298,3.196e-05
299,3.128e-05
300,3.128e-05
301,3.128e-05
302,3.128e-05
303,3.128e-05
304,3.128e-05
305,3.128e-05
306,3.128e-05
307,3.128e-05
308,3.128e-05
309,3.128e-05
310,3.128e-05
311,3.128e-05
312,3.128e-05
313,3.128e-05
314,3.128e-05
315,3.128e-05
316,3.128e-05
317,3.128e-05
318,3.128e-05
319,3.128e-05
320,3.128e-05
321,3.128e-05
322,3.128e-05
323,3.128e-05
324,3.128e-05
325,3.128e-05
326,3.128e-05
327,3.128e-05
328,3.128e-05
329,3.128e-05
330,3.128e-05
331,3.128e-05
332,3.128e-05
333,3.128e-05
334,3.178e-05
335,3.178e-05
336,3.178e-05
337,3.178e-05
338,3.178e-05
339,3.2e-05
340,3.2e-05
341,3.2e-05
342,3.2e-05
343,3.179e-05
344,3.179e-05
345,3.129e-05
346,3.129e-05
347,3.129e-05
348,3.129e-05
349,3.129e-05
350,3.129e-05
351,3.129e-05
352,3.178e-05
353,3.178e-05
354,3.178e-05
355,3.178e-05
356,3.213e-05
357,3.211e-05
358,3.211e-05
359,3.211e-05
360,3.211e-05
361,3.21e-05
362,3.134e-05
363,3.134e-05
364,3.134e-05
365,3.134e-05
366,3.134e-05
367,3.134e-05
368,3.134e-05
369,3.21e-05
370,3.21e-05
371,3.21e-05
372,3.21e-05
373,3.21e-05
374,3.186e-05
375,3.186e-05
376,3.186e-05
377,3.213e-05
378,3.213e-05
379,3.213e-05
380,3.213e-05
381,3.214e-05
382,3.214e-05
383,3.214e-05
384,3.214e-05
385,3.214e-05
386,3.214e-05
387,3.214e-05
388,3.214e-05
389,3.214e-05
390,3.214e-05
391,3.214e-05
392,3.214e-05
393,3.214e-05
394,3.214e-05
395,3.214e-05
396,3.214e-05
397,3.214e-05
398,3.214e-05
399,3.214e-05
400,3.215e-05
401,3.215e-05
402,3.215e-05
403,3.215e-05
404,3.215e-05
405,3.215e-05
406,3.215e-05
407,3.215e-05
408,3.215e-05
409,3.215e-05
410,3.215e-05
411,3.215e-05
412,3.215e-05
413,3.215e-05
414,3.215e-05
415,3.192e-05
416,3.192e-05
417,3.192e-05
418,3.192e-05
419,3.192e-05
420,3.215e-05
421,3.215e-05
422,3.215e-05
423,3.215e-05
424,3.215e-05
425,3.215e-05
426,3.215e-05
427,3.215e-05
428,3.215e-05
429,3.215e-05
430,3.215e-05
431,3.215e-05
432,3.215e-05
433,3.215e-05
434,3.215e-05
435,3.215e-05
436,3.216e-05
437,3.216e-05
438,3.216e-05
439,3.216e-05
440,3.216e-05
441,3.216e-05
442,3.216e-05
443,3.216e-05
444,3.216e-05
445,3.216e-05
446,3.216e-05
447,3.216e-05
448,3.216e-05
449,3.217e-05
450,3.217e-05
451,3.217e-05
452,3.217e-05
453,3.217e-05
454,3.217e-05
455,3.217e-05
456,3.217e-05
457,3.217e-05
458,3.218e-05
459,3.219e-05
460,3.219e-05
461,3.219e-05
462,3.219e-05
463,3.219e-05
464,3.219e-05
465,3.219e-05
466,3.219e-05
467,3.219e-05
468,3.219e-05
469,3.219e-05
470,3.22e-05
471,3.22e-05
472,3.22e-05
473,3.22e-05
474,3.22e-05
475,3.221e-05
476,3.221e-05
477,3.221e-05
478,3.221e-05
479,3.221e-05
480,3.222e-05
481,3.222e-05
482,3.222e-05
483,3.222e-05
484,3.227e-05
485,3.227e-05
486,3.197e-05
487,3.197e-05
488,3.197e-05
489,3.197e-05
490,3.197e-05
491,3.197e-05
492,3.197e-05
493,3.197e-05
494,3.197e-05
495,3.197e-05
496,3.197e-05
497,3.197e-05
498,3.197e-05
499,3.197e-05
500,3.197e-05
501,3.197e-05
502,3.197e-05
503,3.197e-05
504,3.197e-05
505,3.197e-05
506,3.197e-05
507,3.244e-05
508,3.244e-05
509,3.244e-05
510,3.246e-05
511,3.246e-05
512,3.249e-05
513,3.249e-05
514,3.249e-05
515,3.249e-05
516,3.249e-05
517,3.249e-05
518,3.25e-05
519,3.25e-05
520,3.25e-05
521,3.252e-05
522,3.253e-05
523,3.253e-05
524,3.253e-05
525,3.253e-05
526,3.255e-05
527,3.255e-05
528,3.26e-05
529,3.26e-05
530,3.26e-05
531,3.26e-05
532,3.26e-05
533,3.26e-05
534,3.26e-05
535,3.26e-05
536,3.26e-05
537,3.26e-05
538,3.26e-05
539,3.26e-05
540,3.26e-05
541,3.277e-05
542,3.277e-05
543,3.277e-05
544,3.277e-05
545,3.277e-05
546,3.281e-05
547,3.281e-05
548,3.281e-05
549,3.282e-05
550,3.282e-05
551,3.281e-05
552,3.281e-05
553,3.281e-05
554,3.282e-05
555,3.282e-05
556,3.282e-05
557,3.282e-05
558,3.282e-05
559,3.282e-05
560,3.282e-05
561,3.282e-05
562,3.282e-05
563,3.282e-05
564,3.282e-05
565,3.282e-05
566,3.282e-05
567,3.282e-05
568,3.285e-05
569,3.285e-05
570,3.285e-05
571,3.285e-05
572,3.285e-05
573,3.285e-05
574,3.285e-05
575,3.285e-05
576,3.285e-05
577,3.285e-05
578,3.285e-05
579,3.285e-05
580,3.285e-05
581,3.285e-05
582,3.285e-05
583,3.285e-05
584,3.285e-05
585,3.285e-05
586,3.285e-05
587,3.285e-05
588,3.288e-05
589,3.288e-05
590,3.288e-05
591,3.288e-05
592,3.285e-05
593,3.285e-05
594,3.285e-05
595,3.285e-05
596,3.285e-05
597,3.285e-05
598,3.285e-05
599,3.285e-05
600,3.285e-05
601,3.285e-05
602,3.285e-05
603,3.285e-05
604,3.285e-05
605,3.285e-05
606,3.285e-05
607,3.285e-05
608,3.286e-05
609,3.286e-05
610,3.286e-05
611,3.286e-05
612,3.286e-05
613,3.286e-05
614,3.29e-05
615,3.29e-05
616,3.29e-05
617,3.29e-05
618,3.291e-05
619,3.29e-05
620,3.29e-05
621,3.29e-05
622,3.299e-05
623,3.29e-05
624,3.29e-05
625,3.29e-05
626,3.29e-05
627,3.29e-05
628,3.307e-05
629,3.307e-05
630,3.307e-05
631,3.307e-05
632,3.282e-05
633,3.282e-05
634,3.282e-05
635,3.282e-05
636,3.282e-05
637,3.307e-05
638,3.307e-05
639,3.307e-05
640,3.307e-05
641,3.307e-05
642,3.307e-05
643,3.307e-05
644,3.307e-05
645,3.307e-05
646,3.307e-05
647,3.307e-05
648,3.307e-05
649,3.307e-05
650,3.307e-05
651,3.307e-05
652,3.307e-05
653,3.307e-05
654,3.307e-05
655,3.307e-05
656,3.307e-05
657,3.307e-05
658,3.279e-05
659,3.279e-05
660,3.279e-05
661,3.279e-05
662,3.279e-05
663,3.279e-05
664,3.279e-05
665,3.279e-05
666,3.252e-05
667,3.252e-05
668,3.252e-05
669,3.252e-05
670,3.252e-05
671,3.252e-05
672,3.252e-05
673,3.252e-05
674,3.252e-05
675,3.252e-05
676,3.252e-05
677,3.252e-05
678,3.252e-05
679,3.252e-05
680,3.252e-05
681,3.252e-05
682,3.252e-05
683,3.252e-05
684,3.252e-05
685,3.252e-05
686,3.252e-05
687,3.252e-05
688,3.252e-05
689,3.252e-05
690,3.252e-05
691,3.252e-05
692,3.252e-05
693,3.252e-05
694,3.218e-05
695,3.219e-05
696,3.219e-05
697,3.219e-05
698,3.22e-05
699,3.22e-05
700,3.22e-05
701,3.22e-05
702,3.22e-05
703,3.22e-05
704,3.22e-05
705,3.22e-05
706,3.22e-05
707,3.22e-05
708,3.22e-05
709,3.22e-05
710,3.22e-05
711,3.22e-05
712,3.22e-05
713,3.22e-05
714,3.22e-05
715,3.22e-05
716,3.22e-05
717,3.22e-05
718,3.22e-05
719,3.22e-05
720,3.22e-05
721,3.242e-05
722,3.242e-05
723,3.242e-05
724,3.242e-05
725,3.242e-05
726,3.242e-05
727,3.242e-05
728,3.242e-05
729,3.242e-05
730,3.242e-05
731,3.242e-05
732,3.242e-05
733,3.242e-05
734,3.242e-05
735,3.242e-05
736,3.242e-05
737,3.25e-05
738,3.25e-05
739,3.25e-05
740,3.25e-05
741,3.247e-05
742,3.247e-05
743,3.285e-05
744,3.285e-05
745,3.285e-05
746,3.285e-05
747,3.285e-05
748,3.28e-05
749,3.28e-05
750,3.28e-05
751,3.28e-05
752,3.28e-05
753,3.28e-05
754,3.28e-05
755,3.28e-05
756,3.28e-05
757,3.28e-05
758,3.28e-05
759,3.28e-05
760,3.28e-05
761,3.28e-05
762,3.28e-05
763,3.28e-05
764,3.28e-05
765,3.28e-05
766,3.28e-05
767,3.28e-05
768,3.28e-05
769,3.28e-05
770,3.28e-05
771,3.28e-05
772,3.28e-05
773,3.28e-05
774,3.28e-05
775,3.28e-05
776,3.28e-05
777,3.28e-05
778,3.28e-05
779,3.285e-05
780,3.285e-05
781,3.285e-05
782,3.285e-05
783,3.285e-05
784,3.285e-05
785,3.285e-05
786,3.285e-05
787,3.285e-05
788,3.285e-05
789,3.285e-05
790,3.285e-05
791,3.285e-05
792,3.285e-05
793,3.285e-05
794,3.285e-05
795,3.285e-05
796,3.285e-05
797,3.285e-05
798,3.285e-05
799,3.286e-05
800,3.286e-05
801,3.286e-05
802,3.286e-05
803,3.286e-05
804,3.286e-05
805,3.286e-05
806,3.286e-05
807,3.286e-05
808,3.286e-05
809,3.286e-05
810,3.286e-05
811,3.332e-05
812,3.332e-05
813,3.332e-05
814,3.332e-05
815,3.332e-05
816,3.332e-05
817,3.332e-05
818,3.332e-05
819,3.332e-05
820,3.332e-05
821,3.332e-05
822,3.332e-05
823,3.332e-05
824,3.332e-05
825,3.332e-05
826,3.332e-05
827,3.332e-05
828,3.332e-05
829,3.332e-05
830,3.332e-05
831,3.332e-05
832,3.332e-05
833,3.287e-05
834,3.287e-05
835,3.287e-05
836,3.287e-05
837,3.287e-05
838,3.287e-05
839,3.286e-05
840,3.286e-05
841,3.287e-05
842,3.287e-05
843,3.287e-05
844,3.286e-05
845,3.286e-05
846,3.286e-05
847,3.286e-05
848,3.286e-05
849,3.286e-05
850,3.286e-05
851,3.286e-05
852,3.286e-05
853,3.286e-05
854,3.286e-05
855,3.286e-05
856,3.286e-05
857,3.287e-05
858,3.34e-05
859,3.34e-05
860,3.34e-05
861,3.346e-05
862,3.346e-05
863,3.347e-05
864,3.347e-05
865,3.347e-05
866,3.347e-05
867,3.347e-05
868,3.347e-05
869,3.347e-05
870,3.347e-05
871,3.347e-05
872,3.347e-05
873,3.347e-05
874,3.347e-05
875,3.347e-05
876,3.347e-05
877,3.347e-05
878,3.347e-05
879,3.347e-05
880,3.347e-05
881,3.347e-05
882,3.347e-05
883,3.347e-05
884,3.303e-05
885,3.303e-05
886,3.303e-05
887,3.303e-05
888,3.303e-05
889,3.303e-05
890,3.303e-05
891,3.289e-05
892,3.289e-05
893,3.289e-05
894,3.289e-05
895,3.289e-05
896,3.289e-05
897,3.289e-05
898,3.289e-05
899,3.289e-05
900,3.303e-05
901,3.303e-05
902,3.303e-05
903,3.303e-05
904,3.303e-05
905,3.303e-05
906,3.303e-05
907,3.303e-05
908,3.303e-05
909,3.303e-05
910,3.346e-05
911,3.346e-05
912,3.304e-05
913,3.304e-05
914,3.304e-05
915,3.304e-05
916,3.304e-05
917,3.304e-05
918,3.304e-05
919,3.304e-05
920,3.304e-05
921,3.304e-05
922,3.304e-05
923,3.304e-05
924,3.304e-05
925,3.304e-05
926,3.304e-05
927,3.286e-05
928,3.286e-05
929,3.286e-05
930,3.286e-05
931,3.286e-05
932,3.286e-05
933,3.286e-05
934,3.286e-05
935,3.286e-05
936,3.286e-05
937,3.287e-05
938,3.287e-05
939,3.287e-05
940,3.287e-05
941,3.287e-05
942,3.287e-05
943,3.287e-05
944,3.287e-05
945,3.287e-05
946,3.287e-05
947,3.287e-05
948,3.287e-05
949,3.287e-05
950,3.287e-05
951,3.287e-05
952,3.287e-05
953,3.287e-05
954,3.33e-05
955,3.33e-05
956,3.33e-05
957,3.33e-05
958,3.33e-05
959,3.33e-05
960,3.33e-05
961,3.325e-05
962,3.325e-05
963,3.325e-05
964,3.325e-05
965,3.325e-05
966,3.325e-05
967,3.325e-05
968,3.325e-05
969,3.325e-05
970,3.325e-05
971,3.325e-05
972,3.325e-05
973,3.325e-05
974,3.325e-05
975,3.325e-05
976,3.325e-05
977,3.325e-05
978,3.325e-05
979,3.325e-05
980,3.325e-05
981,3.324e-05
982,3.324e-05
983,3.324e-05
984,3.324e-05
985,3.324e-05
986,3.324e-05
987,3.324e-05
988,3.324e-05
989,3.324e-05
990,3.324e-05
991,3.324e-05
992,3.324e-05
993,3.324e-05
994,3.324e-05
995,3.324e-05
996,3.324e-05
997,3.324e-05
998,3.324e-05
999,3.324e-05
1000,3.324e-05
1001,3.324e-05
1002,3.324e-05
1003,3.324e-05
1004,3.324e-05
1005,3.324e-05
1006,3.324e-05
1007,3.324e-05
1008,3.324e-05
1009,3.324e-05
1010,3.324e-05
1011,3.324e-05
1012,3.324e-05
1013,3.324e-05
1014,3.324e-05
1015,3.324e-05
1016,3.324e-05
1017,3.324e-05
1018,3.324e-05
1019,3.324e-05
1020,3.324e-05
1021,3.324e-05
1022,3.324e-05
1023,3.324e-05
1024,3.324e-05
1025,3.324e-05
1026,3.324e-05
1027,3.324e-05
1028,3.324e-05
1029,3.287e-05
1030,3.287e-05
1031,3.287e-05
1032,3.324e-05
1033,3.324e-05
1034,3.324e-05
1035,3.324e-05
1036,3.324e-05
1037,3.324e-05
1038,3.324e-05
1039,3.324e-05
1040,3.324e-05
1041,3.324e-05
1042,3.324e-05
1043,3.324e-05
1044,3.324e-05
1045,3.324e-05
1046,3.324e-05
1047,3.324e-05
1048,3.324e-05
1049,3.324e-05
1050,3.324e-05
1051,3.324e-05
1052,3.324e-05
1053,3.347e-05
1054,3.347e-05
1055,3.292e-05
1056,3.293e-05
1057,3.293e-05
1058,3.348e-05
1059,3.348e-05
1060,3.348e-05
1061,3.348e-05
1062,3.348e-05
1063,3.348e-05
1064,3.348e-05
1065,3.348e-05
1066,3.341e-05
1067,3.341e-05
1068,3.341e-05
1069,3.341e-05
1070,3.34e-05
1071,3.34e-05
1072,3.338e-05
1073,3.338e-05
1074,3.338e-05
1075,3.338e-05
1076,3.338e-05
1077,3.338e-05
1078,3.338e-05
1079,3.338e-05
1080,3.338e-05
1081,3.338e-05
1082,3.338e-05
1083,3.338e-05
1084,3.338e-05
1085,3.338e-05
1086,3.338e-05
1087,3.338e-05
1088,3.338e-05
1089,3.338e-05
1090,3.338e-05
1091,3.338e-05
1092,3.338e-05
1093,3.338e-05
1094,3.301e-05
1095,3.301e-05
1096,3.301e-05
1097,3.301e-05
1098,3.301e-05
1099,3.301e-05
1100,3.301e-05
1101,3.301e-05
1102,3.342e-05
1103,3.343e-05
1104,3.343e-05
1105,3.343e-05
1106,3.343e-05
1107,3.343e-05
1108,3.343e-05
1109,3.343e-05
1110,3.343e-05
1111,3.343e-05
1112,3.343e-05
1113,3.343e-05
1114,3.347e-05
1115,3.347e-05
1116,3.347e-05
1117,3.347e-05
1118,3.347e-05
1119,3.347e-05
1120,3.347e-05
1121,3.347e-05
1122,3.347e-05
1123,3.347e-05
1124,3.347e-05
1125,3.347e-05
1126,3.347e-05
1127,3.347e-05
1128,3.347e-05
1129,3.347e-05
1130,3.347e-05
1131,3.347e-05
1132,3.347e-05
1133,3.347e-05
1134,3.347e-05
1135,3.347e-05
1136,3.347e-05
1137,3.347e-05
1138,3.347e-05
1139,3.347e-05
1140,3.347e-05
1141,3.347e-05
1142,3.347e-05
1143,3.347e-05
1144,3.347e-05
1145,3.347e-05
1146,3.347e-05
1147,3.347e-05
1148,3.347e-05
1149,3.349e-05
1150,3.349e-05
1151,3.349e-05
1152,3.349e-05
1153,3.349e-05
1154,3.349e-05
1155,3.349e-05
1156,3.349e-05
1157,3.349e-05
1158,3.349e-05
1159,3.349e-05
1160,3.349e-05
1161,3.349e-05
1162,3.349e-05
1163,3.349e-05
1164,3.349e-05
1165,3.349e-05
1166,3.349e-05
1167,3.349e-05
1168,3.349e-05
1169,3.349e-05
1170,3.349e-05
1171,3.349e-05
1172,3.349e-05
1173,3.349e-05
1174,3.349e-05
1175,3.349e-05
1176,3.349e-05
1177,3.349e-05
1178,3.349e-05
1179,3.349e-05
1180,3.349e-05
1181,3.349e-05
1182,3.349e-05
1183,3.349e-05
1184,3.349e-05
1185,3.349e-05
1186,3.349e-05
1187,3.349e-05
1188,3.349e-05
1189,3.349e-05
1190,3.349e-05
1191,3.349e-05
1192,3.349e-05
1193,3.349e-05
1194,3.349e-05
1195,3.349e-05
1196,3.349e-05
1197,3.349e-05
1198,3.349e-05
1199,3.349e-05
1200,3.349e-05
1201,3.349e-05
1202,3.349e-05
1203,3.349e-05
1204,3.349e-05
1205,3.346e-05
1206,3.346e-05
1207,3.346e-05
1208,3.346e-05
1209,3.346e-05
1210,3.346e-05
1211,3.346e-05
1212,3.346e-05
1213,3.346e-05
1214,3.346e-05
1215,3.346e-05
1216,3.346e-05
1217,3.346e-05
1218,3.346e-05
1219,3.346e-05
1220,3.275e-05
1221,3.275e-05
1222,3.275e-05
1223,3.275e-05
1224,3.275e-05
1225,3.275e-05
1226,3.275e-05
1227,3.275e-05
1228,3.275e-05
1229,3.275e-05
1230,3.275e-05
1231,3.241e-05
1232,3.241e-05
1233,3.241e-05
1234,3.241e-05
1235,3.241e-05
1236,3.241e-05
1237,3.241e-05
1238,3.241e-05
1239,3.241e-05
1240,3.241e-05
1241,3.241e-05
1242,3.241e-05
1243,3.241e-05
1244,3.241e-05
1245,3.241e-05
1246,3.241e-05
1247,3.241e-05
1248,3.241e-05
1249,3.241e-05
1250,3.241e-05
1251,3.241e-05
1252,3.241e-05
1253,3.241e-05
1254,3.241e-05
1255,3.241e-05
1256,3.241e-05
1257,3.241e-05
1258,3.241e-05
1259,3.241e-05
1260,3.241e-05
1261,3.241e-05
1262,3.241e-05
1263,3.241e-05
1264,3.241e-05
1265,3.241e-05
1266,3.241e-05
1267,3.241e-05
1268,3.241e-05
1269,3.241e-05
1270,3.241e-05
1271,3.241e-05
1272,3.241e-05
1273,3.241e-05
1274,3.241e-05
1275,3.241e-05
1276,3.241e-05
1277,3.241e-05
1278,3.241e-05
1279,3.241e-05
1280,3.241e-05
1281,3.241e-05
1282,3.241e-05
1283,3.241e-05
1284,3.241e-05
1285,3.241e-05
1286,3.241e-05
1287,3.241e-05
1288,3.241e-05
1289,3.241e-05
1290,3.241e-05
1291,3.225e-05
1292,3.225e-05
1293,3.241e-05
1294,3.241e-05
1295,3.241e-05
1296,3.241e-05
1297,3.241e-05
1298,3.241e-05
1299,3.241e-05
1300,3.241e-05
1301,3.241e-05
1302,3.241e-05
1303,3.241e-05
1304,3.241e-05
1305,3.241e-05
1306,3.241e-05
1307,3.241e-05
1308,3.241e-05
1309,3.241e-05
1310,3.241e-05
1311,3.241e-05
1312,3.241e-05
1313,3.275e-05
1314,3.275e-05
1315,3.275e-05
1316,3.275e-05
1317,3.275e-05
1318,3.275e-05
1319,3.275e-05
1320,3.275e-05
1321,3.275e-05
1322,3.238e-05
1323,3.238e-05
1324,3.238e-05
1325,3.238e-05
1326,3.238e-05
1327,3.238e-05
1328,3.238e-05
1329,3.238e-05
1330,3.238e-05
1331,3.275e-05
1332,3.275e-05
1333,3.275e-05
1334,3.275e-05
1335,3.275e-05
1336,3.275e-05
1337,3.275e-05
1338,3.275e-05
1339,3.275e-05
1340,3.275e-05
1341,3.293e-05
1342,3.293e-05
1343,3.293e-05
1344,3.293e-05
1345,3.239e-05
1346,3.239e-05
1347,3.239e-05
1348,3.239e-05
1349,3.239e-05
1350,3.239e-05
1351,3.239e-05
1352,3.239e-05
1353,3.239e-05
1354,3.239e-05
1355,3.239e-05
1356,3.239e-05
1357,3.239e-05
1358,3.239e-05
1359,3.293e-05
1360,3.293e-05
1361,3.293e-05
1362,3.293e-05
1363,3.293e-05
1364,3.293e-05
1365,3.293e-05
1366,3.293e-05
1367,3.293e-05
1368,3.293e-05
1369,3.293e-05
1370,3.293e-05
1371,3.293e-05
1372,3.293e-05
1373,3.293e-05
1374,3.293e-05
1375,3.293e-05
1376,3.293e-05
1377,3.293e-05
1378,3.254e-05
1379,3.254e-05
1380,3.254e-05
1381,3.254e-05
1382,3.254e-05
1383,3.254e-05
1384,3.254e-05
1385,3.225e-05
1386,3.225e-05
1387,3.225e-05
1388,3.225e-05
1389,3.225e-05
1390,3.225e-05
1391,3.225e-05
1392,3.225e-05
1393,3.225e-05
1394,3.225e-05
1395,3.225e-05
1396,3.225e-05
1397,3.225e-05
1398,3.225e-05
1399,3.225e-05
1400,3.225e-05
1401,3.225e-05
1402,3.225e-05
1403,3.223e-05
1404,3.223e-05
1405,3.223e-05
1406,3.225e-05
1407,3.226e-05
1408,3.226e-05
1409,3.226e-05
1410,3.226e-05
1411,3.226e-05
1412,3.226e-05
1413,3.226e-05
1414,3.226e-05
1415,3.226e-05
1416,3.226e-05
1417,3.226e-05
1418,3.226e-05
1419,3.226e-05
1420,3.226e-05
1421,3.226e-05
1422,3.226e-05
1423,3.226e-05
1424,3.226e-05
1425,3.226e-05
1426,3.226e-05
1427,3.226e-05
1428,3.226e-05
1429,3.226e-05
1430,3.315e-05
1431,3.315e-05
1432,3.315e-05
1433,3.315e-05
1434,3.315e-05
1435,3.315e-05
1436,3.315e-05
1437,3.315e-05
1438,3.315e-05
1439,3.315e-05
1440,3.315e-05
1441,3.315e-05
1442,3.315e-05
1443,3.316e-05
1444,3.316e-05
1445,3.316e-05
1446,3.316e-05
1447,3.316e-05
1448,3.316e-05
1449,3.325e-05
1450,3.325e-05
1451,3.325e-05
1452,3.325e-05
1453,3.325e-05
1454,3.257e-05
1455,3.257e-05
1456,3.257e-05
1457,3.257e-05
1458,3.257e-05
1459,3.27e-05
1460,3.27e-05
1461,3.339e-05
1462,3.339e-05
1463,3.339e-05
1464,3.339e-05
1465,3.339e-05
1466,3.339e-05
1467,3.339e-05
1468,3.336e-05
1469,3.336e-05
1470,3.336e-05
1471,3.336e-05
1472,3.336e-05
1473,3.336e-05
1474,3.336e-05
1475,3.336e-05
1476,3.342e-05
1477,3.342e-05
1478,3.342e-05
1479,3.342e-05
1480,3.342e-05
1481,3.342e-05
1482,3.342e-05
1483,3.342e-05
1484,3.342e-05
1485,3.342e-05
1486,3.342e-05
1487,3.342e-05
1488,3.342e-05
1489,3.342e-05
1490,3.342e-05
1491,3.342e-05
1492,3.342e-05
1493,3.342e-05
1494,3.342e-05
1495,3.342e-05
1496,3.345e-05
1497,3.346e-05
1498,3.346e-05
1499,3.346e-05
1500,3.346e-05
1501,3.346e-05
1502,3.346e-05
1503,3.346e-05
1504,3.346e-05
1505,3.346e-05
1506,3.346e-05
1507,3.346e-05
1508,3.346e-05
1509,3.346e-05
1510,3.346e-05
1511,3.346e-05
1512,3.346e-05
1513,3.346e-05
1514,3.346e-05
1515,3.346e-05
1516,3.346e-05
1517,3.346e-05
1518,3.346e-05
1519,3.346e-05
1520,3.346e-05
1521,3.346e-05
1522,3.346e-05
1523,3.346e-05
1524,3.346e-05
1525,3.345e-05
1526,3.345e-05
1527,3.345e-05
1528,3.346e-05
1529,3.346e-05
1530,3.346e-05
1531,3.346e-05
1532,3.345e-05
1533,3.345e-05
1534,3.345e-05
1535,3.345e-05
1536,3.345e-05
1537,3.345e-05
1538,3.345e-05
1539,3.345e-05
1540,3.345e-05
1541,3.345e-05
1542,3.345e-05
1543,3.345e-05
1544,3.345e-05
1545,3.345e-05
1546,3.345e-05
1547,3.345e-05
1548,3.22e-05
1549,3.22e-05
1550,3.22e-05
1551,3.22e-05
1552,3.223e-05
1553,3.223e-05
1554,3.223e-05
1555,3.223e-05
1556,3.223e-05
1557,3.223e-05
1558,3.223e-05
1559,3.223e-05
1560,3.223e-05
1561,3.223e-05
1562,3.223e-05
1563,3.223e-05
1564,3.223e-05
1565,3.223e-05
1566,3.223e-05
1567,3.223e-05
1568,3.223e-05
1569,3.223e-05
1570,3.223e-05
1571,3.222e-05
1572,3.222e-05
1573,3.222e-05
1574,3.222e-05
1575,3.222e-05
1576,3.222e-05
1577,3.222e-05
1578,3.222e-05
1579,3.222e-05
1580,3.222e-05
1581,3.251e-05
1582,3.251e-05
1583,3.251e-05
1584,3.251e-05
1585,3.251e-05
1586,3.251e-05
1587,3.251e-05
1588,3.251e-05
1589,3.251e-05
1590,3.251e-05
1591,3.251e-05
1592,3.251e-05
1593,3.251e-05
1594,3.251e-05
1595,3.251e-05
1596,3.251e-05
1597,3.251e-05
1598,3.251e-05
1599,3.251e-05
1600,3.251e-05
1601,3.251e-05
1602,3.251e-05
1603,3.251e-05
1604,3.251e-05
1605,3.251e-05
1606,3.251e-05
1607,3.251e-05
1608,3.251e-05
1609,3.222e-05
1610,3.222e-05
1611,3.222e-05
1612,3.222e-05
1613,3.222e-05
1614,3.222e-05
1615,3.222e-05
1616,3.221e-05
1617,3.221e-05
1618,3.221e-05
1619,3.251e-05
1620,3.251e-05
1621,3.251e-05
1622,3.251e-05
1623,3.251e-05
1624,3.251e-05
1625,3.251e-05
1626,3.251e-05
1627,3.251e-05
1628,3.251e-05
1629,3.251e-05
1630,3.251e-05
1631,3.251e-05
1632,3.213e-05
1633,3.213e-05
1634,3.213e-05
1635,3.213e-05
1636,3.213e-05
1637,3.213e-05
1638,3.213e-05
1639,3.213e-05
1640,3.213e-05
1641,3.213e-05
1642,3.213e-05
1643,3.213e-05
1644,3.213e-05
1645,3.213e-05
1646,3.213e-05
1647,3.213e-05
1648,3.213e-05
1649,3.213e-05
1650,3.213e-05
1651,3.213e-05
1652,3.213e-05
1653,3.213e-05
1654,3.213e-05
1655,3.213e-05
1656,3.214e-05
1657,3.214e-05
1658,3.214e-05
1659,3.214e-05
1660,3.214e-05
1661,3.214e-05
1662,3.214e-05
1663,3.214e-05
1664,3.214e-05
1665,3.214e-05
1666,3.214e-05
1667,3.214e-05
1668,3.214e-05
1669,3.214e-05
1670,3.214e-05
1671,3.249e-05
1672,3.249e-05
1673,3.249e-05
1674,3.249e-05
1675,3.249e-05
1676,3.249e-05
1677,3.249e-05
1678,3.249e-05
1679,3.249e-05
1680,3.249e-05
1681,3.249e-05
1682,3.249e-05
1683,3.249e-05
1684,3.249e-05
1685,3.249e-05
1686,3.249e-05
1687,3.249e-05
1688,3.249e-05
1689,3.249e-05
1690,3.249e-05
1691,3.249e-05
1692,3.249e-05
1693,3.249e-05
1694,3.249e-05
1695,3.249e-05
1696,3.249e-05
1697,3.245e-05
1698,3.245e-05
1699,3.245e-05
1700,3.245e-05
1701,3.245e-05
1702,3.245e-05
1703,3.245e-05
1704,3.245e-05
1705,3.245e-05
1706,3.245e-05
1707,3.245e-05
1708,3.245e-05
1709,3.245e-05
1710,3.245e-05
1711,3.245e-05
1712,3.245e-05
1713,3.245e-05
1714,3.245e-05
1715,3.245e-05
1716,3.245e-05
1717,3.245e-05
1718,3.245e-05
1719,3.245e-05
1720,3.245e-05
1721,3.245e-05
1722,3.245e-05
1723,3.245e-05
1724,3.245e-05
1725,3.245e-05
1726,3.245e-05
1727,3.245e-05
1728,3.245e-05
1729,3.25e-05
1730,3.25e-05
1731,3.25e-05
1732,3.25e-05
1733,3.25e-05
1734,3.25e-05
1735,3.25e-05
1736,3.25e-05
1737,3.25e-05
1738,3.25e-05
1739,3.25e-05
1740,3.25e-05
1741,3.25e-05
1742,3.25e-05
1743,3.25e-05
1744,3.25e-05
1745,3.25e-05
1746,3.25e-05
1747,3.25e-05
1748,3.25e-05
1749,3.25e-05
1750,3.25e-05
1751,3.25e-05
1752,3.25e-05
1753,3.25e-05
1754,3.25e-05
1755,3.344e-05
1756,3.344e-05
1757,3.344e-05
1758,3.344e-05
1759,3.337e-05
1760,3.337e-05
1761,3.344e-05
1762,3.338e-05
1763,3.338e-05
1764,3.338e-05
1765,3.344e-05
1766,3.344e-05
1767,3.344e-05
1768,3.344e-05
1769,3.344e-05
1770,3.344e-05
1771,3.344e-05
1772,3.344e-05
1773,3.345e-05
1774,3.345e-05
1775,3.345e-05
1776,3.345e-05
1777,3.345e-05
1778,3.34e-05
1779,3.338e-05
1780,3.338e-05
1781,3.338e-05
1782,3.338e-05
1783,3.338e-05
1784,3.213e-05
1785,3.213e-05
1786,3.17e-05
1787,3.17e-05
1788,3.17e-05
1789,3.17e-05
1790,3.17e-05
1791,3.135e-05
1792,3.135e-05
1793,3.135e-05
1794,3.135e-05
1795,3.135e-05
1796,3.135e-05
1797,3.135e-05
1798,3.135e-05
1799,3.135e-05
1800,3.135e-05
1801,3.166e-05
1802,3.166e-05
1803,3.166e-05
1804,3.166e-05
1805,3.166e-05
1806,3.166e-05
1807,3.166e-05
1808,3.166e-05
1809,3.167e-05
1810,3.167e-05
1811,3.167e-05
1812,3.167e-05
1813,3.17e-05
1814,3.166e-05
1815,3.165e-05
1816,3.165e-05
1817,3.108e-05
1818,3.108e-05
1819,3.162e-05
1820,3.162e-05
1821,3.162e-05
1822,3.162e-05
1823,3.162e-05
1824,3.162e-05
1825,3.159e-05
1826,3.159e-05
1827,3.109e-05
1828,3.109e-05
1829,3.109e-05
1830,3.108e-05
1831,3.108e-05
1832,3.152e-05
1833,3.152e-05
1834,3.148e-05
1835,3.147e-05
1836,3.147e-05
1837,3.147e-05
1838,3.147e-05
1839,3.144e-05
1840,3.143e-05
1841,3.142e-05
1842,3.142e-05
1843,3.142e-05
1844,3.139e-05
1845,3.137e-05
1846,3.137e-05
1847,3.137e-05
1848,3.137e-05
1849,3.137e-05
1850,3.137e-05
1851,3.137e-05
1852,3.137e-05
1853,3.137e-05
1854,3.137e-05
1855,3.137e-05
1856,3.137e-05
1857,3.137e-05
1858,3.137e-05
1859,3.137e-05
1860,3.137e-05
1861,3.137e-05
1862,3.137e-05
1863,3.137e-05
1864,3.137e-05
1865,3.137e-05
1866,3.137e-05
1867,3.137e-05
1868,3.137e-05
1869,3.137e-05
1870,3.137e-05
1871,3.137e-05
1872,3.137e-05
1873,3.137e-05
1874,3.137e-05
1875,3.137e-05
1876,3.137e-05
1877,3.137e-05
1878,3.137e-05
1879,3.137e-05
1880,3.137e-05
1881,3.137e-05
1882,3.166e-05
1883,3.166e-05
1884,3.166e-05
1885,3.166e-05
1886,3.166e-05
1887,3.166e-05
1888,3.166e-05
1889,3.166e-05
1890,3.166e-05
1891,3.166e-05
1892,3.166e-05
1893,3.166e-05
1894,3.166e-05
1895,3.166e-05
1896,3.166e-05
1897,3.166e-05
1898,3.166e-05
1899,3.165e-05
1900,3.165e-05
1901,3.165e-05
1902,3.165e-05
1903,3.165e-05
1904,3.165e-05
1905,3.165e-05
1906,3.165e-05
1907,3.165e-05
1908,3.165e-05
1909,3.165e-05
1910,3.165e-05
1911,3.165e-05
1912,3.165e-05
1913,3.165e-05
1914,3.165e-05
1915,3.165e-05
1916,3.165e-05
1917,3.165e-05
1918,3.137e-05
1919,3.137e-05
1920,3.132e-05
1921,3.132e-05
1922,3.129e-05
1923,3.098e-05
1924,3.097e-05
1925,3.095e-05
1926,3.094e-05
1927,3.096e-05
1928,3.088e-05
1929,3.087e-05
1930,3.087e-05
1931,3.039e-05
1932,3.041e-05
1933,3.04e-05
1934,3.04e-05
1935,3.039e-05
1936,3.039e-05
1937,3.02e-05
1938,3.02e-05
1939,3.02e-05
1940,3.02e-05
1941,3.037e-05
1942,3.037e-05
1943,3.037e-05
1944,3.037e-05
1945,3.037e-05
1946,3.038e-05
1947,3.038e-05
1948,3.021e-05
1949,3.021e-05
1950,3.021e-05
1951,3.021e-05
1952,3.021e-05
1953,3.021e-05
1954,3.021e-05
1955,3.021e-05
1956,3.021e-05
1957,3.028e-05
1958,3.028e-05
1959,3.021e-05
1960,3.021e-05
1961,3.021e-05
1962,3.021e-05
1963,3.021e-05
1964,3.021e-05
1965,3.021e-05
1966,3.021e-05
1967,3.021e-05
1968,3.021e-05
1969,3.021e-05
1970,3.021e-05
1971,3.021e-05
1972,3.021e-05
1973,3.021e-05
1974,3.028e-05
1975,3.02e-05
1976,3.02e-05
1977,3.02e-05
1978,3.018e-05
1979,3.018e-05
1980,3.018e-05
1981,3.018e-05
1982,3.019e-05
1983,3.019e-05
1984,3.019e-05
1985,3.019e-05
1986,3.019e-05
1987,3.019e-05
1988,3.019e-05
1989,3.019e-05
1990,3.019e-05
1991,3.019e-05
1992,3.019e-05
1993,3.019e-05
1994,3.019e-05
1995,3.019e-05
1996,3.019e-05
1997,3.019e-05
1998,3.019e-05
1999,3.019e-05
2000,3.015e-05
2001,3.015e-05
2002,3.019e-05
2003,3.019e-05
2004,3.019e-05
2005,3.015e-05
2006,3.015e-05
2007,3.015e-05
2008,3.015e-05
2009,3.015e-05
2010,3.015e-05
2011,3.015e-05
2012,3.018e-05
2013,3.018e-05
2014,3.018e-05
2015,3.018e-05
2016,3.018e-05
2017,3.018e-05
2018,3.018e-05
2019,3.018e-05
2020,3.018e-05
2021,3.018e-05
2022,3.018e-05
2023,3.018e-05
2024,3.018e-05
2025,3.018e-05
2026,3.018e-05
2027,3.018e-05
2028,3.018e-05
2029,3.018e-05
2030,3.018e-05
2031,3.018e-05
2032,3.018e-05
2033,3.018e-05
2034,3.018e-05
2035,3.018e-05
2036,3.018e-05
2037,3.018e-05
2038,3.018e-05
2039,3.018e-05
2040,3.018e-05
2041,3.018e-05
2042,3.018e-05
2043,3.018e-05
2044,3.018e-05
2045,3.018e-05
2046,3.018e-05
2047,3.018e-05
2048,3.018e-05
2049,3.018e-05
2050,3.018e-05
2051,3.018e-05
2052,3.018e-05
2053,3.018e-05
2054,3.018e-05
2055,3.018e-05
2056,3.018e-05
2057,3.018e-05
2058,3.018e-05
2059,3.018e-05
2060,3.018e-05
2061,3.018e-05
2062,3.018e-05
2063,3.018e-05
2064,3.018e-05
2065,3.018e-05
2066,3.018e-05
2067,3.018e-05
2068,3.018e-05
2069,3.018e-05
2070,3.018e-05
2071,3.018e-05
2072,3.018e-05
2073,3.018e-05
2074,3.018e-05
2075,3.018e-05
2076,3.018e-05
2077,3.018e-05
2078,3e-05
2079,3e-05
2080,3e-05
2081,3e-05
2082,3e-05
2083,3e-05
2084,3e-05
2085,3e-05
2086,3e-05
2087,3e-05
2088,3e-05
2089,3e-05
2090,3e-05
2091,3e-05
2092,3e-05
2093,3e-05
2094,3e-05
2095,3e-05
2096,3e-05
2097,3e-05
2098,3e-05
2099,3e-05
2100,3e-05
2101,3e-05
2102,3e-05
2103,3e-05
2104,3e-05
2105,3e-05
2106,3e-05
2107,3e-05
2108,3e-05
2109,3e-05
2110,3e-05
2111,3e-05
2112,3e-05
2113,3e-05
2114,3e-05
2115,3e-05
2116,3e-05
2117,3e-05
2118,3e-05
2119,3e-05
2120,3e-05
2121,3e-05
2122,3e-05
2123,2.978e-05
2124,2.978e-05
2125,2.977e-05
2126,2.977e-05
2127,2.977e-05
2128,2.977e-05
2129,2.977e-05
2130,2.977e-05
2131,2.977e-05
2132,2.977e-05
2133,2.977e-05
2134,2.977e-05
2135,2.977e-05
2136,2.977e-05
2137,2.977e-05
2138,2.977e-05
2139,2.977e-05
2140,2.977e-05
2141,2.977e-05
2142,2.977e-05
2143,2.977e-05
2144,2.977e-05
2145,2.977e-05
2146,2.977e-05
2147,2.977e-05
2148,2.977e-05
2149,3.01e-05
2150,3.01e-05
2151,3.01e-05
2152,2.977e-05
2153,2.977e-05
2154,2.977e-05
2155,2.977e-05
2156,2.976e-05
2157,2.976e-05
2158,2.976e-05
2159,2.974e-05
2160,2.974e-05
2161,2.974e-05
2162,2.972e-05
2163,2.972e-05
2164,2.969e-05
2165,2.969e-05
2166,2.967e-05
2167,2.967e-05
2168,2.921e-05
2169,2.921e-05
2170,2.921e-05
2171,2.921e-05
2172,2.921e-05
2173,2.921e-05
2174,2.921e-05
2175,2.921e-05
2176,2.921e-05
2177,2.921e-05
2178,2.921e-05
2179,2.921e-05
2180,2.921e-05
2181,2.921e-05
2182,2.9e-05
2183,2.9e-05
2184,2.974e-05
2185,2.974e-05
2186,2.974e-05
2187,2.974e-05
2188,2.957e-05
2189,2.957e-05
2190,2.957e-05
2191,2.957e-05
2192,2.957e-05
2193,2.957e-05
2194,2.957e-05
2195,2.957e-05
2196,2.957e-05
2197,2.957e-05
2198,2.957e-05
2199,2.957e-05
2200,2.957e-05
2201,2.957e-05
2202,2.919e-05
2203,2.919e-05
2204,2.919e-05
2205,2.919e-05
2206,2.919e-05
2207,2.919e-05
2208,2.941e-05
2209,2.941e-05
2210,2.941e-05
2211,2.941e-05
2212,2.94e-05
2213,2.94e-05
2214,2.94e-05
2215,2.94e-05
2216,2.94e-05
2217,2.94e-05
2218,2.94e-05
2219,2.94e-05
2220,2.94e-05
2221,2.94e-05
2222,2.941e-05
2223,2.941e-05
2224,2.941e-05
2225,2.941e-05
2226,2.941e-05
2227,2.941e-05
2228,2.941e-05
2229,2.941e-05
2230,2.941e-05
2231,2.941e-05
2232,2.941e-05
2233,2.941e-05
2234,2.941e-05
2235,2.941e-05
2236,2.941e-05
2237,2.941e-05
2238,2.941e-05
2239,2.941e-05
2240,2.941e-05
2241,2.941e-05
2242,2.941e-05
2243,2.941e-05
2244,2.941e-05
2245,2.941e-05
2246,2.941e-05
2247,2.941e-05
2248,2.941e-05
2249,2.941e-05
2250,2.941e-05
2251,2.941e-05
2252,2.941e-05
2253,2.941e-05
2254,2.941e-05
2255,2.941e-05
2256,2.941e-05
2257,2.941e-05
2258,2.941e-05
2259,2.941e-05
2260,2.865e-05
2261,2.87e-05
2262,2.937e-05
2263,2.937e-05
2264,2.936e-05
2265,2.808e-05
2266,2.875e-05
2267,2.874e-05
2268,2.873e-05
2269,2.874e-05
2270,2.874e-05
2271,2.874e-05
2272,2.874e-05
2273,2.874e-05
2274,2.874e-05
2275,2.874e-05
2276,2.874e-05
2277,2.874e-05
2278,2.863e-05
2279,2.863e-05
2280,2.863e-05
2281,2.863e-05
2282,2.874e-05
2283,2.874e-05
2284,2.874e-05
2285,2.874e-05
2286,2.874e-05
2287,2.874e-05
2288,2.875e-05
2289,2.875e-05
2290,2.875e-05
2291,2.875e-05
2292,2.875e-05
2293,2.875e-05
2294,2.875e-05
2295,2.875e-05
2296,2.875e-05
2297,2.875e-05
2298,2.875e-05
2299,2.863e-05
2300,2.863e-05
2301,2.863e-05
2302,2.863e-05
2303,2.863e-05
2304,2.863e-05
2305,2.863e-05
2306,2.863e-05
2307,2.863e-05
2308,2.863e-05
2309,2.863e-05
2310,2.863e-05
2311,2.863e-05
2312,2.863e-05
2313,2.863e-05
2314,2.863e-05
2315,2.864e-05
2316,2.864e-05
2317,2.864e-05
2318,2.864e-05
2319,2.864e-05
2320,2.864e-05
2321,2.864e-05
2322,2.864e-05
2323,2.864e-05
2324,2.864e-05
2325,2.864e-05
2326,2.864e-05
2327,2.864e-05
2328,2.864e-05
2329,2.864e-05
2330,2.864e-05
2331,2.864e-05
2332,2.864e-05
2333,2.864e-05
2334,2.864e-05
2335,2.864e-05
2336,2.864e-05
2337,2.864e-05
2338,2.864e-05
2339,2.864e-05
2340,2.864e-05
2341,2.864e-05
2342,2.864e-05
2343,2.864e-05
2344,2.864e-05
2345,2.864e-05
2346,2.864e-05
2347,2.864e-05
2348,2.864e-05
2349,2.864e-05
2350,2.864e-05
2351,2.864e-05
2352,2.864e-05
2353,2.864e-05
2354,2.864e-05
2355,2.864e-05
2356,2.864e-05
2357,2.864e-05
2358,2.864e-05
2359,2.864e-05
2360,2.864e-05
2361,2.864e-05
2362,2.864e-05
2363,2.864e-05
2364,2.864e-05
2365,2.864e-05
2366,2.864e-05
2367,2.864e-05
2368,2.864e-05
2369,2.864e-05
2370,2.864e-05
2371,2.864e-05
2372,2.864e-05
2373,2.864e-05
2374,2.864e-05
2375,2.864e-05
2376,2.864e-05
2377,2.864e-05
2378,2.864e-05
2379,2.864e-05
2380,2.864e-05
2381,2.864e-05
2382,2.864e-05
2383,2.864e-05
2384,2.864e-05
2385,2.864e-05
2386,2.864e-05
2387,2.864e-05
2388,2.864e-05
2389,2.864e-05
2390,2.864e-05
2391,2.864e-05
2392,2.864e-05
2393,2.864e-05
2394,2.864e-05
2395,2.864e-05
2396,2.864e-05
2397,2.864e-05
2398,2.864e-05
2399,2.864e-05
2400,2.864e-05
2401,2.864e-05
2402,2.864e-05
2403,2.864e-05
2404,2.864e-05
2405,2.864e-05
2406,2.864e-05
2407,2.864e-05
2408,2.864e-05
2409,2.864e-05
2410,2.864e-05
2411,2.864e-05
2412,2.864e-05
2413,2.864e-05
2414,2.864e-05
2415,2.863e-05
2416,2.863e-05
2417,2.863e-05
2418,2.863e-05
2419,2.863e-05
2420,2.863e-05
2421,2.863e-05
2422,2.863e-05
2423,2.863e-05
2424,2.863e-05
2425,2.863e-05
2426,2.863e-05
2427,2.863e-05
2428,2.863e-05
2429,2.863e-05
2430,2.863e-05
2431,2.863e-05
2432,2.863e-05
2433,2.863e-05
2434,2.863e-05
2435,2.863e-05
2436,2.863e-05
2437,2.863e-05
2438,2.863e-05
2439,2.863e-05
2440,2.863e-05
2441,2.863e-05
2442,2.863e-05
2443,2.863e-05
2444,2.863e-05
2445,2.863e-05
2446,2.863e-05
2447,2.864e-05
2448,2.864e-05
2449,2.864e-05
2450,2.875e-05
2451,2.875e-05
2452,2.875e-05
2453,2.875e-05
2454,2.875e-05
2455,2.875e-05
2456,2.875e-05
2457,2.875e-05
2458,2.875e-05
2459,2.875e-05
2460,2.875e-05
2461,2.875e-05
2462,2.875e-05
2463,2.896e-05
2464,2.896e-05
2465,2.896e-05
2466,2.896e-05
2467,2.896e-05
2468,2.896e-05
2469,2.896e-05
2470,2.896e-05
2471,2.896e-05
2472,2.896e-05
2473,2.896e-05
2474,2.896e-05
2475,2.896e-05
2476,2.896e-05
2477,2.896e-05
2478,2.896e-05
2479,2.896e-05
2480,2.896e-05
2481,2.896e-05
2482,2.896e-05
2483,2.896e-05
2484,2.896e-05
2485,2.896e-05
2486,2.896e-05
2487,2.896e-05
2488,2.896e-05
2489,2.896e-05
2490,2.896e-05
2491,2.896e-05
2492,2.896e-05
2493,2.896e-05
2494,2.896e-05
2495,2.896e-05
2496,2.896e-05
2497,2.896e-05
2498,2.877e-05
2499,2.877e-05
2500,2.877e-05
2501,2.877e-05
2502,2.877e-05
2503,2.877e-05
2504,2.877e-05
2505,2.877e-05
2506,2.877e-05
2507,2.877e-05
2508,2.877e-05
2509,2.877e-05
2510,2.877e-05
2511,2.877e-05
2512,2.877e-05
2513,2.877e-05
2514,2.877e-05
2515,2.877e-05
2516,2.877e-05
2517,2.877e-05
2518,2.877e-05
2519,2.877e-05
2520,2.877e-05
2521,2.877e-05
2522,2.877e-05
2523,2.877e-05
2524,2.877e-05
2525,2.877e-05
2526,2.877e-05
2527,2.877e-05
2528,2.877e-05
2529,2.877e-05
2530,2.877e-05
2531,2.877e-05
2532,2.877e-05
2533,2.877e-05
2534,2.877e-05
2535,2.877e-05
2536,2.877e-05
2537,2.877e-05
2538,2.877e-05
2539,2.877e-05
2540,2.877e-05
2541,2.877e-05
2542,2.877e-05
2543,2.877e-05
2544,2.877e-05
2545,2.877e-05
2546,2.877e-05
2547,2.877e-05
2548,2.877e-05
2549,2.877e-05
2550,2.877e-05
2551,2.877e-05
2552,2.877e-05
2553,2.877e-05
2554,2.877e-05
2555,2.877e-05
2556,2.877e-05
2557,2.896e-05
2558,2.896e-05
2559,2.896e-05
2560,2.896e-05
2561,2.896e-05
2562,2.896e-05
2563,2.896e-05
2564,2.896e-05
2565,2.896e-05
2566,2.896e-05
2567,2.896e-05
2568,2.896e-05
2569,2.896e-05
2570,2.896e-05
2571,2.896e-05
2572,2.896e-05
2573,2.896e-05
2574,2.896e-05
2575,2.896e-05
2576,2.896e-05
2577,2.896e-05
2578,2.896e-05
2579,2.896e-05
2580,2.896e-05
2581,2.896e-05
2582,2.896e-05
2583,2.896e-05
2584,2.896e-05
2585,2.896e-05
2586,2.896e-05
2587,2.896e-05
2588,2.896e-05
2589,2.896e-05
2590,2.896e-05
2591,2.876e-05
2592,2.876e-05
2593,2.876e-05
2594,2.876e-05
2595,2.876e-05
2596,2.876e-05
2597,2.876e-05
2598,2.876e-05
2599,2.876e-05
2600,2.876e-05
2601,2.876e-05
2602,2.876e-05
2603,2.876e-05
2604,2.876e-05
2605,2.876e-05
2606,2.876e-05
2607,2.876e-05
2608,2.876e-05
2609,2.876e-05
2610,2.876e-05
2611,2.896e-05
2612,2.896e-05
2613,2.897e-05
2614,2.897e-05
2615,2.897e-05
2616,2.897e-05
2617,2.897e-05
2618,2.897e-05
2619,2.897e-05
2620,2.897e-05
2621,2.896e-05
2622,2.896e-05
2623,2.896e-05
2624,2.896e-05
2625,2.935e-05
2626,2.935e-05
2627,2.935e-05
2628,2.935e-05
2629,2.935e-05
2630,2.931e-05
2631,2.931e-05
2632,2.931e-05
2633,2.931e-05
2634,2.931e-05
2635,2.931e-05
2636,2.931e-05
2637,2.931e-05
2638,2.931e-05
2639,2.931e-05
2640,2.939e-05
2641,2.939e-05
2642,2.939e-05
2643,2.939e-05
2644,2.939e-05
2645,2.939e-05
2646,2.939e-05
2647,2.939e-05
2648,2.939e-05
2649,2.939e-05
2650,2.939e-05
2651,2.939e-05
2652,2.939e-05
2653,2.939e-05
2654,2.939e-05
2655,2.939e-05
2656,2.939e-05
2657,2.939e-05
2658,2.939e-05
2659,2.901e-05
2660,2.901e-05
2661,2.901e-05
2662,2.901e-05
2663,2.903e-05
2664,2.903e-05
2665,2.904e-05
2666,2.904e-05
2667,2.937e-05
2668,2.937e-05
2669,2.908e-05
2670,2.908e-05
2671,2.908e-05
2672,2.908e-05
2673,2.908e-05
2674,2.908e-05
2675,2.908e-05
2676,2.908e-05
2677,2.877e-05
2678,2.877e-05
2679,2.877e-05
2680,2.877e-05
2681,2.877e-05
2682,2.877e-05
2683,2.877e-05
2684,2.877e-05
2685,2.877e-05
2686,2.877e-05
2687,2.937e-05
2688,2.937e-05
2689,2.937e-05
2690,2.937e-05
2691,2.937e-05
2692,2.937e-05
2693,2.937e-05
2694,2.937e-05
2695,2.937e-05
2696,2.937e-05
2697,2.972e-05
2698,2.972e-05
2699,2.972e-05
2700,2.972e-05
2701,2.972e-05
2702,2.972e-05
2703,2.972e-05
2704,2.911e-05
2705,2.913e-05
2706,2.913e-05
2707,2.913e-05
2708,2.913e-05
2709,2.913e-05
2710,2.913e-05
2711,2.913e-05
2712,2.913e-05
2713,2.913e-05
2714,2.913e-05
2715,2.913e-05
2716,2.913e-05
2717,2.913e-05
2718,2.913e-05
2719,2.913e-05
2720,2.913e-05
2721,2.968e-05
2722,2.968e-05
2723,2.968e-05
2724,2.968e-05
2725,2.914e-05
2726,2.914e-05
2727,2.914e-05
2728,2.914e-05
2729,2.914e-05
2730,2.914e-05
2731,2.914e-05
2732,2.914e-05
2733,2.914e-05
2734,2.914e-05
2735,2.914e-05
2736,2.914e-05
2737,2.914e-05
2738,2.914e-05
2739,2.914e-05
2740,2.914e-05
2741,2.914e-05
2742,2.914e-05
2743,2.914e-05
2744,2.913e-05
2745,2.913e-05
2746,2.913e-05
2747,2.913e-05
2748,2.913e-05
2749,2.913e-05
2750,2.913e-05
2751,2.913e-05
2752,2.913e-05
2753,2.913e-05
2754,2.913e-05
2755,2.913e-05
2756,2.913e-05
2757,2.913e-05
2758,2.913e-05
2759,2.913e-05
2760,2.913e-05
2761,2.913e-05
2762,2.881e-05
2763,2.881e-05
2764,2.881e-05
2765,2.881e-05
2766,2.881e-05
2767,2.881e-05
2768,2.881e-05
2769,2.881e-05
2770,2.881e-05
2771,2.881e-05
2772,2.881e-05
2773,2.876e-05
2774,2.876e-05
2775,2.876e-05
2776,2.876e-05
2777,2.881e-05
2778,2.881e-05
2779,2.881e-05
2780,2.881e-05
2781,2.881e-05
2782,2.881e-05
2783,2.881e-05
2784,2.881e-05
2785,2.881e-05
2786,2.881e-05
2787,2.881e-05
2788,2.881e-05
2789,2.881e-05
2790,2.881e-05
2791,2.881e-05
2792,2.881e-05
2793,2.881e-05
2794,2.881e-05
2795,2.881e-05
2796,2.881e-05
2797,2.881e-05
2798,2.881e-05
2799,2.881e-05
2800,2.881e-05
2801,2.881e-05
2802,2.881e-05
2803,2.881e-05
2804,2.881e-05
2805,2.881e-05
2806,2.881e-05
2807,2.881e-05
2808,2.881e-05
2809,2.881e-05
2810,2.881e-05
2811,2.881e-05
2812,2.881e-05
2813,2.881e-05
2814,2.881e-05
2815,2.881e-05
2816,2.881e-05
2817,2.881e-05
2818,2.881e-05
2819,2.881e-05
2820,2.881e-05
2821,2.881e-05
2822,2.881e-05
2823,2.881e-05
2824,2.881e-05
2825,2.881e-05
2826,2.881e-05
2827,2.881e-05
2828,2.881e-05
2829,2.881e-05
2830,2.881e-05
2831,2.881e-05
2832,2.881e-05
2833,2.881e-05
2834,2.881e-05
2835,2.881e-05
2836,2.881e-05
2837,2.881e-05
2838,2.881e-05
2839,2.881e-05
2840,2.881e-05
2841,2.881e-05
2842,2.881e-05
2843,2.881e-05
2844,2.881e-05
2845,2.881e-05
2846,2.881e-05
2847,2.881e-05
2848,2.881e-05
2849,2.881e-05
2850,2.881e-05
2851,2.881e-05
2852,2.881e-05
2853,2.881e-05
2854,2.881e-05
2855,2.881e-05
2856,2.881e-05
2857,2.881e-05
2858,2.881e-05
2859,2.881e-05
2860,2.881e-05
2861,2.813e-05
2862,2.815e-05
2863,2.815e-05
2864,2.815e-05
2865,2.815e-05
2866,2.815e-05
2867,2.815e-05
2868,2.815e-05
2869,2.815e-05
2870,2.815e-05
2871,2.815e-05
2872,2.815e-05
2873,2.815e-05
2874,2.815e-05
2875,2.815e-05
2876,2.815e-05
2877,2.815e-05
2878,2.815e-05
2879,2.815e-05
2880,2.815e-05
2881,2.815e-05
2882,2.815e-05
2883,2.815e-05
2884,2.815e-05
2885,2.815e-05
2886,2.815e-05
2887,2.815e-05
2888,2.815e-05
2889,2.815e-05
2890,2.815e-05
2891,2.815e-05
2892,2.815e-05
2893,2.815e-05
2894,2.815e-05
2895,2.815e-05
2896,2.815e-05
2897,2.815e-05
2898,2.815e-05
2899,2.815e-05
2900,2.815e-05
2901,2.815e-05
2902,2.815e-05
2903,2.815e-05
2904,2.815e-05
2905,2.815e-05
2906,2.815e-05
2907,2.815e-05
2908,2.815e-05
2909,2.815e-05
2910,2.815e-05
2911,2.815e-05
2912,2.815e-05
2913,2.815e-05
2914,2.815e-05
2915,2.815e-05
2916,2.815e-05
2917,2.815e-05
2918,2.815e-05
2919,2.815e-05
2920,2.815e-05
2921,2.815e-05
2922,2.815e-05
2923,2.815e-05
2924,2.815e-05
2925,2.815e-05
2926,2.814e-05
2927,2.814e-05
2928,2.814e-05
2929,2.8e-05
2930,2.8e-05
2931,2.8e-05
2932,2.8e-05
2933,2.8e-05
2934,2.8e-05
2935,2.8e-05
2936,2.8e-05
2937,2.8e-05
2938,2.8e-05
2939,2.8e-05
2940,2.8e-05
2941,2.8e-05
2942,2.8e-05
2943,2.8e-05
2944,2.8e-05
2945,2.8e-05
2946,2.814e-05
2947,2.814e-05
2948,2.814e-05
2949,2.814e-05
2950,2.814e-05
2951,2.814e-05
2952,2.815e-05
2953,2.815e-05
2954,2.815e-05
2955,2.815e-05
2956,2.815e-05
2957,2.815e-05
2958,2.815e-05
2959,2.815e-05
2960,2.815e-05
2961,2.815e-05
2962,2.815e-05
2963,2.815e-05
2964,2.815e-05
2965,2.815e-05
2966,2.815e-05
2967,2.815e-05
2968,2.815e-05
2969,2.815e-05
2970,2.815e-05
2971,2.815e-05
2972,2.815e-05
2973,2.815e-05
2974,2.815e-05
2975,2.815e-05
2976,2.815e-05
2977,2.815e-05
2978,2.815e-05
2979,2.815e-05
2980,2.815e-05
2981,2.815e-05
2982,2.815e-05
2983,2.815e-05
2984,2.815e-05
2985,2.815e-05
2986,2.815e-05
2987,2.815e-05
2988,2.814e-05
2989,2.814e-05
2990,2.814e-05
2991,2.814e-05
2992,2.814e-05
2993,2.814e-05
2994,2.814e-05
2995,2.814e-05
2996,2.814e-05
2997,2.814e-05
2998,2.814e-05
2999,2.814e-05
3000,2.814e-05
3001,2.814e-05
3002,2.814e-05
3003,2.814e-05
3004,2.814e-05
3005,2.814e-05
3006,2.814e-05
3007,2.814e-05
3008,2.814e-05
3009,2.814e-05
3010,2.814e-05
3011,2.815e-05
3012,2.815e-05
3013,2.815e-05
3014,2.815e-05
3015,2.846e-05
3016,2.846e-05
3017,2.846e-05
3018,2.846e-05
3019,2.846e-05
3020,2.846e-05
3021,2.846e-05
3022,2.846e-05
3023,2.846e-05
3024,2.846e-05
3025,2.846e-05
3026,2.846e-05
3027,2.846e-05
3028,2.846e-05
3029,2.846e-05
3030,2.846e-05
3031,2.846e-05
3032,2.818e-05
3033,2.818e-05
3034,2.818e-05
3035,2.818e-05
3036,2.818e-05
3037,2.818e-05
3038,2.818e-05
3039,2.818e-05
3040,2.818e-05
3041,2.818e-05
3042,2.818e-05
3043,2.818e-05
3044,2.818e-05
3045,2.817e-05
3046,2.817e-05
3047,2.814e-05
3048,2.814e-05
3049,2.814e-05
3050,2.814e-05
3051,2.814e-05
3052,2.814e-05
3053,2.814e-05
3054,2.814e-05
3055,2.814e-05
3056,2.814e-05
3057,2.814e-05
3058,2.814e-05
3059,2.814e-05
3060,2.814e-05
3061,2.814e-05
3062,2.814e-05
3063,2.814e-05
3064,2.814e-05
3065,2.814e-05
3066,2.814e-05
3067,2.814e-05
3068,2.814e-05
3069,2.814e-05
3070,2.814e-05
3071,2.814e-05
3072,2.814e-05
3073,2.814e-05
3074,2.814e-05
3075,2.814e-05
3076,2.815e-05
3077,2.815e-05
3078,2.815e-05
3079,2.815e-05
3080,2.815e-05
3081,2.815e-05
3082,2.815e-05
3083,2.815e-05
3084,2.815e-05
3085,2.815e-05
3086,2.815e-05
3087,2.815e-05
3088,2.815e-05
3089,2.815e-05
3090,2.815e-05
3091,2.815e-05
3092,2.815e-05
3093,2.815e-05
3094,2.815e-05
3095,2.815e-05
3096,2.815e-05
3097,2.815e-05
3098,2.815e-05
3099,2.815e-05
3100,2.815e-05
3101,2.815e-05
3102,2.815e-05
3103,2.815e-05
3104,2.815e-05
3105,2.815e-05
3106,2.815e-05
3107,2.815e-05
3108,2.815e-05
3109,2.815e-05
3110,2.815e-05
3111,2.815e-05
3112,2.815e-05
3113,2.815e-05
3114,2.815e-05
3115,2.815e-05
3116,2.815e-05
3117,2.815e-05
3118,2.815e-05
3119,2.815e-05
3120,2.815e-05
3121,2.815e-05
3122,2.815e-05
3123,2.815e-05
3124,2.815e-05
3125,2.815e-05
3126,2.815e-05
3127,2.815e-05
3128,2.815e-05
3129,2.815e-05
3130,2.815e-05
3131,2.815e-05
3132,2.815e-05
3133,2.815e-05
3134,2.815e-05
3135,2.815e-05
3136,2.815e-05
3137,2.815e-05
3138,2.815e-05
3139,2.815e-05
3140,2.815e-05
3141,2.815e-05
3142,2.815e-05
3143,2.815e-05
3144,2.815e-05
3145,2.815e-05
3146,2.815e-05
3147,2.815e-05
3148,2.815e-05
3149,2.815e-05
3150,2.815e-05
3151,2.815e-05
3152,2.815e-05
3153,2.815e-05
3154,2.815e-05
3155,2.815e-05
3156,2.815e-05
3157,2.815e-05
3158,2.815e-05
3159,2.815e-05
3160,2.815e-05
3161,2.815e-05
3162,2.815e-05
3163,2.815e-05
3164,2.815e-05
3165,2.815e-05
3166,2.815e-05
3167,2.815e-05
3168,2.815e-05
3169,2.815e-05
3170,2.815e-05
3171,2.815e-05
3172,2.815e-05
3173,2.815e-05
3174,2.815e-05
3175,2.815e-05
3176,2.815e-05
3177,2.815e-05
3178,2.815e-05
3179,2.815e-05
3180,2.815e-05
3181,2.815e-05
3182,2.815e-05
3183,2.815e-05
3184,2.815e-05
3185,2.815e-05
3186,2.815e-05
3187,2.815e-05
3188,2.815e-05
3189,2.815e-05
3190,2.815e-05
3191,2.815e-05
3192,2.815e-05
3193,2.815e-05
3194,2.815e-05
3195,2.815e-05
3196,2.815e-05
3197,2.815e-05
3198,2.815e-05
3199,2.815e-05
3200,2.815e-05
3201,2.815e-05
3202,2.815e-05
3203,2.815e-05
3204,2.815e-05
3205,2.815e-05
3206,2.815e-05
3207,2.815e-05
3208,2.815e-05
3209,2.815e-05
3210,2.815e-05
3211,2.815e-05
3212,2.815e-05
3213,2.815e-05
3214,2.815e-05
3215,2.815e-05
3216,2.815e-05
3217,2.815e-05
3218,2.815e-05
3219,2.815e-05
3220,2.815e-05
3221,2.815e-05
3222,2.815e-05
3223,2.815e-05
3224,2.815e-05
3225,2.815e-05
3226,2.815e-05
3227,2.815e-05
3228,2.815e-05
3229,2.815e-05
3230,2.815e-05
3231,2.815e-05
3232,2.815e-05
3233,2.815e-05
3234,2.815e-05
3235,2.815e-05
3236,2.815e-05
3237,2.815e-05
3238,2.815e-05
3239,2.815e-05
3240,2.815e-05
3241,2.815e-05
3242,2.815e-05
3243,2.815e-05
3244,2.815e-05
3245,2.815e-05
3246,2.815e-05
3247,2.815e-05
3248,2.815e-05
3249,2.815e-05
3250,2.815e-05
3251,2.815e-05
3252,2.815e-05
3253,2.815e-05
3254,2.815e-05
3255,2.815e-05
3256,2.815e-05
3257,2.815e-05
3258,2.815e-05
3259,2.815e-05
3260,2.815e-05
3261,2.815e-05
3262,2.815e-05
3263,2.815e-05
3264,2.815e-05
3265,2.815e-05
3266,2.815e-05
3267,2.825e-05
3268,2.825e-05
3269,2.825e-05
3270,2.825e-05
3271,2.825e-05
3272,2.825e-05
3273,2.825e-05
3274,2.825e-05
3275,2.825e-05
3276,2.825e-05
3277,2.825e-05
3278,2.825e-05
3279,2.825e-05
3280,2.825e-05
3281,2.825e-05
3282,2.825e-05
3283,2.825e-05
3284,2.825e-05
3285,2.825e-05
3286,2.825e-05
3287,2.825e-05
3288,2.825e-05
3289,2.825e-05
3290,2.825e-05
3291,2.845e-05
3292,2.845e-05
3293,2.845e-05
3294,2.845e-05
3295,2.845e-05
3296,2.845e-05
3297,2.845e-05
3298,2.845e-05
3299,2.845e-05
3300,2.845e-05
3301,2.845e-05
3302,2.845e-05
3303,2.845e-05
3304,2.845e-05
3305,2.845e-05
3306,2.845e-05
3307,2.845e-05
3308,2.845e-05
3309,2.845e-05
3310,2.845e-05
3311,2.845e-05
3312,2.845e-05
3313,2.845e-05
3314,2.845e-05
3315,2.845e-05
3316,2.845e-05
3317,2.845e-05
3318,2.845e-05
3319,2.845e-05
3320,2.845e-05
3321,2.845e-05
3322,2.845e-05
3323,2.845e-05
3324,2.845e-05
3325,2.845e-05
3326,2.845e-05
3327,2.845e-05
3328,2.845e-05
3329,2.845e-05
3330,2.845e-05
3331,2.845e-05
3332,2.845e-05
3333,2.845e-05
3334,2.845e-05
3335,2.845e-05
3336,2.845e-05
3337,2.845e-05
3338,2.845e-05
3339,2.845e-05
3340,2.845e-05
3341,2.845e-05
3342,2.845e-05
3343,2.845e-05
3344,2.845e-05
3345,2.845e-05
3346,2.845e-05
3347,2.846e-05
3348,2.846e-05
3349,2.846e-05
3350,2.846e-05
3351,2.846e-05
3352,2.846e-05
3353,2.846e-05
3354,2.846e-05
3355,2.846e-05
3356,2.846e-05
3357,2.846e-05
3358,2.846e-05
3359,2.846e-05
3360,2.846e-05
3361,2.846e-05
3362,2.846e-05
3363,2.846e-05
3364,2.846e-05
3365,2.846e-05
3366,2.846e-05
3367,2.846e-05
3368,2.846e-05
3369,2.846e-05
3370,2.846e-05
3371,2.846e-05
3372,2.846e-05
3373,2.846e-05
3374,2.846e-05
3375,2.846e-05
3376,2.846e-05
3377,2.846e-05
3378,2.846e-05
3379,2.846e-05
3380,2.846e-05
3381,2.846e-05
3382,2.846e-05
3383,2.846e-05
3384,2.846e-05
3385,2.846e-05
3386,2.846e-05
3387,2.846e-05
3388,2.846e-05
3389,2.846e-05
3390,2.846e-05
3391,2.846e-05
3392,2.846e-05
3393,2.846e-05
3394,2.816e-05
3395,2.816e-05
3396,2.816e-05
3397,2.816e-05
3398,2.816e-05
3399,2.816e-05
3400,2.816e-05
3401,2.816e-05
3402,2.816e-05
3403,2.816e-05
3404,2.816e-05
3405,2.816e-05
3406,2.816e-05
3407,2.816e-05
3408,2.816e-05
3409,2.816e-05
3410,2.816e-05
3411,2.816e-05
3412,2.816e-05
3413,2.816e-05
3414,2.816e-05
3415,2.816e-05
3416,2.816e-05
3417,2.816e-05
3418,2.816e-05
3419,2.816e-05
3420,2.816e-05
3421,2.816e-05
3422,2.816e-05
3423,2.816e-05
3424,2.816e-05
3425,2.816e-05
3426,2.816e-05
3427,2.816e-05
3428,2.816e-05
3429,2.816e-05
3430,2.816e-05
3431,2.816e-05
3432,2.816e-05
3433,2.816e-05
3434,2.816e-05
3435,2.816e-05
3436,2.816e-05
3437,2.816e-05
3438,2.816e-05
3439,2.816e-05
3440,2.816e-05
3441,2.816e-05
3442,2.816e-05
3443,2.816e-05
3444,2.816e-05
3445,2.816e-05
3446,2.816e-05
3447,2.816e-05
3448,2.816e-05
3449,2.816e-05
3450,2.816e-05
3451,2.845e-05
3452,2.846e-05
3453,2.846e-05
3454,2.846e-05
3455,2.846e-05
3456,2.846e-05
3457,2.846e-05
3458,2.846e-05
3459,2.846e-05
3460,2.846e-05
3461,2.846e-05
3462,2.846e-05
3463,2.846e-05
3464,2.846e-05
3465,2.846e-05
3466,2.846e-05
3467,2.846e-05
3468,2.846e-05
3469,2.846e-05
3470,2.846e-05
3471,2.846e-05
3472,2.846e-05
3473,2.846e-05
3474,2.846e-05
3475,2.846e-05
3476,2.846e-05
3477,2.846e-05
3478,2.846e-05
3479,2.816e-05
3480,2.816e-05
3481,2.816e-05
3482,2.816e-05
3483,2.816e-05
3484,2.816e-05
3485,2.816e-05
3486,2.815e-05
3487,2.816e-05
3488,2.816e-05
3489,2.816e-05
3490,2.816e-05
3491,2.816e-05
3492,2.816e-05
3493,2.816e-05
3494,2.816e-05
3495,2.815e-05
3496,2.815e-05
3497,2.844e-05
3498,2.844e-05
3499,2.844e-05
3500,2.844e-05
3501,2.844e-05
3502,2.844e-05
3503,2.844e-05
3504,2.844e-05
3505,2.844e-05
3506,2.844e-05
3507,2.844e-05
3508,2.844e-05
3509,2.844e-05
3510,2.844e-05
3511,2.844e-05
3512,2.844e-05
3513,2.844e-05
3514,2.844e-05
3515,2.844e-05
3516,2.844e-05
3517,2.844e-05
3518,2.844e-05
3519,2.844e-05
3520,2.844e-05
3521,2.844e-05
3522,2.844e-05
3523,2.844e-05
3524,2.844e-05
3525,2.844e-05
3526,2.844e-05
3527,2.844e-05
3528,2.844e-05
3529,2.844e-05
3530,2.844e-05
3531,2.844e-05
3532,2.844e-05
3533,2.844e-05
3534,2.844e-05
3535,2.844e-05
3536,2.844e-05
3537,2.844e-05
3538,2.844e-05
3539,2.844e-05
3540,2.844e-05
3541,2.844e-05
3542,2.844e-05
3543,2.844e-05
3544,2.844e-05
3545,2.844e-05
3546,2.844e-05
3547,2.844e-05
3548,2.844e-05
3549,2.844e-05
3550,2.844e-05
3551,2.844e-05
3552,2.844e-05
3553,2.844e-05
3554,2.844e-05
3555,2.844e-05
3556,2.844e-05
3557,2.844e-05
3558,2.844e-05
3559,2.844e-05
3560,2.844e-05
3561,2.844e-05
3562,2.844e-05
3563,2.844e-05
3564,2.844e-05
3565,2.844e-05
3566,2.844e-05
3567,2.844e-05
3568,2.844e-05
3569,2.844e-05
3570,2.844e-05
3571,2.844e-05
3572,2.844e-05
3573,2.844e-05
3574,2.844e-05
3575,2.844e-05
3576,2.844e-05
3577,2.844e-05
3578,2.816e-05
3579,2.816e-05
3580,2.816e-05
3581,2.815e-05
3582,2.815e-05
3583,2.815e-05
3584,2.815e-05
3585,2.815e-05
3586,2.815e-05
3587,2.815e-05
3588,2.815e-05
3589,2.815e-05
3590,2.814e-05
3591,2.814e-05
3592,2.814e-05
3593,2.814e-05
3594,2.814e-05
3595,2.814e-05
3596,2.814e-05
3597,2.814e-05
3598,2.814e-05
3599,2.814e-05
3600,2.804e-05
3601,2.804e-05
3602,2.8e-05
3603,2.796e-05
3604,2.793e-05
3605,2.794e-05
3606,2.794e-05
3607,2.794e-05
3608,2.794e-05
3609,2.794e-05
3610,2.794e-05
3611,2.794e-05
3612,2.794e-05
3613,2.794e-05
3614,2.794e-05
3615,2.794e-05
3616,2.794e-05
3617,2.794e-05
3618,2.788e-05
3619,2.788e-05
3620,2.788e-05
3621,2.788e-05
3622,2.788e-05
3623,2.777e-05
3624,2.777e-05
3625,2.777e-05
3626,2.777e-05
3627,2.777e-05
3628,2.777e-05
3629,2.777e-05
3630,2.777e-05
3631,2.777e-05
3632,2.777e-05
3633,2.777e-05
3634,2.777e-05
3635,2.777e-05
3636,2.777e-05
3637,2.777e-05
3638,2.777e-05
3639,2.788e-05
3640,2.788e-05
3641,2.788e-05
3642,2.788e-05
3643,2.788e-05
3644,2.788e-05
3645,2.788e-05
3646,2.788e-05
3647,2.788e-05
3648,2.788e-05
3649,2.788e-05
3650,2.788e-05
3651,2.788e-05
3652,2.788e-05
3653,2.788e-05
3654,2.788e-05
3655,2.788e-05
3656,2.788e-05
3657,2.788e-05
3658,2.788e-05
3659,2.788e-05
3660,2.788e-05
3661,2.788e-05
3662,2.788e-05
3663,2.788e-05
3664,2.788e-05
3665,2.788e-05
3666,2.788e-05
3667,2.788e-05
3668,2.788e-05
3669,2.788e-05
3670,2.788e-05
3671,2.788e-05
3672,2.788e-05
3673,2.788e-05
3674,2.788e-05
3675,2.788e-05
3676,2.788e-05
3677,2.788e-05
3678,2.788e-05
3679,2.788e-05
3680,2.788e-05
3681,2.788e-05
3682,2.788e-05
3683,2.788e-05
3684,2.788e-05
3685,2.788e-05
3686,2.788e-05
3687,2.788e-05
3688,2.788e-05
3689,2.788e-05
3690,2.788e-05
3691,2.788e-05
3692,2.788e-05
3693,2.788e-05
3694,2.788e-05
3695,2.788e-05
3696,2.788e-05
3697,2.788e-05
3698,2.788e-05
3699,2.788e-05
3700,2.788e-05
3701,2.788e-05
3702,2.788e-05
3703,2.788e-05
3704,2.788e-05
3705,2.788e-05
3706,2.788e-05
3707,2.788e-05
3708,2.788e-05
3709,2.788e-05
3710,2.788e-05
3711,2.788e-05
3712,2.788e-05
3713,2.788e-05
3714,2.788e-05
3715,2.788e-05
3716,2.788e-05
3717,2.788e-05
3718,2.788e-05
3719,2.788e-05
3720,2.788e-05
3721,2.788e-05
3722,2.788e-05
3723,2.745e-05
3724,2.745e-05
3725,2.745e-05
3726,2.745e-05
3727,2.745e-05
3728,2.745e-05
3729,2.745e-05
3730,2.745e-05
3731,2.745e-05
3732,2.745e-05
3733,2.745e-05
3734,2.745e-05
3735,2.745e-05
3736,2.745e-05
3737,2.745e-05
3738,2.745e-05
3739,2.792e-05
3740,2.792e-05
3741,2.787e-05
3742,2.787e-05
3743,2.783e-05
3744,2.782e-05
3745,2.779e-05
3746,2.779e-05
3747,2.774e-05
3748,2.774e-05
3749,2.774e-05
3750,2.774e-05
3751,2.774e-05
3752,2.774e-05
3753,2.774e-05
3754,2.774e-05
3755,2.774e-05
3756,2.774e-05
3757,2.774e-05
3758,2.774e-05
3759,2.775e-05
3760,2.813e-05
3761,2.813e-05
3762,2.813e-05
3763,2.813e-05
3764,2.813e-05
3765,2.813e-05
3766,2.813e-05
3767,2.813e-05
3768,2.813e-05
3769,2.813e-05
3770,2.813e-05
3771,2.813e-05
3772,2.799e-05
3773,2.799e-05
3774,2.799e-05
3775,2.799e-05
3776,2.799e-05
3777,2.799e-05
3778,2.799e-05
3779,2.799e-05
3780,2.799e-05
3781,2.799e-05
3782,2.799e-05
3783,2.799e-05
3784,2.799e-05
3785,2.799e-05
3786,2.806e-05
3787,2.806e-05
3788,2.806e-05
3789,2.806e-05
3790,2.806e-05
3791,2.806e-05
3792,2.806e-05
3793,2.806e-05
3794,2.806e-05
3795,2.806e-05
3796,2.806e-05
3797,2.8e-05
3798,2.8e-05
3799,2.8e-05
3800,2.8e-05
3801,2.8e-05
3802,2.8e-05
3803,2.8e-05
3804,2.8e-05
3805,2.8e-05
3806,2.8e-05
3807,2.8e-05
3808,2.8e-05
3809,2.8e-05
3810,2.8e-05
3811,2.8e-05
3812,2.8e-05
3813,2.8e-05
3814,2.8e-05
3815,2.8e-05
3816,2.8e-05
3817,2.8e-05
3818,2.8e-05
3819,2.8e-05
3820,2.8e-05
3821,2.8e-05
3822,2.8e-05
3823,2.8e-05
3824,2.8e-05
3825,2.8e-05
3826,2.8e-05
3827,2.8e-05
3828,2.8e-05
3829,2.8e-05
3830,2.8e-05
3831,2.8e-05
3832,2.8e-05
3833,2.8e-05
3834,2.8e-05
3835,2.8e-05
3836,2.8e-05
3837,2.8e-05
3838,2.8e-05
3839,2.8e-05
3840,2.8e-05
3841,2.8e-05
3842,2.8e-05
3843,2.8e-05
3844,2.8e-05
3845,2.8e-05
3846,2.8e-05
3847,2.8e-05
3848,2.8e-05
3849,2.8e-05
3850,2.8e-05
3851,2.8e-05
3852,2.8e-05
3853,2.8e-05
3854,2.8e-05
3855,2.8e-05
3856,2.8e-05
3857,2.8e-05
3858,2.8e-05
3859,2.8e-05
3860,2.8e-05
3861,2.8e-05
3862,2.8e-05
3863,2.8e-05
3864,2.8e-05
3865,2.804e-05
3866,2.804e-05
3867,2.804e-05
3868,2.804e-05
3869,2.804e-05
3870,2.804e-05
3871,2.804e-05
3872,2.804e-05
3873,2.804e-05
3874,2.804e-05
3875,2.804e-05
3876,2.804e-05
3877,2.804e-05
3878,2.804e-05
3879,2.804e-05
3880,2.804e-05
3881,2.804e-05
3882,2.804e-05
3883,2.804e-05
3884,2.804e-05
3885,2.804e-05
3886,2.804e-05
3887,2.804e-05
3888,2.804e-05
3889,2.804e-05
3890,2.804e-05
3891,2.804e-05
3892,2.804e-05
3893,2.804e-05
3894,2.804e-05
3895,2.804e-05
3896,2.804e-05
3897,2.804e-05
3898,2.804e-05
3899,2.774e-05
3900,2.774e-05
3901,2.774e-05
3902,2.774e-05
3903,2.774e-05
3904,2.774e-05
3905,2.774e-05
3906,2.774e-05
3907,2.774e-05
3908,2.774e-05
3909,2.774e-05
3910,2.774e-05
3911,2.774e-05
3912,2.774e-05
3913,2.774e-05
3914,2.774e-05
3915,2.774e-05
3916,2.774e-05
3917,2.774e-05
3918,2.774e-05
3919,2.774e-05
3920,2.774e-05
3921,2.774e-05
3922,2.774e-05
3923,2.774e-05
3924,2.774e-05
3925,2.774e-05
3926,2.774e-05
3927,2.774e-05
3928,2.774e-05
3929,2.774e-05
3930,2.774e-05
3931,2.774e-05
3932,2.774e-05
3933,2.774e-05
3934,2.774e-05
3935,2.774e-05
3936,2.774e-05
3937,2.774e-05
3938,2.774e-05
3939,2.774e-05
3940,2.774e-05
3941,2.774e-05
3942,2.774e-05
3943,2.774e-05
3944,2.774e-05
3945,2.774e-05
3946,2.774e-05
3947,2.774e-05
3948,2.774e-05
3949,2.774e-05
3950,2.774e-05
3951,2.774e-05
3952,2.774e-05
3953,2.774e-05
3954,2.774e-05
3955,2.774e-05
3956,2.774e-05
3957,2.774e-05
3958,2.774e-05
3959,2.774e-05
3960,2.774e-05
3961,2.774e-05
3962,2.774e-05
3963,2.774e-05
3964,2.774e-05
3965,2.774e-05
3966,2.774e-05
3967,2.774e-05
3968,2.774e-05
3969,2.774e-05
3970,2.774e-05
3971,2.774e-05
3972,2.774e-05
3973,2.774e-05
3974,2.774e-05
3975,2.774e-05
3976,2.774e-05
3977,2.774e-05
3978,2.774e-05
3979,2.774e-05
3980,2.774e-05
3981,2.774e-05
3982,2.774e-05
3983,2.774e-05
3984,2.774e-05
3985,2.774e-05
3986,2.774e-05
3987,2.774e-05
3988,2.774e-05
3989,2.774e-05
3990,2.774e-05
3991,2.774e-05
3992,2.774e-05
3993,2.774e-05
3994,2.774e-05
3995,2.774e-05
3996,2.774e-05
3997,2.774e-05
3998,2.774e-05
3999,2.774e-05
4000,2.774e-05
4001,2.774e-05
4002,2.774e-05
4003,2.774e-05
4004,2.774e-05
4005,2.774e-05
4006,2.774e-05
4007,2.774e-05
4008,2.774e-05
4009,2.774e-05
4010,2.774e-05
4011,2.774e-05
4012,2.774e-05
4013,2.774e-05
4014,2.774e-05
4015,2.774e-05
4016,2.774e-05
4017,2.774e-05
4018,2.774e-05
4019,2.774e-05
4020,2.774e-05
4021,2.774e-05
4022,2.774e-05
4023,2.774e-05
4024,2.774e-05
4025,2.774e-05
4026,2.774e-05
4027,2.774e-05
4028,2.774e-05
4029,2.774e-05
4030,2.774e-05
4031,2.774e-05
4032,2.774e-05
4033,2.774e-05
4034,2.774e-05
4035,2.774e-05
4036,2.774e-05
4037,2.774e-05
4038,2.774e-05
4039,2.774e-05
4040,2.774e-05
4041,2.774e-05
4042,2.774e-05
4043,2.774e-05
4044,2.774e-05
4045,2.774e-05
4046,2.774e-05
4047,2.774e-05
4048,2.774e-05
4049,2.774e-05
4050,2.774e-05
4051,2.774e-05
4052,2.774e-05
4053,2.774e-05
4054,2.774e-05
4055,2.774e-05
4056,2.774e-05
4057,2.774e-05
4058,2.774e-05
4059,2.774e-05
4060,2.774e-05
4061,2.774e-05
4062,2.774e-05
4063,2.73e-05
4064,2.73e-05
4065,2.73e-05
4066,2.72e-05
4067,2.72e-05
4068,2.72e-05
4069,2.702e-05
4070,2.702e-05
4071,2.705e-05
4072,2.705e-05
4073,2.705e-05
4074,2.705e-05
4075,2.705e-05
4076,2.73e-05
4077,2.73e-05
4078,2.73e-05
4079,2.73e-05
4080,2.73e-05
4081,2.73e-05
4082,2.73e-05
4083,2.73e-05
4084,2.73e-05
4085,2.73e-05
4086,2.73e-05
4087,2.73e-05
4088,2.73e-05
4089,2.79e-05
4090,2.79e-05
4091,2.79e-05
4092,2.79e-05
4093,2.79e-05
4094,2.79e-05
4095,2.79e-05
4096,2.717e-05
4097,2.717e-05
4098,2.717e-05
4099,2.717e-05
4100,2.714e-05
4101,2.714e-05
4102,2.714e-05
4103,2.714e-05
4104,2.714e-05
4105,2.714e-05
4106,2.714e-05
4107,2.7e-05
4108,2.7e-05
4109,2.7e-05
4110,2.701e-05
4111,2.701e-05
4112,2.701e-05
4113,2.701e-05
4114,2.701e-05
4115,2.701e-05
4116,2.701e-05
4117,2.701e-05
4118,2.701e-05
4119,2.701e-05
4120,2.701e-05
4121,2.701e-05
4122,2.701e-05
4123,2.7e-05
4124,2.7e-05
4125,2.698e-05
4126,2.698e-05
4127,2.697e-05
4128,2.697e-05
4129,2.69e-05
4130,2.69e-05
4131,2.69e-05
4132,2.69e-05
4133,2.69e-05
4134,2.69e-05
4135,2.69e-05
4136,2.686e-05
4137,2.686e-05
4138,2.684e-05
4139,2.684e-05
4140,2.684e-05
4141,2.682e-05
4142,2.682e-05
4143,2.682e-05
4144,2.682e-05
4145,2.682e-05
4146,2.682e-05
4147,2.682e-05
4148,2.58e-05
4149,2.6e-05
4150,2.6e-05
4151,2.6e-05
4152,2.6e-05
4153,2.599e-05
4154,2.599e-05
4155,2.599e-05
4156,2.599e-05
4157,2.6e-05
4158,2.6e-05
4159,2.6e-05
4160,2.6e-05
4161,2.6e-05
4162,2.6e-05
4163,2.6e-05
4164,2.599e-05
4165,2.599e-05
4166,2.599e-05
4167,2.599e-05
4168,2.599e-05
4169,2.599e-05
4170,2.599e-05
4171,2.599e-05
4172,2.599e-05
4173,2.599e-05
4174,2.599e-05
4175,2.599e-05
4176,2.599e-05
4177,2.599e-05
4178,2.599e-05
4179,2.599e-05
4180,2.599e-05
4181,2.599e-05
4182,2.599e-05
4183,2.599e-05
4184,2.599e-05
4185,2.6e-05
4186,2.6e-05
4187,2.6e-05
4188,2.537e-05
4189,2.537e-05
4190,2.537e-05
4191,2.537e-05
4192,2.537e-05
4193,2.537e-05
4194,2.537e-05
4195,2.536e-05
4196,2.537e-05
4197,2.597e-05
4198,2.596e-05
4199,2.595e-05
4200,2.594e-05
4201,2.593e-05
4202,2.592e-05
4203,2.592e-05
4204,2.592e-05
4205,2.591e-05
4206,2.59e-05
4207,2.59e-05
4208,2.589e-05
4209,2.588e-05
4210,2.588e-05
4211,2.588e-05
4212,2.588e-05
4213,2.598e-05
4214,2.598e-05
4215,2.598e-05
4216,2.598e-05
4217,2.596e-05
4218,2.596e-05
4219,2.6e-05
4220,2.599e-05
4221,2.599e-05
4222,2.6e-05
4223,2.6e-05
4224,2.6e-05
4225,2.6e-05
4226,2.598e-05
4227,2.596e-05
4228,2.594e-05
4229,2.592e-05
4230,2.59e-05
4231,2.589e-05
4232,2.589e-05
4233,2.589e-05
4234,2.585e-05
4235,2.585e-05
4236,2.585e-05
4237,2.583e-05
4238,2.582e-05
4239,2.581e-05
4240,2.581e-05
4241,2.548e-05
4242,2.548e-05
4243,2.548e-05
4244,2.548e-05
4245,2.548e-05
4246,2.548e-05
4247,2.548e-05
4248,2.547e-05
4249,2.547e-05
4250,2.548e-05
4251,2.548e-05
4252,2.548e-05
4253,2.548e-05
4254,2.548e-05
4255,2.529e-05
4256,2.529e-05
4257,2.548e-05
4258,2.547e-05
4259,2.548e-05
4260,2.547e-05
4261,2.547e-05
4262,2.547e-05
4263,2.547e-05
4264,2.547e-05
4265,2.547e-05
4266,2.547e-05
4267,2.547e-05
4268,2.547e-05
4269,2.547e-05
4270,2.547e-05
4271,2.547e-05
4272,2.547e-05
4273,2.547e-05
4274,2.547e-05
4275,2.547e-05
4276,2.547e-05
4277,2.547e-05
4278,2.547e-05
4279,2.547e-05
4280,2.547e-05
4281,2.547e-05
4282,2.547e-05
4283,2.547e-05
4284,2.548e-05
4285,2.529e-05
4286,2.548e-05
4287,2.527e-05
4288,2.527e-05
4289,2.527e-05
4290,2.527e-05
4291,2.527e-05
4292,2.527e-05
4293,2.527e-05
4294,2.547e-05
4295,2.547e-05
4296,2.528e-05
4297,2.528e-05
4298,2.528e-05
4299,2.527e-05
4300,2.525e-05
4301,2.526e-05
4302,2.526e-05
4303,2.526e-05
4304,2.526e-05
4305,2.526e-05
4306,2.526e-05
4307,2.526e-05
4308,2.526e-05
4309,2.526e-05
4310,2.526e-05
4311,2.526e-05
4312,2.527e-05
4313,2.527e-05
4314,2.527e-05
4315,2.527e-05
4316,2.527e-05
4317,2.525e-05
4318,2.524e-05
4319,2.525e-05
4320,2.525e-05
4321,2.525e-05
4322,2.525e-05
4323,2.525e-05
4324,2.525e-05
4325,2.525e-05
4326,2.525e-05
4327,2.525e-05
4328,2.525e-05
4329,2.525e-05
4330,2.525e-05
4331,2.525e-05
4332,2.525e-05
4333,2.525e-05
4334,2.525e-05
4335,2.525e-05
4336,2.525e-05
4337,2.525e-05
4338,2.525e-05
4339,2.531e-05
4340,2.531e-05
4341,2.533e-05
4342,2.533e-05
4343,2.533e-05
4344,2.533e-05
4345,2.563e-05
4346,2.563e-05
4347,2.563e-05
4348,2.563e-05
4349,2.563e-05
4350,2.563e-05
4351,2.554e-05
4352,2.554e-05
4353,2.554e-05
4354,2.554e-05
4355,2.533e-05
4356,2.533e-05
4357,2.533e-05
4358,2.533e-05
4359,2.533e-05
4360,2.533e-05
4361,2.533e-05
4362,2.533e-05
4363,2.533e-05
4364,2.533e-05
4365,2.533e-05
4366,2.533e-05
4367,2.533e-05
4368,2.533e-05
4369,2.533e-05
4370,2.533e-05
4371,2.533e-05
4372,2.533e-05
4373,2.533e-05
4374,2.564e-05
4375,2.594e-05
4376,2.594e-05
4377,2.594e-05
4378,2.596e-05
4379,2.596e-05
4380,2.596e-05
4381,2.596e-05
4382,2.596e-05
4383,2.596e-05
4384,2.596e-05
4385,2.596e-05
4386,2.596e-05
4387,2.596e-05
4388,2.596e-05
4389,2.567e-05
4390,2.567e-05
4391,2.567e-05
4392,2.568e-05
4393,2.568e-05
4394,2.568e-05
4395,2.568e-05
4396,2.568e-05
4397,2.568e-05
4398,2.568e-05
4399,2.568e-05
4400,2.533e-05
4401,2.533e-05
4402,2.533e-05
4403,2.598e-05
4404,2.598e-05
4405,2.598e-05
4406,2.598e-05
4407,2.598e-05
4408,2.59e-05
4409,2.59e-05
4410,2.59e-05
4411,2.533e-05
4412,2.533e-05
4413,2.533e-05
4414,2.533e-05
4415,2.533e-05
4416,2.533e-05
4417,2.533e-05
4418,2.533e-05
4419,2.533e-05
4420,2.533e-05
4421,2.533e-05
4422,2.533e-05
4423,2.533e-05
4424,2.533e-05
4425,2.533e-05
4426,2.533e-05
4427,2.533e-05
4428,2.533e-05
4429,2.533e-05
4430,2.533e-05
4431,2.533e-05
4432,2.533e-05
4433,2.533e-05
4434,2.533e-05
4435,2.533e-05
4436,2.533e-05
4437,2.533e-05
4438,2.533e-05
4439,2.533e-05
4440,2.533e-05
4441,2.533e-05
4442,2.59e-05
4443,2.59e-05
4444,2.59e-05
4445,2.59e-05
4446,2.59e-05
4447,2.59e-05
4448,2.59e-05
4449,2.59e-05
4450,2.59e-05
4451,2.59e-05
4452,2.59e-05
4453,2.59e-05
4454,2.59e-05
4455,2.59e-05
4456,2.59e-05
4457,2.59e-05
4458,2.59e-05
4459,2.59e-05
4460,2.59e-05
4461,2.59e-05
4462,2.59e-05
4463,2.59e-05
4464,2.59e-05
4465,2.591e-05
4466,2.59e-05
4467,2.59e-05
4468,2.59e-05
4469,2.59e-05
4470,2.59e-05
4471,2.59e-05
4472,2.59e-05
4473,2.59e-05
4474,2.59e-05
4475,2.59e-05
4476,2.59e-05
4477,2.59e-05
4478,2.53e-05
4479,2.579e-05
4480,2.579e-05
4481,2.579e-05
4482,2.579e-05
4483,2.579e-05
4484,2.579e-05
4485,2.6e-05
4486,2.6e-05
4487,2.6e-05
4488,2.6e-05
4489,2.6e-05
4490,2.6e-05
4491,2.6e-05
4492,2.6e-05
4493,2.6e-05
4494,2.6e-05
4495,2.6e-05
4496,2.6e-05
4497,2.6e-05
4498,2.6e-05
4499,2.6e-05
4500,2.602e-05
4501,2.603e-05
4502,2.603e-05
4503,2.603e-05
4504,2.603e-05
4505,2.6e-05
4506,2.6e-05
4507,2.6e-05
4508,2.6e-05
4509,2.6e-05
4510,2.6e-05
4511,2.6e-05
4512,2.6e-05
4513,2.6e-05
4514,2.6e-05
4515,2.6e-05
4516,2.6e-05
4517,2.6e-05
4518,2.6e-05
4519,2.6e-05
4520,2.6e-05
4521,2.6e-05
4522,2.6e-05
4523,2.6e-05
4524,2.6e-05
4525,2.6e-05
4526,2.6e-05
4527,2.6e-05
4528,2.6e-05
4529,2.6e-05
4530,2.6e-05
4531,2.6e-05
4532,2.6e-05
4533,2.6e-05
4534,2.6e-05
4535,2.6e-05
4536,2.6e-05
4537,2.6e-05
4538,2.6e-05
4539,2.6e-05
4540,2.6e-05
4541,2.6e-05
4542,2.6e-05
4543,2.6e-05
4544,2.6e-05
4545,2.6e-05
4546,2.6e-05
4547,2.6e-05
4548,2.6e-05
4549,2.6e-05
4550,2.6e-05
4551,2.6e-05
4552,2.6e-05
4553,2.6e-05
4554,2.6e-05
4555,2.6e-05
4556,2.6e-05
4557,2.6e-05
4558,2.6e-05
4559,2.6e-05
4560,2.6e-05
4561,2.6e-05
4562,2.6e-05
4563,2.6e-05
4564,2.6e-05
4565,2.6e-05
4566,2.6e-05
4567,2.6e-05
4568,2.6e-05
4569,2.6e-05
4570,2.6e-05
4571,2.6e-05
4572,2.6e-05
4573,2.6e-05
4574,2.6e-05
4575,2.6e-05
4576,2.6e-05
4577,2.6e-05
4578,2.6e-05
4579,2.6e-05
4580,2.6e-05
4581,2.6e-05
4582,2.6e-05
4583,2.6e-05
4584,2.6e-05
4585,2.6e-05
4586,2.6e-05
4587,2.6e-05
4588,2.6e-05
4589,2.6e-05
4590,2.6e-05
4591,2.6e-05
4592,2.6e-05
4593,2.6e-05
4594,2.6e-05
4595,2.6e-05
4596,2.6e-05
4597,2.6e-05
4598,2.6e-05
4599,2.6e-05
4600,2.6e-05
4601,2.6e-05
4602,2.6e-05
4603,2.6e-05
4604,2.6e-05
4605,2.6e-05
4606,2.6e-05
4607,2.6e-05
4608,2.6e-05
4609,2.6e-05
4610,2.6e-05
4611,2.556e-05
4612,2.556e-05
4613,2.556e-05
4614,2.556e-05
4615,2.556e-05
4616,2.556e-05
4617,2.556e-05
4618,2.556e-05
4619,2.556e-05
4620,2.556e-05
4621,2.556e-05
4622,2.556e-05
4623,2.556e-05
4624,2.556e-05
4625,2.556e-05
4626,2.556e-05
4627,2.556e-05
4628,2.556e-05
4629,2.556e-05
4630,2.556e-05
4631,2.554e-05
4632,2.554e-05
4633,2.554e-05
4634,2.554e-05
4635,2.557e-05
4636,2.557e-05
4637,2.557e-05
4638,2.557e-05
4639,2.557e-05
4640,2.557e-05
4641,2.557e-05
4642,2.557e-05
4643,2.557e-05
4644,2.557e-05
4645,2.557e-05
4646,2.557e-05
4647,2.557e-05
4648,2.557e-05
4649,2.557e-05
4650,2.557e-05
4651,2.557e-05
4652,2.557e-05
4653,2.557e-05
4654,2.557e-05
4655,2.557e-05
4656,2.557e-05
4657,2.557e-05
4658,2.557e-05
4659,2.557e-05
4660,2.583e-05
4661,2.583e-05
4662,2.583e-05
4663,2.583e-05
4664,2.583e-05
4665,2.583e-05
4666,2.583e-05
4667,2.583e-05
4668,2.583e-05
4669,2.583e-05
4670,2.583e-05
4671,2.583e-05
4672,2.583e-05
4673,2.583e-05
4674,2.583e-05
4675,2.583e-05
4676,2.583e-05
4677,2.583e-05
4678,2.583e-05
4679,2.583e-05
4680,2.583e-05
4681,2.583e-05
4682,2.583e-05
4683,2.583e-05
4684,2.583e-05
4685,2.583e-05
4686,2.583e-05
4687,2.583e-05
4688,2.583e-05
4689,2.583e-05
4690,2.583e-05
4691,2.583e-05
4692,2.583e-05
4693,2.583e-05
4694,2.583e-05
4695,2.562e-05
4696,2.562e-05
4697,2.562e-05
4698,2.562e-05
4699,2.562e-05
4700,2.562e-05
4701,2.562e-05
4702,2.583e-05
4703,2.583e-05
4704,2.583e-05
4705,2.583e-05
4706,2.583e-05
4707,2.583e-05
4708,2.544e-05
4709,2.583e-05
4710,2.583e-05
4711,2.583e-05
4712,2.583e-05
4713,2.583e-05
4714,2.54e-05
4715,2.54e-05
4716,2.54e-05
4717,2.54e-05
4718,2.54e-05
4719,2.54e-05
4720,2.54e-05
4721,2.54e-05
4722,2.54e-05
4723,2.54e-05
4724,2.54e-05
4725,2.54e-05
4726,2.54e-05
4727,2.54e-05
4728,2.54e-05
4729,2.54e-05
4730,2.54e-05
4731,2.54e-05
4732,2.54e-05
4733,2.54e-05
4734,2.539e-05
4735,2.539e-05
4736,2.539e-05
4737,2.539e-05
4738,2.539e-05
4739,2.539e-05
4740,2.539e-05
4741,2.539e-05
4742,2.539e-05
4743,2.539e-05
4744,2.539e-05
4745,2.539e-05
4746,2.539e-05
4747,2.539e-05
4748,2.539e-05
4749,2.539e-05
4750,2.539e-05
4751,2.539e-05
4752,2.539e-05
4753,2.539e-05
4754,2.539e-05
4755,2.539e-05
4756,2.539e-05
4757,2.539e-05
4758,2.539e-05
4759,2.539e-05
4760,2.539e-05
4761,2.539e-05
4762,2.539e-05
4763,2.539e-05
4764,2.539e-05
4765,2.539e-05
4766,2.539e-05
4767,2.583e-05
4768,2.583e-05
4769,2.538e-05
4770,2.538e-05
4771,2.538e-05
4772,2.538e-05
4773,2.538e-05
4774,2.538e-05
4775,2.539e-05
4776,2.539e-05
4777,2.539e-05
4778,2.541e-05
4779,2.541e-05
4780,2.541e-05
4781,2.541e-05
4782,2.541e-05
4783,2.541e-05
4784,2.541e-05
4785,2.541e-05
4786,2.541e-05
4787,2.583e-05
4788,2.583e-05
4789,2.583e-05
4790,2.583e-05
4791,2.583e-05
4792,2.583e-05
4793,2.583e-05
4794,2.583e-05
4795,2.583e-05
4796,2.583e-05
4797,2.583e-05
4798,2.583e-05
4799,2.583e-05
4800,2.583e-05
4801,2.584e-05
4802,2.584e-05
4803,2.584e-05
4804,2.584e-05
4805,2.536e-05
4806,2.536e-05
4807,2.536e-05
4808,2.536e-05
4809,2.536e-05
4810,2.536e-05
4811,2.596e-05
4812,2.596e-05
4813,2.596e-05
4814,2.596e-05
4815,2.596e-05
4816,2.596e-05
4817,2.596e-05
4818,2.596e-05
4819,2.596e-05
4820,2.596e-05
4821,2.596e-05
4822,2.596e-05
4823,2.596e-05
4824,2.596e-05
4825,2.596e-05
4826,2.596e-05
4827,2.596e-05
4828,2.601e-05
4829,2.601e-05
4830,2.601e-05
4831,2.601e-05
4832,2.601e-05
4833,2.601e-05
4834,2.601e-05
4835,2.601e-05
4836,2.601e-05
4837,2.601e-05
4838,2.601e-05
4839,2.601e-05
4840,2.601e-05
4841,2.601e-05
4842,2.601e-05
4843,2.601e-05
4844,2.601e-05
4845,2.601e-05
4846,2.601e-05
4847,2.601e-05
4848,2.601e-05
4849,2.601e-05
4850,2.601e-05
4851,2.601e-05
4852,2.601e-05
4853,2.601e-05
4854,2.601e-05
4855,2.601e-05
4856,2.601e-05
4857,2.601e-05
4858,2.601e-05
4859,2.601e-05
4860,2.601e-05
4861,2.601e-05
4862,2.601e-05
4863,2.601e-05
4864,2.601e-05
4865,2.601e-05
4866,2.601e-05
4867,2.601e-05
4868,2.601e-05
4869,2.601e-05
4870,2.601e-05
4871,2.601e-05
4872,2.601e-05
4873,2.601e-05
4874,2.601e-05
4875,2.601e-05
4876,2.601e-05
4877,2.601e-05
4878,2.601e-05
4879,2.601e-05
4880,2.601e-05
4881,2.601e-05
4882,2.601e-05
4883,2.601e-05
4884,2.601e-05
4885,2.601e-05
4886,2.601e-05
4887,2.601e-05
4888,2.601e-05
4889,2.601e-05
4890,2.601e-05
4891,2.601e-05
4892,2.601e-05
4893,2.601e-05
4894,2.663e-05
4895,2.604e-05
4896,2.606e-05
4897,2.61e-05
4898,2.613e-05
4899,2.613e-05
4900,2.616e-05
4901,2.616e-05
4902,2.616e-05
4903,2.616e-05
4904,2.616e-05
4905,2.616e-05
4906,2.616e-05
4907,2.616e-05
4908,2.616e-05
4909,2.616e-05
4910,2.616e-05
4911,2.616e-05
4912,2.616e-05
4913,2.616e-05
4914,2.616e-05
4915,2.616e-05
4916,2.616e-05
4917,2.616e-05
4918,2.662e-05
4919,2.662e-05
4920,2.618e-05
4921,2.618e-05
4922,2.618e-05
4923,2.618e-05
4924,2.618e-05
4925,2.618e-05
4926,2.618e-05
4927,2.622e-05
4928,2.623e-05
4929,2.623e-05
4930,2.623e-05
4931,2.623e-05
4932,2.623e-05
4933,2.623e-05
4934,2.661e-05
4935,2.661e-05
4936,2.661e-05
4937,2.661e-05
4938,2.661e-05
4939,2.661e-05
4940,2.661e-05
4941,2.661e-05
4942,2.661e-05
4943,2.661e-05
4944,2.661e-05
4945,2.669e-05
4946,2.669e-05
4947,2.669e-05
4948,2.668e-05
4949,2.668e-05
4950,2.662e-05
4951,2.662e-05
4952,2.662e-05
4953,2.662e-05
4954,2.662e-05
4955,2.662e-05
4956,2.662e-05
4957,2.662e-05
4958,2.662e-05
4959,2.617e-05
4960,2.617e-05
4961,2.617e-05
4962,2.617e-05
4963,2.617e-05
4964,2.617e-05
4965,2.617e-05
4966,2.617e-05
4967,2.617e-05
4968,2.617e-05
4969,2.617e-05
4970,2.617e-05
4971,2.617e-05
4972,2.617e-05
4973,2.617e-05
4974,2.617e-05
4975,2.617e-05
4976,2.617e-05
4977,2.617e-05
4978,2.617e-05
4979,2.617e-05
4980,2.617e-05
4981,2.617e-05
4982,2.618e-05
4983,2.618e-05
4984,2.618e-05
4985,2.618e-05
4986,2.618e-05
4987,2.618e-05
4988,2.618e-05
4989,2.618e-05
4990,2.618e-05
4991,2.618e-05
4992,2.618e-05
4993,2.618e-05
4994,2.618e-05
4995,2.618e-05
4996,2.618e-05
4997,2.618e-05
4998,2.616e-05
4999,2.616e-05
5000,2.616e-05
5001,2.616e-05
5002,2.616e-05
5003,2.601e-05
5004,2.601e-05
5005,2.601e-05
5006,2.601e-05
5007,2.601e-05
5008,2.601e-05
5009,2.601e-05
5010,2.601e-05
5011,2.601e-05
5012,2.601e-05
5013,2.601e-05
5014,2.618e-05
5015,2.618e-05
5016,2.618e-05
5017,2.618e-05
5018,2.618e-05
5019,2.618e-05
5020,2.618e-05
5021,2.618e-05
5022,2.618e-05
5023,2.618e-05
5024,2.618e-05
5025,2.618e-05
5026,2.618e-05
5027,2.618e-05
5028,2.599e-05
5029,2.599e-05
5030,2.599e-05
5031,2.599e-05
5032,2.599e-05
5033,2.596e-05
5034,2.596e-05
5035,2.596e-05
5036,2.596e-05
5037,2.596e-05
5038,2.596e-05
5039,2.596e-05
5040,2.596e-05
5041,2.596e-05
5042,2.596e-05
5043,2.596e-05
5044,2.596e-05
5045,2.596e-05
5046,2.596e-05
5047,2.596e-05
5048,2.596e-05
5049,2.596e-05
5050,2.596e-05
5051,2.596e-05
5052,2.596e-05
5053,2.596e-05
5054,2.596e-05
5055,2.596e-05
5056,2.596e-05
5057,2.596e-05
5058,2.596e-05
5059,2.596e-05
5060,2.596e-05
5061,2.596e-05
5062,2.596e-05
5063,2.596e-05
5064,2.596e-05
5065,2.596e-05
5066,2.596e-05
5067,2.596e-05
5068,2.588e-05
5069,2.588e-05
5070,2.584e-05
5071,2.588e-05
5072,2.586e-05
5073,2.586e-05
5074,2.586e-05
5075,2.586e-05
5076,2.577e-05
5077,2.577e-05
5078,2.577e-05
5079,2.577e-05
5080,2.577e-05
5081,2.577e-05
5082,2.577e-05
5083,2.577e-05
5084,2.577e-05
5085,2.577e-05
5086,2.577e-05
5087,2.577e-05
5088,2.577e-05
5089,2.577e-05
5090,2.577e-05
5091,2.577e-05
5092,2.577e-05
5093,2.577e-05
5094,2.577e-05
5095,2.577e-05
5096,2.577e-05
5097,2.577e-05
5098,2.599e-05
5099,2.599e-05
5100,2.599e-05
5101,2.599e-05
5102,2.599e-05
5103,2.599e-05
5104,2.599e-05
5105,2.599e-05
5106,2.599e-05
5107,2.599e-05
5108,2.599e-05
5109,2.599e-05
5110,2.599e-05
5111,2.599e-05
5112,2.599e-05
5113,2.599e-05
5114,2.599e-05
5115,2.599e-05
5116,2.599e-05
5117,2.599e-05
5118,2.599e-05
5119,2.599e-05
5120,2.599e-05
5121,2.599e-05
5122,2.599e-05
5123,2.599e-05
5124,2.599e-05
5125,2.599e-05
5126,2.599e-05
5127,2.599e-05
5128,2.599e-05
5129,2.599e-05
5130,2.599e-05
5131,2.599e-05
5132,2.599e-05
5133,2.599e-05
5134,2.599e-05
5135,2.599e-05
5136,2.599e-05
5137,2.599e-05
5138,2.599e-05
5139,2.599e-05
5140,2.599e-05
5141,2.599e-05
5142,2.599e-05
5143,2.599e-05
5144,2.599e-05
5145,2.599e-05
5146,2.599e-05
5147,2.599e-05
5148,2.599e-05
5149,2.599e-05
5150,2.599e-05
5151,2.599e-05
5152,2.599e-05
5153,2.599e-05
5154,2.599e-05
5155,2.599e-05
5156,2.599e-05
5157,2.603e-05
5158,2.603e-05
5159,2.603e-05
5160,2.603e-05
5161,2.603e-05
5162,2.603e-05
5163,2.603e-05
5164,2.603e-05
5165,2.603e-05
5166,2.603e-05
5167,2.603e-05
5168,2.603e-05
5169,2.603e-05
5170,2.603e-05
5171,2.603e-05
5172,2.603e-05
5173,2.603e-05
5174,2.603e-05
5175,2.603e-05
5176,2.603e-05
5177,2.603e-05
5178,2.603e-05
5179,2.603e-05
5180,2.603e-05
5181,2.603e-05
5182,2.603e-05
5183,2.603e-05
5184,2.603e-05
5185,2.603e-05
5186,2.603e-05
5187,2.603e-05
5188,2.603e-05
5189,2.603e-05
5190,2.603e-05
5191,2.603e-05
5192,2.603e-05
5193,2.603e-05
5194,2.603e-05
5195,2.603e-05
5196,2.603e-05
5197,2.603e-05
5198,2.603e-05
5199,2.603e-05
5200,2.603e-05
5201,2.603e-05
5202,2.603e-05
5203,2.603e-05
5204,2.603e-05
5205,2.604e-05
5206,2.604e-05
5207,2.604e-05
5208,2.604e-05
5209,2.604e-05
5210,2.604e-05
5211,2.604e-05
5212,2.604e-05
5213,2.602e-05
5214,2.602e-05
5215,2.602e-05
5216,2.602e-05
5217,2.602e-05
5218,2.602e-05
5219,2.602e-05
5220,2.602e-05
5221,2.602e-05
5222,2.602e-05
5223,2.602e-05
5224,2.602e-05
5225,2.602e-05
5226,2.602e-05
5227,2.602e-05
5228,2.602e-05
5229,2.602e-05
5230,2.602e-05
5231,2.602e-05
5232,2.602e-05
5233,2.602e-05
5234,2.602e-05
5235,2.602e-05
5236,2.602e-05
5237,2.602e-05
5238,2.602e-05
5239,2.602e-05
5240,2.602e-05
5241,2.602e-05
5242,2.602e-05
5243,2.602e-05
5244,2.602e-05
5245,2.602e-05
5246,2.602e-05
5247,2.602e-05
5248,2.602e-05
5249,2.602e-05
5250,2.602e-05
5251,2.602e-05
5252,2.602e-05
5253,2.602e-05
5254,2.602e-05
5255,2.602e-05
5256,2.602e-05
5257,2.602e-05
5258,2.602e-05
5259,2.589e-05
5260,2.589e-05
5261,2.589e-05
5262,2.589e-05
5263,2.589e-05
5264,2.589e-05
5265,2.589e-05
5266,2.589e-05
5267,2.589e-05
5268,2.589e-05
5269,2.589e-05
5270,2.589e-05
5271,2.589e-05
5272,2.589e-05
5273,2.589e-05
5274,2.589e-05
5275,2.589e-05
5276,2.589e-05
5277,2.589e-05
5278,2.589e-05
5279,2.589e-05
5280,2.589e-05
5281,2.589e-05
5282,2.589e-05
5283,2.589e-05
5284,2.589e-05
5285,2.589e-05
5286,2.589e-05
5287,2.589e-05
5288,2.589e-05
5289,2.589e-05
5290,2.589e-05
5291,2.589e-05
5292,2.589e-05
5293,2.589e-05
5294,2.589e-05
5295,2.589e-05
5296,2.589e-05
5297,2.589e-05
5298,2.589e-05
5299,2.589e-05
5300,2.589e-05
5301,2.589e-05
5302,2.589e-05
5303,2.589e-05
5304,2.589e-05
5305,2.55e-05
5306,2.549e-05
5307,2.549e-05
5308,2.549e-05
5309,2.55e-05
5310,2.55e-05
5311,2.55e-05
5312,2.55e-05
5313,2.55e-05
5314,2.55e-05
5315,2.55e-05
5316,2.55e-05
5317,2.55e-05
5318,2.55e-05
5319,2.55e-05
5320,2.596e-05
5321,2.596e-05
5322,2.596e-05
5323,2.596e-05
5324,2.596e-05
5325,2.596e-05
5326,2.596e-05
5327,2.596e-05
5328,2.596e-05
5329,2.596e-05
5330,2.596e-05
5331,2.596e-05
5332,2.596e-05
5333,2.596e-05
5334,2.596e-05
5335,2.596e-05
5336,2.596e-05
5337,2.596e-05
5338,2.596e-05
5339,2.596e-05
5340,2.596e-05
5341,2.596e-05
5342,2.596e-05
5343,2.597e-05
5344,2.596e-05
5345,2.596e-05
5346,2.596e-05
5347,2.596e-05
5348,2.596e-05
5349,2.596e-05
5350,2.596e-05
5351,2.596e-05
5352,2.596e-05
5353,2.596e-05
5354,2.596e-05
5355,2.596e-05
5356,2.596e-05
5357,2.596e-05
5358,2.596e-05
5359,2.596e-05
5360,2.596e-05
5361,2.596e-05
5362,2.596e-05
5363,2.596e-05
5364,2.596e-05
5365,2.596e-05
5366,2.596e-05
5367,2.596e-05
5368,2.596e-05
5369,2.596e-05
5370,2.596e-05
5371,2.596e-05
5372,2.596e-05
5373,2.596e-05
5374,2.596e-05
5375,2.596e-05
5376,2.596e-05
5377,2.596e-05
5378,2.596e-05
5379,2.596e-05
5380,2.596e-05
5381,2.596e-05
5382,2.596e-05
5383,2.597e-05
5384,2.597e-05
5385,2.597e-05
5386,2.597e-05
5387,2.597e-05
5388,2.597e-05
5389,2.597e-05
5390,2.597e-05
5391,2.597e-05
5392,2.597e-05
5393,2.597e-05
5394,2.597e-05
5395,2.597e-05
5396,2.597e-05
5397,2.597e-05
5398,2.597e-05
5399,2.597e-05
5400,2.597e-05
5401,2.597e-05
5402,2.597e-05
5403,2.597e-05
5404,2.597e-05
5405,2.597e-05
5406,2.597e-05
5407,2.597e-05
5408,2.597e-05
5409,2.597e-05
5410,2.597e-05
5411,2.597e-05
5412,2.597e-05
5413,2.597e-05
5414,2.597e-05
5415,2.597e-05
5416,2.597e-05
5417,2.597e-05
5418,2.597e-05
5419,2.597e-05
5420,2.597e-05
5421,2.597e-05
5422,2.597e-05
5423,2.597e-05
5424,2.597e-05
5425,2.597e-05
5426,2.597e-05
5427,2.597e-05
5428,2.597e-05
5429,2.597e-05
5430,2.597e-05
5431,2.597e-05
5432,2.597e-05
5433,2.597e-05
5434,2.597e-05
5435,2.597e-05
5436,2.597e-05
5437,2.597e-05
5438,2.597e-05
5439,2.597e-05
5440,2.597e-05
5441,2.597e-05
5442,2.597e-05
5443,2.597e-05
5444,2.597e-05
5445,2.597e-05
5446,2.597e-05
5447,2.597e-05
5448,2.597e-05
5449,2.597e-05
5450,2.597e-05
5451,2.597e-05
5452,2.597e-05
5453,2.597e-05
5454,2.597e-05
5455,2.597e-05
5456,2.597e-05
5457,2.597e-05
5458,2.597e-05
5459,2.597e-05
5460,2.597e-05
5461,2.597e-05
5462,2.597e-05
5463,2.597e-05
5464,2.597e-05
5465,2.597e-05
5466,2.597e-05
5467,2.597e-05
5468,2.597e-05
5469,2.597e-05
5470,2.597e-05
5471,2.597e-05
5472,2.597e-05
5473,2.597e-05
5474,2.597e-05
5475,2.597e-05
5476,2.597e-05
5477,2.597e-05
5478,2.597e-05
5479,2.597e-05
5480,2.597e-05
5481,2.597e-05
5482,2.597e-05
5483,2.597e-05
5484,2.597e-05
5485,2.597e-05
5486,2.597e-05
5487,2.597e-05
5488,2.597e-05
5489,2.597e-05
5490,2.597e-05
5491,2.597e-05
5492,2.597e-05
5493,2.597e-05
5494,2.597e-05
5495,2.597e-05
5496,2.597e-05
5497,2.597e-05
5498,2.597e-05
5499,2.597e-05
5500,2.597e-05
5501,2.597e-05
5502,2.597e-05
5503,2.597e-05
5504,2.597e-05
5505,2.597e-05
5506,2.597e-05
5507,2.597e-05
5508,2.597e-05
5509,2.597e-05
5510,2.597e-05
5511,2.597e-05
5512,2.597e-05
5513,2.597e-05
5514,2.597e-05
5515,2.597e-05
5516,2.597e-05
5517,2.597e-05
5518,2.597e-05
5519,2.597e-05
5520,2.597e-05
5521,2.597e-05
5522,2.597e-05
5523,2.597e-05
5524,2.597e-05
5525,2.597e-05
5526,2.597e-05
5527,2.597e-05
5528,2.597e-05
5529,2.597e-05
5530,2.597e-05
5531,2.597e-05
5532,2.597e-05
5533,2.597e-05
5534,2.597e-05
5535,2.597e-05
5536,2.597e-05
5537,2.597e-05
5538,2.597e-05
5539,2.597e-05
5540,2.597e-05
5541,2.597e-05
5542,2.597e-05
5543,2.597e-05
5544,2.597e-05
5545,2.597e-05
5546,2.597e-05
5547,2.597e-05
5548,2.597e-05
5549,2.597e-05
5550,2.597e-05
5551,2.597e-05
5552,2.597e-05
5553,2.597e-05
5554,2.597e-05
5555,2.597e-05
5556,2.597e-05
5557,2.597e-05
5558,2.597e-05
5559,2.597e-05
5560,2.597e-05
5561,2.597e-05
5562,2.597e-05
5563,2.597e-05
5564,2.597e-05
5565,2.597e-05
5566,2.597e-05
5567,2.597e-05
5568,2.597e-05
5569,2.597e-05
5570,2.597e-05
5571,2.597e-05
5572,2.597e-05
5573,2.597e-05
5574,2.597e-05
5575,2.597e-05
5576,2.597e-05
5577,2.597e-05
5578,2.597e-05
5579,2.597e-05
5580,2.597e-05
5581,2.597e-05
5582,2.597e-05
5583,2.597e-05
5584,2.597e-05
5585,2.597e-05
5586,2.597e-05
5587,2.597e-05
5588,2.597e-05
5589,2.597e-05
5590,2.597e-05
5591,2.597e-05
5592,2.597e-05
5593,2.597e-05
5594,2.597e-05
5595,2.597e-05
5596,2.597e-05
5597,2.597e-05
5598,2.597e-05
5599,2.597e-05
5600,2.597e-05
5601,2.597e-05
5602,2.597e-05
5603,2.597e-05
5604,2.597e-05
5605,2.597e-05
5606,2.597e-05
5607,2.597e-05
5608,2.597e-05
5609,2.597e-05
5610,2.597e-05
5611,2.597e-05
5612,2.597e-05
5613,2.597e-05
5614,2.597e-05
5615,2.597e-05
5616,2.597e-05
5617,2.597e-05
5618,2.597e-05
5619,2.597e-05
5620,2.597e-05
5621,2.597e-05
5622,2.597e-05
5623,2.597e-05
5624,2.597e-05
5625,2.597e-05
5626,2.569e-05
5627,2.569e-05
5628,2.569e-05
5629,2.569e-05
5630,2.569e-05
5631,2.597e-05
5632,2.597e-05
5633,2.597e-05
5634,2.597e-05
5635,2.597e-05
5636,2.597e-05
5637,2.597e-05
5638,2.597e-05
5639,2.597e-05
5640,2.597e-05
5641,2.597e-05
5642,2.587e-05
5643,2.587e-05
5644,2.587e-05
5645,2.587e-05
5646,2.587e-05
5647,2.587e-05
5648,2.587e-05
5649,2.587e-05
5650,2.587e-05
5651,2.587e-05
5652,2.587e-05
5653,2.587e-05
5654,2.587e-05
5655,2.587e-05
5656,2.587e-05
5657,2.587e-05
5658,2.587e-05
5659,2.587e-05
5660,2.587e-05
5661,2.587e-05
5662,2.587e-05
5663,2.587e-05
5664,2.587e-05
5665,2.587e-05
5666,2.587e-05
5667,2.587e-05
5668,2.587e-05
5669,2.587e-05
5670,2.587e-05
5671,2.587e-05
5672,2.587e-05
5673,2.587e-05
5674,2.587e-05
5675,2.587e-05
5676,2.587e-05
5677,2.587e-05
5678,2.587e-05
5679,2.587e-05
5680,2.587e-05
5681,2.587e-05
5682,2.587e-05
5683,2.587e-05
5684,2.587e-05
5685,2.589e-05
5686,2.589e-05
5687,2.589e-05
5688,2.589e-05
5689,2.589e-05
5690,2.589e-05
5691,2.589e-05
5692,2.589e-05
5693,2.589e-05
5694,2.589e-05
5695,2.589e-05
5696,2.589e-05
5697,2.589e-05
5698,2.589e-05
5699,2.597e-05
5700,2.597e-05
5701,2.597e-05
5702,2.597e-05
5703,2.597e-05
5704,2.597e-05
5705,2.597e-05
5706,2.597e-05
5707,2.597e-05
5708,2.597e-05
5709,2.597e-05
5710,2.597e-05
5711,2.597e-05
5712,2.597e-05
5713,2.597e-05
5714,2.597e-05
5715,2.597e-05
5716,2.597e-05
5717,2.597e-05
5718,2.597e-05
5719,2.597e-05
5720,2.597e-05
5721,2.597e-05
5722,2.597e-05
5723,2.59e-05
5724,2.59e-05
5725,2.59e-05
5726,2.59e-05
5727,2.59e-05
5728,2.59e-05
5729,2.59e-05
5730,2.59e-05
5731,2.59e-05
5732,2.59e-05
5733,2.59e-05
5734,2.59e-05
5735,2.597e-05
5736,2.597e-05
5737,2.597e-05
5738,2.597e-05
5739,2.597e-05
5740,2.597e-05
5741,2.597e-05
5742,2.597e-05
5743,2.597e-05
5744,2.597e-05
5745,2.597e-05
5746,2.597e-05
5747,2.597e-05
5748,2.597e-05
5749,2.597e-05
5750,2.597e-05
5751,2.597e-05
5752,2.597e-05
5753,2.597e-05
5754,2.597e-05
5755,2.597e-05
5756,2.597e-05
5757,2.597e-05
5758,2.597e-05
5759,2.597e-05
5760,2.604e-05
5761,2.604e-05
5762,2.604e-05
5763,2.604e-05
5764,2.604e-05
5765,2.604e-05
5766,2.604e-05
5767,2.604e-05
5768,2.604e-05
5769,2.604e-05
5770,2.604e-05
5771,2.604e-05
5772,2.604e-05
5773,2.604e-05
5774,2.604e-05
5775,2.604e-05
5776,2.604e-05
5777,2.604e-05
5778,2.604e-05
5779,2.604e-05
5780,2.604e-05
5781,2.604e-05
5782,2.604e-05
5783,2.604e-05
5784,2.604e-05
5785,2.604e-05
5786,2.604e-05
5787,2.604e-05
5788,2.604e-05
5789,2.604e-05
5790,2.604e-05
5791,2.604e-05
5792,2.604e-05
5793,2.604e-05
5794,2.604e-05
5795,2.604e-05
5796,2.604e-05
5797,2.604e-05
5798,2.604e-05
5799,2.604e-05
5800,2.604e-05
5801,2.604e-05
5802,2.604e-05
5803,2.604e-05
5804,2.604e-05
5805,2.604e-05
5806,2.604e-05
5807,2.604e-05
5808,2.604e-05
5809,2.605e-05
5810,2.605e-05
5811,2.605e-05
5812,2.605e-05
5813,2.605e-05
5814,2.605e-05
5815,2.605e-05
5816,2.605e-05
5817,2.605e-05
5818,2.605e-05
5819,2.605e-05
5820,2.605e-05
5821,2.605e-05
5822,2.605e-05
5823,2.605e-05
5824,2.605e-05
5825,2.605e-05
5826,2.605e-05
5827,2.605e-05
5828,2.605e-05
5829,2.605e-05
5830,2.605e-05
5831,2.605e-05
5832,2.605e-05
5833,2.605e-05
5834,2.605e-05
5835,2.605e-05
5836,2.605e-05
5837,2.605e-05
5838,2.605e-05
5839,2.605e-05
5840,2.605e-05
5841,2.605e-05
5842,2.605e-05
5843,2.605e-05
5844,2.605e-05
5845,2.605e-05
5846,2.605e-05
5847,2.605e-05
5848,2.605e-05
5849,2.605e-05
5850,2.605e-05
5851,2.605e-05
5852,2.605e-05
5853,2.605e-05
5854,2.605e-05
5855,2.605e-05
5856,2.605e-05
5857,2.605e-05
5858,2.606e-05
5859,2.606e-05
5860,2.606e-05
5861,2.606e-05
5862,2.606e-05
5863,2.606e-05
5864,2.606e-05
5865,2.606e-05
5866,2.606e-05
5867,2.606e-05
5868,2.606e-05
5869,2.606e-05
5870,2.606e-05
5871,2.606e-05
5872,2.606e-05
5873,2.606e-05
5874,2.606e-05
5875,2.606e-05
5876,2.606e-05
5877,2.606e-05
5878,2.606e-05
5879,2.606e-05
5880,2.606e-05
5881,2.606e-05
5882,2.606e-05
5883,2.606e-05
5884,2.606e-05
5885,2.606e-05
5886,2.606e-05
5887,2.606e-05
5888,2.606e-05
5889,2.606e-05
5890,2.606e-05
5891,2.606e-05
5892,2.606e-05
5893,2.606e-05
5894,2.606e-05
5895,2.606e-05
5896,2.606e-05
5897,2.587e-05
5898,2.551e-05
5899,2.551e-05
5900,2.551e-05
5901,2.551e-05
5902,2.551e-05
5903,2.551e-05
5904,2.551e-05
5905,2.551e-05
5906,2.551e-05
5907,2.551e-05
5908,2.551e-05
5909,2.551e-05
5910,2.551e-05
5911,2.551e-05
5912,2.551e-05
5913,2.551e-05
5914,2.551e-05
5915,2.603e-05
5916,2.603e-05
5917,2.603e-05
5918,2.603e-05
5919,2.603e-05
5920,2.603e-05
5921,2.603e-05
5922,2.603e-05
5923,2.603e-05
5924,2.603e-05
5925,2.603e-05
5926,2.603e-05
5927,2.603e-05
5928,2.603e-05
5929,2.603e-05
5930,2.606e-05
5931,2.606e-05
5932,2.606e-05
5933,2.623e-05
5934,2.623e-05
5935,2.623e-05
5936,2.623e-05
5937,2.623e-05
5938,2.623e-05
5939,2.623e-05
5940,2.623e-05
5941,2.623e-05
5942,2.623e-05
5943,2.623e-05
5944,2.623e-05
5945,2.623e-05
5946,2.623e-05
5947,2.623e-05
5948,2.623e-05
5949,2.623e-05
5950,2.623e-05
5951,2.623e-05
5952,2.623e-05
5953,2.623e-05
5954,2.623e-05
5955,2.623e-05
5956,2.623e-05
5957,2.623e-05
5958,2.623e-05
5959,2.623e-05
5960,2.623e-05
5961,2.623e-05
5962,2.623e-05
5963,2.623e-05
5964,2.623e-05
5965,2.623e-05
5966,2.623e-05
5967,2.623e-05
5968,2.623e-05
5969,2.623e-05
5970,2.623e-05
5971,2.623e-05
5972,2.623e-05
5973,2.623e-05
5974,2.623e-05
5975,2.623e-05
5976,2.623e-05
5977,2.623e-05
5978,2.623e-05
5979,2.623e-05
5980,2.623e-05
5981,2.623e-05
5982,2.623e-05
5983,2.623e-05
5984,2.623e-05
5985,2.623e-05
5986,2.623e-05
5987,2.623e-05
5988,2.623e-05
5989,2.623e-05
5990,2.623e-05
5991,2.623e-05
5992,2.623e-05
5993,2.623e-05
5994,2.623e-05
5995,2.623e-05
5996,2.623e-05
5997,2.623e-05
5998,2.623e-05
5999,2.623e-05
6000,2.623e-05
6001,2.623e-05
6002,2.623e-05
6003,2.623e-05
6004,2.623e-05
6005,2.623e-05
6006,2.623e-05
6007,2.623e-05
6008,2.623e-05
6009,2.623e-05
6010,2.623e-05
6011,2.623e-05
6012,2.623e-05
6013,2.623e-05
6014,2.623e-05
6015,2.623e-05
6016,2.623e-05
6017,2.623e-05
6018,2.623e-05
6019,2.623e-05
6020,2.623e-05
6021,2.623e-05
6022,2.623e-05
6023,2.623e-05
6024,2.623e-05
6025,2.622e-05
6026,2.622e-05
6027,2.622e-05
6028,2.622e-05
6029,2.622e-05
6030,2.622e-05
6031,2.622e-05
6032,2.622e-05
6033,2.622e-05
6034,2.622e-05
6035,2.622e-05
6036,2.622e-05
6037,2.622e-05
6038,2.622e-05
6039,2.622e-05
6040,2.622e-05
6041,2.622e-05
6042,2.622e-05
6043,2.622e-05
6044,2.622e-05
6045,2.622e-05
6046,2.622e-05
6047,2.6e-05
6048,2.6e-05
6049,2.6e-05
6050,2.6e-05
6051,2.6e-05
6052,2.6e-05
6053,2.608e-05
6054,2.608e-05
6055,2.608e-05
6056,2.608e-05
6057,2.61e-05
6058,2.615e-05
6059,2.618e-05
6060,2.618e-05
6061,2.618e-05
6062,2.618e-05
6063,2.618e-05
6064,2.618e-05
6065,2.618e-05
6066,2.618e-05
6067,2.618e-05
6068,2.618e-05
6069,2.618e-05
6070,2.618e-05
6071,2.618e-05
6072,2.618e-05
6073,2.618e-05
6074,2.618e-05
6075,2.618e-05
6076,2.618e-05
6077,2.618e-05
6078,2.618e-05
6079,2.618e-05
6080,2.618e-05
6081,2.618e-05
6082,2.618e-05
6083,2.618e-05
6084,2.622e-05
6085,2.622e-05
6086,2.622e-05
6087,2.622e-05
6088,2.622e-05
6089,2.622e-05
6090,2.622e-05
6091,2.622e-05
6092,2.622e-05
6093,2.622e-05
6094,2.622e-05
6095,2.622e-05
6096,2.622e-05
6097,2.622e-05
6098,2.622e-05
6099,2.622e-05
6100,2.622e-05
6101,2.622e-05
6102,2.622e-05
6103,2.622e-05
6104,2.622e-05
6105,2.622e-05
6106,2.622e-05
6107,2.622e-05
6108,2.622e-05
6109,2.622e-05
6110,2.622e-05
6111,2.622e-05
6112,2.622e-05
6113,2.622e-05
6114,2.622e-05
6115,2.622e-05
6116,2.622e-05
6117,2.622e-05
6118,2.622e-05
6119,2.622e-05
6120,2.622e-05
6121,2.622e-05
6122,2.622e-05
6123,2.622e-05
6124,2.622e-05
6125,2.622e-05
6126,2.622e-05
6127,2.622e-05
6128,2.622e-05
6129,2.622e-05
6130,2.622e-05
6131,2.622e-05
6132,2.622e-05
6133,2.622e-05
6134,2.622e-05
6135,2.622e-05
6136,2.622e-05
6137,2.622e-05
6138,2.622e-05
6139,2.622e-05
6140,2.622e-05
6141,2.622e-05
6142,2.622e-05
6143,2.622e-05
6144,2.622e-05
6145,2.622e-05
6146,2.622e-05
6147,2.622e-05
6148,2.622e-05
6149,2.622e-05
6150,2.622e-05
6151,2.622e-05
6152,2.622e-05
6153,2.622e-05
6154,2.622e-05
6155,2.622e-05
6156,2.622e-05
6157,2.622e-05
6158,2.622e-05
6159,2.622e-05
6160,2.622e-05
6161,2.622e-05
6162,2.622e-05
6163,2.61e-05
6164,2.61e-05
6165,2.61e-05
6166,2.61e-05
6167,2.61e-05
6168,2.61e-05
6169,2.61e-05
6170,2.61e-05
6171,2.61e-05
6172,2.61e-05
6173,2.61e-05
6174,2.61e-05
6175,2.61e-05
6176,2.61e-05
6177,2.61e-05
6178,2.61e-05
6179,2.61e-05
6180,2.61e-05
6181,2.61e-05
6182,2.61e-05
6183,2.61e-05
6184,2.61e-05
6185,2.61e-05
6186,2.61e-05
6187,2.61e-05
6188,2.61e-05
6189,2.61e-05
6190,2.623e-05
6191,2.623e-05
6192,2.623e-05
6193,2.623e-05
6194,2.623e-05
6195,2.623e-05
6196,2.623e-05
6197,2.623e-05
6198,2.623e-05
6199,2.623e-05
6200,2.623e-05
6201,2.623e-05
6202,2.623e-05
6203,2.623e-05
6204,2.623e-05
6205,2.623e-05
6206,2.623e-05
6207,2.623e-05
6208,2.623e-05
6209,2.623e-05
6210,2.623e-05
6211,2.623e-05
6212,2.623e-05
6213,2.623e-05
6214,2.623e-05
6215,2.623e-05
6216,2.61e-05
6217,2.61e-05
6218,2.61e-05
6219,2.61e-05
6220,2.61e-05
6221,2.61e-05
6222,2.61e-05
6223,2.61e-05
6224,2.61e-05
6225,2.61e-05
6226,2.61e-05
6227,2.61e-05
6228,2.61e-05
6229,2.61e-05
6230,2.61e-05
6231,2.61e-05
6232,2.61e-05
6233,2.603e-05
6234,2.603e-05
6235,2.603e-05
6236,2.603e-05
6237,2.603e-05
6238,2.603e-05
6239,2.603e-05
6240,2.603e-05
6241,2.603e-05
6242,2.603e-05
6243,2.603e-05
6244,2.603e-05
6245,2.603e-05
6246,2.603e-05
6247,2.603e-05
6248,2.603e-05
6249,2.603e-05
6250,2.603e-05
6251,2.603e-05
6252,2.603e-05
6253,2.603e-05
6254,2.603e-05
6255,2.603e-05
6256,2.603e-05
6257,2.603e-05
6258,2.603e-05
6259,2.603e-05
6260,2.603e-05
6261,2.603e-05
6262,2.603e-05
6263,2.603e-05
6264,2.603e-05
6265,2.603e-05
6266,2.603e-05
6267,2.603e-05
6268,2.603e-05
6269,2.603e-05
6270,2.603e-05
6271,2.603e-05
6272,2.603e-05
6273,2.603e-05
