0,8.4e-07
1,8.4e-07
2,8.5e-07
3,8.4e-07
4,8.5e-07
5,8.5e-07
6,8.4e-07
7,8.5e-07
8,8.4e-07
9,8.4e-07
10,8.4e-07
11,8.4e-07
12,8.4e-07
13,8.4e-07
14,8.5e-07
15,8.5e-07
16,8.5e-07
17,8.5e-07
18,8.4e-07
19,8.4e-07
20,8.5e-07
21,8.5e-07
22,8.5e-07
23,8.5e-07
24,8.5e-07
25,8.5e-07
26,8.5e-07
27,8.5e-07
28,8.5e-07
29,8.5e-07
30,8.5e-07
31,8.5e-07
32,8.5e-07
33,8.5e-07
34,8.5e-07
35,8.5e-07
36,8.5e-07
37,8.5e-07
38,8.4e-07
39,8.4e-07
40,8.5e-07
41,8.5e-07
42,8.5e-07
43,8.5e-07
44,8.4e-07
45,8.4e-07
46,8.4e-07
47,8.4e-07
48,8.4e-07
49,8.4e-07
50,8.5e-07
51,8.5e-07
52,8.5e-07
53,8.5e-07
54,8.5e-07
55,8.5e-07
56,8.5e-07
57,8.5e-07
58,8.5e-07
59,8.5e-07
60,8.4e-07
61,8.4e-07
62,8.4e-07
63,8.5e-07
64,8.5e-07
65,8.5e-07
66,8.5e-07
67,8.5e-07
68,8.5e-07
69,8.5e-07
70,8.5e-07
71,8.5e-07
72,8.5e-07
73,8.5e-07
74,8.5e-07
75,8.5e-07
76,8.5e-07
77,8.4e-07
78,8.5e-07
79,8.5e-07
80,8.5e-07
81,8.5e-07
82,8.5e-07
83,8.4e-07
84,8.4e-07
85,8.4e-07
86,8.5e-07
87,8.4e-07
88,8.4e-07
89,8.6e-07
90,8.6e-07
91,8.5e-07
92,8.5e-07
93,8.5e-07
94,8.5e-07
95,8.5e-07
96,8.6e-07
97,8.6e-07
98,8.6e-07
99,8.6e-07
100,8.6e-07
101,8.6e-07
102,8.6e-07
103,8.5e-07
104,8.5e-07
105,8.6e-07
106,8.6e-07
107,8.6e-07
108,8.6e-07
109,8.5e-07
110,8.6e-07
111,8.6e-07
112,8.6e-07
113,8.6e-07
114,8.6e-07
115,8.5e-07
116,8.5e-07
117,8.5e-07
118,8.5e-07
119,8.5e-07
120,8.5e-07
121,8.5e-07
122,8.5e-07
123,8.5e-07
124,8.5e-07
125,8.5e-07
126,8.5e-07
127,8.6e-07
128,8.6e-07
129,8.5e-07
130,8.6e-07
131,8.6e-07
132,8.6e-07
133,8.6e-07
134,8.5e-07
135,8.5e-07
136,8.5e-07
137,8.5e-07
138,8.5e-07
139,8.6e-07
140,8.6e-07
141,8.6e-07
142,8.6e-07
143,8.6e-07
144,8.6e-07
145,8.6e-07
146,8.5e-07
147,8.5e-07
148,8.5e-07
149,8.5e-07
150,8.6e-07
151,8.6e-07
152,8.5e-07
153,8.5e-07
154,8.5e-07
155,8.5e-07
156,8.5e-07
157,8.5e-07
158,8.6e-07
159,8.6e-07
160,8.6e-07
161,8.5e-07
162,8.5e-07
163,8.5e-07
164,8.5e-07
165,8.5e-07
166,8.6e-07
167,8.6e-07
168,8.5e-07
169,8.5e-07
170,8.6e-07
171,8.6e-07
172,8.6e-07
173,8.6e-07
174,8.6e-07
175,8.6e-07
176,8.6e-07
177,8.5e-07
178,8.5e-07
179,8.5e-07
180,8.5e-07
181,8.5e-07
182,8.5e-07
183,8.5e-07
184,8.5e-07
185,8.5e-07
186,8.6e-07
187,8.6e-07
188,8.6e-07
189,8.6e-07
190,8.6e-07
191,8.6e-07
192,8.6e-07
193,8.6e-07
194,8.5e-07
195,8.5e-07
196,8.6e-07
197,8.6e-07
198,8.6e-07
199,8.6e-07
200,8.6e-07
201,8.5e-07
202,8.5e-07
203,8.6e-07
204,8.6e-07
205,8.5e-07
206,8.5e-07
207,8.6e-07
208,8.5e-07
209,8.5e-07
210,8.5e-07
211,8.5e-07
212,8.5e-07
213,8.5e-07
214,8.5e-07
215,8.5e-07
216,8.6e-07
217,8.5e-07
218,8.5e-07
219,8.5e-07
220,8.5e-07
221,8.5e-07
222,8.5e-07
223,8.5e-07
224,8.5e-07
225,8.5e-07
226,8.6e-07
227,8.6e-07
228,8.6e-07
229,8.6e-07
230,8.6e-07
231,8.6e-07
232,8.5e-07
233,8.5e-07
234,8.5e-07
235,8.5e-07
236,8.6e-07
237,8.5e-07
238,8.5e-07
239,8.5e-07
240,8.5e-07
241,8.5e-07
242,8.6e-07
243,8.6e-07
244,8.6e-07
245,8.6e-07
246,8.6e-07
247,8.6e-07
248,8.5e-07
249,8.5e-07
250,8.5e-07
251,8.5e-07
252,8.5e-07
253,8.5e-07
254,8.5e-07
255,8.6e-07
256,8.5e-07
257,8.6e-07
258,8.6e-07
259,8.5e-07
260,8.6e-07
261,8.6e-07
262,8.6e-07
263,8.5e-07
264,8.5e-07
265,8.5e-07
266,8.5e-07
267,8.5e-07
268,8.5e-07
269,8.6e-07
270,8.6e-07
271,8.5e-07
272,8.5e-07
273,8.6e-07
274,8.6e-07
275,8.5e-07
276,8.5e-07
277,8.5e-07
278,8.5e-07
279,8.5e-07
280,8.6e-07
281,8.6e-07
282,8.6e-07
283,8.6e-07
284,8.5e-07
285,8.5e-07
286,8.6e-07
287,8.6e-07
288,8.6e-07
289,8.6e-07
290,8.6e-07
291,8.5e-07
292,8.5e-07
293,8.5e-07
294,8.5e-07
295,8.5e-07
296,8.6e-07
297,8.6e-07
298,8.5e-07
299,8.5e-07
300,8.5e-07
301,8.4e-07
302,8.5e-07
303,8.5e-07
304,8.5e-07
305,8.5e-07
306,8.4e-07
307,8.5e-07
308,8.5e-07
309,8.4e-07
310,8.4e-07
311,8.4e-07
312,8.4e-07
313,8.4e-07
314,8.5e-07
315,8.5e-07
316,8.5e-07
317,8.5e-07
318,8.5e-07
319,8.4e-07
320,8.5e-07
321,8.4e-07
322,8.4e-07
323,8.4e-07
324,8.4e-07
325,8.5e-07
326,8.4e-07
327,8.5e-07
328,8.4e-07
329,8.5e-07
330,8.5e-07
331,8.5e-07
332,8.5e-07
333,8.4e-07
334,8.5e-07
335,8.5e-07
336,8.5e-07
337,8.5e-07
338,8.5e-07
339,8.4e-07
340,8.4e-07
341,8.4e-07
342,8.5e-07
343,8.5e-07
344,8.5e-07
345,8.5e-07
346,8.5e-07
347,8.5e-07
348,8.5e-07
349,8.5e-07
350,8.5e-07
351,8.5e-07
352,8.5e-07
353,8.5e-07
354,8.5e-07
355,8.5e-07
356,8.5e-07
357,8.5e-07
358,8.5e-07
359,8.5e-07
360,8.5e-07
361,8.4e-07
362,8.4e-07
363,8.4e-07
364,8.4e-07
365,8.5e-07
366,8.4e-07
367,8.5e-07
368,8.5e-07
369,8.5e-07
370,8.4e-07
371,8.4e-07
372,8.5e-07
373,8.5e-07
374,8.5e-07
375,8.5e-07
376,8.5e-07
377,8.5e-07
378,8.4e-07
379,8.4e-07
380,8.5e-07
381,8.5e-07
382,8.5e-07
383,8.5e-07
384,8.5e-07
385,8.5e-07
386,8.5e-07
387,8.5e-07
388,8.5e-07
389,8.4e-07
390,8.5e-07
391,8.5e-07
392,8.5e-07
393,8.5e-07
394,8.5e-07
395,8.4e-07
396,8.5e-07
397,8.5e-07
398,8.5e-07
399,8.5e-07
400,8.4e-07
401,8.4e-07
402,8.5e-07
403,8.5e-07
404,8.4e-07
405,8.4e-07
406,8.4e-07
407,8.4e-07
408,8.5e-07
409,8.5e-07
410,8.5e-07
411,8.5e-07
412,8.5e-07
413,8.4e-07
414,8.4e-07
415,8.5e-07
416,8.5e-07
417,8.5e-07
418,8.5e-07
419,8.5e-07
420,8.4e-07
421,8.5e-07
422,8.5e-07
423,8.4e-07
424,8.4e-07
425,8.5e-07
426,8.5e-07
427,8.4e-07
428,8.4e-07
429,8.5e-07
430,8.5e-07
431,8.5e-07
432,8.4e-07
433,8.4e-07
434,8.4e-07
435,8.5e-07
436,8.4e-07
437,8.5e-07
438,8.5e-07
439,8.5e-07
440,8.5e-07
441,8.5e-07
442,8.4e-07
443,8.5e-07
444,8.5e-07
445,8.5e-07
446,8.5e-07
447,8.5e-07
448,8.4e-07
449,8.4e-07
450,8.5e-07
451,8.5e-07
452,8.5e-07
453,8.5e-07
454,8.5e-07
455,8.5e-07
456,8.5e-07
457,8.4e-07
458,8.4e-07
459,8.4e-07
460,8.4e-07
461,8.4e-07
462,8.4e-07
463,8.4e-07
464,8.5e-07
465,8.5e-07
466,8.5e-07
467,8.6e-07
468,8.6e-07
469,8.6e-07
470,8.6e-07
471,8.5e-07
472,8.5e-07
473,8.6e-07
474,8.5e-07
475,8.5e-07
476,8.5e-07
477,8.6e-07
478,8.5e-07
479,8.5e-07
480,8.5e-07
481,8.6e-07
482,8.6e-07
483,8.6e-07
484,8.6e-07
485,8.6e-07
486,8.6e-07
487,8.6e-07
488,8.5e-07
489,8.5e-07
490,8.5e-07
491,8.5e-07
492,8.5e-07
493,8.5e-07
494,8.5e-07
495,8.5e-07
496,8.5e-07
497,8.5e-07
498,8.5e-07
499,8.5e-07
500,8.5e-07
501,8.5e-07
502,8.5e-07
503,8.6e-07
504,8.6e-07
505,8.6e-07
506,8.6e-07
507,8.5e-07
508,8.5e-07
509,8.5e-07
510,8.5e-07
511,8.6e-07
512,8.6e-07
513,8.6e-07
514,8.5e-07
515,8.5e-07
516,8.5e-07
517,8.5e-07
518,8.5e-07
519,8.6e-07
520,8.6e-07
521,8.6e-07
522,8.6e-07
523,8.6e-07
524,8.5e-07
525,8.6e-07
526,8.6e-07
527,8.6e-07
528,8.6e-07
529,8.5e-07
530,8.5e-07
531,8.5e-07
532,8.5e-07
533,8.5e-07
534,8.5e-07
535,8.5e-07
536,8.5e-07
537,8.5e-07
538,8.5e-07
539,8.5e-07
540,8.5e-07
541,8.6e-07
542,8.6e-07
543,8.6e-07
544,8.5e-07
545,8.6e-07
546,8.6e-07
547,8.6e-07
548,8.6e-07
549,8.5e-07
550,8.5e-07
551,8.6e-07
552,8.6e-07
553,8.6e-07
554,8.5e-07
555,8.5e-07
556,8.5e-07
557,8.5e-07
558,8.6e-07
559,8.5e-07
560,8.5e-07
561,8.5e-07
562,8.5e-07
563,8.5e-07
564,8.6e-07
565,8.6e-07
566,8.6e-07
567,8.6e-07
568,8.6e-07
569,8.6e-07
570,8.5e-07
571,8.6e-07
572,8.6e-07
573,8.6e-07
574,8.6e-07
575,8.6e-07
576,8.6e-07
577,8.5e-07
578,8.6e-07
579,8.6e-07
580,8.6e-07
581,8.6e-07
582,8.6e-07
583,8.6e-07
584,8.5e-07
585,8.5e-07
586,8.5e-07
587,8.5e-07
588,8.5e-07
589,8.4e-07
590,8.4e-07
591,8.5e-07
592,8.5e-07
593,8.5e-07
594,8.5e-07
595,8.5e-07
596,8.5e-07
597,8.5e-07
598,8.5e-07
599,8.5e-07
600,8.5e-07
601,8.5e-07
602,8.5e-07
603,8.4e-07
604,8.4e-07
605,8.4e-07
606,8.5e-07
607,8.4e-07
608,8.5e-07
609,8.5e-07
610,8.5e-07
611,8.5e-07
612,8.5e-07
613,8.5e-07
614,8.5e-07
615,8.5e-07
616,8.5e-07
617,8.5e-07
618,8.5e-07
619,8.5e-07
620,8.5e-07
621,8.5e-07
622,8.5e-07
623,8.5e-07
624,8.4e-07
625,8.4e-07
626,8.4e-07
627,8.5e-07
628,8.5e-07
629,8.5e-07
630,8.5e-07
631,8.5e-07
632,8.5e-07
633,8.5e-07
634,8.5e-07
635,8.5e-07
636,8.5e-07
637,8.5e-07
638,8.5e-07
639,8.4e-07
640,8.4e-07
641,8.4e-07
642,8.5e-07
643,8.5e-07
644,8.5e-07
645,8.4e-07
646,8.4e-07
647,8.4e-07
648,8.4e-07
649,8.4e-07
650,8.4e-07
651,8.4e-07
652,8.4e-07
653,8.5e-07
654,8.5e-07
655,8.4e-07
656,8.4e-07
657,8.5e-07
658,8.5e-07
659,8.5e-07
660,8.5e-07
661,8.5e-07
662,8.5e-07
663,8.5e-07
664,8.5e-07
665,8.4e-07
666,8.5e-07
667,8.4e-07
668,8.4e-07
669,8.4e-07
670,8.5e-07
671,8.4e-07
672,8.5e-07
673,8.5e-07
674,8.5e-07
675,8.5e-07
676,8.4e-07
677,8.4e-07
678,8.5e-07
679,8.5e-07
680,8.5e-07
681,8.5e-07
682,8.5e-07
683,8.5e-07
684,8.4e-07
685,8.5e-07
686,8.5e-07
687,8.4e-07
688,8.4e-07
689,8.4e-07
690,8.5e-07
691,8.5e-07
692,8.5e-07
693,8.5e-07
694,8.5e-07
695,8.5e-07
696,8.5e-07
697,8.5e-07
698,8.5e-07
699,8.5e-07
700,8.5e-07
701,8.5e-07
702,8.5e-07
703,8.5e-07
704,8.5e-07
705,8.5e-07
706,8.5e-07
707,8.5e-07
708,8.4e-07
709,8.5e-07
710,8.5e-07
711,8.5e-07
712,8.5e-07
713,8.5e-07
714,8.4e-07
715,8.4e-07
716,8.4e-07
717,8.5e-07
718,8.5e-07
719,8.5e-07
720,8.5e-07
721,8.5e-07
722,8.5e-07
723,8.5e-07
724,8.5e-07
725,8.4e-07
726,8.4e-07
727,8.4e-07
728,8.5e-07
729,8.5e-07
730,8.5e-07
731,8.5e-07
732,8.4e-07
733,8.5e-07
734,8.5e-07
735,8.5e-07
736,8.5e-07
737,8.5e-07
738,8.4e-07
739,8.4e-07
740,8.4e-07
741,8.5e-07
742,8.5e-07
743,8.4e-07
744,8.4e-07
745,8.4e-07
746,8.4e-07
747,8.4e-07
748,8.4e-07
749,8.4e-07
750,8.5e-07
751,8.5e-07
752,8.5e-07
753,8.4e-07
754,8.4e-07
755,8.4e-07
756,8.4e-07
757,8.5e-07
758,8.5e-07
759,8.5e-07
760,8.4e-07
761,8.4e-07
762,8.4e-07
763,8.5e-07
764,8.4e-07
765,8.5e-07
766,8.5e-07
767,8.5e-07
768,8.4e-07
769,8.4e-07
770,8.5e-07
771,8.5e-07
772,8.5e-07
773,8.5e-07
774,8.5e-07
775,8.4e-07
776,8.4e-07
777,8.5e-07
778,8.4e-07
779,8.5e-07
780,8.4e-07
781,8.5e-07
782,8.5e-07
783,8.5e-07
784,8.4e-07
785,8.4e-07
786,8.4e-07
787,8.4e-07
788,8.5e-07
789,8.4e-07
790,8.4e-07
791,8.4e-07
792,8.5e-07
793,8.4e-07
794,8.4e-07
795,8.4e-07
796,8.4e-07
797,8.4e-07
798,8.4e-07
799,8.4e-07
800,8.4e-07
801,8.4e-07
802,8.4e-07
803,8.4e-07
804,8.4e-07
805,8.4e-07
806,8.4e-07
807,8.5e-07
808,8.5e-07
809,8.5e-07
810,8.5e-07
811,8.5e-07
812,8.4e-07
813,8.4e-07
814,8.4e-07
815,8.5e-07
816,8.4e-07
817,8.4e-07
818,8.4e-07
819,8.4e-07
820,8.5e-07
821,8.4e-07
822,8.4e-07
823,8.4e-07
824,8.4e-07
825,8.4e-07
826,8.4e-07
827,8.4e-07
828,8.5e-07
829,8.5e-07
830,8.5e-07
831,8.5e-07
832,8.5e-07
833,8.5e-07
834,8.5e-07
835,8.5e-07
836,8.4e-07
837,8.4e-07
838,8.4e-07
839,8.4e-07
840,8.4e-07
841,8.4e-07
842,8.5e-07
843,8.5e-07
844,8.5e-07
845,8.5e-07
846,8.5e-07
847,8.4e-07
848,8.4e-07
849,8.5e-07
850,8.5e-07
851,8.5e-07
852,8.5e-07
853,8.4e-07
854,8.4e-07
855,8.5e-07
856,8.4e-07
857,8.4e-07
858,8.4e-07
859,8.4e-07
860,8.4e-07
861,8.4e-07
862,8.5e-07
863,8.4e-07
864,8.4e-07
865,8.4e-07
866,8.4e-07
867,8.4e-07
868,8.4e-07
869,8.4e-07
870,8.4e-07
871,8.4e-07
872,8.5e-07
873,8.5e-07
874,8.4e-07
875,8.4e-07
876,8.4e-07
877,8.5e-07
878,8.5e-07
879,8.5e-07
880,8.4e-07
881,8.4e-07
882,8.4e-07
883,8.4e-07
884,8.4e-07
885,8.4e-07
886,8.4e-07
887,8.4e-07
888,8.4e-07
889,8.4e-07
890,8.4e-07
891,8.4e-07
892,8.5e-07
893,8.5e-07
894,8.5e-07
895,8.5e-07
896,8.4e-07
897,8.4e-07
898,8.4e-07
899,8.4e-07
900,8.4e-07
901,8.4e-07
902,8.4e-07
903,8.5e-07
904,8.5e-07
905,8.4e-07
906,8.4e-07
907,8.4e-07
908,8.4e-07
909,8.5e-07
910,8.4e-07
911,8.4e-07
912,8.4e-07
913,8.5e-07
914,8.5e-07
915,8.5e-07
916,8.4e-07
917,8.4e-07
918,8.5e-07
919,8.4e-07
920,8.4e-07
921,8.5e-07
922,8.4e-07
923,8.4e-07
924,8.4e-07
925,8.4e-07
926,8.4e-07
927,8.5e-07
928,8.5e-07
929,8.5e-07
930,8.5e-07
931,8.5e-07
932,8.5e-07
933,8.5e-07
934,8.5e-07
935,8.4e-07
936,8.4e-07
937,8.4e-07
938,8.4e-07
939,8.4e-07
940,8.4e-07
941,8.4e-07
942,8.4e-07
943,8.4e-07
944,8.4e-07
945,8.4e-07
946,8.5e-07
947,8.5e-07
948,8.4e-07
949,8.4e-07
950,8.5e-07
951,8.5e-07
952,8.4e-07
953,8.4e-07
954,8.4e-07
955,8.4e-07
956,8.4e-07
957,8.5e-07
958,8.5e-07
959,8.5e-07
960,8.5e-07
961,8.5e-07
962,8.5e-07
963,8.5e-07
964,8.5e-07
965,8.5e-07
966,8.4e-07
967,8.5e-07
968,8.5e-07
969,8.5e-07
970,8.4e-07
971,8.4e-07
972,8.4e-07
973,8.4e-07
974,8.5e-07
975,8.4e-07
976,8.5e-07
977,8.5e-07
978,8.5e-07
979,8.5e-07
980,8.5e-07
981,8.4e-07
982,8.4e-07
983,8.5e-07
984,8.4e-07
985,8.4e-07
986,8.5e-07
987,8.5e-07
988,8.5e-07
989,8.5e-07
990,8.5e-07
991,8.5e-07
992,8.5e-07
993,8.5e-07
994,8.5e-07
995,8.5e-07
996,8.5e-07
997,8.5e-07
998,8.5e-07
999,8.5e-07
1000,8.5e-07
1001,8.5e-07
1002,8.5e-07
1003,8.4e-07
1004,8.4e-07
1005,8.4e-07
1006,8.4e-07
1007,8.4e-07
1008,8.4e-07
1009,8.4e-07
1010,8.4e-07
1011,8.5e-07
1012,8.4e-07
1013,8.4e-07
1014,8.5e-07
1015,8.5e-07
1016,8.5e-07
1017,8.5e-07
1018,8.4e-07
1019,8.4e-07
1020,8.4e-07
1021,8.4e-07
1022,8.4e-07
1023,8.4e-07
1024,8.4e-07
1025,8.4e-07
1026,8.4e-07
1027,8.4e-07
1028,8.4e-07
1029,8.4e-07
1030,8.4e-07
1031,8.5e-07
1032,8.5e-07
1033,8.5e-07
1034,8.4e-07
1035,8.4e-07
1036,8.4e-07
1037,8.5e-07
1038,8.4e-07
1039,8.4e-07
1040,8.4e-07
1041,8.4e-07
1042,8.4e-07
1043,8.4e-07
1044,8.4e-07
1045,8.4e-07
1046,8.4e-07
1047,8.4e-07
1048,8.4e-07
1049,8.5e-07
1050,8.4e-07
1051,8.4e-07
1052,8.5e-07
1053,8.5e-07
1054,8.5e-07
1055,8.5e-07
1056,8.5e-07
1057,8.5e-07
1058,8.4e-07
1059,8.5e-07
1060,8.4e-07
1061,8.5e-07
1062,8.4e-07
1063,8.5e-07
1064,8.4e-07
1065,8.4e-07
1066,8.4e-07
1067,8.4e-07
1068,8.5e-07
1069,8.4e-07
1070,8.4e-07
1071,8.4e-07
1072,8.4e-07
1073,8.4e-07
1074,8.4e-07
1075,8.4e-07
1076,8.5e-07
1077,8.5e-07
1078,8.4e-07
1079,8.4e-07
1080,8.4e-07
1081,8.5e-07
1082,8.4e-07
1083,8.5e-07
1084,8.5e-07
1085,8.5e-07
1086,8.5e-07
1087,8.4e-07
1088,8.4e-07
1089,8.4e-07
1090,8.4e-07
1091,8.4e-07
1092,8.5e-07
1093,8.4e-07
1094,8.5e-07
1095,8.5e-07
1096,8.5e-07
1097,8.5e-07
1098,8.5e-07
1099,8.4e-07
1100,8.4e-07
1101,8.4e-07
1102,8.4e-07
1103,8.4e-07
1104,8.4e-07
1105,8.4e-07
1106,8.4e-07
1107,8.4e-07
1108,8.5e-07
1109,8.4e-07
1110,8.4e-07
1111,8.5e-07
1112,8.4e-07
1113,8.4e-07
1114,8.4e-07
1115,8.5e-07
1116,8.5e-07
1117,8.4e-07
1118,8.5e-07
1119,8.4e-07
1120,8.4e-07
1121,8.5e-07
1122,8.5e-07
1123,8.4e-07
1124,8.4e-07
1125,8.4e-07
1126,8.4e-07
1127,8.4e-07
1128,8.5e-07
1129,8.4e-07
1130,8.5e-07
1131,8.4e-07
1132,8.4e-07
1133,8.4e-07
1134,8.4e-07
1135,8.5e-07
1136,8.4e-07
1137,8.4e-07
1138,8.4e-07
1139,8.4e-07
1140,8.4e-07
1141,8.4e-07
1142,8.4e-07
1143,8.4e-07
1144,8.4e-07
1145,8.4e-07
1146,8.4e-07
1147,8.3e-07
1148,8.4e-07
1149,8.4e-07
1150,8.4e-07
1151,8.3e-07
1152,8.3e-07
1153,8.3e-07
1154,8.4e-07
1155,8.3e-07
1156,8.4e-07
1157,8.3e-07
1158,8.3e-07
1159,8.3e-07
1160,8.3e-07
1161,8.4e-07
1162,8.4e-07
1163,8.4e-07
1164,8.4e-07
1165,8.3e-07
1166,8.4e-07
1167,8.4e-07
1168,8.3e-07
1169,8.4e-07
1170,8.4e-07
1171,8.4e-07
1172,8.4e-07
1173,8.3e-07
1174,8.3e-07
1175,8.3e-07
1176,8.3e-07
1177,8.4e-07
1178,8.3e-07
1179,8.3e-07
1180,8.4e-07
1181,8.3e-07
1182,8.3e-07
1183,8.4e-07
1184,8.4e-07
1185,8.4e-07
1186,8.4e-07
1187,8.4e-07
1188,8.3e-07
1189,8.4e-07
1190,8.4e-07
1191,8.4e-07
1192,8.4e-07
1193,8.4e-07
1194,8.3e-07
1195,8.4e-07
1196,8.3e-07
1197,8.3e-07
1198,8.4e-07
1199,8.3e-07
1200,8.3e-07
1201,8.3e-07
1202,8.4e-07
1203,8.4e-07
1204,8.3e-07
1205,8.3e-07
1206,8.3e-07
1207,8.3e-07
1208,8.4e-07
1209,8.4e-07
1210,8.4e-07
1211,8.4e-07
1212,8.4e-07
1213,8.4e-07
1214,8.3e-07
1215,8.3e-07
1216,8.3e-07
1217,8.3e-07
1218,8.3e-07
1219,8.3e-07
1220,8.3e-07
1221,8.3e-07
1222,8.3e-07
1223,8.3e-07
1224,8.3e-07
1225,8.3e-07
1226,8.2e-07
1227,8.3e-07
1228,8.3e-07
1229,8.3e-07
1230,8.2e-07
1231,8.3e-07
1232,8.3e-07
1233,8.3e-07
1234,8.3e-07
1235,8.3e-07
1236,8.3e-07
1237,8.3e-07
1238,8.2e-07
1239,8.2e-07
1240,8.2e-07
1241,8.3e-07
1242,8.3e-07
1243,8.3e-07
1244,8.3e-07
1245,8.2e-07
1246,8.3e-07
1247,8.3e-07
1248,8.3e-07
1249,8.3e-07
1250,8.3e-07
1251,8.3e-07
1252,8.3e-07
1253,8.3e-07
1254,8.3e-07
1255,8.3e-07
1256,8.2e-07
1257,8.3e-07
1258,8.3e-07
1259,8.3e-07
1260,8.3e-07
1261,8.2e-07
1262,8.3e-07
1263,8.3e-07
1264,8.2e-07
1265,8.2e-07
1266,8.3e-07
1267,8.3e-07
1268,8.3e-07
1269,8.3e-07
1270,8.3e-07
1271,8.3e-07
1272,8.2e-07
1273,8.3e-07
1274,8.3e-07
1275,8.3e-07
1276,8.3e-07
1277,8.3e-07
1278,8.3e-07
1279,8.3e-07
1280,8.3e-07
1281,8.2e-07
1282,8.2e-07
1283,8.3e-07
1284,8.2e-07
1285,8.2e-07
1286,8.2e-07
1287,8.2e-07
1288,8.2e-07
1289,8.2e-07
1290,8.3e-07
1291,8.2e-07
1292,8.2e-07
1293,8.2e-07
1294,8.2e-07
1295,8.3e-07
1296,8.3e-07
1297,8.3e-07
1298,8.2e-07
1299,8.3e-07
1300,8.2e-07
1301,8.2e-07
1302,8.2e-07
1303,8.2e-07
1304,8.2e-07
1305,8.2e-07
1306,8.3e-07
1307,8.2e-07
1308,8.2e-07
1309,8.1e-07
1310,8.2e-07
1311,8.2e-07
1312,8.2e-07
1313,8.2e-07
1314,8.2e-07
1315,8.2e-07
1316,8.1e-07
1317,8.2e-07
1318,8.2e-07
1319,8.2e-07
1320,8.2e-07
1321,8.1e-07
1322,8.2e-07
1323,8.1e-07
1324,8.2e-07
1325,8.2e-07
1326,8.2e-07
1327,8.2e-07
1328,8.2e-07
1329,8.2e-07
1330,8.2e-07
1331,8.2e-07
1332,8.3e-07
1333,8.3e-07
1334,8.3e-07
1335,8.3e-07
1336,8.2e-07
1337,8.3e-07
1338,8.2e-07
1339,8.2e-07
1340,8.3e-07
1341,8.3e-07
1342,8.3e-07
1343,8.3e-07
1344,8.2e-07
1345,8.3e-07
1346,8.2e-07
1347,8.2e-07
1348,8.3e-07
1349,8.2e-07
1350,8.2e-07
1351,8.3e-07
1352,8.2e-07
1353,8.2e-07
1354,8.2e-07
1355,8.2e-07
1356,8.2e-07
1357,8.2e-07
1358,8.2e-07
1359,8.1e-07
1360,8.2e-07
1361,8.2e-07
1362,8.2e-07
1363,8.1e-07
1364,8.2e-07
1365,8.2e-07
1366,8.2e-07
1367,8.2e-07
1368,8.2e-07
1369,8.2e-07
1370,8.2e-07
1371,8.2e-07
1372,8.2e-07
1373,8.2e-07
1374,8.2e-07
1375,8.2e-07
1376,8.2e-07
1377,8.2e-07
1378,8.2e-07
1379,8.2e-07
1380,8.2e-07
1381,8.2e-07
1382,8.2e-07
1383,8.2e-07
1384,8.2e-07
1385,8.2e-07
1386,8.2e-07
1387,8.2e-07
1388,8.2e-07
1389,8.2e-07
1390,8.2e-07
1391,8.2e-07
1392,8.2e-07
1393,8.2e-07
1394,8.2e-07
1395,8.2e-07
1396,8.2e-07
1397,8.2e-07
1398,8.2e-07
1399,8.2e-07
1400,8.1e-07
1401,8.1e-07
1402,8.2e-07
1403,8.2e-07
1404,8.2e-07
1405,8.2e-07
1406,8.2e-07
1407,8.2e-07
1408,8.2e-07
1409,8.2e-07
1410,8.2e-07
1411,8.1e-07
1412,8.2e-07
1413,8.2e-07
1414,8.2e-07
1415,8.2e-07
1416,8.1e-07
1417,8.1e-07
1418,8.2e-07
1419,8.2e-07
1420,8.2e-07
1421,8.2e-07
1422,8.2e-07
1423,8.2e-07
1424,8.2e-07
1425,8.2e-07
1426,8.2e-07
1427,8.2e-07
1428,8.2e-07
1429,8.2e-07
1430,8.2e-07
1431,8.2e-07
1432,8.2e-07
1433,8.2e-07
1434,8.3e-07
1435,8.3e-07
1436,8.3e-07
1437,8.3e-07
1438,8.3e-07
1439,8.3e-07
1440,8.2e-07
1441,8.2e-07
1442,8.3e-07
1443,8.3e-07
1444,8.3e-07
1445,8.2e-07
1446,8.2e-07
1447,8.3e-07
1448,8.3e-07
1449,8.2e-07
1450,8.3e-07
1451,8.3e-07
1452,8.3e-07
1453,8.2e-07
1454,8.3e-07
1455,8.2e-07
1456,8.2e-07
1457,8.3e-07
1458,8.2e-07
1459,8.3e-07
1460,8.3e-07
1461,8.3e-07
1462,8.3e-07
1463,8.3e-07
1464,8.3e-07
1465,8.3e-07
1466,8.2e-07
1467,8.2e-07
1468,8.2e-07
1469,8.2e-07
1470,8.2e-07
1471,8.3e-07
1472,8.2e-07
1473,8.3e-07
1474,8.3e-07
1475,8.3e-07
1476,8.3e-07
1477,8.3e-07
1478,8.3e-07
1479,8.3e-07
1480,8.2e-07
1481,8.2e-07
1482,8.2e-07
1483,8.2e-07
1484,8.3e-07
1485,8.3e-07
1486,8.2e-07
1487,8.2e-07
1488,8.3e-07
1489,8.3e-07
1490,8.3e-07
1491,8.3e-07
1492,8.3e-07
1493,8.3e-07
1494,8.3e-07
1495,8.3e-07
1496,8.3e-07
1497,8.3e-07
1498,8.3e-07
1499,8.3e-07
1500,8.3e-07
1501,8.2e-07
1502,8.2e-07
1503,8.3e-07
1504,8.3e-07
1505,8.3e-07
1506,8.2e-07
1507,8.3e-07
1508,8.3e-07
1509,8.3e-07
1510,8.3e-07
1511,8.3e-07
1512,8.3e-07
1513,8.3e-07
1514,8.3e-07
1515,8.2e-07
1516,8.2e-07
1517,8.2e-07
1518,8.2e-07
1519,8.2e-07
1520,8.2e-07
1521,8.2e-07
1522,8.2e-07
1523,8.1e-07
1524,8.1e-07
1525,8.2e-07
1526,8.2e-07
1527,8.1e-07
1528,8.2e-07
1529,8.2e-07
1530,8.2e-07
1531,8.2e-07
1532,8.2e-07
1533,8.2e-07
1534,8.2e-07
1535,8.1e-07
1536,8.1e-07
1537,8.1e-07
1538,8.1e-07
1539,8.1e-07
1540,8.2e-07
1541,8.1e-07
1542,8.1e-07
1543,8.1e-07
1544,8.1e-07
1545,8.2e-07
1546,8.1e-07
1547,8.3e-07
1548,8.3e-07
1549,8.3e-07
1550,8.3e-07
1551,8.2e-07
1552,8.2e-07
1553,8.2e-07
1554,8.2e-07
1555,8.2e-07
1556,8.3e-07
1557,8.3e-07
1558,8.3e-07
1559,8.3e-07
1560,8.2e-07
1561,8.2e-07
1562,8.2e-07
1563,8.3e-07
1564,8.2e-07
1565,8.3e-07
1566,8.2e-07
1567,8.3e-07
1568,8.2e-07
1569,8.2e-07
1570,8.2e-07
1571,8.2e-07
1572,8.2e-07
1573,8.2e-07
1574,8.3e-07
1575,8.2e-07
1576,8.2e-07
1577,8.3e-07
1578,8.3e-07
1579,8.3e-07
1580,8.2e-07
1581,8.2e-07
1582,8.2e-07
1583,8.3e-07
1584,8.3e-07
1585,8.2e-07
1586,8.2e-07
1587,8.3e-07
1588,8.2e-07
1589,8.1e-07
1590,8.2e-07
1591,8.2e-07
1592,8.2e-07
1593,8.2e-07
1594,8.1e-07
1595,8.2e-07
1596,8.1e-07
1597,8.2e-07
1598,8.1e-07
1599,8.1e-07
1600,8.1e-07
1601,8.1e-07
1602,8.2e-07
1603,8.2e-07
1604,8.1e-07
1605,8.1e-07
1606,8.1e-07
1607,8.2e-07
1608,8.1e-07
1609,8.2e-07
1610,8.1e-07
1611,8.1e-07
1612,8.2e-07
1613,8.2e-07
1614,8.1e-07
1615,8.2e-07
1616,8.2e-07
1617,8.2e-07
1618,8.2e-07
1619,8.2e-07
1620,8.2e-07
1621,8.2e-07
1622,8.2e-07
1623,8.2e-07
1624,8.3e-07
1625,8.3e-07
1626,8.2e-07
1627,8.2e-07
1628,8.2e-07
1629,8.3e-07
1630,8.3e-07
1631,8.3e-07
1632,8.3e-07
1633,8.3e-07
1634,8.3e-07
1635,8.2e-07
1636,8.2e-07
1637,8.3e-07
1638,8.3e-07
1639,8.3e-07
1640,8.2e-07
1641,8.3e-07
1642,8.3e-07
1643,8.3e-07
1644,8.2e-07
1645,8.3e-07
1646,8.3e-07
1647,8.3e-07
1648,8.3e-07
1649,8.2e-07
1650,8.2e-07
1651,8.2e-07
1652,8.2e-07
1653,8.2e-07
1654,8.2e-07
1655,8.2e-07
1656,8.3e-07
1657,8.3e-07
1658,8.3e-07
1659,8.3e-07
1660,8.3e-07
1661,8.3e-07
1662,8.2e-07
1663,8.3e-07
1664,8.3e-07
1665,8.2e-07
1666,8.3e-07
1667,8.2e-07
1668,8.2e-07
1669,8.2e-07
1670,8.3e-07
1671,8.3e-07
1672,8.2e-07
1673,8.3e-07
1674,8.3e-07
1675,8.2e-07
1676,8.3e-07
1677,8.3e-07
1678,8.3e-07
1679,8.3e-07
1680,8.3e-07
1681,8.3e-07
1682,8.3e-07
1683,8.3e-07
1684,8.3e-07
1685,8.3e-07
1686,8.3e-07
1687,8.2e-07
1688,8.3e-07
1689,8.2e-07
1690,8.2e-07
1691,8.2e-07
1692,8.3e-07
1693,8.2e-07
1694,8.2e-07
1695,8.2e-07
1696,8.2e-07
1697,8.2e-07
1698,8.2e-07
1699,8.2e-07
1700,8.2e-07
1701,8.2e-07
1702,8.2e-07
1703,8.2e-07
1704,8.2e-07
1705,8.2e-07
1706,8.2e-07
1707,8.2e-07
1708,8.2e-07
1709,8.1e-07
1710,8.1e-07
1711,8.2e-07
1712,8.2e-07
1713,8.2e-07
1714,8.2e-07
1715,8.2e-07
1716,8.1e-07
1717,8.1e-07
1718,8.2e-07
1719,8.2e-07
1720,8.2e-07
1721,8.1e-07
1722,8.1e-07
1723,8.1e-07
1724,8.2e-07
1725,8.2e-07
1726,8.2e-07
1727,8.2e-07
1728,8.2e-07
1729,8.2e-07
1730,8.2e-07
1731,8.2e-07
1732,8.1e-07
1733,8.2e-07
1734,8.2e-07
1735,8.2e-07
1736,8.2e-07
1737,8.2e-07
1738,8.2e-07
1739,8.1e-07
1740,8.2e-07
1741,8.1e-07
1742,8.2e-07
1743,8.1e-07
1744,8.2e-07
1745,8.1e-07
1746,8.1e-07
1747,8.2e-07
1748,8.2e-07
1749,8.2e-07
1750,8.2e-07
1751,8.2e-07
1752,8.2e-07
1753,8.2e-07
1754,8.2e-07
1755,8.2e-07
1756,8.2e-07
1757,8.2e-07
1758,8.2e-07
1759,8.2e-07
1760,8.2e-07
1761,8.2e-07
1762,8.2e-07
1763,8.2e-07
1764,8.2e-07
1765,8.2e-07
1766,8.2e-07
1767,8.2e-07
1768,8.2e-07
1769,8.2e-07
1770,8.2e-07
1771,8.1e-07
1772,8.2e-07
1773,8.2e-07
1774,8.2e-07
1775,8.2e-07
1776,8.2e-07
1777,8.2e-07
1778,8.2e-07
1779,8.2e-07
1780,8.2e-07
1781,8.2e-07
1782,8.2e-07
1783,8.2e-07
1784,8.1e-07
1785,8.1e-07
1786,8.1e-07
1787,8.1e-07
1788,8.2e-07
1789,8.2e-07
1790,8.2e-07
1791,8.2e-07
1792,8.2e-07
1793,8.2e-07
1794,8.2e-07
1795,8.2e-07
1796,8.3e-07
1797,8.3e-07
1798,8.2e-07
1799,8.2e-07
1800,8.2e-07
1801,8.3e-07
1802,8.2e-07
1803,8.3e-07
1804,8.3e-07
1805,8.3e-07
1806,8.2e-07
1807,8.2e-07
1808,8.2e-07
1809,8.3e-07
1810,8.3e-07
1811,8.3e-07
1812,8.3e-07
1813,8.3e-07
1814,8.3e-07
1815,8.3e-07
1816,8.3e-07
1817,8.3e-07
1818,8.3e-07
1819,8.3e-07
1820,8.3e-07
1821,8.2e-07
1822,8.3e-07
1823,8.3e-07
1824,8.3e-07
1825,8.3e-07
1826,8.2e-07
1827,8.3e-07
1828,8.2e-07
1829,8.3e-07
1830,8.3e-07
1831,8.2e-07
1832,8.2e-07
1833,8.3e-07
1834,8.3e-07
1835,8.3e-07
1836,8.2e-07
1837,8.2e-07
1838,8.2e-07
1839,8.2e-07
1840,8.3e-07
1841,8.3e-07
1842,8.3e-07
1843,8.3e-07
1844,8.2e-07
1845,8.2e-07
1846,8.3e-07
1847,8.3e-07
1848,8.3e-07
1849,8.3e-07
1850,8.3e-07
1851,8.2e-07
1852,8.3e-07
1853,8.3e-07
1854,8.3e-07
1855,8.2e-07
1856,8.3e-07
1857,8.3e-07
1858,8.3e-07
1859,8.2e-07
1860,8.2e-07
1861,8.2e-07
1862,8.2e-07
1863,8.2e-07
1864,8.2e-07
1865,8.3e-07
1866,8.3e-07
1867,8.3e-07
1868,8.3e-07
1869,8.3e-07
1870,8.3e-07
1871,8.3e-07
1872,8.2e-07
1873,8.2e-07
1874,8.2e-07
1875,8.3e-07
1876,8.3e-07
1877,8.3e-07
1878,8.3e-07
1879,8.3e-07
1880,8.2e-07
1881,8.2e-07
1882,8.2e-07
1883,8.3e-07
1884,8.3e-07
1885,8.2e-07
1886,8.2e-07
1887,8.2e-07
1888,8.2e-07
1889,8.3e-07
1890,8.2e-07
1891,8.3e-07
1892,8.2e-07
1893,8.2e-07
1894,8.2e-07
1895,8.3e-07
1896,8.3e-07
1897,8.3e-07
1898,8.3e-07
1899,8.3e-07
1900,8.3e-07
1901,8.3e-07
1902,8.3e-07
1903,8.3e-07
1904,8.3e-07
1905,8.2e-07
1906,8.2e-07
1907,8.3e-07
1908,8.3e-07
1909,8.3e-07
1910,8.2e-07
1911,8.2e-07
1912,8.3e-07
1913,8.3e-07
1914,8.3e-07
1915,8.3e-07
1916,8.3e-07
1917,8.3e-07
1918,8.3e-07
1919,8.2e-07
1920,8.3e-07
1921,8.2e-07
1922,8.2e-07
1923,8.3e-07
1924,8.2e-07
1925,8.3e-07
1926,8.3e-07
1927,8.2e-07
1928,8.2e-07
1929,8.2e-07
1930,8.2e-07
1931,8.3e-07
1932,8.3e-07
1933,8.3e-07
1934,8.3e-07
1935,8.3e-07
1936,8.3e-07
1937,8.3e-07
1938,8.3e-07
1939,8.3e-07
1940,8.3e-07
1941,8.3e-07
1942,8.3e-07
1943,8.3e-07
1944,8.3e-07
1945,8.3e-07
1946,8.3e-07
1947,8.2e-07
1948,8.2e-07
1949,8.2e-07
1950,8.2e-07
1951,8.3e-07
1952,8.3e-07
1953,8.3e-07
1954,8.2e-07
1955,8.3e-07
1956,8.3e-07
1957,8.3e-07
1958,8.3e-07
1959,8.2e-07
1960,8.2e-07
1961,8.2e-07
1962,8.2e-07
1963,8.3e-07
1964,8.3e-07
1965,8.2e-07
1966,8.2e-07
1967,8.2e-07
1968,8.2e-07
1969,8.2e-07
1970,8.2e-07
1971,8.2e-07
1972,8.2e-07
1973,8.2e-07
1974,8.2e-07
1975,8.2e-07
1976,8.3e-07
1977,8.3e-07
1978,8.3e-07
1979,8.2e-07
1980,8.2e-07
1981,8.3e-07
1982,8.2e-07
1983,8.2e-07
1984,8.2e-07
1985,8.2e-07
1986,8.2e-07
1987,8.3e-07
1988,8.3e-07
1989,8.3e-07
1990,8.3e-07
1991,8.3e-07
1992,8.3e-07
1993,8.3e-07
1994,8.3e-07
1995,8.3e-07
1996,8.3e-07
1997,8.3e-07
1998,8.3e-07
1999,8.3e-07
2000,8.3e-07
2001,8.3e-07
2002,8.3e-07
2003,8.2e-07
2004,8.3e-07
2005,8.2e-07
2006,8.2e-07
2007,8.3e-07
2008,8.2e-07
2009,8.3e-07
2010,8.2e-07
2011,8.2e-07
2012,8.3e-07
2013,8.3e-07
2014,8.3e-07
2015,8.3e-07
2016,8.3e-07
2017,8.3e-07
2018,8.3e-07
2019,8.3e-07
2020,8.3e-07
2021,8.2e-07
2022,8.2e-07
2023,8.3e-07
2024,8.3e-07
2025,8.3e-07
2026,8.3e-07
2027,8.3e-07
2028,8.3e-07
2029,8.2e-07
2030,8.2e-07
2031,8.3e-07
2032,8.3e-07
2033,8.3e-07
2034,8.3e-07
2035,8.3e-07
2036,8.2e-07
2037,8.3e-07
2038,8.3e-07
2039,8.2e-07
2040,8.2e-07
2041,8.3e-07
2042,8.3e-07
2043,8.3e-07
2044,8.3e-07
2045,8.3e-07
2046,8.2e-07
2047,8.2e-07
2048,8.3e-07
2049,8.3e-07
2050,8.3e-07
2051,8.2e-07
2052,8.3e-07
2053,8.3e-07
2054,8.2e-07
2055,8.2e-07
2056,8.2e-07
2057,8.2e-07
2058,8.2e-07
2059,8.2e-07
2060,8.2e-07
2061,8.2e-07
2062,8.2e-07
2063,8.2e-07
2064,8.2e-07
2065,8.2e-07
2066,8.3e-07
2067,8.2e-07
2068,8.2e-07
2069,8.2e-07
2070,8.3e-07
2071,8.2e-07
2072,8.2e-07
2073,8.3e-07
2074,8.3e-07
2075,8.2e-07
2076,8.2e-07
2077,8.2e-07
2078,8.2e-07
2079,8.2e-07
2080,8.2e-07
2081,8.2e-07
2082,8.3e-07
2083,8.3e-07
2084,8.2e-07
2085,8.2e-07
2086,8.2e-07
2087,8.2e-07
2088,8.2e-07
2089,8.3e-07
2090,8.2e-07
2091,8.2e-07
2092,8.2e-07
2093,8.3e-07
2094,8.3e-07
2095,8.2e-07
2096,8.2e-07
2097,8.2e-07
2098,8.2e-07
2099,8.3e-07
2100,8.2e-07
2101,8.3e-07
2102,8.2e-07
2103,8.2e-07
2104,8.2e-07
2105,8.3e-07
2106,8.3e-07
2107,8.3e-07
2108,8.3e-07
2109,8.2e-07
2110,8.2e-07
2111,8.2e-07
2112,8.2e-07
2113,8.2e-07
2114,8.2e-07
2115,8.2e-07
2116,8.2e-07
2117,8.2e-07
2118,8.2e-07
2119,8.2e-07
2120,8.2e-07
2121,8.2e-07
2122,8.2e-07
2123,8.2e-07
2124,8.2e-07
2125,8.2e-07
2126,8.3e-07
2127,8.3e-07
2128,8.2e-07
2129,8.2e-07
2130,8.2e-07
2131,8.3e-07
2132,8.3e-07
2133,8.3e-07
2134,8.3e-07
2135,8.3e-07
2136,8.3e-07
2137,8.3e-07
2138,8.3e-07
2139,8.2e-07
2140,8.2e-07
2141,8.3e-07
2142,8.3e-07
2143,8.2e-07
2144,8.2e-07
2145,8.2e-07
2146,8.2e-07
2147,8.3e-07
2148,8.3e-07
2149,8.2e-07
2150,8.2e-07
2151,8.2e-07
2152,8.2e-07
2153,8.3e-07
2154,8.3e-07
2155,8.3e-07
2156,8.2e-07
2157,8.2e-07
2158,8.2e-07
2159,8.3e-07
2160,8.2e-07
2161,8.2e-07
2162,8.2e-07
2163,8.2e-07
2164,8.2e-07
2165,8.2e-07
2166,8.2e-07
2167,8.2e-07
2168,8.2e-07
2169,8.2e-07
2170,8.2e-07
2171,8.2e-07
2172,8.3e-07
2173,8.3e-07
2174,8.3e-07
2175,8.2e-07
2176,8.2e-07
2177,8.3e-07
2178,8.3e-07
2179,8.2e-07
2180,8.2e-07
2181,8.2e-07
2182,8.2e-07
2183,8.2e-07
2184,8.2e-07
2185,8.3e-07
2186,8.3e-07
2187,8.3e-07
2188,8.2e-07
2189,8.3e-07
2190,8.2e-07
2191,8.2e-07
2192,8.2e-07
2193,8.2e-07
2194,8.2e-07
2195,8.2e-07
2196,8.2e-07
2197,8.2e-07
2198,8.2e-07
2199,8.2e-07
2200,8.3e-07
2201,8.3e-07
2202,8.3e-07
2203,8.2e-07
2204,8.3e-07
2205,8.2e-07
2206,8.2e-07
2207,8.2e-07
2208,8.3e-07
2209,8.2e-07
2210,8.2e-07
2211,8.2e-07
2212,8.2e-07
2213,8.3e-07
2214,8.3e-07
2215,8.3e-07
2216,8.3e-07
2217,8.2e-07
2218,8.2e-07
2219,8.2e-07
2220,8.2e-07
2221,8.2e-07
2222,8.2e-07
2223,8.3e-07
2224,8.3e-07
2225,8.2e-07
2226,8.2e-07
2227,8.3e-07
2228,8.3e-07
2229,8.3e-07
2230,8.3e-07
2231,8.3e-07
2232,8.3e-07
2233,8.3e-07
2234,8.3e-07
2235,8.2e-07
2236,8.2e-07
2237,8.2e-07
2238,8.2e-07
2239,8.2e-07
2240,8.2e-07
2241,8.2e-07
2242,8.2e-07
2243,8.2e-07
2244,8.1e-07
2245,8.2e-07
2246,8.2e-07
2247,8.1e-07
2248,8.1e-07
2249,8.1e-07
2250,8.1e-07
2251,8.2e-07
2252,8.2e-07
2253,8.1e-07
2254,8.1e-07
2255,8.2e-07
2256,8.2e-07
2257,8.2e-07
2258,8.1e-07
2259,8.2e-07
2260,8.2e-07
2261,8.2e-07
2262,8.1e-07
2263,8.1e-07
2264,8.1e-07
2265,8.1e-07
2266,8.1e-07
2267,8.1e-07
2268,8.1e-07
2269,8.2e-07
2270,8.2e-07
2271,8.2e-07
2272,8.3e-07
2273,8.2e-07
2274,8.2e-07
2275,8.2e-07
2276,8.2e-07
2277,8.2e-07
2278,8.2e-07
2279,8.2e-07
2280,8.2e-07
2281,8.2e-07
2282,8.2e-07
2283,8.2e-07
2284,8.3e-07
2285,8.3e-07
2286,8.3e-07
2287,8.3e-07
2288,8.3e-07
2289,8.2e-07
2290,8.3e-07
2291,8.2e-07
2292,8.2e-07
2293,8.2e-07
2294,8.2e-07
2295,8.3e-07
2296,8.3e-07
2297,8.2e-07
2298,8.2e-07
2299,8.2e-07
2300,8.2e-07
2301,8.2e-07
2302,8.2e-07
2303,8.2e-07
2304,8.2e-07
2305,8.2e-07
2306,8.3e-07
2307,8.3e-07
2308,8.3e-07
2309,8.2e-07
2310,8.2e-07
2311,8.2e-07
2312,8.2e-07
2313,8.2e-07
2314,8.2e-07
2315,8.2e-07
2316,8.2e-07
2317,8.2e-07
2318,8.1e-07
2319,8.1e-07
2320,8.2e-07
2321,8.2e-07
2322,8.2e-07
2323,8.2e-07
2324,8.2e-07
2325,8.1e-07
2326,8.1e-07
2327,8.1e-07
2328,8.1e-07
2329,8.2e-07
2330,8.2e-07
2331,8.2e-07
2332,8.2e-07
2333,8.1e-07
2334,8.1e-07
2335,8.1e-07
2336,8.1e-07
2337,8.1e-07
2338,8.1e-07
2339,8.2e-07
2340,8.1e-07
2341,8.1e-07
2342,8.1e-07
2343,8.1e-07
2344,8.1e-07
2345,8.1e-07
2346,8.2e-07
2347,8.2e-07
2348,8.1e-07
2349,8.1e-07
2350,8.2e-07
2351,8.1e-07
2352,8.2e-07
2353,8.1e-07
2354,8.1e-07
2355,8.2e-07
2356,8.2e-07
2357,8.2e-07
2358,8.2e-07
2359,8.1e-07
2360,8.1e-07
2361,8.1e-07
2362,8.1e-07
2363,8.1e-07
2364,8.1e-07
2365,8.1e-07
2366,8.1e-07
2367,8.2e-07
2368,8.2e-07
2369,8.2e-07
2370,8.2e-07
2371,8.2e-07
2372,8.2e-07
2373,8.1e-07
2374,8.1e-07
2375,8.2e-07
2376,8.1e-07
2377,8.1e-07
2378,8.1e-07
2379,8.2e-07
2380,8.1e-07
2381,8.1e-07
2382,8.1e-07
2383,8.2e-07
2384,8.1e-07
2385,8.1e-07
2386,8.1e-07
2387,8.1e-07
2388,8.2e-07
2389,8.2e-07
2390,8.1e-07
2391,8.1e-07
2392,8.1e-07
2393,8.1e-07
2394,8.1e-07
2395,8.1e-07
2396,8.1e-07
2397,8.1e-07
2398,8.2e-07
2399,8.1e-07
2400,8.2e-07
2401,8.2e-07
2402,8.2e-07
2403,8.2e-07
2404,8.2e-07
2405,8.2e-07
2406,8.1e-07
2407,8.1e-07
2408,8.1e-07
2409,8.1e-07
2410,8.1e-07
2411,8.1e-07
2412,8.1e-07
2413,8.1e-07
2414,8.1e-07
2415,8.2e-07
2416,8.1e-07
2417,8.2e-07
2418,8.2e-07
2419,8.2e-07
2420,8.1e-07
2421,8.1e-07
2422,8.1e-07
2423,8.1e-07
2424,8.2e-07
2425,8.1e-07
2426,8.1e-07
2427,8.1e-07
2428,8.1e-07
2429,8.1e-07
2430,8.1e-07
2431,8.1e-07
2432,8.1e-07
2433,8.1e-07
2434,8.2e-07
2435,8.1e-07
2436,8.1e-07
2437,8.1e-07
2438,8.2e-07
2439,8.2e-07
2440,8.1e-07
2441,8.1e-07
2442,8.2e-07
2443,8.2e-07
2444,8.1e-07
2445,8.2e-07
2446,8.2e-07
2447,8.2e-07
2448,8.1e-07
2449,8.1e-07
2450,8.1e-07
2451,8.2e-07
2452,8.1e-07
2453,8.1e-07
2454,8.2e-07
2455,8.2e-07
2456,8.1e-07
2457,8.1e-07
2458,8.1e-07
2459,8.2e-07
2460,8.1e-07
2461,8.1e-07
2462,8.2e-07
2463,8.2e-07
2464,8.1e-07
2465,8.1e-07
2466,8.1e-07
2467,8.2e-07
2468,8.1e-07
2469,8.1e-07
2470,8.2e-07
2471,8.2e-07
2472,8.2e-07
2473,8.1e-07
2474,8.1e-07
2475,8.1e-07
2476,8.1e-07
2477,8.1e-07
2478,8.1e-07
2479,8.1e-07
2480,8.1e-07
2481,8.1e-07
2482,8.1e-07
2483,8.1e-07
2484,8.2e-07
2485,8.1e-07
2486,8.1e-07
2487,8.1e-07
2488,8.2e-07
2489,8.1e-07
2490,8.1e-07
2491,8.1e-07
2492,8.2e-07
2493,8.2e-07
2494,8.1e-07
2495,8.1e-07
2496,8.1e-07
2497,8.2e-07
2498,8.1e-07
2499,8.1e-07
2500,8.1e-07
2501,8.2e-07
2502,8.2e-07
2503,8.2e-07
2504,8.2e-07
2505,8.2e-07
2506,8.1e-07
2507,8.1e-07
2508,8.2e-07
2509,8.2e-07
2510,8.1e-07
2511,8.1e-07
2512,8.1e-07
2513,8.2e-07
2514,8.2e-07
2515,8.2e-07
2516,8.2e-07
2517,8.2e-07
2518,8.2e-07
2519,8.1e-07
2520,8.1e-07
2521,8.2e-07
2522,8.2e-07
2523,8.1e-07
2524,8.1e-07
2525,8.1e-07
2526,8.1e-07
2527,8.1e-07
2528,8.1e-07
2529,8.2e-07
2530,8.2e-07
2531,8.2e-07
2532,8.2e-07
2533,8.2e-07
2534,8.1e-07
2535,8.2e-07
2536,8.2e-07
2537,8.2e-07
2538,8.2e-07
2539,8.2e-07
2540,8.2e-07
2541,8.2e-07
2542,8.2e-07
2543,8.2e-07
2544,8.2e-07
2545,8.2e-07
2546,8.2e-07
2547,8.2e-07
2548,8.1e-07
2549,8.1e-07
2550,8.1e-07
2551,8.2e-07
2552,8.2e-07
2553,8.2e-07
2554,8.2e-07
2555,8.1e-07
2556,8.1e-07
2557,8.1e-07
2558,8.2e-07
2559,8.2e-07
2560,8.2e-07
2561,8.2e-07
2562,8.2e-07
2563,8.2e-07
2564,8.1e-07
2565,8.1e-07
2566,8.2e-07
2567,8.2e-07
2568,8.1e-07
2569,8.2e-07
2570,8.2e-07
2571,8.2e-07
2572,8.1e-07
2573,8.1e-07
2574,8.2e-07
2575,8.2e-07
2576,8.1e-07
2577,8.1e-07
2578,8.2e-07
2579,8.2e-07
2580,8.2e-07
2581,8.1e-07
2582,8.2e-07
2583,8.2e-07
2584,8.2e-07
2585,8.2e-07
2586,8.1e-07
2587,8.1e-07
2588,8.1e-07
2589,8.1e-07
2590,8.2e-07
2591,8.2e-07
2592,8.1e-07
2593,8.2e-07
2594,8.1e-07
2595,8.1e-07
2596,8.1e-07
2597,8.1e-07
2598,8.2e-07
2599,8.2e-07
2600,8.2e-07
2601,8.1e-07
2602,8.1e-07
2603,8.2e-07
2604,8.2e-07
2605,8.1e-07
2606,8.1e-07
2607,8.2e-07
2608,8.2e-07
2609,8.2e-07
2610,8.2e-07
2611,8.2e-07
2612,8.2e-07
2613,8.1e-07
2614,8.2e-07
2615,8.2e-07
2616,8.2e-07
2617,8.2e-07
2618,8.2e-07
2619,8.2e-07
2620,8.2e-07
2621,8.2e-07
2622,8.2e-07
2623,8.2e-07
2624,8.2e-07
2625,8.1e-07
2626,8.1e-07
2627,8.2e-07
2628,8.2e-07
2629,8.2e-07
2630,8.1e-07
2631,8.1e-07
2632,8.1e-07
2633,8.1e-07
2634,8.1e-07
2635,8.2e-07
2636,8.2e-07
2637,8.2e-07
2638,8.2e-07
2639,8.2e-07
2640,8.2e-07
2641,8.2e-07
2642,8.1e-07
2643,8.1e-07
2644,8.2e-07
2645,8.2e-07
2646,8.2e-07
2647,8.2e-07
2648,8.1e-07
2649,8.2e-07
2650,8.2e-07
2651,8.2e-07
2652,8.1e-07
2653,8.2e-07
2654,8.2e-07
2655,8.2e-07
2656,8.1e-07
2657,8.1e-07
2658,8.1e-07
2659,8.2e-07
2660,8.1e-07
2661,8.2e-07
2662,8.2e-07
2663,8.2e-07
2664,8.2e-07
2665,8.2e-07
2666,8.1e-07
2667,8.2e-07
2668,8.2e-07
2669,8.2e-07
2670,8.2e-07
2671,8.2e-07
2672,8.1e-07
2673,8.2e-07
2674,8.1e-07
2675,8.1e-07
2676,8.2e-07
2677,8.2e-07
2678,8.2e-07
2679,8.2e-07
2680,8.2e-07
2681,8.2e-07
2682,8.2e-07
2683,8.2e-07
2684,8.2e-07
2685,8.2e-07
2686,8.2e-07
2687,8.2e-07
2688,8.2e-07
2689,8.2e-07
2690,8.2e-07
2691,8.2e-07
2692,8.1e-07
2693,8.2e-07
2694,8.2e-07
2695,8.2e-07
2696,8.2e-07
2697,8.1e-07
2698,8.2e-07
2699,8.2e-07
2700,8.1e-07
2701,8.2e-07
2702,8.2e-07
2703,8.2e-07
2704,8.1e-07
2705,8.1e-07
2706,8.1e-07
2707,8.2e-07
2708,8.2e-07
2709,8.2e-07
2710,8.2e-07
2711,8.2e-07
2712,8.2e-07
2713,8.1e-07
2714,8.2e-07
2715,8.2e-07
2716,8.2e-07
2717,8.2e-07
2718,8.2e-07
2719,8.2e-07
2720,8.1e-07
2721,8.1e-07
2722,8.1e-07
2723,8.1e-07
2724,8.2e-07
2725,8.2e-07
2726,8.2e-07
2727,8.2e-07
2728,8.2e-07
2729,8.2e-07
2730,8.1e-07
2731,8.1e-07
2732,8.2e-07
2733,8.1e-07
2734,8.1e-07
2735,8.1e-07
2736,8.1e-07
2737,8.2e-07
2738,8.2e-07
2739,8.2e-07
2740,8.2e-07
2741,8.1e-07
2742,8.1e-07
2743,8.1e-07
2744,8.1e-07
2745,8.2e-07
2746,8.1e-07
2747,8.2e-07
2748,8.1e-07
2749,8.2e-07
2750,8.1e-07
2751,8.1e-07
2752,8.1e-07
2753,8.1e-07
2754,8.2e-07
2755,8.2e-07
2756,8.1e-07
2757,8.1e-07
2758,8.1e-07
2759,8.1e-07
2760,8.2e-07
2761,8.2e-07
2762,8.1e-07
2763,8.2e-07
2764,8.2e-07
2765,8.2e-07
2766,8.2e-07
2767,8.2e-07
2768,8.2e-07
2769,8.2e-07
2770,8.1e-07
2771,8.1e-07
2772,8.1e-07
2773,8.2e-07
2774,8.1e-07
2775,8.1e-07
2776,8.1e-07
2777,8.1e-07
2778,8.2e-07
2779,8.2e-07
2780,8.2e-07
2781,8.2e-07
2782,8.1e-07
2783,8.1e-07
2784,8.1e-07
2785,8.1e-07
2786,8.1e-07
2787,8.2e-07
2788,8.2e-07
2789,8.2e-07
2790,8.2e-07
2791,8.2e-07
2792,8.2e-07
2793,8.1e-07
2794,8.1e-07
2795,8.2e-07
2796,8.1e-07
2797,8.2e-07
2798,8.2e-07
2799,8.1e-07
2800,8.1e-07
2801,8.1e-07
2802,8.1e-07
2803,8.2e-07
2804,8.2e-07
2805,8.2e-07
2806,8.2e-07
2807,8.2e-07
2808,8.2e-07
2809,8.2e-07
2810,8.2e-07
2811,8.2e-07
2812,8.2e-07
2813,8.2e-07
2814,8.1e-07
2815,8.2e-07
2816,8.2e-07
2817,8.2e-07
2818,8.2e-07
2819,8.2e-07
2820,8.2e-07
2821,8.2e-07
2822,8.2e-07
2823,8.2e-07
2824,8.2e-07
2825,8.2e-07
2826,8.2e-07
2827,8.2e-07
2828,8.2e-07
2829,8.2e-07
2830,8.2e-07
2831,8.1e-07
2832,8.2e-07
2833,8.2e-07
2834,8.2e-07
2835,8.2e-07
2836,8.2e-07
2837,8.2e-07
2838,8.2e-07
2839,8.2e-07
2840,8.2e-07
2841,8.1e-07
2842,8.2e-07
2843,8.2e-07
2844,8.2e-07
2845,8.2e-07
2846,8.1e-07
2847,8.2e-07
2848,8.2e-07
2849,8.2e-07
2850,8.2e-07
2851,8.2e-07
2852,8.3e-07
2853,8.2e-07
2854,8.3e-07
2855,8.2e-07
2856,8.2e-07
2857,8.2e-07
2858,8.2e-07
2859,8.2e-07
2860,8.2e-07
2861,8.2e-07
2862,8.2e-07
2863,8.2e-07
2864,8.2e-07
2865,8.3e-07
2866,8.3e-07
2867,8.2e-07
2868,8.2e-07
2869,8.2e-07
2870,8.2e-07
2871,8.2e-07
2872,8.2e-07
2873,8.3e-07
2874,8.3e-07
2875,8.2e-07
2876,8.2e-07
2877,8.2e-07
2878,8.2e-07
2879,8.2e-07
2880,8.2e-07
2881,8.2e-07
2882,8.2e-07
2883,8.2e-07
2884,8.2e-07
2885,8.3e-07
2886,8.2e-07
2887,8.3e-07
2888,8.3e-07
2889,8.1e-07
2890,8.3e-07
2891,8.2e-07
2892,8.2e-07
2893,8.2e-07
2894,8.2e-07
2895,8.2e-07
2896,8.2e-07
2897,8.1e-07
2898,8.2e-07
2899,8.2e-07
2900,8.2e-07
2901,8.2e-07
2902,8.2e-07
2903,8.2e-07
2904,8.2e-07
2905,8.2e-07
2906,8.2e-07
2907,8.2e-07
2908,8.1e-07
2909,8.2e-07
2910,8.2e-07
2911,8.2e-07
2912,8.2e-07
2913,8.2e-07
2914,8.3e-07
2915,8.2e-07
2916,8.2e-07
2917,8.3e-07
2918,8.2e-07
2919,8.2e-07
2920,8.1e-07
2921,8.2e-07
2922,8.2e-07
2923,8.2e-07
2924,8.1e-07
2925,8.1e-07
2926,8.2e-07
2927,8.1e-07
2928,8.2e-07
2929,8.3e-07
2930,8.2e-07
2931,8.2e-07
2932,8.2e-07
2933,8.1e-07
2934,8.1e-07
2935,8.2e-07
2936,8.1e-07
2937,8.1e-07
2938,8.1e-07
2939,8.3e-07
2940,8.3e-07
2941,8.3e-07
2942,8.3e-07
2943,8.3e-07
2944,8.2e-07
2945,8.2e-07
2946,8.2e-07
2947,8.2e-07
2948,8.3e-07
2949,8.3e-07
2950,8.3e-07
2951,8.3e-07
2952,8.3e-07
2953,8.2e-07
2954,8.2e-07
2955,8.2e-07
2956,8.2e-07
2957,8.3e-07
2958,8.2e-07
2959,8.3e-07
2960,8.2e-07
2961,8.3e-07
2962,8.2e-07
2963,8.2e-07
2964,8.2e-07
2965,8.3e-07
2966,8.3e-07
2967,8.3e-07
2968,8.2e-07
2969,8.2e-07
2970,8.2e-07
2971,8.2e-07
2972,8.2e-07
2973,8.3e-07
2974,8.2e-07
2975,8.3e-07
2976,8.3e-07
2977,8.2e-07
2978,8.3e-07
2979,8.3e-07
2980,8.3e-07
2981,8.3e-07
2982,8.3e-07
2983,8.3e-07
2984,8.3e-07
2985,8.2e-07
2986,8.3e-07
2987,8.3e-07
2988,8.3e-07
2989,8.2e-07
2990,8.3e-07
2991,8.3e-07
2992,8.3e-07
2993,8.2e-07
2994,8.2e-07
2995,8.2e-07
2996,8.2e-07
2997,8.3e-07
2998,8.3e-07
2999,8.3e-07
3000,8.3e-07
3001,8.3e-07
3002,8.3e-07
3003,8.3e-07
3004,8.2e-07
3005,8.2e-07
3006,8.2e-07
3007,8.2e-07
3008,8.2e-07
3009,8.3e-07
3010,8.3e-07
3011,8.3e-07
3012,8.3e-07
3013,8.3e-07
3014,8.3e-07
3015,8.3e-07
3016,8.3e-07
3017,8.3e-07
3018,8.3e-07
3019,8.3e-07
3020,8.3e-07
3021,8.2e-07
3022,8.3e-07
3023,8.2e-07
3024,8.2e-07
3025,8.2e-07
3026,8.2e-07
3027,8.3e-07
3028,8.3e-07
3029,8.3e-07
3030,8.2e-07
3031,8.2e-07
3032,8.3e-07
3033,8.3e-07
3034,8.3e-07
3035,8.2e-07
3036,8.2e-07
3037,8.2e-07
3038,8.3e-07
3039,8.3e-07
3040,8.3e-07
3041,8.3e-07
3042,8.2e-07
3043,8.3e-07
3044,8.3e-07
3045,8.2e-07
3046,8.2e-07
3047,8.3e-07
3048,8.3e-07
3049,8.2e-07
3050,8.2e-07
3051,8.3e-07
3052,8.3e-07
3053,8.3e-07
3054,8.3e-07
3055,8.2e-07
3056,8.2e-07
3057,8.2e-07
3058,8.2e-07
3059,8.3e-07
3060,8.3e-07
3061,8.3e-07
3062,8.3e-07
3063,8.2e-07
3064,8.2e-07
3065,8.2e-07
3066,8.2e-07
3067,8.2e-07
3068,8.3e-07
3069,8.3e-07
3070,8.3e-07
3071,8.3e-07
3072,8.2e-07
3073,8.2e-07
3074,8.2e-07
3075,8.2e-07
3076,8.3e-07
3077,8.2e-07
3078,8.2e-07
3079,8.2e-07
3080,8.2e-07
3081,8.3e-07
3082,8.2e-07
3083,8.2e-07
3084,8.2e-07
3085,8.2e-07
3086,8.2e-07
3087,8.2e-07
3088,8.3e-07
3089,8.3e-07
3090,8.3e-07
3091,8.3e-07
3092,8.2e-07
3093,8.2e-07
3094,8.2e-07
3095,8.3e-07
3096,8.3e-07
3097,8.3e-07
3098,8.3e-07
3099,8.2e-07
3100,8.2e-07
3101,8.2e-07
3102,8.2e-07
3103,8.2e-07
3104,8.2e-07
3105,8.3e-07
3106,8.3e-07
3107,8.3e-07
3108,8.2e-07
3109,8.2e-07
3110,8.3e-07
3111,8.3e-07
3112,8.3e-07
3113,8.3e-07
3114,8.3e-07
3115,8.2e-07
3116,8.2e-07
3117,8.2e-07
3118,8.3e-07
3119,8.2e-07
3120,8.3e-07
3121,8.3e-07
3122,8.3e-07
3123,8.3e-07
3124,8.3e-07
3125,8.3e-07
3126,8.3e-07
3127,8.3e-07
3128,8.3e-07
3129,8.3e-07
3130,8.2e-07
3131,8.3e-07
3132,8.3e-07
3133,8.3e-07
3134,8.2e-07
3135,8.2e-07
3136,8.2e-07
3137,8.2e-07
3138,8.3e-07
3139,8.3e-07
3140,8.2e-07
3141,8.2e-07
3142,8.2e-07
3143,8.3e-07
3144,8.3e-07
3145,8.2e-07
3146,8.2e-07
3147,8.3e-07
3148,8.3e-07
3149,8.2e-07
3150,8.3e-07
3151,8.3e-07
3152,8.3e-07
3153,8.3e-07
3154,8.3e-07
3155,8.3e-07
3156,8.3e-07
3157,8.3e-07
3158,8.3e-07
3159,8.3e-07
3160,8.3e-07
3161,8.2e-07
3162,8.3e-07
3163,8.2e-07
3164,8.3e-07
3165,8.3e-07
3166,8.3e-07
3167,8.3e-07
3168,8.2e-07
3169,8.4e-07
3170,8.3e-07
3171,8.3e-07
3172,8.2e-07
3173,8.3e-07
3174,8.3e-07
3175,8.3e-07
3176,8.3e-07
3177,8.3e-07
3178,8.3e-07
3179,8.3e-07
3180,8.4e-07
3181,8.3e-07
3182,8.3e-07
3183,8.4e-07
3184,8.3e-07
3185,8.3e-07
3186,8.2e-07
3187,8.3e-07
3188,8.3e-07
3189,8.4e-07
3190,8.4e-07
3191,8.3e-07
3192,8.4e-07
3193,8.4e-07
3194,8.3e-07
3195,8.3e-07
3196,8.3e-07
3197,8.3e-07
3198,8.3e-07
3199,8.3e-07
3200,8.3e-07
3201,8.4e-07
3202,8.3e-07
3203,8.4e-07
3204,8.4e-07
3205,8.3e-07
3206,8.3e-07
3207,8.3e-07
3208,8.4e-07
3209,8.4e-07
3210,8.3e-07
3211,8.3e-07
3212,8.3e-07
3213,8.3e-07
3214,8.3e-07
3215,8.4e-07
3216,8.4e-07
3217,8.3e-07
3218,8.3e-07
3219,8.3e-07
3220,8.3e-07
3221,8.3e-07
3222,8.3e-07
3223,8.3e-07
3224,8.4e-07
3225,8.4e-07
3226,8.4e-07
3227,8.3e-07
3228,8.4e-07
3229,8.4e-07
3230,8.4e-07
3231,8.4e-07
3232,8.4e-07
3233,8.4e-07
3234,8.4e-07
3235,8.4e-07
3236,8.4e-07
3237,8.3e-07
3238,8.3e-07
3239,8.3e-07
3240,8.3e-07
3241,8.3e-07
3242,8.3e-07
3243,8.3e-07
3244,8.3e-07
3245,8.3e-07
3246,8.3e-07
3247,8.4e-07
3248,8.3e-07
3249,8.3e-07
3250,8.4e-07
3251,8.3e-07
3252,8.3e-07
3253,8.3e-07
3254,8.3e-07
3255,8.3e-07
3256,8.3e-07
3257,8.3e-07
3258,8.3e-07
3259,8.3e-07
3260,8.3e-07
3261,8.3e-07
3262,8.3e-07
3263,8.3e-07
3264,8.4e-07
3265,8.4e-07
3266,8.4e-07
3267,8.4e-07
3268,8.4e-07
3269,8.3e-07
3270,8.4e-07
3271,8.4e-07
3272,8.4e-07
3273,8.3e-07
3274,8.4e-07
3275,8.4e-07
3276,8.4e-07
3277,8.4e-07
3278,8.4e-07
3279,8.4e-07
3280,8.4e-07
3281,8.4e-07
3282,8.3e-07
3283,8.4e-07
3284,8.3e-07
3285,8.3e-07
3286,8.3e-07
3287,8.3e-07
3288,8.4e-07
3289,8.4e-07
3290,8.4e-07
3291,8.4e-07
3292,8.4e-07
3293,8.4e-07
3294,8.3e-07
3295,8.3e-07
3296,8.3e-07
3297,8.3e-07
3298,8.3e-07
3299,8.3e-07
3300,8.4e-07
3301,8.3e-07
3302,8.3e-07
3303,8.4e-07
3304,8.3e-07
3305,8.4e-07
3306,8.4e-07
3307,8.4e-07
3308,8.3e-07
3309,8.3e-07
3310,8.3e-07
3311,8.3e-07
3312,8.4e-07
3313,8.3e-07
3314,8.4e-07
3315,8.4e-07
3316,8.4e-07
3317,8.4e-07
3318,8.3e-07
3319,8.3e-07
3320,8.3e-07
3321,8.3e-07
3322,8.4e-07
3323,8.3e-07
3324,8.4e-07
3325,8.4e-07
3326,8.4e-07
3327,8.3e-07
3328,8.3e-07
3329,8.4e-07
3330,8.4e-07
3331,8.4e-07
3332,8.3e-07
3333,8.3e-07
3334,8.3e-07
3335,8.4e-07
3336,8.4e-07
3337,8.4e-07
3338,8.4e-07
3339,8.3e-07
3340,8.4e-07
3341,8.3e-07
3342,8.3e-07
3343,8.4e-07
3344,8.4e-07
3345,8.4e-07
3346,8.4e-07
3347,8.4e-07
3348,8.4e-07
3349,8.4e-07
3350,8.4e-07
3351,8.3e-07
3352,8.3e-07
3353,8.3e-07
3354,8.3e-07
3355,8.3e-07
3356,8.3e-07
3357,8.3e-07
3358,8.3e-07
3359,8.3e-07
3360,8.4e-07
3361,8.4e-07
3362,8.4e-07
3363,8.3e-07
3364,8.3e-07
3365,8.3e-07
3366,8.3e-07
3367,8.3e-07
3368,8.3e-07
3369,8.3e-07
3370,8.3e-07
3371,8.4e-07
3372,8.3e-07
3373,8.3e-07
3374,8.3e-07
3375,8.3e-07
3376,8.3e-07
3377,8.3e-07
3378,8.4e-07
3379,8.4e-07
3380,8.4e-07
3381,8.4e-07
3382,8.4e-07
3383,8.4e-07
3384,8.3e-07
3385,8.3e-07
3386,8.3e-07
3387,8.3e-07
3388,8.3e-07
3389,8.4e-07
3390,8.3e-07
3391,8.3e-07
3392,8.3e-07
3393,8.3e-07
3394,8.3e-07
3395,8.4e-07
3396,8.4e-07
3397,8.4e-07
3398,8.3e-07
3399,8.4e-07
3400,8.4e-07
3401,8.3e-07
3402,8.3e-07
3403,8.3e-07
3404,8.4e-07
3405,8.3e-07
3406,8.3e-07
3407,8.3e-07
3408,8.3e-07
3409,8.3e-07
3410,8.3e-07
3411,8.3e-07
3412,8.4e-07
3413,8.4e-07
3414,8.4e-07
3415,8.4e-07
3416,8.4e-07
3417,8.4e-07
3418,8.4e-07
3419,8.4e-07
3420,8.4e-07
3421,8.4e-07
3422,8.4e-07
3423,8.4e-07
3424,8.4e-07
3425,8.4e-07
3426,8.4e-07
3427,8.4e-07
3428,8.4e-07
3429,8.3e-07
3430,8.3e-07
3431,8.4e-07
3432,8.4e-07
3433,8.4e-07
3434,8.4e-07
3435,8.4e-07
3436,8.4e-07
3437,8.4e-07
3438,8.4e-07
3439,8.4e-07
3440,8.4e-07
3441,8.4e-07
3442,8.3e-07
3443,8.4e-07
3444,8.3e-07
3445,8.3e-07
3446,8.4e-07
3447,8.4e-07
3448,8.3e-07
3449,8.3e-07
3450,8.3e-07
3451,8.3e-07
3452,8.4e-07
3453,8.4e-07
3454,8.4e-07
3455,8.4e-07
3456,8.3e-07
3457,8.3e-07
3458,8.3e-07
3459,8.3e-07
3460,8.3e-07
3461,8.3e-07
3462,8.3e-07
3463,8.3e-07
3464,8.3e-07
3465,8.3e-07
3466,8.3e-07
3467,8.3e-07
3468,8.3e-07
3469,8.3e-07
3470,8.3e-07
3471,8.3e-07
3472,8.3e-07
3473,8.4e-07
3474,8.4e-07
3475,8.4e-07
3476,8.4e-07
3477,8.3e-07
3478,8.3e-07
3479,8.3e-07
3480,8.3e-07
3481,8.4e-07
3482,8.3e-07
3483,8.3e-07
3484,8.3e-07
3485,8.4e-07
3486,8.4e-07
3487,8.4e-07
3488,8.4e-07
3489,8.4e-07
3490,8.4e-07
3491,8.4e-07
3492,8.4e-07
3493,8.4e-07
3494,8.3e-07
3495,8.3e-07
3496,8.4e-07
3497,8.4e-07
3498,8.4e-07
3499,8.4e-07
3500,8.3e-07
3501,8.4e-07
3502,8.4e-07
3503,8.4e-07
3504,8.4e-07
3505,8.4e-07
3506,8.3e-07
3507,8.3e-07
3508,8.4e-07
3509,8.5e-07
3510,8.3e-07
3511,8.3e-07
3512,8.4e-07
3513,8.4e-07
3514,8.4e-07
3515,8.4e-07
3516,8.4e-07
3517,8.3e-07
3518,8.3e-07
3519,8.4e-07
3520,8.3e-07
3521,8.3e-07
3522,8.3e-07
3523,8.4e-07
3524,8.5e-07
3525,8.5e-07
3526,8.4e-07
3527,8.4e-07
3528,8.4e-07
3529,8.4e-07
3530,8.4e-07
3531,8.4e-07
3532,8.4e-07
3533,8.4e-07
3534,8.4e-07
3535,8.4e-07
3536,8.4e-07
3537,8.4e-07
3538,8.4e-07
3539,8.3e-07
3540,8.4e-07
3541,8.4e-07
3542,8.4e-07
3543,8.4e-07
3544,8.4e-07
3545,8.3e-07
3546,8.4e-07
3547,8.4e-07
3548,8.4e-07
3549,8.4e-07
3550,8.4e-07
3551,8.4e-07
3552,8.4e-07
3553,8.4e-07
3554,8.4e-07
3555,8.5e-07
3556,8.4e-07
3557,8.4e-07
3558,8.4e-07
3559,8.4e-07
3560,8.4e-07
3561,8.4e-07
3562,8.4e-07
3563,8.5e-07
3564,8.5e-07
3565,8.5e-07
3566,8.4e-07
3567,8.4e-07
3568,8.4e-07
3569,8.4e-07
3570,8.4e-07
3571,8.4e-07
3572,8.4e-07
3573,8.5e-07
3574,8.5e-07
3575,8.4e-07
3576,8.4e-07
3577,8.5e-07
3578,8.5e-07
3579,8.5e-07
3580,8.5e-07
3581,8.5e-07
3582,8.4e-07
3583,8.5e-07
3584,8.4e-07
3585,8.5e-07
3586,8.5e-07
3587,8.4e-07
3588,8.4e-07
3589,8.4e-07
3590,8.4e-07
3591,8.4e-07
3592,8.4e-07
3593,8.5e-07
3594,8.4e-07
3595,8.4e-07
3596,8.4e-07
3597,8.5e-07
3598,8.4e-07
3599,8.5e-07
3600,8.4e-07
3601,8.5e-07
3602,8.4e-07
3603,8.5e-07
3604,8.4e-07
3605,8.4e-07
3606,8.4e-07
3607,8.4e-07
3608,8.5e-07
3609,8.4e-07
3610,8.4e-07
3611,8.4e-07
3612,8.3e-07
3613,8.3e-07
3614,8.3e-07
3615,8.3e-07
3616,8.4e-07
3617,8.4e-07
3618,8.4e-07
3619,8.3e-07
3620,8.3e-07
3621,8.4e-07
3622,8.3e-07
3623,8.4e-07
3624,8.4e-07
3625,8.4e-07
3626,8.4e-07
3627,8.4e-07
3628,8.4e-07
3629,8.4e-07
3630,8.4e-07
3631,8.4e-07
3632,8.4e-07
3633,8.4e-07
3634,8.4e-07
3635,8.4e-07
3636,8.4e-07
3637,8.4e-07
3638,8.4e-07
3639,8.3e-07
3640,8.3e-07
3641,8.3e-07
3642,8.4e-07
3643,8.4e-07
3644,8.3e-07
3645,8.3e-07
3646,8.3e-07
3647,8.4e-07
3648,8.4e-07
3649,8.3e-07
3650,8.3e-07
3651,8.4e-07
3652,8.3e-07
3653,8.4e-07
3654,8.4e-07
3655,8.4e-07
3656,8.4e-07
3657,8.4e-07
3658,8.4e-07
3659,8.4e-07
3660,8.4e-07
3661,8.4e-07
3662,8.4e-07
3663,8.4e-07
3664,8.4e-07
3665,8.4e-07
3666,8.4e-07
3667,8.4e-07
3668,8.4e-07
3669,8.4e-07
3670,8.4e-07
3671,8.4e-07
3672,8.4e-07
3673,8.4e-07
3674,8.4e-07
3675,8.4e-07
3676,8.4e-07
3677,8.4e-07
3678,8.5e-07
3679,8.5e-07
3680,8.3e-07
3681,8.3e-07
3682,8.3e-07
3683,8.4e-07
3684,8.4e-07
3685,8.4e-07
3686,8.4e-07
3687,8.4e-07
3688,8.4e-07
3689,8.4e-07
3690,8.4e-07
3691,8.4e-07
3692,8.3e-07
3693,8.3e-07
3694,8.4e-07
3695,8.4e-07
3696,8.3e-07
3697,8.4e-07
3698,8.3e-07
3699,8.3e-07
3700,8.3e-07
3701,8.4e-07
3702,8.4e-07
3703,8.3e-07
3704,8.3e-07
3705,8.3e-07
3706,8.3e-07
3707,8.3e-07
3708,8.4e-07
3709,8.4e-07
3710,8.4e-07
3711,8.4e-07
3712,8.4e-07
3713,8.4e-07
3714,8.4e-07
3715,8.4e-07
3716,8.4e-07
3717,8.4e-07
3718,8.4e-07
3719,8.4e-07
3720,8.4e-07
3721,8.4e-07
3722,8.4e-07
3723,8.4e-07
3724,8.4e-07
3725,8.4e-07
3726,8.3e-07
3727,8.3e-07
3728,8.3e-07
3729,8.3e-07
3730,8.4e-07
3731,8.4e-07
3732,8.4e-07
3733,8.4e-07
3734,8.4e-07
3735,8.4e-07
3736,8.4e-07
3737,8.4e-07
3738,8.4e-07
3739,8.4e-07
3740,8.3e-07
3741,8.3e-07
3742,8.3e-07
3743,8.3e-07
3744,8.3e-07
3745,8.3e-07
3746,8.3e-07
3747,8.3e-07
3748,8.4e-07
3749,8.4e-07
3750,8.4e-07
3751,8.4e-07
3752,8.4e-07
3753,8.4e-07
3754,8.3e-07
3755,8.3e-07
3756,8.4e-07
3757,8.4e-07
3758,8.4e-07
3759,8.3e-07
3760,8.4e-07
3761,8.4e-07
3762,8.4e-07
3763,8.4e-07
3764,8.4e-07
3765,8.4e-07
3766,8.4e-07
3767,8.4e-07
3768,8.4e-07
3769,8.3e-07
3770,8.4e-07
3771,8.4e-07
3772,8.4e-07
3773,8.4e-07
3774,8.4e-07
3775,8.4e-07
3776,8.3e-07
3777,8.4e-07
3778,8.3e-07
3779,8.3e-07
3780,8.4e-07
3781,8.4e-07
3782,8.4e-07
3783,8.3e-07
3784,8.3e-07
3785,8.4e-07
3786,8.4e-07
3787,8.4e-07
3788,8.4e-07
3789,8.4e-07
3790,8.3e-07
3791,8.4e-07
3792,8.4e-07
3793,8.4e-07
3794,8.4e-07
3795,8.3e-07
3796,8.4e-07
3797,8.3e-07
3798,8.3e-07
3799,8.3e-07
3800,8.3e-07
3801,8.3e-07
3802,8.3e-07
3803,8.4e-07
3804,8.4e-07
3805,8.4e-07
3806,8.3e-07
3807,8.4e-07
3808,8.4e-07
3809,8.3e-07
3810,8.3e-07
3811,8.3e-07
3812,8.4e-07
3813,8.4e-07
3814,8.4e-07
3815,8.4e-07
3816,8.4e-07
3817,8.3e-07
3818,8.4e-07
3819,8.4e-07
3820,8.3e-07
3821,8.3e-07
3822,8.3e-07
3823,8.4e-07
3824,8.4e-07
3825,8.4e-07
3826,8.4e-07
3827,8.3e-07
3828,8.3e-07
3829,8.4e-07
3830,8.3e-07
3831,8.4e-07
3832,8.4e-07
3833,8.4e-07
3834,8.3e-07
3835,8.3e-07
3836,8.4e-07
3837,8.3e-07
3838,8.3e-07
3839,8.4e-07
3840,8.4e-07
3841,8.4e-07
3842,8.4e-07
3843,8.3e-07
3844,8.3e-07
3845,8.3e-07
3846,8.3e-07
3847,8.4e-07
3848,8.4e-07
3849,8.4e-07
3850,8.4e-07
3851,8.3e-07
3852,8.4e-07
3853,8.4e-07
3854,8.4e-07
3855,8.3e-07
3856,8.3e-07
3857,8.4e-07
3858,8.4e-07
3859,8.3e-07
3860,8.4e-07
3861,8.3e-07
3862,8.3e-07
3863,8.3e-07
3864,8.3e-07
3865,8.4e-07
3866,8.4e-07
3867,8.3e-07
3868,8.4e-07
3869,8.4e-07
3870,8.4e-07
3871,8.3e-07
3872,8.4e-07
3873,8.4e-07
3874,8.4e-07
3875,8.4e-07
3876,8.3e-07
3877,8.3e-07
3878,8.3e-07
3879,8.3e-07
3880,8.3e-07
3881,8.4e-07
3882,8.4e-07
3883,8.4e-07
3884,8.4e-07
3885,8.4e-07
3886,8.4e-07
3887,8.4e-07
3888,8.4e-07
3889,8.3e-07
3890,8.3e-07
3891,8.3e-07
3892,8.3e-07
3893,8.3e-07
3894,8.4e-07
3895,8.3e-07
3896,8.4e-07
3897,8.4e-07
3898,8.4e-07
3899,8.3e-07
3900,8.3e-07
3901,8.4e-07
3902,8.4e-07
3903,8.3e-07
3904,8.4e-07
3905,8.4e-07
3906,8.4e-07
3907,8.3e-07
3908,8.3e-07
3909,8.3e-07
3910,8.3e-07
3911,8.3e-07
3912,8.3e-07
3913,8.3e-07
3914,8.4e-07
3915,8.3e-07
3916,8.3e-07
3917,8.4e-07
3918,8.4e-07
3919,8.3e-07
3920,8.3e-07
3921,8.4e-07
3922,8.3e-07
3923,8.3e-07
3924,8.4e-07
3925,8.4e-07
3926,8.4e-07
3927,8.4e-07
3928,8.4e-07
3929,8.4e-07
3930,8.4e-07
3931,8.4e-07
3932,8.4e-07
3933,8.4e-07
3934,8.4e-07
3935,8.4e-07
3936,8.4e-07
3937,8.4e-07
3938,8.4e-07
3939,8.3e-07
3940,8.3e-07
3941,8.3e-07
3942,8.3e-07
3943,8.3e-07
3944,8.3e-07
3945,8.3e-07
3946,8.3e-07
3947,8.3e-07
3948,8.3e-07
3949,8.3e-07
3950,8.3e-07
3951,8.4e-07
3952,8.4e-07
3953,8.4e-07
3954,8.4e-07
3955,8.3e-07
3956,8.3e-07
3957,8.3e-07
3958,8.4e-07
3959,8.4e-07
3960,8.4e-07
3961,8.4e-07
3962,8.4e-07
3963,8.4e-07
3964,8.4e-07
3965,8.3e-07
3966,8.3e-07
3967,8.3e-07
3968,8.3e-07
3969,8.3e-07
3970,8.3e-07
3971,8.3e-07
3972,8.4e-07
3973,8.3e-07
3974,8.4e-07
3975,8.3e-07
3976,8.3e-07
3977,8.3e-07
3978,8.3e-07
3979,8.4e-07
3980,8.4e-07
3981,8.4e-07
3982,8.4e-07
3983,8.4e-07
3984,8.4e-07
3985,8.4e-07
3986,8.3e-07
3987,8.3e-07
3988,8.3e-07
3989,8.3e-07
3990,8.3e-07
3991,8.3e-07
3992,8.4e-07
3993,8.4e-07
3994,8.4e-07
3995,8.3e-07
3996,8.3e-07
3997,8.3e-07
3998,8.4e-07
3999,8.3e-07
4000,8.3e-07
4001,8.3e-07
4002,8.3e-07
4003,8.4e-07
4004,8.4e-07
4005,8.4e-07
4006,8.4e-07
4007,8.4e-07
4008,8.4e-07
4009,8.4e-07
4010,8.4e-07
4011,8.4e-07
4012,8.4e-07
4013,8.4e-07
4014,8.4e-07
4015,8.4e-07
4016,8.3e-07
4017,8.4e-07
4018,8.3e-07
4019,8.3e-07
4020,8.3e-07
4021,8.3e-07
4022,8.3e-07
4023,8.3e-07
4024,8.3e-07
4025,8.4e-07
4026,8.4e-07
4027,8.3e-07
4028,8.3e-07
4029,8.3e-07
4030,8.3e-07
4031,8.3e-07
4032,8.3e-07
4033,8.3e-07
4034,8.3e-07
4035,8.3e-07
4036,8.4e-07
4037,8.3e-07
4038,8.4e-07
4039,8.3e-07
4040,8.4e-07
4041,8.4e-07
4042,8.4e-07
4043,8.3e-07
4044,8.3e-07
4045,8.4e-07
4046,8.4e-07
4047,8.4e-07
4048,8.3e-07
4049,8.4e-07
4050,8.4e-07
4051,8.4e-07
4052,8.3e-07
4053,8.4e-07
4054,8.3e-07
4055,8.4e-07
4056,8.3e-07
4057,8.3e-07
4058,8.3e-07
4059,8.4e-07
4060,8.4e-07
4061,8.4e-07
4062,8.3e-07
4063,8.3e-07
4064,8.3e-07
4065,8.3e-07
4066,8.3e-07
4067,8.3e-07
4068,8.3e-07
4069,8.4e-07
4070,8.3e-07
4071,8.3e-07
4072,8.4e-07
4073,8.3e-07
4074,8.3e-07
4075,8.4e-07
4076,8.3e-07
4077,8.3e-07
4078,8.4e-07
4079,8.3e-07
4080,8.4e-07
4081,8.4e-07
4082,8.3e-07
4083,8.3e-07
4084,8.3e-07
4085,8.3e-07
4086,8.3e-07
4087,8.3e-07
4088,8.4e-07
4089,8.4e-07
4090,8.4e-07
4091,8.4e-07
4092,8.4e-07
4093,8.4e-07
4094,8.4e-07
4095,8.3e-07
4096,8.4e-07
4097,8.4e-07
4098,8.4e-07
4099,8.3e-07
4100,8.3e-07
4101,8.3e-07
4102,8.3e-07
4103,8.3e-07
4104,8.3e-07
4105,8.3e-07
4106,8.3e-07
4107,8.3e-07
4108,8.3e-07
4109,8.3e-07
4110,8.4e-07
4111,8.4e-07
4112,8.4e-07
4113,8.4e-07
4114,8.4e-07
4115,8.4e-07
4116,8.3e-07
4117,8.3e-07
4118,8.3e-07
4119,8.3e-07
4120,8.3e-07
4121,8.3e-07
4122,8.3e-07
4123,8.3e-07
4124,8.4e-07
4125,8.4e-07
4126,8.3e-07
4127,8.4e-07
4128,8.4e-07
4129,8.4e-07
4130,8.4e-07
4131,8.3e-07
4132,8.3e-07
4133,8.3e-07
4134,8.4e-07
4135,8.4e-07
4136,8.4e-07
4137,8.4e-07
4138,8.4e-07
4139,8.3e-07
4140,8.4e-07
4141,8.3e-07
4142,8.3e-07
4143,8.3e-07
4144,8.3e-07
4145,8.3e-07
4146,8.4e-07
4147,8.4e-07
4148,8.3e-07
4149,8.3e-07
4150,8.4e-07
4151,8.4e-07
4152,8.4e-07
4153,8.4e-07
4154,8.4e-07
4155,8.4e-07
4156,8.4e-07
4157,8.3e-07
4158,8.4e-07
4159,8.3e-07
4160,8.3e-07
4161,8.3e-07
4162,8.3e-07
4163,8.3e-07
4164,8.3e-07
4165,8.3e-07
4166,8.4e-07
4167,8.4e-07
4168,8.3e-07
4169,8.4e-07
4170,8.4e-07
4171,8.3e-07
4172,8.3e-07
4173,8.3e-07
4174,8.3e-07
4175,8.3e-07
4176,8.4e-07
4177,8.4e-07
4178,8.3e-07
4179,8.3e-07
4180,8.3e-07
4181,8.3e-07
4182,8.3e-07
4183,8.4e-07
4184,8.4e-07
4185,8.4e-07
4186,8.4e-07
4187,8.4e-07
4188,8.4e-07
4189,8.4e-07
4190,8.4e-07
4191,8.4e-07
4192,8.4e-07
4193,8.4e-07
4194,8.4e-07
4195,8.4e-07
4196,8.4e-07
4197,8.4e-07
4198,8.4e-07
4199,8.4e-07
4200,8.4e-07
4201,8.4e-07
4202,8.4e-07
4203,8.4e-07
4204,8.4e-07
4205,8.4e-07
4206,8.4e-07
4207,8.4e-07
4208,8.4e-07
4209,8.4e-07
4210,8.4e-07
4211,8.4e-07
4212,8.4e-07
4213,8.4e-07
4214,8.4e-07
4215,8.4e-07
4216,8.4e-07
4217,8.4e-07
4218,8.4e-07
4219,8.4e-07
4220,8.4e-07
4221,8.4e-07
4222,8.4e-07
4223,8.4e-07
4224,8.4e-07
4225,8.4e-07
4226,8.4e-07
4227,8.4e-07
4228,8.4e-07
4229,8.4e-07
4230,8.4e-07
4231,8.4e-07
4232,8.4e-07
4233,8.4e-07
4234,8.4e-07
4235,8.4e-07
4236,8.4e-07
4237,8.3e-07
4238,8.4e-07
4239,8.4e-07
4240,8.4e-07
4241,8.4e-07
4242,8.4e-07
4243,8.4e-07
4244,8.4e-07
4245,8.4e-07
4246,8.4e-07
4247,8.4e-07
4248,8.4e-07
4249,8.4e-07
4250,8.4e-07
4251,8.4e-07
4252,8.4e-07
4253,8.4e-07
4254,8.4e-07
4255,8.4e-07
4256,8.4e-07
4257,8.4e-07
4258,8.4e-07
4259,8.4e-07
4260,8.4e-07
4261,8.4e-07
4262,8.4e-07
4263,8.4e-07
4264,8.4e-07
4265,8.4e-07
4266,8.4e-07
4267,8.4e-07
4268,8.4e-07
4269,8.4e-07
4270,8.4e-07
4271,8.4e-07
4272,8.4e-07
4273,8.4e-07
4274,8.4e-07
4275,8.4e-07
4276,8.4e-07
4277,8.4e-07
4278,8.4e-07
4279,8.4e-07
4280,8.4e-07
4281,8.4e-07
4282,8.4e-07
4283,8.4e-07
