0,0.02385926
1,0.02385926
2,0.02385926
3,0.02385926
4,0.02385926
5,0.02385926
6,0.02397582
7,0.02409927
8,0.02409927
9,0.02409927
10,0.02409927
11,0.02409927
12,0.02408755
13,0.02408755
14,0.02408755
15,0.02408755
16,0.02408755
17,0.02408755
18,0.02408755
19,0.02408755
20,0.02408717
21,0.02409998
22,0.0241
23,0.0241
24,0.0241
25,0.0241
26,0.02409469
27,0.02409469
28,0.02409469
29,0.02409469
30,0.02409469
31,0.02409469
32,0.024095
33,0.024095
34,0.024095
35,0.024095
36,0.024095
37,0.024095
38,0.024095
39,0.024095
40,0.02409939
41,0.02409939
42,0.02409939
43,0.02412287
44,0.02414741
45,0.02414741
46,0.02414741
47,0.02414741
48,0.02414741
49,0.02414741
50,0.02414741
51,0.02414741
52,0.02414741
53,0.02412287
54,0.02412287
55,0.02412287
56,0.02412287
57,0.02412287
58,0.02414741
59,0.02414741
60,0.02414741
61,0.02414741
62,0.02414741
63,0.02414741
64,0.02414496
65,0.02412287
66,0.02412287
67,0.02412287
68,0.02412287
69,0.02414741
70,0.02414741
71,0.02414741
72,0.02415065
73,0.02415065
74,0.02415065
75,0.02415065
76,0.02416361
77,0.02416819
78,0.02416819
79,0.02416361
80,0.02416819
81,0.02416819
82,0.02415065
83,0.02415065
84,0.02415065
85,0.02415065
86,0.02415065
87,0.02415065
88,0.02415065
89,0.02415065
90,0.02415065
91,0.02415065
92,0.02415065
93,0.02415065
94,0.02415065
95,0.02415065
96,0.02415065
97,0.02415065
98,0.02415065
99,0.02415415
100,0.02415415
101,0.02415415
102,0.024095
103,0.024095
104,0.02408684
105,0.02391556
106,0.02391556
107,0.02385901
108,0.02385901
109,0.02385901
110,0.02385901
111,0.02414741
112,0.02414741
113,0.02414741
114,0.02414741
115,0.02414741
116,0.02414741
117,0.02414741
118,0.02414741
119,0.02414741
120,0.02414741
121,0.02414741
122,0.02414741
123,0.02414741
124,0.02414741
125,0.02414741
126,0.02414741
127,0.02414741
128,0.02414741
129,0.0241547
130,0.02415472
131,0.02415472
132,0.02416819
133,0.02417611
134,0.02417611
135,0.02418031
136,0.02414741
137,0.02414741
138,0.02428021
139,0.02428021
140,0.02428021
141,0.02428021
142,0.02414741
143,0.02414741
144,0.02428112
145,0.02428112
146,0.02428112
147,0.02428112
148,0.02428112
149,0.02428112
150,0.02428112
151,0.02428112
152,0.02414741
153,0.02414741
154,0.02414741
155,0.02414741
156,0.02414741
157,0.02414741
158,0.02414741
159,0.02414741
160,0.02414741
161,0.02414741
162,0.02414741
163,0.02414741
164,0.02414741
165,0.02414741
166,0.02414741
167,0.02414741
168,0.02414741
169,0.02414741
170,0.02414741
171,0.02414741
172,0.02414741
173,0.02414741
174,0.02414741
175,0.02414741
176,0.02414741
177,0.02414741
178,0.02414741
179,0.02414741
180,0.02414741
181,0.0243
182,0.0243
183,0.0243
184,0.02430013
185,0.02431301
186,0.02431412
187,0.02430013
188,0.02430013
189,0.02430013
190,0.02414742
191,0.02414742
192,0.02414741
193,0.02414741
194,0.02430013
195,0.02430013
196,0.02430013
197,0.02430013
198,0.02430013
199,0.02406519
200,0.02406519
201,0.02431411
202,0.02431411
203,0.02431411
204,0.02431411
205,0.02431411
206,0.02431411
207,0.02431411
208,0.02431411
209,0.02431411
210,0.02431411
211,0.02431411
212,0.02431411
213,0.02431411
214,0.02431411
215,0.02431411
216,0.02431411
217,0.02431411
218,0.02431411
219,0.02431411
220,0.02431411
221,0.02431411
222,0.02431411
223,0.02431411
224,0.02431411
225,0.02431411
226,0.02414
227,0.02414
228,0.02414
229,0.02414
230,0.02414
231,0.02414
232,0.02414
233,0.02414
234,0.02400638
235,0.02400638
236,0.0243141
237,0.0243141
238,0.0243141
239,0.0243141
240,0.0243141
241,0.0243141
242,0.0243141
243,0.0243141
244,0.0243141
245,0.0243141
246,0.0243141
247,0.0243141
248,0.0243141
249,0.0243141
250,0.0243141
251,0.0243141
252,0.0243141
253,0.0243141
254,0.0243141
255,0.0243141
256,0.0243141
257,0.0243141
258,0.0243141
259,0.0243141
260,0.0243141
261,0.0243141
262,0.0243141
263,0.0243141
264,0.0243141
265,0.0243141
266,0.0243141
267,0.0243141
268,0.0243141
269,0.0243141
270,0.0243141
271,0.0243141
272,0.0243141
273,0.0243141
274,0.0243141
275,0.0243141
276,0.0243141
277,0.0243141
278,0.0243141
279,0.0243141
280,0.0243141
281,0.0243141
282,0.0240837
283,0.0240837
284,0.0240837
285,0.0240837
286,0.0240837
287,0.0240837
288,0.0240837
289,0.0240837
290,0.0240837
291,0.0240837
292,0.0240837
293,0.0240837
294,0.02370654
295,0.02370678
296,0.02369484
297,0.02369475
298,0.02369475
299,0.02369476
300,0.02369476
301,0.02369476
302,0.02369476
303,0.02369476
304,0.02369476
305,0.02369476
306,0.02369476
307,0.02369476
308,0.02369476
309,0.02369476
310,0.02369476
311,0.02369476
312,0.0236895
313,0.0236895
314,0.0236895
315,0.0236895
316,0.02368695
317,0.02368695
318,0.0236895
319,0.0236895
320,0.0236895
321,0.0236895
322,0.0236895
323,0.0236895
324,0.0236895
325,0.0236895
326,0.0236895
327,0.02368132
328,0.02368699
329,0.02368699
330,0.02368699
331,0.02368699
332,0.02368699
333,0.02368699
334,0.02368699
335,0.02368699
336,0.02368699
337,0.02368699
338,0.02368699
339,0.02368699
340,0.02368699
341,0.02368699
342,0.02368699
343,0.02368699
344,0.02368699
345,0.02368699
346,0.02368699
347,0.02368699
348,0.02368699
349,0.02368699
350,0.02368699
351,0.02364046
352,0.02368699
353,0.02368699
354,0.02368699
355,0.02368699
356,0.02387094
357,0.02364283
358,0.02371629
359,0.0238922
360,0.02387956
361,0.02387956
362,0.02387956
363,0.02387956
364,0.02387093
365,0.02387093
366,0.02387093
367,0.02389056
368,0.02389056
369,0.02389056
370,0.02387093
371,0.02389056
372,0.02389056
373,0.02389056
374,0.02389056
375,0.02389056
376,0.02389056
377,0.02409722
378,0.02409722
379,0.02409722
380,0.024
381,0.024
382,0.024
383,0.024
384,0.024
385,0.024
386,0.02389056
387,0.02389056
388,0.02389056
389,0.02389056
390,0.02389056
391,0.02389056
392,0.02389056
393,0.02389056
394,0.02389056
395,0.02389056
396,0.02389056
397,0.02389056
398,0.02409758
399,0.02409758
400,0.02409758
401,0.02409758
402,0.02409758
403,0.02409758
404,0.02409758
405,0.02409758
406,0.02409761
407,0.02409761
408,0.02409761
409,0.02411091
410,0.02411091
411,0.02431531
412,0.02428214
413,0.02431532
414,0.02431532
415,0.02431532
416,0.02431532
417,0.02431532
418,0.02431532
419,0.02431532
420,0.02431532
421,0.02431532
422,0.02431532
423,0.02431532
424,0.02431532
425,0.02432532
426,0.02432532
427,0.02432532
428,0.02432532
429,0.02432532
430,0.02433
431,0.02432532
432,0.02440228
433,0.02440228
434,0.02440228
435,0.02446237
436,0.02446237
437,0.02446237
438,0.02446237
439,0.02446237
440,0.02446237
441,0.02446237
442,0.02446237
443,0.02446237
444,0.02446237
445,0.02446237
446,0.0245489
447,0.0245489
448,0.0245489
449,0.0245489
450,0.0245489
451,0.0245489
452,0.0245489
453,0.0245489
454,0.0245489
455,0.0245489
456,0.0245489
457,0.0245489
458,0.0245489
459,0.0245489
460,0.02454915
461,0.02454915
462,0.02454915
463,0.02454915
464,0.02458203
465,0.02458203
466,0.02458203
467,0.02458204
468,0.02458204
469,0.02458204
470,0.02486279
471,0.02486279
472,0.0248628
473,0.02486279
474,0.02486279
475,0.02492678
476,0.02486279
477,0.02486279
478,0.02486279
479,0.02486279
480,0.02486279
481,0.02486279
482,0.02486279
483,0.02486279
484,0.0248628
485,0.02486279
486,0.02486279
487,0.02486279
488,0.02486279
489,0.02486279
490,0.02486279
491,0.02486279
492,0.02486279
493,0.02486279
494,0.02458931
495,0.02458273
496,0.0243407
497,0.0246084
498,0.0243899
499,0.0243899
500,0.0243899
501,0.0243899
502,0.0243899
503,0.0243899
504,0.0243899
505,0.0243899
506,0.0243899
507,0.0243899
508,0.0243899
509,0.0243899
510,0.0243899
511,0.0243899
512,0.0243899
513,0.0243899
514,0.0243899
515,0.0243899
516,0.0243899
517,0.0243899
518,0.0243899
519,0.0243899
520,0.0243899
521,0.0243899
522,0.0243899
523,0.0243899
524,0.0243899
525,0.0243899
526,0.0243899
527,0.0243899
528,0.0243899
529,0.02476371
530,0.02476371
531,0.02476371
532,0.02460841
533,0.02460841
534,0.02460841
535,0.02476372
536,0.02476372
537,0.02460841
538,0.02460841
539,0.02460841
540,0.02460841
541,0.02484211
542,0.02484211
543,0.02484211
544,0.02484211
545,0.02484211
546,0.02484211
547,0.02484211
548,0.0248421
549,0.0248421
550,0.0248421
551,0.0248421
552,0.0248421
553,0.0248421
554,0.0248421
555,0.0248421
556,0.0248421
557,0.0248421
558,0.0248421
559,0.0248421
560,0.0248421
561,0.0248421
562,0.0248421
563,0.0248421
564,0.02441604
565,0.02441604
566,0.02441604
567,0.02441604
568,0.02441604
569,0.02441604
570,0.02441604
571,0.02441604
572,0.02441604
573,0.02441604
574,0.02441604
575,0.02441604
576,0.02441604
577,0.02441604
578,0.02441604
579,0.02441604
580,0.02462849
581,0.02462849
582,0.02462849
583,0.02462849
584,0.02462849
585,0.02462849
586,0.02462849
587,0.02462849
588,0.02462849
589,0.02462849
590,0.02462849
591,0.02462849
592,0.02462849
593,0.02462849
594,0.02462849
595,0.02439053
596,0.02439053
597,0.02439053
598,0.02439053
599,0.02439053
600,0.02439053
601,0.02439053
602,0.02439053
603,0.02439053
604,0.02439053
605,0.02439053
606,0.02439053
607,0.02439053
608,0.02439053
609,0.02439053
610,0.02439053
611,0.02439053
612,0.02439053
613,0.02479832
614,0.0247982
615,0.0247982
616,0.0247982
617,0.0247982
618,0.0247982
619,0.0247982
620,0.0247982
621,0.0247982
622,0.0247982
623,0.02479707
624,0.02479707
625,0.02479707
626,0.02479707
627,0.02479707
628,0.02479707
629,0.02479707
630,0.02479707
631,0.02479707
632,0.02479707
633,0.02479707
634,0.02479707
635,0.02479707
636,0.02479707
637,0.02479707
638,0.02479707
639,0.02479707
640,0.02479707
641,0.02479707
642,0.02479707
643,0.02479707
644,0.02479707
645,0.02479707
646,0.02479707
647,0.02479707
648,0.02479707
649,0.02479707
650,0.02479707
651,0.02479707
652,0.02479381
653,0.02479381
654,0.02479381
655,0.02479381
656,0.02479381
657,0.02479381
658,0.0247936
659,0.0247936
660,0.0247936
661,0.0247936
662,0.0247936
663,0.0247936
664,0.0247936
665,0.0247936
666,0.0247936
667,0.0247936
668,0.02441886
669,0.02441886
670,0.02441886
671,0.02441886
672,0.02441886
673,0.02441886
674,0.02441886
675,0.02441886
676,0.02441886
677,0.02441886
678,0.02441886
679,0.02441886
680,0.02441886
681,0.02441886
682,0.02441886
683,0.02441886
684,0.02441886
685,0.02441886
686,0.02441886
687,0.02441886
688,0.02441886
689,0.02441886
690,0.02441886
691,0.02441886
692,0.02441886
693,0.02441886
694,0.02441886
695,0.02441886
696,0.02441886
697,0.02441886
698,0.02441886
699,0.02443016
700,0.02443016
701,0.02443016
702,0.02443016
703,0.02443016
704,0.02443016
705,0.02443016
706,0.02477908
707,0.02477908
708,0.02477908
709,0.02477908
710,0.02477908
711,0.02477908
712,0.02477908
713,0.02477892
714,0.02477892
715,0.02477892
716,0.02477892
717,0.02477892
718,0.02477892
719,0.02477892
720,0.02477892
721,0.02477877
722,0.02477877
723,0.02477877
724,0.02477877
725,0.02477877
726,0.02477877
727,0.02447173
728,0.02447173
729,0.02447173
730,0.02447173
731,0.02447173
732,0.02447437
733,0.02447437
734,0.02447437
735,0.02447437
736,0.02477905
737,0.02477905
738,0.02477905
739,0.02477905
740,0.02477907
741,0.0247791
742,0.0247791
743,0.0247791
744,0.02477914
745,0.02477914
746,0.02477914
747,0.0248
748,0.02449799
749,0.02449799
750,0.0248416
751,0.0248416
752,0.0248416
753,0.0248416
754,0.02457301
755,0.0248416
756,0.0247791
757,0.0247791
758,0.02484616
759,0.02484616
760,0.02484615
761,0.02484615
762,0.02484615
763,0.02484616
764,0.02484616
765,0.02484616
766,0.02484616
767,0.02484616
768,0.02484616
769,0.02484616
770,0.02484616
771,0.02484616
772,0.02484616
773,0.02484616
774,0.02484616
775,0.02484616
776,0.0247791
777,0.0245738
778,0.0245738
779,0.0245738
780,0.0245738
781,0.0245738
782,0.0245738
783,0.0245126
784,0.0245126
785,0.0245126
786,0.02451259
787,0.02451259
788,0.02451259
789,0.02451259
790,0.02451259
791,0.02451259
792,0.02464
793,0.02464
794,0.02464
795,0.02464
796,0.02464
797,0.02464
798,0.02464
799,0.02464
800,0.02464
801,0.02464
802,0.02464
803,0.02464
804,0.02464
805,0.02464
806,0.02464
807,0.02464
808,0.02464
809,0.02464
810,0.02464
811,0.02464
812,0.02464
813,0.02464
814,0.02464
815,0.02464
816,0.02464
817,0.02464
818,0.02464
819,0.02464
820,0.02464
821,0.02464
822,0.02443355
823,0.02443355
824,0.02443355
825,0.02443355
826,0.02443355
827,0.02443355
828,0.02443355
829,0.02444145
830,0.02444162
831,0.02444162
832,0.02444162
833,0.02444162
834,0.02444162
835,0.02444162
836,0.02444225
837,0.02444225
838,0.02444225
839,0.02444225
840,0.02444225
841,0.02444225
842,0.02444225
843,0.02444225
844,0.02444225
845,0.02444225
846,0.02444225
847,0.02444225
848,0.02444225
849,0.02444225
850,0.02444225
851,0.02444225
852,0.02444225
853,0.02444225
854,0.02444225
855,0.02444225
856,0.02444225
857,0.02444225
858,0.02444225
859,0.02444225
860,0.02444225
861,0.02444225
862,0.02444225
863,0.02444225
864,0.02444225
865,0.02444225
866,0.02444225
867,0.02444225
868,0.02444225
869,0.02444225
870,0.02444225
871,0.02444225
872,0.02444225
873,0.02444225
874,0.02444225
875,0.02444225
876,0.02444225
877,0.02444225
878,0.02444225
879,0.02444225
880,0.02444225
881,0.02444225
882,0.02444225
883,0.02444225
884,0.02444225
885,0.02444225
886,0.02444225
887,0.02444225
888,0.02444225
889,0.02444225
890,0.02444225
891,0.02444225
892,0.02444225
893,0.02444225
894,0.0236986
895,0.02444756
896,0.02444756
897,0.02444756
898,0.0246608
899,0.02449671
900,0.02449681
901,0.02454657
902,0.02454657
903,0.02454657
904,0.02454657
905,0.02454657
906,0.02454657
907,0.02454657
908,0.02454657
909,0.02454657
910,0.02454657
911,0.02454657
912,0.02454657
913,0.02454657
914,0.02454657
915,0.02454657
916,0.02454657
917,0.02454657
918,0.02454657
919,0.02458075
920,0.02458075
921,0.02457813
922,0.02457794
923,0.02457794
924,0.02457794
925,0.02457794
926,0.02457769
927,0.02457769
928,0.02457769
929,0.0245774
930,0.0245774
931,0.0245774
932,0.0245774
933,0.0245774
934,0.0245774
935,0.0245774
936,0.0245774
937,0.0245834
938,0.02453971
939,0.02455947
940,0.02458341
941,0.02458341
942,0.02458341
943,0.02458341
944,0.02458341
945,0.02458341
946,0.02458341
947,0.02458341
948,0.02458341
949,0.02458341
950,0.02458341
951,0.02458341
952,0.02458341
953,0.02458341
954,0.02458341
955,0.02458341
956,0.02458341
957,0.02458341
958,0.02458341
959,0.02458341
960,0.02458341
961,0.02458341
962,0.02418837
963,0.02418837
964,0.02418837
965,0.02418837
966,0.0246031
967,0.0246031
968,0.0246031
969,0.0246031
970,0.0246031
971,0.0246031
972,0.0246031
973,0.0246031
974,0.0246031
975,0.0246031
976,0.0246031
977,0.0246031
978,0.02419599
979,0.02433702
980,0.02433702
981,0.02433702
982,0.02433702
983,0.02433702
984,0.02433702
985,0.02433702
986,0.02433702
987,0.02433702
988,0.0243872
989,0.0243872
990,0.0243872
991,0.02443865
992,0.02443917
993,0.02443917
994,0.02443917
995,0.02452
996,0.0243872
997,0.0243872
998,0.0243872
999,0.0243872
1000,0.0243872
1001,0.0242
1002,0.0242
1003,0.0242
1004,0.0242
1005,0.0242
1006,0.0242
1007,0.02411601
1008,0.02411601
1009,0.02411608
1010,0.02411608
1011,0.02411608
1012,0.02411608
1013,0.02411608
1014,0.02445788
1015,0.02445788
1016,0.02445788
1017,0.02445788
1018,0.02445788
1019,0.02445485
1020,0.02445485
1021,0.02445485
1022,0.02445485
1023,0.02445485
1024,0.02445485
1025,0.02445485
1026,0.02445485
1027,0.02445485
1028,0.02445485
1029,0.02445485
1030,0.02445485
1031,0.02445485
1032,0.02445485
1033,0.02445485
1034,0.02445485
1035,0.02445485
1036,0.02445485
1037,0.02445485
1038,0.02445485
1039,0.02445485
1040,0.02445485
1041,0.02445485
1042,0.02445485
1043,0.02445485
1044,0.02445485
1045,0.02445485
1046,0.02445485
1047,0.02445485
1048,0.02445485
1049,0.02432868
1050,0.02432868
1051,0.02432868
1052,0.02432868
1053,0.02432868
1054,0.02432868
1055,0.02432868
1056,0.02432868
1057,0.02432868
1058,0.02432868
1059,0.02432868
1060,0.02432868
1061,0.02411596
1062,0.02411596
1063,0.02411596
1064,0.02411596
1065,0.02411596
1066,0.02411596
1067,0.02424718
1068,0.02424718
1069,0.02424718
1070,0.02424718
1071,0.02424718
1072,0.02424718
1073,0.02424718
1074,0.02424718
1075,0.02424718
1076,0.02424718
1077,0.02424718
1078,0.02424718
1079,0.02424718
1080,0.02424718
1081,0.02424718
1082,0.02424718
1083,0.02424718
1084,0.02424718
1085,0.02424718
1086,0.02411596
1087,0.02411595
1088,0.02411595
1089,0.02411595
1090,0.02411595
1091,0.02419068
1092,0.02419068
1093,0.02419068
1094,0.02419052
1095,0.02419052
1096,0.02419019
1097,0.02419019
1098,0.02419019
1099,0.02419019
1100,0.02419019
1101,0.02419019
1102,0.02419019
1103,0.02419019
1104,0.02419019
1105,0.02418883
1106,0.02417014
1107,0.02417014
1108,0.02417014
1109,0.024
1110,0.024
1111,0.024
1112,0.024
1113,0.024
1114,0.024
1115,0.024
1116,0.024
1117,0.024
1118,0.02416161
1119,0.02416161
1120,0.02416161
1121,0.02416161
1122,0.02416157
1123,0.0241615
1124,0.0241615
1125,0.0241615
1126,0.0241615
1127,0.0241615
1128,0.0241615
1129,0.02416088
1130,0.02416088
1131,0.02416088
1132,0.02416088
1133,0.02416088
1134,0.02416088
1135,0.02416088
1136,0.02416088
1137,0.02416088
1138,0.02416088
1139,0.02416088
1140,0.02416088
1141,0.02416088
1142,0.02416088
1143,0.02416088
1144,0.02416088
1145,0.02416088
1146,0.02416088
1147,0.02416088
1148,0.024
1149,0.024
1150,0.024
1151,0.024
1152,0.024
1153,0.02399992
1154,0.02399991
1155,0.0239999
1156,0.02399982
1157,0.02399978
1158,0.02399978
1159,0.02399978
1160,0.02399978
1161,0.02399978
1162,0.02387157
1163,0.02387157
1164,0.02399913
1165,0.02399913
1166,0.02399913
1167,0.02399913
1168,0.02399913
1169,0.02399913
1170,0.02399913
1171,0.02399913
1172,0.02399913
1173,0.02399913
1174,0.02399913
1175,0.02399913
1176,0.02399913
1177,0.02399913
1178,0.02399913
1179,0.02399913
1180,0.02399913
1181,0.02399913
1182,0.02399913
1183,0.02399913
1184,0.02399913
1185,0.02399913
1186,0.02399913
1187,0.02399913
1188,0.02399913
1189,0.02399913
1190,0.02399913
1191,0.02399913
1192,0.02399913
1193,0.02399913
1194,0.02399913
1195,0.02399913
1196,0.02399913
1197,0.02399913
1198,0.02399913
1199,0.02399913
1200,0.02399913
1201,0.02399913
1202,0.02399913
1203,0.02399913
1204,0.02399913
1205,0.02399913
1206,0.02399913
1207,0.02399913
1208,0.02399913
1209,0.02369626
1210,0.02379891
1211,0.02379892
1212,0.02379891
1213,0.02379891
1214,0.02379882
1215,0.02379882
1216,0.02369626
1217,0.02379856
1218,0.02379856
1219,0.02379855
1220,0.02379847
1221,0.02379847
1222,0.02379847
1223,0.02379847
1224,0.02379847
1225,0.02379847
1226,0.02379819
1227,0.02369626
1228,0.02369626
1229,0.02369626
1230,0.02369626
1231,0.02369626
1232,0.02369626
1233,0.02369626
1234,0.02369626
1235,0.02379521
1236,0.02379513
1237,0.02379513
1238,0.02379513
1239,0.02379513
1240,0.02379513
1241,0.02379513
1242,0.02379513
1243,0.02392008
1244,0.02392008
1245,0.02392008
1246,0.02392008
1247,0.02392008
1248,0.02392008
1249,0.02392008
1250,0.02392008
1251,0.02392008
1252,0.02392008
1253,0.02392008
1254,0.02392008
1255,0.02392008
1256,0.02392008
1257,0.02392008
1258,0.02392008
1259,0.02392008
1260,0.02392008
1261,0.02392008
1262,0.02392008
1263,0.02392008
1264,0.02392008
1265,0.02392008
1266,0.02392008
1267,0.02392008
1268,0.02392008
1269,0.02392008
1270,0.02392008
1271,0.02392008
1272,0.02392008
1273,0.02392008
1274,0.02392008
1275,0.02392008
1276,0.02392008
1277,0.02392008
1278,0.023694
1279,0.023694
1280,0.023694
1281,0.023694
1282,0.02392884
1283,0.02392884
1284,0.02392884
1285,0.02392884
1286,0.02392884
1287,0.02392828
1288,0.02392828
1289,0.02392828
1290,0.02392828
1291,0.02392828
1292,0.02392828
1293,0.02392828
1294,0.02392828
1295,0.02392828
1296,0.02392828
1297,0.02392715
1298,0.02392715
1299,0.02392715
1300,0.02392715
1301,0.02392715
1302,0.02392715
1303,0.02392715
1304,0.02392715
1305,0.02392715
1306,0.02392715
1307,0.02392715
1308,0.02392715
1309,0.02392715
1310,0.02392715
1311,0.02392715
1312,0.02392715
1313,0.02392715
1314,0.02392715
1315,0.02392715
1316,0.02392715
1317,0.02392357
1318,0.02392357
1319,0.02392324
1320,0.02392324
1321,0.02369484
1322,0.02369484
1323,0.02369484
1324,0.02369484
1325,0.02369484
1326,0.02369484
1327,0.02369484
1328,0.02369484
1329,0.02369484
1330,0.02369484
1331,0.02369484
1332,0.02369484
1333,0.02369484
1334,0.02369484
1335,0.02369484
1336,0.02369484
1337,0.02369484
1338,0.02369484
1339,0.02369484
1340,0.02369484
1341,0.02369484
1342,0.02369484
1343,0.02369484
1344,0.02390795
1345,0.02390795
1346,0.02390795
1347,0.02390795
1348,0.02390795
1349,0.02390795
1350,0.02390795
1351,0.02390795
1352,0.02390795
1353,0.02390795
1354,0.02390795
1355,0.02390795
1356,0.02390795
1357,0.02390795
1358,0.02390795
1359,0.02390621
1360,0.02390621
1361,0.0239061
1362,0.0239061
1363,0.0239061
1364,0.0239061
1365,0.02390572
1366,0.02390572
1367,0.02390572
1368,0.02390572
1369,0.02390572
1370,0.02390572
1371,0.02390572
1372,0.02390572
1373,0.02390572
1374,0.02390572
1375,0.02390572
1376,0.02390572
1377,0.02390572
1378,0.02390572
1379,0.02390572
1380,0.02390572
1381,0.02390572
1382,0.02390572
1383,0.02390572
1384,0.02383232
1385,0.02383232
1386,0.02383232
1387,0.02383232
1388,0.02383232
1389,0.02383232
1390,0.02363
1391,0.02363
1392,0.02363
1393,0.02363
1394,0.02363
1395,0.02363
1396,0.02363
1397,0.02363
1398,0.02363
1399,0.02363
1400,0.02363
1401,0.02363
1402,0.02363
1403,0.02363
1404,0.02363
1405,0.02363
1406,0.02363
1407,0.02363
1408,0.02363
1409,0.02363
1410,0.02363
1411,0.02363
1412,0.02363
1413,0.02363
1414,0.02363
1415,0.02363
1416,0.02363
1417,0.02363
1418,0.02363
1419,0.02363
1420,0.02363
1421,0.02363
1422,0.02363
1423,0.02363
1424,0.02382704
1425,0.02382704
1426,0.02363
1427,0.02363
1428,0.02363
1429,0.02363
1430,0.02363
1431,0.02363
1432,0.02363
1433,0.02363
1434,0.02363
1435,0.02363
1436,0.02363
1437,0.02363
1438,0.02363
1439,0.02382574
1440,0.02382574
1441,0.02382574
1442,0.02382574
1443,0.02382574
1444,0.02382574
1445,0.02382574
1446,0.02382574
1447,0.02382574
1448,0.02382574
1449,0.02382574
1450,0.02382574
1451,0.02382574
1452,0.02382574
1453,0.02382574
1454,0.02382574
1455,0.02382574
1456,0.02382574
1457,0.02382574
1458,0.02382574
1459,0.02382574
1460,0.02382574
1461,0.02382574
1462,0.02382574
1463,0.02382574
1464,0.02382574
1465,0.02382574
1466,0.02382574
1467,0.02382574
1468,0.02382574
1469,0.02382574
1470,0.02382574
1471,0.02382574
1472,0.02382574
1473,0.02382574
1474,0.02382574
1475,0.02382574
1476,0.02382574
1477,0.02382574
1478,0.02382574
1479,0.02382574
1480,0.02382574
1481,0.02382574
1482,0.02382574
1483,0.02331638
1484,0.02331638
1485,0.02331638
1486,0.02331638
1487,0.02331638
1488,0.02331638
1489,0.02331638
1490,0.02331638
1491,0.02331638
1492,0.02331638
1493,0.02331638
1494,0.02331638
1495,0.02331638
1496,0.02382193
1497,0.02382193
1498,0.02382193
1499,0.02382193
1500,0.02357739
1501,0.02362149
1502,0.02362149
1503,0.02362149
1504,0.02365028
1505,0.02357811
1506,0.02357811
1507,0.02332546
1508,0.02332546
1509,0.02332546
1510,0.02332546
1511,0.02332546
1512,0.02332546
1513,0.02332546
1514,0.02332546
1515,0.02332546
1516,0.02332546
1517,0.0236491
1518,0.0236491
1519,0.02338969
1520,0.02338969
1521,0.02338969
1522,0.02338969
1523,0.02338969
1524,0.02338969
1525,0.02338969
1526,0.02338969
1527,0.02338969
1528,0.02338969
1529,0.02338969
1530,0.02338969
1531,0.02338969
1532,0.02338969
1533,0.02338969
1534,0.02338969
1535,0.02338969
1536,0.02338969
1537,0.02338969
1538,0.02338969
1539,0.02338969
1540,0.02338969
1541,0.02338969
1542,0.02338969
1543,0.02338969
1544,0.02338969
1545,0.02338969
1546,0.02338969
1547,0.02338969
1548,0.02338969
1549,0.02338969
1550,0.02338969
1551,0.0236462
1552,0.02339888
1553,0.02339888
1554,0.02339888
1555,0.02339888
1556,0.02339888
1557,0.02339888
1558,0.0233996
1559,0.0233996
1560,0.0233996
1561,0.0233996
1562,0.0233996
1563,0.0233996
1564,0.0233996
1565,0.0233996
1566,0.0233996
1567,0.02340046
1568,0.0233
1569,0.0233
1570,0.0233
1571,0.0233
1572,0.0233
1573,0.0233
1574,0.0233
1575,0.02362276
1576,0.02362266
1577,0.02362258
1578,0.02362258
1579,0.02362239
1580,0.02362239
1581,0.02362229
1582,0.02362229
1583,0.02362229
1584,0.02362229
1585,0.02362229
1586,0.02362229
1587,0.02362229
1588,0.02362229
1589,0.02362229
1590,0.02340112
1591,0.02340112
1592,0.02340112
1593,0.02340112
1594,0.02340112
1595,0.02340112
1596,0.02340112
1597,0.02340112
1598,0.02340112
1599,0.02340112
1600,0.02340112
1601,0.02340112
1602,0.02340112
1603,0.02340112
1604,0.02340111
1605,0.02340112
1606,0.02361896
1607,0.02361896
1608,0.02361896
1609,0.02361896
1610,0.02361896
1611,0.023391
1612,0.02331999
1613,0.02331999
1614,0.0233199
1615,0.02331981
1616,0.02331981
1617,0.02331963
1618,0.02331963
1619,0.02331963
1620,0.02331963
1621,0.02331963
1622,0.02331933
1623,0.02327654
1624,0.02327654
1625,0.02327654
1626,0.02327654
1627,0.02327654
1628,0.02327654
1629,0.0231384
1630,0.02296881
1631,0.02296881
1632,0.02296881
1633,0.02296881
1634,0.02321981
1635,0.023
1636,0.023
1637,0.023
1638,0.023
1639,0.02321937
1640,0.02321937
1641,0.02321937
1642,0.02321925
1643,0.02321925
1644,0.02321925
1645,0.02321925
1646,0.02321906
1647,0.02321897
1648,0.02321888
1649,0.02281997
1650,0.02281997
1651,0.02281997
1652,0.02281997
1653,0.02281997
1654,0.02281997
1655,0.02281997
1656,0.02281997
1657,0.02281997
1658,0.023
1659,0.02321587
1660,0.02321587
1661,0.02321587
1662,0.02321587
1663,0.02321587
1664,0.02321587
1665,0.02321587
1666,0.02321326
1667,0.02321326
1668,0.02321326
1669,0.02321259
1670,0.02321259
1671,0.023
1672,0.023
1673,0.023
1674,0.023
1675,0.023
1676,0.023
1677,0.02281995
1678,0.02321126
1679,0.02321126
1680,0.02321126
1681,0.02281996
1682,0.02281996
1683,0.02281996
1684,0.02281996
1685,0.02281996
1686,0.02281995
1687,0.02281995
1688,0.02281995
1689,0.02281995
1690,0.02281995
1691,0.02281995
1692,0.02281995
1693,0.02281995
1694,0.02281995
1695,0.02281995
1696,0.02284377
1697,0.02284377
1698,0.02284377
1699,0.02284377
1700,0.02284377
1701,0.02284377
1702,0.02284377
1703,0.02284377
1704,0.02284377
1705,0.02284377
1706,0.02284377
1707,0.02284377
1708,0.02284377
1709,0.02284377
1710,0.02312802
1711,0.02312802
1712,0.02284377
1713,0.02284368
1714,0.02284359
1715,0.02284358
1716,0.02284104
1717,0.02284104
1718,0.02284104
1719,0.02284085
1720,0.02284085
1721,0.02284104
1722,0.02284377
1723,0.02284377
1724,0.02284377
1725,0.02284377
1726,0.02284377
1727,0.02280501
1728,0.02284369
1729,0.02284369
1730,0.02284369
1731,0.022805
1732,0.022805
1733,0.022805
1734,0.022805
1735,0.022805
1736,0.022805
1737,0.02284369
1738,0.02284369
1739,0.02284369
1740,0.02284369
1741,0.02284369
1742,0.02284369
1743,0.02284369
1744,0.02284369
1745,0.02284369
1746,0.02284369
1747,0.02284369
1748,0.02284369
1749,0.02284369
1750,0.02284369
1751,0.02284369
1752,0.02284369
1753,0.02284369
1754,0.02284369
1755,0.02284369
1756,0.02284369
1757,0.02284369
1758,0.02284369
1759,0.02284369
1760,0.02284369
1761,0.02284369
1762,0.02284369
1763,0.02284369
1764,0.02284369
1765,0.02284369
1766,0.02284369
1767,0.02284369
1768,0.02284369
1769,0.02284369
1770,0.02284369
1771,0.02284369
1772,0.02284368
1773,0.02284368
1774,0.02284368
1775,0.02284368
1776,0.02284368
1777,0.02284368
1778,0.02284368
1779,0.02284368
1780,0.02284358
1781,0.02284358
1782,0.02261539
1783,0.02261539
1784,0.02284339
1785,0.02261539
1786,0.02284329
1787,0.02284329
1788,0.0228432
1789,0.02284318
1790,0.02284318
1791,0.02284318
1792,0.02284318
1793,0.0228429
1794,0.0228429
1795,0.0228429
1796,0.0228429
1797,0.02284269
1798,0.02261525
1799,0.02259935
1800,0.02261815
1801,0.02259935
1802,0.02259935
1803,0.02259935
1804,0.02259935
1805,0.02284368
1806,0.02259899
1807,0.022599
1808,0.02259898
1809,0.02259898
1810,0.0225972
1811,0.0225972
1812,0.0225972
1813,0.02259862
1814,0.02259862
1815,0.02259862
1816,0.02259862
1817,0.02259862
1818,0.02259862
1819,0.02282396
1820,0.02282396
1821,0.02282396
1822,0.02282396
1823,0.02282396
1824,0.02282396
1825,0.02282396
1826,0.02282396
1827,0.02282396
1828,0.02282396
1829,0.02282396
1830,0.02282396
1831,0.02282396
1832,0.02282396
1833,0.02282396
1834,0.02282396
1835,0.02282396
1836,0.02282396
1837,0.02282396
1838,0.02282396
1839,0.02282396
1840,0.02282396
1841,0.02282396
1842,0.02282396
1843,0.02282396
1844,0.02282396
1845,0.02282076
1846,0.02282074
1847,0.02282074
1848,0.02259306
1849,0.02259306
1850,0.02259306
1851,0.02279753
1852,0.02263151
1853,0.02277672
1854,0.02277672
1855,0.02277672
1856,0.02277672
1857,0.02277672
1858,0.02277672
1859,0.02259
1860,0.02259
1861,0.02250002
1862,0.02250002
1863,0.02250002
1864,0.02250002
1865,0.02250002
1866,0.02250001
1867,0.02250001
1868,0.02250001
1869,0.02250001
1870,0.0225
1871,0.0225
1872,0.0225
1873,0.0225
1874,0.0225
1875,0.02250001
1876,0.02250001
1877,0.02250001
1878,0.02250001
1879,0.02250001
1880,0.02250001
1881,0.02250001
1882,0.02250001
1883,0.02250001
1884,0.02250001
1885,0.02250001
1886,0.02243304
1887,0.02243304
1888,0.02250001
1889,0.02250002
1890,0.02250002
1891,0.02250002
1892,0.02250002
1893,0.02250002
1894,0.02250002
1895,0.02250002
1896,0.02250001
1897,0.02250001
1898,0.02250001
1899,0.02250001
1900,0.02250001
1901,0.02248005
1902,0.02248005
1903,0.02248005
1904,0.02248005
1905,0.02248005
1906,0.02248005
1907,0.02248005
1908,0.02248005
1909,0.02248005
1910,0.02248005
1911,0.02248005
1912,0.02248005
1913,0.02248005
1914,0.02248005
1915,0.02248005
1916,0.02248005
1917,0.02248005
1918,0.02248005
1919,0.02248005
1920,0.02248005
1921,0.02248005
1922,0.02248005
1923,0.0225
1924,0.0225
1925,0.0225
1926,0.0225
1927,0.0225
1928,0.0225
1929,0.0225
1930,0.0225
1931,0.0225
1932,0.0225
1933,0.0225
1934,0.0225
1935,0.0225
1936,0.0225
1937,0.0225
1938,0.0225
1939,0.0225
1940,0.0225
1941,0.02250001
1942,0.02250001
1943,0.02250001
1944,0.02250001
1945,0.02250001
1946,0.02250001
1947,0.02249999
1948,0.02249999
1949,0.02249999
1950,0.02249999
1951,0.02249999
1952,0.02249999
1953,0.02249999
1954,0.02249997
1955,0.02249997
1956,0.02249997
1957,0.02249997
1958,0.0223
1959,0.02230001
1960,0.02230001
1961,0.02230001
1962,0.02228
1963,0.02227501
1964,0.02240988
1965,0.02219088
1966,0.02219088
1967,0.02219088
1968,0.02219088
1969,0.02219088
1970,0.02219088
1971,0.02240926
1972,0.02240926
1973,0.02240926
1974,0.02240911
1975,0.02240911
1976,0.02240903
1977,0.02240903
1978,0.02240903
1979,0.0224088
1980,0.0224088
1981,0.02240866
1982,0.02216084
1983,0.02212105
1984,0.02212104
1985,0.02212102
1986,0.02208184
1987,0.02208184
1988,0.02212104
1989,0.02216084
1990,0.02216084
1991,0.02216084
1992,0.02208184
1993,0.02208184
1994,0.02197
1995,0.02197
1996,0.02197
1997,0.02208176
1998,0.02208176
1999,0.02197
2000,0.02197
2001,0.02197
2002,0.02197
2003,0.02197
2004,0.02197
2005,0.02197
2006,0.02197
2007,0.02208183
2008,0.0220259
2009,0.0220259
2010,0.022
2011,0.02181293
2012,0.02160809
2013,0.02170638
2014,0.02157454
2015,0.02149
2016,0.02149
2017,0.02157013
2018,0.02181283
2019,0.02179086
2020,0.02179086
2021,0.02179086
2022,0.0217908
2023,0.02179077
2024,0.02148326
2025,0.02148326
2026,0.02148326
2027,0.02179069
2028,0.02179069
2029,0.02179069
2030,0.02179069
2031,0.02179085
2032,0.02179085
2033,0.02179085
2034,0.02179085
2035,0.02181283
2036,0.02181283
2037,0.02192345
2038,0.02192345
2039,0.02192345
2040,0.02202335
2041,0.02202335
2042,0.02202335
2043,0.02202335
2044,0.02194537
2045,0.02194537
2046,0.02194537
2047,0.02194537
2048,0.02194537
2049,0.02194537
2050,0.02194537
2051,0.02194537
2052,0.02194537
2053,0.02150843
2054,0.02157709
2055,0.0217066
2056,0.0217066
2057,0.0217066
2058,0.0217066
2059,0.02202092
2060,0.02202092
2061,0.02202092
2062,0.02202092
2063,0.02202092
2064,0.02202092
2065,0.02202092
2066,0.02202092
2067,0.02202092
2068,0.02202092
2069,0.02202092
2070,0.02202092
2071,0.02202092
2072,0.02202092
2073,0.02202092
2074,0.02202092
2075,0.02202092
2076,0.02202092
2077,0.02202092
2078,0.02202092
2079,0.02202092
2080,0.02202092
2081,0.02202092
2082,0.02202092
2083,0.02202092
2084,0.02202092
2085,0.02202092
2086,0.02202092
2087,0.02202092
2088,0.02202092
2089,0.02202092
2090,0.02202092
2091,0.02202092
2092,0.02202092
2093,0.02202092
2094,0.02202092
2095,0.02202092
2096,0.02202092
2097,0.02202092
2098,0.02202092
2099,0.02202092
2100,0.02202092
2101,0.02202092
2102,0.02202092
2103,0.02202092
2104,0.02202092
2105,0.02202092
2106,0.02202092
2107,0.02202092
2108,0.02202092
2109,0.02202092
2110,0.02202092
2111,0.02202092
2112,0.02202092
2113,0.02202092
2114,0.02202092
2115,0.02202092
2116,0.02202092
2117,0.02202092
2118,0.02202092
2119,0.02202092
2120,0.02202092
2121,0.02202092
2122,0.02202092
2123,0.02202092
2124,0.02202092
2125,0.02202092
2126,0.02202092
2127,0.02202092
2128,0.02202092
2129,0.02202092
2130,0.02202092
2131,0.02202092
2132,0.02202092
2133,0.02202092
2134,0.02202092
2135,0.02202092
2136,0.02202092
2137,0.02202092
2138,0.02202092
2139,0.02202092
2140,0.02202092
2141,0.02202092
2142,0.02201965
2143,0.02184013
2144,0.02184013
2145,0.02184013
2146,0.02184013
2147,0.02184013
2148,0.02184013
2149,0.0220259
2150,0.0220259
2151,0.02176
2152,0.02176
2153,0.02191115
2154,0.02191115
2155,0.02191115
2156,0.02191115
2157,0.02188923
2158,0.02188923
2159,0.02188923
2160,0.02191115
2161,0.02191115
2162,0.02191115
2163,0.02191115
2164,0.02191115
2165,0.02191115
2166,0.02191115
2167,0.02191115
2168,0.02191115
2169,0.02078672
2170,0.021
2171,0.02178636
2172,0.02153316
2173,0.02178526
2174,0.02178517
2175,0.02178517
2176,0.02153315
2177,0.02153316
2178,0.02178253
2179,0.02178253
2180,0.02152483
2181,0.02152475
2182,0.02152475
2183,0.02152475
2184,0.02152475
2185,0.02152475
2186,0.02152475
2187,0.02152219
2188,0.0215221
2189,0.0215221
2190,0.02152193
2191,0.02152192
2192,0.02152192
2193,0.02152192
2194,0.02151608
2195,0.02151599
2196,0.02151597
2197,0.02151597
2198,0.02151588
2199,0.02151576
2200,0.02151576
2201,0.02151557
2202,0.02151547
2203,0.02151545
2204,0.02151545
2205,0.02151548
2206,0.02151548
2207,0.02151548
2208,0.02151548
2209,0.02148429
2210,0.02148429
2211,0.02148429
2212,0.02151538
2213,0.02151538
2214,0.02078671
2215,0.02151536
2216,0.02151528
2217,0.02151291
2218,0.02151283
2219,0.02151283
2220,0.02151283
2221,0.02145776
2222,0.02145775
2223,0.02145775
2224,0.02145775
2225,0.02145775
2226,0.02145771
2227,0.02145771
2228,0.02145757
2229,0.02145745
2230,0.02145744
2231,0.02145734
2232,0.02145734
2233,0.02145734
2234,0.02145734
2235,0.02145734
2236,0.02145695
2237,0.02145695
2238,0.02145685
2239,0.02145685
2240,0.02145667
2241,0.02145667
2242,0.02145667
2243,0.02145667
2244,0.02145667
2245,0.0214563
2246,0.0214562
2247,0.0214562
2248,0.0214486
2249,0.0214486
2250,0.02144842
2251,0.02144842
2252,0.02144842
2253,0.02144842
2254,0.02144813
2255,0.02144813
2256,0.02144813
2257,0.02144541
2258,0.02144541
2259,0.0214453
2260,0.0214453
2261,0.0214453
2262,0.0214453
2263,0.0214453
2264,0.02144244
2265,0.02144244
2266,0.02144244
2267,0.02144244
2268,0.02144223
2269,0.02144213
2270,0.02144213
2271,0.02144213
2272,0.02144213
2273,0.02144213
2274,0.02144213
2275,0.02144213
2276,0.02144213
2277,0.02143921
2278,0.02143921
2279,0.02143921
2280,0.02143921
2281,0.02143921
2282,0.02143921
2283,0.02143921
2284,0.02152483
2285,0.02152483
2286,0.02152483
2287,0.02152483
2288,0.02152483
2289,0.02152483
2290,0.02152483
2291,0.02152483
2292,0.02152483
2293,0.02152483
2294,0.02152483
2295,0.02152483
2296,0.02152483
2297,0.02140588
2298,0.02140588
2299,0.02140588
2300,0.02121133
2301,0.02121133
2302,0.02121133
2303,0.02121133
2304,0.02121133
2305,0.02121133
2306,0.02121133
2307,0.02121133
2308,0.02140609
2309,0.02140609
2310,0.02140609
2311,0.02140609
2312,0.02140609
2313,0.02140609
2314,0.02140588
2315,0.02140588
2316,0.02140578
2317,0.02140578
2318,0.0214057
2319,0.0214056
2320,0.0214056
2321,0.02140542
2322,0.02140533
2323,0.02140533
2324,0.02140524
2325,0.02140276
2326,0.02140276
2327,0.02140267
2328,0.02140257
2329,0.02140249
2330,0.02140249
2331,0.02140249
2332,0.02140249
2333,0.02140249
2334,0.02140249
2335,0.0214022
2336,0.0214022
2337,0.02140211
2338,0.02140211
2339,0.02140211
2340,0.02140211
2341,0.02140211
2342,0.02139912
2343,0.02078672
2344,0.02139911
2345,0.02139911
2346,0.02139911
2347,0.02139911
2348,0.02139911
2349,0.02139911
2350,0.02139911
2351,0.02139911
2352,0.02139911
2353,0.02139911
2354,0.02139911
2355,0.02139911
2356,0.02139911
2357,0.02139911
2358,0.02139911
2359,0.02139911
2360,0.02139911
2361,0.02139911
2362,0.02139911
2363,0.02139911
2364,0.02139911
2365,0.02132316
2366,0.02132316
2367,0.02132316
2368,0.02132316
2369,0.02132316
2370,0.02132316
2371,0.02100087
2372,0.02100087
2373,0.02100087
2374,0.02100087
2375,0.02132315
2376,0.02132315
2377,0.02132315
2378,0.02132316
2379,0.02132316
2380,0.02132316
2381,0.02132317
2382,0.02132987
2383,0.02132987
2384,0.02132987
2385,0.02132987
2386,0.02132987
2387,0.02132987
2388,0.02132987
2389,0.0213937
2390,0.0213937
2391,0.0213937
2392,0.0213937
2393,0.0213937
2394,0.0213937
2395,0.02139107
2396,0.02139107
2397,0.02139107
2398,0.02139107
2399,0.02139107
2400,0.02139107
2401,0.02139107
2402,0.02139107
2403,0.02139107
2404,0.02139107
2405,0.02139107
2406,0.02139107
2407,0.02138852
2408,0.02138852
2409,0.02138852
2410,0.02138852
2411,0.02138852
2412,0.02138852
2413,0.02138852
2414,0.02138852
2415,0.02138852
2416,0.02138852
2417,0.02138852
2418,0.02138852
2419,0.021399
2420,0.021399
2421,0.021399
2422,0.021399
2423,0.021399
2424,0.02140588
2425,0.02140588
2426,0.02140588
2427,0.0215249
2428,0.0215249
2429,0.0215249
2430,0.0215249
2431,0.0215249
2432,0.0215249
2433,0.02152485
2434,0.02152485
2435,0.02152483
2436,0.02152483
2437,0.02152483
2438,0.02152483
2439,0.02152483
2440,0.02152482
2441,0.02152484
2442,0.02152492
2443,0.02152492
2444,0.02152492
2445,0.02152492
2446,0.02152492
2447,0.02140706
2448,0.02140706
2449,0.02140706
2450,0.02152
2451,0.02152
2452,0.02152
2453,0.02152
2454,0.02152
2455,0.02152
2456,0.02152
2457,0.02152
2458,0.02152
2459,0.02187626
2460,0.02170489
2461,0.02170488
2462,0.02170488
2463,0.02170489
2464,0.02170489
2465,0.02170489
2466,0.02170489
2467,0.02170489
2468,0.02170489
2469,0.02170489
2470,0.02187618
2471,0.02170488
2472,0.02170488
2473,0.02170488
2474,0.02170488
2475,0.02170488
2476,0.02170488
2477,0.02170488
2478,0.02170488
2479,0.02170488
2480,0.02170488
2481,0.02170488
2482,0.02170488
2483,0.02170488
2484,0.02170488
2485,0.02170488
2486,0.02170488
2487,0.02170488
2488,0.02170488
2489,0.02170488
2490,0.02187626
2491,0.02187626
2492,0.02187626
2493,0.02187626
2494,0.02187626
2495,0.02187626
2496,0.02187626
2497,0.02187626
2498,0.02187626
2499,0.02187626
2500,0.02187626
2501,0.02187626
2502,0.02187626
2503,0.02187626
2504,0.02187626
2505,0.02187626
2506,0.02187626
2507,0.02187626
2508,0.02187626
2509,0.02187626
2510,0.02187626
2511,0.02187626
2512,0.02187626
2513,0.02187626
2514,0.02187626
2515,0.02187626
2516,0.02187626
2517,0.02187626
2518,0.02184168
2519,0.02184168
2520,0.02184168
2521,0.02184168
2522,0.02184168
2523,0.02184168
2524,0.02184168
2525,0.02184168
2526,0.02184168
2527,0.02184168
2528,0.02184168
2529,0.02184168
2530,0.02184168
2531,0.02187626
2532,0.02187626
2533,0.02187626
2534,0.02187626
2535,0.02187626
2536,0.02187626
2537,0.02187626
2538,0.02187626
2539,0.02187626
2540,0.02187626
2541,0.02187626
2542,0.02187626
2543,0.02187626
2544,0.02187626
2545,0.02187626
2546,0.02187626
2547,0.02187626
2548,0.02187626
2549,0.02187626
2550,0.02187626
2551,0.02187626
2552,0.02187626
2553,0.02187626
2554,0.02152001
2555,0.02152001
2556,0.02152001
2557,0.02152001
2558,0.02152001
2559,0.02152001
2560,0.02140488
2561,0.02140488
2562,0.02140492
2563,0.02140492
2564,0.02140492
2565,0.02140492
2566,0.02178839
2567,0.02178839
2568,0.02178839
2569,0.02178839
2570,0.02178839
2571,0.02178839
2572,0.02178839
2573,0.02178839
2574,0.02178839
2575,0.02178839
2576,0.02178839
2577,0.02187575
2578,0.02187575
2579,0.02187575
2580,0.02187575
2581,0.02187575
2582,0.02187575
2583,0.02187575
2584,0.02187575
2585,0.02187575
2586,0.02187575
2587,0.02187572
2588,0.02187572
2589,0.02187572
2590,0.02187572
2591,0.02187572
2592,0.0218756
2593,0.0218756
2594,0.0218756
2595,0.0218756
2596,0.0218756
2597,0.0218756
2598,0.0218756
2599,0.0218756
2600,0.0218756
2601,0.0218756
2602,0.0218756
2603,0.0218756
2604,0.0218756
2605,0.02187559
2606,0.02187559
2607,0.02187559
2608,0.02187559
2609,0.02187558
2610,0.02187558
2611,0.02187558
2612,0.02187623
2613,0.02187623
2614,0.02187623
2615,0.02187623
2616,0.02187623
2617,0.02187623
2618,0.02187624
2619,0.02187624
2620,0.02187622
2621,0.02187622
2622,0.02187622
2623,0.02187622
2624,0.02187622
2625,0.02187
2626,0.02187
2627,0.02187
2628,0.02187
2629,0.02187
2630,0.02187
2631,0.02187626
2632,0.02187626
2633,0.02187626
2634,0.02187626
2635,0.02187626
2636,0.02187626
2637,0.02187626
2638,0.02187626
2639,0.02187626
2640,0.02187
2641,0.02187
2642,0.02187
2643,0.02187
2644,0.02187
2645,0.02187
2646,0.02187
2647,0.02187
2648,0.02187
2649,0.02187
2650,0.02187
2651,0.02187
2652,0.02187
2653,0.02187
2654,0.02187
2655,0.02187
2656,0.02187
2657,0.02187
2658,0.02187
2659,0.02187
2660,0.02187
2661,0.02187625
2662,0.02187625
2663,0.02187625
2664,0.02187625
2665,0.02187625
2666,0.02187
2667,0.02187
2668,0.02187
2669,0.02187
2670,0.02187
2671,0.02187
2672,0.02187
2673,0.02187
2674,0.02187
2675,0.02187
2676,0.02187
2677,0.02187
2678,0.02187
2679,0.02187
2680,0.02187
2681,0.02187
2682,0.02187
2683,0.02187
2684,0.02187
2685,0.02187
2686,0.02187
2687,0.02187
2688,0.02187
2689,0.02187
2690,0.02187
2691,0.02187
2692,0.02187
2693,0.02187
2694,0.02187
2695,0.02187
2696,0.02187
2697,0.02187
2698,0.02187
2699,0.02187
2700,0.02187
2701,0.02187
2702,0.02187
2703,0.02187
2704,0.02187
2705,0.02187
2706,0.02186999
2707,0.02186999
2708,0.02186999
2709,0.02186999
2710,0.02186999
2711,0.02186999
2712,0.0216544
2713,0.0216544
2714,0.0216544
2715,0.0216544
2716,0.0216544
2717,0.0216544
2718,0.0216544
2719,0.0216544
2720,0.0216544
2721,0.0216544
2722,0.0216544
2723,0.0216544
2724,0.0216544
2725,0.0216544
2726,0.0216544
2727,0.0216544
2728,0.0216544
2729,0.0216544
2730,0.0216544
2731,0.0216544
2732,0.0216544
2733,0.0216544
2734,0.0216544
2735,0.0216544
2736,0.0216544
2737,0.0216544
2738,0.0216544
2739,0.0216544
2740,0.0216544
2741,0.0216544
2742,0.02186991
2743,0.02186991
2744,0.02186991
2745,0.02186991
2746,0.02186991
2747,0.02186991
2748,0.02186991
2749,0.02186991
2750,0.02186991
2751,0.02186991
2752,0.02186991
2753,0.02186991
2754,0.02186999
2755,0.02186999
2756,0.02186999
2757,0.02186999
2758,0.02186999
2759,0.02186999
2760,0.02186999
2761,0.02186999
2762,0.02186999
2763,0.02186999
2764,0.02186999
2765,0.02186999
2766,0.02186999
2767,0.02186999
2768,0.02186999
2769,0.02186999
2770,0.02186999
2771,0.02186999
2772,0.02186999
2773,0.02186999
2774,0.02186999
2775,0.02186999
2776,0.02186999
2777,0.02187
2778,0.02187
2779,0.02187
2780,0.02187
2781,0.02187
2782,0.02187
2783,0.02187
2784,0.02187
2785,0.02187626
2786,0.02187626
2787,0.02187626
2788,0.02187626
2789,0.02187626
2790,0.02187626
2791,0.02187626
2792,0.02187626
2793,0.02187626
2794,0.02187626
2795,0.02187626
2796,0.02187626
2797,0.02187626
2798,0.02187626
2799,0.02187626
2800,0.02187626
2801,0.02187626
2802,0.02187626
2803,0.02187626
2804,0.02187626
2805,0.02187626
2806,0.02187626
2807,0.02187626
2808,0.02187626
2809,0.02175
2810,0.02175
2811,0.02175
2812,0.02175
2813,0.02175
2814,0.02175
2815,0.02175
2816,0.02175
2817,0.0218769
2818,0.0218769
2819,0.0218769
2820,0.0218769
2821,0.0218769
2822,0.0218769
2823,0.0218769
2824,0.0218769
2825,0.0218769
2826,0.0218769
2827,0.0218769
2828,0.0218769
2829,0.0218769
2830,0.0218769
2831,0.0218769
2832,0.0218769
2833,0.02175
2834,0.02175
2835,0.02175
2836,0.02175
2837,0.02175
2838,0.02175
2839,0.02175
2840,0.02175
2841,0.02175
2842,0.02175
2843,0.02175
2844,0.02175
2845,0.02187988
2846,0.02188787
2847,0.0219553
2848,0.02188797
2849,0.02195529
2850,0.02195532
2851,0.02175232
2852,0.02175232
2853,0.02175232
2854,0.02175232
2855,0.02175232
2856,0.02175232
2857,0.02175232
2858,0.02175232
2859,0.02175232
2860,0.02175232
2861,0.02175232
2862,0.02175232
2863,0.02195532
2864,0.02195532
2865,0.02195532
2866,0.02195532
2867,0.02195532
2868,0.02195532
2869,0.02195532
2870,0.02195532
2871,0.02195532
2872,0.02195532
2873,0.02195532
2874,0.02195532
2875,0.02195532
2876,0.02195532
2877,0.02195532
2878,0.02195532
2879,0.02195532
2880,0.02195532
2881,0.02195532
2882,0.02195532
2883,0.02195532
2884,0.02195532
2885,0.02195532
2886,0.02195532
2887,0.02195532
2888,0.02195532
2889,0.02195532
2890,0.02195532
2891,0.02195532
2892,0.02195532
2893,0.02195532
2894,0.0216544
2895,0.02165444
2896,0.02165444
2897,0.02165444
2898,0.02165444
2899,0.02165444
2900,0.02187094
2901,0.02187095
2902,0.02187095
2903,0.02187095
2904,0.02187095
2905,0.02187095
2906,0.02187095
2907,0.02187095
2908,0.02187095
2909,0.02187095
2910,0.02187095
2911,0.02187095
2912,0.02187095
2913,0.02187095
2914,0.02187095
2915,0.02187095
2916,0.02175633
2917,0.02175633
2918,0.02175633
2919,0.02175633
2920,0.02175633
2921,0.02175633
2922,0.02175633
2923,0.02175633
2924,0.02185582
2925,0.02185582
2926,0.02185582
2927,0.02185582
2928,0.02185582
2929,0.02185582
2930,0.02185582
2931,0.02185582
2932,0.02185582
2933,0.02185582
2934,0.02185582
2935,0.02185582
2936,0.02185582
2937,0.02185582
2938,0.02185582
2939,0.02185582
2940,0.02185582
2941,0.02185582
2942,0.02185582
2943,0.02185582
2944,0.02185582
2945,0.02185582
2946,0.02185582
2947,0.02185582
2948,0.02195531
2949,0.02195531
2950,0.02195531
2951,0.02195531
2952,0.02195531
2953,0.02195531
2954,0.02195531
2955,0.02195531
2956,0.02195531
2957,0.02195531
2958,0.02195531
2959,0.02195531
2960,0.02195531
2961,0.02195531
2962,0.02195531
2963,0.02195531
2964,0.02195531
2965,0.02195531
2966,0.02195531
2967,0.02195531
2968,0.02195531
2969,0.02195531
2970,0.02195531
2971,0.02195531
2972,0.02195531
2973,0.02195531
2974,0.02195531
2975,0.02195531
2976,0.02195531
2977,0.02195531
2978,0.02195531
2979,0.02195531
2980,0.02195531
2981,0.02195531
2982,0.02195531
2983,0.02195531
2984,0.02195532
2985,0.02195532
2986,0.02195532
2987,0.02195532
2988,0.02195532
2989,0.02197996
2990,0.02197996
2991,0.02197996
2992,0.02197996
2993,0.02197996
2994,0.02197996
2995,0.02197996
2996,0.02197996
2997,0.02197996
2998,0.02197996
2999,0.02197996
3000,0.02197996
3001,0.02197996
3002,0.02197996
3003,0.02197996
3004,0.02197996
3005,0.02197996
3006,0.02197996
3007,0.02197996
3008,0.02197996
3009,0.02197996
3010,0.02197996
3011,0.02197996
3012,0.02197996
3013,0.02197996
3014,0.02197996
3015,0.02197996
3016,0.02197996
3017,0.02197996
3018,0.02197996
3019,0.02197996
3020,0.02195532
3021,0.02195532
3022,0.02195532
3023,0.02195532
3024,0.02195532
3025,0.02195532
3026,0.02195532
3027,0.02195532
3028,0.02195532
3029,0.02195532
3030,0.02195532
3031,0.02195532
3032,0.02197997
3033,0.02197997
3034,0.02197997
3035,0.02197997
3036,0.02197997
3037,0.02197997
3038,0.02197997
3039,0.02197997
3040,0.02197997
3041,0.02197997
3042,0.02197997
3043,0.02197997
3044,0.02197997
3045,0.02197997
3046,0.02197997
3047,0.02197997
3048,0.02197997
3049,0.02197997
3050,0.02197997
3051,0.02197997
3052,0.02197997
3053,0.02197997
3054,0.02197997
3055,0.02197997
3056,0.02197997
3057,0.02197997
3058,0.02197997
3059,0.02197997
3060,0.02197997
3061,0.02197997
3062,0.02197997
3063,0.02197997
3064,0.02195532
3065,0.02195532
3066,0.02195532
3067,0.02195532
3068,0.02195532
3069,0.02195532
3070,0.02195532
3071,0.02195532
3072,0.02195532
3073,0.02195532
3074,0.02195532
3075,0.02195532
3076,0.02195532
3077,0.02195532
3078,0.02195532
3079,0.02195532
3080,0.02195532
3081,0.02195532
3082,0.02195532
3083,0.02195532
3084,0.02195532
3085,0.02195532
3086,0.02195532
3087,0.02195532
3088,0.02195532
3089,0.02195532
3090,0.02195531
3091,0.02195531
3092,0.02195531
3093,0.02195531
3094,0.02195531
3095,0.02195531
3096,0.02195531
3097,0.02195531
3098,0.02195531
3099,0.02195531
3100,0.02195532
3101,0.02195532
3102,0.02195532
3103,0.02195532
3104,0.02195532
3105,0.02195532
3106,0.02195532
3107,0.02195532
3108,0.02195532
3109,0.02195532
3110,0.02195532
3111,0.02195532
3112,0.02195532
3113,0.02195532
3114,0.02185632
3115,0.02185632
3116,0.02185632
3117,0.02195531
3118,0.02195531
3119,0.02195531
3120,0.02195531
3121,0.02195531
3122,0.02197997
3123,0.02197997
3124,0.02197722
3125,0.02197722
3126,0.02197722
3127,0.02197997
3128,0.02197997
3129,0.02197997
3130,0.02197997
3131,0.02197997
3132,0.02197997
3133,0.02197996
3134,0.02197996
3135,0.02197996
3136,0.02197996
3137,0.02197996
3138,0.02197997
3139,0.02197997
3140,0.02197997
3141,0.02197997
3142,0.02197997
3143,0.02197997
3144,0.02197997
3145,0.02197997
3146,0.02197997
3147,0.02197997
3148,0.02197997
3149,0.02197997
3150,0.02197997
3151,0.02197997
3152,0.02197997
3153,0.02197997
3154,0.02197997
3155,0.02197997
3156,0.02197997
3157,0.02197997
3158,0.02197997
3159,0.02197997
3160,0.02197997
3161,0.02202021
3162,0.02202021
3163,0.02202021
3164,0.02202021
3165,0.02202021
3166,0.02202021
3167,0.02202021
3168,0.02197997
3169,0.02197997
3170,0.02202021
3171,0.02197997
3172,0.02202021
3173,0.02202021
3174,0.02202021
3175,0.02202021
3176,0.02202021
3177,0.02202021
3178,0.02202021
3179,0.02202021
3180,0.02202021
3181,0.02202021
3182,0.02202021
3183,0.02202021
3184,0.02202021
3185,0.02202021
3186,0.02202021
3187,0.02202021
3188,0.02202021
3189,0.02202021
3190,0.02202021
3191,0.02202021
3192,0.02202021
3193,0.02202021
3194,0.02202021
3195,0.02202021
3196,0.02202021
3197,0.02202021
3198,0.02202021
3199,0.02202021
3200,0.02202021
3201,0.02202021
3202,0.02202021
3203,0.02202021
3204,0.02202021
3205,0.02202021
3206,0.02202021
3207,0.02202021
3208,0.02202021
3209,0.02202021
3210,0.02202021
3211,0.02202021
3212,0.02202021
3213,0.02202591
3214,0.02202591
3215,0.02202591
3216,0.02202591
3217,0.02202591
3218,0.02202591
3219,0.02202591
3220,0.02202591
3221,0.02202591
3222,0.02202591
3223,0.02202021
3224,0.02202
3225,0.02202
3226,0.02202
3227,0.02202
3228,0.02202
3229,0.02202
3230,0.02202
3231,0.02202
3232,0.02202
3233,0.02202
3234,0.02202
3235,0.02202
3236,0.02202
3237,0.02202
3238,0.02202
3239,0.02202591
3240,0.02208184
3241,0.0221779
3242,0.0221779
3243,0.0221779
3244,0.0221779
3245,0.0221779
3246,0.0221779
3247,0.02217783
3248,0.02217783
3249,0.02220417
3250,0.02220417
3251,0.02220417
3252,0.02202975
3253,0.02202975
3254,0.02209308
3255,0.02209308
3256,0.02209308
3257,0.02209308
3258,0.0220766
3259,0.0220766
3260,0.0220766
3261,0.0220766
3262,0.02202975
3263,0.02202975
3264,0.02202975
3265,0.02202975
3266,0.02202975
3267,0.02202975
3268,0.02202975
3269,0.02202975
3270,0.02202975
3271,0.02202975
3272,0.02202975
3273,0.02202975
3274,0.02202975
3275,0.02202975
3276,0.02202975
3277,0.02202975
3278,0.02202975
3279,0.02202975
3280,0.02202975
3281,0.0219804
3282,0.0219804
3283,0.0219804
3284,0.0219804
3285,0.0219804
3286,0.0219804
3287,0.0219804
3288,0.02198044
3289,0.02198044
3290,0.02197997
3291,0.02197997
3292,0.02197997
3293,0.02197997
3294,0.02197997
3295,0.02197997
3296,0.02197997
3297,0.02197997
3298,0.02197997
3299,0.02197997
3300,0.02197997
3301,0.02197997
3302,0.02197997
3303,0.02197997
3304,0.02197997
3305,0.02197997
3306,0.02197997
3307,0.02197997
3308,0.02197997
3309,0.02197997
3310,0.02197997
3311,0.02197997
3312,0.02197997
3313,0.02197997
3314,0.02175632
3315,0.02175632
3316,0.02173576
3317,0.02173576
3318,0.02173576
3319,0.0217563
3320,0.0217563
3321,0.02175631
3322,0.02175631
3323,0.02175631
3324,0.02175631
3325,0.02175631
3326,0.02175631
3327,0.02175631
3328,0.02175631
3329,0.02175631
3330,0.02175631
3331,0.02175631
3332,0.02175631
3333,0.02175631
3334,0.02175632
3335,0.02175632
3336,0.02175632
3337,0.02175632
3338,0.02175632
3339,0.02175632
3340,0.02175632
3341,0.02175632
3342,0.02175
3343,0.02175
3344,0.02175
3345,0.02175
3346,0.02175
3347,0.02175
3348,0.02175
3349,0.02175632
3350,0.02175632
3351,0.02175632
3352,0.02175632
3353,0.02175632
3354,0.02175632
3355,0.02175632
3356,0.02175632
3357,0.02175632
3358,0.02175632
3359,0.02175632
3360,0.02175632
3361,0.0216544
3362,0.0216544
3363,0.0216544
3364,0.0216544
3365,0.0216544
3366,0.02175632
3367,0.02175632
3368,0.02175632
3369,0.02175632
3370,0.02175632
3371,0.02175632
3372,0.02175632
3373,0.02175632
3374,0.02175632
3375,0.02175632
3376,0.02175632
3377,0.02175632
3378,0.02175632
3379,0.02175632
3380,0.02175632
3381,0.02175631
3382,0.02175631
3383,0.02175631
3384,0.02175631
3385,0.02175631
3386,0.02175631
3387,0.02175631
3388,0.02175631
3389,0.02175631
3390,0.02175631
3391,0.02175631
3392,0.02175631
3393,0.02175631
3394,0.02175631
3395,0.02175631
3396,0.02175631
3397,0.02175631
3398,0.02163533
3399,0.02163533
3400,0.02163533
3401,0.02163533
3402,0.02163533
3403,0.02159532
3404,0.02159532
3405,0.02159532
3406,0.02185168
3407,0.02185168
3408,0.02185168
3409,0.02185168
3410,0.02185168
3411,0.02185168
3412,0.02185168
3413,0.02185168
3414,0.02185168
3415,0.02185168
3416,0.02185168
3417,0.02185168
3418,0.02185168
3419,0.02185168
3420,0.02185168
3421,0.02185168
3422,0.02159532
3423,0.02159532
3424,0.02159532
3425,0.02159532
3426,0.02159532
3427,0.02180997
3428,0.02180997
3429,0.02159532
3430,0.02159532
3431,0.02180992
3432,0.02180992
3433,0.02159533
3434,0.02159533
3435,0.02159533
3436,0.02159533
3437,0.02159533
3438,0.02159533
3439,0.02159533
3440,0.02159533
3441,0.02159533
3442,0.02159533
3443,0.02159533
3444,0.02159533
3445,0.02159533
3446,0.02159533
3447,0.02179998
3448,0.02073578
3449,0.02176059
3450,0.02176059
3451,0.02124829
3452,0.02124829
3453,0.02135706
3454,0.02135706
3455,0.02135706
3456,0.02146321
3457,0.02146321
3458,0.02146321
3459,0.02146321
3460,0.02146321
3461,0.02146321
3462,0.02146321
3463,0.02146321
3464,0.02146321
3465,0.02146321
3466,0.02146321
3467,0.02146321
3468,0.02146321
3469,0.02146321
3470,0.02146321
3471,0.02146321
3472,0.02146321
3473,0.02146321
3474,0.02146321
3475,0.02146321
3476,0.02146321
3477,0.02146321
3478,0.02146321
3479,0.02146321
3480,0.02146321
3481,0.02146321
3482,0.02146321
3483,0.02146321
3484,0.02146321
3485,0.02146321
3486,0.02146321
3487,0.02146321
3488,0.02146321
3489,0.02146321
3490,0.02146321
3491,0.02146321
3492,0.02146321
3493,0.02146321
3494,0.02146321
3495,0.02146321
3496,0.02146321
3497,0.02146321
3498,0.0214632
3499,0.02146065
3500,0.02146065
3501,0.0214553
3502,0.02145522
3503,0.02145522
3504,0.02145003
3505,0.02145003
3506,0.02119653
3507,0.02119653
3508,0.02119653
3509,0.02119653
3510,0.02119653
3511,0.02119653
3512,0.02119653
3513,0.02119653
3514,0.02119653
3515,0.0214
3516,0.0214
3517,0.0214
3518,0.0214
3519,0.0214
3520,0.0214
3521,0.0213996
3522,0.0213996
3523,0.0213996
3524,0.0213996
3525,0.0213996
3526,0.0213996
3527,0.0213996
3528,0.02138981
3529,0.02138971
3530,0.02138971
3531,0.02138971
3532,0.02138971
3533,0.02138971
3534,0.02136
3535,0.02135991
3536,0.02135991
3537,0.02135991
3538,0.02135991
3539,0.02135991
3540,0.02135991
3541,0.02135991
3542,0.02135991
3543,0.02133855
3544,0.02133855
3545,0.02133855
3546,0.02133855
3547,0.02133855
3548,0.02133855
3549,0.02133855
3550,0.02133855
3551,0.02135887
3552,0.02135887
3553,0.02135887
3554,0.02135887
3555,0.02135887
3556,0.02135887
3557,0.02135887
3558,0.02119609
3559,0.02119609
3560,0.02119609
3561,0.02119609
3562,0.02119609
3563,0.02119609
3564,0.02119609
3565,0.02119609
3566,0.02119609
3567,0.02119609
3568,0.02119609
3569,0.02119609
3570,0.02136
3571,0.02136
3572,0.02136
3573,0.02146321
3574,0.02146321
3575,0.02146321
3576,0.02161334
3577,0.02161334
3578,0.02171
3579,0.02171
3580,0.02171
3581,0.02171
3582,0.02173068
3583,0.02173067
3584,0.02176059
3585,0.02176059
3586,0.02176059
3587,0.02176059
3588,0.02176059
3589,0.02176059
3590,0.02100801
3591,0.02100801
3592,0.02100801
3593,0.02100801
3594,0.02100801
3595,0.02100801
3596,0.02173027
3597,0.02173027
3598,0.02173027
3599,0.02173027
3600,0.02173027
3601,0.02173027
3602,0.02173027
3603,0.02173027
3604,0.02173027
3605,0.02173027
3606,0.02103134
3607,0.02103134
3608,0.02103134
3609,0.02103134
3610,0.02103134
3611,0.02103134
3612,0.02103134
3613,0.02103402
3614,0.02103411
3615,0.02103411
3616,0.02103668
3617,0.02103668
3618,0.02103668
3619,0.02103668
3620,0.02103668
3621,0.02154249
3622,0.02154249
3623,0.02154249
3624,0.02154249
3625,0.02154249
3626,0.02104224
3627,0.02104224
3628,0.02104224
3629,0.02104224
3630,0.02104498
3631,0.02104498
3632,0.02104498
3633,0.02104498
3634,0.02104498
3635,0.02154181
3636,0.02129354
3637,0.02129354
3638,0.02129354
3639,0.02129354
3640,0.02129354
3641,0.02104521
3642,0.02075001
3643,0.02075001
3644,0.02100261
3645,0.02100258
3646,0.02100258
3647,0.02100247
3648,0.02099999
3649,0.02099989
3650,0.02099989
3651,0.0209997
3652,0.02099957
3653,0.02099954
3654,0.02099945
3655,0.02099945
3656,0.02099925
3657,0.02099925
3658,0.02099925
3659,0.02099925
3660,0.02099925
3661,0.02099925
3662,0.02099925
3663,0.02099925
3664,0.02099867
3665,0.02099859
3666,0.02099859
3667,0.02099859
3668,0.02099859
3669,0.02099859
3670,0.02099819
3671,0.02099819
3672,0.02099819
3673,0.02099819
3674,0.0209978
3675,0.0209978
3676,0.0209978
3677,0.02099763
3678,0.02099763
3679,0.02099763
3680,0.02099763
3681,0.02099763
3682,0.02099763
3683,0.02099763
3684,0.02099763
3685,0.02075001
3686,0.02099687
3687,0.02075001
3688,0.02099676
3689,0.02099676
3690,0.02099676
3691,0.02099676
3692,0.02099676
3693,0.02075
3694,0.02074991
3695,0.0207499
3696,0.02074982
3697,0.02069087
3698,0.02069087
3699,0.02074981
3700,0.02074973
3701,0.02069087
3702,0.02069087
3703,0.02074972
3704,0.02074972
3705,0.02074952
3706,0.02074952
3707,0.02074952
3708,0.02074952
3709,0.02074952
3710,0.02074952
3711,0.02074952
3712,0.02046464
3713,0.02046464
3714,0.02046464
3715,0.02046464
3716,0.02069089
3717,0.02071824
3718,0.02071824
3719,0.02071824
3720,0.0207
3721,0.02069986
3722,0.02062978
3723,0.02055969
3724,0.02055969
3725,0.02055969
3726,0.02055969
3727,0.02055969
3728,0.02055969
3729,0.02055969
3730,0.02055969
3731,0.02030019
3732,0.02055969
3733,0.02030022
3734,0.02030022
3735,0.02030024
3736,0.02030024
3737,0.02055956
3738,0.02055956
3739,0.02055949
3740,0.02044602
3741,0.02044602
3742,0.02083607
3743,0.02083607
3744,0.02083603
3745,0.0207102
3746,0.02068948
3747,0.02068948
3748,0.02068948
3749,0.02075163
3750,0.02075163
3751,0.02083487
3752,0.02083487
3753,0.02083487
3754,0.02083487
3755,0.02083487
3756,0.02083487
3757,0.02083487
3758,0.02075164
3759,0.02075164
3760,0.02075164
3761,0.02075164
3762,0.02075164
3763,0.02075164
3764,0.02075164
3765,0.02075163
3766,0.02075163
3767,0.02075163
3768,0.02075163
3769,0.02044624
3770,0.02044624
3771,0.02044627
3772,0.02044627
3773,0.02044627
3774,0.02044627
3775,0.02044627
3776,0.02044627
3777,0.02044627
3778,0.02044627
3779,0.0207507
3780,0.0207507
3781,0.02075064
3782,0.02075064
3783,0.02084
3784,0.0205599
3785,0.0205599
3786,0.0205599
3787,0.0205599
3788,0.02040816
3789,0.02083988
3790,0.02083988
3791,0.02083988
3792,0.02064246
3793,0.02064246
3794,0.02064246
3795,0.02064246
3796,0.02064246
3797,0.02064246
3798,0.02040934
3799,0.02040934
3800,0.02040934
3801,0.02040936
3802,0.02040936
3803,0.02040938
3804,0.02040939
3805,0.02040939
3806,0.02055981
3807,0.02055981
3808,0.02055981
3809,0.02040936
3810,0.02040937
3811,0.02062165
3812,0.02062165
3813,0.02040937
3814,0.02040937
3815,0.02083957
3816,0.02083957
3817,0.02083957
3818,0.02056963
3819,0.02056963
3820,0.02079645
3821,0.02079645
3822,0.02079645
3823,0.02079645
3824,0.02079645
3825,0.02079645
3826,0.02079645
3827,0.02056962
3828,0.02056962
3829,0.02056962
3830,0.0204
3831,0.0204
3832,0.02044018
3833,0.02044018
3834,0.02044018
3835,0.02056963
3836,0.02056963
3837,0.02084
3838,0.021
3839,0.021
3840,0.021
3841,0.02044022
3842,0.02044022
3843,0.02045482
3844,0.02044019
3845,0.02044019
3846,0.02044019
3847,0.02044019
3848,0.02044029
3849,0.02044029
3850,0.02074958
3851,0.02074958
3852,0.02074954
3853,0.02074954
3854,0.02074954
3855,0.02046072
3856,0.02046072
3857,0.02046072
3858,0.02046072
3859,0.02046072
3860,0.02046072
3861,0.02046072
3862,0.02046075
3863,0.0204402
3864,0.02044018
3865,0.02044022
3866,0.02044022
3867,0.02044022
3868,0.02044019
3869,0.02044019
3870,0.02044019
3871,0.02044019
3872,0.02044019
3873,0.02044018
3874,0.02044018
3875,0.02044018
3876,0.02044018
3877,0.02044018
3878,0.02044018
3879,0.02044018
3880,0.02052456
3881,0.02052456
3882,0.02052456
3883,0.02052456
3884,0.02040277
3885,0.0204028
3886,0.02074856
3887,0.02074856
3888,0.02062344
3889,0.02040009
3890,0.02040011
3891,0.0204001
3892,0.02040011
3893,0.02040011
3894,0.0204001
3895,0.0204001
3896,0.0204001
3897,0.0204001
3898,0.02059554
3899,0.02059904
3900,0.02059904
3901,0.02099998
3902,0.02099998
3903,0.02099998
3904,0.02099998
3905,0.02099998
3906,0.02099998
3907,0.02060378
3908,0.02060378
3909,0.02060378
3910,0.02060378
3911,0.02060378
3912,0.02060378
3913,0.02060378
3914,0.02099917
3915,0.02099917
3916,0.02099894
3917,0.02099894
3918,0.02099894
3919,0.02099894
3920,0.02099894
3921,0.02099894
3922,0.02099894
3923,0.02061556
3924,0.02061556
3925,0.02061556
3926,0.02061556
3927,0.02061556
3928,0.02099788
3929,0.02099788
3930,0.02099788
3931,0.02099788
3932,0.02061558
3933,0.02061558
3934,0.02061558
3935,0.0209972
3936,0.0209972
3937,0.0209971
3938,0.0209971
3939,0.0209971
3940,0.0209971
3941,0.0209971
3942,0.02062007
3943,0.02062007
3944,0.02062007
3945,0.02062007
3946,0.02062007
3947,0.02062007
3948,0.02062007
3949,0.0208793
3950,0.0208793
3951,0.0208793
3952,0.02072001
3953,0.02072001
3954,0.02072001
3955,0.02072001
3956,0.02072001
3957,0.02066814
3958,0.02066814
3959,0.02066814
3960,0.02066814
3961,0.02066814
3962,0.02066814
3963,0.02066814
3964,0.02066814
3965,0.02066814
3966,0.02066814
3967,0.02066814
3968,0.02066814
3969,0.02066814
3970,0.02066814
3971,0.02066814
3972,0.0205241
3973,0.0205241
3974,0.0205241
3975,0.0205241
3976,0.0205241
3977,0.0205241
3978,0.0205241
3979,0.0205241
3980,0.02040013
3981,0.02066814
3982,0.02066814
3983,0.02066814
3984,0.02066814
3985,0.02066814
3986,0.02066814
3987,0.02066814
3988,0.02066
3989,0.02066
3990,0.02066815
3991,0.02066815
3992,0.02066815
3993,0.02066815
3994,0.02066815
3995,0.02066815
3996,0.02066815
3997,0.02031334
3998,0.02031334
3999,0.02045021
4000,0.02083932
4001,0.02083932
4002,0.02052804
4003,0.02031855
4004,0.02031855
4005,0.02031855
4006,0.02031855
4007,0.02031855
4008,0.02031855
4009,0.02031855
4010,0.02031855
4011,0.02031855
4012,0.02031855
4013,0.02083877
4014,0.02083877
4015,0.02083877
4016,0.02083877
4017,0.02044692
4018,0.02044692
4019,0.02044692
4020,0.02044692
4021,0.02044692
4022,0.02044692
4023,0.02044692
4024,0.02044692
4025,0.02044698
4026,0.02044698
4027,0.02044698
4028,0.02044698
4029,0.02030904
4030,0.02030904
4031,0.02030904
4032,0.02044698
4033,0.02044698
4034,0.02044698
4035,0.02044698
4036,0.02044698
4037,0.02044698
4038,0.02044698
4039,0.02030804
4040,0.02030802
4041,0.02030803
4042,0.02030804
4043,0.02044698
4044,0.02044698
4045,0.02044698
4046,0.02030004
4047,0.0203
4048,0.0203
4049,0.02026998
4050,0.02026998
4051,0.02026998
4052,0.02026998
4053,0.02051093
4054,0.02051093
4055,0.02051093
4056,0.02049038
4057,0.02008551
4058,0.0200843
4059,0.02008541
4060,0.02008533
4061,0.02008533
4062,0.02005532
4063,0.01952059
4064,0.02002799
4065,0.02002536
4066,0.0197701
4067,0.01952072
4068,0.01952081
4069,0.01985738
4070,0.0198574
4071,0.01998487
4072,0.01998487
4073,0.01980653
4074,0.01980653
4075,0.01980653
4076,0.01998999
4077,0.01998999
4078,0.01998999
4079,0.01998999
4080,0.01998999
4081,0.01998999
4082,0.01998997
4083,0.01998997
4084,0.01998997
4085,0.01998997
4086,0.01998997
4087,0.01946008
4088,0.01951
4089,0.01970051
4090,0.01951
4091,0.01950993
4092,0.01950993
4093,0.01950984
4094,0.01946
4095,0.01945999
4096,0.01945999
4097,0.01944991
4098,0.01941152
4099,0.01941152
4100,0.01941152
4101,0.01944991
4102,0.01944991
4103,0.01944991
4104,0.01944991
4105,0.01944991
4106,0.01944991
4107,0.01944991
4108,0.01944991
4109,0.01944991
4110,0.01944991
4111,0.01944991
4112,0.01944991
4113,0.01944991
4114,0.01944991
4115,0.01944991
4116,0.01944991
4117,0.01941155
4118,0.01941154
4119,0.01931154
4120,0.01929993
4121,0.01929992
4122,0.01929993
4123,0.01917341
4124,0.01917343
4125,0.01917341
4126,0.01917341
4127,0.01917341
4128,0.01917341
4129,0.01917341
4130,0.01917341
4131,0.01917341
4132,0.01942877
4133,0.01942877
4134,0.01942877
4135,0.01942877
4136,0.01942877
4137,0.01942877
4138,0.01942868
4139,0.01942868
4140,0.01942868
4141,0.01942854
4142,0.01942854
4143,0.01942854
4144,0.01942854
4145,0.01942854
4146,0.01917404
4147,0.01917404
4148,0.01917404
4149,0.01917404
4150,0.01917404
4151,0.01917404
4152,0.01934232
4153,0.01930126
4154,0.01930126
4155,0.01930125
4156,0.01930125
4157,0.01930125
4158,0.01930125
4159,0.01945998
4160,0.01945998
4161,0.01945998
4162,0.01945998
4163,0.01945998
4164,0.01945998
4165,0.01945998
4166,0.01945998
4167,0.01945998
4168,0.0194597
4169,0.01945965
4170,0.01917637
4171,0.01906762
4172,0.01906762
4173,0.01917637
4174,0.01908819
4175,0.01917637
4176,0.01945942
4177,0.01945933
4178,0.019
4179,0.019
4180,0.019
4181,0.019
4182,0.019
4183,0.01944
4184,0.01906762
4185,0.01906762
4186,0.01943994
4187,0.01943994
4188,0.01941588
4189,0.01906772
4190,0.01906772
4191,0.01906772
4192,0.01906772
4193,0.01906772
4194,0.01906772
4195,0.01906772
4196,0.01906772
4197,0.01906772
4198,0.01906789
4199,0.01906789
4200,0.01906789
4201,0.01906789
4202,0.01906789
4203,0.01906789
4204,0.01906789
4205,0.01906789
4206,0.01906789
4207,0.01906789
4208,0.01906789
4209,0.01926214
4210,0.01926214
4211,0.01926214
4212,0.01926214
4213,0.01926214
4214,0.01926214
4215,0.01926214
4216,0.01926214
4217,0.01921152
4218,0.01921152
4219,0.01921152
4220,0.01921152
4221,0.01907152
4222,0.01907152
4223,0.01907152
4224,0.01907152
4225,0.01907152
4226,0.01907152
4227,0.01907152
4228,0.01907152
4229,0.01907152
4230,0.01941344
4231,0.01941344
4232,0.01941327
4233,0.01941327
4234,0.01907161
4235,0.01907162
4236,0.01906506
4237,0.01906506
4238,0.01900007
4239,0.01900009
4240,0.01900009
4241,0.01900009
4242,0.019
4243,0.01890401
4244,0.01890401
4245,0.01890401
4246,0.01890401
4247,0.0189041
4248,0.0189041
4249,0.0189041
4250,0.0189041
4251,0.0189041
4252,0.01890408
4253,0.01890408
4254,0.01890408
4255,0.01890408
4256,0.01890408
4257,0.01890408
4258,0.01882
4259,0.01890399
4260,0.01882
4261,0.01882
4262,0.01882
4263,0.01882
4264,0.01882
4265,0.01888186
4266,0.01888186
4267,0.01879997
4268,0.01836886
4269,0.01834508
4270,0.01834508
4271,0.018345
4272,0.01833487
4273,0.01833487
4274,0.01838702
4275,0.01832475
4276,0.01833486
4277,0.01833487
4278,0.01833487
4279,0.01833487
4280,0.01833486
4281,0.01860765
4282,0.01846056
4283,0.01832474
4284,0.01832474
4285,0.01860763
4286,0.01860763
4287,0.01860763
4288,0.01893326
4289,0.01884953
4290,0.01884953
4291,0.01884953
4292,0.01884953
4293,0.01911821
4294,0.01884959
4295,0.01884959
4296,0.01884959
4297,0.01884959
4298,0.01884959
4299,0.01884959
4300,0.018885
4301,0.01888503
4302,0.01888503
4303,0.01888503
4304,0.01888503
4305,0.01888503
4306,0.01888703
4307,0.01911811
4308,0.01911815
4309,0.018888
4310,0.01888801
4311,0.01911822
4312,0.01889745
4313,0.01888801
4314,0.01888801
4315,0.01888801
4316,0.01923448
4317,0.01923193
4318,0.01923446
4319,0.01923446
4320,0.01923446
4321,0.01923189
4322,0.01923193
4323,0.0189204
4324,0.0189204
4325,0.0189204
4326,0.0189204
4327,0.01895016
4328,0.01895031
4329,0.01924471
4330,0.01923192
4331,0.01933542
4332,0.01941811
4333,0.01941811
4334,0.01941811
4335,0.01895861
4336,0.01952576
4337,0.01952576
4338,0.01952576
4339,0.01953874
4340,0.01954528
4341,0.01954528
4342,0.01954528
4343,0.01954528
4344,0.01954528
4345,0.01954528
4346,0.01956012
4347,0.01956012
4348,0.01956012
4349,0.01956012
4350,0.01956012
4351,0.01956012
4352,0.01956012
4353,0.01935739
4354,0.01935739
4355,0.01935739
4356,0.01956014
4357,0.01956014
4358,0.01956014
4359,0.01956014
4360,0.01956014
4361,0.01956014
4362,0.01956014
4363,0.01956014
4364,0.01956014
4365,0.01956014
4366,0.01956014
4367,0.01956014
4368,0.01956014
4369,0.01956014
4370,0.01956014
4371,0.01956014
4372,0.01958941
4373,0.01958979
4374,0.01956014
4375,0.01966703
4376,0.01966703
4377,0.01966707
4378,0.01966703
4379,0.0195602
4380,0.0195602
4381,0.01956022
4382,0.01956022
4383,0.01956022
4384,0.01956022
4385,0.01956022
4386,0.01956022
4387,0.01956022
4388,0.01956022
4389,0.01956022
4390,0.01956022
4391,0.01956022
4392,0.01956017
4393,0.01956017
4394,0.01956016
4395,0.01956015
4396,0.01956015
4397,0.01956014
4398,0.01956016
4399,0.01956016
4400,0.01956016
4401,0.01956016
4402,0.01956014
4403,0.01956014
4404,0.01956014
4405,0.01956014
4406,0.01956014
4407,0.01956016
4408,0.01956016
4409,0.01956016
4410,0.01956016
4411,0.01956014
4412,0.01956014
4413,0.01956014
4414,0.01956014
4415,0.01956014
4416,0.01956014
4417,0.01956014
4418,0.01956014
4419,0.01956014
4420,0.01956014
4421,0.01956014
4422,0.01956014
4423,0.01956014
4424,0.01956014
4425,0.01956014
4426,0.01956015
4427,0.01956015
4428,0.01956014
4429,0.01956012
4430,0.01956012
4431,0.01956012
4432,0.01956015
4433,0.01956015
4434,0.01956014
4435,0.01956014
4436,0.01956014
4437,0.01956014
4438,0.01956014
4439,0.01956014
4440,0.0195
4441,0.0195
4442,0.0195
4443,0.0195
4444,0.01917889
4445,0.01949998
4446,0.01949998
4447,0.01949998
4448,0.01949998
4449,0.01949998
4450,0.01949998
4451,0.01949999
4452,0.01925802
4453,0.01925802
4454,0.01925802
4455,0.01925802
4456,0.01949995
4457,0.01949995
4458,0.01949995
4459,0.01949995
4460,0.01949995
4461,0.01949995
4462,0.01949995
4463,0.01925
4464,0.01925
4465,0.01925
4466,0.01924471
4467,0.01924471
4468,0.01924471
4469,0.01924471
4470,0.01924424
4471,0.01924424
4472,0.01924424
4473,0.01924424
4474,0.01924073
4475,0.01924073
4476,0.01892022
4477,0.01906762
4478,0.01906762
4479,0.01892041
4480,0.01892041
4481,0.0192443
4482,0.0192443
4483,0.0192443
4484,0.01924471
4485,0.01925816
4486,0.01925816
4487,0.01950001
4488,0.01952932
4489,0.01957283
4490,0.01961263
4491,0.01957284
4492,0.01957284
4493,0.01957284
4494,0.01957284
4495,0.01957284
4496,0.01957284
4497,0.01957284
4498,0.01957284
4499,0.01957284
4500,0.01957283
4501,0.01957283
4502,0.01957283
4503,0.01957283
4504,0.01957283
4505,0.01957283
4506,0.01952933
4507,0.01952933
4508,0.01952933
4509,0.01952933
4510,0.01952932
4511,0.01952932
4512,0.01952932
4513,0.01952932
4514,0.01941
4515,0.01941
4516,0.01941
4517,0.01941
4518,0.01941
4519,0.01941
4520,0.01941
4521,0.01941
4522,0.01925816
4523,0.01925816
4524,0.01925816
4525,0.01925816
4526,0.01925816
4527,0.01924471
4528,0.01924471
4529,0.01924471
4530,0.01924471
4531,0.01924471
4532,0.01924471
4533,0.01924471
4534,0.01924471
4535,0.01924471
4536,0.01925816
4537,0.01924471
4538,0.01924471
4539,0.01924471
4540,0.01924471
4541,0.01924471
4542,0.01924471
4543,0.01924471
4544,0.01924471
4545,0.01924471
4546,0.01924471
4547,0.01924471
4548,0.01925144
4549,0.01925144
4550,0.01925144
4551,0.01924471
4552,0.01924471
4553,0.01924471
4554,0.01924471
4555,0.01924471
4556,0.0192443
4557,0.0192443
4558,0.0192443
4559,0.0192443
4560,0.0192443
4561,0.0192443
4562,0.0192443
4563,0.0192443
4564,0.0192443
4565,0.0192443
4566,0.0192443
4567,0.0192443
4568,0.0192443
4569,0.0192443
4570,0.0192443
4571,0.0192443
4572,0.0192443
4573,0.0192443
4574,0.0192443
4575,0.0192443
4576,0.01924471
4577,0.01924471
4578,0.01924471
4579,0.01924471
4580,0.01924471
4581,0.01924471
4582,0.01924471
4583,0.01924471
4584,0.019249
4585,0.019249
4586,0.01924471
4587,0.01924471
4588,0.01924471
4589,0.01924471
4590,0.01924471
4591,0.01924471
4592,0.01924471
4593,0.01924471
4594,0.01924471
4595,0.01924471
4596,0.01924471
4597,0.01924471
4598,0.01924471
4599,0.01924471
4600,0.0192443
4601,0.0192443
4602,0.0192443
4603,0.0192443
4604,0.0192443
4605,0.0192443
4606,0.0192443
4607,0.0192443
4608,0.0192443
4609,0.0192443
4610,0.0192443
4611,0.01924471
4612,0.01924471
4613,0.0192443
4614,0.0192443
4615,0.0192443
4616,0.0192443
4617,0.0192443
4618,0.0190766
4619,0.0190766
4620,0.0190766
4621,0.0190766
4622,0.0190766
4623,0.0190766
4624,0.0190766
4625,0.01889
4626,0.01889
4627,0.01924471
4628,0.01924471
4629,0.01898446
4630,0.01898446
4631,0.01907661
4632,0.01907661
4633,0.01907661
4634,0.01907661
4635,0.0190766
4636,0.0190766
4637,0.0190766
4638,0.0190766
4639,0.01907661
4640,0.01907661
4641,0.01907661
4642,0.0190766
4643,0.0190766
4644,0.01910521
4645,0.01910397
4646,0.01910397
4647,0.01910397
4648,0.01910397
4649,0.01910397
4650,0.0190766
4651,0.0190766
4652,0.0190766
4653,0.0190766
4654,0.0190766
4655,0.0190766
4656,0.0190766
4657,0.0190766
4658,0.0190766
4659,0.0190766
4660,0.0190766
4661,0.0190766
4662,0.0190766
4663,0.01910397
4664,0.01910397
4665,0.0190766
4666,0.0190766
4667,0.0190766
4668,0.0190766
4669,0.01910397
4670,0.01910397
4671,0.01910397
4672,0.01910397
4673,0.01910397
4674,0.01910397
4675,0.01910397
4676,0.01910397
4677,0.01898446
4678,0.01898446
4679,0.01893
4680,0.01893
4681,0.01893
4682,0.01893
4683,0.01893
4684,0.01893
4685,0.01923126
4686,0.01923126
4687,0.01924471
4688,0.01944978
4689,0.01924471
4690,0.01924471
4691,0.01924471
4692,0.01924471
4693,0.01924471
4694,0.01924471
4695,0.01924471
4696,0.01924471
4697,0.01944974
4698,0.01944974
4699,0.01944974
4700,0.01924471
4701,0.01924471
4702,0.01924471
4703,0.01924471
4704,0.01924471
4705,0.01924471
4706,0.01906764
4707,0.01906764
4708,0.01906766
4709,0.01906766
4710,0.01906788
4711,0.01906825
4712,0.01841845
4713,0.01842099
4714,0.01843127
4715,0.01843127
4716,0.01869258
4717,0.01869259
4718,0.01869259
4719,0.0188792
4720,0.01906762
4721,0.01906824
4722,0.01906824
4723,0.01869367
4724,0.01869375
4725,0.01869375
4726,0.01906824
4727,0.01906824
4728,0.01906824
4729,0.01906824
4730,0.01906824
4731,0.01924471
4732,0.01924471
4733,0.01924471
4734,0.01887922
4735,0.01887922
4736,0.01887921
4737,0.01887921
4738,0.01887921
4739,0.01887921
4740,0.0188792
4741,0.0188792
4742,0.01842124
4743,0.01842124
4744,0.01842124
4745,0.01842124
4746,0.01842124
4747,0.01842124
4748,0.01842124
4749,0.01869256
4750,0.01869258
4751,0.01869256
4752,0.01886116
4753,0.01869256
4754,0.01869256
4755,0.01869256
4756,0.01869256
4757,0.01869256
4758,0.01869256
4759,0.01869256
4760,0.01869256
4761,0.01869245
4762,0.01850778
4763,0.01850778
4764,0.01850778
4765,0.01841854
4766,0.01841854
4767,0.01841854
4768,0.01841854
4769,0.01835006
4770,0.01835006
4771,0.01841855
4772,0.01887942
4773,0.01887942
4774,0.01887942
4775,0.01887942
4776,0.01887942
4777,0.01887942
4778,0.01887942
4779,0.01887942
4780,0.01887942
4781,0.01887942
4782,0.01842229
4783,0.01842229
4784,0.01842229
4785,0.01862231
4786,0.01862231
4787,0.01862231
4788,0.01850778
4789,0.01850778
4790,0.01850778
4791,0.01842236
4792,0.01842236
4793,0.01850778
4794,0.01850778
4795,0.01850778
4796,0.01842134
4797,0.01842134
4798,0.01843976
4799,0.01833
4800,0.01833
4801,0.01833
4802,0.01833
4803,0.01861382
4804,0.01861382
4805,0.01860854
4806,0.01860854
4807,0.01860854
4808,0.01860854
4809,0.01860854
4810,0.01860854
4811,0.01860854
4812,0.01860854
4813,0.01860854
4814,0.01860854
4815,0.01858499
4816,0.01858499
4817,0.01858498
4818,0.01858498
4819,0.01858498
4820,0.01858757
4821,0.01858757
4822,0.01858757
4823,0.01858757
4824,0.01858757
4825,0.01858757
4826,0.01858757
4827,0.01858757
4828,0.01858757
4829,0.01858742
4830,0.01858742
4831,0.01858742
4832,0.01858742
4833,0.01836476
4834,0.01858734
4835,0.01858734
4836,0.01858734
4837,0.01858734
4838,0.01836741
4839,0.01836741
4840,0.01836741
4841,0.0185873
4842,0.0185873
4843,0.01836752
4844,0.01858734
4845,0.01858734
4846,0.01858734
4847,0.01866633
4848,0.01866633
4849,0.01866633
4850,0.01866633
4851,0.01906623
4852,0.01843555
4853,0.01843555
4854,0.01843555
4855,0.01866697
4856,0.01858732
4857,0.01858732
4858,0.01858731
4859,0.01858731
4860,0.01906546
4861,0.01838132
4862,0.01838132
4863,0.01838132
4864,0.01906445
4865,0.01906445
4866,0.01850788
4867,0.01850788
4868,0.01850788
4869,0.01838133
4870,0.01838133
4871,0.01838133
4872,0.01838133
4873,0.01838133
4874,0.01887913
4875,0.01887913
4876,0.01887913
4877,0.01887913
4878,0.01887913
4879,0.01887913
4880,0.01887913
4881,0.01850791
4882,0.01850789
4883,0.01850789
4884,0.01850787
4885,0.01850787
4886,0.01850787
4887,0.01850787
4888,0.01850787
4889,0.01850787
4890,0.01850787
4891,0.01850787
4892,0.01850787
4893,0.01850787
4894,0.01887794
4895,0.01887794
4896,0.01887794
4897,0.01887794
4898,0.01887794
4899,0.01887794
4900,0.01887794
4901,0.01887794
4902,0.01887794
4903,0.01887794
4904,0.01851008
4905,0.01851008
4906,0.01851008
4907,0.01851008
4908,0.01851008
4909,0.01851008
4910,0.01851008
4911,0.0186
4912,0.0186
4913,0.0186
4914,0.0186
4915,0.0186
4916,0.0186
4917,0.0186
4918,0.0186
4919,0.0186
4920,0.01887697
4921,0.01887697
4922,0.01887697
4923,0.01887697
4924,0.01887697
4925,0.01887697
4926,0.01860001
4927,0.01860001
4928,0.01860001
4929,0.01860001
4930,0.01860001
4931,0.01860003
4932,0.01860003
4933,0.01860003
4934,0.01887656
4935,0.01887656
4936,0.01887656
4937,0.01887656
4938,0.01887656
4939,0.01887656
4940,0.01887545
4941,0.01887545
4942,0.01887545
4943,0.01887545
4944,0.01887545
4945,0.01887545
4946,0.01887545
4947,0.01887545
4948,0.01887545
4949,0.01887542
4950,0.01887542
4951,0.01887542
4952,0.01887542
4953,0.01887542
4954,0.01887542
4955,0.01887542
4956,0.01887542
4957,0.01887542
4958,0.01887542
4959,0.01887542
4960,0.01887542
4961,0.01887543
4962,0.01887543
4963,0.0188792
4964,0.0188792
4965,0.0188792
4966,0.01906696
4967,0.01906696
4968,0.01906693
4969,0.01906692
4970,0.01906692
4971,0.01906689
4972,0.0190665
4973,0.0190665
4974,0.01906686
4975,0.01906686
4976,0.01906686
4977,0.0190666
4978,0.0190666
4979,0.0190666
4980,0.0190666
4981,0.0190666
4982,0.0190666
4983,0.0190666
4984,0.0190666
4985,0.0190666
4986,0.0190666
4987,0.01906688
4988,0.01906688
4989,0.01906688
4990,0.0190666
4991,0.0190666
4992,0.0190666
4993,0.0190666
4994,0.0190666
4995,0.0190666
4996,0.0190666
4997,0.0190666
4998,0.0190666
4999,0.0190666
5000,0.0190666
5001,0.0190666
5002,0.0190666
5003,0.01906688
5004,0.01906688
5005,0.01906688
5006,0.01906688
5007,0.01906688
5008,0.01906688
5009,0.01906688
5010,0.01925788
5011,0.01924471
5012,0.01924471
5013,0.01924684
5014,0.01924684
5015,0.01924684
5016,0.01924684
5017,0.01924684
5018,0.01924684
5019,0.01941779
5020,0.01941779
5021,0.01941779
5022,0.01935412
5023,0.01935412
5024,0.01935412
5025,0.01935412
5026,0.01935412
5027,0.01935412
5028,0.01935412
5029,0.01935412
5030,0.01935412
5031,0.01935412
5032,0.01935412
5033,0.01935412
5034,0.01935412
5035,0.01935412
5036,0.01935412
5037,0.01935412
5038,0.01935412
5039,0.01935412
5040,0.01924749
5041,0.01924749
5042,0.01924749
5043,0.01924749
5044,0.01924745
5045,0.01924741
5046,0.01924741
5047,0.01924741
5048,0.01924741
5049,0.01924741
5050,0.01924741
5051,0.01924741
5052,0.01924741
5053,0.01924741
5054,0.01924741
5055,0.01924741
5056,0.01924741
5057,0.01924766
5058,0.01924766
5059,0.01924766
5060,0.01924766
5061,0.01924766
5062,0.01924766
5063,0.01924766
5064,0.01924766
5065,0.01924767
5066,0.01924767
5067,0.01924767
5068,0.01924767
5069,0.01924767
5070,0.01924767
5071,0.01924767
5072,0.01924767
5073,0.01924767
5074,0.01924767
5075,0.01924767
5076,0.01924767
5077,0.01924767
5078,0.01924767
5079,0.01924767
5080,0.01924767
5081,0.01944999
5082,0.01944999
5083,0.01944999
5084,0.01944999
5085,0.01944999
5086,0.01944999
5087,0.01944999
5088,0.01944999
5089,0.01944999
5090,0.01944999
5091,0.01944999
5092,0.01948955
5093,0.01925024
5094,0.01925024
5095,0.01925024
5096,0.01925024
5097,0.01964
5098,0.01964
5099,0.01964352
5100,0.01964352
5101,0.01964352
5102,0.01964352
5103,0.01964
5104,0.01964
5105,0.01964
5106,0.0196435
5107,0.01964
5108,0.01964
5109,0.01964
5110,0.01964
5111,0.01964
5112,0.01964344
5113,0.01964343
5114,0.01964343
5115,0.01964343
5116,0.01964343
5117,0.01964343
5118,0.01964328
5119,0.01964326
5120,0.01964325
5121,0.01964322
5122,0.01964321
5123,0.01964321
5124,0.0192508
5125,0.0192508
5126,0.01964316
5127,0.01964316
5128,0.01964316
5129,0.01964316
5130,0.01964316
5131,0.01964316
5132,0.01964316
5133,0.01964316
5134,0.01964312
5135,0.01964312
5136,0.0196431
5137,0.0196431
5138,0.0196431
5139,0.01925141
5140,0.01925141
5141,0.01925141
5142,0.01925141
5143,0.01925141
5144,0.01925141
5145,0.01925141
5146,0.01925141
5147,0.01925141
5148,0.01926967
5149,0.01926967
5150,0.01926967
5151,0.01963882
5152,0.01963882
5153,0.01963882
5154,0.01963882
5155,0.01963882
5156,0.01963882
5157,0.01963882
5158,0.01963882
5159,0.01963882
5160,0.01963882
5161,0.01963882
5162,0.01963882
5163,0.01963882
5164,0.01961216
5165,0.01961216
5166,0.01961209
5167,0.0192786
5168,0.0192786
5169,0.01928387
5170,0.01928387
5171,0.01928387
5172,0.01928387
5173,0.01928387
5174,0.01928387
5175,0.01928387
5176,0.01961173
5177,0.01961167
5178,0.01961167
5179,0.01961167
5180,0.01961167
5181,0.01961167
5182,0.01961167
5183,0.01961167
5184,0.01961167
5185,0.01961167
5186,0.01961167
5187,0.01961167
5188,0.01961128
5189,0.01961128
5190,0.01961128
5191,0.01961128
5192,0.01961128
5193,0.01961128
5194,0.01961128
5195,0.01961128
5196,0.01961128
5197,0.01961128
5198,0.01961128
5199,0.01961128
5200,0.01961128
5201,0.01961128
5202,0.01961114
5203,0.01961114
5204,0.01964209
5205,0.01964209
5206,0.01964209
5207,0.01964209
5208,0.01964209
5209,0.01964209
5210,0.01964209
5211,0.01961117
5212,0.01961117
5213,0.01961117
5214,0.01924771
5215,0.01924771
5216,0.01924771
5217,0.01924771
5218,0.01924771
5219,0.01924771
5220,0.01924771
5221,0.01924771
5222,0.01948296
5223,0.01948306
5224,0.01948306
5225,0.01948306
5226,0.01948306
5227,0.01948306
5228,0.01948304
5229,0.01964395
5230,0.01964395
5231,0.01948304
5232,0.01948304
5233,0.01948304
5234,0.01948304
5235,0.01948304
5236,0.01948304
5237,0.01948304
5238,0.01948304
5239,0.01964192
5240,0.01964192
5241,0.01964396
5242,0.01964396
5243,0.01964396
5244,0.01964396
5245,0.01964397
5246,0.01964397
5247,0.01968462
5248,0.01968462
5249,0.01964396
5250,0.0196858
5251,0.0196858
5252,0.0196858
5253,0.0196858
5254,0.0196858
5255,0.01964396
5256,0.0196858
5257,0.0196858
5258,0.0196858
5259,0.0196858
5260,0.0196858
5261,0.0196858
5262,0.0196858
5263,0.0196858
5264,0.0196858
5265,0.0196858
5266,0.01964396
5267,0.01948304
5268,0.01948304
5269,0.01981231
5270,0.01981231
5271,0.01981231
5272,0.01981231
5273,0.01964396
5274,0.01964396
5275,0.01964396
5276,0.01964396
5277,0.01964396
5278,0.01964396
5279,0.01981232
5280,0.01981232
5281,0.01981232
5282,0.01991944
5283,0.01991944
5284,0.01993097
5285,0.01992011
5286,0.01992
5287,0.01999
5288,0.0199207
5289,0.0199207
5290,0.0199207
5291,0.0199207
5292,0.0199207
5293,0.0199207
5294,0.0199207
5295,0.0199207
5296,0.01999
5297,0.01999
5298,0.01999
5299,0.01999
5300,0.01999
5301,0.01999
5302,0.0199207
5303,0.01999
5304,0.01981232
5305,0.01999
5306,0.01999
5307,0.01999
5308,0.01999
5309,0.01999
5310,0.01999
5311,0.01999
5312,0.01999
5313,0.01999
5314,0.01999
5315,0.01999
5316,0.01999
5317,0.01999
5318,0.01999
5319,0.01999
5320,0.01999
5321,0.01999
5322,0.01999
5323,0.01999
5324,0.01999
5325,0.01999
5326,0.01999
5327,0.01999857
5328,0.01999857
5329,0.0199991
5330,0.0199991
5331,0.0199991
5332,0.0199991
5333,0.0199991
5334,0.0199991
5335,0.0199991
5336,0.0199991
5337,0.0199991
5338,0.01999001
5339,0.01999001
5340,0.01999001
5341,0.01999001
5342,0.01999001
5343,0.01999001
5344,0.01999001
5345,0.01999001
5346,0.01999001
5347,0.01999001
5348,0.01999001
5349,0.01999001
5350,0.01999001
5351,0.01999001
5352,0.01999001
5353,0.01999001
5354,0.01999001
5355,0.01999001
5356,0.01999001
5357,0.01999001
5358,0.01999001
5359,0.02026465
5360,0.02026465
5361,0.02026465
5362,0.02026465
5363,0.02026465
5364,0.02026465
5365,0.02026465
5366,0.02026465
5367,0.02026465
5368,0.02026465
5369,0.02026465
5370,0.02026465
5371,0.02026465
5372,0.02026465
5373,0.02026465
5374,0.02026465
5375,0.02026465
5376,0.02026465
5377,0.01978524
5378,0.01978524
5379,0.01978524
5380,0.01978524
5381,0.02026464
5382,0.02026464
5383,0.02026464
5384,0.02026464
5385,0.02026464
5386,0.02026464
5387,0.02026464
5388,0.02026464
5389,0.01999002
5390,0.01999003
5391,0.01999003
5392,0.01999003
5393,0.01999003
5394,0.01999003
5395,0.01999003
5396,0.01999016
5397,0.01999035
5398,0.01999035
5399,0.01999035
5400,0.01999035
5401,0.01999035
5402,0.01999035
5403,0.01999035
5404,0.01999035
5405,0.01999016
5406,0.01999016
5407,0.01999016
5408,0.01999016
5409,0.01999016
5410,0.01999016
5411,0.01999016
5412,0.01999016
5413,0.01999016
5414,0.01999016
5415,0.02026438
5416,0.02026438
5417,0.02026438
5418,0.02026438
5419,0.02026438
5420,0.02026438
5421,0.02026438
5422,0.02026438
5423,0.02026438
5424,0.02026438
5425,0.02026438
5426,0.02024105
5427,0.01999024
5428,0.01999024
5429,0.01999024
5430,0.01999024
5431,0.01999024
5432,0.01999024
5433,0.01999024
5434,0.01999024
5435,0.01999024
5436,0.01999024
5437,0.01999024
5438,0.01999024
5439,0.01999024
5440,0.01999024
5441,0.01999024
5442,0.01999024
5443,0.01999024
5444,0.01999024
5445,0.01999024
5446,0.01999024
5447,0.01999024
5448,0.01999024
5449,0.01999025
5450,0.01999025
5451,0.01999025
5452,0.01999025
5453,0.01999025
5454,0.01999025
5455,0.01999025
5456,0.02011513
5457,0.02011513
5458,0.02011513
5459,0.02011513
5460,0.02011513
5461,0.02011513
5462,0.02009501
5463,0.02009501
5464,0.02009501
5465,0.02009501
5466,0.02009466
5467,0.02009466
5468,0.02009466
5469,0.02009466
5470,0.02029037
5471,0.02009453
5472,0.02009453
5473,0.0201
5474,0.0201
5475,0.0201
5476,0.0201
5477,0.0201
5478,0.02029984
5479,0.0201
5480,0.0201
5481,0.0201
5482,0.0201
5483,0.0201
5484,0.02015
5485,0.02010001
5486,0.0201
5487,0.0201
5488,0.0201
5489,0.02011245
5490,0.02014979
5491,0.02015
5492,0.02015
5493,0.02015
5494,0.02015
5495,0.02015
5496,0.02015
5497,0.02015
5498,0.02015
5499,0.02015
5500,0.02015
5501,0.02015
5502,0.02015
5503,0.02015
5504,0.02015
5505,0.02015
5506,0.02015
5507,0.02015
5508,0.02015
5509,0.02015
5510,0.02015
5511,0.02014979
5512,0.02014979
5513,0.02014979
5514,0.02015
5515,0.02015
5516,0.02015
5517,0.02015
5518,0.02015
5519,0.0202
5520,0.0202
5521,0.0202
5522,0.0202
5523,0.0202
5524,0.0202
5525,0.0202
5526,0.0202
5527,0.02027828
5528,0.02027828
5529,0.02027828
5530,0.02027828
5531,0.02027828
5532,0.0202
5533,0.0202
5534,0.0202
5535,0.0202
5536,0.0202
5537,0.0202
5538,0.0202
5539,0.0202
5540,0.02027828
5541,0.02027828
5542,0.02027828
5543,0.02027828
5544,0.02027828
5545,0.02027828
5546,0.02027828
5547,0.02027828
5548,0.02027828
5549,0.02027828
5550,0.0202
5551,0.0202
5552,0.0202
5553,0.0202
5554,0.0202
5555,0.0202
5556,0.0202
5557,0.0202
5558,0.0202
5559,0.0202
5560,0.0202
5561,0.0202
5562,0.0202
5563,0.0202
5564,0.0202
5565,0.0202
5566,0.0202
5567,0.0202
5568,0.0202
5569,0.0202
5570,0.0202
5571,0.0202
5572,0.0202
5573,0.0202
5574,0.0202
5575,0.0202
5576,0.0202
5577,0.0202
5578,0.0202
5579,0.0202
5580,0.0202
5581,0.0202
5582,0.0202
5583,0.0202
5584,0.0202
5585,0.0202
5586,0.0202
5587,0.0202
5588,0.0202
5589,0.0202
5590,0.0202
5591,0.0202
5592,0.0202
5593,0.0202
5594,0.0202
5595,0.0202
5596,0.0203086
5597,0.02020001
5598,0.02030859
5599,0.02030859
5600,0.02030859
5601,0.02030859
5602,0.02030859
5603,0.02030859
5604,0.02030859
5605,0.02030859
5606,0.02030859
5607,0.02030859
5608,0.02030859
5609,0.02030859
5610,0.02030859
5611,0.02030859
5612,0.02030859
5613,0.02030859
5614,0.02020001
5615,0.0202
5616,0.0202
5617,0.0202
5618,0.0202
5619,0.0202
5620,0.0202
5621,0.0202
5622,0.0202
5623,0.0202
5624,0.02000604
5625,0.02000604
5626,0.0200086
5627,0.0200086
5628,0.0200112
5629,0.0200112
5630,0.0200112
5631,0.0200112
5632,0.0200112
5633,0.0200112
5634,0.0200112
5635,0.0200112
5636,0.0200112
5637,0.0200112
5638,0.0200112
5639,0.02002664
5640,0.02002664
5641,0.02002664
5642,0.02002664
5643,0.02002664
5644,0.02002664
5645,0.02002664
5646,0.02002664
5647,0.02002664
5648,0.02002664
5649,0.02002664
5650,0.02002664
5651,0.02002664
5652,0.02002664
5653,0.02002664
5654,0.02030859
5655,0.02030859
5656,0.02030859
5657,0.02030859
5658,0.02030855
5659,0.02030855
5660,0.02030855
5661,0.02030855
5662,0.02030855
5663,0.02030855
5664,0.02030855
5665,0.02030855
5666,0.02030855
5667,0.02030855
5668,0.02030855
5669,0.02030855
5670,0.02030855
5671,0.02030855
5672,0.02030855
5673,0.02039541
5674,0.02039541
5675,0.02039541
5676,0.02039541
5677,0.02040001
5678,0.02040001
5679,0.02040001
5680,0.02040001
5681,0.02040001
5682,0.02040001
5683,0.02040001
5684,0.02040001
5685,0.02041144
5686,0.02041144
5687,0.02052
5688,0.02052
5689,0.02052
5690,0.02052
5691,0.02052
5692,0.02052
5693,0.02040018
5694,0.02040018
5695,0.02040018
5696,0.02040018
5697,0.02040018
5698,0.02030865
5699,0.02030865
5700,0.02030865
5701,0.02030865
5702,0.02030888
5703,0.02030888
5704,0.02030888
5705,0.02030888
5706,0.02030888
5707,0.02030888
5708,0.02030888
5709,0.02030888
5710,0.02030888
5711,0.02030888
5712,0.02030888
5713,0.02030888
5714,0.02030888
5715,0.02030888
5716,0.02047136
5717,0.02032898
5718,0.02032898
5719,0.02032898
5720,0.02032903
5721,0.02032908
5722,0.020536
5723,0.02055323
5724,0.02055331
5725,0.02055331
5726,0.02055331
5727,0.02055999
5728,0.02056
5729,0.02056014
5730,0.02056014
5731,0.02057874
5732,0.02057874
5733,0.02057874
5734,0.02057874
5735,0.02057874
5736,0.02057875
5737,0.02057888
5738,0.02057888
5739,0.02057888
5740,0.02057888
5741,0.0206
5742,0.02060638
5743,0.02062336
5744,0.02062336
5745,0.02060645
5746,0.02060645
5747,0.02064246
5748,0.02064246
5749,0.02064246
5750,0.02064246
5751,0.02064246
5752,0.02064246
5753,0.02064246
5754,0.02064246
5755,0.02064246
5756,0.02064246
5757,0.02086572
5758,0.02086572
5759,0.02086308
5760,0.02086308
5761,0.02086045
5762,0.02086045
5763,0.02086045
5764,0.02086046
5765,0.02086046
5766,0.02100255
5767,0.02100273
5768,0.02100273
5769,0.02101199
5770,0.02100273
5771,0.02100256
5772,0.02101199
5773,0.02101199
5774,0.02101199
5775,0.02101199
5776,0.02118
5777,0.02118
5778,0.02118
5779,0.02119185
5780,0.02119185
5781,0.02118
5782,0.02118
5783,0.02118001
5784,0.02118001
5785,0.02118001
5786,0.02118012
5787,0.02118012
5788,0.02118012
5789,0.02118012
5790,0.02119185
5791,0.02119185
5792,0.02119187
5793,0.02119187
5794,0.02119187
5795,0.02119187
5796,0.02119187
5797,0.02119187
5798,0.0211889
5799,0.0211889
5800,0.0211889
5801,0.0211889
5802,0.0211889
5803,0.0211889
5804,0.0211889
5805,0.0211889
5806,0.0211889
5807,0.0211889
5808,0.0211889
5809,0.0211889
5810,0.0211889
5811,0.02119059
5812,0.02119059
5813,0.02119059
5814,0.02119059
5815,0.02119187
5816,0.02119187
5817,0.02119187
5818,0.02119187
5819,0.02119187
5820,0.02119187
5821,0.02119187
5822,0.02119187
5823,0.02119187
5824,0.02119187
5825,0.02119793
5826,0.02119793
5827,0.02119793
5828,0.02119793
5829,0.02119793
5830,0.02127559
5831,0.02127559
5832,0.02127559
5833,0.02119923
5834,0.02119793
5835,0.02119793
5836,0.02119793
5837,0.02119793
5838,0.02119793
5839,0.02119793
5840,0.02119794
5841,0.02119794
5842,0.02119794
5843,0.02119794
5844,0.02119794
5845,0.02119794
5846,0.02119794
5847,0.02119794
5848,0.02119794
5849,0.02119794
5850,0.02118001
5851,0.02118001
5852,0.02118001
5853,0.02118001
5854,0.02118001
5855,0.02118001
5856,0.02118001
5857,0.02117068
5858,0.02103168
5859,0.02103168
5860,0.02103168
5861,0.02103168
5862,0.02103168
5863,0.02103168
5864,0.02103168
5865,0.02103146
5866,0.02103146
5867,0.02103146
5868,0.02103146
5869,0.02103146
5870,0.02103146
5871,0.02103146
5872,0.02103146
5873,0.02103146
5874,0.02103146
5875,0.02103146
5876,0.02103146
5877,0.02103146
5878,0.02103146
5879,0.02103146
5880,0.02103146
5881,0.02103146
5882,0.02103146
5883,0.02103146
5884,0.02103146
5885,0.02103146
5886,0.02103146
5887,0.02103146
5888,0.02103146
5889,0.02103146
5890,0.02103168
5891,0.02103168
5892,0.02103168
5893,0.02103168
5894,0.02111299
5895,0.02111299
5896,0.02100795
5897,0.02098596
5898,0.02098596
5899,0.02098596
5900,0.02098596
5901,0.02098596
5902,0.02098596
5903,0.02098596
5904,0.02098596
5905,0.02098596
5906,0.02098596
5907,0.02098596
5908,0.02098596
5909,0.02098596
5910,0.02098597
5911,0.02097848
5912,0.02097848
5913,0.02097848
5914,0.02097848
5915,0.02098597
5916,0.02098597
5917,0.02098597
5918,0.02098597
5919,0.02098597
5920,0.02098597
5921,0.02098597
5922,0.02098597
5923,0.02098597
5924,0.02098597
5925,0.02098597
5926,0.02098597
5927,0.02098597
5928,0.02098597
5929,0.02098597
5930,0.02098597
5931,0.02098597
5932,0.02098597
5933,0.02098597
5934,0.02098597
5935,0.02098596
5936,0.02098596
5937,0.02098596
5938,0.02098596
5939,0.02097848
5940,0.02097848
5941,0.02097848
5942,0.02095876
5943,0.02095876
5944,0.02095876
5945,0.02095876
5946,0.020974
5947,0.020974
5948,0.020974
5949,0.020974
5950,0.020974
5951,0.020974
5952,0.02064246
5953,0.02058192
5954,0.020562
5955,0.020562
5956,0.02056192
5957,0.02056192
5958,0.02056192
5959,0.02056192
5960,0.02056184
5961,0.02056184
5962,0.02056184
5963,0.02056
5964,0.02053492
5965,0.02053492
5966,0.02053492
5967,0.02053492
5968,0.02053492
5969,0.02035112
5970,0.02053492
5971,0.02053492
5972,0.02053492
5973,0.02053492
5974,0.02053492
5975,0.02053492
5976,0.02053492
5977,0.02053492
5978,0.02053492
5979,0.02053492
5980,0.02053492
5981,0.02053492
5982,0.02053492
5983,0.02043888
5984,0.02043888
5985,0.02035213
5986,0.02035213
5987,0.02035213
5988,0.02035002
5989,0.020323
5990,0.02030855
5991,0.02030855
5992,0.02030855
5993,0.02030855
5994,0.02041008
5995,0.02041008
5996,0.02041008
5997,0.02041008
5998,0.02041008
5999,0.02041008
6000,0.02030855
6001,0.02030855
6002,0.02030855
6003,0.02
6004,0.02
6005,0.02000068
6006,0.02000068
6007,0.02000068
6008,0.02004079
6009,0.02010049
6010,0.02010049
6011,0.02010049
6012,0.02004092
6013,0.02004101
6014,0.02004102
6015,0.02004102
6016,0.02004102
6017,0.02097389
6018,0.02097389
6019,0.02097389
6020,0.02097389
6021,0.02097389
6022,0.02097389
6023,0.02097389
6024,0.02097389
6025,0.02097389
6026,0.020974
6027,0.020974
6028,0.020974
6029,0.0209739
6030,0.0209739
6031,0.02097394
6032,0.0209739
6033,0.0209739
6034,0.02097389
6035,0.02097389
6036,0.02097389
6037,0.02097389
6038,0.02097389
6039,0.02097389
6040,0.02097389
6041,0.02097389
6042,0.02097389
6043,0.02097389
6044,0.02097389
6045,0.02097389
6046,0.02097389
6047,0.02097389
6048,0.02097389
6049,0.02097389
6050,0.02097388
6051,0.02097388
6052,0.02097386
6053,0.02097386
6054,0.02097386
6055,0.02097386
6056,0.02097386
6057,0.02095294
6058,0.02076418
6059,0.02076418
6060,0.02076418
6061,0.02076418
6062,0.02076418
6063,0.02076418
6064,0.02076418
6065,0.02076418
6066,0.02076417
6067,0.02076417
6068,0.02037084
6069,0.02037084
6070,0.02037084
6071,0.02037084
6072,0.02037084
6073,0.02037084
6074,0.02037084
6075,0.02037293
6076,0.02037293
6077,0.02037293
6078,0.02075901
6079,0.02075901
6080,0.02075901
6081,0.02075901
6082,0.02037498
6083,0.02037498
6084,0.02037498
6085,0.02037496
6086,0.02037496
6087,0.02037496
6088,0.02037497
6089,0.02037497
6090,0.02037499
6091,0.02037499
6092,0.02037499
6093,0.02037499
6094,0.02037499
6095,0.02037499
6096,0.02072313
6097,0.02072313
6098,0.02072313
6099,0.02072313
6100,0.02072313
6101,0.02072313
6102,0.02072313
6103,0.02037502
6104,0.02037502
6105,0.02037502
6106,0.02037502
6107,0.02068731
6108,0.02068731
6109,0.02068217
6110,0.02068217
6111,0.02068217
6112,0.02068217
6113,0.02056696
6114,0.02056696
6115,0.02056696
6116,0.02056696
6117,0.02056696
6118,0.02056696
6119,0.02056696
6120,0.02056696
6121,0.02056685
6122,0.02056684
6123,0.02056684
6124,0.02056682
6125,0.02056682
6126,0.02056682
6127,0.02056682
6128,0.02056682
6129,0.02056682
6130,0.02056682
6131,0.02056673
6132,0.02056673
6133,0.02056673
6134,0.02056673
6135,0.02056673
6136,0.02056673
6137,0.02053246
6138,0.02053246
6139,0.02053246
6140,0.02053246
6141,0.02053246
6142,0.02053246
6143,0.02053246
6144,0.02053246
6145,0.02053246
6146,0.02053246
6147,0.02053246
6148,0.02053246
6149,0.02053246
6150,0.02053246
6151,0.02053246
6152,0.02053246
6153,0.02053246
6154,0.02053246
6155,0.02053246
6156,0.02053246
6157,0.02053246
6158,0.02053246
6159,0.02053246
6160,0.02053246
6161,0.02053246
6162,0.02053246
6163,0.02053246
6164,0.02056684
6165,0.02056684
6166,0.02056684
6167,0.02056684
6168,0.02056684
6169,0.02056684
6170,0.02016113
6171,0.02016113
6172,0.02016113
6173,0.02016913
6174,0.02016913
6175,0.02016913
6176,0.02016913
6177,0.02016913
6178,0.02016913
6179,0.02016913
6180,0.02056492
6181,0.02056492
6182,0.02056492
6183,0.02056492
6184,0.02056492
6185,0.02056492
6186,0.02056492
6187,0.02056492
6188,0.02056492
6189,0.02056492
6190,0.02056493
6191,0.02056493
6192,0.02056493
6193,0.02056493
6194,0.02056684
6195,0.02056684
6196,0.02056684
6197,0.02056684
6198,0.02088268
6199,0.02088268
6200,0.02088268
6201,0.02088268
6202,0.02088268
6203,0.02088268
6204,0.02088268
6205,0.02088268
6206,0.02088268
6207,0.02088268
6208,0.02088268
6209,0.02088268
6210,0.02088268
6211,0.02088268
6212,0.02057796
6213,0.02057796
6214,0.02057796
6215,0.02057796
6216,0.02057796
6217,0.02057796
6218,0.02057796
6219,0.02057796
6220,0.02057796
6221,0.02057796
6222,0.02057796
6223,0.02057796
6224,0.02057796
6225,0.02057796
6226,0.02083994
6227,0.02083994
6228,0.02083994
6229,0.02083994
6230,0.02083994
6231,0.02083994
6232,0.02083994
6233,0.02083994
6234,0.02083994
6235,0.02083994
6236,0.02083994
6237,0.02083994
6238,0.02058327
6239,0.02058327
6240,0.02058583
6241,0.02058584
6242,0.02058586
6243,0.02058586
6244,0.02084802
6245,0.02088368
6246,0.02088368
6247,0.02088368
6248,0.02088368
6249,0.02088368
6250,0.02088368
6251,0.02088368
6252,0.02088368
6253,0.02088257
6254,0.02088257
6255,0.02088257
6256,0.02088257
6257,0.02088257
6258,0.02088257
6259,0.02058591
6260,0.02058591
6261,0.02058595
6262,0.02058595
6263,0.02058595
6264,0.02058595
6265,0.02058595
6266,0.02058595
6267,0.02058596
6268,0.02058596
6269,0.02058596
6270,0.02058596
6271,0.02058596
6272,0.02058596
6273,0.02058596
