0,9.762e-05
1,9.762e-05
2,9.772e-05
3,9.786e-05
4,9.777e-05
5,9.777e-05
6,9.777e-05
7,9.777e-05
8,9.777e-05
9,9.782e-05
10,9.782e-05
11,9.787e-05
12,9.787e-05
13,9.762e-05
14,9.762e-05
15,9.762e-05
16,9.762e-05
17,9.762e-05
18,9.762e-05
19,9.785e-05
20,9.783e-05
21,9.782e-05
22,9.763e-05
23,9.763e-05
24,9.763e-05
25,9.762e-05
26,9.763e-05
27,9.751e-05
28,9.751e-05
29,9.751e-05
30,9.762e-05
31,9.762e-05
32,9.762e-05
33,9.763e-05
34,9.782e-05
35,9.782e-05
36,9.782e-05
37,9.782e-05
38,9.782e-05
39,9.782e-05
40,9.782e-05
41,9.782e-05
42,9.782e-05
43,9.782e-05
44,9.782e-05
45,9.764e-05
46,9.764e-05
47,9.764e-05
48,9.764e-05
49,9.764e-05
50,9.763e-05
51,9.728e-05
52,9.728e-05
53,9.7e-05
54,9.7e-05
55,9.754e-05
56,9.754e-05
57,9.748e-05
58,9.748e-05
59,9.748e-05
60,9.748e-05
61,9.748e-05
62,9.744e-05
63,9.76e-05
64,9.76e-05
65,9.76e-05
66,9.76e-05
67,9.752e-05
68,9.752e-05
69,9.752e-05
70,9.752e-05
71,9.752e-05
72,9.752e-05
73,9.747e-05
74,9.747e-05
75,9.752e-05
76,9.746e-05
77,9.746e-05
78,9.746e-05
79,9.737e-05
80,9.717e-05
81,9.717e-05
82,9.717e-05
83,9.717e-05
84,9.75e-05
85,9.761e-05
86,9.761e-05
87,9.721e-05
88,9.721e-05
89,9.721e-05
90,9.721e-05
91,9.721e-05
92,9.737e-05
93,9.737e-05
94,9.737e-05
95,9.761e-05
96,9.761e-05
97,9.761e-05
98,9.761e-05
99,9.737e-05
100,9.751e-05
101,9.751e-05
102,9.751e-05
103,9.787e-05
104,9.787e-05
105,9.787e-05
106,9.787e-05
107,9.779e-05
108,9.779e-05
109,9.779e-05
110,9.779e-05
111,9.689e-05
112,9.689e-05
113,9.689e-05
114,9.689e-05
115,9.689e-05
116,9.749e-05
117,9.751e-05
118,9.751e-05
119,9.699e-05
120,9.701e-05
121,9.701e-05
122,9.701e-05
123,9.701e-05
124,9.701e-05
125,9.712e-05
126,9.712e-05
127,9.712e-05
128,9.712e-05
129,9.769e-05
130,9.769e-05
131,9.769e-05
132,9.769e-05
133,9.769e-05
134,9.769e-05
135,9.769e-05
136,9.77e-05
137,9.788e-05
138,9.788e-05
139,9.788e-05
140,9.788e-05
141,9.788e-05
142,9.788e-05
143,9.787e-05
144,9.787e-05
145,9.799e-05
146,9.799e-05
147,9.799e-05
148,9.799e-05
149,9.799e-05
150,9.799e-05
151,9.799e-05
152,9.799e-05
153,9.799e-05
154,9.799e-05
155,9.799e-05
156,9.799e-05
157,9.775e-05
158,9.775e-05
159,9.775e-05
160,9.775e-05
161,9.765e-05
162,9.765e-05
163,9.765e-05
164,9.765e-05
165,9.774e-05
166,9.774e-05
167,9.774e-05
168,9.774e-05
169,9.773e-05
170,9.773e-05
171,9.773e-05
172,9.773e-05
173,9.773e-05
174,9.773e-05
175,9.773e-05
176,9.773e-05
177,9.773e-05
178,9.773e-05
179,9.799e-05
180,9.799e-05
181,9.799e-05
182,9.799e-05
183,9.799e-05
184,9.799e-05
185,9.799e-05
186,9.799e-05
187,9.799e-05
188,9.799e-05
189,9.783e-05
190,9.8e-05
191,9.8e-05
192,9.784e-05
193,9.783e-05
194,9.783e-05
195,9.8e-05
196,9.784e-05
197,9.784e-05
198,9.784e-05
199,9.784e-05
200,9.784e-05
201,9.784e-05
202,9.784e-05
203,9.784e-05
204,9.782e-05
205,9.782e-05
206,9.782e-05
207,9.8e-05
208,9.777e-05
209,9.842e-05
210,9.842e-05
211,9.777e-05
212,9.777e-05
213,9.777e-05
214,9.777e-05
215,9.777e-05
216,9.777e-05
217,9.777e-05
218,9.777e-05
219,9.806e-05
220,9.808e-05
221,9.811e-05
222,9.811e-05
223,9.811e-05
224,9.811e-05
225,9.811e-05
226,9.824e-05
227,9.827e-05
228,9.81e-05
229,9.81e-05
230,9.826e-05
231,9.826e-05
232,9.826e-05
233,9.827e-05
234,9.827e-05
235,9.827e-05
236,9.827e-05
237,9.827e-05
238,9.824e-05
239,9.824e-05
240,9.824e-05
241,9.824e-05
242,9.837e-05
243,9.837e-05
244,9.824e-05
245,9.846e-05
246,9.838e-05
247,9.903e-05
248,9.903e-05
249,9.842e-05
250,9.842e-05
251,9.842e-05
252,9.842e-05
253,9.842e-05
254,9.842e-05
255,9.875e-05
256,9.871e-05
257,9.871e-05
258,9.847e-05
259,9.847e-05
260,9.838e-05
261,9.824e-05
262,9.808e-05
263,9.808e-05
264,9.808e-05
265,9.808e-05
266,9.808e-05
267,9.823e-05
268,9.8e-05
269,9.8e-05
270,9.8e-05
271,9.8e-05
272,9.8e-05
273,9.823e-05
274,9.811e-05
275,9.811e-05
276,9.811e-05
277,9.811e-05
278,9.811e-05
279,9.811e-05
280,9.811e-05
281,9.8e-05
282,9.8e-05
283,9.8e-05
284,9.8e-05
285,9.799e-05
286,9.799e-05
287,9.789e-05
288,9.794e-05
289,9.788e-05
290,9.786e-05
291,9.788e-05
292,9.788e-05
293,9.788e-05
294,9.784e-05
295,9.725e-05
296,9.782e-05
297,9.782e-05
298,9.778e-05
299,9.778e-05
300,9.772e-05
301,9.772e-05
302,9.772e-05
303,9.772e-05
304,9.772e-05
305,9.702e-05
306,9.702e-05
307,9.78e-05
308,9.776e-05
309,9.702e-05
310,9.702e-05
311,9.702e-05
312,9.702e-05
313,9.702e-05
314,9.702e-05
315,9.762e-05
316,9.7e-05
317,9.756e-05
318,9.756e-05
319,9.75e-05
320,9.75e-05
321,9.75e-05
322,9.75e-05
323,9.75e-05
324,9.739e-05
325,9.739e-05
326,9.739e-05
327,9.739e-05
328,9.739e-05
329,9.739e-05
330,9.73e-05
331,9.73e-05
332,9.727e-05
333,9.727e-05
334,9.72e-05
335,9.71e-05
336,9.727e-05
337,9.727e-05
338,9.738e-05
339,9.738e-05
340,9.739e-05
341,9.738e-05
342,9.738e-05
343,9.738e-05
344,9.738e-05
345,9.738e-05
346,9.738e-05
347,9.738e-05
348,9.768e-05
349,9.768e-05
350,9.768e-05
351,9.78e-05
352,9.778e-05
353,9.778e-05
354,9.778e-05
355,9.778e-05
356,9.778e-05
357,9.776e-05
358,9.712e-05
359,9.712e-05
360,9.712e-05
361,9.712e-05
362,9.712e-05
363,9.712e-05
364,9.738e-05
365,9.738e-05
366,9.738e-05
367,9.738e-05
368,9.738e-05
369,9.738e-05
370,9.749e-05
371,9.749e-05
372,9.749e-05
373,9.738e-05
374,9.738e-05
375,9.738e-05
376,9.738e-05
377,9.738e-05
378,9.748e-05
379,9.748e-05
380,9.702e-05
381,9.701e-05
382,9.741e-05
383,9.741e-05
384,9.699e-05
385,9.73e-05
386,9.73e-05
387,9.687e-05
388,9.687e-05
389,9.721e-05
390,9.721e-05
391,9.721e-05
392,9.721e-05
393,9.721e-05
394,9.721e-05
395,9.721e-05
396,9.721e-05
397,9.723e-05
398,9.723e-05
399,9.723e-05
400,9.723e-05
401,9.729e-05
402,9.772e-05
403,9.772e-05
404,9.772e-05
405,9.814e-05
406,9.814e-05
407,9.814e-05
408,9.753e-05
409,9.759e-05
410,9.759e-05
411,9.759e-05
412,9.759e-05
413,9.759e-05
414,9.759e-05
415,9.759e-05
416,9.759e-05
417,9.759e-05
418,9.858e-05
419,9.813e-05
420,9.818e-05
421,9.859e-05
422,9.824e-05
423,9.824e-05
424,9.831e-05
425,9.834e-05
426,9.859e-05
427,9.859e-05
428,9.812e-05
429,9.812e-05
430,9.812e-05
431,9.812e-05
432,9.812e-05
433,9.786e-05
434,9.787e-05
435,9.753e-05
436,9.843e-05
437,9.843e-05
438,9.843e-05
439,9.843e-05
440,9.843e-05
441,9.843e-05
442,9.843e-05
443,9.843e-05
444,9.843e-05
445,9.843e-05
446,9.843e-05
447,9.785e-05
448,9.785e-05
449,9.785e-05
450,9.785e-05
451,9.91e-05
452,9.91e-05
453,9.91e-05
454,9.91e-05
455,9.814e-05
456,9.82e-05
457,9.822e-05
458,9.825e-05
459,9.891e-05
460,9.891e-05
461,9.891e-05
462,9.891e-05
463,9.838e-05
464,9.841e-05
465,9.842e-05
466,9.845e-05
467,9.847e-05
468,9.847e-05
469,9.852e-05
470,9.852e-05
471,9.852e-05
472,9.852e-05
473,9.817e-05
474,9.817e-05
475,9.822e-05
476,9.859e-05
477,9.859e-05
478,9.859e-05
479,9.82e-05
480,9.82e-05
481,9.82e-05
482,9.82e-05
483,9.82e-05
484,9.812e-05
485,9.812e-05
486,9.805e-05
487,9.805e-05
488,9.805e-05
489,9.801e-05
490,9.801e-05
491,9.801e-05
492,9.801e-05
493,9.801e-05
494,9.8e-05
495,9.8e-05
496,9.801e-05
497,9.801e-05
498,9.801e-05
499,9.801e-05
500,9.801e-05
501,9.801e-05
502,9.801e-05
503,9.801e-05
504,9.801e-05
505,9.801e-05
506,9.801e-05
507,9.801e-05
508,9.801e-05
509,9.801e-05
510,9.801e-05
511,9.801e-05
512,9.802e-05
513,9.802e-05
514,9.802e-05
515,9.801e-05
516,9.801e-05
517,9.802e-05
518,9.802e-05
519,9.802e-05
520,9.801e-05
521,9.801e-05
522,9.803e-05
523,9.803e-05
524,9.803e-05
525,9.803e-05
526,9.803e-05
527,9.8e-05
528,9.8e-05
529,9.8e-05
530,9.801e-05
531,9.801e-05
532,9.8e-05
533,9.8e-05
534,9.801e-05
535,9.8e-05
536,9.801e-05
537,9.801e-05
538,9.8e-05
539,9.8e-05
540,9.8e-05
541,9.8e-05
542,9.8e-05
543,9.8e-05
544,9.8e-05
545,9.8e-05
546,9.8e-05
547,9.8e-05
548,9.8e-05
549,9.8e-05
550,9.8e-05
551,9.8e-05
552,9.801e-05
553,9.801e-05
554,9.801e-05
555,9.8e-05
556,9.8e-05
557,9.8e-05
558,9.8e-05
559,9.8e-05
560,9.8e-05
561,9.8e-05
562,9.8e-05
563,9.8e-05
564,9.801e-05
565,9.8e-05
566,9.8e-05
567,9.8e-05
568,9.801e-05
569,9.801e-05
570,9.801e-05
571,9.8e-05
572,9.8e-05
573,9.8e-05
574,9.8e-05
575,9.8e-05
576,9.8e-05
577,9.8e-05
578,9.801e-05
579,9.801e-05
580,9.801e-05
581,9.8e-05
582,9.797e-05
583,9.798e-05
584,9.798e-05
585,9.798e-05
586,9.797e-05
587,9.797e-05
588,9.797e-05
589,9.797e-05
590,9.797e-05
591,9.797e-05
592,9.797e-05
593,9.799e-05
594,9.799e-05
595,9.799e-05
596,9.799e-05
597,9.799e-05
598,9.799e-05
599,9.848e-05
600,9.848e-05
601,9.848e-05
602,9.848e-05
603,9.858e-05
604,9.858e-05
605,9.858e-05
606,9.858e-05
607,9.818e-05
608,9.818e-05
609,9.818e-05
610,9.818e-05
611,9.818e-05
612,9.789e-05
613,9.867e-05
614,9.867e-05
615,9.867e-05
616,9.867e-05
617,9.813e-05
618,9.866e-05
619,9.867e-05
620,9.867e-05
621,9.866e-05
622,9.845e-05
623,9.845e-05
624,9.846e-05
625,9.846e-05
626,9.859e-05
627,9.859e-05
628,9.859e-05
629,9.859e-05
630,9.859e-05
631,9.859e-05
632,9.859e-05
633,9.858e-05
634,9.858e-05
635,9.858e-05
636,9.858e-05
637,9.858e-05
638,9.858e-05
639,9.858e-05
640,9.859e-05
641,9.859e-05
642,9.862e-05
643,9.838e-05
644,9.838e-05
645,9.838e-05
646,9.838e-05
647,9.838e-05
648,9.838e-05
649,9.838e-05
650,9.838e-05
651,9.838e-05
652,9.856e-05
653,9.856e-05
654,9.856e-05
655,9.856e-05
656,9.856e-05
657,9.856e-05
658,9.856e-05
659,9.856e-05
660,9.856e-05
661,9.837e-05
662,9.837e-05
663,9.837e-05
664,9.853e-05
665,9.837e-05
666,9.835e-05
667,9.835e-05
668,9.812e-05
669,9.812e-05
670,9.812e-05
671,9.812e-05
672,9.812e-05
673,9.812e-05
674,9.812e-05
675,9.812e-05
676,9.812e-05
677,9.812e-05
678,9.812e-05
679,9.812e-05
680,9.812e-05
681,9.808e-05
682,9.808e-05
683,9.808e-05
684,9.808e-05
685,9.864e-05
686,9.864e-05
687,9.864e-05
688,9.862e-05
689,9.862e-05
690,9.86e-05
691,9.86e-05
692,9.86e-05
693,9.788e-05
694,9.788e-05
695,9.788e-05
696,9.788e-05
697,9.788e-05
698,9.788e-05
699,9.788e-05
700,9.79e-05
701,9.79e-05
702,9.79e-05
703,9.79e-05
704,9.79e-05
705,9.79e-05
706,9.79e-05
707,9.79e-05
708,9.79e-05
709,9.79e-05
710,9.844e-05
711,9.844e-05
712,9.844e-05
713,9.844e-05
714,9.844e-05
715,9.844e-05
716,9.799e-05
717,9.799e-05
718,9.798e-05
719,9.796e-05
720,9.796e-05
721,9.796e-05
722,9.796e-05
723,9.796e-05
724,9.8e-05
725,9.8e-05
726,9.8e-05
727,9.744e-05
728,9.741e-05
729,9.656e-05
730,9.736e-05
731,9.731e-05
732,9.731e-05
733,9.732e-05
734,9.732e-05
735,9.732e-05
736,9.732e-05
737,9.73e-05
738,9.729e-05
739,9.729e-05
740,9.729e-05
741,9.729e-05
742,9.744e-05
743,9.744e-05
744,9.745e-05
745,9.647e-05
746,9.647e-05
747,9.647e-05
748,9.647e-05
749,9.732e-05
750,9.73e-05
751,9.729e-05
752,9.727e-05
753,9.723e-05
754,9.721e-05
755,9.721e-05
756,9.744e-05
757,9.762e-05
758,9.762e-05
759,9.762e-05
760,9.762e-05
761,9.762e-05
762,9.763e-05
763,9.763e-05
764,9.763e-05
765,9.763e-05
766,9.763e-05
767,9.764e-05
768,9.742e-05
769,9.742e-05
770,9.742e-05
771,9.764e-05
772,9.764e-05
773,9.764e-05
774,9.764e-05
775,9.764e-05
776,9.764e-05
777,9.764e-05
778,9.764e-05
779,9.752e-05
780,9.752e-05
781,9.752e-05
782,9.752e-05
783,9.769e-05
784,9.752e-05
785,9.752e-05
786,9.752e-05
787,9.752e-05
788,9.752e-05
789,9.752e-05
790,9.752e-05
791,9.752e-05
792,9.752e-05
793,9.752e-05
794,9.752e-05
795,9.752e-05
796,9.752e-05
797,9.752e-05
798,9.752e-05
799,9.75e-05
800,9.786e-05
801,9.786e-05
802,9.784e-05
803,9.784e-05
804,9.784e-05
805,9.733e-05
806,9.733e-05
807,9.733e-05
808,9.767e-05
809,9.767e-05
810,9.729e-05
811,9.769e-05
812,9.707e-05
813,9.71e-05
814,9.674e-05
815,9.674e-05
816,9.709e-05
817,9.759e-05
818,9.759e-05
819,9.759e-05
820,9.759e-05
821,9.759e-05
822,9.759e-05
823,9.759e-05
824,9.759e-05
825,9.679e-05
826,9.737e-05
827,9.737e-05
828,9.729e-05
829,9.729e-05
830,9.743e-05
831,9.743e-05
832,9.743e-05
833,9.743e-05
834,9.743e-05
835,9.743e-05
836,9.743e-05
837,9.743e-05
838,9.75e-05
839,9.75e-05
840,9.75e-05
841,9.745e-05
842,9.745e-05
843,9.755e-05
844,9.745e-05
845,9.746e-05
846,9.746e-05
847,9.752e-05
848,9.746e-05
849,9.746e-05
850,9.745e-05
851,9.746e-05
852,9.746e-05
853,9.746e-05
854,9.746e-05
855,9.757e-05
856,9.757e-05
857,9.757e-05
858,9.757e-05
859,9.757e-05
860,9.757e-05
861,9.758e-05
862,9.757e-05
863,9.757e-05
864,9.757e-05
865,9.759e-05
866,9.745e-05
867,9.745e-05
868,9.745e-05
869,9.756e-05
870,9.745e-05
871,9.745e-05
872,9.745e-05
873,9.745e-05
874,9.745e-05
875,9.745e-05
876,9.745e-05
877,9.745e-05
878,9.745e-05
879,9.745e-05
880,9.745e-05
881,9.765e-05
882,9.714e-05
883,9.699e-05
884,9.712e-05
885,9.713e-05
886,9.713e-05
887,9.762e-05
888,9.762e-05
889,9.715e-05
890,9.715e-05
891,9.715e-05
892,9.715e-05
893,9.715e-05
894,9.715e-05
895,9.715e-05
896,9.715e-05
897,9.757e-05
898,9.757e-05
899,9.757e-05
900,9.757e-05
901,9.757e-05
902,9.757e-05
903,9.757e-05
904,9.757e-05
905,9.757e-05
906,9.757e-05
907,9.757e-05
908,9.757e-05
909,9.757e-05
910,9.755e-05
911,9.755e-05
912,9.755e-05
913,9.755e-05
914,9.755e-05
915,9.757e-05
916,9.757e-05
917,9.757e-05
918,9.757e-05
919,9.757e-05
920,9.757e-05
921,9.757e-05
922,9.757e-05
923,9.768e-05
924,9.768e-05
925,9.768e-05
926,9.768e-05
927,9.768e-05
928,9.768e-05
929,9.779e-05
930,9.779e-05
931,9.779e-05
932,9.77e-05
933,9.77e-05
934,9.779e-05
935,9.779e-05
936,9.78e-05
937,9.78e-05
938,9.779e-05
939,9.78e-05
940,9.78e-05
941,9.78e-05
942,9.78e-05
943,9.787e-05
944,9.787e-05
945,9.787e-05
946,9.787e-05
947,9.787e-05
948,9.787e-05
949,9.787e-05
950,9.781e-05
951,9.781e-05
952,9.781e-05
953,9.781e-05
954,9.781e-05
955,9.781e-05
956,9.793e-05
957,9.793e-05
958,9.781e-05
959,9.781e-05
960,9.8e-05
961,9.8e-05
962,9.8e-05
963,9.781e-05
964,9.781e-05
965,9.8e-05
966,9.8e-05
967,9.8e-05
968,9.8e-05
969,9.8e-05
970,9.8e-05
971,9.8e-05
972,9.8e-05
973,9.8e-05
974,9.799e-05
975,9.799e-05
976,9.799e-05
977,9.8e-05
978,9.8e-05
979,9.8e-05
980,9.8e-05
981,9.8e-05
982,9.781e-05
983,9.781e-05
984,9.781e-05
985,9.8e-05
986,9.8e-05
987,9.8e-05
988,9.8e-05
989,9.8e-05
990,9.8e-05
991,9.8e-05
992,9.781e-05
993,9.781e-05
994,9.781e-05
995,9.781e-05
996,9.781e-05
997,9.781e-05
998,9.781e-05
999,9.781e-05
1000,9.781e-05
1001,9.781e-05
1002,9.781e-05
1003,9.781e-05
1004,9.781e-05
1005,9.782e-05
1006,9.782e-05
1007,9.782e-05
1008,9.798e-05
1009,9.798e-05
1010,9.798e-05
1011,9.798e-05
1012,9.798e-05
1013,9.798e-05
1014,9.798e-05
1015,9.799e-05
1016,9.799e-05
1017,9.799e-05
1018,9.799e-05
1019,9.799e-05
1020,9.8e-05
1021,9.8e-05
1022,9.8e-05
1023,9.8e-05
1024,9.8e-05
1025,9.799e-05
1026,9.799e-05
1027,9.799e-05
1028,9.799e-05
1029,9.799e-05
1030,9.799e-05
1031,9.799e-05
1032,9.799e-05
1033,9.8e-05
1034,9.8e-05
1035,9.8e-05
1036,9.8e-05
1037,9.799e-05
1038,9.799e-05
1039,9.8e-05
1040,9.799e-05
1041,9.799e-05
1042,9.799e-05
1043,9.799e-05
1044,9.799e-05
1045,9.799e-05
1046,9.799e-05
1047,9.799e-05
1048,9.799e-05
1049,9.799e-05
1050,9.799e-05
1051,9.799e-05
1052,9.799e-05
1053,9.799e-05
1054,9.798e-05
1055,9.798e-05
1056,9.798e-05
1057,9.758e-05
1058,9.799e-05
1059,9.799e-05
1060,9.799e-05
1061,9.799e-05
1062,9.799e-05
1063,9.799e-05
1064,9.799e-05
1065,9.756e-05
1066,9.799e-05
1067,9.799e-05
1068,9.799e-05
1069,9.799e-05
1070,9.799e-05
1071,9.799e-05
1072,9.799e-05
1073,9.757e-05
1074,9.756e-05
1075,9.756e-05
1076,9.756e-05
1077,9.757e-05
1078,9.757e-05
1079,9.756e-05
1080,9.756e-05
1081,9.756e-05
1082,9.756e-05
1083,9.756e-05
1084,9.753e-05
1085,9.757e-05
1086,9.757e-05
1087,9.753e-05
1088,9.753e-05
1089,9.753e-05
1090,9.753e-05
1091,9.751e-05
1092,9.751e-05
1093,9.751e-05
1094,9.751e-05
1095,9.751e-05
1096,9.751e-05
1097,9.751e-05
1098,9.751e-05
1099,9.751e-05
1100,9.743e-05
1101,9.743e-05
1102,9.743e-05
1103,9.743e-05
1104,9.697e-05
1105,9.697e-05
1106,9.697e-05
1107,9.736e-05
1108,9.736e-05
1109,9.736e-05
1110,9.736e-05
1111,9.726e-05
1112,9.726e-05
1113,9.721e-05
1114,9.718e-05
1115,9.716e-05
1116,9.716e-05
1117,9.699e-05
1118,9.699e-05
1119,9.723e-05
1120,9.723e-05
1121,9.723e-05
1122,9.715e-05
1123,9.715e-05
1124,9.715e-05
1125,9.715e-05
1126,9.715e-05
1127,9.709e-05
1128,9.709e-05
1129,9.703e-05
1130,9.7e-05
1131,9.698e-05
1132,9.67e-05
1133,9.67e-05
1134,9.669e-05
1135,9.669e-05
1136,9.697e-05
1137,9.696e-05
1138,9.696e-05
1139,9.696e-05
1140,9.696e-05
1141,9.696e-05
1142,9.696e-05
1143,9.696e-05
1144,9.696e-05
1145,9.696e-05
1146,9.696e-05
1147,9.678e-05
1148,9.678e-05
1149,9.673e-05
1150,9.673e-05
1151,9.67e-05
1152,9.674e-05
1153,9.674e-05
1154,9.674e-05
1155,9.674e-05
1156,9.671e-05
1157,9.671e-05
1158,9.671e-05
1159,9.677e-05
1160,9.677e-05
1161,9.677e-05
1162,9.678e-05
1163,9.678e-05
1164,9.694e-05
1165,9.678e-05
1166,9.678e-05
1167,9.677e-05
1168,9.677e-05
1169,9.675e-05
1170,9.675e-05
1171,9.675e-05
1172,9.669e-05
1173,9.651e-05
1174,9.651e-05
1175,9.651e-05
1176,9.65e-05
1177,9.647e-05
1178,9.65e-05
1179,9.669e-05
1180,9.646e-05
1181,9.669e-05
1182,9.669e-05
1183,9.669e-05
1184,9.669e-05
1185,9.669e-05
1186,9.669e-05
1187,9.669e-05
1188,9.669e-05
1189,9.678e-05
1190,9.678e-05
1191,9.65e-05
1192,9.646e-05
1193,9.65e-05
1194,9.65e-05
1195,9.65e-05
1196,9.678e-05
1197,9.678e-05
1198,9.678e-05
1199,9.678e-05
1200,9.668e-05
1201,9.651e-05
1202,9.668e-05
1203,9.668e-05
1204,9.678e-05
1205,9.678e-05
1206,9.678e-05
1207,9.694e-05
1208,9.694e-05
1209,9.694e-05
1210,9.694e-05
1211,9.694e-05
1212,9.693e-05
1213,9.693e-05
1214,9.693e-05
1215,9.693e-05
1216,9.689e-05
1217,9.689e-05
1218,9.678e-05
1219,9.691e-05
1220,9.678e-05
1221,9.678e-05
1222,9.651e-05
1223,9.651e-05
1224,9.678e-05
1225,9.678e-05
1226,9.678e-05
1227,9.678e-05
1228,9.678e-05
1229,9.678e-05
1230,9.692e-05
1231,9.692e-05
1232,9.692e-05
1233,9.692e-05
1234,9.653e-05
1235,9.653e-05
1236,9.653e-05
1237,9.693e-05
1238,9.693e-05
1239,9.693e-05
1240,9.693e-05
1241,9.693e-05
1242,9.693e-05
1243,9.693e-05
1244,9.693e-05
1245,9.693e-05
1246,9.693e-05
1247,9.693e-05
1248,9.693e-05
1249,9.693e-05
1250,9.693e-05
1251,9.694e-05
1252,9.693e-05
1253,9.646e-05
1254,9.693e-05
1255,9.646e-05
1256,9.646e-05
1257,9.646e-05
1258,9.646e-05
1259,9.646e-05
1260,9.646e-05
1261,9.646e-05
1262,9.646e-05
1263,9.646e-05
1264,9.646e-05
1265,9.648e-05
1266,9.692e-05
1267,9.692e-05
1268,9.692e-05
1269,9.692e-05
1270,9.692e-05
1271,9.692e-05
1272,9.651e-05
1273,9.651e-05
1274,9.648e-05
1275,9.648e-05
1276,9.648e-05
1277,9.651e-05
1278,9.651e-05
1279,9.651e-05
1280,9.651e-05
1281,9.651e-05
1282,9.651e-05
1283,9.651e-05
1284,9.65e-05
1285,9.647e-05
1286,9.647e-05
1287,9.647e-05
1288,9.647e-05
1289,9.649e-05
1290,9.649e-05
1291,9.692e-05
1292,9.691e-05
1293,9.691e-05
1294,9.691e-05
1295,9.691e-05
1296,9.691e-05
1297,9.648e-05
1298,9.648e-05
1299,9.647e-05
1300,9.647e-05
1301,9.647e-05
1302,9.647e-05
1303,9.647e-05
1304,9.647e-05
1305,9.647e-05
1306,9.647e-05
1307,9.647e-05
1308,9.647e-05
1309,9.647e-05
1310,9.647e-05
1311,9.647e-05
1312,9.647e-05
1313,9.677e-05
1314,9.677e-05
1315,9.668e-05
1316,9.698e-05
1317,9.678e-05
1318,9.678e-05
1319,9.677e-05
1320,9.677e-05
1321,9.677e-05
1322,9.677e-05
1323,9.677e-05
1324,9.677e-05
1325,9.677e-05
1326,9.677e-05
1327,9.677e-05
1328,9.649e-05
1329,9.649e-05
1330,9.677e-05
1331,9.677e-05
1332,9.677e-05
1333,9.676e-05
1334,9.676e-05
1335,9.676e-05
1336,9.676e-05
1337,9.682e-05
1338,9.647e-05
1339,9.646e-05
1340,9.647e-05
1341,9.647e-05
1342,9.691e-05
1343,9.689e-05
1344,9.689e-05
1345,9.689e-05
1346,9.651e-05
1347,9.65e-05
1348,9.65e-05
1349,9.65e-05
1350,9.65e-05
1351,9.698e-05
1352,9.698e-05
1353,9.698e-05
1354,9.698e-05
1355,9.698e-05
1356,9.698e-05
1357,9.699e-05
1358,9.698e-05
1359,9.698e-05
1360,9.698e-05
1361,9.698e-05
1362,9.698e-05
1363,9.7e-05
1364,9.698e-05
1365,9.698e-05
1366,9.698e-05
1367,9.698e-05
1368,9.698e-05
1369,9.698e-05
1370,9.7e-05
1371,9.7e-05
1372,9.7e-05
1373,9.698e-05
1374,9.698e-05
1375,9.698e-05
1376,9.7e-05
1377,9.7e-05
1378,9.7e-05
1379,9.7e-05
1380,9.698e-05
1381,9.698e-05
1382,9.698e-05
1383,9.647e-05
1384,9.647e-05
1385,9.647e-05
1386,9.647e-05
1387,9.647e-05
1388,9.647e-05
1389,9.647e-05
1390,9.647e-05
1391,9.638e-05
1392,9.638e-05
1393,9.638e-05
1394,9.638e-05
1395,9.638e-05
1396,9.718e-05
1397,9.638e-05
1398,9.638e-05
1399,9.638e-05
1400,9.684e-05
1401,9.681e-05
1402,9.679e-05
1403,9.677e-05
1404,9.677e-05
1405,9.673e-05
1406,9.673e-05
1407,9.669e-05
1408,9.669e-05
1409,9.638e-05
1410,9.638e-05
1411,9.638e-05
1412,9.665e-05
1413,9.664e-05
1414,9.664e-05
1415,9.664e-05
1416,9.664e-05
1417,9.664e-05
1418,9.664e-05
1419,9.664e-05
1420,9.664e-05
1421,9.664e-05
1422,9.638e-05
1423,9.663e-05
1424,9.663e-05
1425,9.663e-05
1426,9.663e-05
1427,9.663e-05
1428,9.663e-05
1429,9.663e-05
1430,9.663e-05
1431,9.658e-05
1432,9.644e-05
1433,9.643e-05
1434,9.643e-05
1435,9.643e-05
1436,9.643e-05
1437,9.643e-05
1438,9.643e-05
1439,9.641e-05
1440,9.641e-05
1441,9.638e-05
1442,9.638e-05
1443,9.644e-05
1444,9.644e-05
1445,9.644e-05
1446,9.644e-05
1447,9.644e-05
1448,9.644e-05
1449,9.644e-05
1450,9.644e-05
1451,9.644e-05
1452,9.644e-05
1453,9.644e-05
1454,9.644e-05
1455,9.644e-05
1456,9.644e-05
1457,9.644e-05
1458,9.637e-05
1459,9.629e-05
1460,9.606e-05
1461,9.602e-05
1462,9.602e-05
1463,9.607e-05
1464,9.607e-05
1465,9.607e-05
1466,9.602e-05
1467,9.603e-05
1468,9.602e-05
1469,9.602e-05
1470,9.602e-05
1471,9.602e-05
1472,9.607e-05
1473,9.602e-05
1474,9.609e-05
1475,9.609e-05
1476,9.609e-05
1477,9.61e-05
1478,9.691e-05
1479,9.691e-05
1480,9.58e-05
1481,9.586e-05
1482,9.664e-05
1483,9.66e-05
1484,9.66e-05
1485,9.656e-05
1486,9.608e-05
1487,9.622e-05
1488,9.621e-05
1489,9.619e-05
1490,9.62e-05
1491,9.62e-05
1492,9.62e-05
1493,9.62e-05
1494,9.62e-05
1495,9.62e-05
1496,9.62e-05
1497,9.622e-05
1498,9.658e-05
1499,9.658e-05
1500,9.658e-05
1501,9.659e-05
1502,9.659e-05
1503,9.669e-05
1504,9.678e-05
1505,9.634e-05
1506,9.637e-05
1507,9.65e-05
1508,9.65e-05
1509,9.684e-05
1510,9.658e-05
1511,9.658e-05
1512,9.658e-05
1513,9.658e-05
1514,9.658e-05
1515,9.658e-05
1516,9.696e-05
1517,9.692e-05
1518,9.661e-05
1519,9.692e-05
1520,9.692e-05
1521,9.696e-05
1522,9.658e-05
1523,9.696e-05
1524,9.696e-05
1525,9.669e-05
1526,9.695e-05
1527,9.695e-05
1528,9.695e-05
1529,9.657e-05
1530,9.657e-05
1531,9.66e-05
1532,9.66e-05
1533,9.66e-05
1534,9.66e-05
1535,9.66e-05
1536,9.66e-05
1537,9.699e-05
1538,9.699e-05
1539,9.699e-05
1540,9.699e-05
1541,9.699e-05
1542,9.699e-05
1543,9.699e-05
1544,9.7e-05
1545,9.7e-05
1546,9.7e-05
1547,9.7e-05
1548,9.7e-05
1549,9.66e-05
1550,9.66e-05
1551,9.66e-05
1552,9.699e-05
1553,9.699e-05
1554,9.7e-05
1555,9.7e-05
1556,9.699e-05
1557,9.699e-05
1558,9.699e-05
1559,9.699e-05
1560,9.699e-05
1561,9.699e-05
1562,9.699e-05
1563,9.699e-05
1564,9.699e-05
1565,9.699e-05
1566,9.699e-05
1567,9.699e-05
1568,9.699e-05
1569,9.699e-05
1570,9.699e-05
1571,9.699e-05
1572,9.699e-05
1573,9.699e-05
1574,9.7e-05
1575,9.7e-05
1576,9.7e-05
1577,9.699e-05
1578,9.699e-05
1579,9.699e-05
1580,9.699e-05
1581,9.699e-05
1582,9.699e-05
1583,9.699e-05
1584,9.699e-05
1585,9.673e-05
1586,9.673e-05
1587,9.673e-05
1588,9.699e-05
1589,9.699e-05
1590,9.7e-05
1591,9.7e-05
1592,9.7e-05
1593,9.7e-05
1594,9.7e-05
1595,9.699e-05
1596,9.699e-05
1597,9.699e-05
1598,9.699e-05
1599,9.699e-05
1600,9.7e-05
1601,9.7e-05
1602,9.7e-05
1603,9.7e-05
1604,9.7e-05
1605,9.7e-05
1606,9.7e-05
1607,9.675e-05
1608,9.7e-05
1609,9.7e-05
1610,9.7e-05
1611,9.7e-05
1612,9.698e-05
1613,9.698e-05
1614,9.698e-05
1615,9.66e-05
1616,9.66e-05
1617,9.66e-05
1618,9.657e-05
1619,9.657e-05
1620,9.657e-05
1621,9.657e-05
1622,9.657e-05
1623,9.659e-05
1624,9.659e-05
1625,9.659e-05
1626,9.657e-05
1627,9.657e-05
1628,9.657e-05
1629,9.657e-05
1630,9.657e-05
1631,9.657e-05
1632,9.657e-05
1633,9.657e-05
1634,9.657e-05
1635,9.657e-05
1636,9.657e-05
1637,9.657e-05
1638,9.656e-05
1639,9.656e-05
1640,9.656e-05
1641,9.656e-05
1642,9.656e-05
1643,9.656e-05
1644,9.655e-05
1645,9.655e-05
1646,9.601e-05
1647,9.651e-05
1648,9.601e-05
1649,9.601e-05
1650,9.601e-05
1651,9.648e-05
1652,9.601e-05
1653,9.648e-05
1654,9.63e-05
1655,9.63e-05
1656,9.63e-05
1657,9.648e-05
1658,9.648e-05
1659,9.66e-05
1660,9.66e-05
1661,9.66e-05
1662,9.66e-05
1663,9.66e-05
1664,9.66e-05
1665,9.66e-05
1666,9.66e-05
1667,9.697e-05
1668,9.695e-05
1669,9.695e-05
1670,9.695e-05
1671,9.695e-05
1672,9.697e-05
1673,9.697e-05
1674,9.693e-05
1675,9.693e-05
1676,9.697e-05
1677,9.697e-05
1678,9.697e-05
1679,9.694e-05
1680,9.694e-05
1681,9.693e-05
1682,9.693e-05
1683,9.693e-05
1684,9.693e-05
1685,9.7e-05
1686,9.7e-05
1687,9.7e-05
1688,9.7e-05
1689,9.7e-05
1690,9.694e-05
1691,9.711e-05
1692,9.711e-05
1693,9.695e-05
1694,9.695e-05
1695,9.709e-05
1696,9.709e-05
1697,9.695e-05
1698,9.695e-05
1699,9.661e-05
1700,9.662e-05
1701,9.662e-05
1702,9.666e-05
1703,9.669e-05
1704,9.672e-05
1705,9.694e-05
1706,9.694e-05
1707,9.694e-05
1708,9.777e-05
1709,9.777e-05
1710,9.777e-05
1711,9.7e-05
1712,9.7e-05
1713,9.707e-05
1714,9.709e-05
1715,9.709e-05
1716,9.7e-05
1717,9.708e-05
1718,9.708e-05
1719,9.708e-05
1720,9.699e-05
1721,9.697e-05
1722,9.698e-05
1723,9.698e-05
1724,9.698e-05
1725,9.697e-05
1726,9.697e-05
1727,9.697e-05
1728,9.697e-05
1729,9.697e-05
1730,9.696e-05
1731,9.696e-05
1732,9.696e-05
1733,9.697e-05
1734,9.697e-05
1735,9.697e-05
1736,9.697e-05
1737,9.697e-05
1738,9.698e-05
1739,9.701e-05
1740,9.763e-05
1741,9.763e-05
1742,9.696e-05
1743,9.695e-05
1744,9.694e-05
1745,9.694e-05
1746,9.693e-05
1747,9.692e-05
1748,9.677e-05
1749,9.677e-05
1750,9.677e-05
1751,9.694e-05
1752,9.694e-05
1753,9.678e-05
1754,9.681e-05
1755,9.681e-05
1756,9.681e-05
1757,9.681e-05
1758,9.694e-05
1759,9.695e-05
1760,9.696e-05
1761,9.696e-05
1762,9.798e-05
1763,9.798e-05
1764,9.705e-05
1765,9.705e-05
1766,9.705e-05
1767,9.705e-05
1768,9.705e-05
1769,9.718e-05
1770,9.719e-05
1771,9.723e-05
1772,9.711e-05
1773,9.711e-05
1774,9.711e-05
1775,9.711e-05
1776,9.711e-05
1777,9.715e-05
1778,9.715e-05
1779,9.715e-05
1780,9.715e-05
1781,9.734e-05
1782,9.734e-05
1783,9.734e-05
1784,9.72e-05
1785,9.72e-05
1786,9.726e-05
1787,9.726e-05
1788,9.726e-05
1789,9.726e-05
1790,9.726e-05
1791,9.739e-05
1792,9.739e-05
1793,9.8e-05
1794,9.8e-05
1795,9.8e-05
1796,9.76e-05
1797,9.76e-05
1798,9.797e-05
1799,9.797e-05
1800,9.797e-05
1801,9.797e-05
1802,9.772e-05
1803,9.772e-05
1804,9.775e-05
1805,9.8e-05
1806,9.8e-05
1807,9.8e-05
1808,9.8e-05
1809,9.8e-05
1810,9.8e-05
1811,9.8e-05
1812,9.782e-05
1813,9.783e-05
1814,9.783e-05
1815,9.8e-05
1816,9.8e-05
1817,9.8e-05
1818,9.778e-05
1819,9.778e-05
1820,9.778e-05
1821,9.786e-05
1822,9.786e-05
1823,9.786e-05
1824,9.786e-05
1825,9.786e-05
1826,9.786e-05
1827,9.786e-05
1828,9.786e-05
1829,9.789e-05
1830,9.79e-05
1831,9.79e-05
1832,9.799e-05
1833,9.8e-05
1834,9.619e-05
1835,9.619e-05
1836,9.712e-05
1837,9.706e-05
1838,9.704e-05
1839,9.704e-05
1840,9.698e-05
1841,9.698e-05
1842,9.698e-05
1843,9.667e-05
1844,9.667e-05
1845,9.699e-05
1846,9.699e-05
1847,9.699e-05
1848,9.699e-05
1849,9.689e-05
1850,9.685e-05
1851,9.683e-05
1852,9.683e-05
1853,9.683e-05
1854,9.693e-05
1855,9.714e-05
1856,9.714e-05
1857,9.714e-05
1858,9.714e-05
1859,9.714e-05
1860,9.714e-05
1861,9.714e-05
1862,9.714e-05
1863,9.714e-05
1864,9.714e-05
1865,9.714e-05
1866,9.714e-05
1867,9.727e-05
1868,9.727e-05
1869,9.724e-05
1870,9.724e-05
1871,9.724e-05
1872,9.73e-05
1873,9.73e-05
1874,9.73e-05
1875,9.73e-05
1876,9.73e-05
1877,9.726e-05
1878,9.726e-05
1879,9.726e-05
1880,9.725e-05
1881,9.725e-05
1882,9.726e-05
1883,9.726e-05
1884,9.726e-05
1885,9.726e-05
1886,9.725e-05
1887,9.725e-05
1888,9.717e-05
1889,9.717e-05
1890,9.717e-05
1891,9.718e-05
1892,9.717e-05
1893,9.717e-05
1894,9.718e-05
1895,9.718e-05
1896,9.718e-05
1897,9.718e-05
1898,9.718e-05
1899,9.718e-05
1900,9.718e-05
1901,9.718e-05
1902,9.726e-05
1903,9.726e-05
1904,9.726e-05
1905,9.726e-05
1906,9.718e-05
1907,9.718e-05
1908,9.718e-05
1909,9.718e-05
1910,9.718e-05
1911,9.718e-05
1912,9.718e-05
1913,9.718e-05
1914,9.718e-05
1915,9.718e-05
1916,9.718e-05
1917,9.718e-05
1918,9.718e-05
1919,9.718e-05
1920,9.718e-05
1921,9.718e-05
1922,9.718e-05
1923,9.718e-05
1924,9.718e-05
1925,9.718e-05
1926,9.718e-05
1927,9.717e-05
1928,9.717e-05
1929,9.715e-05
1930,9.73e-05
1931,9.715e-05
1932,9.715e-05
1933,9.715e-05
1934,9.715e-05
1935,9.715e-05
1936,9.715e-05
1937,9.715e-05
1938,9.715e-05
1939,9.715e-05
1940,9.711e-05
1941,9.711e-05
1942,9.711e-05
1943,9.715e-05
1944,9.715e-05
1945,9.73e-05
1946,9.73e-05
1947,9.73e-05
1948,9.73e-05
1949,9.73e-05
1950,9.73e-05
1951,9.73e-05
1952,9.73e-05
1953,9.73e-05
1954,9.73e-05
1955,9.73e-05
1956,9.726e-05
1957,9.726e-05
1958,9.726e-05
1959,9.726e-05
1960,9.726e-05
1961,9.726e-05
1962,9.726e-05
1963,9.73e-05
1964,9.731e-05
1965,9.731e-05
1966,9.735e-05
1967,9.735e-05
1968,9.735e-05
1969,9.735e-05
1970,9.734e-05
1971,9.734e-05
1972,9.734e-05
1973,9.734e-05
1974,9.734e-05
1975,9.734e-05
1976,9.746e-05
1977,9.746e-05
1978,9.746e-05
1979,9.78e-05
1980,9.78e-05
1981,9.78e-05
1982,9.745e-05
1983,9.745e-05
1984,9.745e-05
1985,9.745e-05
1986,9.754e-05
1987,9.754e-05
1988,9.754e-05
1989,9.754e-05
1990,9.754e-05
1991,9.782e-05
1992,9.764e-05
1993,9.764e-05
1994,9.764e-05
1995,9.764e-05
1996,9.738e-05
1997,9.788e-05
1998,9.788e-05
1999,9.781e-05
2000,9.786e-05
2001,9.786e-05
2002,9.752e-05
2003,9.752e-05
2004,9.752e-05
2005,9.788e-05
2006,9.8e-05
2007,9.8e-05
2008,9.8e-05
2009,9.8e-05
2010,9.789e-05
2011,9.789e-05
2012,9.789e-05
2013,9.789e-05
2014,9.789e-05
2015,9.789e-05
2016,9.789e-05
2017,9.789e-05
2018,9.789e-05
2019,9.789e-05
2020,9.79e-05
2021,9.799e-05
2022,9.799e-05
2023,9.788e-05
2024,9.788e-05
2025,9.789e-05
2026,9.789e-05
2027,9.789e-05
2028,9.789e-05
2029,9.789e-05
2030,9.79e-05
2031,9.789e-05
2032,9.789e-05
2033,9.789e-05
2034,9.789e-05
2035,9.79e-05
2036,9.789e-05
2037,9.789e-05
2038,9.789e-05
2039,9.789e-05
2040,9.79e-05
2041,9.789e-05
2042,9.789e-05
2043,9.789e-05
2044,9.789e-05
2045,9.789e-05
2046,9.789e-05
2047,9.789e-05
2048,9.789e-05
2049,9.789e-05
2050,9.789e-05
2051,9.788e-05
2052,9.788e-05
2053,9.788e-05
2054,9.788e-05
2055,9.788e-05
2056,9.788e-05
2057,9.788e-05
2058,9.789e-05
2059,9.789e-05
2060,9.789e-05
2061,9.789e-05
2062,9.789e-05
2063,9.789e-05
2064,9.79e-05
2065,9.789e-05
2066,9.789e-05
2067,9.782e-05
2068,9.788e-05
2069,9.788e-05
2070,9.788e-05
2071,9.788e-05
2072,9.787e-05
2073,9.787e-05
2074,9.787e-05
2075,9.787e-05
2076,9.782e-05
2077,9.782e-05
2078,9.782e-05
2079,9.782e-05
2080,9.78e-05
2081,9.78e-05
2082,9.78e-05
2083,9.763e-05
2084,9.766e-05
2085,9.766e-05
2086,9.766e-05
2087,9.766e-05
2088,9.766e-05
2089,9.766e-05
2090,9.766e-05
2091,9.766e-05
2092,9.766e-05
2093,9.766e-05
2094,9.766e-05
2095,9.766e-05
2096,9.766e-05
2097,9.766e-05
2098,9.766e-05
2099,9.766e-05
2100,9.766e-05
2101,9.766e-05
2102,9.766e-05
2103,9.766e-05
2104,9.766e-05
2105,9.766e-05
2106,9.747e-05
2107,9.747e-05
2108,9.748e-05
2109,9.747e-05
2110,9.747e-05
2111,9.747e-05
2112,9.747e-05
2113,9.747e-05
2114,9.747e-05
2115,9.748e-05
2116,9.748e-05
2117,9.747e-05
2118,9.748e-05
2119,9.748e-05
2120,9.748e-05
2121,9.748e-05
2122,9.748e-05
2123,9.748e-05
2124,9.748e-05
2125,9.748e-05
2126,9.748e-05
2127,9.748e-05
2128,9.748e-05
2129,9.748e-05
2130,9.748e-05
2131,9.752e-05
2132,9.752e-05
2133,9.751e-05
2134,9.751e-05
2135,9.75e-05
2136,9.75e-05
2137,9.75e-05
2138,9.75e-05
2139,9.75e-05
2140,9.749e-05
2141,9.749e-05
2142,9.749e-05
2143,9.749e-05
2144,9.746e-05
2145,9.746e-05
2146,9.746e-05
2147,9.749e-05
2148,9.749e-05
2149,9.749e-05
2150,9.749e-05
2151,9.749e-05
2152,9.749e-05
2153,9.749e-05
2154,9.749e-05
2155,9.749e-05
2156,9.749e-05
2157,9.75e-05
2158,9.75e-05
2159,9.75e-05
2160,9.75e-05
2161,9.75e-05
2162,9.75e-05
2163,9.75e-05
2164,9.75e-05
2165,9.777e-05
2166,9.777e-05
2167,9.777e-05
2168,9.777e-05
2169,9.777e-05
2170,9.779e-05
2171,9.779e-05
2172,9.779e-05
2173,9.779e-05
2174,9.772e-05
2175,9.772e-05
2176,9.772e-05
2177,9.772e-05
2178,9.775e-05
2179,9.777e-05
2180,9.777e-05
2181,9.777e-05
2182,9.777e-05
2183,9.777e-05
2184,9.782e-05
2185,9.782e-05
2186,9.782e-05
2187,9.782e-05
2188,9.781e-05
2189,9.781e-05
2190,9.781e-05
2191,9.781e-05
2192,9.781e-05
2193,9.781e-05
2194,9.781e-05
2195,9.77e-05
2196,9.77e-05
2197,9.77e-05
2198,9.77e-05
2199,9.751e-05
2200,9.769e-05
2201,9.769e-05
2202,9.76e-05
2203,9.76e-05
2204,9.76e-05
2205,9.76e-05
2206,9.76e-05
2207,9.769e-05
2208,9.769e-05
2209,9.769e-05
2210,9.769e-05
2211,9.769e-05
2212,9.769e-05
2213,9.769e-05
2214,9.769e-05
2215,9.769e-05
2216,9.769e-05
2217,9.769e-05
2218,9.769e-05
2219,9.769e-05
2220,9.769e-05
2221,9.77e-05
2222,9.77e-05
2223,9.77e-05
2224,9.769e-05
2225,9.769e-05
2226,9.769e-05
2227,9.769e-05
2228,9.769e-05
2229,9.769e-05
2230,9.769e-05
2231,9.769e-05
2232,9.769e-05
2233,9.769e-05
2234,9.769e-05
2235,9.754e-05
2236,9.754e-05
2237,9.77e-05
2238,9.782e-05
2239,9.741e-05
2240,9.741e-05
2241,9.736e-05
2242,9.77e-05
2243,9.77e-05
2244,9.77e-05
2245,9.77e-05
2246,9.77e-05
2247,9.77e-05
2248,9.77e-05
2249,9.77e-05
2250,9.77e-05
2251,9.77e-05
2252,9.77e-05
2253,9.77e-05
2254,9.77e-05
2255,9.77e-05
2256,9.77e-05
2257,9.77e-05
2258,9.77e-05
2259,9.77e-05
2260,9.77e-05
2261,9.737e-05
2262,9.737e-05
2263,9.737e-05
2264,9.777e-05
2265,9.777e-05
2266,9.777e-05
2267,9.777e-05
2268,9.777e-05
2269,9.777e-05
2270,9.777e-05
2271,9.777e-05
2272,9.777e-05
2273,9.777e-05
2274,9.777e-05
2275,9.777e-05
2276,9.777e-05
2277,9.777e-05
2278,9.77e-05
2279,9.72e-05
2280,9.72e-05
2281,9.72e-05
2282,9.72e-05
2283,9.72e-05
2284,9.72e-05
2285,9.72e-05
2286,9.72e-05
2287,9.72e-05
2288,9.72e-05
2289,9.72e-05
2290,9.72e-05
2291,9.757e-05
2292,9.757e-05
2293,9.757e-05
2294,9.757e-05
2295,9.757e-05
2296,9.692e-05
2297,9.692e-05
2298,9.692e-05
2299,9.692e-05
2300,9.692e-05
2301,9.692e-05
2302,9.692e-05
2303,9.692e-05
2304,9.692e-05
2305,9.692e-05
2306,9.689e-05
2307,9.692e-05
2308,9.691e-05
2309,9.691e-05
2310,9.689e-05
2311,9.689e-05
2312,9.689e-05
2313,9.689e-05
2314,9.689e-05
2315,9.689e-05
2316,9.691e-05
2317,9.69e-05
2318,9.69e-05
2319,9.69e-05
2320,9.691e-05
2321,9.692e-05
2322,9.692e-05
2323,9.692e-05
2324,9.692e-05
2325,9.692e-05
2326,9.692e-05
2327,9.691e-05
2328,9.691e-05
2329,9.691e-05
2330,9.691e-05
2331,9.691e-05
2332,9.691e-05
2333,9.691e-05
2334,9.691e-05
2335,9.691e-05
2336,9.681e-05
2337,9.681e-05
2338,9.685e-05
2339,9.685e-05
2340,9.685e-05
2341,9.681e-05
2342,9.681e-05
2343,9.681e-05
2344,9.681e-05
2345,9.681e-05
2346,9.681e-05
2347,9.684e-05
2348,9.684e-05
2349,9.68e-05
2350,9.68e-05
2351,9.68e-05
2352,9.683e-05
2353,9.683e-05
2354,9.683e-05
2355,9.683e-05
2356,9.683e-05
2357,9.683e-05
2358,9.682e-05
2359,9.667e-05
2360,9.667e-05
2361,9.677e-05
2362,9.676e-05
2363,9.676e-05
2364,9.671e-05
2365,9.671e-05
2366,9.671e-05
2367,9.671e-05
2368,9.663e-05
2369,9.663e-05
2370,9.658e-05
2371,9.658e-05
2372,9.657e-05
2373,9.653e-05
2374,9.652e-05
2375,9.652e-05
2376,9.652e-05
2377,9.607e-05
2378,9.607e-05
2379,9.612e-05
2380,9.612e-05
2381,9.612e-05
2382,9.612e-05
2383,9.612e-05
2384,9.612e-05
2385,9.615e-05
2386,9.615e-05
2387,9.615e-05
2388,9.615e-05
2389,9.639e-05
2390,9.615e-05
2391,9.615e-05
2392,9.615e-05
2393,9.615e-05
2394,9.638e-05
2395,9.638e-05
2396,9.638e-05
2397,9.638e-05
2398,9.638e-05
2399,9.637e-05
2400,9.617e-05
2401,9.617e-05
2402,9.638e-05
2403,9.638e-05
2404,9.638e-05
2405,9.638e-05
2406,9.638e-05
2407,9.617e-05
2408,9.617e-05
2409,9.606e-05
2410,9.617e-05
2411,9.616e-05
2412,9.616e-05
2413,9.616e-05
2414,9.6e-05
2415,9.6e-05
2416,9.6e-05
2417,9.6e-05
2418,9.6e-05
2419,9.6e-05
2420,9.601e-05
2421,9.601e-05
2422,9.601e-05
2423,9.601e-05
2424,9.601e-05
2425,9.601e-05
2426,9.601e-05
2427,9.61e-05
2428,9.61e-05
2429,9.605e-05
2430,9.605e-05
2431,9.613e-05
2432,9.613e-05
2433,9.608e-05
2434,9.608e-05
2435,9.608e-05
2436,9.608e-05
2437,9.608e-05
2438,9.61e-05
2439,9.609e-05
2440,9.614e-05
2441,9.611e-05
2442,9.611e-05
2443,9.611e-05
2444,9.611e-05
2445,9.613e-05
2446,9.613e-05
2447,9.611e-05
2448,9.611e-05
2449,9.608e-05
2450,9.61e-05
2451,9.61e-05
2452,9.61e-05
2453,9.617e-05
2454,9.617e-05
2455,9.617e-05
2456,9.617e-05
2457,9.617e-05
2458,9.617e-05
2459,9.617e-05
2460,9.617e-05
2461,9.617e-05
2462,9.617e-05
2463,9.617e-05
2464,9.626e-05
2465,9.626e-05
2466,9.626e-05
2467,9.626e-05
2468,9.626e-05
2469,9.626e-05
2470,9.626e-05
2471,9.625e-05
2472,9.625e-05
2473,9.585e-05
2474,9.585e-05
2475,9.585e-05
2476,9.585e-05
2477,9.618e-05
2478,9.618e-05
2479,9.623e-05
2480,9.621e-05
2481,9.621e-05
2482,9.617e-05
2483,9.617e-05
2484,9.617e-05
2485,9.621e-05
2486,9.617e-05
2487,9.617e-05
2488,9.617e-05
2489,9.617e-05
2490,9.617e-05
2491,9.617e-05
2492,9.617e-05
2493,9.617e-05
2494,9.617e-05
2495,9.595e-05
2496,9.612e-05
2497,9.612e-05
2498,9.612e-05
2499,9.61e-05
2500,9.61e-05
2501,9.595e-05
2502,9.61e-05
2503,9.61e-05
2504,9.61e-05
2505,9.61e-05
2506,9.612e-05
2507,9.619e-05
2508,9.619e-05
2509,9.619e-05
2510,9.612e-05
2511,9.612e-05
2512,9.608e-05
2513,9.607e-05
2514,9.607e-05
2515,9.604e-05
2516,9.602e-05
2517,9.595e-05
2518,9.595e-05
2519,9.595e-05
2520,9.595e-05
2521,9.595e-05
2522,9.59e-05
2523,9.59e-05
2524,9.59e-05
2525,9.59e-05
2526,9.59e-05
2527,9.584e-05
2528,9.584e-05
2529,9.584e-05
2530,9.584e-05
2531,9.584e-05
2532,9.603e-05
2533,9.603e-05
2534,9.603e-05
2535,9.6e-05
2536,9.6e-05
2537,9.603e-05
2538,9.603e-05
2539,9.603e-05
2540,9.612e-05
2541,9.612e-05
2542,9.619e-05
2543,9.619e-05
2544,9.619e-05
2545,9.619e-05
2546,9.65e-05
2547,9.648e-05
2548,9.65e-05
2549,9.65e-05
2550,9.633e-05
2551,9.632e-05
2552,9.764e-05
2553,9.695e-05
2554,9.708e-05
2555,9.708e-05
2556,9.649e-05
2557,9.649e-05
2558,9.653e-05
2559,9.653e-05
2560,9.653e-05
2561,9.687e-05
2562,9.661e-05
2563,9.661e-05
2564,9.661e-05
2565,9.667e-05
2566,9.672e-05
2567,9.675e-05
2568,9.687e-05
2569,9.717e-05
2570,9.717e-05
2571,9.715e-05
2572,9.686e-05
2573,9.686e-05
2574,9.681e-05
2575,9.676e-05
2576,9.672e-05
2577,9.67e-05
2578,9.662e-05
2579,9.662e-05
2580,9.662e-05
2581,9.641e-05
2582,9.661e-05
2583,9.641e-05
2584,9.641e-05
2585,9.66e-05
2586,9.659e-05
2587,9.608e-05
2588,9.608e-05
2589,9.657e-05
2590,9.657e-05
2591,9.65e-05
2592,9.65e-05
2593,9.65e-05
2594,9.61e-05
2595,9.607e-05
2596,9.607e-05
2597,9.605e-05
2598,9.605e-05
2599,9.587e-05
2600,9.587e-05
2601,9.587e-05
2602,9.594e-05
2603,9.584e-05
2604,9.592e-05
2605,9.592e-05
2606,9.592e-05
2607,9.592e-05
2608,9.591e-05
2609,9.603e-05
2610,9.59e-05
2611,9.601e-05
2612,9.601e-05
2613,9.601e-05
2614,9.601e-05
2615,9.601e-05
2616,9.601e-05
2617,9.597e-05
2618,9.597e-05
2619,9.59e-05
2620,9.59e-05
2621,9.59e-05
2622,9.591e-05
2623,9.591e-05
2624,9.591e-05
2625,9.59e-05
2626,9.587e-05
2627,9.587e-05
2628,9.587e-05
2629,9.587e-05
2630,9.591e-05
2631,9.591e-05
2632,9.592e-05
2633,9.594e-05
2634,9.594e-05
2635,9.592e-05
2636,9.592e-05
2637,9.587e-05
2638,9.587e-05
2639,9.587e-05
2640,9.587e-05
2641,9.584e-05
2642,9.559e-05
2643,9.559e-05
2644,9.534e-05
2645,9.534e-05
2646,9.579e-05
2647,9.579e-05
2648,9.576e-05
2649,9.535e-05
2650,9.571e-05
2651,9.571e-05
2652,9.566e-05
2653,9.566e-05
2654,9.566e-05
2655,9.561e-05
2656,9.561e-05
2657,9.558e-05
2658,9.558e-05
2659,9.556e-05
2660,9.556e-05
2661,9.574e-05
2662,9.574e-05
2663,9.53e-05
2664,9.53e-05
2665,9.53e-05
2666,9.529e-05
2667,9.529e-05
2668,9.53e-05
2669,9.53e-05
2670,9.53e-05
2671,9.53e-05
2672,9.529e-05
2673,9.53e-05
2674,9.53e-05
2675,9.53e-05
2676,9.529e-05
2677,9.528e-05
2678,9.527e-05
2679,9.527e-05
2680,9.527e-05
2681,9.524e-05
2682,9.524e-05
2683,9.524e-05
2684,9.524e-05
2685,9.528e-05
2686,9.528e-05
2687,9.528e-05
2688,9.528e-05
2689,9.53e-05
2690,9.53e-05
2691,9.525e-05
2692,9.525e-05
2693,9.525e-05
2694,9.525e-05
2695,9.525e-05
2696,9.525e-05
2697,9.588e-05
2698,9.535e-05
2699,9.585e-05
2700,9.534e-05
2701,9.534e-05
2702,9.501e-05
2703,9.501e-05
2704,9.501e-05
2705,9.557e-05
2706,9.555e-05
2707,9.555e-05
2708,9.553e-05
2709,9.553e-05
2710,9.553e-05
2711,9.553e-05
2712,9.553e-05
2713,9.563e-05
2714,9.557e-05
2715,9.5e-05
2716,9.5e-05
2717,9.501e-05
2718,9.501e-05
2719,9.501e-05
2720,9.579e-05
2721,9.579e-05
2722,9.579e-05
2723,9.579e-05
2724,9.57e-05
2725,9.57e-05
2726,9.57e-05
2727,9.553e-05
2728,9.553e-05
2729,9.55e-05
2730,9.546e-05
2731,9.51e-05
2732,9.51e-05
2733,9.51e-05
2734,9.51e-05
2735,9.535e-05
2736,9.531e-05
2737,9.531e-05
2738,9.505e-05
2739,9.505e-05
2740,9.52e-05
2741,9.52e-05
2742,9.505e-05
2743,9.505e-05
2744,9.543e-05
2745,9.543e-05
2746,9.527e-05
2747,9.529e-05
2748,9.529e-05
2749,9.535e-05
2750,9.554e-05
2751,9.531e-05
2752,9.531e-05
2753,9.53e-05
2754,9.53e-05
2755,9.53e-05
2756,9.53e-05
2757,9.586e-05
2758,9.584e-05
2759,9.584e-05
2760,9.584e-05
2761,9.584e-05
2762,9.537e-05
2763,9.537e-05
2764,9.532e-05
2765,9.532e-05
2766,9.531e-05
2767,9.531e-05
2768,9.531e-05
2769,9.53e-05
2770,9.53e-05
2771,9.53e-05
2772,9.53e-05
2773,9.53e-05
2774,9.53e-05
2775,9.531e-05
2776,9.531e-05
2777,9.531e-05
2778,9.531e-05
2779,9.53e-05
2780,9.53e-05
2781,9.53e-05
2782,9.53e-05
2783,9.531e-05
2784,9.531e-05
2785,9.531e-05
2786,9.53e-05
2787,9.53e-05
2788,9.53e-05
2789,9.53e-05
2790,9.53e-05
2791,9.53e-05
2792,9.53e-05
2793,9.53e-05
2794,9.53e-05
2795,9.53e-05
2796,9.53e-05
2797,9.53e-05
2798,9.53e-05
2799,9.455e-05
2800,9.454e-05
2801,9.454e-05
2802,9.454e-05
2803,9.455e-05
2804,9.507e-05
2805,9.507e-05
2806,9.506e-05
2807,9.506e-05
2808,9.506e-05
2809,9.514e-05
2810,9.514e-05
2811,9.514e-05
2812,9.504e-05
2813,9.504e-05
2814,9.499e-05
2815,9.499e-05
2816,9.499e-05
2817,9.516e-05
2818,9.517e-05
2819,9.517e-05
2820,9.517e-05
2821,9.492e-05
2822,9.492e-05
2823,9.53e-05
2824,9.53e-05
2825,9.53e-05
2826,9.53e-05
2827,9.53e-05
2828,9.53e-05
2829,9.53e-05
2830,9.53e-05
2831,9.53e-05
2832,9.53e-05
2833,9.531e-05
2834,9.53e-05
2835,9.53e-05
2836,9.53e-05
2837,9.53e-05
2838,9.53e-05
2839,9.53e-05
2840,9.531e-05
2841,9.53e-05
2842,9.531e-05
2843,9.53e-05
2844,9.53e-05
2845,9.53e-05
2846,9.531e-05
2847,9.531e-05
2848,9.531e-05
2849,9.531e-05
2850,9.531e-05
2851,9.541e-05
2852,9.562e-05
2853,9.562e-05
2854,9.576e-05
2855,9.571e-05
2856,9.576e-05
2857,9.576e-05
2858,9.576e-05
2859,9.576e-05
2860,9.576e-05
2861,9.575e-05
2862,9.575e-05
2863,9.576e-05
2864,9.576e-05
2865,9.577e-05
2866,9.575e-05
2867,9.575e-05
2868,9.575e-05
2869,9.575e-05
2870,9.575e-05
2871,9.575e-05
2872,9.576e-05
2873,9.578e-05
2874,9.603e-05
2875,9.6e-05
2876,9.587e-05
2877,9.587e-05
2878,9.591e-05
2879,9.591e-05
2880,9.595e-05
2881,9.595e-05
2882,9.595e-05
2883,9.603e-05
2884,9.603e-05
2885,9.603e-05
2886,9.603e-05
2887,9.605e-05
2888,9.606e-05
2889,9.606e-05
2890,9.606e-05
2891,9.61e-05
2892,9.612e-05
2893,9.612e-05
2894,9.613e-05
2895,9.613e-05
2896,9.613e-05
2897,9.605e-05
2898,9.605e-05
2899,9.605e-05
2900,9.605e-05
2901,9.605e-05
2902,9.605e-05
2903,9.605e-05
2904,9.605e-05
2905,9.611e-05
2906,9.611e-05
2907,9.611e-05
2908,9.611e-05
2909,9.611e-05
2910,9.611e-05
2911,9.61e-05
2912,9.61e-05
2913,9.61e-05
2914,9.61e-05
2915,9.605e-05
2916,9.605e-05
2917,9.605e-05
2918,9.605e-05
2919,9.605e-05
2920,9.605e-05
2921,9.605e-05
2922,9.605e-05
2923,9.605e-05
2924,9.605e-05
2925,9.605e-05
2926,9.605e-05
2927,9.605e-05
2928,9.551e-05
2929,9.55e-05
2930,9.55e-05
2931,9.55e-05
2932,9.55e-05
2933,9.55e-05
2934,9.55e-05
2935,9.55e-05
2936,9.55e-05
2937,9.55e-05
2938,9.55e-05
2939,9.55e-05
2940,9.549e-05
2941,9.55e-05
2942,9.55e-05
2943,9.549e-05
2944,9.55e-05
2945,9.55e-05
2946,9.55e-05
2947,9.55e-05
2948,9.55e-05
2949,9.55e-05
2950,9.55e-05
2951,9.542e-05
2952,9.542e-05
2953,9.542e-05
2954,9.549e-05
2955,9.549e-05
2956,9.541e-05
2957,9.541e-05
2958,9.541e-05
2959,9.541e-05
2960,9.538e-05
2961,9.538e-05
2962,9.538e-05
2963,9.538e-05
2964,9.538e-05
2965,9.538e-05
2966,9.538e-05
2967,9.538e-05
2968,9.538e-05
2969,9.538e-05
2970,9.534e-05
2971,9.534e-05
2972,9.535e-05
2973,9.535e-05
2974,9.535e-05
2975,9.535e-05
2976,9.535e-05
2977,9.535e-05
2978,9.535e-05
2979,9.535e-05
2980,9.533e-05
2981,9.533e-05
2982,9.533e-05
2983,9.533e-05
2984,9.541e-05
2985,9.541e-05
2986,9.541e-05
2987,9.541e-05
2988,9.531e-05
2989,9.531e-05
2990,9.531e-05
2991,9.531e-05
2992,9.531e-05
2993,9.531e-05
2994,9.531e-05
2995,9.531e-05
2996,9.535e-05
2997,9.54e-05
2998,9.54e-05
2999,9.54e-05
3000,9.535e-05
3001,9.535e-05
3002,9.535e-05
3003,9.535e-05
3004,9.535e-05
3005,9.534e-05
3006,9.534e-05
3007,9.532e-05
3008,9.532e-05
3009,9.536e-05
3010,9.536e-05
3011,9.536e-05
3012,9.536e-05
3013,9.531e-05
3014,9.531e-05
3015,9.531e-05
3016,9.531e-05
3017,9.531e-05
3018,9.53e-05
3019,9.53e-05
3020,9.53e-05
3021,9.53e-05
3022,9.515e-05
3023,9.515e-05
3024,9.515e-05
3025,9.515e-05
3026,9.515e-05
3027,9.515e-05
3028,9.515e-05
3029,9.515e-05
3030,9.515e-05
3031,9.529e-05
3032,9.529e-05
3033,9.506e-05
3034,9.506e-05
3035,9.506e-05
3036,9.505e-05
3037,9.505e-05
3038,9.505e-05
3039,9.505e-05
3040,9.505e-05
3041,9.505e-05
3042,9.506e-05
3043,9.506e-05
3044,9.506e-05
3045,9.504e-05
3046,9.504e-05
3047,9.504e-05
3048,9.504e-05
3049,9.506e-05
3050,9.506e-05
3051,9.506e-05
3052,9.506e-05
3053,9.506e-05
3054,9.506e-05
3055,9.506e-05
3056,9.528e-05
3057,9.506e-05
3058,9.506e-05
3059,9.506e-05
3060,9.506e-05
3061,9.506e-05
3062,9.506e-05
3063,9.506e-05
3064,9.506e-05
3065,9.526e-05
3066,9.526e-05
3067,9.526e-05
3068,9.526e-05
3069,9.526e-05
3070,9.526e-05
3071,9.507e-05
3072,9.507e-05
3073,9.506e-05
3074,9.506e-05
3075,9.506e-05
3076,9.506e-05
3077,9.506e-05
3078,9.507e-05
3079,9.507e-05
3080,9.507e-05
3081,9.506e-05
3082,9.507e-05
3083,9.506e-05
3084,9.506e-05
3085,9.507e-05
3086,9.507e-05
3087,9.507e-05
3088,9.506e-05
3089,9.507e-05
3090,9.507e-05
3091,9.507e-05
3092,9.507e-05
3093,9.507e-05
3094,9.507e-05
3095,9.507e-05
3096,9.506e-05
3097,9.506e-05
3098,9.506e-05
3099,9.506e-05
3100,9.507e-05
3101,9.506e-05
3102,9.506e-05
3103,9.506e-05
3104,9.507e-05
3105,9.518e-05
3106,9.506e-05
3107,9.506e-05
3108,9.506e-05
3109,9.505e-05
3110,9.505e-05
3111,9.504e-05
3112,9.504e-05
3113,9.505e-05
3114,9.505e-05
3115,9.505e-05
3116,9.505e-05
3117,9.505e-05
3118,9.503e-05
3119,9.503e-05
3120,9.505e-05
3121,9.502e-05
3122,9.502e-05
3123,9.502e-05
3124,9.502e-05
3125,9.502e-05
3126,9.502e-05
3127,9.505e-05
3128,9.506e-05
3129,9.524e-05
3130,9.524e-05
3131,9.524e-05
3132,9.524e-05
3133,9.524e-05
3134,9.524e-05
3135,9.527e-05
3136,9.573e-05
3137,9.527e-05
3138,9.527e-05
3139,9.527e-05
3140,9.527e-05
3141,9.527e-05
3142,9.527e-05
3143,9.527e-05
3144,9.516e-05
3145,9.516e-05
3146,9.517e-05
3147,9.52e-05
3148,9.52e-05
3149,9.52e-05
3150,9.52e-05
3151,9.52e-05
3152,9.475e-05
3153,9.446e-05
3154,9.446e-05
3155,9.446e-05
3156,9.446e-05
3157,9.465e-05
3158,9.444e-05
3159,9.453e-05
3160,9.4e-05
3161,9.441e-05
3162,9.434e-05
3163,9.434e-05
3164,9.431e-05
3165,9.429e-05
3166,9.429e-05
3167,9.439e-05
3168,9.427e-05
3169,9.427e-05
3170,9.434e-05
3171,9.432e-05
3172,9.43e-05
3173,9.43e-05
3174,9.422e-05
3175,9.421e-05
3176,9.421e-05
3177,9.426e-05
3178,9.424e-05
3179,9.424e-05
3180,9.424e-05
3181,9.422e-05
3182,9.405e-05
3183,9.405e-05
3184,9.417e-05
3185,9.405e-05
3186,9.411e-05
3187,9.411e-05
3188,9.422e-05
3189,9.422e-05
3190,9.422e-05
3191,9.422e-05
3192,9.477e-05
3193,9.445e-05
3194,9.412e-05
3195,9.412e-05
3196,9.412e-05
3197,9.412e-05
3198,9.412e-05
3199,9.466e-05
3200,9.464e-05
3201,9.464e-05
3202,9.464e-05
3203,9.476e-05
3204,9.476e-05
3205,9.476e-05
3206,9.476e-05
3207,9.474e-05
3208,9.474e-05
3209,9.434e-05
3210,9.434e-05
3211,9.476e-05
3212,9.475e-05
3213,9.475e-05
3214,9.475e-05
3215,9.475e-05
3216,9.439e-05
3217,9.475e-05
3218,9.475e-05
3219,9.475e-05
3220,9.469e-05
3221,9.469e-05
3222,9.459e-05
3223,9.459e-05
3224,9.455e-05
3225,9.453e-05
3226,9.453e-05
3227,9.459e-05
3228,9.476e-05
3229,9.476e-05
3230,9.476e-05
3231,9.476e-05
3232,9.465e-05
3233,9.514e-05
3234,9.522e-05
3235,9.522e-05
3236,9.522e-05
3237,9.521e-05
3238,9.521e-05
3239,9.528e-05
3240,9.528e-05
3241,9.528e-05
3242,9.528e-05
3243,9.491e-05
3244,9.491e-05
3245,9.491e-05
3246,9.491e-05
3247,9.528e-05
3248,9.528e-05
3249,9.528e-05
3250,9.528e-05
3251,9.51e-05
3252,9.531e-05
3253,9.534e-05
3254,9.529e-05
3255,9.532e-05
3256,9.534e-05
3257,9.534e-05
3258,9.534e-05
3259,9.538e-05
3260,9.539e-05
3261,9.543e-05
3262,9.543e-05
3263,9.546e-05
3264,9.551e-05
3265,9.551e-05
3266,9.551e-05
3267,9.547e-05
3268,9.547e-05
3269,9.547e-05
3270,9.547e-05
3271,9.546e-05
3272,9.546e-05
3273,9.546e-05
3274,9.542e-05
3275,9.542e-05
3276,9.542e-05
3277,9.542e-05
3278,9.542e-05
3279,9.542e-05
3280,9.542e-05
3281,9.542e-05
3282,9.542e-05
3283,9.546e-05
3284,9.546e-05
3285,9.546e-05
3286,9.546e-05
3287,9.55e-05
3288,9.551e-05
3289,9.551e-05
3290,9.551e-05
3291,9.553e-05
3292,9.554e-05
3293,9.554e-05
3294,9.554e-05
3295,9.552e-05
3296,9.552e-05
3297,9.553e-05
3298,9.553e-05
3299,9.553e-05
3300,9.552e-05
3301,9.553e-05
3302,9.553e-05
3303,9.552e-05
3304,9.553e-05
3305,9.559e-05
3306,9.559e-05
3307,9.559e-05
3308,9.561e-05
3309,9.564e-05
3310,9.561e-05
3311,9.561e-05
3312,9.561e-05
3313,9.561e-05
3314,9.561e-05
3315,9.56e-05
3316,9.56e-05
3317,9.561e-05
3318,9.569e-05
3319,9.569e-05
3320,9.569e-05
3321,9.569e-05
3322,9.57e-05
3323,9.57e-05
3324,9.57e-05
3325,9.57e-05
3326,9.57e-05
3327,9.57e-05
3328,9.57e-05
3329,9.571e-05
3330,9.571e-05
3331,9.571e-05
3332,9.572e-05
3333,9.57e-05
3334,9.57e-05
3335,9.572e-05
3336,9.572e-05
3337,9.577e-05
3338,9.577e-05
3339,9.577e-05
3340,9.577e-05
3341,9.578e-05
3342,9.578e-05
3343,9.578e-05
3344,9.579e-05
3345,9.579e-05
3346,9.579e-05
3347,9.579e-05
3348,9.578e-05
3349,9.578e-05
3350,9.577e-05
3351,9.577e-05
3352,9.577e-05
3353,9.577e-05
3354,9.569e-05
3355,9.569e-05
3356,9.569e-05
3357,9.578e-05
3358,9.578e-05
3359,9.577e-05
3360,9.583e-05
3361,9.586e-05
3362,9.585e-05
3363,9.585e-05
3364,9.58e-05
3365,9.58e-05
3366,9.586e-05
3367,9.577e-05
3368,9.546e-05
3369,9.572e-05
3370,9.569e-05
3371,9.546e-05
3372,9.545e-05
3373,9.544e-05
3374,9.544e-05
3375,9.54e-05
3376,9.54e-05
3377,9.54e-05
3378,9.54e-05
3379,9.54e-05
3380,9.54e-05
3381,9.539e-05
3382,9.539e-05
3383,9.539e-05
3384,9.539e-05
3385,9.539e-05
3386,9.539e-05
3387,9.539e-05
3388,9.539e-05
3389,9.539e-05
3390,9.539e-05
3391,9.539e-05
3392,9.539e-05
3393,9.536e-05
3394,9.531e-05
3395,9.536e-05
3396,9.53e-05
3397,9.529e-05
3398,9.529e-05
3399,9.529e-05
3400,9.527e-05
3401,9.525e-05
3402,9.523e-05
3403,9.523e-05
3404,9.524e-05
3405,9.524e-05
3406,9.524e-05
3407,9.527e-05
3408,9.527e-05
3409,9.523e-05
3410,9.523e-05
3411,9.524e-05
3412,9.523e-05
3413,9.523e-05
3414,9.523e-05
3415,9.523e-05
3416,9.522e-05
3417,9.5e-05
3418,9.5e-05
3419,9.5e-05
3420,9.5e-05
3421,9.5e-05
3422,9.5e-05
3423,9.5e-05
3424,9.5e-05
3425,9.5e-05
3426,9.501e-05
3427,9.501e-05
3428,9.501e-05
3429,9.501e-05
3430,9.501e-05
3431,9.522e-05
3432,9.522e-05
3433,9.522e-05
3434,9.522e-05
3435,9.502e-05
3436,9.502e-05
3437,9.501e-05
3438,9.501e-05
3439,9.501e-05
3440,9.5e-05
3441,9.5e-05
3442,9.501e-05
3443,9.471e-05
3444,9.498e-05
3445,9.498e-05
3446,9.496e-05
3447,9.495e-05
3448,9.492e-05
3449,9.49e-05
3450,9.497e-05
3451,9.495e-05
3452,9.493e-05
3453,9.493e-05
3454,9.499e-05
3455,9.499e-05
3456,9.456e-05
3457,9.509e-05
3458,9.454e-05
3459,9.454e-05
3460,9.456e-05
3461,9.456e-05
3462,9.496e-05
3463,9.492e-05
3464,9.492e-05
3465,9.486e-05
3466,9.486e-05
3467,9.416e-05
3468,9.416e-05
3469,9.475e-05
3470,9.473e-05
3471,9.471e-05
3472,9.468e-05
3473,9.465e-05
3474,9.465e-05
3475,9.461e-05
3476,9.461e-05
3477,9.476e-05
3478,9.476e-05
3479,9.476e-05
3480,9.475e-05
3481,9.475e-05
3482,9.475e-05
3483,9.475e-05
3484,9.475e-05
3485,9.475e-05
3486,9.477e-05
3487,9.487e-05
3488,9.486e-05
3489,9.485e-05
3490,9.486e-05
3491,9.486e-05
3492,9.487e-05
3493,9.487e-05
3494,9.487e-05
3495,9.487e-05
3496,9.487e-05
3497,9.487e-05
3498,9.487e-05
3499,9.487e-05
3500,9.487e-05
3501,9.487e-05
3502,9.487e-05
3503,9.487e-05
3504,9.487e-05
3505,9.487e-05
3506,9.487e-05
3507,9.487e-05
3508,9.487e-05
3509,9.487e-05
3510,9.487e-05
3511,9.487e-05
3512,9.464e-05
3513,9.462e-05
3514,9.462e-05
3515,9.487e-05
3516,9.487e-05
3517,9.486e-05
3518,9.486e-05
3519,9.486e-05
3520,9.481e-05
3521,9.481e-05
3522,9.479e-05
3523,9.459e-05
3524,9.455e-05
3525,9.451e-05
3526,9.425e-05
3527,9.448e-05
3528,9.44e-05
3529,9.44e-05
3530,9.43e-05
3531,9.43e-05
3532,9.424e-05
3533,9.43e-05
3534,9.43e-05
3535,9.43e-05
3536,9.448e-05
3537,9.449e-05
3538,9.449e-05
3539,9.449e-05
3540,9.449e-05
3541,9.449e-05
3542,9.449e-05
3543,9.449e-05
3544,9.449e-05
3545,9.461e-05
3546,9.441e-05
3547,9.46e-05
3548,9.46e-05
3549,9.459e-05
3550,9.45e-05
3551,9.45e-05
3552,9.45e-05
3553,9.449e-05
3554,9.459e-05
3555,9.459e-05
3556,9.459e-05
3557,9.459e-05
3558,9.459e-05
3559,9.459e-05
3560,9.459e-05
3561,9.459e-05
3562,9.424e-05
3563,9.424e-05
3564,9.424e-05
3565,9.424e-05
3566,9.47e-05
3567,9.459e-05
3568,9.47e-05
3569,9.47e-05
3570,9.46e-05
3571,9.465e-05
3572,9.465e-05
3573,9.465e-05
3574,9.47e-05
3575,9.47e-05
3576,9.47e-05
3577,9.47e-05
3578,9.47e-05
3579,9.47e-05
3580,9.47e-05
3581,9.47e-05
3582,9.47e-05
3583,9.47e-05
3584,9.47e-05
3585,9.47e-05
3586,9.47e-05
3587,9.47e-05
3588,9.47e-05
3589,9.47e-05
3590,9.47e-05
3591,9.47e-05
3592,9.47e-05
3593,9.47e-05
3594,9.461e-05
3595,9.461e-05
3596,9.461e-05
3597,9.46e-05
3598,9.46e-05
3599,9.46e-05
3600,9.46e-05
3601,9.46e-05
3602,9.46e-05
3603,9.46e-05
3604,9.459e-05
3605,9.475e-05
3606,9.475e-05
3607,9.475e-05
3608,9.475e-05
3609,9.5e-05
3610,9.5e-05
3611,9.5e-05
3612,9.5e-05
3613,9.5e-05
3614,9.479e-05
3615,9.479e-05
3616,9.479e-05
3617,9.479e-05
3618,9.479e-05
3619,9.479e-05
3620,9.477e-05
3621,9.479e-05
3622,9.479e-05
3623,9.479e-05
3624,9.479e-05
3625,9.479e-05
3626,9.478e-05
3627,9.478e-05
3628,9.478e-05
3629,9.479e-05
3630,9.566e-05
3631,9.563e-05
3632,9.563e-05
3633,9.563e-05
3634,9.563e-05
3635,9.488e-05
3636,9.485e-05
3637,9.485e-05
3638,9.481e-05
3639,9.481e-05
3640,9.48e-05
3641,9.48e-05
3642,9.48e-05
3643,9.481e-05
3644,9.481e-05
3645,9.481e-05
3646,9.481e-05
3647,9.48e-05
3648,9.48e-05
3649,9.48e-05
3650,9.48e-05
3651,9.48e-05
3652,9.48e-05
3653,9.48e-05
3654,9.48e-05
3655,9.48e-05
3656,9.48e-05
3657,9.48e-05
3658,9.48e-05
3659,9.48e-05
3660,9.481e-05
3661,9.481e-05
3662,9.481e-05
3663,9.481e-05
3664,9.479e-05
3665,9.479e-05
3666,9.481e-05
3667,9.481e-05
3668,9.481e-05
3669,9.481e-05
3670,9.481e-05
3671,9.481e-05
3672,9.481e-05
3673,9.507e-05
3674,9.507e-05
3675,9.507e-05
3676,9.507e-05
3677,9.507e-05
3678,9.507e-05
3679,9.507e-05
3680,9.507e-05
3681,9.505e-05
3682,9.505e-05
3683,9.505e-05
3684,9.505e-05
3685,9.505e-05
3686,9.478e-05
3687,9.478e-05
3688,9.478e-05
3689,9.478e-05
3690,9.478e-05
3691,9.478e-05
3692,9.478e-05
3693,9.478e-05
3694,9.478e-05
3695,9.478e-05
3696,9.478e-05
3697,9.499e-05
3698,9.499e-05
3699,9.499e-05
3700,9.499e-05
3701,9.499e-05
3702,9.49e-05
3703,9.475e-05
3704,9.475e-05
3705,9.475e-05
3706,9.51e-05
3707,9.51e-05
3708,9.51e-05
3709,9.51e-05
3710,9.51e-05
3711,9.51e-05
3712,9.51e-05
3713,9.51e-05
3714,9.51e-05
3715,9.51e-05
3716,9.509e-05
3717,9.509e-05
3718,9.509e-05
3719,9.508e-05
3720,9.508e-05
3721,9.508e-05
3722,9.484e-05
3723,9.484e-05
3724,9.484e-05
3725,9.484e-05
3726,9.484e-05
3727,9.484e-05
3728,9.484e-05
3729,9.484e-05
3730,9.484e-05
3731,9.484e-05
3732,9.5e-05
3733,9.5e-05
3734,9.5e-05
3735,9.5e-05
3736,9.5e-05
3737,9.5e-05
3738,9.5e-05
3739,9.509e-05
3740,9.509e-05
3741,9.509e-05
3742,9.51e-05
3743,9.51e-05
3744,9.51e-05
3745,9.51e-05
3746,9.51e-05
3747,9.51e-05
3748,9.51e-05
3749,9.51e-05
3750,9.51e-05
3751,9.51e-05
3752,9.51e-05
3753,9.51e-05
3754,9.51e-05
3755,9.51e-05
3756,9.51e-05
3757,9.51e-05
3758,9.501e-05
3759,9.501e-05
3760,9.501e-05
3761,9.501e-05
3762,9.51e-05
3763,9.51e-05
3764,9.51e-05
3765,9.51e-05
3766,9.51e-05
3767,9.51e-05
3768,9.507e-05
3769,9.507e-05
3770,9.507e-05
3771,9.507e-05
3772,9.507e-05
3773,9.506e-05
3774,9.506e-05
3775,9.506e-05
3776,9.5e-05
3777,9.502e-05
3778,9.502e-05
3779,9.51e-05
3780,9.51e-05
3781,9.51e-05
3782,9.51e-05
3783,9.51e-05
3784,9.51e-05
3785,9.51e-05
3786,9.51e-05
3787,9.51e-05
3788,9.51e-05
3789,9.509e-05
3790,9.51e-05
3791,9.51e-05
3792,9.51e-05
3793,9.51e-05
3794,9.51e-05
3795,9.51e-05
3796,9.509e-05
3797,9.509e-05
3798,9.509e-05
3799,9.51e-05
3800,9.51e-05
3801,9.51e-05
3802,9.51e-05
3803,9.51e-05
3804,9.51e-05
3805,9.51e-05
3806,9.51e-05
3807,9.51e-05
3808,9.51e-05
3809,9.509e-05
3810,9.51e-05
3811,9.509e-05
3812,9.509e-05
3813,9.509e-05
3814,9.509e-05
3815,9.509e-05
3816,9.509e-05
3817,9.509e-05
3818,9.509e-05
3819,9.509e-05
3820,9.509e-05
3821,9.509e-05
3822,9.509e-05
3823,9.509e-05
3824,9.5e-05
3825,9.5e-05
3826,9.5e-05
3827,9.5e-05
3828,9.5e-05
3829,9.5e-05
3830,9.5e-05
3831,9.5e-05
3832,9.499e-05
3833,9.499e-05
3834,9.499e-05
3835,9.5e-05
3836,9.5e-05
3837,9.5e-05
3838,9.5e-05
3839,9.5e-05
3840,9.496e-05
3841,9.496e-05
3842,9.496e-05
3843,9.496e-05
3844,9.496e-05
3845,9.485e-05
3846,9.485e-05
3847,9.485e-05
3848,9.485e-05
3849,9.485e-05
3850,9.485e-05
3851,9.485e-05
3852,9.5e-05
3853,9.5e-05
3854,9.5e-05
3855,9.499e-05
3856,9.499e-05
3857,9.486e-05
3858,9.486e-05
3859,9.486e-05
3860,9.486e-05
3861,9.486e-05
3862,9.486e-05
3863,9.486e-05
3864,9.486e-05
3865,9.486e-05
3866,9.486e-05
3867,9.486e-05
3868,9.486e-05
3869,9.486e-05
3870,9.538e-05
3871,9.538e-05
3872,9.538e-05
3873,9.538e-05
3874,9.538e-05
3875,9.499e-05
3876,9.499e-05
3877,9.548e-05
3878,9.548e-05
3879,9.548e-05
3880,9.548e-05
3881,9.548e-05
3882,9.519e-05
3883,9.519e-05
3884,9.519e-05
3885,9.519e-05
3886,9.546e-05
3887,9.547e-05
3888,9.547e-05
3889,9.547e-05
3890,9.547e-05
3891,9.56e-05
3892,9.523e-05
3893,9.523e-05
3894,9.523e-05
3895,9.523e-05
3896,9.523e-05
3897,9.526e-05
3898,9.526e-05
3899,9.526e-05
3900,9.526e-05
3901,9.56e-05
3902,9.56e-05
3903,9.542e-05
3904,9.542e-05
3905,9.542e-05
3906,9.542e-05
3907,9.542e-05
3908,9.56e-05
3909,9.56e-05
3910,9.561e-05
3911,9.561e-05
3912,9.562e-05
3913,9.562e-05
3914,9.562e-05
3915,9.562e-05
3916,9.562e-05
3917,9.562e-05
3918,9.562e-05
3919,9.562e-05
3920,9.562e-05
3921,9.562e-05
3922,9.562e-05
3923,9.562e-05
3924,9.563e-05
3925,9.562e-05
3926,9.569e-05
3927,9.56e-05
3928,9.555e-05
3929,9.555e-05
3930,9.555e-05
3931,9.555e-05
3932,9.542e-05
3933,9.542e-05
3934,9.542e-05
3935,9.542e-05
3936,9.542e-05
3937,9.542e-05
3938,9.542e-05
3939,9.542e-05
3940,9.515e-05
3941,9.512e-05
3942,9.508e-05
3943,9.506e-05
3944,9.506e-05
3945,9.506e-05
3946,9.506e-05
3947,9.511e-05
3948,9.511e-05
3949,9.511e-05
3950,9.511e-05
3951,9.511e-05
3952,9.511e-05
3953,9.511e-05
3954,9.511e-05
3955,9.511e-05
3956,9.51e-05
3957,9.51e-05
3958,9.51e-05
3959,9.484e-05
3960,9.484e-05
3961,9.484e-05
3962,9.484e-05
3963,9.484e-05
3964,9.484e-05
3965,9.483e-05
3966,9.478e-05
3967,9.478e-05
3968,9.478e-05
3969,9.478e-05
3970,9.478e-05
3971,9.478e-05
3972,9.478e-05
3973,9.478e-05
3974,9.484e-05
3975,9.484e-05
3976,9.484e-05
3977,9.484e-05
3978,9.484e-05
3979,9.484e-05
3980,9.484e-05
3981,9.484e-05
3982,9.484e-05
3983,9.483e-05
3984,9.483e-05
3985,9.483e-05
3986,9.483e-05
3987,9.483e-05
3988,9.47e-05
3989,9.47e-05
3990,9.47e-05
3991,9.47e-05
3992,9.469e-05
3993,9.469e-05
3994,9.469e-05
3995,9.469e-05
3996,9.469e-05
3997,9.469e-05
3998,9.47e-05
3999,9.47e-05
4000,9.47e-05
4001,9.47e-05
4002,9.47e-05
4003,9.47e-05
4004,9.47e-05
4005,9.47e-05
4006,9.47e-05
4007,9.47e-05
4008,9.47e-05
4009,9.47e-05
4010,9.47e-05
4011,9.47e-05
4012,9.47e-05
4013,9.47e-05
4014,9.47e-05
4015,9.47e-05
4016,9.47e-05
4017,9.47e-05
4018,9.47e-05
4019,9.47e-05
4020,9.47e-05
4021,9.47e-05
4022,9.47e-05
4023,9.47e-05
4024,9.44e-05
4025,9.44e-05
4026,9.43e-05
4027,9.43e-05
4028,9.43e-05
4029,9.43e-05
4030,9.431e-05
4031,9.431e-05
4032,9.431e-05
4033,9.484e-05
4034,9.484e-05
4035,9.422e-05
4036,9.432e-05
4037,9.432e-05
4038,9.432e-05
4039,9.432e-05
4040,9.464e-05
4041,9.461e-05
4042,9.459e-05
4043,9.459e-05
4044,9.459e-05
4045,9.441e-05
4046,9.441e-05
4047,9.46e-05
4048,9.447e-05
4049,9.447e-05
4050,9.447e-05
4051,9.447e-05
4052,9.447e-05
4053,9.447e-05
4054,9.447e-05
4055,9.447e-05
4056,9.444e-05
4057,9.446e-05
4058,9.446e-05
4059,9.446e-05
4060,9.446e-05
4061,9.445e-05
4062,9.445e-05
4063,9.445e-05
4064,9.444e-05
4065,9.445e-05
4066,9.444e-05
4067,9.441e-05
4068,9.441e-05
4069,9.444e-05
4070,9.445e-05
4071,9.445e-05
4072,9.445e-05
4073,9.445e-05
4074,9.445e-05
4075,9.445e-05
4076,9.444e-05
4077,9.443e-05
4078,9.443e-05
4079,9.443e-05
4080,9.443e-05
4081,9.443e-05
4082,9.443e-05
4083,9.443e-05
4084,9.443e-05
4085,9.443e-05
4086,9.443e-05
4087,9.443e-05
4088,9.442e-05
4089,9.442e-05
4090,9.442e-05
4091,9.442e-05
4092,9.444e-05
4093,9.443e-05
4094,9.443e-05
4095,9.443e-05
4096,9.443e-05
4097,9.443e-05
4098,9.447e-05
4099,9.447e-05
4100,9.447e-05
4101,9.447e-05
4102,9.447e-05
4103,9.447e-05
4104,9.447e-05
4105,9.447e-05
4106,9.447e-05
4107,9.447e-05
4108,9.447e-05
4109,9.447e-05
4110,9.447e-05
4111,9.447e-05
4112,9.447e-05
4113,9.447e-05
4114,9.447e-05
4115,9.447e-05
4116,9.447e-05
4117,9.447e-05
4118,9.447e-05
4119,9.445e-05
4120,9.445e-05
4121,9.447e-05
4122,9.447e-05
4123,9.447e-05
4124,9.447e-05
4125,9.447e-05
4126,9.447e-05
4127,9.447e-05
4128,9.508e-05
4129,9.508e-05
4130,9.508e-05
4131,9.508e-05
4132,9.508e-05
4133,9.508e-05
4134,9.508e-05
4135,9.508e-05
4136,9.508e-05
4137,9.508e-05
4138,9.508e-05
4139,9.508e-05
4140,9.508e-05
4141,9.508e-05
4142,9.508e-05
4143,9.508e-05
4144,9.508e-05
4145,9.508e-05
4146,9.508e-05
4147,9.508e-05
4148,9.508e-05
4149,9.508e-05
4150,9.508e-05
4151,9.509e-05
4152,9.509e-05
4153,9.509e-05
4154,9.509e-05
4155,9.519e-05
4156,9.519e-05
4157,9.519e-05
4158,9.519e-05
4159,9.511e-05
4160,9.511e-05
4161,9.511e-05
4162,9.511e-05
4163,9.511e-05
4164,9.509e-05
4165,9.514e-05
4166,9.509e-05
4167,9.51e-05
4168,9.51e-05
4169,9.51e-05
4170,9.51e-05
4171,9.511e-05
4172,9.514e-05
4173,9.514e-05
4174,9.514e-05
4175,9.514e-05
4176,9.52e-05
4177,9.52e-05
4178,9.52e-05
4179,9.52e-05
4180,9.52e-05
4181,9.52e-05
4182,9.52e-05
4183,9.519e-05
4184,9.52e-05
4185,9.52e-05
4186,9.52e-05
4187,9.552e-05
4188,9.552e-05
4189,9.552e-05
4190,9.552e-05
4191,9.552e-05
4192,9.552e-05
4193,9.553e-05
4194,9.552e-05
4195,9.552e-05
4196,9.552e-05
4197,9.553e-05
4198,9.552e-05
4199,9.552e-05
4200,9.552e-05
4201,9.523e-05
4202,9.523e-05
4203,9.523e-05
4204,9.523e-05
4205,9.523e-05
4206,9.523e-05
4207,9.523e-05
4208,9.523e-05
4209,9.51e-05
4210,9.51e-05
4211,9.51e-05
4212,9.51e-05
4213,9.51e-05
4214,9.55e-05
4215,9.509e-05
4216,9.508e-05
4217,9.508e-05
4218,9.508e-05
4219,9.508e-05
4220,9.507e-05
4221,9.506e-05
4222,9.506e-05
4223,9.504e-05
4224,9.502e-05
4225,9.501e-05
4226,9.501e-05
4227,9.501e-05
4228,9.499e-05
4229,9.498e-05
4230,9.496e-05
4231,9.494e-05
4232,9.494e-05
4233,9.49e-05
4234,9.49e-05
4235,9.487e-05
4236,9.479e-05
4237,9.546e-05
4238,9.546e-05
4239,9.546e-05
4240,9.562e-05
4241,9.562e-05
4242,9.562e-05
4243,9.562e-05
4244,9.562e-05
4245,9.562e-05
4246,9.5e-05
4247,9.503e-05
4248,9.503e-05
4249,9.503e-05
4250,9.503e-05
4251,9.503e-05
4252,9.503e-05
4253,9.518e-05
4254,9.518e-05
4255,9.573e-05
4256,9.573e-05
4257,9.573e-05
4258,9.576e-05
4259,9.576e-05
4260,9.58e-05
4261,9.58e-05
4262,9.565e-05
4263,9.621e-05
4264,9.623e-05
4265,9.587e-05
4266,9.587e-05
4267,9.587e-05
4268,9.587e-05
4269,9.601e-05
4270,9.601e-05
4271,9.61e-05
4272,9.622e-05
4273,9.623e-05
4274,9.579e-05
4275,9.579e-05
4276,9.623e-05
4277,9.623e-05
4278,9.623e-05
4279,9.623e-05
4280,9.623e-05
4281,9.623e-05
4282,9.623e-05
4283,9.623e-05
