0,0.0063769
1,0.0063769
2,0.0063769
3,0.0063769
4,0.00637691
5,0.00637691
6,0.006376
7,0.00637617
8,0.00637617
9,0.00637617
10,0.00637691
11,0.006376
12,0.00637691
13,0.00639
14,0.00639
15,0.00639
16,0.00639
17,0.00637997
18,0.006397
19,0.0064
20,0.006404
21,0.00640364
22,0.00641259
23,0.00640364
24,0.00640001
25,0.00647702
26,0.00647693
27,0.00647701
28,0.00647692
29,0.00647692
30,0.00649801
31,0.0065
32,0.0065
33,0.006577
34,0.00649836
35,0.0065
36,0.00656111
37,0.0065611
38,0.00656101
39,0.0065012
40,0.00655982
41,0.00655899
42,0.006559
43,0.00650112
44,0.00651
45,0.006557
46,0.006502
47,0.00650146
48,0.00655899
49,0.00650154
50,0.00650147
51,0.0065
52,0.0065
53,0.00650928
54,0.006448
55,0.006444
56,0.00645153
57,0.00644087
58,0.00641282
59,0.00640364
60,0.0064
61,0.0064
62,0.0064
63,0.00644087
64,0.00645145
65,0.00641033
66,0.0064
67,0.00639
68,0.00637434
69,0.00637208
70,0.00632607
71,0.0062458
72,0.00632598
73,0.0062458
74,0.0062458
75,0.0062458
76,0.00624195
77,0.00626655
78,0.00637199
79,0.006372
80,0.00638479
81,0.00637935
82,0.006372
83,0.00637935
84,0.00638666
85,0.00637434
86,0.00642891
87,0.00642891
88,0.00643041
89,0.00643041
90,0.00643644
91,0.00643644
92,0.006437
93,0.00644555
94,0.00644555
95,0.0064515
96,0.00644555
97,0.00642856
98,0.00642857
99,0.00642915
100,0.00642915
101,0.00642915
102,0.00642915
103,0.00645153
104,0.00645153
105,0.00645153
106,0.00645153
107,0.00645611
108,0.00650756
109,0.00650756
110,0.00645612
111,0.00642915
112,0.006509
113,0.00650928
114,0.00650999
115,0.00645611
116,0.00645611
117,0.00645611
118,0.006461
119,0.00651
120,0.00645611
121,0.00645613
122,0.006465
123,0.006507
124,0.00645613
125,0.00645613
126,0.006507
127,0.0065
128,0.0065
129,0.006507
130,0.006507
131,0.006507
132,0.006507
133,0.006507
134,0.006507
135,0.00650916
136,0.006519
137,0.00655
138,0.006546
139,0.00655046
140,0.00655894
141,0.00655888
142,0.00655567
143,0.00657708
144,0.00657699
145,0.00655889
146,0.00657699
147,0.006546
148,0.006546
149,0.00657697
150,0.00657697
151,0.00657699
152,0.00657697
153,0.006577
154,0.006585
155,0.006585
156,0.006585
157,0.006585
158,0.006585
159,0.006585
160,0.00658709
161,0.00659709
162,0.00661099
163,0.00663338
164,0.00665616
165,0.00665617
166,0.00666108
167,0.00667063
168,0.00667709
169,0.00669033
170,0.00669481
171,0.00669995
172,0.0067
173,0.0067
174,0.00671462
175,0.00671384
176,0.00673535
177,0.00672006
178,0.00674145
179,0.00677892
180,0.00677891
181,0.00678354
182,0.0067954
183,0.00678354
184,0.00678684
185,0.00679541
186,0.00678684
187,0.0067954
188,0.00674705
189,0.00675
190,0.00675
191,0.00675
192,0.006783
193,0.006783
194,0.006783
195,0.006783
196,0.00678354
197,0.0067867
198,0.00679541
199,0.00678354
200,0.00679541
201,0.00679505
202,0.00679653
203,0.00679653
204,0.0067955
205,0.00679653
206,0.00680738
207,0.00680738
208,0.00682
209,0.00683709
210,0.00683735
211,0.00684594
212,0.00684595
213,0.00681684
214,0.00682
215,0.00684595
216,0.00684595
217,0.00685027
218,0.00686
219,0.00685999
220,0.00687
221,0.0068833
222,0.00689
223,0.00689335
224,0.006899
225,0.00689935
226,0.0069074
227,0.00691266
228,0.006913
229,0.00691535
230,0.00691935
231,0.00693413
232,0.00695
233,0.00692583
234,0.00692583
235,0.00690744
236,0.0067955
237,0.00679547
238,0.00675
239,0.00675041
240,0.006747
241,0.00675
242,0.00675
243,0.00674701
244,0.00674701
245,0.00674701
246,0.006737
247,0.006737
248,0.00665
249,0.00664884
250,0.0066484
251,0.00665
252,0.00665
253,0.00665
254,0.006609
255,0.00665
256,0.00665
257,0.00665
258,0.006609
259,0.00665
260,0.00664992
261,0.00665
262,0.00665
263,0.00665
264,0.00665
265,0.00672982
266,0.00672981
267,0.00675
268,0.00676807
269,0.00681625
270,0.00682119
271,0.00682119
272,0.00684583
273,0.00682
274,0.00683335
275,0.00676808
276,0.00676807
277,0.00681111
278,0.00681111
279,0.0068
280,0.00681111
281,0.00684
282,0.00683998
283,0.00679999
284,0.00672981
285,0.006789
286,0.00672981
287,0.006789
288,0.006789
289,0.0067
290,0.00678474
291,0.00678473
292,0.00678472
293,0.00678173
294,0.00670079
295,0.00677
296,0.00676574
297,0.00684
298,0.00684001
299,0.00684001
300,0.00688807
301,0.00684305
302,0.00691362
303,0.00695
304,0.00695
305,0.00696009
306,0.00685631
307,0.00695
308,0.00695
309,0.0069083
310,0.00689755
311,0.00684081
312,0.00688758
313,0.00699399
314,0.00680944
315,0.00699399
316,0.00699299
317,0.00682109
318,0.00682001
319,0.00682001
320,0.00688606
321,0.00682473
322,0.00688606
323,0.00688606
324,0.0068
325,0.0067456
326,0.00671656
327,0.00678
328,0.0067
329,0.00669352
330,0.00660118
331,0.00650782
332,0.006715
333,0.00671499
334,0.0066
335,0.0066
336,0.0066198
337,0.00661
338,0.0066198
339,0.0066198
340,0.00661219
341,0.00661219
342,0.00665
343,0.00666941
344,0.00663005
345,0.00666942
346,0.00671799
347,0.00673896
348,0.00673896
349,0.00672157
350,0.006799
351,0.00685
352,0.006799
353,0.00674426
354,0.00674
355,0.006799
356,0.006844
357,0.00684401
358,0.00684402
359,0.00699556
360,0.00685226
361,0.00685226
362,0.00689747
363,0.00689449
364,0.00689449
365,0.00687386
366,0.00687729
367,0.00687386
368,0.00687729
369,0.00687726
370,0.00684541
371,0.00679517
372,0.00675084
373,0.006745
374,0.00668782
375,0.00668276
376,0.00668781
377,0.00668781
378,0.00668781
379,0.0067
380,0.00674665
381,0.00674665
382,0.00681164
383,0.00676511
384,0.00676512
385,0.00679964
386,0.00670436
387,0.00670436
388,0.006725
389,0.00670436
390,0.0067
391,0.006675
392,0.0066821
393,0.00667515
394,0.00667522
395,0.00668291
396,0.00667508
397,0.00667456
398,0.00667456
399,0.00676239
400,0.00667457
401,0.00668275
402,0.00668333
403,0.00668286
404,0.0067
405,0.006675
406,0.006675
407,0.006675
408,0.00667556
409,0.00667556
410,0.00667095
411,0.00668286
412,0.00668286
413,0.00668286
414,0.00668288
415,0.00667092
416,0.00673448
417,0.00667092
418,0.00667092
419,0.00667091
420,0.00670001
421,0.00666891
422,0.0066845
423,0.00666901
424,0.00666901
425,0.00666901
426,0.00665
427,0.006651
428,0.00665
429,0.00665
430,0.0065844
431,0.006559
432,0.00654676
433,0.00655
434,0.0065335
435,0.00646125
436,0.00648498
437,0.00646126
438,0.00646125
439,0.00646125
440,0.00644889
441,0.00644889
442,0.00643057
443,0.00643057
444,0.00642857
445,0.00639704
446,0.00640041
447,0.00642857
448,0.006429
449,0.00642857
450,0.00644148
451,0.00644149
452,0.00644149
453,0.0064415
454,0.00644148
455,0.0064415
456,0.0064415
457,0.0064415
458,0.00638728
459,0.00638728
460,0.00649117
461,0.00649117
462,0.00645001
463,0.00649117
464,0.00649117
465,0.00649117
466,0.00654709
467,0.006499
468,0.00649901
469,0.0065335
470,0.00655
471,0.0065335
472,0.00655
473,0.00655
474,0.00655
475,0.00655
476,0.006549
477,0.00654927
478,0.00654927
479,0.00654927
480,0.00655
481,0.006549
482,0.006549
483,0.00654927
484,0.006549
485,0.006505
486,0.0065489
487,0.0065489
488,0.0065489
489,0.00654927
490,0.00649902
491,0.00649902
492,0.00653254
493,0.00653254
494,0.00653254
495,0.00653254
496,0.00653254
497,0.00649902
498,0.00649902
499,0.00649902
500,0.00649902
501,0.00649902
502,0.00649901
503,0.00649901
504,0.00649901
505,0.00639153
506,0.00649117
507,0.00649114
508,0.00649114
509,0.00639159
510,0.00639159
511,0.00639158
512,0.00642358
513,0.0064
514,0.0064
515,0.00639153
516,0.00639153
517,0.00639153
518,0.0063873
519,0.00640041
520,0.00640041
521,0.00640041
522,0.00639158
523,0.00639158
524,0.00639158
525,0.00639158
526,0.00639158
527,0.00638732
528,0.00639158
529,0.00638733
530,0.006387
531,0.006379
532,0.006375
533,0.006375
534,0.00634648
535,0.00634648
536,0.00638553
537,0.00631295
538,0.00631284
539,0.00632998
540,0.00631284
541,0.00631284
542,0.00631284
543,0.00634
544,0.00637498
545,0.00637498
546,0.0063749
547,0.00637488
548,0.00637488
549,0.00631297
550,0.00637399
551,0.006313
552,0.00637
553,0.00632
554,0.006313
555,0.006313
556,0.00637
557,0.00637399
558,0.00634499
559,0.00637498
560,0.00638545
561,0.00638536
562,0.00638535
563,0.00638535
564,0.00638535
565,0.00638545
566,0.0064
567,0.00649114
568,0.00649114
569,0.00649901
570,0.00650728
571,0.00653135
572,0.00653254
573,0.006535
574,0.006535
575,0.0065
576,0.00649385
577,0.00649385
578,0.00649385
579,0.00649117
580,0.00645354
581,0.00649384
582,0.00649384
583,0.00646
584,0.00646
585,0.00649
586,0.00649
587,0.0064925
588,0.00645354
589,0.00646
590,0.00646
591,0.00646
592,0.00649384
593,0.00649384
594,0.0065296
595,0.00645501
596,0.00645501
597,0.006529
598,0.00652899
599,0.00652899
600,0.00646005
601,0.00646007
602,0.00647
603,0.00646999
604,0.00645504
605,0.00646999
606,0.00645356
607,0.00645358
608,0.0064536
609,0.00645362
610,0.00645364
611,0.00645365
612,0.006514
613,0.006514
614,0.00645374
615,0.00645369
616,0.00645369
617,0.00645369
618,0.00645369
619,0.00645368
620,0.00645354
621,0.00645354
622,0.0064912
623,0.00645354
624,0.006514
625,0.00645357
626,0.00645354
627,0.00645354
628,0.00645354
629,0.00645354
630,0.00645354
631,0.00645298
632,0.006419
633,0.006419
634,0.00641201
635,0.00641201
636,0.006412
637,0.006392
638,0.006392
639,0.00638305
640,0.006392
641,0.00634
642,0.00631277
643,0.00631202
644,0.00630187
645,0.00631201
646,0.00634
647,0.00631201
648,0.00630717
649,0.00630171
650,0.00630171
651,0.00630102
652,0.006299
653,0.006299
654,0.0062981
655,0.0062981
656,0.006299
657,0.0062981
658,0.0062981
659,0.00629811
660,0.0062981
661,0.0062981
662,0.0062981
663,0.0062981
664,0.00628458
665,0.00627489
666,0.006271
667,0.00627481
668,0.00627481
669,0.00627064
670,0.00627064
671,0.006262
672,0.006256
673,0.006262
674,0.006256
675,0.00623765
676,0.00623756
677,0.00623765
678,0.00623253
679,0.00623765
680,0.0062318
681,0.00622798
682,0.00622798
683,0.00622798
684,0.00622295
685,0.00622798
686,0.00620016
687,0.00621773
688,0.00620014
689,0.00620015
690,0.00620015
691,0.00620017
692,0.00620014
693,0.00622295
694,0.00620016
695,0.00618642
696,0.00620013
697,0.00620013
698,0.00618644
699,0.00618644
700,0.00618644
701,0.00618641
702,0.00618641
703,0.00618641
704,0.00618641
705,0.0061856
706,0.00618559
707,0.0061824
708,0.00620001
709,0.00618
710,0.00617
711,0.00616991
712,0.00616991
713,0.00616991
714,0.00616991
715,0.00615449
716,0.00615449
717,0.00614293
718,0.00613832
719,0.00612
720,0.00612001
721,0.00611388
722,0.00611387
723,0.0061414
724,0.00607391
725,0.0060689
726,0.00614134
727,0.00606893
728,0.00606895
729,0.00606331
730,0.00605
731,0.00606331
732,0.00605238
733,0.00605238
734,0.00611292
735,0.00603234
736,0.00608831
737,0.00604022
738,0.00604022
739,0.00610999
740,0.0060403
741,0.0060403
742,0.00607656
743,0.00609574
744,0.00604028
745,0.00604028
746,0.00604028
747,0.00604028
748,0.00604028
749,0.00607908
750,0.00609575
751,0.00609575
752,0.0061
753,0.00610225
754,0.00610001
755,0.00612735
756,0.0061001
757,0.00614138
758,0.00617999
759,0.00617997
760,0.00617997
761,0.00617997
762,0.00618
763,0.00618
764,0.00618767
765,0.00618899
766,0.00621073
767,0.00623346
768,0.00627488
769,0.00626101
770,0.00618335
771,0.006274
772,0.00628
773,0.00628
774,0.00629059
775,0.00628
776,0.00629059
777,0.00620003
778,0.00620003
779,0.00621591
780,0.00620006
781,0.00620005
782,0.00620005
783,0.00629058
784,0.00629058
785,0.00617013
786,0.00617015
787,0.00617015
788,0.00617021
789,0.00617021
790,0.00619999
791,0.00619999
792,0.00617022
793,0.00617022
794,0.00617022
795,0.00619
796,0.00619
797,0.00619899
798,0.00619899
799,0.00619899
800,0.00623
801,0.00622999
802,0.00622999
803,0.00622999
804,0.0062
805,0.0062
806,0.00619999
807,0.00619
808,0.00619
809,0.00619328
810,0.00617021
811,0.00610905
812,0.00610905
813,0.00610905
814,0.00600835
815,0.00600835
816,0.00610901
817,0.00610899
818,0.0060812
819,0.0060812
820,0.0060999
821,0.00608122
822,0.00608114
823,0.00608114
824,0.00608113
825,0.00608113
826,0.00608123
827,0.00613608
828,0.00610905
829,0.00602148
830,0.006109
831,0.00610901
832,0.00616427
833,0.00617878
834,0.00618992
835,0.00618992
836,0.00619
837,0.00622998
838,0.0062073
839,0.00622998
840,0.00627357
841,0.00628074
842,0.00632204
843,0.00633745
844,0.00635343
845,0.00635343
846,0.00632606
847,0.00626913
848,0.00633
849,0.00631998
850,0.00631906
851,0.00631999
852,0.00631806
853,0.00630998
854,0.00630999
855,0.00635343
856,0.00635343
857,0.00634806
858,0.00634806
859,0.00634806
860,0.00635343
861,0.00635343
862,0.00634806
863,0.00632001
864,0.00635905
865,0.00635742
866,0.00635742
867,0.00635342
868,0.00635905
869,0.00635906
870,0.00635001
871,0.00637
872,0.006374
873,0.0063859
874,0.0063859
875,0.00638
876,0.00633
877,0.0063859
878,0.0063859
879,0.0063859
880,0.00638588
881,0.00633001
882,0.00635343
883,0.00635343
884,0.00635343
885,0.00635343
886,0.00635343
887,0.00633
888,0.00630999
889,0.00631
890,0.0063
891,0.00630707
892,0.00630707
893,0.00630706
894,0.00628823
895,0.00628823
896,0.00628823
897,0.00630099
898,0.00630099
899,0.00630099
900,0.00630099
901,0.00626
902,0.00625999
903,0.00625999
904,0.00626274
905,0.00625999
906,0.0062073
907,0.00620731
908,0.00620731
909,0.00620731
910,0.00620731
911,0.00620731
912,0.00620731
913,0.00620731
914,0.00621502
915,0.00621503
916,0.00621503
917,0.00620731
918,0.00620731
919,0.00621
920,0.00621
921,0.00625497
922,0.00621701
923,0.00621701
924,0.00629985
925,0.00619107
926,0.00619107
927,0.00626684
928,0.00618992
929,0.00625678
930,0.00620788
931,0.00620152
932,0.00620153
933,0.0062101
934,0.00626239
935,0.00625679
936,0.00625679
937,0.00625679
938,0.00625679
939,0.00625679
940,0.0062747
941,0.0062747
942,0.0062747
943,0.0062747
944,0.00627534
945,0.00628347
946,0.00628346
947,0.00628346
948,0.0063
949,0.0063
950,0.00628348
951,0.00628346
952,0.00628346
953,0.00628346
954,0.00627918
955,0.00627918
956,0.00628346
957,0.00628346
958,0.00628346
959,0.00628346
960,0.00628346
961,0.00628346
962,0.00628347
963,0.00629999
964,0.00628999
965,0.00628347
966,0.00628347
967,0.0063
968,0.00630406
969,0.00630406
970,0.00630406
971,0.00630406
972,0.00630406
973,0.00630406
974,0.00630406
975,0.006304
976,0.00630399
977,0.00630399
978,0.00630678
979,0.00630679
980,0.00631995
981,0.00631995
982,0.00631995
983,0.00633001
984,0.00633001
985,0.00633001
986,0.00633001
987,0.00633001
988,0.00633996
989,0.00634806
990,0.006332
991,0.00633001
992,0.006311
993,0.006311
994,0.006311
995,0.0063
996,0.0063
997,0.00629999
998,0.00629999
999,0.00629401
1000,0.00634804
1001,0.00634804
1002,0.00629999
1003,0.00629999
1004,0.006348
1005,0.00629999
1006,0.00629401
1007,0.00629998
1008,0.00634805
1009,0.00634805
1010,0.00634805
1011,0.00629402
1012,0.006353
1013,0.00627304
1014,0.00627304
1015,0.00627304
1016,0.00627304
1017,0.00627304
1018,0.00627304
1019,0.00627313
1020,0.00627322
1021,0.0062733
1022,0.00629401
1023,0.00629
1024,0.00629
1025,0.00627366
1026,0.00627374
1027,0.006294
1028,0.00629401
1029,0.00629401
1030,0.006294
1031,0.006353
1032,0.006294
1033,0.00629416
1034,0.00635298
1035,0.00635298
1036,0.00629432
1037,0.0062944
1038,0.00629448
1039,0.00629448
1040,0.00629448
1041,0.00629448
1042,0.00635267
1043,0.00629447
1044,0.0062944
1045,0.00629447
1046,0.00629447
1047,0.00629447
1048,0.00629447
1049,0.00627418
1050,0.00627426
1051,0.00627429
1052,0.00627431
1053,0.00629128
1054,0.00629128
1055,0.00629129
1056,0.0063
1057,0.0063
1058,0.00635292
1059,0.00635292
1060,0.00635292
1061,0.00635292
1062,0.00635679
1063,0.00635292
1064,0.00635679
1065,0.00635292
1066,0.00635292
1067,0.00635292
1068,0.00635292
1069,0.00635292
1070,0.00635679
1071,0.006357
1072,0.00635702
1073,0.00635702
1074,0.00635702
1075,0.00635702
1076,0.00638384
1077,0.0063859
1078,0.00635702
1079,0.006392
1080,0.00637282
1081,0.00635702
1082,0.00635702
1083,0.00636944
1084,0.00638185
1085,0.00638185
1086,0.00638186
1087,0.00638186
1088,0.00638186
1089,0.00639199
1090,0.00639199
1091,0.00639199
1092,0.00639199
1093,0.0064
1094,0.00641045
1095,0.00638186
1096,0.0064
1097,0.00641045
1098,0.00641045
1099,0.00641044
1100,0.00641478
1101,0.00642825
1102,0.006415
1103,0.0065
1104,0.00642888
1105,0.00642436
1106,0.006432
1107,0.00646475
1108,0.00646475
1109,0.00646475
1110,0.00651251
1111,0.00647
1112,0.00647
1113,0.00647
1114,0.00651334
1115,0.00651333
1116,0.00652
1117,0.00652
1118,0.00654899
1119,0.00652
1120,0.00654899
1121,0.0065097
1122,0.00650925
1123,0.00656288
1124,0.00656288
1125,0.00656288
1126,0.00656975
1127,0.00654927
1128,0.00654927
1129,0.00656975
1130,0.00656975
1131,0.00657157
1132,0.00658354
1133,0.00658354
1134,0.00656975
1135,0.00657158
1136,0.00657158
1137,0.00651081
1138,0.00656312
1139,0.00656313
1140,0.00656312
1141,0.00656313
1142,0.00656313
1143,0.00657775
1144,0.00658673
1145,0.00658673
1146,0.00658674
1147,0.00658673
1148,0.00658674
1149,0.00656313
1150,0.00658674
1151,0.00658873
1152,0.00659334
1153,0.00659334
1154,0.00659334
1155,0.00659334
1156,0.0065944
1157,0.00659506
1158,0.00660674
1159,0.00661105
1160,0.00665
1161,0.00668
1162,0.00668458
1163,0.00671416
1164,0.00671567
1165,0.00669249
1166,0.00668764
1167,0.00671907
1168,0.00672
1169,0.00663739
1170,0.00663739
1171,0.00663748
1172,0.00672296
1173,0.00672296
1174,0.00672297
1175,0.00663748
1176,0.00663748
1177,0.0067206
1178,0.00672297
1179,0.00672302
1180,0.00666139
1181,0.00667538
1182,0.00665535
1183,0.00663751
1184,0.00663749
1185,0.00663499
1186,0.00657836
1187,0.00657273
1188,0.00657276
1189,0.00657276
1190,0.00659999
1191,0.00659999
1192,0.00659
1193,0.0066
1194,0.0066
1195,0.00659001
1196,0.0066
1197,0.00660562
1198,0.00660561
1199,0.00666842
1200,0.00666842
1201,0.00666842
1202,0.00666842
1203,0.00669103
1204,0.00666842
1205,0.0066057
1206,0.00667
1207,0.00667001
1208,0.00667
1209,0.00667
1210,0.00667005
1211,0.00667005
1212,0.00667005
1213,0.00667005
1214,0.00667137
1215,0.00669
1216,0.00669433
1217,0.00669
1218,0.00669
1219,0.00669136
1220,0.00669136
1221,0.00669136
1222,0.00669
1223,0.00669
1224,0.00667
1225,0.00667
1226,0.00667
1227,0.00667
1228,0.00669555
1229,0.00669555
1230,0.00669555
1231,0.00667
1232,0.00667
1233,0.00667
1234,0.00667
1235,0.00667
1236,0.00667
1237,0.00668
1238,0.00668
1239,0.00668
1240,0.00662991
1241,0.00668902
1242,0.00668901
1243,0.00668901
1244,0.00661669
1245,0.00661669
1246,0.00660998
1247,0.00660997
1248,0.00660996
1249,0.00660996
1250,0.00660996
1251,0.00660465
1252,0.00660997
1253,0.0066033
1254,0.00659
1255,0.00659
1256,0.00656826
1257,0.00651084
1258,0.00651084
1259,0.00649144
1260,0.00642
1261,0.00642
1262,0.00641826
1263,0.00641819
1264,0.00641047
1265,0.00640849
1266,0.00640721
1267,0.00640721
1268,0.00640721
1269,0.00641146
1270,0.00656499
1271,0.00656489
1272,0.00656489
1273,0.0065648
1274,0.0065648
1275,0.00656478
1276,0.00656469
1277,0.0065646
1278,0.0065646
1279,0.0065646
1280,0.0065646
1281,0.00655981
1282,0.00655971
1283,0.00655963
1284,0.00645003
1285,0.00645003
1286,0.00655945
1287,0.00655945
1288,0.00645434
1289,0.00645434
1290,0.00645434
1291,0.00645434
1292,0.00645436
1293,0.00650419
1294,0.00650419
1295,0.00649569
1296,0.00649569
1297,0.00649569
1298,0.00649568
1299,0.00650827
1300,0.00650827
1301,0.00650827
1302,0.00651109
1303,0.00651109
1304,0.00649631
1305,0.00649762
1306,0.00649825
1307,0.00649825
1308,0.00649
1309,0.00649
1310,0.00641827
1311,0.00641827
1312,0.00649194
1313,0.0065101
1314,0.00651021
1315,0.00651021
1316,0.00651021
1317,0.00650596
1318,0.00650587
1319,0.00649998
1320,0.00648292
1321,0.00648292
1322,0.00648292
1323,0.00648292
1324,0.00648275
1325,0.00648275
1326,0.00648275
1327,0.00648275
1328,0.00648275
1329,0.00648274
1330,0.00650193
1331,0.00650193
1332,0.00648292
1333,0.00648292
1334,0.00648292
1335,0.00641828
1336,0.00648485
1337,0.0064806
1338,0.0064806
1339,0.00642252
1340,0.00637991
1341,0.00637564
1342,0.00637565
1343,0.00634811
1344,0.00637193
1345,0.00635
1346,0.0063431
1347,0.0063473
1348,0.00634729
1349,0.00633702
1350,0.00633702
1351,0.00632959
1352,0.0063276
1353,0.0063473
1354,0.00635
1355,0.00634731
1356,0.00634731
1357,0.00634731
1358,0.00637564
1359,0.00637564
1360,0.00637564
1361,0.00637565
1362,0.00637565
1363,0.00644999
1364,0.00644999
1365,0.00637566
1366,0.00637566
1367,0.00637566
1368,0.00637566
1369,0.00637566
1370,0.00644998
1371,0.00644998
1372,0.00644794
1373,0.00648029
1374,0.00648028
1375,0.00637571
1376,0.00637567
1377,0.00637567
1378,0.00637567
1379,0.00637568
1380,0.00637568
1381,0.00637567
1382,0.00634811
1383,0.006375
1384,0.00636147
1385,0.00636147
1386,0.00636147
1387,0.006375
1388,0.00637499
1389,0.006375
1390,0.00632163
1391,0.00632163
1392,0.00634729
1393,0.00632163
1394,0.00637499
1395,0.00637499
1396,0.00637499
1397,0.006375
1398,0.006375
1399,0.006375
1400,0.006375
1401,0.00637499
1402,0.00637499
1403,0.00637499
1404,0.00632163
1405,0.006375
1406,0.0063639
1407,0.00635511
1408,0.00634783
1409,0.0063424
1410,0.00633798
1411,0.00633798
1412,0.00634006
1413,0.00636766
1414,0.00636766
1415,0.00635925
1416,0.00635925
1417,0.00635925
1418,0.00635925
1419,0.00635925
1420,0.00635925
1421,0.006375
1422,0.006375
1423,0.006375
1424,0.006375
1425,0.006375
1426,0.00637499
1427,0.0063401
1428,0.0063401
1429,0.00634007
1430,0.00634007
1431,0.00634007
1432,0.006371
1433,0.00637568
1434,0.00637568
1435,0.0064
1436,0.00641772
1437,0.00640016
1438,0.00640016
1439,0.00640016
1440,0.0064003
1441,0.0064003
1442,0.00640037
1443,0.00640044
1444,0.00640044
1445,0.00640045
1446,0.00640045
1447,0.00641773
1448,0.00641773
1449,0.00641773
1450,0.00641773
1451,0.00644998
1452,0.00645
1453,0.00645
1454,0.00645
1455,0.0064738
1456,0.0064738
1457,0.00647381
1458,0.00648
1459,0.00648
1460,0.00648
1461,0.00647999
1462,0.00647999
1463,0.00647999
1464,0.00648
1465,0.0064806
1466,0.0064806
1467,0.0064806
1468,0.00648485
1469,0.00650905
1470,0.00650905
1471,0.0065324
1472,0.00653242
1473,0.00653242
1474,0.00655292
1475,0.00655736
1476,0.006555
1477,0.00655736
1478,0.00656517
1479,0.0065652
1480,0.00656517
1481,0.00656517
1482,0.00656517
1483,0.00656517
1484,0.00657177
1485,0.00657185
1486,0.00657584
1487,0.00657185
1488,0.006575
1489,0.0065798
1490,0.006572
1491,0.006572
1492,0.00657185
1493,0.006572
1494,0.00657185
1495,0.00657185
1496,0.00655736
1497,0.00655388
1498,0.00652457
1499,0.00652457
1500,0.00652499
1501,0.00653241
1502,0.00652499
1503,0.00653242
1504,0.00653242
1505,0.00652499
1506,0.00653242
1507,0.00653241
1508,0.00652499
1509,0.00652499
1510,0.00653241
1511,0.00653241
1512,0.0064806
1513,0.00647767
1514,0.00647188
1515,0.00652999
1516,0.00645215
1517,0.0064388
1518,0.0064388
1519,0.00650384
1520,0.00650383
1521,0.00650383
1522,0.00650383
1523,0.00650383
1524,0.00650383
1525,0.00653534
1526,0.00654957
1527,0.00654957
1528,0.00654957
1529,0.00654957
1530,0.00643775
1531,0.00641859
1532,0.00642286
1533,0.00640427
1534,0.00640001
1535,0.00640001
1536,0.00640001
1537,0.00640001
1538,0.00635792
1539,0.00635729
1540,0.00623964
1541,0.00635787
1542,0.00631413
1543,0.00631413
1544,0.00631413
1545,0.00627911
1546,0.00634191
1547,0.00633403
1548,0.00629787
1549,0.00631499
1550,0.00636177
1551,0.00630492
1552,0.00625802
1553,0.00625805
1554,0.00625811
1555,0.00625811
1556,0.0062472
1557,0.0062472
1558,0.00624722
1559,0.00624721
1560,0.00624722
1561,0.00624722
1562,0.00625002
1563,0.00625002
1564,0.00625003
1565,0.0062428
1566,0.00629956
1567,0.0062439
1568,0.0062439
1569,0.0062428
1570,0.0062428
1571,0.0062428
1572,0.00624
1573,0.00624
1574,0.00624
1575,0.00624
1576,0.00624606
1577,0.00624605
1578,0.00624605
1579,0.00624605
1580,0.00623982
1581,0.00621269
1582,0.00621025
1583,0.006212
1584,0.00621025
1585,0.00621026
1586,0.00620358
1587,0.00620257
1588,0.00620338
1589,0.00620338
1590,0.006195
1591,0.006195
1592,0.00618519
1593,0.00618519
1594,0.00617518
1595,0.0061389
1596,0.00610901
1597,0.0061389
1598,0.00617519
1599,0.00620164
1600,0.00612977
1601,0.00612581
1602,0.00620161
1603,0.00620149
1604,0.00619281
1605,0.00626455
1606,0.0060848
1607,0.00608407
1608,0.0060846
1609,0.00608461
1610,0.00608451
1611,0.0061178
1612,0.0061178
1613,0.00623354
1614,0.00623492
1615,0.00612053
1616,0.00623489
1617,0.00623489
1618,0.0062349
1619,0.0062554
1620,0.0062554
1621,0.0062554
1622,0.0062554
1623,0.0062505
1624,0.00623489
1625,0.00623489
1626,0.00623489
1627,0.00623489
1628,0.00623487
1629,0.00623487
1630,0.00624943
1631,0.00612444
1632,0.00613231
1633,0.00612447
1634,0.00612447
1635,0.00612447
1636,0.00610955
1637,0.00610955
1638,0.00610955
1639,0.00610955
1640,0.00610955
1641,0.00610955
1642,0.00610004
1643,0.00610954
1644,0.00610954
1645,0.00610954
1646,0.00610954
1647,0.00610006
1648,0.00610006
1649,0.00610006
1650,0.00610002
1651,0.00610002
1652,0.00610002
1653,0.00610954
1654,0.00610006
1655,0.00610006
1656,0.00610954
1657,0.00610954
1658,0.00610006
1659,0.00610006
1660,0.00610952
1661,0.00610953
1662,0.00610953
1663,0.00610953
1664,0.00610953
1665,0.00610953
1666,0.00610953
1667,0.00610953
1668,0.00608327
1669,0.00608327
1670,0.00608325
1671,0.00608325
1672,0.00608325
1673,0.00608325
1674,0.00616848
1675,0.0062014
1676,0.00616848
1677,0.0062014
1678,0.0062014
1679,0.00613491
1680,0.00613491
1681,0.00609207
1682,0.00609207
1683,0.00609207
1684,0.00619628
1685,0.0061971
1686,0.00609209
1687,0.00609218
1688,0.00609218
1689,0.00618853
1690,0.00618853
1691,0.00619281
1692,0.00619281
1693,0.00619281
1694,0.00619281
1695,0.00619281
1696,0.00619281
1697,0.00619281
1698,0.00619281
1699,0.00620139
1700,0.00620139
1701,0.00620139
1702,0.00620139
1703,0.0062014
1704,0.0062014
1705,0.0062014
1706,0.00620577
1707,0.00620577
1708,0.0062014
1709,0.0062014
1710,0.0062014
1711,0.00620577
1712,0.00620577
1713,0.00620577
1714,0.00620577
1715,0.00620577
1716,0.00620139
1717,0.00620139
1718,0.00620139
1719,0.00620139
1720,0.00620139
1721,0.00620139
1722,0.00620139
1723,0.00619
1724,0.0061185
1725,0.00620139
1726,0.00620139
1727,0.00620139
1728,0.00616752
1729,0.00611877
1730,0.00611877
1731,0.00611877
1732,0.00611877
1733,0.00611877
1734,0.00611878
1735,0.00611878
1736,0.00611878
1737,0.00616752
1738,0.00617155
1739,0.0061797
1740,0.00620139
1741,0.00618952
1742,0.00623489
1743,0.00626458
1744,0.00626458
1745,0.00626456
1746,0.00626456
1747,0.00626456
1748,0.00626456
1749,0.00626455
1750,0.00626455
1751,0.00626455
1752,0.00626455
1753,0.00626455
1754,0.00626455
1755,0.00626455
1756,0.00626455
1757,0.00626455
1758,0.00626453
1759,0.00626453
1760,0.00626453
1761,0.00619002
1762,0.00619003
1763,0.00619003
1764,0.00619003
1765,0.00619003
1766,0.00619003
1767,0.00619002
1768,0.00619002
1769,0.00618964
1770,0.00618964
1771,0.00618964
1772,0.00618964
1773,0.00618964
1774,0.00618964
1775,0.00618964
1776,0.00618964
1777,0.00618964
1778,0.00618964
1779,0.00618964
1780,0.00618964
1781,0.00618964
1782,0.00618964
1783,0.00618964
1784,0.00618964
1785,0.0061797
1786,0.00609218
1787,0.00609218
1788,0.00609218
1789,0.00617966
1790,0.00617963
1791,0.00617962
1792,0.00617962
1793,0.00617962
1794,0.00617962
1795,0.00617962
1796,0.00617962
1797,0.00617962
1798,0.00609237
1799,0.00609237
1800,0.00609237
1801,0.00609237
1802,0.00609237
1803,0.00609237
1804,0.00609237
1805,0.00609237
1806,0.00609237
1807,0.00609237
1808,0.00609237
1809,0.00609237
1810,0.00616886
1811,0.00616886
1812,0.00616886
1813,0.00609237
1814,0.00609237
1815,0.00609
1816,0.00609002
1817,0.006071
1818,0.0060596
1819,0.00605959
1820,0.00605959
1821,0.00605959
1822,0.0060596
1823,0.00605959
1824,0.00607098
1825,0.00607098
1826,0.00605449
1827,0.00607097
1828,0.00607097
1829,0.00607097
1830,0.006071
1831,0.006071
1832,0.006071
1833,0.006071
1834,0.00607099
1835,0.00607098
1836,0.006071
1837,0.006071
1838,0.00605449
1839,0.00604064
1840,0.00604064
1841,0.00602171
1842,0.00607098
1843,0.00602093
1844,0.00604099
1845,0.00602086
1846,0.00602086
1847,0.00602086
1848,0.00602086
1849,0.00600231
1850,0.00600238
1851,0.00600238
1852,0.00606749
1853,0.00604064
1854,0.00604064
1855,0.00604064
1856,0.00604064
1857,0.00606713
1858,0.00606713
1859,0.00605064
1860,0.00600021
1861,0.0060002
1862,0.0060002
1863,0.00606687
1864,0.00602776
1865,0.0060209
1866,0.00601006
1867,0.00600022
1868,0.00600022
1869,0.00600001
1870,0.00600001
1871,0.00600001
1872,0.00602089
1873,0.00602089
1874,0.00600001
1875,0.0060209
1876,0.0060209
1877,0.0060209
1878,0.0060209
1879,0.00601277
1880,0.00601277
1881,0.00601277
1882,0.00601277
1883,0.00602776
1884,0.00601277
1885,0.0060675
1886,0.0060675
1887,0.0060675
1888,0.00606742
1889,0.00606741
1890,0.00606741
1891,0.00606741
1892,0.00606741
1893,0.00606359
1894,0.00606351
1895,0.00606351
1896,0.00606351
1897,0.00604954
1898,0.006049
1899,0.006049
1900,0.006049
1901,0.006049
1902,0.006049
1903,0.00604146
1904,0.006041
1905,0.006041
1906,0.006012
1907,0.006041
1908,0.006041
1909,0.006041
1910,0.006041
1911,0.006041
1912,0.006041
1913,0.006041
1914,0.006041
1915,0.00605451
1916,0.00605451
1917,0.00605451
1918,0.00600025
1919,0.00600025
1920,0.00600025
1921,0.00600025
1922,0.00605396
1923,0.00605396
1924,0.00605396
1925,0.0060536
1926,0.0060536
1927,0.0060536
1928,0.00600026
1929,0.00605332
1930,0.00605332
1931,0.00605324
1932,0.00605324
1933,0.00605324
1934,0.00605315
1935,0.00605315
1936,0.00605315
1937,0.00605315
1938,0.00605315
1939,0.00605274
1940,0.00605274
1941,0.00605274
1942,0.00604892
1943,0.00605262
1944,0.00604971
1945,0.00604971
1946,0.00604971
1947,0.00604971
1948,0.00607089
1949,0.00607089
1950,0.00607099
1951,0.00614122
1952,0.00614122
1953,0.00614122
1954,0.00607124
1955,0.00614114
1956,0.00615707
1957,0.00615707
1958,0.00616582
1959,0.0061797
1960,0.00618964
1961,0.00618964
1962,0.006179
1963,0.00617843
1964,0.0061797
1965,0.00619003
1966,0.00619764
1967,0.00621221
1968,0.0062797
1969,0.0062797
1970,0.0062797
1971,0.00628569
1972,0.00628887
1973,0.00630001
1974,0.00630001
1975,0.00633605
1976,0.00623516
1977,0.00634684
1978,0.00633604
1979,0.00638402
1980,0.00633521
1981,0.00638605
1982,0.0064
1983,0.00641354
1984,0.00641354
1985,0.00641354
1986,0.00641355
1987,0.00640717
1988,0.00640717
1989,0.00640717
1990,0.00640717
1991,0.00640717
1992,0.00640717
1993,0.00640717
1994,0.00640717
1995,0.00640717
1996,0.00641299
1997,0.00640717
1998,0.00641008
1999,0.006409
2000,0.00641008
2001,0.00641008
2002,0.00641008
2003,0.00641008
2004,0.00642861
2005,0.00642861
2006,0.006435
2007,0.00644256
2008,0.00644804
2009,0.00644804
2010,0.00644256
2011,0.00644256
2012,0.00644974
2013,0.00644974
2014,0.00644974
2015,0.00644974
2016,0.00644974
2017,0.00645
2018,0.00645717
2019,0.00645717
2020,0.00645717
2021,0.00645005
2022,0.00645
2023,0.00645716
2024,0.00645709
2025,0.00645709
2026,0.00675009
2027,0.0065
2028,0.00645867
2029,0.0066169
2030,0.0064932
2031,0.0064632
2032,0.00651765
2033,0.00650006
2034,0.00649709
2035,0.00648048
2036,0.00648056
2037,0.00648056
2038,0.00648056
2039,0.00648481
2040,0.0064848
2041,0.0064848
2042,0.00648482
2043,0.00648101
2044,0.00648488
2045,0.00648488
2046,0.00649
2047,0.00649
2048,0.00649
2049,0.00651884
2050,0.0064902
2051,0.0064848
2052,0.00649029
2053,0.00649029
2054,0.0064952
2055,0.00649021
2056,0.00649032
2057,0.00649447
2058,0.00649447
2059,0.00650441
2060,0.0065044
2061,0.00649741
2062,0.00649022
2063,0.00649022
2064,0.006484
2065,0.00647081
2066,0.00645425
2067,0.00647081
2068,0.00644257
2069,0.00644256
2070,0.00644256
2071,0.0064415
2072,0.0064415
2073,0.00643782
2074,0.00643503
2075,0.00642881
2076,0.00642881
2077,0.00641934
2078,0.00640742
2079,0.00641552
2080,0.00641553
2081,0.00643502
2082,0.00641561
2083,0.00641561
2084,0.0064156
2085,0.00641552
2086,0.00641552
2087,0.00641552
2088,0.00641552
2089,0.00641552
2090,0.00641552
2091,0.00641552
2092,0.00641552
2093,0.00641552
2094,0.00641552
2095,0.00641552
2096,0.00641552
2097,0.00641552
2098,0.00641552
2099,0.00643996
2100,0.00643996
2101,0.00643996
2102,0.00643997
2103,0.00643997
2104,0.00643996
2105,0.00641552
2106,0.00641552
2107,0.00641552
2108,0.00641552
2109,0.00643996
2110,0.00643996
2111,0.00643996
2112,0.00640963
2113,0.00643996
2114,0.00640977
2115,0.00641007
2116,0.00641007
2117,0.00641007
2118,0.00641007
2119,0.00641007
2120,0.00641007
2121,0.00641007
2122,0.00643996
2123,0.00643996
2124,0.00643997
2125,0.00643997
2126,0.00643997
2127,0.00643997
2128,0.00643997
2129,0.00643996
2130,0.00643996
2131,0.00643997
2132,0.00643997
2133,0.00643997
2134,0.00643996
2135,0.00643996
2136,0.00642401
2137,0.00642401
2138,0.00640717
2139,0.00640717
2140,0.00640717
2141,0.00640717
2142,0.00643995
2143,0.00643995
2144,0.00643995
2145,0.00643995
2146,0.00643995
2147,0.00643995
2148,0.00643995
2149,0.00643995
2150,0.00643227
2151,0.00643989
2152,0.0064399
2153,0.0064399
2154,0.0064399
2155,0.0064399
2156,0.0064399
2157,0.0064399
2158,0.0064399
2159,0.00643989
2160,0.00643989
2161,0.00643989
2162,0.0064399
2163,0.0064399
2164,0.0064399
2165,0.0064399
2166,0.0064399
2167,0.0064399
2168,0.0064399
2169,0.00643989
2170,0.00643989
2171,0.00643989
2172,0.00643989
2173,0.00643989
2174,0.00643989
2175,0.00643989
2176,0.00643989
2177,0.00643989
2178,0.00643989
2179,0.0064399
2180,0.0064399
2181,0.00648082
2182,0.00648082
2183,0.00648082
2184,0.00648082
2185,0.00648082
2186,0.00648082
2187,0.00648082
2188,0.00648082
2189,0.00648082
2190,0.00648082
2191,0.00648082
2192,0.00648082
2193,0.0064809
2194,0.0064809
2195,0.00648082
2196,0.00648082
2197,0.00648082
2198,0.00648082
2199,0.00648082
2200,0.00648082
2201,0.00648082
2202,0.00648082
2203,0.00648082
2204,0.00648082
2205,0.00648082
2206,0.00648082
2207,0.00648082
2208,0.00648399
2209,0.00648082
2210,0.00648082
2211,0.00648082
2212,0.006484
2213,0.00648074
2214,0.00648074
2215,0.00648074
2216,0.00648074
2217,0.00648074
2218,0.00643989
2219,0.00643989
2220,0.00648082
2221,0.00643989
2222,0.00643989
2223,0.00643985
2224,0.00640718
2225,0.0064808
2226,0.0064808
2227,0.00640723
2228,0.0064808
2229,0.00640724
2230,0.00640727
2231,0.00640729
2232,0.00639341
2233,0.00639344
2234,0.00639346
2235,0.00639351
2236,0.00639351
2237,0.00638354
2238,0.00640729
2239,0.00639351
2240,0.00639351
2241,0.00640001
2242,0.00633605
2243,0.00633605
2244,0.00632927
2245,0.00632608
2246,0.00632608
2247,0.00635
2248,0.00635968
2249,0.00632608
2250,0.00630698
2251,0.00632416
2252,0.00632416
2253,0.00632416
2254,0.00632416
2255,0.00632606
2256,0.00632606
2257,0.00628802
2258,0.00632606
2259,0.00628802
2260,0.00628802
2261,0.00628802
2262,0.00628802
2263,0.00632603
2264,0.00632604
2265,0.00632605
2266,0.00632605
2267,0.00632605
2268,0.00632605
2269,0.00632605
2270,0.00639791
2271,0.00628803
2272,0.00628802
2273,0.006288
2274,0.00627901
2275,0.00627902
2276,0.00627901
2277,0.00627901
2278,0.00627901
2279,0.00627901
2280,0.006279
2281,0.00627526
2282,0.00627521
2283,0.00626912
2284,0.00625121
2285,0.0062752
2286,0.00624391
2287,0.00624391
2288,0.00627525
2289,0.00624134
2290,0.00624134
2291,0.0062363
2292,0.0062363
2293,0.0062363
2294,0.00626192
2295,0.00626192
2296,0.00626192
2297,0.00626192
2298,0.00626192
2299,0.006279
2300,0.006279
2301,0.006279
2302,0.006279
2303,0.00626194
2304,0.00626194
2305,0.00627899
2306,0.00627899
2307,0.00627899
2308,0.00626194
2309,0.00626194
2310,0.00626194
2311,0.00626194
2312,0.00626194
2313,0.00626192
2314,0.00627901
2315,0.00627901
2316,0.00627901
2317,0.00626194
2318,0.00618395
2319,0.00618395
2320,0.00618395
2321,0.00627877
2322,0.00627877
2323,0.00627877
2324,0.00627877
2325,0.00627877
2326,0.00627877
2327,0.00626026
2328,0.00626026
2329,0.00626026
2330,0.00626019
2331,0.00626019
2332,0.0062602
2333,0.0062602
2334,0.0062602
2335,0.00626022
2336,0.00626022
2337,0.00618449
2338,0.00618449
2339,0.00626022
2340,0.00626022
2341,0.00626022
2342,0.00625593
2343,0.00620888
2344,0.00620888
2345,0.00625593
2346,0.00625593
2347,0.00625593
2348,0.00626022
2349,0.00626022
2350,0.00626022
2351,0.00628788
2352,0.00628786
2353,0.00628786
2354,0.00619245
2355,0.00627934
2356,0.00627934
2357,0.00627934
2358,0.00627504
2359,0.00627504
2360,0.00627504
2361,0.00627504
2362,0.00626069
2363,0.00626018
2364,0.00626017
2365,0.00626017
2366,0.00626016
2367,0.00626016
2368,0.00625069
2369,0.00625069
2370,0.00625068
2371,0.00625068
2372,0.00625068
2373,0.00625068
2374,0.00624367
2375,0.00625066
2376,0.00624367
2377,0.00624367
2378,0.00624367
2379,0.00624367
2380,0.00624367
2381,0.0061927
2382,0.00620846
2383,0.00624367
2384,0.00624364
2385,0.00624364
2386,0.00624364
2387,0.00624364
2388,0.00624364
2389,0.00625069
2390,0.00625069
2391,0.00625069
2392,0.00625069
2393,0.00626018
2394,0.00626018
2395,0.00619291
2396,0.00619292
2397,0.00619292
2398,0.00619292
2399,0.00619297
2400,0.00619298
2401,0.00619298
2402,0.00619299
2403,0.00619299
2404,0.00619299
2405,0.006193
2406,0.006193
2407,0.00619302
2408,0.00619302
2409,0.00619302
2410,0.00625995
2411,0.00626018
2412,0.00619305
2413,0.00619305
2414,0.00619305
2415,0.00619305
2416,0.00619305
2417,0.00619305
2418,0.00619305
2419,0.00619305
2420,0.00625998
2421,0.00625998
2422,0.006258
2423,0.006258
2424,0.00624317
2425,0.00624317
2426,0.00624317
2427,0.006258
2428,0.00625998
2429,0.00624316
2430,0.00624316
2431,0.00624316
2432,0.00625998
2433,0.00625998
2434,0.00624316
2435,0.00624316
2436,0.00624316
2437,0.00624316
2438,0.00620685
2439,0.00620685
2440,0.00620685
2441,0.00620685
2442,0.00619294
2443,0.00627895
2444,0.00623068
2445,0.00623068
2446,0.00623068
2447,0.00623068
2448,0.00623068
2449,0.00623068
2450,0.00627896
2451,0.00623068
2452,0.00623067
2453,0.00623067
2454,0.00623067
2455,0.00623067
2456,0.00623067
2457,0.00627201
2458,0.006279
2459,0.00623067
2460,0.00623067
2461,0.00627899
2462,0.00620001
2463,0.00620001
2464,0.00625483
2465,0.00620014
2466,0.00620014
2467,0.00620014
2468,0.00620014
2469,0.00620014
2470,0.00627202
2471,0.00620029
2472,0.00620038
2473,0.00620039
2474,0.00620039
2475,0.00620039
2476,0.00620039
2477,0.00622388
2478,0.00622389
2479,0.00622389
2480,0.00622389
2481,0.00620104
2482,0.00620104
2483,0.00620104
2484,0.00622389
2485,0.00622389
2486,0.00622389
2487,0.00620156
2488,0.00620156
2489,0.00620156
2490,0.00620156
2491,0.00620156
2492,0.00620156
2493,0.00623955
2494,0.00620166
2495,0.00620166
2496,0.00620166
2497,0.00620191
2498,0.00620191
2499,0.00620191
2500,0.00620191
2501,0.00620191
2502,0.00620191
2503,0.00620243
2504,0.00620243
2505,0.00620262
2506,0.00620269
2507,0.00627628
2508,0.00627628
2509,0.00627628
2510,0.00627628
2511,0.00627628
2512,0.00627628
2513,0.00627628
2514,0.00627628
2515,0.00620335
2516,0.00620335
2517,0.00620335
2518,0.00620363
2519,0.00620363
2520,0.00620363
2521,0.00627501
2522,0.00620402
2523,0.0062395
2524,0.00620411
2525,0.00620418
2526,0.00624998
2527,0.00624998
2528,0.00620426
2529,0.00623299
2530,0.00620419
2531,0.00620419
2532,0.0062042
2533,0.00620419
2534,0.00620419
2535,0.00620419
2536,0.00620419
2537,0.00620427
2538,0.00620427
2539,0.00620427
2540,0.006205
2541,0.006205
2542,0.006205
2543,0.006205
2544,0.006205
2545,0.00624998
2546,0.00624999
2547,0.00624999
2548,0.00624999
2549,0.00624999
2550,0.0062043
2551,0.00620396
2552,0.00620396
2553,0.00620397
2554,0.00620399
2555,0.00620399
2556,0.00620399
2557,0.00620399
2558,0.0062043
2559,0.00620399
2560,0.00621862
2561,0.00620399
2562,0.00620369
2563,0.00620369
2564,0.00620339
2565,0.00620339
2566,0.00620183
2567,0.00620166
2568,0.00620166
2569,0.00620168
2570,0.00620169
2571,0.00620168
2572,0.00620167
2573,0.00620048
2574,0.00620048
2575,0.00620001
2576,0.00620001
2577,0.00620001
2578,0.0062
2579,0.0062
2580,0.0062
2581,0.0062
2582,0.0062
2583,0.0062
2584,0.0062
2585,0.00620167
2586,0.00620167
2587,0.00620167
2588,0.00620166
2589,0.0062
2590,0.0062
2591,0.00621394
2592,0.0062
2593,0.00620168
2594,0.0062
2595,0.0062
2596,0.0062
2597,0.0062
2598,0.0062
2599,0.00620001
2600,0.00623089
2601,0.0062
2602,0.0062
2603,0.00625461
2604,0.00625452
2605,0.0062
2606,0.0062
2607,0.0062
2608,0.00625417
2609,0.00625417
2610,0.00625417
2611,0.00625417
2612,0.00625417
2613,0.00625417
2614,0.00625417
2615,0.00620155
2616,0.0062
2617,0.006235
2618,0.006235
2619,0.00624999
2620,0.00624999
2621,0.00627167
2622,0.00620001
2623,0.00620001
2624,0.00620001
2625,0.00620001
2626,0.00620001
2627,0.00620502
2628,0.00619992
2629,0.00619992
2630,0.00619992
2631,0.00619992
2632,0.00619992
2633,0.00619992
2634,0.00619992
2635,0.00619992
2636,0.00619992
2637,0.00619992
2638,0.00619069
2639,0.00620001
2640,0.00620001
2641,0.00620001
2642,0.00620001
2643,0.00620001
2644,0.00620001
2645,0.00620001
2646,0.00619072
2647,0.00619072
2648,0.00619072
2649,0.0061907
2650,0.0061907
2651,0.00620001
2652,0.00619069
2653,0.00618481
2654,0.00618481
2655,0.00618452
2656,0.00618317
2657,0.00618316
2658,0.00618958
2659,0.00618958
2660,0.00618958
2661,0.00618958
2662,0.00618958
2663,0.00618958
2664,0.00618958
2665,0.00618958
2666,0.00618958
2667,0.00618958
2668,0.00618958
2669,0.00618958
2670,0.00618958
2671,0.00618317
2672,0.00620001
2673,0.00620001
2674,0.00620001
2675,0.00620001
2676,0.00618316
2677,0.00618316
2678,0.00618316
2679,0.0061832
2680,0.0061832
2681,0.0061832
2682,0.00626692
2683,0.00626692
2684,0.00626689
2685,0.00618326
2686,0.00626686
2687,0.00622507
2688,0.00622507
2689,0.00618325
2690,0.00618325
2691,0.00622507
2692,0.00622507
2693,0.00622507
2694,0.00622507
2695,0.00622506
2696,0.0062
2697,0.0062
2698,0.0062
2699,0.0062
2700,0.0062
2701,0.0062
2702,0.0062
2703,0.006189
2704,0.006189
2705,0.00618139
2706,0.00618139
2707,0.00618139
2708,0.00618139
2709,0.00618139
2710,0.00618139
2711,0.00618139
2712,0.0061814
2713,0.0061814
2714,0.0061814
2715,0.0061814
2716,0.0061814
2717,0.0061814
2718,0.0062
2719,0.0062
2720,0.00617971
2721,0.0061797
2722,0.0062699
2723,0.0061797
2724,0.00622508
2725,0.00618519
2726,0.0061797
2727,0.0061797
2728,0.00617832
2729,0.00617351
2730,0.00616702
2731,0.00616699
2732,0.00616667
2733,0.00616155
2734,0.00619785
2735,0.006279
2736,0.00605427
2737,0.00613108
2738,0.00602299
2739,0.00602299
2740,0.00602298
2741,0.00606657
2742,0.00606648
2743,0.00606646
2744,0.00606039
2745,0.00606639
2746,0.006039
2747,0.00606023
2748,0.00606024
2749,0.00606024
2750,0.00605416
2751,0.00604978
2752,0.00605416
2753,0.00603337
2754,0.00605416
2755,0.00603333
2756,0.00603333
2757,0.00603333
2758,0.00603343
2759,0.00603351
2760,0.00603332
2761,0.00605416
2762,0.00603332
2763,0.00603332
2764,0.00602728
2765,0.006022
2766,0.006022
2767,0.00606023
2768,0.006
2769,0.006
2770,0.00606001
2771,0.006
2772,0.006
2773,0.006
2774,0.006
2775,0.006
2776,0.006
2777,0.006
2778,0.006
2779,0.006
2780,0.006
2781,0.00599789
2782,0.00606022
2783,0.00606022
2784,0.006
2785,0.006
2786,0.00599788
2787,0.00599788
2788,0.00599788
2789,0.00599787
2790,0.005984
2791,0.005984
2792,0.00599187
2793,0.00599187
2794,0.00599187
2795,0.00599187
2796,0.0059919
2797,0.0059919
2798,0.00599188
2799,0.00598
2800,0.00597329
2801,0.00599787
2802,0.00599787
2803,0.00597559
2804,0.00597002
2805,0.00597
2806,0.0059696
2807,0.005969
2808,0.005969
2809,0.00596801
2810,0.00596801
2811,0.005968
2812,0.005968
2813,0.0059679
2814,0.00596801
2815,0.0059679
2816,0.0059679
2817,0.00596789
2818,0.00596789
2819,0.00596789
2820,0.00596304
2821,0.00596304
2822,0.00596304
2823,0.00596303
2824,0.00596304
2825,0.00596304
2826,0.00596304
2827,0.00596304
2828,0.00596304
2829,0.00596304
2830,0.005962
2831,0.005962
2832,0.00596303
2833,0.00596304
2834,0.00596304
2835,0.00596304
2836,0.00596304
2837,0.00596304
2838,0.00596303
2839,0.00596303
2840,0.00596303
2841,0.005963
2842,0.005963
2843,0.00596303
2844,0.00596303
2845,0.00596303
2846,0.00596302
2847,0.00596789
2848,0.00596789
2849,0.00596789
2850,0.00597
2851,0.00599788
2852,0.00599788
2853,0.00599788
2854,0.00599788
2855,0.00597789
2856,0.00599788
2857,0.00599788
2858,0.00599788
2859,0.00605407
2860,0.00605582
2861,0.005962
2862,0.0060352
2863,0.00604406
2864,0.00604406
2865,0.00604406
2866,0.00604407
2867,0.00608724
2868,0.00608724
2869,0.00608724
2870,0.00608724
2871,0.00608329
2872,0.00608329
2873,0.00608717
2874,0.00608717
2875,0.00608717
2876,0.00608717
2877,0.00608717
2878,0.00608661
2879,0.00608661
2880,0.00608661
2881,0.00608661
2882,0.00607
2883,0.00608634
2884,0.00608634
2885,0.00608634
2886,0.00608634
2887,0.00608634
2888,0.00608634
2889,0.00608634
2890,0.00608634
2891,0.00608634
2892,0.00608518
2893,0.006085
2894,0.006085
2895,0.006085
2896,0.006085
2897,0.00604417
2898,0.00608454
2899,0.00605879
2900,0.00605879
2901,0.00605879
2902,0.00605879
2903,0.00605864
2904,0.0060588
2905,0.0060588
2906,0.00604416
2907,0.00604408
2908,0.00605617
2909,0.00605617
2910,0.00605617
2911,0.00605617
2912,0.00605617
2913,0.00605617
2914,0.00605617
2915,0.00605617
2916,0.00605617
2917,0.00605616
2918,0.00605616
2919,0.00605617
2920,0.00605617
2921,0.00605617
2922,0.00605617
2923,0.00605617
2924,0.00604381
2925,0.00604381
2926,0.00605863
2927,0.00605864
2928,0.00607728
2929,0.00607937
2930,0.00607937
2931,0.00607937
2932,0.00607937
2933,0.00607937
2934,0.00607928
2935,0.00607928
2936,0.00607928
2937,0.00607928
2938,0.00607928
2939,0.00607991
2940,0.00607991
2941,0.00607991
2942,0.00607991
2943,0.00607991
2944,0.00607928
2945,0.00607928
2946,0.00607999
2947,0.00607999
2948,0.00607999
2949,0.00607999
2950,0.00605003
2951,0.00608
2952,0.00608
2953,0.00608
2954,0.00608
2955,0.00605337
2956,0.00607
2957,0.00607
2958,0.00605
2959,0.00605004
2960,0.0060501
2961,0.0060501
2962,0.0060501
2963,0.0060501
2964,0.0060501
2965,0.0060501
2966,0.0060501
2967,0.0060501
2968,0.0060501
2969,0.0060501
2970,0.0060501
2971,0.00607991
2972,0.00607991
2973,0.00607999
2974,0.006086
2975,0.006086
2976,0.006086
2977,0.006086
2978,0.006086
2979,0.006086
2980,0.006086
2981,0.006086
2982,0.006096
2983,0.00609778
2984,0.006098
2985,0.00609778
2986,0.00609778
2987,0.006098
2988,0.00609778
2989,0.00609777
2990,0.00611027
2991,0.00613013
2992,0.00613519
2993,0.00613519
2994,0.00613519
2995,0.00613519
2996,0.00613519
2997,0.00613519
2998,0.006123
2999,0.006123
3000,0.006086
3001,0.00612295
3002,0.00612294
3003,0.00613519
3004,0.00613519
3005,0.00614233
3006,0.00616077
3007,0.00616077
3008,0.00616077
3009,0.00619993
3010,0.00619993
3011,0.00619993
3012,0.00619993
3013,0.00619993
3014,0.00619993
3015,0.00619993
3016,0.00619993
3017,0.00609885
3018,0.00609885
3019,0.00610311
3020,0.0061928
3021,0.0061866
3022,0.0061866
3023,0.00617913
3024,0.00617913
3025,0.00617913
3026,0.00617913
3027,0.00617913
3028,0.00617295
3029,0.0061699
3030,0.00615499
3031,0.00616991
3032,0.00616991
3033,0.00616677
3034,0.00616677
3035,0.00616252
3036,0.00615947
3037,0.00615947
3038,0.00615947
3039,0.00615947
3040,0.00615822
3041,0.00615822
3042,0.00615822
3043,0.00615822
3044,0.00615822
3045,0.00615822
3046,0.00615822
3047,0.00615822
3048,0.00615206
3049,0.00615369
3050,0.0061459
3051,0.0061459
3052,0.00614753
3053,0.00614138
3054,0.00614138
3055,0.00610326
3056,0.00614138
3057,0.00615673
3058,0.0061556
3059,0.00610404
3060,0.00610407
3061,0.00610407
3062,0.00610407
3063,0.00610407
3064,0.0061572
3065,0.0061572
3066,0.0061572
3067,0.0061572
3068,0.0061572
3069,0.0061572
3070,0.0061572
3071,0.0061572
3072,0.0061572
3073,0.0061572
3074,0.0061572
3075,0.00615105
3076,0.00615104
3077,0.00615104
3078,0.00615104
3079,0.00615104
3080,0.00607002
3081,0.00607002
3082,0.00610024
3083,0.00614748
3084,0.00614748
3085,0.00614748
3086,0.00614748
3087,0.00614748
3088,0.00614748
3089,0.00614748
3090,0.0061502
3091,0.00613152
3092,0.00613152
3093,0.00613152
3094,0.00613152
3095,0.00610002
3096,0.00610002
3097,0.00610002
3098,0.00610001
3099,0.00610002
3100,0.00610002
3101,0.00614999
3102,0.00614999
3103,0.00614999
3104,0.00614998
3105,0.00614998
3106,0.00614998
3107,0.00614999
3108,0.00614999
3109,0.00614999
3110,0.00614999
3111,0.00614999
3112,0.00614999
3113,0.00614999
3114,0.00614999
3115,0.00614999
3116,0.00614999
3117,0.00614999
3118,0.00614999
3119,0.00614999
3120,0.00614999
3121,0.00614999
3122,0.00614999
3123,0.00610005
3124,0.00610005
3125,0.00610005
3126,0.00610005
3127,0.00610004
3128,0.00610004
3129,0.00610004
3130,0.00610005
3131,0.00610005
3132,0.00610005
3133,0.00610005
3134,0.00610005
3135,0.00610005
3136,0.00610004
3137,0.00610004
3138,0.00610004
3139,0.00610004
3140,0.00610004
3141,0.00610004
3142,0.00610004
3143,0.00610004
3144,0.00610004
3145,0.00610004
3146,0.00610004
3147,0.00610004
3148,0.00610005
3149,0.00610005
3150,0.00610004
3151,0.00610003
3152,0.00608
3153,0.00608
3154,0.00607
3155,0.00607
3156,0.00607
3157,0.00607
3158,0.00607
3159,0.00607
3160,0.00607
3161,0.00607
3162,0.00607
3163,0.00607
3164,0.00607
3165,0.00607
3166,0.00610005
3167,0.00610005
3168,0.00610005
3169,0.00610005
3170,0.00610005
3171,0.00610004
3172,0.00610004
3173,0.00610004
3174,0.00616676
3175,0.00616676
3176,0.00616676
3177,0.00616676
3178,0.00616676
3179,0.00616675
3180,0.00616675
3181,0.00616675
3182,0.00610147
3183,0.00610147
3184,0.00610147
3185,0.00610147
3186,0.00610147
3187,0.00610147
3188,0.00610147
3189,0.00610147
3190,0.00610147
3191,0.00610147
3192,0.00610147
3193,0.00610147
3194,0.00610147
3195,0.00610147
3196,0.00610147
3197,0.0061334
3198,0.00610162
3199,0.00610162
3200,0.00610162
3201,0.00610162
3202,0.00610162
3203,0.00610162
3204,0.00610162
3205,0.00610162
3206,0.00610003
3207,0.00610003
3208,0.00610003
3209,0.00607
3210,0.00607
3211,0.0060501
3212,0.0060501
3213,0.0060501
3214,0.00604256
3215,0.00604
3216,0.00604
3217,0.00604
3218,0.00604
3219,0.00604
3220,0.00602642
3221,0.00598851
3222,0.00598391
3223,0.00606997
3224,0.00606997
3225,0.00606997
3226,0.00606997
3227,0.00606997
3228,0.00606997
3229,0.00606146
3230,0.00606146
3231,0.00606146
3232,0.00606146
3233,0.00606146
3234,0.00606146
3235,0.00606146
3236,0.00606146
3237,0.00605295
3238,0.00605295
3239,0.00605295
3240,0.0060365
3241,0.0060365
3242,0.00606145
3243,0.00606145
3244,0.00606145
3245,0.00606145
3246,0.00606145
3247,0.00606145
3248,0.00606145
3249,0.00606145
3250,0.00606144
3251,0.00600776
3252,0.00606145
3253,0.00600785
3254,0.00600785
3255,0.00600785
3256,0.00600785
3257,0.00600785
3258,0.00600785
3259,0.00600785
3260,0.00600785
3261,0.00600785
3262,0.00600785
3263,0.00604496
3264,0.00604496
3265,0.00604496
3266,0.00604496
3267,0.006
3268,0.006
3269,0.00604052
3270,0.00603
3271,0.00603
3272,0.00603
3273,0.00602981
3274,0.00602981
3275,0.00602981
3276,0.00602963
3277,0.00602963
3278,0.00602963
3279,0.00602963
3280,0.00602963
3281,0.00602963
3282,0.00602963
3283,0.00602397
3284,0.00602862
3285,0.00601342
3286,0.00596455
3287,0.00596455
3288,0.00596468
3289,0.00596468
3290,0.00596468
3291,0.00596468
3292,0.00596468
3293,0.00596468
3294,0.00596468
3295,0.00596544
3296,0.00596544
3297,0.00596544
3298,0.00596544
3299,0.00596544
3300,0.00596544
3301,0.00602393
3302,0.0060179
3303,0.0060179
3304,0.0060179
3305,0.0060179
3306,0.0060179
3307,0.0060179
3308,0.0060179
3309,0.0060179
3310,0.00596212
3311,0.00596212
3312,0.00596212
3313,0.00604009
3314,0.00604009
3315,0.00604009
3316,0.00604009
3317,0.00604009
3318,0.00604009
3319,0.00604009
3320,0.00604009
3321,0.00604009
3322,0.00604009
3323,0.00604009
3324,0.00604009
3325,0.00604009
3326,0.00604009
3327,0.00604009
3328,0.00604043
3329,0.00604043
3330,0.00604043
3331,0.0059639
3332,0.0059639
3333,0.0059639
3334,0.0059639
3335,0.0059
3336,0.0059
3337,0.00589567
3338,0.0059
3339,0.0059
3340,0.0059
3341,0.005911
3342,0.00591099
3343,0.00591098
3344,0.005911
3345,0.005916
3346,0.005916
3347,0.005916
3348,0.00591599
3349,0.005916
3350,0.005916
3351,0.005916
3352,0.005916
3353,0.005916
3354,0.005911
3355,0.0059
3356,0.0059
3357,0.0059
3358,0.00589999
3359,0.00589999
3360,0.00589999
3361,0.005911
3362,0.005911
3363,0.00589
3364,0.00589
3365,0.00589
3366,0.00586055
3367,0.00586055
3368,0.00586055
3369,0.00587499
3370,0.005875
3371,0.00587398
3372,0.00587398
3373,0.005875
3374,0.005875
3375,0.00587499
3376,0.005875
3377,0.005875
3378,0.00587
3379,0.00587
3380,0.00587
3381,0.00587499
3382,0.005862
3383,0.00587499
3384,0.00587499
3385,0.00586731
3386,0.00586199
3387,0.00585405
3388,0.00585
3389,0.00585
3390,0.00585
3391,0.00585
3392,0.00584999
3393,0.00585
3394,0.00585
3395,0.00585
3396,0.00585
3397,0.00585
3398,0.00587405
3399,0.00587405
3400,0.0058544
3401,0.00585025
3402,0.00585024
3403,0.00585024
3404,0.00585
3405,0.00584992
3406,0.00584992
3407,0.00584992
3408,0.00584992
3409,0.0058
3410,0.0058
3411,0.0058
3412,0.00579861
3413,0.0058
3414,0.0058
3415,0.00579931
3416,0.00578992
3417,0.00578771
3418,0.00578763
3419,0.00577081
3420,0.0057
3421,0.0057
3422,0.0057
3423,0.0057
3424,0.0057
3425,0.0057
3426,0.0057
3427,0.0057
3428,0.0057
3429,0.00569169
3430,0.00569057
3431,0.0057
3432,0.0057
3433,0.0057
3434,0.0057
3435,0.0057
3436,0.00575124
3437,0.00579538
3438,0.0057911
3439,0.00575702
3440,0.00576978
3441,0.00576978
3442,0.00579538
3443,0.00575702
3444,0.0058146
3445,0.00582852
3446,0.00583275
3447,0.00584155
3448,0.00584155
3449,0.00585134
3450,0.00585334
3451,0.00586308
3452,0.0058631
3453,0.00588721
3454,0.00588721
3455,0.00587971
3456,0.00594188
3457,0.00583692
3458,0.00580812
3459,0.00594172
3460,0.00591181
3461,0.00591178
3462,0.00591174
3463,0.00591174
3464,0.00591174
3465,0.00591159
3466,0.00591159
3467,0.00594169
3468,0.00594169
3469,0.00594169
3470,0.00594167
3471,0.00594167
3472,0.00597661
3473,0.00594167
3474,0.00601965
3475,0.0059767
3476,0.00601959
3477,0.00601953
3478,0.00588434
3479,0.00601944
3480,0.00601934
3481,0.0060192
3482,0.00591001
3483,0.00601909
3484,0.00588868
3485,0.00587636
3486,0.00580001
3487,0.005876
3488,0.0060188
3489,0.00601879
3490,0.00601886
3491,0.00601886
3492,0.00601885
3493,0.00601884
3494,0.00601884
3495,0.00601894
3496,0.00601893
3497,0.00601893
3498,0.00601895
3499,0.00601895
3500,0.00601894
3501,0.00601884
3502,0.00603305
3503,0.00590897
3504,0.00604493
3505,0.00604492
3506,0.00604489
3507,0.00604491
3508,0.00604495
3509,0.00604496
3510,0.00604496
3511,0.00604496
3512,0.00595004
3513,0.00595006
3514,0.00594001
3515,0.00590385
3516,0.00590384
3517,0.00590384
3518,0.00590384
3519,0.0059
3520,0.0059
3521,0.00593316
3522,0.00593316
3523,0.00590001
3524,0.00590001
3525,0.00590001
3526,0.00590001
3527,0.00590001
3528,0.00590001
3529,0.00598268
3530,0.00598274
3531,0.00596295
3532,0.00596295
3533,0.00596295
3534,0.00596295
3535,0.00596295
3536,0.00596295
3537,0.00596295
3538,0.00596295
3539,0.00596295
3540,0.006
3541,0.006
3542,0.00604068
3543,0.00604068
3544,0.00604068
3545,0.00604068
3546,0.00604068
3547,0.00604068
3548,0.00604068
3549,0.00604067
3550,0.00596295
3551,0.00596295
3552,0.00596295
3553,0.00596295
3554,0.00596295
3555,0.00604059
3556,0.00604059
3557,0.00604059
3558,0.00604059
3559,0.00604059
3560,0.00604059
3561,0.00604059
3562,0.00604059
3563,0.00604036
3564,0.00604036
3565,0.00604033
3566,0.00604032
3567,0.00604032
3568,0.00604032
3569,0.00604032
3570,0.00604032
3571,0.00604
3572,0.00604221
3573,0.00604221
3574,0.00604221
3575,0.00604319
3576,0.00604495
3577,0.00604495
3578,0.00604495
3579,0.00604495
3580,0.00604708
3581,0.00604496
3582,0.00604496
3583,0.00604496
3584,0.00604708
3585,0.0060591
3586,0.00604708
3587,0.00606368
3588,0.00604707
3589,0.00606368
3590,0.00606368
3591,0.00606673
3592,0.00606673
3593,0.00606673
3594,0.00608441
3595,0.00606673
3596,0.00608573
3597,0.00608573
3598,0.00608573
3599,0.00608573
3600,0.00608573
3601,0.00608573
3602,0.00609002
3603,0.00609001
3604,0.00609002
3605,0.00609002
3606,0.00609002
3607,0.00609002
3608,0.00609822
3609,0.00615898
3610,0.00609448
3611,0.00609822
3612,0.00609024
3613,0.00615897
3614,0.00615897
3615,0.00615897
3616,0.00615897
3617,0.00615897
3618,0.00615897
3619,0.00615897
3620,0.00618901
3621,0.00618901
3622,0.00615897
3623,0.00615897
3624,0.00618901
3625,0.00618901
3626,0.00615897
3627,0.006189
3628,0.00615897
3629,0.00615897
3630,0.00616877
3631,0.00618905
3632,0.00618905
3633,0.00615899
3634,0.00614051
3635,0.006189
3636,0.00617678
3637,0.00615899
3638,0.00617677
3639,0.00615899
3640,0.00617678
3641,0.00617678
3642,0.00617678
3643,0.006159
3644,0.00619
3645,0.00620935
3646,0.00620935
3647,0.00620935
3648,0.0062
3649,0.0062
3650,0.00615901
3651,0.00615901
3652,0.00615901
3653,0.00619999
3654,0.00619999
3655,0.00616
3656,0.00619999
3657,0.00618862
3658,0.00620935
3659,0.00618924
3660,0.00620936
3661,0.00620936
3662,0.00622057
3663,0.00625
3664,0.00625
3665,0.00622058
3666,0.00626051
3667,0.00626051
3668,0.00626807
3669,0.00626806
3670,0.0062717
3671,0.00628802
3672,0.00628879
3673,0.0063
3674,0.0063
3675,0.00630294
3676,0.0062889
3677,0.00628802
3678,0.0063
3679,0.00630718
3680,0.00630718
3681,0.00630718
3682,0.00630718
3683,0.00632
3684,0.00632
3685,0.00632347
3686,0.00634357
3687,0.00633
3688,0.00632
3689,0.00632
3690,0.00634535
3691,0.006321
3692,0.006321
3693,0.0063211
3694,0.0063211
3695,0.0063499
3696,0.00634991
3697,0.00634999
3698,0.00636
3699,0.00634835
3700,0.00637947
3701,0.00637948
3702,0.00637947
3703,0.00637948
3704,0.00638069
3705,0.00638069
3706,0.00637948
3707,0.00638069
3708,0.00639998
3709,0.00639998
3710,0.00639998
3711,0.00639998
3712,0.00639998
3713,0.00639998
3714,0.00638074
3715,0.00639999
3716,0.00639999
3717,0.00639999
3718,0.0064
3719,0.006415
3720,0.00644849
3721,0.00642
3722,0.00646
3723,0.00646156
3724,0.006467
3725,0.006475
3726,0.00647789
3727,0.00648121
3728,0.00649778
3729,0.00649777
3730,0.00649778
3731,0.00649778
3732,0.00649778
3733,0.00649778
3734,0.0065
3735,0.0065
3736,0.00650098
3737,0.00650098
3738,0.00650098
3739,0.00650099
3740,0.00650103
3741,0.0065
3742,0.006498
3743,0.00649777
3744,0.00639998
3745,0.006397
3746,0.00638565
3747,0.00638565
3748,0.00640032
3749,0.00640034
3750,0.00649721
3751,0.00642509
3752,0.00640032
3753,0.00640034
3754,0.00640033
3755,0.00640032
3756,0.0064
3757,0.00638112
3758,0.00638112
3759,0.00648799
3760,0.00648794
3761,0.00640172
3762,0.00640172
3763,0.00640172
3764,0.00640172
3765,0.00647986
3766,0.00647984
3767,0.00644894
3768,0.00647978
3769,0.00648353
3770,0.006488
3771,0.00647368
3772,0.00647977
3773,0.00647978
3774,0.00647977
3775,0.00647978
3776,0.00647978
3777,0.00649764
3778,0.00649765
3779,0.00650663
3780,0.00651998
3781,0.00653321
3782,0.0065883
3783,0.00658829
3784,0.00655535
3785,0.00658831
3786,0.00659998
3787,0.00659998
3788,0.00663433
3789,0.00663781
3790,0.00666076
3791,0.00666076
3792,0.00666488
3793,0.00666665
3794,0.006695
3795,0.006723
3796,0.00672411
3797,0.00672411
3798,0.00672411
3799,0.0066431
3800,0.0066229
3801,0.00670232
3802,0.00668
3803,0.00670232
3804,0.0067191
3805,0.00671911
3806,0.00672458
3807,0.006728
3808,0.006728
3809,0.006728
3810,0.0067
3811,0.006728
3812,0.006728
3813,0.006728
3814,0.0067
3815,0.006728
3816,0.00668
3817,0.00667336
3818,0.00667336
3819,0.00669714
3820,0.006728
3821,0.0067
3822,0.006728
3823,0.00669714
3824,0.00672804
3825,0.00673853
3826,0.00673853
3827,0.00674
3828,0.00674
3829,0.00674685
3830,0.00674685
3831,0.00676045
3832,0.00674999
3833,0.00674999
3834,0.00674999
3835,0.00676077
3836,0.00677999
3837,0.00677999
3838,0.00678331
3839,0.00679501
3840,0.00679501
3841,0.00679501
3842,0.00679501
3843,0.00678
3844,0.00679533
3845,0.00678331
3846,0.00677999
3847,0.0068099
3848,0.00681008
3849,0.00681008
3850,0.00681008
3851,0.00678677
3852,0.00677
3853,0.00678676
3854,0.00677
3855,0.00677
3856,0.00677
3857,0.00676
3858,0.00677
3859,0.00678331
3860,0.00677
3861,0.00678331
3862,0.00677
3863,0.00675
3864,0.00675
3865,0.00674999
3866,0.00674999
3867,0.00674999
3868,0.00674905
3869,0.00673853
3870,0.00673853
3871,0.00673853
3872,0.00673853
3873,0.00672904
3874,0.00668336
3875,0.00663984
3876,0.00663464
3877,0.00662454
3878,0.00660656
3879,0.00650351
3880,0.00653369
3881,0.00653369
3882,0.00650264
3883,0.00652715
3884,0.00650853
3885,0.00650261
3886,0.00650619
3887,0.0064954
3888,0.00650617
3889,0.00650617
3890,0.00652715
3891,0.00650812
3892,0.00650812
3893,0.00649966
3894,0.00649542
3895,0.00649966
3896,0.00649966
3897,0.00650811
3898,0.00649966
3899,0.00648892
3900,0.00649239
3901,0.00643043
3902,0.00648217
3903,0.00649239
3904,0.00649239
3905,0.00648024
3906,0.006475
3907,0.00649239
3908,0.00649239
3909,0.006494
3910,0.00656008
3911,0.00656006
3912,0.00655999
3913,0.00655997
3914,0.00655994
3915,0.00659952
3916,0.006623
3917,0.00662298
3918,0.0066566
3919,0.00666838
3920,0.00666838
3921,0.00667632
3922,0.00669
3923,0.00669
3924,0.00669245
3925,0.00669343
3926,0.00669343
3927,0.00669245
3928,0.00669
3929,0.00669
3930,0.00666979
3931,0.00667632
3932,0.00667632
3933,0.00667632
3934,0.00667632
3935,0.00666838
3936,0.00666839
3937,0.00666839
3938,0.00666839
3939,0.00666838
3940,0.00666838
3941,0.00666836
3942,0.00666836
3943,0.00666238
3944,0.00666169
3945,0.00665363
3946,0.00665363
3947,0.00665363
3948,0.00665363
3949,0.00665363
3950,0.00665363
3951,0.00669298
3952,0.00669297
3953,0.00667632
3954,0.00669045
3955,0.00667952
3956,0.00669586
3957,0.00670027
3958,0.00670372
3959,0.00670953
3960,0.00670994
3961,0.00673405
3962,0.00673462
3963,0.00674249
3964,0.00674899
3965,0.00674249
3966,0.00674899
3967,0.0067425
3968,0.00674898
3969,0.00675
3970,0.00675
3971,0.00676353
3972,0.00675
3973,0.00674898
3974,0.00674898
3975,0.00674898
3976,0.00677
3977,0.00677
3978,0.00677
3979,0.00677
3980,0.00677
3981,0.00677
3982,0.00677
3983,0.00677
3984,0.00677
3985,0.00677
3986,0.00676667
3987,0.00676667
3988,0.00676667
3989,0.00676
3990,0.00675988
3991,0.00676
3992,0.00674635
3993,0.00676
3994,0.00676
3995,0.00676
3996,0.00676
3997,0.00675998
3998,0.00673588
3999,0.00673588
4000,0.0067262
4001,0.00673
4002,0.00673588
4003,0.00673588
4004,0.0067262
4005,0.00673588
4006,0.00673588
4007,0.00673588
4008,0.00673587
4009,0.00673587
4010,0.00673
4011,0.00673
4012,0.00673
4013,0.00673089
4014,0.00673089
4015,0.00673
4016,0.00673
4017,0.00673
4018,0.00673
4019,0.0067262
4020,0.0067262
4021,0.00671406
4022,0.00673587
4023,0.006699
4024,0.00670208
4025,0.00667
4026,0.00658592
4027,0.00660522
4028,0.00651028
4029,0.00651028
4030,0.00658586
4031,0.00658586
4032,0.00651702
4033,0.00651702
4034,0.0065
4035,0.0065
4036,0.00649992
4037,0.00649992
4038,0.00649988
4039,0.00649925
4040,0.00649925
4041,0.00649925
4042,0.006472
4043,0.00649275
4044,0.00645111
4045,0.0064934
4046,0.00643798
4047,0.00643798
4048,0.00643798
4049,0.0064934
4050,0.0064368
4051,0.0064368
4052,0.0064
4053,0.0064368
4054,0.00647027
4055,0.00647027
4056,0.00647026
4057,0.00647026
4058,0.00649925
4059,0.00649999
4060,0.00650003
4061,0.00658871
4062,0.00661693
4063,0.00661693
4064,0.00661693
4065,0.00661693
4066,0.00661694
4067,0.00661692
4068,0.00661694
4069,0.00661694
4070,0.00661694
4071,0.00661978
4072,0.00663396
4073,0.00664928
4074,0.00665592
4075,0.00666573
4076,0.00667371
4077,0.00667371
4078,0.00665906
4079,0.00667555
4080,0.00667555
4081,0.00660146
4082,0.0066014
4083,0.0066014
4084,0.00660143
4085,0.00666811
4086,0.00666811
4087,0.00659925
4088,0.00666811
4089,0.00666811
4090,0.00666811
4091,0.00667557
4092,0.00667558
4093,0.00667558
4094,0.00667558
4095,0.0066817
4096,0.00668363
4097,0.00668738
4098,0.0067
4099,0.0067
4100,0.00669997
4101,0.00659794
4102,0.00656605
4103,0.00663236
4104,0.00659795
4105,0.00659794
4106,0.00660341
4107,0.00650003
4108,0.00648875
4109,0.0065
4110,0.0065
4111,0.00647026
4112,0.00647026
4113,0.00646675
4114,0.00646203
4115,0.006449
4116,0.00644
4117,0.006445
4118,0.00644509
4119,0.00643683
4120,0.00644509
4121,0.00643683
4122,0.00643864
4123,0.0064
4124,0.0064
4125,0.0064
4126,0.0063961
4127,0.0063961
4128,0.0064
4129,0.0064
4130,0.0064
4131,0.00647925
4132,0.00647925
4133,0.00647926
4134,0.00643
4135,0.00648777
4136,0.0064878
4137,0.0064878
4138,0.0064878
4139,0.0064878
4140,0.00655411
4141,0.00655407
4142,0.0064891
4143,0.00657827
4144,0.00657827
4145,0.00649298
4146,0.00657353
4147,0.00657356
4148,0.0065736
4149,0.0065736
4150,0.0065736
4151,0.0065736
4152,0.00658413
4153,0.00658413
4154,0.00658413
4155,0.0066
4156,0.0066
4157,0.0066
4158,0.00660003
4159,0.00660006
4160,0.00660006
4161,0.00660009
4162,0.00662001
4163,0.0066
4164,0.00662311
4165,0.00661651
4166,0.0065722
4167,0.0065722
4168,0.0065722
4169,0.00655708
4170,0.00656
4171,0.00656
4172,0.00655456
4173,0.00655411
4174,0.00651517
4175,0.006508
4176,0.006508
4177,0.00655603
4178,0.00655707
4179,0.00657224
4180,0.00657234
4181,0.00657234
4182,0.00657234
4183,0.00665255
4184,0.0065571
4185,0.00660007
4186,0.00660007
4187,0.00663341
4188,0.00663341
4189,0.0066397
4190,0.0066397
4191,0.00667234
4192,0.00667234
4193,0.00667234
4194,0.00667234
4195,0.00663349
4196,0.0066723
4197,0.00667233
4198,0.00667236
4199,0.00669982
4200,0.00667661
4201,0.00667823
4202,0.00667823
4203,0.00669982
4204,0.00671972
4205,0.00671975
4206,0.00671979
4207,0.00671982
4208,0.00671986
4209,0.00671986
4210,0.00679567
4211,0.00679559
4212,0.0067961
4213,0.0067961
4214,0.0067898
4215,0.00678981
4216,0.00678981
4217,0.00678981
4218,0.0067898
4219,0.0067898
4220,0.00678981
4221,0.00674334
4222,0.00674334
4223,0.0067961
4224,0.00678979
4225,0.00678979
4226,0.0067961
4227,0.00678982
4228,0.00678979
4229,0.0067961
4230,0.00678979
4231,0.006795
4232,0.00678976
4233,0.00678973
4234,0.0067961
4235,0.0067961
4236,0.0067961
4237,0.0067961
4238,0.0067961
4239,0.00678978
4240,0.00678978
4241,0.00678978
4242,0.00668795
4243,0.0066937
4244,0.0067004
4245,0.0067071
4246,0.00673069
4247,0.0067
4248,0.0067
4249,0.0067
4250,0.0067
4251,0.00666652
4252,0.00666649
4253,0.00668316
4254,0.00667112
4255,0.00665449
4256,0.00668316
4257,0.0066545
4258,0.00668316
4259,0.00665455
4260,0.00665455
4261,0.00665455
4262,0.00665448
4263,0.00661804
4264,0.00661455
4265,0.0066
4266,0.00657486
4267,0.00653634
4268,0.00654046
4269,0.00653543
4270,0.00653541
4271,0.00654046
4272,0.00652111
4273,0.00652078
4274,0.0064962
4275,0.00645691
4276,0.00643469
4277,0.00642185
4278,0.00643473
4279,0.00642185
4280,0.0063958
4281,0.0064022
4282,0.00638299
4283,0.00637065
4284,0.00637065
4285,0.00636001
4286,0.00637065
4287,0.00636427
4288,0.00634176
4289,0.00638299
4290,0.00634176
4291,0.00636
4292,0.00634174
4293,0.00634174
4294,0.00634174
4295,0.00634174
4296,0.006355
4297,0.006355
4298,0.006355
4299,0.00634175
4300,0.00630734
4301,0.00630701
4302,0.00630701
4303,0.00634166
4304,0.00634166
4305,0.00632
4306,0.00632
4307,0.00632
4308,0.006307
4309,0.0063
4310,0.00629699
4311,0.00631064
4312,0.00633994
4313,0.00633994
4314,0.00633994
4315,0.00633994
4316,0.00633997
4317,0.00633997
4318,0.00634
4319,0.00634
4320,0.00630078
4321,0.0063007
4322,0.00633997
4323,0.0063007
4324,0.006297
4325,0.00633993
4326,0.00630073
4327,0.0063399
4328,0.0063399
4329,0.00634
4330,0.0063399
4331,0.00633989
4332,0.00633995
4333,0.0063399
4334,0.0063399
4335,0.0063399
4336,0.0063399
4337,0.0063399
4338,0.00627445
4339,0.00627445
4340,0.00627456
4341,0.00633996
4342,0.00633996
4343,0.00633996
4344,0.00626172
4345,0.00625271
4346,0.00625
4347,0.00622058
4348,0.00622058
4349,0.00622058
4350,0.00622065
4351,0.00622065
4352,0.00622057
4353,0.00622057
4354,0.00622057
4355,0.00622057
4356,0.00622072
4357,0.00622057
4358,0.00622057
4359,0.00622057
4360,0.00621735
4361,0.00621435
4362,0.0062111
4363,0.00621435
4364,0.006209
4365,0.00620279
4366,0.00620078
4367,0.00620018
4368,0.0062
4369,0.00619459
4370,0.00619459
4371,0.00619013
4372,0.00618375
4373,0.00619992
4374,0.00617775
4375,0.00617164
4376,0.00617082
4377,0.00617082
4378,0.00617775
4379,0.00617775
4380,0.00617082
4381,0.00617775
4382,0.00617775
4383,0.00617082
4384,0.00616699
4385,0.00616402
4386,0.00616402
4387,0.00616402
4388,0.00616699
4389,0.00616699
4390,0.00616535
4391,0.00616535
4392,0.00617082
4393,0.00619997
4394,0.00616891
4395,0.0062
4396,0.0062
4397,0.00617085
4398,0.0062
4399,0.0062
4400,0.0062
4401,0.0062
4402,0.0062
4403,0.0062
4404,0.0062
4405,0.00617085
4406,0.00615836
4407,0.00614406
4408,0.00614357
4409,0.0061168
4410,0.00612106
4411,0.00611681
4412,0.00609679
4413,0.00608484
4414,0.00604361
4415,0.00606056
4416,0.00604363
4417,0.00606056
4418,0.00604225
4419,0.00595679
4420,0.00595255
4421,0.00597131
4422,0.0059568
4423,0.00595256
4424,0.00595254
4425,0.00594141
4426,0.00595256
4427,0.00590789
4428,0.00590138
4429,0.00590137
4430,0.00589988
4431,0.00589687
4432,0.00593359
4433,0.0058692
4434,0.00583795
4435,0.00583795
4436,0.00583595
4437,0.00583595
4438,0.00583595
4439,0.00575
4440,0.00582928
4441,0.00575001
4442,0.00580751
4443,0.00575008
4444,0.00575002
4445,0.00575008
4446,0.00575008
4447,0.00575008
4448,0.00587931
4449,0.00587931
4450,0.0058792
4451,0.00576005
4452,0.00576428
4453,0.00582169
4454,0.00579339
4455,0.00587873
4456,0.00579348
4457,0.00579352
4458,0.00579352
4459,0.00579352
4460,0.00579348
4461,0.0057792
4462,0.0057935
4463,0.00577921
4464,0.00577921
4465,0.00579352
4466,0.00579352
4467,0.0057935
4468,0.00577921
4469,0.00578772
4470,0.00578772
4471,0.00577923
4472,0.00575424
4473,0.00577875
4474,0.00575
4475,0.00575001
4476,0.00574999
4477,0.00575001
4478,0.00575001
4479,0.0057788
4480,0.00577881
4481,0.0057788
4482,0.00574999
4483,0.00577872
4484,0.00575
4485,0.00575
4486,0.00575299
4487,0.00575002
4488,0.00577855
4489,0.00575874
4490,0.00575299
4491,0.00575002
4492,0.00574999
4493,0.00575001
4494,0.00574684
4495,0.00574733
4496,0.00571972
4497,0.00574109
4498,0.00570443
4499,0.00570197
4500,0.00575001
4501,0.00570187
4502,0.0057059
4503,0.00577451
4504,0.00579572
4505,0.00577451
4506,0.0057841
4507,0.00577452
4508,0.00570603
4509,0.00570184
4510,0.005706
4511,0.0057017
4512,0.0057017
4513,0.00567276
4514,0.00569491
4515,0.00567172
4516,0.00566502
4517,0.00556678
4518,0.00556679
4519,0.00559959
4520,0.0055996
4521,0.00569433
4522,0.00560002
4523,0.00559962
4524,0.0055
4525,0.00550001
4526,0.00544422
4527,0.00553768
4528,0.00545159
4529,0.00530209
4530,0.00530211
4531,0.00544196
4532,0.00544606
4533,0.00544597
4534,0.00544597
4535,0.00541992
4536,0.00541992
4537,0.00541989
4538,0.00540006
4539,0.00531801
4540,0.00540008
4541,0.00531804
4542,0.00531814
4543,0.00532342
4544,0.00539367
4545,0.00544622
4546,0.00539807
4547,0.00544622
4548,0.0055
4549,0.00545163
4550,0.00545166
4551,0.00545171
4552,0.0054905
4553,0.00550607
4554,0.00550609
4555,0.00553351
4556,0.0055378
4557,0.00551982
4558,0.00551981
4559,0.00548057
4560,0.00548057
4561,0.00547856
4562,0.00547856
4563,0.00551969
4564,0.00547856
4565,0.00547855
4566,0.00551967
4567,0.00551967
4568,0.00547868
4569,0.00547867
4570,0.00547865
4571,0.00551982
4572,0.00551982
4573,0.00551982
4574,0.00551982
4575,0.005542
4576,0.005542
4577,0.005542
4578,0.005542
4579,0.00549008
4580,0.00554198
4581,0.00550005
4582,0.00554195
4583,0.00554195
4584,0.00554198
4585,0.00552666
4586,0.00552666
4587,0.00554194
4588,0.00554193
4589,0.00554193
4590,0.00552669
4591,0.005542
4592,0.00557905
4593,0.00557904
4594,0.00557905
4595,0.0055791
4596,0.0055791
4597,0.00558464
4598,0.00559711
4599,0.00561501
4600,0.00561504
4601,0.00561507
4602,0.00566777
4603,0.00561503
4604,0.00560012
4605,0.00565807
4606,0.00560009
4607,0.00554701
4608,0.00551985
4609,0.00554703
4610,0.00556992
4611,0.00554204
4612,0.00551
4613,0.00551
4614,0.005475
4615,0.00547606
4616,0.00547503
4617,0.00547503
4618,0.00547503
4619,0.00540124
4620,0.00540124
4621,0.00546998
4622,0.00546998
4623,0.00546998
4624,0.00540577
4625,0.00540578
4626,0.00540578
4627,0.00547546
4628,0.00547554
4629,0.00547554
4630,0.00547545
4631,0.00547545
4632,0.00547546
4633,0.00547546
4634,0.005476
4635,0.005476
4636,0.00540577
4637,0.00540123
4638,0.00540577
4639,0.00540124
4640,0.00540123
4641,0.00532343
4642,0.00532344
4643,0.00532344
4644,0.0053235
4645,0.00532
4646,0.0053181
4647,0.0053
4648,0.00529656
4649,0.00529229
4650,0.00528713
4651,0.00528117
4652,0.00527914
4653,0.00524397
4654,0.00524397
4655,0.0052436
4656,0.00521509
4657,0.0052143
4658,0.00520882
4659,0.00520283
4660,0.00520279
4661,0.00515549
4662,0.00515549
4663,0.00515027
4664,0.00515027
4665,0.00515
4666,0.00515
4667,0.00513381
4668,0.00512911
4669,0.0051
4670,0.00504343
4671,0.00508783
4672,0.00506918
4673,0.00509997
4674,0.00512
4675,0.00506928
4676,0.00506928
4677,0.0051
4678,0.0051
4679,0.0050694
4680,0.00506944
4681,0.00506948
4682,0.00506956
4683,0.00511976
4684,0.00506968
4685,0.00511967
4686,0.00511975
4687,0.00508458
4688,0.00508458
4689,0.00506984
4690,0.005102
4691,0.005102
4692,0.00506989
4693,0.00507
4694,0.00507
4695,0.00507
4696,0.00506918
4697,0.00506989
4698,0.00506989
4699,0.00506989
4700,0.00506918
4701,0.00505646
4702,0.00508454
4703,0.00505676
4704,0.00508458
4705,0.00505679
4706,0.00504946
4707,0.00504949
4708,0.00504709
4709,0.0050471
4710,0.0050471
4711,0.0050471
4712,0.00504532
4713,0.00504
4714,0.00504532
4715,0.00504001
4716,0.00504532
4717,0.00504532
4718,0.00504532
4719,0.00504002
4720,0.00504002
4721,0.00504003
4722,0.0050471
4723,0.00504001
4724,0.00504
4725,0.00504001
4726,0.00504002
4727,0.00504002
4728,0.00504002
4729,0.00504002
4730,0.00504002
4731,0.00504002
4732,0.00504002
4733,0.00504002
4734,0.00503799
4735,0.005038
4736,0.00503801
4737,0.00503801
4738,0.00508382
4739,0.00503805
4740,0.00508382
4741,0.00503813
4742,0.00503813
4743,0.00503799
4744,0.00503799
4745,0.00500675
4746,0.00500677
4747,0.00500677
4748,0.004989
4749,0.004989
4750,0.00498661
4751,0.00498496
4752,0.00498496
4753,0.00494325
4754,0.00494328
4755,0.00494822
4756,0.0049399
4757,0.00492532
4758,0.00491475
4759,0.00490474
4760,0.00494573
4761,0.0049
4762,0.00494571
4763,0.00487601
4764,0.00494131
4765,0.004871
4766,0.00487101
4767,0.004871
4768,0.004871
4769,0.0048664
4770,0.0048664
4771,0.00486639
4772,0.00491968
4773,0.00491973
4774,0.00486002
4775,0.00486002
4776,0.00488432
4777,0.004885
4778,0.00493507
4779,0.00486001
4780,0.00489999
4781,0.00493473
4782,0.0049
4783,0.00493473
4784,0.00494821
4785,0.00494821
4786,0.0049539
4787,0.00500003
4788,0.00500003
4789,0.00500677
4790,0.00500003
4791,0.0050068
4792,0.0050071
4793,0.00504888
4794,0.0050071
4795,0.00500684
4796,0.00507081
4797,0.00500678
4798,0.0050071
4799,0.00500677
4800,0.00506581
4801,0.0050658
4802,0.0050658
4803,0.0050501
4804,0.00506585
4805,0.00506595
4806,0.0051295
4807,0.00506585
4808,0.00506585
4809,0.00505001
4810,0.00512915
4811,0.00506603
4812,0.00505001
4813,0.0050706
4814,0.00508635
4815,0.00507
4816,0.00506999
4817,0.00505008
4818,0.00505022
4819,0.00505022
4820,0.00505022
4821,0.00505029
4822,0.00510153
4823,0.0050958
4824,0.0050958
4825,0.00505038
4826,0.00505038
4827,0.00509554
4828,0.00507001
4829,0.00507001
4830,0.00507001
4831,0.00507
4832,0.00507
4833,0.00509583
4834,0.00505
4835,0.00505
4836,0.00505
4837,0.00512797
4838,0.00512772
4839,0.00512449
4840,0.00512973
4841,0.00512965
4842,0.00516
4843,0.00514616
4844,0.00514642
4845,0.00518155
4846,0.00518422
4847,0.00518807
4848,0.0051881
4849,0.0052213
4850,0.0052468
4851,0.00520486
4852,0.00524997
4853,0.00526998
4854,0.00526998
4855,0.00527
4856,0.00527394
4857,0.00529655
4858,0.00533011
4859,0.00533265
4860,0.00537001
4861,0.00539
4862,0.00539003
4863,0.00542589
4864,0.00547435
4865,0.00543004
4866,0.00544762
4867,0.00544762
4868,0.00553287
4869,0.00553287
4870,0.00553287
4871,0.00556602
4872,0.00558811
4873,0.00562072
4874,0.00560017
4875,0.00561863
4876,0.00562075
4877,0.00563021
4878,0.00563456
4879,0.005621
4880,0.00565616
4881,0.00566746
4882,0.00566271
4883,0.00565458
4884,0.00566272
4885,0.00566942
4886,0.00566271
4887,0.00558996
4888,0.00557017
4889,0.00558997
4890,0.00558996
4891,0.00558993
4892,0.00556248
4893,0.00556199
4894,0.00556196
4895,0.00553679
4896,0.00553404
4897,0.00550353
4898,0.00545028
4899,0.0054301
4900,0.00543017
4901,0.00543009
4902,0.00543008
4903,0.0054301
4904,0.00546118
4905,0.00546118
4906,0.00547
4907,0.00547
4908,0.00547
4909,0.00549477
4910,0.00556121
4911,0.00556121
4912,0.00556095
4913,0.00556105
4914,0.00559167
4915,0.00559167
4916,0.00562659
4917,0.00556117
4918,0.00562652
4919,0.00556126
4920,0.00556126
4921,0.00558126
4922,0.00562648
4923,0.00562651
4924,0.00562651
4925,0.00562664
4926,0.00563486
4927,0.00562851
4928,0.00562664
4929,0.00562665
4930,0.00562648
4931,0.0056265
4932,0.00559852
4933,0.00558126
4934,0.00558126
4935,0.00562653
4936,0.00562653
4937,0.00561081
4938,0.00562561
4939,0.00562558
4940,0.00561081
4941,0.00562
4942,0.00562
4943,0.00557601
4944,0.00565998
4945,0.00566
4946,0.00563457
4947,0.00563457
4948,0.00563458
4949,0.00568627
4950,0.00567
4951,0.00569072
4952,0.00569072
4953,0.00569072
4954,0.00569071
4955,0.00569448
4956,0.0057035
4957,0.0057035
4958,0.0057035
4959,0.00569448
4960,0.0057035
4961,0.0057
4962,0.00570815
4963,0.00570815
4964,0.00571348
4965,0.00572
4966,0.00575359
4967,0.00570922
4968,0.0057035
4969,0.0057035
4970,0.00575359
4971,0.00570432
4972,0.00570352
4973,0.00578468
4974,0.00578467
4975,0.00572999
4976,0.00569608
4977,0.00572999
4978,0.00572999
4979,0.00565449
4980,0.00569997
4981,0.00565449
4982,0.00562833
4983,0.005596
4984,0.00566787
4985,0.00562968
4986,0.00560162
4987,0.00560162
4988,0.00560161
4989,0.005596
4990,0.00555114
4991,0.00555114
4992,0.00554425
4993,0.00554425
4994,0.00551783
4995,0.00545641
4996,0.00545641
4997,0.00545647
4998,0.00545647
4999,0.00546079
5000,0.00546079
5001,0.00546082
5002,0.0054526
5003,0.0054526
5004,0.00545182
5005,0.00545184
5006,0.00545184
5007,0.00545019
5008,0.00543017
5009,0.0054259
5010,0.005445
5011,0.005445
5012,0.00542601
5013,0.00542593
5014,0.0054302
5015,0.0054302
5016,0.0054302
5017,0.00542593
5018,0.00542593
5019,0.00542593
5020,0.00544498
5021,0.00544498
5022,0.00544
5023,0.00545184
5024,0.00549016
5025,0.00549003
5026,0.00548991
5027,0.00548982
5028,0.0055
5029,0.0055
5030,0.00553831
5031,0.00550853
5032,0.00558636
5033,0.00559655
5034,0.00550867
5035,0.00550858
5036,0.0055087
5037,0.0055087
5038,0.00555281
5039,0.00550873
5040,0.00550873
5041,0.00550873
5042,0.00550873
5043,0.00550874
5044,0.00557926
5045,0.00557926
5046,0.00557926
5047,0.00550893
5048,0.00553941
5049,0.00553941
5050,0.00555289
5051,0.00557917
5052,0.00557926
5053,0.00558793
5054,0.00558793
5055,0.00559656
5056,0.0055966
5057,0.00560336
5058,0.0056247
5059,0.00563489
5060,0.00563489
5061,0.00566415
5062,0.00566415
5063,0.00566422
5064,0.00570511
5065,0.00570511
5066,0.00566422
5067,0.00570511
5068,0.00570505
5069,0.00570497
5070,0.0057019
5071,0.00564755
5072,0.00567058
5073,0.00564597
5074,0.00567049
5075,0.00567058
5076,0.00569899
5077,0.00570178
5078,0.00570178
5079,0.00575
5080,0.00575
5081,0.00575359
5082,0.00575
5083,0.00577015
5084,0.00577015
5085,0.00575359
5086,0.00577017
5087,0.00577015
5088,0.005782
5089,0.005785
5090,0.00578499
5091,0.005795
5092,0.0058
5093,0.00580891
5094,0.00582725
5095,0.00584544
5096,0.0058101
5097,0.00584544
5098,0.00584544
5099,0.00580891
5100,0.00578206
5101,0.00583435
5102,0.00583434
5103,0.00583431
5104,0.00583439
5105,0.00584116
5106,0.00584544
5107,0.00583439
5108,0.00587011
5109,0.00584124
5110,0.00587012
5111,0.00587011
5112,0.00587011
5113,0.00585
5114,0.00583245
5115,0.00579753
5116,0.00585
5117,0.00579756
5118,0.00579756
5119,0.00578282
5120,0.005782
5121,0.00578206
5122,0.00578206
5123,0.005782
5124,0.0057779
5125,0.00577017
5126,0.00583242
5127,0.0058296
5128,0.00582761
5129,0.0058276
5130,0.00578211
5131,0.00582756
5132,0.00578214
5133,0.00578214
5134,0.00578217
5135,0.00578217
5136,0.0058
5137,0.0057828
5138,0.00582699
5139,0.00578218
5140,0.00578217
5141,0.00578217
5142,0.00578218
5143,0.00578218
5144,0.00578217
5145,0.00579999
5146,0.00579999
5147,0.00579999
5148,0.0058
5149,0.00581997
5150,0.00581997
5151,0.00581995
5152,0.00581995
5153,0.00581995
5154,0.00581673
5155,0.00581455
5156,0.00581455
5157,0.00581455
5158,0.00581455
5159,0.0058184
5160,0.00581996
5161,0.00578551
5162,0.00581993
5163,0.00581993
5164,0.00578214
5165,0.00569827
5166,0.00581984
5167,0.00570258
5168,0.00570266
5169,0.00570266
5170,0.00570266
5171,0.00570266
5172,0.00577348
5173,0.00577348
5174,0.00579635
5175,0.00579635
5176,0.00581221
5177,0.0058122
5178,0.0058122
5179,0.0058122
5180,0.00579635
5181,0.00579635
5182,0.00579635
5183,0.00579635
5184,0.00580427
5185,0.00579635
5186,0.005812
5187,0.005812
5188,0.00579635
5189,0.00580427
5190,0.00578
5191,0.00578
5192,0.00578
5193,0.00578
5194,0.00578
5195,0.00580399
5196,0.00579
5197,0.00578
5198,0.00578
5199,0.00578
5200,0.00580399
5201,0.00579001
5202,0.00579001
5203,0.00578
5204,0.00577896
5205,0.00577999
5206,0.00577999
5207,0.00567063
5208,0.00565189
5209,0.00561532
5210,0.00560766
5211,0.00557648
5212,0.0056206
5213,0.00562057
5214,0.0055765
5215,0.00557649
5216,0.00557648
5217,0.00557648
5218,0.00557649
5219,0.00557648
5220,0.00557649
5221,0.00557403
5222,0.00557403
5223,0.00557403
5224,0.00557267
5225,0.00557268
5226,0.00557268
5227,0.00556843
5228,0.00557268
5229,0.00556454
5230,0.00556454
5231,0.00556454
5232,0.00556454
5233,0.00556454
5234,0.00556454
5235,0.00556454
5236,0.00556453
5237,0.00556454
5238,0.00556454
5239,0.00556454
5240,0.00556454
5241,0.00557268
5242,0.00557268
5243,0.00557268
5244,0.00557268
5245,0.00562019
5246,0.00562019
5247,0.00562019
5248,0.00562019
5249,0.00562022
5250,0.00567648
5251,0.00570609
5252,0.00570609
5253,0.00570608
5254,0.00570608
5255,0.00570605
5256,0.00570606
5257,0.00570606
5258,0.00570606
5259,0.00570609
5260,0.00570609
5261,0.00570606
5262,0.00570606
5263,0.00570679
5264,0.0058
5265,0.0058
5266,0.0058
5267,0.0057189
5268,0.00579998
5269,0.00579998
5270,0.00579998
5271,0.00579998
5272,0.00579989
5273,0.00579989
5274,0.00579989
5275,0.00579989
5276,0.00572129
5277,0.00577998
5278,0.00572138
5279,0.00573207
5280,0.00577995
5281,0.00573219
5282,0.00573219
5283,0.00576067
5284,0.00576067
5285,0.00576067
5286,0.00579
5287,0.00579
5288,0.00578002
5289,0.00578002
5290,0.00579
5291,0.00578002
5292,0.00578003
5293,0.00578004
5294,0.0058
5295,0.0058
5296,0.00578
5297,0.00578
5298,0.0058
5299,0.00580267
5300,0.00580268
5301,0.0058
5302,0.00580679
5303,0.00580678
5304,0.00580678
5305,0.00580678
5306,0.00578
5307,0.00578
5308,0.0058
5309,0.00578
5310,0.0057608
5311,0.0057479
5312,0.00573799
5313,0.00573799
5314,0.00571352
5315,0.00571346
5316,0.00565002
5317,0.00565
5318,0.00570493
5319,0.00570493
5320,0.00565638
5321,0.00565638
5322,0.00565641
5323,0.00565635
5324,0.00565635
5325,0.00565635
5326,0.00565635
5327,0.00565635
5328,0.00565635
5329,0.00565635
5330,0.00565635
5331,0.00565635
5332,0.00565636
5333,0.00565635
5334,0.00565637
5335,0.00565637
5336,0.00565636
5337,0.00567054
5338,0.00565635
5339,0.00558222
5340,0.0056018
5341,0.00560179
5342,0.00559749
5343,0.00551098
5344,0.0055232
5345,0.00551097
5346,0.00551097
5347,0.00551097
5348,0.00551098
5349,0.00550477
5350,0.00555152
5351,0.00555149
5352,0.00554724
5353,0.00551107
5354,0.00551107
5355,0.00551107
5356,0.00552
5357,0.00552
5358,0.00551111
5359,0.00558456
5360,0.00558458
5361,0.00558457
5362,0.00559733
5363,0.00559733
5364,0.00559733
5365,0.00559733
5366,0.00559731
5367,0.00555232
5368,0.00558438
5369,0.00558434
5370,0.00558434
5371,0.00556037
5372,0.00555237
5373,0.00558438
5374,0.0055103
5375,0.00555235
5376,0.00551041
5377,0.00555
5378,0.00555
5379,0.00551055
5380,0.00552024
5381,0.00555235
5382,0.00555243
5383,0.00559731
5384,0.00559746
5385,0.00563473
5386,0.00567402
5387,0.00567402
5388,0.00568174
5389,0.00568175
5390,0.00568175
5391,0.00568437
5392,0.00568474
5393,0.00569601
5394,0.00569601
5395,0.00569601
5396,0.00569603
5397,0.00571429
5398,0.00572301
5399,0.00572301
5400,0.00572293
5401,0.0057436
5402,0.005744
5403,0.00575633
5404,0.00575293
5405,0.00575633
5406,0.00575633
5407,0.00572302
5408,0.00572305
5409,0.00572305
5410,0.00575627
5411,0.00575633
5412,0.00575658
5413,0.00575658
5414,0.00575658
5415,0.00575658
5416,0.00575658
5417,0.00575658
5418,0.00575658
5419,0.00575658
5420,0.00575658
5421,0.00575658
5422,0.00575656
5423,0.00575657
5424,0.00575658
5425,0.00575658
5426,0.00575658
5427,0.0057566
5428,0.0057566
5429,0.00575913
5430,0.00575913
5431,0.00576955
5432,0.00575913
5433,0.00575913
5434,0.00575913
5435,0.00575914
5436,0.00575915
5437,0.00576956
5438,0.00576956
5439,0.00576957
5440,0.00590523
5441,0.00587147
5442,0.00581572
5443,0.00581576
5444,0.00583467
5445,0.00584
5446,0.00584003
5447,0.00584002
5448,0.00584003
5449,0.00584006
5450,0.00587998
5451,0.00581089
5452,0.00581093
5453,0.00587998
5454,0.00588
5455,0.00588
5456,0.00588292
5457,0.00588
5458,0.00588
5459,0.00592473
5460,0.0059891
5461,0.006
5462,0.00610753
5463,0.00610753
5464,0.0061525
5465,0.0061525
5466,0.00627999
5467,0.0061568
5468,0.0061525
5469,0.00610855
5470,0.00608289
5471,0.00605941
5472,0.00604427
5473,0.00603116
5474,0.00603821
5475,0.00603011
5476,0.00602632
5477,0.00603115
5478,0.00603115
5479,0.00609898
5480,0.00603124
5481,0.00609888
5482,0.0060526
5483,0.0060526
5484,0.0060526
5485,0.00609891
5486,0.00609888
5487,0.00609888
5488,0.00611423
5489,0.00614993
5490,0.00614988
5491,0.00614988
5492,0.00614987
5493,0.00614987
5494,0.00614919
5495,0.00612811
5496,0.00615218
5497,0.00615218
5498,0.00615217
5499,0.00613306
5500,0.00615216
5501,0.00613
5502,0.00613306
5503,0.00613306
5504,0.0062
5505,0.00615249
5506,0.00615248
5507,0.00615251
5508,0.0062038
5509,0.00615
5510,0.00617971
5511,0.00615007
5512,0.00622007
5513,0.00622007
5514,0.006189
5515,0.00615787
5516,0.00615007
5517,0.00615007
5518,0.00615786
5519,0.00614988
5520,0.00614988
5521,0.00614997
5522,0.00614997
5523,0.00614997
5524,0.00614578
5525,0.00614578
5526,0.00614572
5527,0.00614577
5528,0.00614572
5529,0.00614373
5530,0.00614373
5531,0.006115
5532,0.006115
5533,0.006115
5534,0.00606635
5535,0.00606635
5536,0.00604728
5537,0.00602
5538,0.00602
5539,0.006
5540,0.00601664
5541,0.00601661
5542,0.00601999
5543,0.00601063
5544,0.00601063
5545,0.00601061
5546,0.00601997
5547,0.00600061
5548,0.00600061
5549,0.00601997
5550,0.006018
5551,0.00602492
5552,0.00602493
5553,0.00600061
5554,0.00600063
5555,0.006
5556,0.00599999
5557,0.00591301
5558,0.00591301
5559,0.005905
5560,0.00591305
5561,0.0059267
5562,0.00599997
5563,0.00599984
5564,0.00601395
5565,0.00601392
5566,0.00601389
5567,0.00601393
5568,0.00601529
5569,0.00601532
5570,0.00603007
5571,0.00603007
5572,0.00603007
5573,0.00603007
5574,0.00603007
5575,0.00604618
5576,0.00604617
5577,0.00604617
5578,0.00604617
5579,0.006045
5580,0.006045
5581,0.006045
5582,0.00604499
5583,0.00604499
5584,0.00604
5585,0.006045
5586,0.00604618
5587,0.0060609
5588,0.0060609
5589,0.0060609
5590,0.00604503
5591,0.00606091
5592,0.00606151
5593,0.00606842
5594,0.00606842
5595,0.0060615
5596,0.00606842
5597,0.00606926
5598,0.0060698
5599,0.0060698
5600,0.00606981
5601,0.00606981
5602,0.00610686
5603,0.00610487
5604,0.00610487
5605,0.00612
5606,0.00612968
5607,0.00612968
5608,0.00612968
5609,0.006289
5610,0.00624975
5611,0.00624975
5612,0.00614885
5613,0.0063
5614,0.00615273
5615,0.00621271
5616,0.00621276
5617,0.00621328
5618,0.00627879
5619,0.00627879
5620,0.00622
5621,0.00627874
5622,0.00627874
5623,0.00623013
5624,0.00623103
5625,0.00624003
5626,0.00624
5627,0.00623005
5628,0.00623
5629,0.00623
5630,0.00623074
5631,0.00623
5632,0.00622
5633,0.00622
5634,0.00622991
5635,0.00621998
5636,0.00621209
5637,0.00621209
5638,0.0062
5639,0.0062
5640,0.00619766
5641,0.00619766
5642,0.00619766
5643,0.00618527
5644,0.00618527
5645,0.00619765
5646,0.00619769
5647,0.00619769
5648,0.00619883
5649,0.00618527
5650,0.00618531
5651,0.00618535
5652,0.0061809
5653,0.0061809
5654,0.00616844
5655,0.00616047
5656,0.00618
5657,0.00617416
5658,0.00616047
5659,0.00614783
5660,0.00612968
5661,0.00612304
5662,0.00610544
5663,0.00609742
5664,0.00609389
5665,0.00609742
5666,0.00609742
5667,0.00608966
5668,0.0061
5669,0.00610001
5670,0.0061
5671,0.00613651
5672,0.00615
5673,0.00615
5674,0.00613
5675,0.00611525
5676,0.00611525
5677,0.006093
5678,0.006093
5679,0.00611988
5680,0.00611988
5681,0.00611988
5682,0.00609467
5683,0.00611525
5684,0.0061209
5685,0.0061209
5686,0.0061209
5687,0.0061209
5688,0.00612351
5689,0.00612351
5690,0.0061235
5691,0.0061235
5692,0.00608966
5693,0.00612351
5694,0.0061235
5695,0.00612348
5696,0.0061235
5697,0.0061235
5698,0.00612351
5699,0.006125
5700,0.00616844
5701,0.00618534
5702,0.00618534
5703,0.006228
5704,0.00624351
5705,0.00624814
5706,0.0063
5707,0.0063458
5708,0.00631407
5709,0.00627912
5710,0.00634449
5711,0.00627986
5712,0.00629931
5713,0.00634438
5714,0.00634438
5715,0.00633629
5716,0.00631728
5717,0.00631728
5718,0.00634265
5719,0.00634265
5720,0.00634265
5721,0.00634266
5722,0.00634437
5723,0.0063458
5724,0.0063458
5725,0.0063458
5726,0.0063475
5727,0.00634749
5728,0.00634749
5729,0.00635489
5730,0.006375
5731,0.00638966
5732,0.00637083
5733,0.006394
5734,0.00637083
5735,0.0064
5736,0.0064
5737,0.00638682
5738,0.00637083
5739,0.00639999
5740,0.00639999
5741,0.00640184
5742,0.00641
5743,0.00642094
5744,0.00642094
5745,0.00642094
5746,0.00642806
5747,0.00642
5748,0.00642
5749,0.00642
5750,0.00642
5751,0.00642
5752,0.00643951
5753,0.00643951
5754,0.00648
5755,0.00648
5756,0.00648
5757,0.00648
5758,0.00643951
5759,0.00648
5760,0.00644003
5761,0.00644008
5762,0.00647996
5763,0.00645645
5764,0.00645645
5765,0.00642001
5766,0.0064
5767,0.00642001
5768,0.0064
5769,0.0064202
5770,0.00628374
5771,0.00627948
5772,0.0063
5773,0.0063
5774,0.00627873
5775,0.00628
5776,0.0062488
5777,0.00624879
5778,0.00624879
5779,0.0062485
5780,0.00624815
5781,0.00624688
5782,0.00624688
5783,0.00625404
5784,0.006245
5785,0.006245
5786,0.00643951
5787,0.00643954
5788,0.00643954
5789,0.00643
5790,0.00642019
5791,0.00642019
5792,0.00642019
5793,0.00642019
5794,0.00641714
5795,0.00642016
5796,0.00642019
5797,0.00641016
5798,0.00641016
5799,0.00641016
5800,0.00641016
5801,0.00629602
5802,0.00629602
5803,0.00632819
5804,0.00637283
5805,0.00632818
5806,0.00628196
5807,0.00637278
5808,0.00636853
5809,0.00635221
5810,0.00632811
5811,0.00632811
5812,0.00630104
5813,0.00630104
5814,0.00630104
5815,0.00630104
5816,0.00630104
5817,0.00632815
5818,0.00632812
5819,0.00632812
5820,0.00632812
5821,0.00632815
5822,0.00632815
5823,0.00632815
5824,0.00632815
5825,0.00632815
5826,0.00632815
5827,0.00632815
5828,0.00632815
5829,0.00632818
5830,0.00632818
5831,0.0063893
5832,0.0063893
5833,0.00638922
5834,0.00638925
5835,0.00638925
5836,0.0063893
5837,0.00638983
5838,0.00638984
5839,0.0064
5840,0.0064
5841,0.00641673
5842,0.006417
5843,0.00640315
5844,0.00640507
5845,0.0064262
5846,0.00642916
5847,0.00642916
5848,0.00642916
5849,0.00642916
5850,0.00642916
5851,0.00642403
5852,0.00642406
5853,0.00643743
5854,0.00644698
5855,0.00645172
5856,0.00647093
5857,0.00647093
5858,0.00645172
5859,0.00648005
5860,0.00648067
5861,0.00649015
5862,0.00649749
5863,0.00649749
5864,0.00649749
5865,0.006495
5866,0.00649501
5867,0.006495
5868,0.0065
5869,0.00650365
5870,0.0065
5871,0.006512
5872,0.0065
5873,0.00649507
5874,0.006495
5875,0.00649998
5876,0.006495
5877,0.00649015
5878,0.00649015
5879,0.00648067
5880,0.00648005
5881,0.00646255
5882,0.00644698
5883,0.00644
5884,0.00644
5885,0.00644001
5886,0.00644001
5887,0.00646131
5888,0.00647549
5889,0.00644
5890,0.00644001
5891,0.00644
5892,0.00643822
5893,0.00643005
5894,0.00643005
5895,0.006435
5896,0.006417
5897,0.00643819
5898,0.00641227
5899,0.00641227
5900,0.00641227
5901,0.00641227
5902,0.00639566
5903,0.00639327
5904,0.00635
5905,0.00639247
5906,0.00639247
5907,0.00635001
5908,0.00635001
5909,0.00635247
5910,0.006351
5911,0.006351
5912,0.0063
5913,0.0063924
5914,0.0063924
5915,0.0063924
5916,0.00635201
5917,0.00635247
5918,0.006351
5919,0.006351
5920,0.006351
5921,0.006351
5922,0.00633513
5923,0.00629101
5924,0.00629101
5925,0.00629101
5926,0.00629101
5927,0.00629101
5928,0.00628758
5929,0.00628
5930,0.00628
5931,0.00628757
5932,0.00628757
5933,0.00628757
5934,0.00628757
5935,0.00628128
5936,0.00628128
5937,0.00628699
5938,0.00625
5939,0.00624508
5940,0.00624507
5941,0.00624316
5942,0.00624504
5943,0.00619542
5944,0.00620376
5945,0.00619755
5946,0.00619542
5947,0.00617672
5948,0.00616654
5949,0.00616246
5950,0.00613881
5951,0.00613713
5952,0.006139
5953,0.006139
5954,0.006139
5955,0.0061639
5956,0.0061639
5957,0.006172
5958,0.00616389
5959,0.00616654
5960,0.00617997
5961,0.00617997
5962,0.00614999
5963,0.00614
5964,0.00615
5965,0.00614999
5966,0.00614999
5967,0.00619192
5968,0.00615002
5969,0.00614999
5970,0.00614999
5971,0.00618
5972,0.00614999
5973,0.00618
5974,0.00615001
5975,0.00615001
5976,0.00616001
5977,0.00615
5978,0.00613961
5979,0.00612954
5980,0.0061235
5981,0.0061235
5982,0.00610083
5983,0.00606842
5984,0.00606512
5985,0.00605775
5986,0.00605622
5987,0.00603007
5988,0.00601986
5989,0.00601658
5990,0.00601657
5991,0.00600484
5992,0.00599839
5993,0.00597603
5994,0.00596806
5995,0.00595005
5996,0.00594
5997,0.00593333
5998,0.00594
5999,0.00594
6000,0.00598367
6001,0.00592702
6002,0.00592702
6003,0.005905
6004,0.00592131
6005,0.00592702
6006,0.0058
6007,0.00592698
6008,0.00580431
6009,0.00589997
6010,0.00583911
6011,0.00583917
6012,0.00583925
6013,0.0058871
6014,0.00589558
6015,0.00584067
6016,0.00584067
6017,0.00584924
6018,0.00588965
6019,0.00588965
6020,0.00588965
6021,0.00588376
6022,0.00588376
6023,0.00584947
6024,0.00588968
6025,0.00588382
6026,0.00588386
6027,0.00588968
6028,0.00588968
6029,0.00593544
6030,0.00593549
6031,0.00593549
6032,0.00589023
6033,0.00596032
6034,0.00589022
6035,0.00595435
6036,0.006038
6037,0.006038
6038,0.00603797
6039,0.00602943
6040,0.00592993
6041,0.00601661
6042,0.00601661
6043,0.00596027
6044,0.00596026
6045,0.00593007
6046,0.00595589
6047,0.00596027
6048,0.00596027
6049,0.00596023
6050,0.00596023
6051,0.00604229
6052,0.00604226
6053,0.00602223
6054,0.00602222
6055,0.00602222
6056,0.0060162
6057,0.00597
6058,0.00596403
6059,0.00597
6060,0.00602215
6061,0.00602215
6062,0.00597007
6063,0.00602211
6064,0.00602211
6065,0.00604229
6066,0.00604229
6067,0.00602214
6068,0.0060579
6069,0.00597
6070,0.00602214
6071,0.00601611
6072,0.00602193
6073,0.00599202
6074,0.00596041
6075,0.00596403
6076,0.00596
6077,0.00596
6078,0.00595444
6079,0.00595167
6080,0.00595167
6081,0.00596577
6082,0.00596031
6083,0.00596031
6084,0.00596576
6085,0.00596027
6086,0.0059658
6087,0.00596036
6088,0.00599997
6089,0.00596039
6090,0.0059604
6091,0.00596037
6092,0.005999
6093,0.00596037
6094,0.00599996
6095,0.00599996
6096,0.00599996
6097,0.00599997
6098,0.00599998
6099,0.00600001
6100,0.00601611
6101,0.0060161
6102,0.00599997
6103,0.00599997
6104,0.00599993
6105,0.00606851
6106,0.00600001
6107,0.00600003
6108,0.00601608
6109,0.00600001
6110,0.00600001
6111,0.00600001
6112,0.00600001
6113,0.00600001
6114,0.00600001
6115,0.00600001
6116,0.00602337
6117,0.00602337
6118,0.00602337
6119,0.00602337
6120,0.00600514
6121,0.00600517
6122,0.00602336
6123,0.00602336
6124,0.00602336
6125,0.00602336
6126,0.00602336
6127,0.00602336
6128,0.00601736
6129,0.00602336
6130,0.00602336
6131,0.00602336
6132,0.00599996
6133,0.00599993
6134,0.00600001
6135,0.00602333
6136,0.00602334
6137,0.00602336
6138,0.00600004
6139,0.00600004
6140,0.00605958
6141,0.00600349
6142,0.00605951
6143,0.00605949
6144,0.00605948
6145,0.0060045
6146,0.00600454
6147,0.00602875
6148,0.00602875
6149,0.00605997
6150,0.00605998
6151,0.00605998
6152,0.00605998
6153,0.00605998
6154,0.00606001
6155,0.00606851
6156,0.00606851
6157,0.00606851
6158,0.00606851
6159,0.00606851
6160,0.00606851
6161,0.006076
6162,0.00606851
6163,0.006076
6164,0.006076
6165,0.006077
6166,0.00608005
6167,0.00608005
6168,0.0060849
6169,0.0060849
6170,0.00608887
6171,0.00608887
6172,0.00608887
6173,0.00609276
6174,0.00609276
6175,0.0061
6176,0.0061
6177,0.00611103
6178,0.00611145
6179,0.006114
6180,0.00611103
6181,0.0061176
6182,0.0061176
6183,0.0061176
6184,0.0061176
6185,0.00611761
6186,0.00611761
6187,0.00611761
6188,0.00611761
6189,0.00611761
6190,0.00612086
6191,0.00614685
6192,0.00614687
6193,0.0061469
6194,0.0061469
6195,0.00614712
6196,0.0061469
6197,0.00614712
6198,0.00616001
6199,0.00616212
6200,0.00616599
6201,0.00616001
6202,0.00616004
6203,0.00617076
6204,0.00619022
6205,0.00616007
6206,0.0061601
6207,0.00619307
6208,0.00621993
6209,0.00621993
6210,0.00617386
6211,0.00617386
6212,0.00621993
6213,0.00621
6214,0.00621993
6215,0.00617413
6216,0.00617413
6217,0.00617413
6218,0.00617411
6219,0.0061741
6220,0.0061741
6221,0.00616007
6222,0.00617386
6223,0.00611868
6224,0.00615557
6225,0.00615554
6226,0.00615551
6227,0.00615561
6228,0.00615561
6229,0.00615561
6230,0.00615561
6231,0.00615561
6232,0.00617386
6233,0.00617386
6234,0.00615561
6235,0.006177
6236,0.00619855
6237,0.00621985
6238,0.00622363
6239,0.00622363
6240,0.00624368
6241,0.00624367
6242,0.00624368
6243,0.0062437
6244,0.00629097
6245,0.00629094
6246,0.00629096
6247,0.00629097
6248,0.006291
6249,0.0063
6250,0.00630623
6251,0.00630623
6252,0.00630623
6253,0.00630623
6254,0.00630716
6255,0.00630722
6256,0.00637398
6257,0.00637397
6258,0.00637397
6259,0.00637395
6260,0.00630817
6261,0.00630891
6262,0.00630895
6263,0.00630897
6264,0.00630891
6265,0.00630899
6266,0.00630899
6267,0.006309
6268,0.006309
6269,0.00632714
6270,0.00632714
6271,0.00632714
6272,0.00632714
6273,0.00632714
