0,9.119e-05
1,9.119e-05
2,9.119e-05
3,9.119e-05
4,9.119e-05
5,9.119e-05
6,9.119e-05
7,9.119e-05
8,9.119e-05
9,9.063e-05
10,9.063e-05
11,9.063e-05
12,9.063e-05
13,9.063e-05
14,9.063e-05
15,9.063e-05
16,9.063e-05
17,9.063e-05
18,9.063e-05
19,9.12e-05
20,9.12e-05
21,9.12e-05
22,9.12e-05
23,9.12e-05
24,9.12e-05
25,9.12e-05
26,9.12e-05
27,9.12e-05
28,9.12e-05
29,9.12e-05
30,9.12e-05
31,9.12e-05
32,9.12e-05
33,9.12e-05
34,9.12e-05
35,9.12e-05
36,9.12e-05
37,9.063e-05
38,9.063e-05
39,9.063e-05
40,9.063e-05
41,9.063e-05
42,9.063e-05
43,9.063e-05
44,9.063e-05
45,9.063e-05
46,9.063e-05
47,9.063e-05
48,9.063e-05
49,9.063e-05
50,9.063e-05
51,9.063e-05
52,9.063e-05
53,9.063e-05
54,9.063e-05
55,9.063e-05
56,9.063e-05
57,9.063e-05
58,9.063e-05
59,9.063e-05
60,9.063e-05
61,9.063e-05
62,9.063e-05
63,9.063e-05
64,9.063e-05
65,9.063e-05
66,9.063e-05
67,9.063e-05
68,9.063e-05
69,9.063e-05
70,9.063e-05
71,9.063e-05
72,9.063e-05
73,9.063e-05
74,9.063e-05
75,9.063e-05
76,9.063e-05
77,9.063e-05
78,9.063e-05
79,9.063e-05
80,9.063e-05
81,9.063e-05
82,9.063e-05
83,9.063e-05
84,9.063e-05
85,9.063e-05
86,9.12e-05
87,9.12e-05
88,9.12e-05
89,9.12e-05
90,9.12e-05
91,9.12e-05
92,9.12e-05
93,9.12e-05
94,9.12e-05
95,9.12e-05
96,9.12e-05
97,9.12e-05
98,9.12e-05
99,9.12e-05
100,9.12e-05
101,9.12e-05
102,9.12e-05
103,9.12e-05
104,9.12e-05
105,9.12e-05
106,9.12e-05
107,9.12e-05
108,9.12e-05
109,9.12e-05
110,9.12e-05
111,9.12e-05
112,9.12e-05
113,9.12e-05
114,9.12e-05
115,9.063e-05
116,9.063e-05
117,9.063e-05
118,9.063e-05
119,9.063e-05
120,9.063e-05
121,9.063e-05
122,9.063e-05
123,9.063e-05
124,9.063e-05
125,9.063e-05
126,9.063e-05
127,9.063e-05
128,9.063e-05
129,9.063e-05
130,9.118e-05
131,9.118e-05
132,9.118e-05
133,9.118e-05
134,9.118e-05
135,9.118e-05
136,9.118e-05
137,9.118e-05
138,9.118e-05
139,9.118e-05
140,9.118e-05
141,9.118e-05
142,9.118e-05
143,9.118e-05
144,9.118e-05
145,9.118e-05
146,9.118e-05
147,9.118e-05
148,9.118e-05
149,9.118e-05
150,9.118e-05
151,9.118e-05
152,9.118e-05
153,9.118e-05
154,9.118e-05
155,9.118e-05
156,9.118e-05
157,9.118e-05
158,9.063e-05
159,9.063e-05
160,9.063e-05
161,9.063e-05
162,9.063e-05
163,9.063e-05
164,9.063e-05
165,9.063e-05
166,9.063e-05
167,9.063e-05
168,9.063e-05
169,9.063e-05
170,9.063e-05
171,9.063e-05
172,9.063e-05
173,9.063e-05
174,9.063e-05
175,9.063e-05
176,9.063e-05
177,9.063e-05
178,9.063e-05
179,9.063e-05
180,9.063e-05
181,9.063e-05
182,9.063e-05
183,9.063e-05
184,9.063e-05
185,9.063e-05
186,9.063e-05
187,9.063e-05
188,9.063e-05
189,9.063e-05
190,9.063e-05
191,9.063e-05
192,9.063e-05
193,9.063e-05
194,9.063e-05
195,9.063e-05
196,9.063e-05
197,9.063e-05
198,9.063e-05
199,9.063e-05
200,9.063e-05
201,9.063e-05
202,9.063e-05
203,9.063e-05
204,9.063e-05
205,9.063e-05
206,9.063e-05
207,9.063e-05
208,9.063e-05
209,9.063e-05
210,9.063e-05
211,9.063e-05
212,9.063e-05
213,9.063e-05
214,9.063e-05
215,9.063e-05
216,9.063e-05
217,9.063e-05
218,9.063e-05
219,9.063e-05
220,9.063e-05
221,9.063e-05
222,9.063e-05
223,9.063e-05
224,9.063e-05
225,9.063e-05
226,9.063e-05
227,9.063e-05
228,9.063e-05
229,9.063e-05
230,9.063e-05
231,9.063e-05
232,9.063e-05
233,9.063e-05
234,9.063e-05
235,9.063e-05
236,9.063e-05
237,9.063e-05
238,9.063e-05
239,9.063e-05
240,9.063e-05
241,9.063e-05
242,9.113e-05
243,9.113e-05
244,9.113e-05
245,9.113e-05
246,9.113e-05
247,9.113e-05
248,9.113e-05
249,9.113e-05
250,9.113e-05
251,9.113e-05
252,9.113e-05
253,9.113e-05
254,9.099e-05
255,9.099e-05
256,9.081e-05
257,9.081e-05
258,9.081e-05
259,9.08e-05
260,9.079e-05
261,9.079e-05
262,9.079e-05
263,9.075e-05
264,9.074e-05
265,9.074e-05
266,9.074e-05
267,9.074e-05
268,9.074e-05
269,9.063e-05
270,9.063e-05
271,9.063e-05
272,9.063e-05
273,9.063e-05
274,9.063e-05
275,9.063e-05
276,9.063e-05
277,9.074e-05
278,9.074e-05
279,9.074e-05
280,9.074e-05
281,9.075e-05
282,9.075e-05
283,9.075e-05
284,9.075e-05
285,9.075e-05
286,9.075e-05
287,9.075e-05
288,9.075e-05
289,9.075e-05
290,9.075e-05
291,9.075e-05
292,9.075e-05
293,9.075e-05
294,9.075e-05
295,9.075e-05
296,9.075e-05
297,9.075e-05
298,9.075e-05
299,9.075e-05
300,9.075e-05
301,9.075e-05
302,9.075e-05
303,9.075e-05
304,9.075e-05
305,9.075e-05
306,9.075e-05
307,9.075e-05
308,9.075e-05
309,9.075e-05
310,9.075e-05
311,9.075e-05
312,9.075e-05
313,9.075e-05
314,9.086e-05
315,9.086e-05
316,9.086e-05
317,9.077e-05
318,9.077e-05
319,9.077e-05
320,9.077e-05
321,9.076e-05
322,9.074e-05
323,9.074e-05
324,9.074e-05
325,9.074e-05
326,9.074e-05
327,9.074e-05
328,9.074e-05
329,9.074e-05
330,9.074e-05
331,9.074e-05
332,9.074e-05
333,9.074e-05
334,9.074e-05
335,9.074e-05
336,9.074e-05
337,9.074e-05
338,9.074e-05
339,9.074e-05
340,9.074e-05
341,9.074e-05
342,9.074e-05
343,9.074e-05
344,9.074e-05
345,9.074e-05
346,9.074e-05
347,9.074e-05
348,9.074e-05
349,9.074e-05
350,9.074e-05
351,9.074e-05
352,9.074e-05
353,9.074e-05
354,9.074e-05
355,9.074e-05
356,9.074e-05
357,9.074e-05
358,9.074e-05
359,9.074e-05
360,9.074e-05
361,9.074e-05
362,9.074e-05
363,9.074e-05
364,9.074e-05
365,9.074e-05
366,9.074e-05
367,9.074e-05
368,9.074e-05
369,9.074e-05
370,9.074e-05
371,9.074e-05
372,9.074e-05
373,9.074e-05
374,9.074e-05
375,9.074e-05
376,9.074e-05
377,9.074e-05
378,9.074e-05
379,9.074e-05
380,9.074e-05
381,9.074e-05
382,9.074e-05
383,9.074e-05
384,9.074e-05
385,9.074e-05
386,9.074e-05
387,9.074e-05
388,9.074e-05
389,9.074e-05
390,9.074e-05
391,9.074e-05
392,9.074e-05
393,9.074e-05
394,9.074e-05
395,9.074e-05
396,9.074e-05
397,9.074e-05
398,9.074e-05
399,9.074e-05
400,9.074e-05
401,9.074e-05
402,9.074e-05
403,9.074e-05
404,9.074e-05
405,9.074e-05
406,9.074e-05
407,9.074e-05
408,9.074e-05
409,9.074e-05
410,9.074e-05
411,9.074e-05
412,9.074e-05
413,9.074e-05
414,9.074e-05
415,9.1e-05
416,9.1e-05
417,9.1e-05
418,9.1e-05
419,9.1e-05
420,9.1e-05
421,9.1e-05
422,9.1e-05
423,9.1e-05
424,9.118e-05
425,9.118e-05
426,9.118e-05
427,9.118e-05
428,9.118e-05
429,9.118e-05
430,9.118e-05
431,9.118e-05
432,9.11e-05
433,9.11e-05
434,9.11e-05
435,9.11e-05
436,9.11e-05
437,9.11e-05
438,9.11e-05
439,9.11e-05
440,9.11e-05
441,9.11e-05
442,9.11e-05
443,9.11e-05
444,9.11e-05
445,9.11e-05
446,9.11e-05
447,9.11e-05
448,9.11e-05
449,9.1e-05
450,9.1e-05
451,9.1e-05
452,9.1e-05
453,9.1e-05
454,9.1e-05
455,9.1e-05
456,9.1e-05
457,9.1e-05
458,9.1e-05
459,9.1e-05
460,9.1e-05
461,9.1e-05
462,9.1e-05
463,9.1e-05
464,9.1e-05
465,9.1e-05
466,9.1e-05
467,9.1e-05
468,9.1e-05
469,9.1e-05
470,9.1e-05
471,9.1e-05
472,9.1e-05
473,9.1e-05
474,9.1e-05
475,9.1e-05
476,9.074e-05
477,9.074e-05
478,9.074e-05
479,9.074e-05
480,9.074e-05
481,9.074e-05
482,9.074e-05
483,9.074e-05
484,9.074e-05
485,9.074e-05
486,9.074e-05
487,9.074e-05
488,9.074e-05
489,9.074e-05
490,9.074e-05
491,9.074e-05
492,9.074e-05
493,9.074e-05
494,9.074e-05
495,9.074e-05
496,9.074e-05
497,9.074e-05
498,9.074e-05
499,9.074e-05
500,9.074e-05
501,9.074e-05
502,9.074e-05
503,9.074e-05
504,9.074e-05
505,9.074e-05
506,9.074e-05
507,9.074e-05
508,9.074e-05
509,9.074e-05
510,9.074e-05
511,9.074e-05
512,9.074e-05
513,9.074e-05
514,9.074e-05
515,9.074e-05
516,9.074e-05
517,9.074e-05
518,9.074e-05
519,9.074e-05
520,9.074e-05
521,9.074e-05
522,9.074e-05
523,9.074e-05
524,9.074e-05
525,9.074e-05
526,9.074e-05
527,9.074e-05
528,9.074e-05
529,9.074e-05
530,9.074e-05
531,9.074e-05
532,9.074e-05
533,9.074e-05
534,9.074e-05
535,9.074e-05
536,9.074e-05
537,9.074e-05
538,9.074e-05
539,9.074e-05
540,9.074e-05
541,9.074e-05
542,9.074e-05
543,9.074e-05
544,9.074e-05
545,9.074e-05
546,9.074e-05
547,9.074e-05
548,9.099e-05
549,9.099e-05
550,9.074e-05
551,9.099e-05
552,9.099e-05
553,9.099e-05
554,9.099e-05
555,9.099e-05
556,9.099e-05
557,9.099e-05
558,9.099e-05
559,9.099e-05
560,9.099e-05
561,9.099e-05
562,9.099e-05
563,9.099e-05
564,9.1e-05
565,9.1e-05
566,9.1e-05
567,9.1e-05
568,9.1e-05
569,9.1e-05
570,9.1e-05
571,9.1e-05
572,9.1e-05
573,9.1e-05
574,9.1e-05
575,9.1e-05
576,9.1e-05
577,9.1e-05
578,9.1e-05
579,9.1e-05
580,9.1e-05
581,9.074e-05
582,9.074e-05
583,9.074e-05
584,9.074e-05
585,9.074e-05
586,9.074e-05
587,9.074e-05
588,9.074e-05
589,9.074e-05
590,9.074e-05
591,9.074e-05
592,9.074e-05
593,9.074e-05
594,9.074e-05
595,9.074e-05
596,9.074e-05
597,9.074e-05
598,9.074e-05
599,9.074e-05
600,9.074e-05
601,9.074e-05
602,9.074e-05
603,9.074e-05
604,9.074e-05
605,9.074e-05
606,9.1e-05
607,9.1e-05
608,9.074e-05
609,9.074e-05
610,9.074e-05
611,9.074e-05
612,9.074e-05
613,9.074e-05
614,9.074e-05
615,9.074e-05
616,9.074e-05
617,9.074e-05
618,9.074e-05
619,9.074e-05
620,9.074e-05
621,9.074e-05
622,9.074e-05
623,9.074e-05
624,9.074e-05
625,9.074e-05
626,9.074e-05
627,9.074e-05
628,9.074e-05
629,9.074e-05
630,9.074e-05
631,9.074e-05
632,9.074e-05
633,9.074e-05
634,9.074e-05
635,9.074e-05
636,9.074e-05
637,9.074e-05
638,9.074e-05
639,9.074e-05
640,9.074e-05
641,9.074e-05
642,9.074e-05
643,9.074e-05
644,9.074e-05
645,9.074e-05
646,9.074e-05
647,9.074e-05
648,9.074e-05
649,9.074e-05
650,9.074e-05
651,9.074e-05
652,9.074e-05
653,9.074e-05
654,9.074e-05
655,9.074e-05
656,9.074e-05
657,9.074e-05
658,9.074e-05
659,9.074e-05
660,9.074e-05
661,9.074e-05
662,9.074e-05
663,9.074e-05
664,9.074e-05
665,9.074e-05
666,9.074e-05
667,9.074e-05
668,9.074e-05
669,9.074e-05
670,9.074e-05
671,9.074e-05
672,9.074e-05
673,9.074e-05
674,9.074e-05
675,9.074e-05
676,9.074e-05
677,9.074e-05
678,9.074e-05
679,9.1e-05
680,9.1e-05
681,9.1e-05
682,9.1e-05
683,9.1e-05
684,9.1e-05
685,9.1e-05
686,9.1e-05
687,9.1e-05
688,9.1e-05
689,9.1e-05
690,9.1e-05
691,9.1e-05
692,9.1e-05
693,9.1e-05
694,9.1e-05
695,9.1e-05
696,9.1e-05
697,9.1e-05
698,9.1e-05
699,9.1e-05
700,9.1e-05
701,9.1e-05
702,9.1e-05
703,9.1e-05
704,9.1e-05
705,9.1e-05
706,9.1e-05
707,9.1e-05
708,9.1e-05
709,9.12e-05
710,9.12e-05
711,9.12e-05
712,9.12e-05
713,9.12e-05
714,9.12e-05
715,9.12e-05
716,9.12e-05
717,9.12e-05
718,9.12e-05
719,9.12e-05
720,9.12e-05
721,9.12e-05
722,9.1e-05
723,9.1e-05
724,9.1e-05
725,9.1e-05
726,9.1e-05
727,9.1e-05
728,9.1e-05
729,9.1e-05
730,9.1e-05
731,9.12e-05
732,9.12e-05
733,9.12e-05
734,9.12e-05
735,9.12e-05
736,9.12e-05
737,9.12e-05
738,9.12e-05
739,9.12e-05
740,9.12e-05
741,9.12e-05
742,9.12e-05
743,9.12e-05
744,9.12e-05
745,9.12e-05
746,9.12e-05
747,9.12e-05
748,9.12e-05
749,9.12e-05
750,9.12e-05
751,9.12e-05
752,9.12e-05
753,9.15e-05
754,9.151e-05
755,9.151e-05
756,9.151e-05
757,9.151e-05
758,9.151e-05
759,9.151e-05
760,9.151e-05
761,9.16e-05
762,9.16e-05
763,9.16e-05
764,9.16e-05
765,9.16e-05
766,9.16e-05
767,9.16e-05
768,9.16e-05
769,9.16e-05
770,9.16e-05
771,9.16e-05
772,9.16e-05
773,9.16e-05
774,9.16e-05
775,9.151e-05
776,9.151e-05
777,9.151e-05
778,9.151e-05
779,9.151e-05
780,9.151e-05
781,9.151e-05
782,9.151e-05
783,9.151e-05
784,9.151e-05
785,9.169e-05
786,9.15e-05
787,9.15e-05
788,9.15e-05
789,9.15e-05
790,9.15e-05
791,9.15e-05
792,9.15e-05
793,9.151e-05
794,9.151e-05
795,9.151e-05
796,9.151e-05
797,9.151e-05
798,9.151e-05
799,9.151e-05
800,9.151e-05
801,9.151e-05
802,9.151e-05
803,9.151e-05
804,9.151e-05
805,9.151e-05
806,9.151e-05
807,9.151e-05
808,9.151e-05
809,9.151e-05
810,9.151e-05
811,9.151e-05
812,9.151e-05
813,9.151e-05
814,9.151e-05
815,9.151e-05
816,9.151e-05
817,9.151e-05
818,9.151e-05
819,9.151e-05
820,9.151e-05
821,9.151e-05
822,9.151e-05
823,9.151e-05
824,9.151e-05
825,9.151e-05
826,9.151e-05
827,9.151e-05
828,9.151e-05
829,9.151e-05
830,9.151e-05
831,9.151e-05
832,9.151e-05
833,9.151e-05
834,9.151e-05
835,9.151e-05
836,9.151e-05
837,9.151e-05
838,9.151e-05
839,9.151e-05
840,9.151e-05
841,9.151e-05
842,9.151e-05
843,9.151e-05
844,9.151e-05
845,9.151e-05
846,9.151e-05
847,9.151e-05
848,9.151e-05
849,9.151e-05
850,9.151e-05
851,9.151e-05
852,9.169e-05
853,9.169e-05
854,9.169e-05
855,9.169e-05
856,9.169e-05
857,9.169e-05
858,9.169e-05
859,9.169e-05
860,9.169e-05
861,9.169e-05
862,9.169e-05
863,9.169e-05
864,9.169e-05
865,9.169e-05
866,9.169e-05
867,9.169e-05
868,9.169e-05
869,9.169e-05
870,9.169e-05
871,9.169e-05
872,9.169e-05
873,9.169e-05
874,9.169e-05
875,9.169e-05
876,9.169e-05
877,9.169e-05
878,9.169e-05
879,9.169e-05
880,9.151e-05
881,9.151e-05
882,9.151e-05
883,9.151e-05
884,9.151e-05
885,9.151e-05
886,9.151e-05
887,9.151e-05
888,9.151e-05
889,9.151e-05
890,9.151e-05
891,9.151e-05
892,9.151e-05
893,9.151e-05
894,9.151e-05
895,9.151e-05
896,9.151e-05
897,9.151e-05
898,9.151e-05
899,9.15e-05
900,9.15e-05
901,9.15e-05
902,9.15e-05
903,9.15e-05
904,9.15e-05
905,9.15e-05
906,9.151e-05
907,9.149e-05
908,9.149e-05
909,9.149e-05
910,9.149e-05
911,9.149e-05
912,9.149e-05
913,9.149e-05
914,9.149e-05
915,9.149e-05
916,9.149e-05
917,9.149e-05
918,9.149e-05
919,9.149e-05
920,9.149e-05
921,9.149e-05
922,9.149e-05
923,9.149e-05
924,9.149e-05
925,9.149e-05
926,9.149e-05
927,9.149e-05
928,9.149e-05
929,9.149e-05
930,9.149e-05
931,9.149e-05
932,9.149e-05
933,9.16e-05
934,9.16e-05
935,9.16e-05
936,9.16e-05
937,9.16e-05
938,9.16e-05
939,9.16e-05
940,9.16e-05
941,9.16e-05
942,9.16e-05
943,9.16e-05
944,9.16e-05
945,9.16e-05
946,9.16e-05
947,9.16e-05
948,9.16e-05
949,9.16e-05
950,9.16e-05
951,9.16e-05
952,9.16e-05
953,9.16e-05
954,9.16e-05
955,9.16e-05
956,9.16e-05
957,9.16e-05
958,9.16e-05
959,9.16e-05
960,9.16e-05
961,9.16e-05
962,9.16e-05
963,9.16e-05
964,9.16e-05
965,9.16e-05
966,9.16e-05
967,9.16e-05
968,9.16e-05
969,9.16e-05
970,9.16e-05
971,9.16e-05
972,9.16e-05
973,9.16e-05
974,9.168e-05
975,9.168e-05
976,9.16e-05
977,9.16e-05
978,9.16e-05
979,9.16e-05
980,9.16e-05
981,9.16e-05
982,9.16e-05
983,9.16e-05
984,9.149e-05
985,9.149e-05
986,9.149e-05
987,9.149e-05
988,9.149e-05
989,9.149e-05
990,9.149e-05
991,9.149e-05
992,9.149e-05
993,9.149e-05
994,9.149e-05
995,9.149e-05
996,9.149e-05
997,9.149e-05
998,9.149e-05
999,9.149e-05
1000,9.149e-05
1001,9.149e-05
1002,9.149e-05
1003,9.149e-05
1004,9.149e-05
1005,9.149e-05
1006,9.149e-05
1007,9.149e-05
1008,9.149e-05
1009,9.149e-05
1010,9.149e-05
1011,9.149e-05
1012,9.149e-05
1013,9.149e-05
1014,9.149e-05
1015,9.149e-05
1016,9.149e-05
1017,9.149e-05
1018,9.149e-05
1019,9.149e-05
1020,9.149e-05
1021,9.149e-05
1022,9.149e-05
1023,9.149e-05
1024,9.149e-05
1025,9.149e-05
1026,9.149e-05
1027,9.149e-05
1028,9.149e-05
1029,9.16e-05
1030,9.16e-05
1031,9.16e-05
1032,9.16e-05
1033,9.16e-05
1034,9.16e-05
1035,9.16e-05
1036,9.16e-05
1037,9.16e-05
1038,9.16e-05
1039,9.16e-05
1040,9.16e-05
1041,9.16e-05
1042,9.16e-05
1043,9.16e-05
1044,9.16e-05
1045,9.16e-05
1046,9.16e-05
1047,9.16e-05
1048,9.16e-05
1049,9.16e-05
1050,9.16e-05
1051,9.16e-05
1052,9.149e-05
1053,9.168e-05
1054,9.168e-05
1055,9.168e-05
1056,9.168e-05
1057,9.168e-05
1058,9.168e-05
1059,9.168e-05
1060,9.168e-05
1061,9.168e-05
1062,9.168e-05
1063,9.16e-05
1064,9.16e-05
1065,9.16e-05
1066,9.16e-05
1067,9.16e-05
1068,9.16e-05
1069,9.16e-05
1070,9.16e-05
1071,9.16e-05
1072,9.16e-05
1073,9.16e-05
1074,9.16e-05
1075,9.16e-05
1076,9.16e-05
1077,9.16e-05
1078,9.16e-05
1079,9.16e-05
1080,9.16e-05
1081,9.168e-05
1082,9.22e-05
1083,9.22e-05
1084,9.22e-05
1085,9.22e-05
1086,9.22e-05
1087,9.22e-05
1088,9.22e-05
1089,9.22e-05
1090,9.22e-05
1091,9.22e-05
1092,9.22e-05
1093,9.22e-05
1094,9.22e-05
1095,9.22e-05
1096,9.22e-05
1097,9.22e-05
1098,9.22e-05
1099,9.22e-05
1100,9.22e-05
1101,9.22e-05
1102,9.22e-05
1103,9.22e-05
1104,9.22e-05
1105,9.22e-05
1106,9.22e-05
1107,9.22e-05
1108,9.22e-05
1109,9.22e-05
1110,9.22e-05
1111,9.22e-05
1112,9.22e-05
1113,9.22e-05
1114,9.22e-05
1115,9.225e-05
1116,9.225e-05
1117,9.225e-05
1118,9.228e-05
1119,9.228e-05
1120,9.16e-05
1121,9.23e-05
1122,9.23e-05
1123,9.235e-05
1124,9.235e-05
1125,9.235e-05
1126,9.25e-05
1127,9.25e-05
1128,9.251e-05
1129,9.252e-05
1130,9.252e-05
1131,9.252e-05
1132,9.252e-05
1133,9.255e-05
1134,9.255e-05
1135,9.255e-05
1136,9.255e-05
1137,9.161e-05
1138,9.266e-05
1139,9.266e-05
1140,9.266e-05
1141,9.263e-05
1142,9.263e-05
1143,9.263e-05
1144,9.263e-05
1145,9.263e-05
1146,9.263e-05
1147,9.263e-05
1148,9.263e-05
1149,9.263e-05
1150,9.263e-05
1151,9.263e-05
1152,9.263e-05
1153,9.263e-05
1154,9.263e-05
1155,9.263e-05
1156,9.263e-05
1157,9.263e-05
1158,9.263e-05
1159,9.263e-05
1160,9.263e-05
1161,9.263e-05
1162,9.263e-05
1163,9.263e-05
1164,9.263e-05
1165,9.263e-05
1166,9.263e-05
1167,9.263e-05
1168,9.263e-05
1169,9.263e-05
1170,9.263e-05
1171,9.263e-05
1172,9.263e-05
1173,9.263e-05
1174,9.263e-05
1175,9.263e-05
1176,9.263e-05
1177,9.263e-05
1178,9.263e-05
1179,9.263e-05
1180,9.263e-05
1181,9.263e-05
1182,9.263e-05
1183,9.263e-05
1184,9.263e-05
1185,9.263e-05
1186,9.263e-05
1187,9.263e-05
1188,9.263e-05
1189,9.263e-05
1190,9.263e-05
1191,9.266e-05
1192,9.266e-05
1193,9.266e-05
1194,9.266e-05
1195,9.266e-05
1196,9.266e-05
1197,9.266e-05
1198,9.266e-05
1199,9.266e-05
1200,9.266e-05
1201,9.266e-05
1202,9.266e-05
1203,9.266e-05
1204,9.266e-05
1205,9.266e-05
1206,9.266e-05
1207,9.266e-05
1208,9.266e-05
1209,9.266e-05
1210,9.266e-05
1211,9.266e-05
1212,9.266e-05
1213,9.266e-05
1214,9.266e-05
1215,9.266e-05
1216,9.266e-05
1217,9.266e-05
1218,9.266e-05
1219,9.266e-05
1220,9.266e-05
1221,9.266e-05
1222,9.266e-05
1223,9.266e-05
1224,9.266e-05
1225,9.266e-05
1226,9.266e-05
1227,9.266e-05
1228,9.266e-05
1229,9.266e-05
1230,9.266e-05
1231,9.266e-05
1232,9.266e-05
1233,9.16e-05
1234,9.145e-05
1235,9.145e-05
1236,9.149e-05
1237,9.15e-05
1238,9.153e-05
1239,9.153e-05
1240,9.153e-05
1241,9.153e-05
1242,9.153e-05
1243,9.153e-05
1244,9.153e-05
1245,9.153e-05
1246,9.153e-05
1247,9.153e-05
1248,9.153e-05
1249,9.153e-05
1250,9.153e-05
1251,9.153e-05
1252,9.263e-05
1253,9.263e-05
1254,9.263e-05
1255,9.263e-05
1256,9.263e-05
1257,9.263e-05
1258,9.263e-05
1259,9.263e-05
1260,9.263e-05
1261,9.263e-05
1262,9.263e-05
1263,9.262e-05
1264,9.262e-05
1265,9.165e-05
1266,9.165e-05
1267,9.167e-05
1268,9.266e-05
1269,9.266e-05
1270,9.266e-05
1271,9.266e-05
1272,9.265e-05
1273,9.265e-05
1274,9.265e-05
1275,9.103e-05
1276,9.103e-05
1277,9.106e-05
1278,9.106e-05
1279,9.106e-05
1280,9.106e-05
1281,9.253e-05
1282,9.111e-05
1283,9.247e-05
1284,9.242e-05
1285,9.242e-05
1286,9.242e-05
1287,9.242e-05
1288,9.242e-05
1289,9.242e-05
1290,9.242e-05
1291,9.242e-05
1292,9.242e-05
1293,9.242e-05
1294,9.242e-05
1295,9.117e-05
1296,9.117e-05
1297,9.117e-05
1298,9.117e-05
1299,9.117e-05
1300,9.117e-05
1301,9.117e-05
1302,9.117e-05
1303,9.118e-05
1304,9.118e-05
1305,9.118e-05
1306,9.118e-05
1307,9.118e-05
1308,9.118e-05
1309,9.118e-05
1310,9.118e-05
1311,9.118e-05
1312,9.118e-05
1313,9.118e-05
1314,9.118e-05
1315,9.118e-05
1316,9.118e-05
1317,9.1e-05
1318,9.1e-05
1319,9.1e-05
1320,9.1e-05
1321,9.1e-05
1322,9.099e-05
1323,9.087e-05
1324,9.087e-05
1325,9.087e-05
1326,9.087e-05
1327,9.087e-05
1328,9.087e-05
1329,9.087e-05
1330,9.098e-05
1331,9.098e-05
1332,9.098e-05
1333,9.098e-05
1334,9.098e-05
1335,9.098e-05
1336,9.098e-05
1337,9.098e-05
1338,9.098e-05
1339,9.098e-05
1340,9.098e-05
1341,9.087e-05
1342,9.087e-05
1343,9.087e-05
1344,9.087e-05
1345,9.087e-05
1346,9.087e-05
1347,9.087e-05
1348,9.087e-05
1349,9.087e-05
1350,9.087e-05
1351,9.087e-05
1352,9.087e-05
1353,9.087e-05
1354,9.087e-05
1355,9.098e-05
1356,9.098e-05
1357,9.098e-05
1358,9.098e-05
1359,9.098e-05
1360,9.098e-05
1361,9.098e-05
1362,9.098e-05
1363,9.098e-05
1364,9.098e-05
1365,9.098e-05
1366,9.098e-05
1367,9.098e-05
1368,9.098e-05
1369,9.098e-05
1370,9.098e-05
1371,9.098e-05
1372,9.098e-05
1373,9.098e-05
1374,9.098e-05
1375,9.098e-05
1376,9.098e-05
1377,9.098e-05
1378,9.098e-05
1379,9.098e-05
1380,9.098e-05
1381,9.098e-05
1382,9.098e-05
1383,9.098e-05
1384,9.098e-05
1385,9.099e-05
1386,9.099e-05
1387,9.099e-05
1388,9.099e-05
1389,9.099e-05
1390,9.099e-05
1391,9.099e-05
1392,9.099e-05
1393,9.099e-05
1394,9.099e-05
1395,9.099e-05
1396,9.099e-05
1397,9.099e-05
1398,9.087e-05
1399,9.087e-05
1400,9.087e-05
1401,9.087e-05
1402,9.087e-05
1403,9.087e-05
1404,9.087e-05
1405,9.087e-05
1406,9.101e-05
1407,9.101e-05
1408,9.101e-05
1409,9.101e-05
1410,9.101e-05
1411,9.101e-05
1412,9.101e-05
1413,9.101e-05
1414,9.101e-05
1415,9.101e-05
1416,9.101e-05
1417,9.101e-05
1418,9.101e-05
1419,9.101e-05
1420,9.101e-05
1421,9.101e-05
1422,9.101e-05
1423,9.101e-05
1424,9.107e-05
1425,9.107e-05
1426,9.107e-05
1427,9.107e-05
1428,9.107e-05
1429,9.107e-05
1430,9.107e-05
1431,9.107e-05
1432,9.107e-05
1433,9.107e-05
1434,9.107e-05
1435,9.107e-05
1436,9.101e-05
1437,9.101e-05
1438,9.101e-05
1439,9.101e-05
1440,9.101e-05
1441,9.101e-05
1442,9.101e-05
1443,9.101e-05
1444,9.101e-05
1445,9.101e-05
1446,9.101e-05
1447,9.101e-05
1448,9.101e-05
1449,9.101e-05
1450,9.101e-05
1451,9.101e-05
1452,9.101e-05
1453,9.101e-05
1454,9.101e-05
1455,9.101e-05
1456,9.101e-05
1457,9.101e-05
1458,9.101e-05
1459,9.101e-05
1460,9.087e-05
1461,9.087e-05
1462,9.087e-05
1463,9.087e-05
1464,9.087e-05
1465,9.087e-05
1466,9.101e-05
1467,9.101e-05
1468,9.101e-05
1469,9.101e-05
1470,9.101e-05
1471,9.101e-05
1472,9.101e-05
1473,9.101e-05
1474,9.101e-05
1475,9.101e-05
1476,9.101e-05
1477,9.101e-05
1478,9.101e-05
1479,9.101e-05
1480,9.101e-05
1481,9.101e-05
1482,9.101e-05
1483,9.101e-05
1484,9.101e-05
1485,9.101e-05
1486,9.101e-05
1487,9.101e-05
1488,9.101e-05
1489,9.101e-05
1490,9.087e-05
1491,9.087e-05
1492,9.087e-05
1493,9.087e-05
1494,9.087e-05
1495,9.087e-05
1496,9.101e-05
1497,9.101e-05
1498,9.101e-05
1499,9.101e-05
1500,9.101e-05
1501,9.101e-05
1502,9.101e-05
1503,9.101e-05
1504,9.101e-05
1505,9.101e-05
1506,9.101e-05
1507,9.101e-05
1508,9.101e-05
1509,9.101e-05
1510,9.101e-05
1511,9.101e-05
1512,9.101e-05
1513,9.101e-05
1514,9.101e-05
1515,9.101e-05
1516,9.101e-05
1517,9.101e-05
1518,9.101e-05
1519,9.101e-05
1520,9.101e-05
1521,9.101e-05
1522,9.101e-05
1523,9.101e-05
1524,9.101e-05
1525,9.101e-05
1526,9.107e-05
1527,9.107e-05
1528,9.087e-05
1529,9.087e-05
1530,9.087e-05
1531,9.087e-05
1532,9.087e-05
1533,9.087e-05
1534,9.087e-05
1535,9.087e-05
1536,9.087e-05
1537,9.087e-05
1538,9.087e-05
1539,9.087e-05
1540,9.087e-05
1541,9.087e-05
1542,9.087e-05
1543,9.087e-05
1544,9.087e-05
1545,9.087e-05
1546,9.087e-05
1547,9.087e-05
1548,9.087e-05
1549,9.087e-05
1550,9.087e-05
1551,9.087e-05
1552,9.087e-05
1553,9.087e-05
1554,9.087e-05
1555,9.087e-05
1556,9.087e-05
1557,9.087e-05
1558,9.087e-05
1559,9.087e-05
1560,9.087e-05
1561,9.087e-05
1562,9.087e-05
1563,9.087e-05
1564,9.087e-05
1565,9.087e-05
1566,9.087e-05
1567,9.087e-05
1568,9.087e-05
1569,9.087e-05
1570,9.087e-05
1571,9.087e-05
1572,9.107e-05
1573,9.107e-05
1574,9.087e-05
1575,9.107e-05
1576,9.107e-05
1577,9.107e-05
1578,9.107e-05
1579,9.107e-05
1580,9.107e-05
1581,9.107e-05
1582,9.107e-05
1583,9.107e-05
1584,9.107e-05
1585,9.087e-05
1586,9.087e-05
1587,9.087e-05
1588,9.087e-05
1589,9.087e-05
1590,9.087e-05
1591,9.087e-05
1592,9.087e-05
1593,9.087e-05
1594,9.087e-05
1595,9.087e-05
1596,9.107e-05
1597,9.107e-05
1598,9.107e-05
1599,9.107e-05
1600,9.107e-05
1601,9.28e-05
1602,9.28e-05
1603,9.28e-05
1604,9.282e-05
1605,9.282e-05
1606,9.282e-05
1607,9.282e-05
1608,9.282e-05
1609,9.282e-05
1610,9.282e-05
1611,9.282e-05
1612,9.105e-05
1613,9.2e-05
1614,9.202e-05
1615,9.202e-05
1616,9.202e-05
1617,9.347e-05
1618,9.348e-05
1619,9.348e-05
1620,9.348e-05
1621,9.348e-05
1622,9.347e-05
1623,9.347e-05
1624,9.273e-05
1625,9.273e-05
1626,9.273e-05
1627,9.35e-05
1628,9.35e-05
1629,9.35e-05
1630,9.35e-05
1631,9.35e-05
1632,9.35e-05
1633,9.35e-05
1634,9.4e-05
1635,9.4e-05
1636,9.4e-05
1637,9.35e-05
1638,9.35e-05
1639,9.4e-05
1640,9.4e-05
1641,9.4e-05
1642,9.45e-05
1643,9.45e-05
1644,9.45e-05
1645,9.456e-05
1646,9.456e-05
1647,9.456e-05
1648,9.456e-05
1649,9.457e-05
1650,9.457e-05
1651,9.471e-05
1652,9.457e-05
1653,9.457e-05
1654,9.457e-05
1655,9.457e-05
1656,9.457e-05
1657,9.457e-05
1658,9.457e-05
1659,9.457e-05
1660,9.457e-05
1661,9.409e-05
1662,9.409e-05
1663,9.292e-05
1664,9.292e-05
1665,9.292e-05
1666,9.293e-05
1667,9.292e-05
1668,9.293e-05
1669,9.293e-05
1670,9.293e-05
1671,9.293e-05
1672,9.293e-05
1673,9.293e-05
1674,9.293e-05
1675,9.293e-05
1676,9.293e-05
1677,9.293e-05
1678,9.293e-05
1679,9.293e-05
1680,9.471e-05
1681,9.471e-05
1682,9.471e-05
1683,9.471e-05
1684,9.471e-05
1685,9.471e-05
1686,9.471e-05
1687,9.471e-05
1688,9.47e-05
1689,9.47e-05
1690,9.47e-05
1691,9.47e-05
1692,9.47e-05
1693,9.47e-05
1694,9.47e-05
1695,9.468e-05
1696,9.468e-05
1697,9.468e-05
1698,9.468e-05
1699,9.468e-05
1700,9.468e-05
1701,9.468e-05
1702,9.468e-05
1703,9.468e-05
1704,9.468e-05
1705,9.468e-05
1706,9.468e-05
1707,9.468e-05
1708,9.468e-05
1709,9.468e-05
1710,9.468e-05
1711,9.468e-05
1712,9.468e-05
1713,9.468e-05
1714,9.468e-05
1715,9.468e-05
1716,9.373e-05
1717,9.373e-05
1718,9.373e-05
1719,9.313e-05
1720,9.298e-05
1721,9.315e-05
1722,9.315e-05
1723,9.315e-05
1724,9.315e-05
1725,9.373e-05
1726,9.373e-05
1727,9.373e-05
1728,9.373e-05
1729,9.373e-05
1730,9.315e-05
1731,9.315e-05
1732,9.373e-05
1733,9.315e-05
1734,9.373e-05
1735,9.46e-05
1736,9.46e-05
1737,9.46e-05
1738,9.46e-05
1739,9.46e-05
1740,9.46e-05
1741,9.46e-05
1742,9.46e-05
1743,9.46e-05
1744,9.46e-05
1745,9.46e-05
1746,9.46e-05
1747,9.46e-05
1748,9.46e-05
1749,9.46e-05
1750,9.46e-05
1751,9.372e-05
1752,9.372e-05
1753,9.372e-05
1754,9.372e-05
1755,9.372e-05
1756,9.372e-05
1757,9.372e-05
1758,9.372e-05
1759,9.372e-05
1760,9.372e-05
1761,9.372e-05
1762,9.372e-05
1763,9.372e-05
1764,9.372e-05
1765,9.372e-05
1766,9.372e-05
1767,9.372e-05
1768,9.373e-05
1769,9.373e-05
1770,9.373e-05
1771,9.373e-05
1772,9.373e-05
1773,9.373e-05
1774,9.373e-05
1775,9.373e-05
1776,9.373e-05
1777,9.373e-05
1778,9.373e-05
1779,9.373e-05
1780,9.373e-05
1781,9.373e-05
1782,9.373e-05
1783,9.373e-05
1784,9.373e-05
1785,9.373e-05
1786,9.373e-05
1787,9.373e-05
1788,9.373e-05
1789,9.373e-05
1790,9.373e-05
1791,9.373e-05
1792,9.373e-05
1793,9.322e-05
1794,9.322e-05
1795,9.322e-05
1796,9.322e-05
1797,9.322e-05
1798,9.322e-05
1799,9.322e-05
1800,9.322e-05
1801,9.322e-05
1802,9.322e-05
1803,9.322e-05
1804,9.322e-05
1805,9.322e-05
1806,9.322e-05
1807,9.322e-05
1808,9.322e-05
1809,9.322e-05
1810,9.322e-05
1811,9.322e-05
1812,9.322e-05
1813,9.322e-05
1814,9.322e-05
1815,9.322e-05
1816,9.322e-05
1817,9.322e-05
1818,9.322e-05
1819,9.44e-05
1820,9.44e-05
1821,9.44e-05
1822,9.44e-05
1823,9.44e-05
1824,9.44e-05
1825,9.44e-05
1826,9.44e-05
1827,9.44e-05
1828,9.44e-05
1829,9.44e-05
1830,9.316e-05
1831,9.316e-05
1832,9.316e-05
1833,9.316e-05
1834,9.316e-05
1835,9.316e-05
1836,9.316e-05
1837,9.316e-05
1838,9.316e-05
1839,9.316e-05
1840,9.316e-05
1841,9.316e-05
1842,9.316e-05
1843,9.316e-05
1844,9.316e-05
1845,9.335e-05
1846,9.335e-05
1847,9.335e-05
1848,9.335e-05
1849,9.334e-05
1850,9.334e-05
1851,9.334e-05
1852,9.334e-05
1853,9.334e-05
1854,9.334e-05
1855,9.334e-05
1856,9.334e-05
1857,9.459e-05
1858,9.459e-05
1859,9.459e-05
1860,9.459e-05
1861,9.459e-05
1862,9.459e-05
1863,9.459e-05
1864,9.364e-05
1865,9.364e-05
1866,9.364e-05
1867,9.364e-05
1868,9.364e-05
1869,9.364e-05
1870,9.364e-05
1871,9.364e-05
1872,9.364e-05
1873,9.364e-05
1874,9.364e-05
1875,9.364e-05
1876,9.364e-05
1877,9.364e-05
1878,9.181e-05
1879,9.181e-05
1880,9.181e-05
1881,9.29e-05
1882,9.29e-05
1883,9.29e-05
1884,9.29e-05
1885,9.29e-05
1886,9.29e-05
1887,9.29e-05
1888,9.29e-05
1889,9.29e-05
1890,9.29e-05
1891,9.29e-05
1892,9.29e-05
1893,9.29e-05
1894,9.29e-05
1895,9.29e-05
1896,9.29e-05
1897,9.291e-05
1898,9.291e-05
1899,9.29e-05
1900,9.29e-05
1901,9.29e-05
1902,9.29e-05
1903,9.29e-05
1904,9.29e-05
1905,9.29e-05
1906,9.29e-05
1907,9.355e-05
1908,9.355e-05
1909,9.355e-05
1910,9.355e-05
1911,9.355e-05
1912,9.355e-05
1913,9.355e-05
1914,9.355e-05
1915,9.355e-05
1916,9.355e-05
1917,9.355e-05
1918,9.355e-05
1919,9.355e-05
1920,9.355e-05
1921,9.355e-05
1922,9.355e-05
1923,9.355e-05
1924,9.355e-05
1925,9.355e-05
1926,9.355e-05
1927,9.355e-05
1928,9.355e-05
1929,9.355e-05
1930,9.355e-05
1931,9.355e-05
1932,9.355e-05
1933,9.39e-05
1934,9.39e-05
1935,9.399e-05
1936,9.399e-05
1937,9.399e-05
1938,9.399e-05
1939,9.421e-05
1940,9.421e-05
1941,9.421e-05
1942,9.421e-05
1943,9.421e-05
1944,9.421e-05
1945,9.421e-05
1946,9.421e-05
1947,9.329e-05
1948,9.329e-05
1949,9.329e-05
1950,9.329e-05
1951,9.329e-05
1952,9.329e-05
1953,9.329e-05
1954,9.329e-05
1955,9.329e-05
1956,9.329e-05
1957,9.329e-05
1958,9.329e-05
1959,9.329e-05
1960,9.329e-05
1961,9.329e-05
1962,9.329e-05
1963,9.329e-05
1964,9.329e-05
1965,9.329e-05
1966,9.329e-05
1967,9.329e-05
1968,9.329e-05
1969,9.351e-05
1970,9.351e-05
1971,9.351e-05
1972,9.351e-05
1973,9.351e-05
1974,9.351e-05
1975,9.351e-05
1976,9.351e-05
1977,9.351e-05
1978,9.351e-05
1979,9.351e-05
1980,9.351e-05
1981,9.351e-05
1982,9.351e-05
1983,9.351e-05
1984,9.351e-05
1985,9.351e-05
1986,9.351e-05
1987,9.351e-05
1988,9.351e-05
1989,9.351e-05
1990,9.351e-05
1991,9.351e-05
1992,9.351e-05
1993,9.351e-05
1994,9.351e-05
1995,9.4e-05
1996,9.4e-05
1997,9.4e-05
1998,9.4e-05
1999,9.4e-05
2000,9.4e-05
2001,9.351e-05
2002,9.351e-05
2003,9.351e-05
2004,9.351e-05
2005,9.351e-05
2006,9.351e-05
2007,9.351e-05
2008,9.351e-05
2009,9.351e-05
2010,9.351e-05
2011,9.351e-05
2012,9.351e-05
2013,9.351e-05
2014,9.351e-05
2015,9.351e-05
2016,9.351e-05
2017,9.351e-05
2018,9.351e-05
2019,9.351e-05
2020,9.351e-05
2021,9.351e-05
2022,9.351e-05
2023,9.351e-05
2024,9.351e-05
2025,9.351e-05
2026,9.351e-05
2027,9.351e-05
2028,9.351e-05
2029,9.351e-05
2030,9.4e-05
2031,9.4e-05
2032,9.4e-05
2033,9.4e-05
2034,9.4e-05
2035,9.4e-05
2036,9.4e-05
2037,9.4e-05
2038,9.4e-05
2039,9.4e-05
2040,9.4e-05
2041,9.4e-05
2042,9.4e-05
2043,9.4e-05
2044,9.4e-05
2045,9.4e-05
2046,9.4e-05
2047,9.4e-05
2048,9.351e-05
2049,9.331e-05
2050,9.331e-05
2051,9.331e-05
2052,9.331e-05
2053,9.331e-05
2054,9.331e-05
2055,9.331e-05
2056,9.331e-05
2057,9.331e-05
2058,9.331e-05
2059,9.331e-05
2060,9.331e-05
2061,9.331e-05
2062,9.331e-05
2063,9.331e-05
2064,9.331e-05
2065,9.331e-05
2066,9.331e-05
2067,9.331e-05
2068,9.331e-05
2069,9.331e-05
2070,9.331e-05
2071,9.331e-05
2072,9.331e-05
2073,9.331e-05
2074,9.331e-05
2075,9.331e-05
2076,9.331e-05
2077,9.331e-05
2078,9.331e-05
2079,9.331e-05
2080,9.331e-05
2081,9.331e-05
2082,9.331e-05
2083,9.331e-05
2084,9.331e-05
2085,9.331e-05
2086,9.331e-05
2087,9.4e-05
2088,9.4e-05
2089,9.4e-05
2090,9.4e-05
2091,9.4e-05
2092,9.4e-05
2093,9.4e-05
2094,9.4e-05
2095,9.4e-05
2096,9.4e-05
2097,9.4e-05
2098,9.4e-05
2099,9.4e-05
2100,9.4e-05
2101,9.4e-05
2102,9.4e-05
2103,9.4e-05
2104,9.4e-05
2105,9.4e-05
2106,9.4e-05
2107,9.4e-05
2108,9.4e-05
2109,9.4e-05
2110,9.4e-05
2111,9.4e-05
2112,9.4e-05
2113,9.4e-05
2114,9.4e-05
2115,9.422e-05
2116,9.422e-05
2117,9.4e-05
2118,9.4e-05
2119,9.4e-05
2120,9.4e-05
2121,9.4e-05
2122,9.4e-05
2123,9.4e-05
2124,9.4e-05
2125,9.4e-05
2126,9.4e-05
2127,9.4e-05
2128,9.4e-05
2129,9.4e-05
2130,9.4e-05
2131,9.4e-05
2132,9.4e-05
2133,9.4e-05
2134,9.405e-05
2135,9.41e-05
2136,9.41e-05
2137,9.41e-05
2138,9.41e-05
2139,9.41e-05
2140,9.41e-05
2141,9.41e-05
2142,9.41e-05
2143,9.41e-05
2144,9.41e-05
2145,9.41e-05
2146,9.41e-05
2147,9.41e-05
2148,9.41e-05
2149,9.41e-05
2150,9.41e-05
2151,9.41e-05
2152,9.41e-05
2153,9.41e-05
2154,9.41e-05
2155,9.41e-05
2156,9.41e-05
2157,9.41e-05
2158,9.41e-05
2159,9.41e-05
2160,9.41e-05
2161,9.41e-05
2162,9.41e-05
2163,9.41e-05
2164,9.41e-05
2165,9.41e-05
2166,9.41e-05
2167,9.41e-05
2168,9.41e-05
2169,9.41e-05
2170,9.41e-05
2171,9.422e-05
2172,9.422e-05
2173,9.422e-05
2174,9.422e-05
2175,9.422e-05
2176,9.41e-05
2177,9.41e-05
2178,9.41e-05
2179,9.422e-05
2180,9.422e-05
2181,9.422e-05
2182,9.422e-05
2183,9.422e-05
2184,9.422e-05
2185,9.422e-05
2186,9.4e-05
2187,9.4e-05
2188,9.4e-05
2189,9.4e-05
2190,9.4e-05
2191,9.4e-05
2192,9.4e-05
2193,9.4e-05
2194,9.4e-05
2195,9.422e-05
2196,9.422e-05
2197,9.422e-05
2198,9.422e-05
2199,9.422e-05
2200,9.422e-05
2201,9.422e-05
2202,9.422e-05
2203,9.422e-05
2204,9.41e-05
2205,9.41e-05
2206,9.41e-05
2207,9.41e-05
2208,9.41e-05
2209,9.41e-05
2210,9.41e-05
2211,9.41e-05
2212,9.41e-05
2213,9.41e-05
2214,9.41e-05
2215,9.41e-05
2216,9.422e-05
2217,9.422e-05
2218,9.422e-05
2219,9.422e-05
2220,9.422e-05
2221,9.422e-05
2222,9.422e-05
2223,9.422e-05
2224,9.422e-05
2225,9.422e-05
2226,9.422e-05
2227,9.422e-05
2228,9.422e-05
2229,9.422e-05
2230,9.422e-05
2231,9.422e-05
2232,9.41e-05
2233,9.41e-05
2234,9.422e-05
2235,9.422e-05
2236,9.422e-05
2237,9.422e-05
2238,9.422e-05
2239,9.422e-05
2240,9.422e-05
2241,9.422e-05
2242,9.422e-05
2243,9.422e-05
2244,9.422e-05
2245,9.422e-05
2246,9.422e-05
2247,9.424e-05
2248,9.424e-05
2249,9.424e-05
2250,9.424e-05
2251,9.424e-05
2252,9.424e-05
2253,9.424e-05
2254,9.424e-05
2255,9.424e-05
2256,9.424e-05
2257,9.424e-05
2258,9.424e-05
2259,9.424e-05
2260,9.424e-05
2261,9.424e-05
2262,9.424e-05
2263,9.424e-05
2264,9.424e-05
2265,9.424e-05
2266,9.424e-05
2267,9.424e-05
2268,9.424e-05
2269,9.424e-05
2270,9.424e-05
2271,9.424e-05
2272,9.424e-05
2273,9.424e-05
2274,9.424e-05
2275,9.424e-05
2276,9.424e-05
2277,9.424e-05
2278,9.424e-05
2279,9.424e-05
2280,9.424e-05
2281,9.424e-05
2282,9.424e-05
2283,9.424e-05
2284,9.424e-05
2285,9.424e-05
2286,9.424e-05
2287,9.424e-05
2288,9.424e-05
2289,9.424e-05
2290,9.424e-05
2291,9.424e-05
2292,9.4e-05
2293,9.4e-05
2294,9.4e-05
2295,9.4e-05
2296,9.4e-05
2297,9.4e-05
2298,9.4e-05
2299,9.4e-05
2300,9.4e-05
2301,9.4e-05
2302,9.4e-05
2303,9.4e-05
2304,9.4e-05
2305,9.4e-05
2306,9.4e-05
2307,9.4e-05
2308,9.4e-05
2309,9.4e-05
2310,9.4e-05
2311,9.4e-05
2312,9.4e-05
2313,9.4e-05
2314,9.4e-05
2315,9.4e-05
2316,9.4e-05
2317,9.4e-05
2318,9.4e-05
2319,9.4e-05
2320,9.4e-05
2321,9.4e-05
2322,9.4e-05
2323,9.4e-05
2324,9.4e-05
2325,9.4e-05
2326,9.4e-05
2327,9.4e-05
2328,9.4e-05
2329,9.4e-05
2330,9.4e-05
2331,9.4e-05
2332,9.4e-05
2333,9.4e-05
2334,9.4e-05
2335,9.4e-05
2336,9.4e-05
2337,9.4e-05
2338,9.4e-05
2339,9.4e-05
2340,9.4e-05
2341,9.4e-05
2342,9.4e-05
2343,9.4e-05
2344,9.4e-05
2345,9.4e-05
2346,9.4e-05
2347,9.4e-05
2348,9.4e-05
2349,9.4e-05
2350,9.422e-05
2351,9.422e-05
2352,9.422e-05
2353,9.422e-05
2354,9.4e-05
2355,9.4e-05
2356,9.4e-05
2357,9.4e-05
2358,9.4e-05
2359,9.4e-05
2360,9.4e-05
2361,9.4e-05
2362,9.4e-05
2363,9.4e-05
2364,9.4e-05
2365,9.4e-05
2366,9.4e-05
2367,9.4e-05
2368,9.4e-05
2369,9.4e-05
2370,9.4e-05
2371,9.4e-05
2372,9.4e-05
2373,9.4e-05
2374,9.4e-05
2375,9.4e-05
2376,9.4e-05
2377,9.4e-05
2378,9.422e-05
2379,9.422e-05
2380,9.4e-05
2381,9.4e-05
2382,9.29e-05
2383,9.29e-05
2384,9.292e-05
2385,9.292e-05
2386,9.292e-05
2387,9.292e-05
2388,9.292e-05
2389,9.292e-05
2390,9.292e-05
2391,9.292e-05
2392,9.292e-05
2393,9.292e-05
2394,9.292e-05
2395,9.292e-05
2396,9.292e-05
2397,9.292e-05
2398,9.421e-05
2399,9.421e-05
2400,9.421e-05
2401,9.421e-05
2402,9.421e-05
2403,9.421e-05
2404,9.421e-05
2405,9.421e-05
2406,9.421e-05
2407,9.323e-05
2408,9.323e-05
2409,9.323e-05
2410,9.323e-05
2411,9.323e-05
2412,9.323e-05
2413,9.323e-05
2414,9.323e-05
2415,9.323e-05
2416,9.323e-05
2417,9.323e-05
2418,9.323e-05
2419,9.323e-05
2420,9.323e-05
2421,9.323e-05
2422,9.323e-05
2423,9.323e-05
2424,9.323e-05
2425,9.323e-05
2426,9.323e-05
2427,9.323e-05
2428,9.323e-05
2429,9.323e-05
2430,9.323e-05
2431,9.323e-05
2432,9.323e-05
2433,9.323e-05
2434,9.301e-05
2435,9.301e-05
2436,9.301e-05
2437,9.3e-05
2438,9.3e-05
2439,9.3e-05
2440,9.3e-05
2441,9.3e-05
2442,9.29e-05
2443,9.29e-05
2444,9.29e-05
2445,9.29e-05
2446,9.29e-05
2447,9.29e-05
2448,9.29e-05
2449,9.29e-05
2450,9.29e-05
2451,9.29e-05
2452,9.29e-05
2453,9.29e-05
2454,9.29e-05
2455,9.29e-05
2456,9.29e-05
2457,9.29e-05
2458,9.29e-05
2459,9.29e-05
2460,9.29e-05
2461,9.29e-05
2462,9.29e-05
2463,9.29e-05
2464,9.29e-05
2465,9.29e-05
2466,9.29e-05
2467,9.29e-05
2468,9.29e-05
2469,9.29e-05
2470,9.29e-05
2471,9.301e-05
2472,9.301e-05
2473,9.301e-05
2474,9.301e-05
2475,9.301e-05
2476,9.301e-05
2477,9.301e-05
2478,9.301e-05
2479,9.301e-05
2480,9.301e-05
2481,9.301e-05
2482,9.301e-05
2483,9.301e-05
2484,9.301e-05
2485,9.301e-05
2486,9.301e-05
2487,9.301e-05
2488,9.301e-05
2489,9.301e-05
2490,9.301e-05
2491,9.301e-05
2492,9.301e-05
2493,9.301e-05
2494,9.301e-05
2495,9.3e-05
2496,9.3e-05
2497,9.3e-05
2498,9.3e-05
2499,9.3e-05
2500,9.3e-05
2501,9.3e-05
2502,9.3e-05
2503,9.3e-05
2504,9.3e-05
2505,9.3e-05
2506,9.3e-05
2507,9.3e-05
2508,9.3e-05
2509,9.3e-05
2510,9.3e-05
2511,9.3e-05
2512,9.3e-05
2513,9.3e-05
2514,9.3e-05
2515,9.3e-05
2516,9.3e-05
2517,9.3e-05
2518,9.29e-05
2519,9.29e-05
2520,9.29e-05
2521,9.29e-05
2522,9.29e-05
2523,9.29e-05
2524,9.29e-05
2525,9.29e-05
2526,9.29e-05
2527,9.29e-05
2528,9.29e-05
2529,9.29e-05
2530,9.3e-05
2531,9.3e-05
2532,9.3e-05
2533,9.3e-05
2534,9.3e-05
2535,9.3e-05
2536,9.3e-05
2537,9.3e-05
2538,9.3e-05
2539,9.3e-05
2540,9.3e-05
2541,9.3e-05
2542,9.3e-05
2543,9.3e-05
2544,9.3e-05
2545,9.3e-05
2546,9.3e-05
2547,9.3e-05
2548,9.3e-05
2549,9.3e-05
2550,9.3e-05
2551,9.3e-05
2552,9.3e-05
2553,9.3e-05
2554,9.3e-05
2555,9.3e-05
2556,9.3e-05
2557,9.3e-05
2558,9.3e-05
2559,9.3e-05
2560,9.3e-05
2561,9.3e-05
2562,9.3e-05
2563,9.3e-05
2564,9.3e-05
2565,9.3e-05
2566,9.3e-05
2567,9.3e-05
2568,9.3e-05
2569,9.3e-05
2570,9.3e-05
2571,9.3e-05
2572,9.3e-05
2573,9.3e-05
2574,9.3e-05
2575,9.3e-05
2576,9.3e-05
2577,9.3e-05
2578,9.3e-05
2579,9.3e-05
2580,9.3e-05
2581,9.3e-05
2582,9.3e-05
2583,9.3e-05
2584,9.3e-05
2585,9.3e-05
2586,9.3e-05
2587,9.29e-05
2588,9.29e-05
2589,9.29e-05
2590,9.29e-05
2591,9.29e-05
2592,9.29e-05
2593,9.29e-05
2594,9.29e-05
2595,9.29e-05
2596,9.29e-05
2597,9.29e-05
2598,9.29e-05
2599,9.29e-05
2600,9.29e-05
2601,9.29e-05
2602,9.29e-05
2603,9.29e-05
2604,9.29e-05
2605,9.29e-05
2606,9.29e-05
2607,9.29e-05
2608,9.29e-05
2609,9.29e-05
2610,9.29e-05
2611,9.29e-05
2612,9.29e-05
2613,9.29e-05
2614,9.29e-05
2615,9.29e-05
2616,9.29e-05
2617,9.29e-05
2618,9.29e-05
2619,9.29e-05
2620,9.29e-05
2621,9.29e-05
2622,9.29e-05
2623,9.29e-05
2624,9.29e-05
2625,9.29e-05
2626,9.29e-05
2627,9.29e-05
2628,9.297e-05
2629,9.297e-05
2630,9.297e-05
2631,9.297e-05
2632,9.297e-05
2633,9.297e-05
2634,9.297e-05
2635,9.297e-05
2636,9.297e-05
2637,9.297e-05
2638,9.297e-05
2639,9.297e-05
2640,9.297e-05
2641,9.297e-05
2642,9.297e-05
2643,9.297e-05
2644,9.297e-05
2645,9.297e-05
2646,9.297e-05
2647,9.297e-05
2648,9.297e-05
2649,9.2e-05
2650,9.2e-05
2651,9.2e-05
2652,9.2e-05
2653,9.229e-05
2654,9.229e-05
2655,9.229e-05
2656,9.229e-05
2657,9.229e-05
2658,9.229e-05
2659,9.288e-05
2660,9.192e-05
2661,9.192e-05
2662,9.192e-05
2663,9.192e-05
2664,9.192e-05
2665,9.192e-05
2666,9.192e-05
2667,9.192e-05
2668,9.192e-05
2669,9.192e-05
2670,9.192e-05
2671,9.192e-05
2672,9.192e-05
2673,9.192e-05
2674,9.192e-05
2675,9.192e-05
2676,9.192e-05
2677,9.192e-05
2678,9.188e-05
2679,9.188e-05
2680,9.188e-05
2681,9.187e-05
2682,9.187e-05
2683,9.187e-05
2684,9.187e-05
2685,9.188e-05
2686,9.188e-05
2687,9.188e-05
2688,9.188e-05
2689,9.188e-05
2690,9.188e-05
2691,9.188e-05
2692,9.188e-05
2693,9.188e-05
2694,9.188e-05
2695,9.188e-05
2696,9.188e-05
2697,9.188e-05
2698,9.188e-05
2699,9.188e-05
2700,9.188e-05
2701,9.188e-05
2702,9.185e-05
2703,9.185e-05
2704,9.185e-05
2705,9.185e-05
2706,9.185e-05
2707,9.185e-05
2708,9.185e-05
2709,9.185e-05
2710,9.161e-05
2711,9.161e-05
2712,9.161e-05
2713,9.161e-05
2714,9.161e-05
2715,9.277e-05
2716,9.279e-05
2717,9.279e-05
2718,9.279e-05
2719,9.279e-05
2720,9.279e-05
2721,9.279e-05
2722,9.279e-05
2723,9.279e-05
2724,9.292e-05
2725,9.292e-05
2726,9.292e-05
2727,9.292e-05
2728,9.292e-05
2729,9.292e-05
2730,9.292e-05
2731,9.292e-05
2732,9.292e-05
2733,9.292e-05
2734,9.292e-05
2735,9.292e-05
2736,9.279e-05
2737,9.279e-05
2738,9.279e-05
2739,9.295e-05
2740,9.295e-05
2741,9.295e-05
2742,9.295e-05
2743,9.295e-05
2744,9.203e-05
2745,9.203e-05
2746,9.203e-05
2747,9.203e-05
2748,9.203e-05
2749,9.203e-05
2750,9.203e-05
2751,9.203e-05
2752,9.203e-05
2753,9.203e-05
2754,9.203e-05
2755,9.203e-05
2756,9.203e-05
2757,9.203e-05
2758,9.203e-05
2759,9.203e-05
2760,9.203e-05
2761,9.199e-05
2762,9.199e-05
2763,9.199e-05
2764,9.199e-05
2765,9.199e-05
2766,9.199e-05
2767,9.283e-05
2768,9.283e-05
2769,9.192e-05
2770,9.192e-05
2771,9.192e-05
2772,9.192e-05
2773,9.192e-05
2774,9.192e-05
2775,9.199e-05
2776,9.199e-05
2777,9.199e-05
2778,9.199e-05
2779,9.199e-05
2780,9.199e-05
2781,9.192e-05
2782,9.192e-05
2783,9.192e-05
2784,9.192e-05
2785,9.192e-05
2786,9.192e-05
2787,9.192e-05
2788,9.281e-05
2789,9.281e-05
2790,9.281e-05
2791,9.281e-05
2792,9.281e-05
2793,9.281e-05
2794,9.279e-05
2795,9.279e-05
2796,9.279e-05
2797,9.279e-05
2798,9.279e-05
2799,9.279e-05
2800,9.188e-05
2801,9.187e-05
2802,9.187e-05
2803,9.188e-05
2804,9.188e-05
2805,9.188e-05
2806,9.188e-05
2807,9.188e-05
2808,9.188e-05
2809,9.188e-05
2810,9.189e-05
2811,9.189e-05
2812,9.189e-05
2813,9.189e-05
2814,9.189e-05
2815,9.189e-05
2816,9.28e-05
2817,9.28e-05
2818,9.28e-05
2819,9.189e-05
2820,9.189e-05
2821,9.189e-05
2822,9.189e-05
2823,9.189e-05
2824,9.189e-05
2825,9.189e-05
2826,9.189e-05
2827,9.189e-05
2828,9.191e-05
2829,9.189e-05
2830,9.189e-05
2831,9.189e-05
2832,9.189e-05
2833,9.189e-05
2834,9.189e-05
2835,9.189e-05
2836,9.189e-05
2837,9.189e-05
2838,9.189e-05
2839,9.189e-05
2840,9.191e-05
2841,9.191e-05
2842,9.191e-05
2843,9.191e-05
2844,9.191e-05
2845,9.191e-05
2846,9.191e-05
2847,9.191e-05
2848,9.191e-05
2849,9.191e-05
2850,9.191e-05
2851,9.191e-05
2852,9.189e-05
2853,9.189e-05
2854,9.189e-05
2855,9.189e-05
2856,9.189e-05
2857,9.189e-05
2858,9.19e-05
2859,9.19e-05
2860,9.19e-05
2861,9.19e-05
2862,9.189e-05
2863,9.189e-05
2864,9.189e-05
2865,9.189e-05
2866,9.189e-05
2867,9.189e-05
2868,9.189e-05
2869,9.189e-05
2870,9.189e-05
2871,9.189e-05
2872,9.189e-05
2873,9.189e-05
2874,9.189e-05
2875,9.189e-05
2876,9.189e-05
2877,9.189e-05
2878,9.189e-05
2879,9.28e-05
2880,9.28e-05
2881,9.28e-05
2882,9.28e-05
2883,9.28e-05
2884,9.28e-05
2885,9.28e-05
2886,9.28e-05
2887,9.28e-05
2888,9.28e-05
2889,9.28e-05
2890,9.28e-05
2891,9.28e-05
2892,9.28e-05
2893,9.28e-05
2894,9.28e-05
2895,9.28e-05
2896,9.28e-05
2897,9.28e-05
2898,9.28e-05
2899,9.28e-05
2900,9.28e-05
2901,9.28e-05
2902,9.28e-05
2903,9.28e-05
2904,9.28e-05
2905,9.28e-05
2906,9.28e-05
2907,9.28e-05
2908,9.28e-05
2909,9.28e-05
2910,9.28e-05
2911,9.28e-05
2912,9.28e-05
2913,9.277e-05
2914,9.277e-05
2915,9.277e-05
2916,9.277e-05
2917,9.277e-05
2918,9.277e-05
2919,9.277e-05
2920,9.277e-05
2921,9.277e-05
2922,9.277e-05
2923,9.277e-05
2924,9.277e-05
2925,9.277e-05
2926,9.277e-05
2927,9.277e-05
2928,9.277e-05
2929,9.277e-05
2930,9.277e-05
2931,9.277e-05
2932,9.277e-05
2933,9.277e-05
2934,9.277e-05
2935,9.277e-05
2936,9.277e-05
2937,9.277e-05
2938,9.277e-05
2939,9.277e-05
2940,9.277e-05
2941,9.277e-05
2942,9.277e-05
2943,9.277e-05
2944,9.277e-05
2945,9.277e-05
2946,9.186e-05
2947,9.264e-05
2948,9.264e-05
2949,9.264e-05
2950,9.264e-05
2951,9.264e-05
2952,9.264e-05
2953,9.09e-05
2954,9.09e-05
2955,9.1e-05
2956,9.1e-05
2957,9.097e-05
2958,9.097e-05
2959,9.097e-05
2960,9.097e-05
2961,9.097e-05
2962,9.097e-05
2963,9.097e-05
2964,9.195e-05
2965,9.195e-05
2966,9.194e-05
2967,9.195e-05
2968,9.195e-05
2969,9.195e-05
2970,9.195e-05
2971,9.195e-05
2972,9.195e-05
2973,9.195e-05
2974,9.195e-05
2975,9.195e-05
2976,9.195e-05
2977,9.195e-05
2978,9.195e-05
2979,9.195e-05
2980,9.195e-05
2981,9.195e-05
2982,9.195e-05
2983,9.195e-05
2984,9.195e-05
2985,9.195e-05
2986,9.195e-05
2987,9.195e-05
2988,9.195e-05
2989,9.195e-05
2990,9.195e-05
2991,9.195e-05
2992,9.195e-05
2993,9.195e-05
2994,9.195e-05
2995,9.195e-05
2996,9.195e-05
2997,9.195e-05
2998,9.195e-05
2999,9.195e-05
3000,9.195e-05
3001,9.195e-05
3002,9.195e-05
3003,9.195e-05
3004,9.119e-05
3005,9.119e-05
3006,9.119e-05
3007,9.119e-05
3008,9.119e-05
3009,9.119e-05
3010,9.119e-05
3011,9.119e-05
3012,9.119e-05
3013,9.119e-05
3014,9.118e-05
3015,9.118e-05
3016,9.118e-05
3017,9.118e-05
3018,9.118e-05
3019,9.118e-05
3020,9.118e-05
3021,9.118e-05
3022,9.118e-05
3023,9.118e-05
3024,9.099e-05
3025,9.099e-05
3026,9.1e-05
3027,9.1e-05
3028,9.1e-05
3029,9.1e-05
3030,9.1e-05
3031,9.1e-05
3032,9.1e-05
3033,9.09e-05
3034,9.09e-05
3035,9.09e-05
3036,9.09e-05
3037,9.1e-05
3038,9.09e-05
3039,9.09e-05
3040,9.09e-05
3041,9.09e-05
3042,9.09e-05
3043,9.09e-05
3044,9.09e-05
3045,9.09e-05
3046,9.09e-05
3047,9.09e-05
3048,9.09e-05
3049,9.09e-05
3050,9.09e-05
3051,9.09e-05
3052,9.09e-05
3053,9.09e-05
3054,9.09e-05
3055,9.09e-05
3056,9.09e-05
3057,9.09e-05
3058,9.09e-05
3059,9.09e-05
3060,8.99e-05
3061,8.99e-05
3062,8.99e-05
3063,8.99e-05
3064,8.995e-05
3065,8.995e-05
3066,8.995e-05
3067,8.995e-05
3068,9e-05
3069,9e-05
3070,9e-05
3071,8.8e-05
3072,8.8e-05
3073,8.8e-05
3074,8.512e-05
3075,8.699e-05
3076,8.699e-05
3077,8.71e-05
3078,8.71e-05
3079,8.71e-05
3080,8.711e-05
3081,8.74e-05
3082,8.751e-05
3083,8.784e-05
3084,8.784e-05
3085,8.784e-05
3086,8.784e-05
3087,8.784e-05
3088,8.784e-05
3089,8.784e-05
3090,8.784e-05
3091,8.784e-05
3092,8.784e-05
3093,8.784e-05
3094,8.789e-05
3095,8.789e-05
3096,8.789e-05
3097,8.789e-05
3098,8.789e-05
3099,8.789e-05
3100,8.813e-05
3101,8.813e-05
3102,8.813e-05
3103,8.813e-05
3104,8.813e-05
3105,8.821e-05
3106,8.814e-05
3107,8.814e-05
3108,8.821e-05
3109,8.821e-05
3110,8.844e-05
3111,8.844e-05
3112,8.844e-05
3113,8.844e-05
3114,8.889e-05
3115,8.889e-05
3116,8.889e-05
3117,8.889e-05
3118,8.889e-05
3119,8.889e-05
3120,8.889e-05
3121,8.889e-05
3122,8.889e-05
3123,8.889e-05
3124,8.889e-05
3125,8.889e-05
3126,8.889e-05
3127,8.889e-05
3128,8.889e-05
3129,8.889e-05
3130,8.889e-05
3131,8.889e-05
3132,8.889e-05
3133,8.889e-05
3134,8.889e-05
3135,8.825e-05
3136,8.825e-05
3137,8.825e-05
3138,8.825e-05
3139,8.825e-05
3140,8.825e-05
3141,8.895e-05
3142,8.895e-05
3143,8.895e-05
3144,8.895e-05
3145,8.895e-05
3146,8.895e-05
3147,8.895e-05
3148,8.895e-05
3149,8.895e-05
3150,8.895e-05
3151,8.895e-05
3152,8.895e-05
3153,8.895e-05
3154,8.895e-05
3155,8.895e-05
3156,8.895e-05
3157,8.895e-05
3158,8.895e-05
3159,8.895e-05
3160,8.895e-05
3161,8.895e-05
3162,8.895e-05
3163,8.895e-05
3164,8.895e-05
3165,8.816e-05
3166,8.816e-05
3167,8.816e-05
3168,8.816e-05
3169,8.885e-05
3170,8.885e-05
3171,8.885e-05
3172,8.885e-05
3173,8.816e-05
3174,8.816e-05
3175,8.882e-05
3176,8.882e-05
3177,8.882e-05
3178,8.882e-05
3179,8.882e-05
3180,8.816e-05
3181,8.816e-05
3182,8.814e-05
3183,8.814e-05
3184,8.814e-05
3185,8.814e-05
3186,8.814e-05
3187,8.814e-05
3188,8.814e-05
3189,8.814e-05
3190,8.814e-05
3191,8.814e-05
3192,8.814e-05
3193,8.816e-05
3194,8.816e-05
3195,8.816e-05
3196,8.816e-05
3197,8.816e-05
3198,8.816e-05
3199,8.816e-05
3200,8.816e-05
3201,8.816e-05
3202,8.815e-05
3203,8.815e-05
3204,8.815e-05
3205,8.814e-05
3206,8.814e-05
3207,8.814e-05
3208,8.814e-05
3209,8.814e-05
3210,8.816e-05
3211,8.816e-05
3212,8.816e-05
3213,8.816e-05
3214,8.816e-05
3215,8.816e-05
3216,8.816e-05
3217,8.816e-05
3218,8.816e-05
3219,8.816e-05
3220,8.816e-05
3221,8.816e-05
3222,8.816e-05
3223,8.816e-05
3224,8.864e-05
3225,8.864e-05
3226,8.864e-05
3227,8.864e-05
3228,8.864e-05
3229,8.864e-05
3230,8.864e-05
3231,8.864e-05
3232,8.864e-05
3233,8.864e-05
3234,8.864e-05
3235,8.814e-05
3236,8.814e-05
3237,8.814e-05
3238,8.814e-05
3239,8.814e-05
3240,8.814e-05
3241,8.814e-05
3242,8.814e-05
3243,8.814e-05
3244,8.814e-05
3245,8.814e-05
3246,8.814e-05
3247,8.814e-05
3248,8.814e-05
3249,8.814e-05
3250,8.814e-05
3251,8.813e-05
3252,8.812e-05
3253,8.805e-05
3254,8.805e-05
3255,8.805e-05
3256,8.805e-05
3257,8.797e-05
3258,8.797e-05
3259,8.797e-05
3260,8.797e-05
3261,8.797e-05
3262,8.797e-05
3263,8.797e-05
3264,8.797e-05
3265,8.797e-05
3266,8.797e-05
3267,8.797e-05
3268,8.797e-05
3269,8.74e-05
3270,8.74e-05
3271,8.74e-05
3272,8.74e-05
3273,8.737e-05
3274,8.737e-05
3275,8.737e-05
3276,8.737e-05
3277,8.733e-05
3278,8.733e-05
3279,8.726e-05
3280,8.725e-05
3281,8.725e-05
3282,8.7e-05
3283,8.708e-05
3284,8.708e-05
3285,8.706e-05
3286,8.7e-05
3287,8.7e-05
3288,8.666e-05
3289,8.666e-05
3290,8.658e-05
3291,8.658e-05
3292,8.658e-05
3293,8.653e-05
3294,8.653e-05
3295,8.653e-05
3296,8.653e-05
3297,8.653e-05
3298,8.653e-05
3299,8.645e-05
3300,8.645e-05
3301,8.645e-05
3302,8.638e-05
3303,8.643e-05
3304,8.603e-05
3305,8.603e-05
3306,8.603e-05
3307,8.603e-05
3308,8.603e-05
3309,8.602e-05
3310,8.602e-05
3311,8.602e-05
3312,8.6e-05
3313,8.591e-05
3314,8.578e-05
3315,8.579e-05
3316,8.579e-05
3317,8.579e-05
3318,8.579e-05
3319,8.599e-05
3320,8.599e-05
3321,8.599e-05
3322,8.599e-05
3323,8.6e-05
3324,8.6e-05
3325,8.6e-05
3326,8.6e-05
3327,8.6e-05
3328,8.6e-05
3329,8.687e-05
3330,8.687e-05
3331,8.687e-05
3332,8.687e-05
3333,8.687e-05
3334,8.687e-05
3335,8.687e-05
3336,8.687e-05
3337,8.687e-05
3338,8.685e-05
3339,8.685e-05
3340,8.685e-05
3341,8.685e-05
3342,8.685e-05
3343,8.685e-05
3344,8.685e-05
3345,8.685e-05
3346,8.685e-05
3347,8.686e-05
3348,8.687e-05
3349,8.687e-05
3350,8.687e-05
3351,8.687e-05
3352,8.687e-05
3353,8.687e-05
3354,8.612e-05
3355,8.612e-05
3356,8.612e-05
3357,8.601e-05
3358,8.601e-05
3359,8.601e-05
3360,8.601e-05
3361,8.601e-05
3362,8.601e-05
3363,8.601e-05
3364,8.601e-05
3365,8.601e-05
3366,8.601e-05
3367,8.601e-05
3368,8.601e-05
3369,8.601e-05
3370,8.601e-05
3371,8.601e-05
3372,8.601e-05
3373,8.601e-05
3374,8.601e-05
3375,8.601e-05
3376,8.601e-05
3377,8.601e-05
3378,8.601e-05
3379,8.601e-05
3380,8.601e-05
3381,8.601e-05
3382,8.601e-05
3383,8.601e-05
3384,8.601e-05
3385,8.601e-05
3386,8.601e-05
3387,8.601e-05
3388,8.601e-05
3389,8.601e-05
3390,8.601e-05
3391,8.601e-05
3392,8.601e-05
3393,8.601e-05
3394,8.601e-05
3395,8.601e-05
3396,8.601e-05
3397,8.601e-05
3398,8.6e-05
3399,8.6e-05
3400,8.6e-05
3401,8.6e-05
3402,8.6e-05
3403,8.6e-05
3404,8.6e-05
3405,8.6e-05
3406,8.6e-05
3407,8.6e-05
3408,8.6e-05
3409,8.6e-05
3410,8.6e-05
3411,8.6e-05
3412,8.6e-05
3413,8.574e-05
3414,8.574e-05
3415,8.574e-05
3416,8.564e-05
3417,8.564e-05
3418,8.574e-05
3419,8.574e-05
3420,8.574e-05
3421,8.574e-05
3422,8.574e-05
3423,8.563e-05
3424,8.563e-05
3425,8.563e-05
3426,8.563e-05
3427,8.562e-05
3428,8.562e-05
3429,8.562e-05
3430,8.562e-05
3431,8.562e-05
3432,8.562e-05
3433,8.562e-05
3434,8.562e-05
3435,8.562e-05
3436,8.562e-05
3437,8.562e-05
3438,8.562e-05
3439,8.562e-05
3440,8.562e-05
3441,8.562e-05
3442,8.562e-05
3443,8.562e-05
3444,8.562e-05
3445,8.562e-05
3446,8.563e-05
3447,8.563e-05
3448,8.563e-05
3449,8.558e-05
3450,8.558e-05
3451,8.558e-05
3452,8.558e-05
3453,8.558e-05
3454,8.558e-05
3455,8.558e-05
3456,8.558e-05
3457,8.558e-05
3458,8.558e-05
3459,8.562e-05
3460,8.562e-05
3461,8.562e-05
3462,8.562e-05
3463,8.562e-05
3464,8.562e-05
3465,8.562e-05
3466,8.562e-05
3467,8.562e-05
3468,8.563e-05
3469,8.563e-05
3470,8.563e-05
3471,8.563e-05
3472,8.563e-05
3473,8.563e-05
3474,8.563e-05
3475,8.563e-05
3476,8.563e-05
3477,8.563e-05
3478,8.563e-05
3479,8.563e-05
3480,8.563e-05
3481,8.563e-05
3482,8.563e-05
3483,8.563e-05
3484,8.563e-05
3485,8.563e-05
3486,8.563e-05
3487,8.563e-05
3488,8.563e-05
3489,8.563e-05
3490,8.563e-05
3491,8.563e-05
3492,8.563e-05
3493,8.563e-05
3494,8.563e-05
3495,8.563e-05
3496,8.563e-05
3497,8.563e-05
3498,8.563e-05
3499,8.563e-05
3500,8.563e-05
3501,8.562e-05
3502,8.562e-05
3503,8.562e-05
3504,8.562e-05
3505,8.563e-05
3506,8.563e-05
3507,8.563e-05
3508,8.563e-05
3509,8.563e-05
3510,8.563e-05
3511,8.563e-05
3512,8.563e-05
3513,8.563e-05
3514,8.563e-05
3515,8.563e-05
3516,8.563e-05
3517,8.563e-05
3518,8.563e-05
3519,8.563e-05
3520,8.563e-05
3521,8.562e-05
3522,8.562e-05
3523,8.562e-05
3524,8.562e-05
3525,8.562e-05
3526,8.562e-05
3527,8.563e-05
3528,8.563e-05
3529,8.563e-05
3530,8.563e-05
3531,8.563e-05
3532,8.563e-05
3533,8.562e-05
3534,8.562e-05
3535,8.562e-05
3536,8.562e-05
3537,8.562e-05
3538,8.562e-05
3539,8.563e-05
3540,8.563e-05
3541,8.563e-05
3542,8.563e-05
3543,8.563e-05
3544,8.563e-05
3545,8.563e-05
3546,8.563e-05
3547,8.563e-05
3548,8.563e-05
3549,8.563e-05
3550,8.563e-05
3551,8.563e-05
3552,8.563e-05
3553,8.563e-05
3554,8.563e-05
3555,8.562e-05
3556,8.562e-05
3557,8.562e-05
3558,8.562e-05
3559,8.562e-05
3560,8.562e-05
3561,8.562e-05
3562,8.562e-05
3563,8.562e-05
3564,8.562e-05
3565,8.562e-05
3566,8.562e-05
3567,8.562e-05
3568,8.562e-05
3569,8.562e-05
3570,8.562e-05
3571,8.562e-05
3572,8.562e-05
3573,8.562e-05
3574,8.562e-05
3575,8.562e-05
3576,8.562e-05
3577,8.562e-05
3578,8.562e-05
3579,8.562e-05
3580,8.562e-05
3581,8.562e-05
3582,8.562e-05
3583,8.562e-05
3584,8.563e-05
3585,8.563e-05
3586,8.563e-05
3587,8.563e-05
3588,8.563e-05
3589,8.563e-05
3590,8.563e-05
3591,8.563e-05
3592,8.563e-05
3593,8.563e-05
3594,8.563e-05
3595,8.563e-05
3596,8.563e-05
3597,8.563e-05
3598,8.563e-05
3599,8.562e-05
3600,8.562e-05
3601,8.562e-05
3602,8.563e-05
3603,8.563e-05
3604,8.563e-05
3605,8.563e-05
3606,8.563e-05
3607,8.563e-05
3608,8.563e-05
3609,8.563e-05
3610,8.563e-05
3611,8.563e-05
3612,8.563e-05
3613,8.563e-05
3614,8.563e-05
3615,8.563e-05
3616,8.563e-05
3617,8.563e-05
3618,8.563e-05
3619,8.563e-05
3620,8.563e-05
3621,8.563e-05
3622,8.563e-05
3623,8.563e-05
3624,8.563e-05
3625,8.563e-05
3626,8.563e-05
3627,8.562e-05
3628,8.562e-05
3629,8.562e-05
3630,8.562e-05
3631,8.562e-05
3632,8.562e-05
3633,8.562e-05
3634,8.562e-05
3635,8.562e-05
3636,8.563e-05
3637,8.563e-05
3638,8.563e-05
3639,8.563e-05
3640,8.563e-05
3641,8.563e-05
3642,8.563e-05
3643,8.563e-05
3644,8.563e-05
3645,8.563e-05
3646,8.563e-05
3647,8.563e-05
3648,8.563e-05
3649,8.563e-05
3650,8.563e-05
3651,8.563e-05
3652,8.563e-05
3653,8.563e-05
3654,8.563e-05
3655,8.563e-05
3656,8.563e-05
3657,8.563e-05
3658,8.563e-05
3659,8.563e-05
3660,8.563e-05
3661,8.563e-05
3662,8.563e-05
3663,8.563e-05
3664,8.563e-05
3665,8.563e-05
3666,8.563e-05
3667,8.563e-05
3668,8.563e-05
3669,8.563e-05
3670,8.563e-05
3671,8.563e-05
3672,8.563e-05
3673,8.563e-05
3674,8.563e-05
3675,8.563e-05
3676,8.563e-05
3677,8.563e-05
3678,8.563e-05
3679,8.563e-05
3680,8.563e-05
3681,8.562e-05
3682,8.562e-05
3683,8.562e-05
3684,8.562e-05
3685,8.562e-05
3686,8.562e-05
3687,8.562e-05
3688,8.562e-05
3689,8.562e-05
3690,8.562e-05
3691,8.562e-05
3692,8.562e-05
3693,8.562e-05
3694,8.562e-05
3695,8.562e-05
3696,8.562e-05
3697,8.562e-05
3698,8.562e-05
3699,8.562e-05
3700,8.562e-05
3701,8.562e-05
3702,8.562e-05
3703,8.562e-05
3704,8.562e-05
3705,8.562e-05
3706,8.562e-05
3707,8.562e-05
3708,8.562e-05
3709,8.562e-05
3710,8.562e-05
3711,8.562e-05
3712,8.562e-05
3713,8.562e-05
3714,8.562e-05
3715,8.562e-05
3716,8.562e-05
3717,8.562e-05
3718,8.562e-05
3719,8.562e-05
3720,8.562e-05
3721,8.562e-05
3722,8.562e-05
3723,8.562e-05
3724,8.562e-05
3725,8.562e-05
3726,8.562e-05
3727,8.545e-05
3728,8.562e-05
3729,8.562e-05
3730,8.562e-05
3731,8.562e-05
3732,8.562e-05
3733,8.562e-05
3734,8.562e-05
3735,8.562e-05
3736,8.562e-05
3737,8.545e-05
3738,8.545e-05
3739,8.545e-05
3740,8.545e-05
3741,8.545e-05
3742,8.545e-05
3743,8.545e-05
3744,8.545e-05
3745,8.545e-05
3746,8.545e-05
3747,8.545e-05
3748,8.545e-05
3749,8.545e-05
3750,8.545e-05
3751,8.545e-05
3752,8.545e-05
3753,8.545e-05
3754,8.545e-05
3755,8.545e-05
3756,8.545e-05
3757,8.545e-05
3758,8.545e-05
3759,8.545e-05
3760,8.545e-05
3761,8.545e-05
3762,8.545e-05
3763,8.545e-05
3764,8.545e-05
3765,8.545e-05
3766,8.545e-05
3767,8.545e-05
3768,8.545e-05
3769,8.545e-05
3770,8.545e-05
3771,8.545e-05
3772,8.545e-05
3773,8.545e-05
3774,8.545e-05
3775,8.545e-05
3776,8.545e-05
3777,8.545e-05
3778,8.545e-05
3779,8.545e-05
3780,8.545e-05
3781,8.424e-05
3782,8.424e-05
3783,8.455e-05
3784,8.455e-05
3785,8.454e-05
3786,8.454e-05
3787,8.454e-05
3788,8.454e-05
3789,8.454e-05
3790,8.454e-05
3791,8.454e-05
3792,8.454e-05
3793,8.454e-05
3794,8.454e-05
3795,8.454e-05
3796,8.454e-05
3797,8.454e-05
3798,8.454e-05
3799,8.454e-05
3800,8.454e-05
3801,8.454e-05
3802,8.454e-05
3803,8.454e-05
3804,8.454e-05
3805,8.454e-05
3806,8.454e-05
3807,8.454e-05
3808,8.454e-05
3809,8.454e-05
3810,8.454e-05
3811,8.454e-05
3812,8.454e-05
3813,8.454e-05
3814,8.454e-05
3815,8.454e-05
3816,8.454e-05
3817,8.454e-05
3818,8.454e-05
3819,8.454e-05
3820,8.454e-05
3821,8.454e-05
3822,8.454e-05
3823,8.484e-05
3824,8.484e-05
3825,8.484e-05
3826,8.484e-05
3827,8.484e-05
3828,8.484e-05
3829,8.484e-05
3830,8.484e-05
3831,8.454e-05
3832,8.454e-05
3833,8.454e-05
3834,8.454e-05
3835,8.454e-05
3836,8.454e-05
3837,8.454e-05
3838,8.454e-05
3839,8.454e-05
3840,8.454e-05
3841,8.454e-05
3842,8.454e-05
3843,8.454e-05
3844,8.454e-05
3845,8.454e-05
3846,8.454e-05
3847,8.454e-05
3848,8.454e-05
3849,8.485e-05
3850,8.485e-05
3851,8.485e-05
3852,8.485e-05
3853,8.402e-05
3854,8.402e-05
3855,8.402e-05
3856,8.402e-05
3857,8.402e-05
3858,8.394e-05
3859,8.378e-05
3860,8.378e-05
3861,8.378e-05
3862,8.343e-05
3863,8.343e-05
3864,8.343e-05
3865,8.343e-05
3866,8.343e-05
3867,8.343e-05
3868,8.343e-05
3869,8.377e-05
3870,8.378e-05
3871,8.378e-05
3872,8.378e-05
3873,8.378e-05
3874,8.378e-05
3875,8.343e-05
3876,8.343e-05
3877,8.378e-05
3878,8.378e-05
3879,8.378e-05
3880,8.378e-05
3881,8.378e-05
3882,8.34e-05
3883,8.34e-05
3884,8.378e-05
3885,8.378e-05
3886,8.378e-05
3887,8.378e-05
3888,8.34e-05
3889,8.378e-05
3890,8.378e-05
3891,8.378e-05
3892,8.378e-05
3893,8.378e-05
3894,8.378e-05
3895,8.378e-05
3896,8.378e-05
3897,8.378e-05
3898,8.378e-05
3899,8.378e-05
3900,8.378e-05
3901,8.378e-05
3902,8.378e-05
3903,8.378e-05
3904,8.378e-05
3905,8.378e-05
3906,8.378e-05
3907,8.378e-05
3908,8.378e-05
3909,8.378e-05
3910,8.378e-05
3911,8.378e-05
3912,8.378e-05
3913,8.378e-05
3914,8.378e-05
3915,8.378e-05
3916,8.378e-05
3917,8.378e-05
3918,8.378e-05
3919,8.378e-05
3920,8.378e-05
3921,8.378e-05
3922,8.378e-05
3923,8.378e-05
3924,8.378e-05
3925,8.402e-05
3926,8.402e-05
3927,8.402e-05
3928,8.346e-05
3929,8.346e-05
3930,8.346e-05
3931,8.346e-05
3932,8.346e-05
3933,8.346e-05
3934,8.346e-05
3935,8.346e-05
3936,8.346e-05
3937,8.346e-05
3938,8.346e-05
3939,8.346e-05
3940,8.346e-05
3941,8.346e-05
3942,8.346e-05
3943,8.346e-05
3944,8.346e-05
3945,8.346e-05
3946,8.346e-05
3947,8.346e-05
3948,8.346e-05
3949,8.346e-05
3950,8.346e-05
3951,8.346e-05
3952,8.346e-05
3953,8.402e-05
3954,8.402e-05
3955,8.402e-05
3956,8.402e-05
3957,8.402e-05
3958,8.403e-05
3959,8.403e-05
3960,8.459e-05
3961,8.459e-05
3962,8.467e-05
3963,8.467e-05
3964,8.486e-05
3965,8.486e-05
3966,8.468e-05
3967,8.485e-05
3968,8.485e-05
3969,8.46e-05
3970,8.459e-05
3971,8.459e-05
3972,8.459e-05
3973,8.459e-05
3974,8.459e-05
3975,8.459e-05
3976,8.459e-05
3977,8.459e-05
3978,8.403e-05
3979,8.403e-05
3980,8.403e-05
3981,8.403e-05
3982,8.403e-05
3983,8.403e-05
3984,8.403e-05
3985,8.403e-05
3986,8.37e-05
3987,8.37e-05
3988,8.37e-05
3989,8.37e-05
3990,8.37e-05
3991,8.37e-05
3992,8.37e-05
3993,8.37e-05
3994,8.37e-05
3995,8.37e-05
3996,8.44e-05
3997,8.44e-05
3998,8.44e-05
3999,8.44e-05
4000,8.44e-05
4001,8.44e-05
4002,8.37e-05
4003,8.37e-05
4004,8.37e-05
4005,8.37e-05
4006,8.37e-05
4007,8.37e-05
4008,8.37e-05
4009,8.37e-05
4010,8.37e-05
4011,8.37e-05
4012,8.37e-05
4013,8.37e-05
4014,8.37e-05
4015,8.37e-05
4016,8.37e-05
4017,8.37e-05
4018,8.37e-05
4019,8.37e-05
4020,8.37e-05
4021,8.37e-05
4022,8.37e-05
4023,8.37e-05
4024,8.37e-05
4025,8.37e-05
4026,8.37e-05
4027,8.37e-05
4028,8.37e-05
4029,8.37e-05
4030,8.37e-05
4031,8.37e-05
4032,8.37e-05
4033,8.37e-05
4034,8.37e-05
4035,8.37e-05
4036,8.37e-05
4037,8.37e-05
4038,8.37e-05
4039,8.37e-05
4040,8.37e-05
4041,8.37e-05
4042,8.44e-05
4043,8.44e-05
4044,8.44e-05
4045,8.44e-05
4046,8.44e-05
4047,8.44e-05
4048,8.44e-05
4049,8.44e-05
4050,8.44e-05
4051,8.44e-05
4052,8.44e-05
4053,8.44e-05
4054,8.44e-05
4055,8.44e-05
4056,8.44e-05
4057,8.44e-05
4058,8.44e-05
4059,8.44e-05
4060,8.44e-05
4061,8.44e-05
4062,8.44e-05
4063,8.44e-05
4064,8.44e-05
4065,8.44e-05
4066,8.44e-05
4067,8.44e-05
4068,8.44e-05
4069,8.44e-05
4070,8.44e-05
4071,8.44e-05
4072,8.44e-05
4073,8.44e-05
4074,8.44e-05
4075,8.44e-05
4076,8.44e-05
4077,8.44e-05
4078,8.44e-05
4079,8.44e-05
4080,8.44e-05
4081,8.371e-05
4082,8.371e-05
4083,8.371e-05
4084,8.371e-05
4085,8.371e-05
4086,8.371e-05
4087,8.371e-05
4088,8.371e-05
4089,8.371e-05
4090,8.371e-05
4091,8.371e-05
4092,8.371e-05
4093,8.371e-05
4094,8.37e-05
4095,8.37e-05
4096,8.37e-05
4097,8.37e-05
4098,8.37e-05
4099,8.37e-05
4100,8.37e-05
4101,8.37e-05
4102,8.37e-05
4103,8.37e-05
4104,8.37e-05
4105,8.37e-05
4106,8.37e-05
4107,8.37e-05
4108,8.44e-05
4109,8.44e-05
4110,8.44e-05
4111,8.44e-05
4112,8.44e-05
4113,8.44e-05
4114,8.44e-05
4115,8.44e-05
4116,8.44e-05
4117,8.44e-05
4118,8.44e-05
4119,8.44e-05
4120,8.44e-05
4121,8.44e-05
4122,8.44e-05
4123,8.44e-05
4124,8.44e-05
4125,8.44e-05
4126,8.44e-05
4127,8.44e-05
4128,8.44e-05
4129,8.44e-05
4130,8.39e-05
4131,8.39e-05
4132,8.44e-05
4133,8.44e-05
4134,8.44e-05
4135,8.44e-05
4136,8.44e-05
4137,8.44e-05
4138,8.44e-05
4139,8.44e-05
4140,8.44e-05
4141,8.44e-05
4142,8.44e-05
4143,8.44e-05
4144,8.44e-05
4145,8.44e-05
4146,8.44e-05
4147,8.44e-05
4148,8.44e-05
4149,8.44e-05
4150,8.44e-05
4151,8.44e-05
4152,8.44e-05
4153,8.44e-05
4154,8.44e-05
4155,8.44e-05
4156,8.44e-05
4157,8.44e-05
4158,8.43e-05
4159,8.43e-05
4160,8.43e-05
4161,8.43e-05
4162,8.43e-05
4163,8.371e-05
4164,8.371e-05
4165,8.371e-05
4166,8.371e-05
4167,8.371e-05
4168,8.371e-05
4169,8.371e-05
4170,8.371e-05
4171,8.371e-05
4172,8.371e-05
4173,8.371e-05
4174,8.371e-05
4175,8.371e-05
4176,8.371e-05
4177,8.371e-05
4178,8.371e-05
4179,8.371e-05
4180,8.371e-05
4181,8.371e-05
4182,8.371e-05
4183,8.371e-05
4184,8.37e-05
4185,8.37e-05
4186,8.37e-05
4187,8.37e-05
4188,8.37e-05
4189,8.37e-05
4190,8.37e-05
4191,8.37e-05
4192,8.37e-05
4193,8.37e-05
4194,8.37e-05
4195,8.37e-05
4196,8.37e-05
4197,8.37e-05
4198,8.37e-05
4199,8.37e-05
4200,8.37e-05
4201,8.37e-05
4202,8.37e-05
4203,8.37e-05
4204,8.37e-05
4205,8.37e-05
4206,8.37e-05
4207,8.37e-05
4208,8.37e-05
4209,8.37e-05
4210,8.44e-05
4211,8.44e-05
4212,8.44e-05
4213,8.44e-05
4214,8.44e-05
4215,8.44e-05
4216,8.44e-05
4217,8.44e-05
4218,8.44e-05
4219,8.44e-05
4220,8.44e-05
4221,8.44e-05
4222,8.44e-05
4223,8.44e-05
4224,8.44e-05
4225,8.44e-05
4226,8.44e-05
4227,8.44e-05
4228,8.44e-05
4229,8.44e-05
4230,8.44e-05
4231,8.44e-05
4232,8.44e-05
4233,8.44e-05
4234,8.44e-05
4235,8.44e-05
4236,8.44e-05
4237,8.44e-05
4238,8.44e-05
4239,8.44e-05
4240,8.44e-05
4241,8.44e-05
4242,8.44e-05
4243,8.44e-05
4244,8.44e-05
4245,8.44e-05
4246,8.44e-05
4247,8.44e-05
4248,8.44e-05
4249,8.44e-05
4250,8.44e-05
4251,8.44e-05
4252,8.44e-05
4253,8.44e-05
4254,8.44e-05
4255,8.44e-05
4256,8.44e-05
4257,8.44e-05
4258,8.44e-05
4259,8.44e-05
4260,8.44e-05
4261,8.44e-05
4262,8.435e-05
4263,8.435e-05
4264,8.435e-05
4265,8.435e-05
4266,8.435e-05
4267,8.435e-05
4268,8.435e-05
4269,8.435e-05
4270,8.435e-05
4271,8.435e-05
4272,8.435e-05
4273,8.435e-05
4274,8.435e-05
4275,8.435e-05
4276,8.435e-05
4277,8.435e-05
4278,8.435e-05
4279,8.435e-05
4280,8.435e-05
4281,8.435e-05
4282,8.435e-05
4283,8.435e-05
