0,4.55e-06
1,4.55e-06
2,4.55e-06
3,4.55e-06
4,4.55e-06
5,4.55e-06
6,4.55e-06
7,4.55e-06
8,4.55e-06
9,4.55e-06
10,4.55e-06
11,4.55e-06
12,4.55e-06
13,4.55e-06
14,4.5e-06
15,4.5e-06
16,4.5e-06
17,4.5e-06
18,4.5e-06
19,4.5e-06
20,4.51e-06
21,4.51e-06
22,4.51e-06
23,4.51e-06
24,4.51e-06
25,4.51e-06
26,4.55e-06
27,4.55e-06
28,4.55e-06
29,4.55e-06
30,4.51e-06
31,4.51e-06
32,4.51e-06
33,4.51e-06
34,4.51e-06
35,4.51e-06
36,4.51e-06
37,4.51e-06
38,4.51e-06
39,4.51e-06
40,4.51e-06
41,4.55e-06
42,4.48e-06
43,4.48e-06
44,4.56e-06
45,4.56e-06
46,4.56e-06
47,4.56e-06
48,4.56e-06
49,4.56e-06
50,4.56e-06
51,4.56e-06
52,4.56e-06
53,4.56e-06
54,4.56e-06
55,4.56e-06
56,4.56e-06
57,4.56e-06
58,4.56e-06
59,4.56e-06
60,4.56e-06
61,4.56e-06
62,4.56e-06
63,4.56e-06
64,4.57e-06
65,4.57e-06
66,4.57e-06
67,4.57e-06
68,4.57e-06
69,4.57e-06
70,4.57e-06
71,4.57e-06
72,4.57e-06
73,4.57e-06
74,4.57e-06
75,4.57e-06
76,4.56e-06
77,4.56e-06
78,4.56e-06
79,4.56e-06
80,4.56e-06
81,4.56e-06
82,4.57e-06
83,4.57e-06
84,4.57e-06
85,4.57e-06
86,4.57e-06
87,4.57e-06
88,4.57e-06
89,4.57e-06
90,4.57e-06
91,4.57e-06
92,4.57e-06
93,4.57e-06
94,4.57e-06
95,4.57e-06
96,4.57e-06
97,4.57e-06
98,4.57e-06
99,4.57e-06
100,4.57e-06
101,4.58e-06
102,4.58e-06
103,4.58e-06
104,4.58e-06
105,4.58e-06
106,4.58e-06
107,4.58e-06
108,4.5e-06
109,4.5e-06
110,4.5e-06
111,4.46e-06
112,4.46e-06
113,4.46e-06
114,4.53e-06
115,4.53e-06
116,4.53e-06
117,4.53e-06
118,4.53e-06
119,4.58e-06
120,4.58e-06
121,4.58e-06
122,4.58e-06
123,4.58e-06
124,4.58e-06
125,4.58e-06
126,4.58e-06
127,4.58e-06
128,4.53e-06
129,4.53e-06
130,4.53e-06
131,4.53e-06
132,4.53e-06
133,4.53e-06
134,4.53e-06
135,4.53e-06
136,4.53e-06
137,4.53e-06
138,4.5e-06
139,4.5e-06
140,4.5e-06
141,4.5e-06
142,4.5e-06
143,4.5e-06
144,4.5e-06
145,4.5e-06
146,4.53e-06
147,4.53e-06
148,4.53e-06
149,4.53e-06
150,4.53e-06
151,4.53e-06
152,4.53e-06
153,4.53e-06
154,4.53e-06
155,4.53e-06
156,4.53e-06
157,4.53e-06
158,4.53e-06
159,4.53e-06
160,4.53e-06
161,4.53e-06
162,4.53e-06
163,4.53e-06
164,4.53e-06
165,4.53e-06
166,4.53e-06
167,4.53e-06
168,4.35e-06
169,4.36e-06
170,4.49e-06
171,4.49e-06
172,4.38e-06
173,4.43e-06
174,4.38e-06
175,4.39e-06
176,4.38e-06
177,4.38e-06
178,4.38e-06
179,4.38e-06
180,4.38e-06
181,4.38e-06
182,4.38e-06
183,4.39e-06
184,4.39e-06
185,4.39e-06
186,4.39e-06
187,4.39e-06
188,4.39e-06
189,4.39e-06
190,4.39e-06
191,4.39e-06
192,4.39e-06
193,4.4e-06
194,4.4e-06
195,4.4e-06
196,4.4e-06
197,4.4e-06
198,4.4e-06
199,4.44e-06
200,4.44e-06
201,4.44e-06
202,4.44e-06
203,4.44e-06
204,4.44e-06
205,4.44e-06
206,4.44e-06
207,4.44e-06
208,4.44e-06
209,4.44e-06
210,4.44e-06
211,4.44e-06
212,4.44e-06
213,4.44e-06
214,4.44e-06
215,4.44e-06
216,4.44e-06
217,4.44e-06
218,4.44e-06
219,4.44e-06
220,4.44e-06
221,4.44e-06
222,4.44e-06
223,4.44e-06
224,4.44e-06
225,4.45e-06
226,4.45e-06
227,4.45e-06
228,4.45e-06
229,4.46e-06
230,4.46e-06
231,4.46e-06
232,4.46e-06
233,4.46e-06
234,4.46e-06
235,4.46e-06
236,4.46e-06
237,4.46e-06
238,4.46e-06
239,4.46e-06
240,4.46e-06
241,4.46e-06
242,4.46e-06
243,4.46e-06
244,4.46e-06
245,4.44e-06
246,4.44e-06
247,4.44e-06
248,4.43e-06
249,4.43e-06
250,4.43e-06
251,4.43e-06
252,4.43e-06
253,4.43e-06
254,4.43e-06
255,4.46e-06
256,4.43e-06
257,4.5e-06
258,4.42e-06
259,4.49e-06
260,4.49e-06
261,4.49e-06
262,4.49e-06
263,4.5e-06
264,4.5e-06
265,4.5e-06
266,4.5e-06
267,4.5e-06
268,4.5e-06
269,4.5e-06
270,4.5e-06
271,4.5e-06
272,4.5e-06
273,4.51e-06
274,4.51e-06
275,4.51e-06
276,4.51e-06
277,4.51e-06
278,4.51e-06
279,4.51e-06
280,4.51e-06
281,4.51e-06
282,4.51e-06
283,4.51e-06
284,4.51e-06
285,4.51e-06
286,4.51e-06
287,4.51e-06
288,4.51e-06
289,4.51e-06
290,4.51e-06
291,4.51e-06
292,4.51e-06
293,4.51e-06
294,4.51e-06
295,4.51e-06
296,4.51e-06
297,4.51e-06
298,4.51e-06
299,4.47e-06
300,4.47e-06
301,4.47e-06
302,4.47e-06
303,4.47e-06
304,4.47e-06
305,4.47e-06
306,4.47e-06
307,4.47e-06
308,4.47e-06
309,4.47e-06
310,4.47e-06
311,4.47e-06
312,4.47e-06
313,4.47e-06
314,4.47e-06
315,4.47e-06
316,4.47e-06
317,4.47e-06
318,4.47e-06
319,4.47e-06
320,4.47e-06
321,4.47e-06
322,4.45e-06
323,4.45e-06
324,4.45e-06
325,4.45e-06
326,4.45e-06
327,4.42e-06
328,4.42e-06
329,4.42e-06
330,4.42e-06
331,4.42e-06
332,4.42e-06
333,4.42e-06
334,4.42e-06
335,4.42e-06
336,4.42e-06
337,4.45e-06
338,4.45e-06
339,4.45e-06
340,4.45e-06
341,4.45e-06
342,4.45e-06
343,4.45e-06
344,4.45e-06
345,4.45e-06
346,4.42e-06
347,4.42e-06
348,4.42e-06
349,4.42e-06
350,4.42e-06
351,4.42e-06
352,4.42e-06
353,4.42e-06
354,4.42e-06
355,4.42e-06
356,4.42e-06
357,4.42e-06
358,4.42e-06
359,4.42e-06
360,4.42e-06
361,4.42e-06
362,4.45e-06
363,4.45e-06
364,4.45e-06
365,4.45e-06
366,4.45e-06
367,4.45e-06
368,4.45e-06
369,4.45e-06
370,4.45e-06
371,4.45e-06
372,4.45e-06
373,4.45e-06
374,4.45e-06
375,4.45e-06
376,4.45e-06
377,4.45e-06
378,4.45e-06
379,4.45e-06
380,4.45e-06
381,4.45e-06
382,4.45e-06
383,4.45e-06
384,4.42e-06
385,4.42e-06
386,4.42e-06
387,4.42e-06
388,4.42e-06
389,4.42e-06
390,4.42e-06
391,4.42e-06
392,4.42e-06
393,4.42e-06
394,4.42e-06
395,4.42e-06
396,4.42e-06
397,4.42e-06
398,4.42e-06
399,4.42e-06
400,4.42e-06
401,4.42e-06
402,4.42e-06
403,4.42e-06
404,4.42e-06
405,4.42e-06
406,4.42e-06
407,4.42e-06
408,4.42e-06
409,4.42e-06
410,4.42e-06
411,4.54e-06
412,4.54e-06
413,4.54e-06
414,4.54e-06
415,4.54e-06
416,4.54e-06
417,4.54e-06
418,4.54e-06
419,4.54e-06
420,4.54e-06
421,4.54e-06
422,4.47e-06
423,4.47e-06
424,4.43e-06
425,4.43e-06
426,4.43e-06
427,4.43e-06
428,4.43e-06
429,4.47e-06
430,4.47e-06
431,4.47e-06
432,4.47e-06
433,4.47e-06
434,4.47e-06
435,4.47e-06
436,4.47e-06
437,4.47e-06
438,4.47e-06
439,4.47e-06
440,4.53e-06
441,4.53e-06
442,4.53e-06
443,4.53e-06
444,4.53e-06
445,4.51e-06
446,4.51e-06
447,4.51e-06
448,4.51e-06
449,4.51e-06
450,4.51e-06
451,4.51e-06
452,4.51e-06
453,4.51e-06
454,4.51e-06
455,4.51e-06
456,4.51e-06
457,4.51e-06
458,4.51e-06
459,4.51e-06
460,4.51e-06
461,4.51e-06
462,4.51e-06
463,4.51e-06
464,4.51e-06
465,4.51e-06
466,4.51e-06
467,4.51e-06
468,4.51e-06
469,4.51e-06
470,4.51e-06
471,4.51e-06
472,4.51e-06
473,4.51e-06
474,4.51e-06
475,4.51e-06
476,4.51e-06
477,4.51e-06
478,4.51e-06
479,4.51e-06
480,4.51e-06
481,4.51e-06
482,4.51e-06
483,4.51e-06
484,4.51e-06
485,4.53e-06
486,4.53e-06
487,4.53e-06
488,4.53e-06
489,4.53e-06
490,4.53e-06
491,4.53e-06
492,4.53e-06
493,4.53e-06
494,4.53e-06
495,4.53e-06
496,4.53e-06
497,4.53e-06
498,4.53e-06
499,4.53e-06
500,4.53e-06
501,4.53e-06
502,4.53e-06
503,4.53e-06
504,4.53e-06
505,4.53e-06
506,4.53e-06
507,4.53e-06
508,4.53e-06
509,4.53e-06
510,4.53e-06
511,4.53e-06
512,4.53e-06
513,4.53e-06
514,4.53e-06
515,4.53e-06
516,4.53e-06
517,4.53e-06
518,4.53e-06
519,4.54e-06
520,4.54e-06
521,4.54e-06
522,4.54e-06
523,4.54e-06
524,4.54e-06
525,4.54e-06
526,4.54e-06
527,4.54e-06
528,4.54e-06
529,4.54e-06
530,4.54e-06
531,4.54e-06
532,4.54e-06
533,4.54e-06
534,4.54e-06
535,4.54e-06
536,4.54e-06
537,4.54e-06
538,4.55e-06
539,4.55e-06
540,4.55e-06
541,4.55e-06
542,4.55e-06
543,4.49e-06
544,4.49e-06
545,4.49e-06
546,4.49e-06
547,4.49e-06
548,4.49e-06
549,4.49e-06
550,4.49e-06
551,4.49e-06
552,4.49e-06
553,4.49e-06
554,4.49e-06
555,4.49e-06
556,4.49e-06
557,4.55e-06
558,4.55e-06
559,4.55e-06
560,4.55e-06
561,4.55e-06
562,4.55e-06
563,4.55e-06
564,4.55e-06
565,4.55e-06
566,4.55e-06
567,4.55e-06
568,4.55e-06
569,4.55e-06
570,4.55e-06
571,4.55e-06
572,4.55e-06
573,4.55e-06
574,4.55e-06
575,4.55e-06
576,4.55e-06
577,4.55e-06
578,4.55e-06
579,4.55e-06
580,4.55e-06
581,4.55e-06
582,4.55e-06
583,4.55e-06
584,4.55e-06
585,4.55e-06
586,4.55e-06
587,4.55e-06
588,4.55e-06
589,4.55e-06
590,4.55e-06
591,4.55e-06
592,4.55e-06
593,4.55e-06
594,4.55e-06
595,4.55e-06
596,4.6e-06
597,4.6e-06
598,4.6e-06
599,4.6e-06
600,4.6e-06
601,4.6e-06
602,4.6e-06
603,4.6e-06
604,4.6e-06
605,4.6e-06
606,4.59e-06
607,4.59e-06
608,4.59e-06
609,4.59e-06
610,4.59e-06
611,4.59e-06
612,4.59e-06
613,4.59e-06
614,4.59e-06
615,4.59e-06
616,4.6e-06
617,4.6e-06
618,4.6e-06
619,4.6e-06
620,4.6e-06
621,4.59e-06
622,4.59e-06
623,4.59e-06
624,4.59e-06
625,4.59e-06
626,4.59e-06
627,4.59e-06
628,4.59e-06
629,4.59e-06
630,4.59e-06
631,4.59e-06
632,4.59e-06
633,4.59e-06
634,4.59e-06
635,4.59e-06
636,4.59e-06
637,4.59e-06
638,4.59e-06
639,4.59e-06
640,4.59e-06
641,4.59e-06
642,4.59e-06
643,4.59e-06
644,4.59e-06
645,4.55e-06
646,4.55e-06
647,4.55e-06
648,4.55e-06
649,4.55e-06
650,4.55e-06
651,4.55e-06
652,4.55e-06
653,4.55e-06
654,4.55e-06
655,4.55e-06
656,4.55e-06
657,4.55e-06
658,4.55e-06
659,4.55e-06
660,4.55e-06
661,4.55e-06
662,4.55e-06
663,4.55e-06
664,4.55e-06
665,4.59e-06
666,4.59e-06
667,4.59e-06
668,4.59e-06
669,4.59e-06
670,4.59e-06
671,4.59e-06
672,4.59e-06
673,4.59e-06
674,4.59e-06
675,4.55e-06
676,4.55e-06
677,4.55e-06
678,4.55e-06
679,4.55e-06
680,4.55e-06
681,4.55e-06
682,4.55e-06
683,4.61e-06
684,4.61e-06
685,4.61e-06
686,4.61e-06
687,4.61e-06
688,4.61e-06
689,4.61e-06
690,4.61e-06
691,4.61e-06
692,4.61e-06
693,4.61e-06
694,4.59e-06
695,4.59e-06
696,4.59e-06
697,4.59e-06
698,4.59e-06
699,4.59e-06
700,4.59e-06
701,4.59e-06
702,4.59e-06
703,4.59e-06
704,4.59e-06
705,4.59e-06
706,4.59e-06
707,4.59e-06
708,4.59e-06
709,4.59e-06
710,4.59e-06
711,4.59e-06
712,4.59e-06
713,4.59e-06
714,4.59e-06
715,4.59e-06
716,4.59e-06
717,4.59e-06
718,4.59e-06
719,4.59e-06
720,4.59e-06
721,4.61e-06
722,4.61e-06
723,4.61e-06
724,4.61e-06
725,4.61e-06
726,4.61e-06
727,4.61e-06
728,4.61e-06
729,4.61e-06
730,4.61e-06
731,4.61e-06
732,4.61e-06
733,4.61e-06
734,4.61e-06
735,4.61e-06
736,4.61e-06
737,4.6e-06
738,4.6e-06
739,4.6e-06
740,4.6e-06
741,4.6e-06
742,4.6e-06
743,4.6e-06
744,4.6e-06
745,4.6e-06
746,4.6e-06
747,4.6e-06
748,4.6e-06
749,4.62e-06
750,4.62e-06
751,4.62e-06
752,4.62e-06
753,4.62e-06
754,4.63e-06
755,4.63e-06
756,4.63e-06
757,4.63e-06
758,4.63e-06
759,4.63e-06
760,4.63e-06
761,4.63e-06
762,4.63e-06
763,4.63e-06
764,4.6e-06
765,4.6e-06
766,4.6e-06
767,4.6e-06
768,4.6e-06
769,4.6e-06
770,4.6e-06
771,4.6e-06
772,4.6e-06
773,4.6e-06
774,4.6e-06
775,4.6e-06
776,4.6e-06
777,4.6e-06
778,4.6e-06
779,4.6e-06
780,4.63e-06
781,4.63e-06
782,4.63e-06
783,4.63e-06
784,4.63e-06
785,4.63e-06
786,4.63e-06
787,4.63e-06
788,4.63e-06
789,4.63e-06
790,4.63e-06
791,4.63e-06
792,4.63e-06
793,4.63e-06
794,4.63e-06
795,4.63e-06
796,4.63e-06
797,4.63e-06
798,4.63e-06
799,4.63e-06
800,4.63e-06
801,4.6e-06
802,4.6e-06
803,4.6e-06
804,4.6e-06
805,4.6e-06
806,4.6e-06
807,4.6e-06
808,4.6e-06
809,4.6e-06
810,4.6e-06
811,4.6e-06
812,4.6e-06
813,4.6e-06
814,4.6e-06
815,4.6e-06
816,4.6e-06
817,4.6e-06
818,4.6e-06
819,4.6e-06
820,4.6e-06
821,4.6e-06
822,4.6e-06
823,4.6e-06
824,4.62e-06
825,4.62e-06
826,4.62e-06
827,4.62e-06
828,4.62e-06
829,4.62e-06
830,4.62e-06
831,4.61e-06
832,4.61e-06
833,4.61e-06
834,4.61e-06
835,4.61e-06
836,4.6e-06
837,4.6e-06
838,4.6e-06
839,4.6e-06
840,4.6e-06
841,4.6e-06
842,4.6e-06
843,4.6e-06
844,4.6e-06
845,4.6e-06
846,4.6e-06
847,4.6e-06
848,4.6e-06
849,4.6e-06
850,4.6e-06
851,4.6e-06
852,4.6e-06
853,4.6e-06
854,4.6e-06
855,4.6e-06
856,4.6e-06
857,4.6e-06
858,4.6e-06
859,4.6e-06
860,4.6e-06
861,4.6e-06
862,4.6e-06
863,4.6e-06
864,4.6e-06
865,4.6e-06
866,4.6e-06
867,4.6e-06
868,4.63e-06
869,4.63e-06
870,4.63e-06
871,4.63e-06
872,4.63e-06
873,4.63e-06
874,4.63e-06
875,4.63e-06
876,4.63e-06
877,4.63e-06
878,4.63e-06
879,4.63e-06
880,4.62e-06
881,4.62e-06
882,4.62e-06
883,4.62e-06
884,4.62e-06
885,4.62e-06
886,4.62e-06
887,4.55e-06
888,4.55e-06
889,4.55e-06
890,4.55e-06
891,4.55e-06
892,4.55e-06
893,4.55e-06
894,4.55e-06
895,4.55e-06
896,4.55e-06
897,4.55e-06
898,4.55e-06
899,4.55e-06
900,4.55e-06
901,4.55e-06
902,4.55e-06
903,4.55e-06
904,4.55e-06
905,4.55e-06
906,4.55e-06
907,4.55e-06
908,4.55e-06
909,4.55e-06
910,4.55e-06
911,4.55e-06
912,4.55e-06
913,4.55e-06
914,4.55e-06
915,4.55e-06
916,4.55e-06
917,4.55e-06
918,4.55e-06
919,4.55e-06
920,4.55e-06
921,4.55e-06
922,4.55e-06
923,4.58e-06
924,4.58e-06
925,4.58e-06
926,4.58e-06
927,4.58e-06
928,4.59e-06
929,4.55e-06
930,4.55e-06
931,4.59e-06
932,4.59e-06
933,4.59e-06
934,4.59e-06
935,4.59e-06
936,4.59e-06
937,4.59e-06
938,4.59e-06
939,4.59e-06
940,4.66e-06
941,4.66e-06
942,4.66e-06
943,4.66e-06
944,4.66e-06
945,4.66e-06
946,4.66e-06
947,4.66e-06
948,4.66e-06
949,4.66e-06
950,4.66e-06
951,4.66e-06
952,4.66e-06
953,4.66e-06
954,4.66e-06
955,4.66e-06
956,4.66e-06
957,4.66e-06
958,4.66e-06
959,4.66e-06
960,4.66e-06
961,4.66e-06
962,4.66e-06
963,4.66e-06
964,4.66e-06
965,4.66e-06
966,4.66e-06
967,4.66e-06
968,4.66e-06
969,4.66e-06
970,4.66e-06
971,4.66e-06
972,4.66e-06
973,4.66e-06
974,4.66e-06
975,4.66e-06
976,4.66e-06
977,4.66e-06
978,4.66e-06
979,4.66e-06
980,4.66e-06
981,4.66e-06
982,4.66e-06
983,4.66e-06
984,4.66e-06
985,4.66e-06
986,4.66e-06
987,4.66e-06
988,4.66e-06
989,4.66e-06
990,4.66e-06
991,4.66e-06
992,4.66e-06
993,4.66e-06
994,4.66e-06
995,4.66e-06
996,4.66e-06
997,4.66e-06
998,4.66e-06
999,4.66e-06
1000,4.66e-06
1001,4.66e-06
1002,4.66e-06
1003,4.66e-06
1004,4.66e-06
1005,4.66e-06
1006,4.66e-06
1007,4.66e-06
1008,4.66e-06
1009,4.66e-06
1010,4.66e-06
1011,4.66e-06
1012,4.65e-06
1013,4.65e-06
1014,4.65e-06
1015,4.65e-06
1016,4.65e-06
1017,4.65e-06
1018,4.65e-06
1019,4.65e-06
1020,4.65e-06
1021,4.65e-06
1022,4.66e-06
1023,4.66e-06
1024,4.66e-06
1025,4.66e-06
1026,4.66e-06
1027,4.66e-06
1028,4.66e-06
1029,4.66e-06
1030,4.66e-06
1031,4.66e-06
1032,4.66e-06
1033,4.66e-06
1034,4.66e-06
1035,4.66e-06
1036,4.66e-06
1037,4.66e-06
1038,4.66e-06
1039,4.66e-06
1040,4.66e-06
1041,4.66e-06
1042,4.66e-06
1043,4.66e-06
1044,4.66e-06
1045,4.66e-06
1046,4.66e-06
1047,4.66e-06
1048,4.66e-06
1049,4.6e-06
1050,4.59e-06
1051,4.59e-06
1052,4.59e-06
1053,4.59e-06
1054,4.59e-06
1055,4.59e-06
1056,4.59e-06
1057,4.59e-06
1058,4.59e-06
1059,4.59e-06
1060,4.59e-06
1061,4.59e-06
1062,4.59e-06
1063,4.59e-06
1064,4.59e-06
1065,4.59e-06
1066,4.59e-06
1067,4.59e-06
1068,4.59e-06
1069,4.59e-06
1070,4.59e-06
1071,4.59e-06
1072,4.59e-06
1073,4.59e-06
1074,4.59e-06
1075,4.6e-06
1076,4.6e-06
1077,4.6e-06
1078,4.59e-06
1079,4.59e-06
1080,4.59e-06
1081,4.59e-06
1082,4.59e-06
1083,4.59e-06
1084,4.59e-06
1085,4.59e-06
1086,4.59e-06
1087,4.59e-06
1088,4.59e-06
1089,4.65e-06
1090,4.65e-06
1091,4.65e-06
1092,4.65e-06
1093,4.65e-06
1094,4.65e-06
1095,4.65e-06
1096,4.65e-06
1097,4.6e-06
1098,4.6e-06
1099,4.6e-06
1100,4.6e-06
1101,4.6e-06
1102,4.6e-06
1103,4.6e-06
1104,4.6e-06
1105,4.6e-06
1106,4.6e-06
1107,4.6e-06
1108,4.6e-06
1109,4.6e-06
1110,4.57e-06
1111,4.57e-06
1112,4.57e-06
1113,4.57e-06
1114,4.57e-06
1115,4.57e-06
1116,4.57e-06
1117,4.57e-06
1118,4.57e-06
1119,4.57e-06
1120,4.57e-06
1121,4.57e-06
1122,4.57e-06
1123,4.57e-06
1124,4.57e-06
1125,4.57e-06
1126,4.57e-06
1127,4.57e-06
1128,4.57e-06
1129,4.57e-06
1130,4.57e-06
1131,4.57e-06
1132,4.63e-06
1133,4.63e-06
1134,4.63e-06
1135,4.63e-06
1136,4.63e-06
1137,4.63e-06
1138,4.63e-06
1139,4.63e-06
1140,4.63e-06
1141,4.63e-06
1142,4.63e-06
1143,4.63e-06
1144,4.63e-06
1145,4.57e-06
1146,4.57e-06
1147,4.57e-06
1148,4.57e-06
1149,4.57e-06
1150,4.57e-06
1151,4.57e-06
1152,4.57e-06
1153,4.57e-06
1154,4.57e-06
1155,4.57e-06
1156,4.57e-06
1157,4.57e-06
1158,4.57e-06
1159,4.57e-06
1160,4.57e-06
1161,4.57e-06
1162,4.57e-06
1163,4.57e-06
1164,4.57e-06
1165,4.57e-06
1166,4.57e-06
1167,4.57e-06
1168,4.57e-06
1169,4.57e-06
1170,4.57e-06
1171,4.57e-06
1172,4.57e-06
1173,4.57e-06
1174,4.57e-06
1175,4.57e-06
1176,4.57e-06
1177,4.57e-06
1178,4.57e-06
1179,4.57e-06
1180,4.57e-06
1181,4.59e-06
1182,4.59e-06
1183,4.59e-06
1184,4.59e-06
1185,4.59e-06
1186,4.59e-06
1187,4.59e-06
1188,4.59e-06
1189,4.59e-06
1190,4.59e-06
1191,4.59e-06
1192,4.59e-06
1193,4.64e-06
1194,4.64e-06
1195,4.64e-06
1196,4.64e-06
1197,4.64e-06
1198,4.64e-06
1199,4.64e-06
1200,4.64e-06
1201,4.64e-06
1202,4.64e-06
1203,4.64e-06
1204,4.64e-06
1205,4.64e-06
1206,4.64e-06
1207,4.64e-06
1208,4.64e-06
1209,4.64e-06
1210,4.64e-06
1211,4.64e-06
1212,4.64e-06
1213,4.64e-06
1214,4.64e-06
1215,4.64e-06
1216,4.64e-06
1217,4.64e-06
1218,4.64e-06
1219,4.64e-06
1220,4.64e-06
1221,4.64e-06
1222,4.64e-06
1223,4.64e-06
1224,4.64e-06
1225,4.64e-06
1226,4.64e-06
1227,4.64e-06
1228,4.64e-06
1229,4.64e-06
1230,4.64e-06
1231,4.64e-06
1232,4.64e-06
1233,4.64e-06
1234,4.64e-06
1235,4.64e-06
1236,4.64e-06
1237,4.64e-06
1238,4.64e-06
1239,4.64e-06
1240,4.64e-06
1241,4.64e-06
1242,4.64e-06
1243,4.64e-06
1244,4.64e-06
1245,4.64e-06
1246,4.64e-06
1247,4.64e-06
1248,4.64e-06
1249,4.64e-06
1250,4.64e-06
1251,4.64e-06
1252,4.64e-06
1253,4.64e-06
1254,4.64e-06
1255,4.64e-06
1256,4.64e-06
1257,4.64e-06
1258,4.64e-06
1259,4.64e-06
1260,4.64e-06
1261,4.64e-06
1262,4.64e-06
1263,4.57e-06
1264,4.57e-06
1265,4.57e-06
1266,4.57e-06
1267,4.57e-06
1268,4.57e-06
1269,4.57e-06
1270,4.57e-06
1271,4.57e-06
1272,4.57e-06
1273,4.57e-06
1274,4.57e-06
1275,4.57e-06
1276,4.57e-06
1277,4.57e-06
1278,4.57e-06
1279,4.57e-06
1280,4.57e-06
1281,4.57e-06
1282,4.57e-06
1283,4.57e-06
1284,4.57e-06
1285,4.57e-06
1286,4.57e-06
1287,4.57e-06
1288,4.57e-06
1289,4.57e-06
1290,4.57e-06
1291,4.57e-06
1292,4.57e-06
1293,4.57e-06
1294,4.57e-06
1295,4.64e-06
1296,4.64e-06
1297,4.64e-06
1298,4.64e-06
1299,4.64e-06
1300,4.64e-06
1301,4.64e-06
1302,4.64e-06
1303,4.64e-06
1304,4.64e-06
1305,4.64e-06
1306,4.64e-06
1307,4.64e-06
1308,4.64e-06
1309,4.64e-06
1310,4.64e-06
1311,4.64e-06
1312,4.64e-06
1313,4.64e-06
1314,4.64e-06
1315,4.64e-06
1316,4.64e-06
1317,4.64e-06
1318,4.64e-06
1319,4.64e-06
1320,4.64e-06
1321,4.64e-06
1322,4.64e-06
1323,4.64e-06
1324,4.64e-06
1325,4.64e-06
1326,4.64e-06
1327,4.64e-06
1328,4.64e-06
1329,4.64e-06
1330,4.64e-06
1331,4.64e-06
1332,4.64e-06
1333,4.64e-06
1334,4.64e-06
1335,4.64e-06
1336,4.64e-06
1337,4.64e-06
1338,4.64e-06
1339,4.64e-06
1340,4.64e-06
1341,4.64e-06
1342,4.64e-06
1343,4.64e-06
1344,4.64e-06
1345,4.64e-06
1346,4.64e-06
1347,4.64e-06
1348,4.64e-06
1349,4.64e-06
1350,4.64e-06
1351,4.64e-06
1352,4.64e-06
1353,4.64e-06
1354,4.64e-06
1355,4.64e-06
1356,4.64e-06
1357,4.64e-06
1358,4.64e-06
1359,4.62e-06
1360,4.62e-06
1361,4.62e-06
1362,4.62e-06
1363,4.62e-06
1364,4.62e-06
1365,4.62e-06
1366,4.62e-06
1367,4.57e-06
1368,4.57e-06
1369,4.57e-06
1370,4.57e-06
1371,4.57e-06
1372,4.57e-06
1373,4.57e-06
1374,4.57e-06
1375,4.61e-06
1376,4.61e-06
1377,4.61e-06
1378,4.61e-06
1379,4.61e-06
1380,4.61e-06
1381,4.61e-06
1382,4.61e-06
1383,4.61e-06
1384,4.61e-06
1385,4.61e-06
1386,4.61e-06
1387,4.61e-06
1388,4.61e-06
1389,4.61e-06
1390,4.61e-06
1391,4.61e-06
1392,4.61e-06
1393,4.61e-06
1394,4.61e-06
1395,4.61e-06
1396,4.61e-06
1397,4.61e-06
1398,4.61e-06
1399,4.61e-06
1400,4.63e-06
1401,4.63e-06
1402,4.63e-06
1403,4.63e-06
1404,4.63e-06
1405,4.63e-06
1406,4.63e-06
1407,4.63e-06
1408,4.63e-06
1409,4.63e-06
1410,4.63e-06
1411,4.63e-06
1412,4.63e-06
1413,4.63e-06
1414,4.63e-06
1415,4.63e-06
1416,4.63e-06
1417,4.63e-06
1418,4.63e-06
1419,4.63e-06
1420,4.63e-06
1421,4.63e-06
1422,4.63e-06
1423,4.63e-06
1424,4.63e-06
1425,4.63e-06
1426,4.63e-06
1427,4.63e-06
1428,4.63e-06
1429,4.63e-06
1430,4.63e-06
1431,4.63e-06
1432,4.63e-06
1433,4.63e-06
1434,4.63e-06
1435,4.56e-06
1436,4.56e-06
1437,4.56e-06
1438,4.56e-06
1439,4.56e-06
1440,4.56e-06
1441,4.49e-06
1442,4.49e-06
1443,4.49e-06
1444,4.49e-06
1445,4.49e-06
1446,4.49e-06
1447,4.49e-06
1448,4.49e-06
1449,4.49e-06
1450,4.49e-06
1451,4.49e-06
1452,4.6e-06
1453,4.6e-06
1454,4.6e-06
1455,4.6e-06
1456,4.6e-06
1457,4.6e-06
1458,4.6e-06
1459,4.6e-06
1460,4.6e-06
1461,4.6e-06
1462,4.6e-06
1463,4.62e-06
1464,4.62e-06
1465,4.62e-06
1466,4.62e-06
1467,4.58e-06
1468,4.58e-06
1469,4.58e-06
1470,4.58e-06
1471,4.58e-06
1472,4.58e-06
1473,4.58e-06
1474,4.58e-06
1475,4.58e-06
1476,4.58e-06
1477,4.58e-06
1478,4.58e-06
1479,4.58e-06
1480,4.58e-06
1481,4.58e-06
1482,4.56e-06
1483,4.56e-06
1484,4.56e-06
1485,4.56e-06
1486,4.56e-06
1487,4.56e-06
1488,4.56e-06
1489,4.56e-06
1490,4.56e-06
1491,4.56e-06
1492,4.49e-06
1493,4.49e-06
1494,4.54e-06
1495,4.53e-06
1496,4.53e-06
1497,4.53e-06
1498,4.53e-06
1499,4.53e-06
1500,4.53e-06
1501,4.5e-06
1502,4.5e-06
1503,4.5e-06
1504,4.5e-06
1505,4.5e-06
1506,4.5e-06
1507,4.5e-06
1508,4.5e-06
1509,4.5e-06
1510,4.5e-06
1511,4.5e-06
1512,4.5e-06
1513,4.5e-06
1514,4.5e-06
1515,4.5e-06
1516,4.5e-06
1517,4.5e-06
1518,4.5e-06
1519,4.5e-06
1520,4.5e-06
1521,4.5e-06
1522,4.5e-06
1523,4.52e-06
1524,4.51e-06
1525,4.51e-06
1526,4.51e-06
1527,4.51e-06
1528,4.51e-06
1529,4.51e-06
1530,4.54e-06
1531,4.54e-06
1532,4.54e-06
1533,4.54e-06
1534,4.54e-06
1535,4.54e-06
1536,4.54e-06
1537,4.54e-06
1538,4.54e-06
1539,4.54e-06
1540,4.54e-06
1541,4.54e-06
1542,4.54e-06
1543,4.54e-06
1544,4.54e-06
1545,4.54e-06
1546,4.54e-06
1547,4.54e-06
1548,4.54e-06
1549,4.54e-06
1550,4.54e-06
1551,4.54e-06
1552,4.54e-06
1553,4.54e-06
1554,4.54e-06
1555,4.54e-06
1556,4.54e-06
1557,4.54e-06
1558,4.54e-06
1559,4.54e-06
1560,4.54e-06
1561,4.54e-06
1562,4.54e-06
1563,4.54e-06
1564,4.54e-06
1565,4.54e-06
1566,4.54e-06
1567,4.54e-06
1568,4.54e-06
1569,4.54e-06
1570,4.54e-06
1571,4.54e-06
1572,4.54e-06
1573,4.54e-06
1574,4.54e-06
1575,4.54e-06
1576,4.54e-06
1577,4.54e-06
1578,4.54e-06
1579,4.54e-06
1580,4.54e-06
1581,4.54e-06
1582,4.54e-06
1583,4.54e-06
1584,4.54e-06
1585,4.54e-06
1586,4.54e-06
1587,4.54e-06
1588,4.54e-06
1589,4.54e-06
1590,4.54e-06
1591,4.54e-06
1592,4.54e-06
1593,4.54e-06
1594,4.54e-06
1595,4.54e-06
1596,4.54e-06
1597,4.54e-06
1598,4.54e-06
1599,4.54e-06
1600,4.54e-06
1601,4.54e-06
1602,4.54e-06
1603,4.54e-06
1604,4.54e-06
1605,4.54e-06
1606,4.54e-06
1607,4.54e-06
1608,4.54e-06
1609,4.54e-06
1610,4.54e-06
1611,4.54e-06
1612,4.54e-06
1613,4.54e-06
1614,4.54e-06
1615,4.54e-06
1616,4.54e-06
1617,4.55e-06
1618,4.55e-06
1619,4.55e-06
1620,4.55e-06
1621,4.55e-06
1622,4.55e-06
1623,4.55e-06
1624,4.55e-06
1625,4.54e-06
1626,4.54e-06
1627,4.54e-06
1628,4.54e-06
1629,4.54e-06
1630,4.54e-06
1631,4.54e-06
1632,4.54e-06
1633,4.54e-06
1634,4.54e-06
1635,4.54e-06
1636,4.54e-06
1637,4.54e-06
1638,4.54e-06
1639,4.54e-06
1640,4.54e-06
1641,4.5e-06
1642,4.54e-06
1643,4.54e-06
1644,4.54e-06
1645,4.54e-06
1646,4.54e-06
1647,4.54e-06
1648,4.54e-06
1649,4.54e-06
1650,4.54e-06
1651,4.54e-06
1652,4.54e-06
1653,4.54e-06
1654,4.54e-06
1655,4.54e-06
1656,4.48e-06
1657,4.48e-06
1658,4.48e-06
1659,4.48e-06
1660,4.48e-06
1661,4.48e-06
1662,4.48e-06
1663,4.48e-06
1664,4.48e-06
1665,4.48e-06
1666,4.48e-06
1667,4.48e-06
1668,4.48e-06
1669,4.48e-06
1670,4.48e-06
1671,4.48e-06
1672,4.48e-06
1673,4.48e-06
1674,4.48e-06
1675,4.48e-06
1676,4.48e-06
1677,4.48e-06
1678,4.48e-06
1679,4.47e-06
1680,4.47e-06
1681,4.49e-06
1682,4.49e-06
1683,4.49e-06
1684,4.49e-06
1685,4.48e-06
1686,4.48e-06
1687,4.48e-06
1688,4.48e-06
1689,4.48e-06
1690,4.48e-06
1691,4.48e-06
1692,4.48e-06
1693,4.48e-06
1694,4.48e-06
1695,4.48e-06
1696,4.48e-06
1697,4.48e-06
1698,4.48e-06
1699,4.5e-06
1700,4.5e-06
1701,4.5e-06
1702,4.5e-06
1703,4.5e-06
1704,4.5e-06
1705,4.5e-06
1706,4.5e-06
1707,4.5e-06
1708,4.5e-06
1709,4.5e-06
1710,4.5e-06
1711,4.5e-06
1712,4.5e-06
1713,4.5e-06
1714,4.5e-06
1715,4.5e-06
1716,4.5e-06
1717,4.5e-06
1718,4.5e-06
1719,4.5e-06
1720,4.5e-06
1721,4.5e-06
1722,4.5e-06
1723,4.47e-06
1724,4.47e-06
1725,4.47e-06
1726,4.47e-06
1727,4.47e-06
1728,4.47e-06
1729,4.47e-06
1730,4.47e-06
1731,4.47e-06
1732,4.47e-06
1733,4.47e-06
1734,4.47e-06
1735,4.47e-06
1736,4.47e-06
1737,4.47e-06
1738,4.47e-06
1739,4.47e-06
1740,4.47e-06
1741,4.47e-06
1742,4.54e-06
1743,4.54e-06
1744,4.54e-06
1745,4.54e-06
1746,4.54e-06
1747,4.54e-06
1748,4.54e-06
1749,4.54e-06
1750,4.54e-06
1751,4.54e-06
1752,4.54e-06
1753,4.54e-06
1754,4.54e-06
1755,4.54e-06
1756,4.54e-06
1757,4.54e-06
1758,4.54e-06
1759,4.54e-06
1760,4.54e-06
1761,4.54e-06
1762,4.54e-06
1763,4.47e-06
1764,4.47e-06
1765,4.47e-06
1766,4.47e-06
1767,4.47e-06
1768,4.47e-06
1769,4.47e-06
1770,4.47e-06
1771,4.47e-06
1772,4.47e-06
1773,4.46e-06
1774,4.46e-06
1775,4.46e-06
1776,4.46e-06
1777,4.46e-06
1778,4.46e-06
1779,4.46e-06
1780,4.46e-06
1781,4.46e-06
1782,4.46e-06
1783,4.46e-06
1784,4.46e-06
1785,4.46e-06
1786,4.46e-06
1787,4.46e-06
1788,4.46e-06
1789,4.47e-06
1790,4.47e-06
1791,4.47e-06
1792,4.47e-06
1793,4.47e-06
1794,4.47e-06
1795,4.47e-06
1796,4.47e-06
1797,4.47e-06
1798,4.47e-06
1799,4.47e-06
1800,4.47e-06
1801,4.47e-06
1802,4.47e-06
1803,4.47e-06
1804,4.47e-06
1805,4.47e-06
1806,4.47e-06
1807,4.47e-06
1808,4.47e-06
1809,4.47e-06
1810,4.47e-06
1811,4.47e-06
1812,4.47e-06
1813,4.47e-06
1814,4.47e-06
1815,4.47e-06
1816,4.47e-06
1817,4.47e-06
1818,4.47e-06
1819,4.47e-06
1820,4.47e-06
1821,4.47e-06
1822,4.47e-06
1823,4.46e-06
1824,4.46e-06
1825,4.46e-06
1826,4.46e-06
1827,4.46e-06
1828,4.46e-06
1829,4.45e-06
1830,4.45e-06
1831,4.45e-06
1832,4.45e-06
1833,4.45e-06
1834,4.45e-06
1835,4.45e-06
1836,4.45e-06
1837,4.4e-06
1838,4.45e-06
1839,4.45e-06
1840,4.45e-06
1841,4.45e-06
1842,4.45e-06
1843,4.45e-06
1844,4.45e-06
1845,4.45e-06
1846,4.45e-06
1847,4.45e-06
1848,4.45e-06
1849,4.45e-06
1850,4.45e-06
1851,4.45e-06
1852,4.45e-06
1853,4.45e-06
1854,4.45e-06
1855,4.45e-06
1856,4.45e-06
1857,4.45e-06
1858,4.45e-06
1859,4.45e-06
1860,4.45e-06
1861,4.45e-06
1862,4.45e-06
1863,4.45e-06
1864,4.45e-06
1865,4.45e-06
1866,4.45e-06
1867,4.45e-06
1868,4.45e-06
1869,4.45e-06
1870,4.45e-06
1871,4.45e-06
1872,4.45e-06
1873,4.45e-06
1874,4.45e-06
1875,4.4e-06
1876,4.4e-06
1877,4.4e-06
1878,4.4e-06
1879,4.4e-06
1880,4.4e-06
1881,4.4e-06
1882,4.4e-06
1883,4.4e-06
1884,4.4e-06
1885,4.4e-06
1886,4.4e-06
1887,4.4e-06
1888,4.4e-06
1889,4.4e-06
1890,4.4e-06
1891,4.4e-06
1892,4.4e-06
1893,4.4e-06
1894,4.4e-06
1895,4.4e-06
1896,4.4e-06
1897,4.4e-06
1898,4.4e-06
1899,4.4e-06
1900,4.4e-06
1901,4.44e-06
1902,4.44e-06
1903,4.44e-06
1904,4.44e-06
1905,4.44e-06
1906,4.44e-06
1907,4.44e-06
1908,4.44e-06
1909,4.44e-06
1910,4.44e-06
1911,4.4e-06
1912,4.39e-06
1913,4.39e-06
1914,4.38e-06
1915,4.37e-06
1916,4.37e-06
1917,4.37e-06
1918,4.36e-06
1919,4.35e-06
1920,4.35e-06
1921,4.34e-06
1922,4.34e-06
1923,4.34e-06
1924,4.34e-06
1925,4.32e-06
1926,4.32e-06
1927,4.32e-06
1928,4.33e-06
1929,4.31e-06
1930,4.31e-06
1931,4.31e-06
1932,4.31e-06
1933,4.31e-06
1934,4.3e-06
1935,4.29e-06
1936,4.3e-06
1937,4.3e-06
1938,4.28e-06
1939,4.35e-06
1940,4.28e-06
1941,4.28e-06
1942,4.28e-06
1943,4.28e-06
1944,4.28e-06
1945,4.28e-06
1946,4.28e-06
1947,4.28e-06
1948,4.28e-06
1949,4.27e-06
1950,4.27e-06
1951,4.27e-06
1952,4.27e-06
1953,4.27e-06
1954,4.27e-06
1955,4.27e-06
1956,4.27e-06
1957,4.27e-06
1958,4.27e-06
1959,4.27e-06
1960,4.27e-06
1961,4.27e-06
1962,4.27e-06
1963,4.27e-06
1964,4.27e-06
1965,4.31e-06
1966,4.3e-06
1967,4.3e-06
1968,4.3e-06
1969,4.3e-06
1970,4.3e-06
1971,4.3e-06
1972,4.3e-06
1973,4.3e-06
1974,4.3e-06
1975,4.3e-06
1976,4.3e-06
1977,4.26e-06
1978,4.26e-06
1979,4.26e-06
1980,4.26e-06
1981,4.26e-06
1982,4.26e-06
1983,4.26e-06
1984,4.26e-06
1985,4.26e-06
1986,4.26e-06
1987,4.26e-06
1988,4.26e-06
1989,4.26e-06
1990,4.26e-06
1991,4.26e-06
1992,4.26e-06
1993,4.26e-06
1994,4.26e-06
1995,4.26e-06
1996,4.26e-06
1997,4.26e-06
1998,4.26e-06
1999,4.26e-06
2000,4.26e-06
2001,4.26e-06
2002,4.26e-06
2003,4.26e-06
2004,4.26e-06
2005,4.26e-06
2006,4.26e-06
2007,4.26e-06
2008,4.26e-06
2009,4.26e-06
2010,4.26e-06
2011,4.26e-06
2012,4.26e-06
2013,4.26e-06
2014,4.26e-06
2015,4.26e-06
2016,4.26e-06
2017,4.26e-06
2018,4.26e-06
2019,4.26e-06
2020,4.26e-06
2021,4.26e-06
2022,4.26e-06
2023,4.26e-06
2024,4.26e-06
2025,4.26e-06
2026,4.26e-06
2027,4.26e-06
2028,4.26e-06
2029,4.26e-06
2030,4.26e-06
2031,4.25e-06
2032,4.24e-06
2033,4.23e-06
2034,4.24e-06
2035,4.21e-06
2036,4.21e-06
2037,4.21e-06
2038,4.25e-06
2039,4.22e-06
2040,4.22e-06
2041,4.2e-06
2042,4.2e-06
2043,4.21e-06
2044,4.21e-06
2045,4.21e-06
2046,4.21e-06
2047,4.21e-06
2048,4.21e-06
2049,4.22e-06
2050,4.22e-06
2051,4.21e-06
2052,4.21e-06
2053,4.21e-06
2054,4.21e-06
2055,4.21e-06
2056,4.21e-06
2057,4.21e-06
2058,4.21e-06
2059,4.21e-06
2060,4.21e-06
2061,4.21e-06
2062,4.21e-06
2063,4.21e-06
2064,4.21e-06
2065,4.21e-06
2066,4.21e-06
2067,4.21e-06
2068,4.21e-06
2069,4.21e-06
2070,4.21e-06
2071,4.27e-06
2072,4.27e-06
2073,4.27e-06
2074,4.21e-06
2075,4.21e-06
2076,4.21e-06
2077,4.21e-06
2078,4.21e-06
2079,4.21e-06
2080,4.21e-06
2081,4.21e-06
2082,4.21e-06
2083,4.21e-06
2084,4.21e-06
2085,4.21e-06
2086,4.21e-06
2087,4.21e-06
2088,4.21e-06
2089,4.21e-06
2090,4.21e-06
2091,4.28e-06
2092,4.28e-06
2093,4.28e-06
2094,4.28e-06
2095,4.28e-06
2096,4.28e-06
2097,4.28e-06
2098,4.28e-06
2099,4.2e-06
2100,4.2e-06
2101,4.2e-06
2102,4.2e-06
2103,4.2e-06
2104,4.2e-06
2105,4.2e-06
2106,4.2e-06
2107,4.2e-06
2108,4.2e-06
2109,4.2e-06
2110,4.2e-06
2111,4.2e-06
2112,4.2e-06
2113,4.2e-06
2114,4.19e-06
2115,4.19e-06
2116,4.19e-06
2117,4.18e-06
2118,4.18e-06
2119,4.18e-06
2120,4.18e-06
2121,4.18e-06
2122,4.19e-06
2123,4.19e-06
2124,4.21e-06
2125,4.21e-06
2126,4.21e-06
2127,4.21e-06
2128,4.21e-06
2129,4.21e-06
2130,4.21e-06
2131,4.19e-06
2132,4.18e-06
2133,4.18e-06
2134,4.17e-06
2135,4.17e-06
2136,4.17e-06
2137,4.17e-06
2138,4.17e-06
2139,4.17e-06
2140,4.17e-06
2141,4.17e-06
2142,4.17e-06
2143,4.18e-06
2144,4.18e-06
2145,4.18e-06
2146,4.18e-06
2147,4.18e-06
2148,4.18e-06
2149,4.18e-06
2150,4.18e-06
2151,4.17e-06
2152,4.17e-06
2153,4.17e-06
2154,4.17e-06
2155,4.13e-06
2156,4.13e-06
2157,4.12e-06
2158,4.12e-06
2159,4.13e-06
2160,4.12e-06
2161,4.12e-06
2162,4.12e-06
2163,4.12e-06
2164,4.12e-06
2165,4.11e-06
2166,4.11e-06
2167,4.11e-06
2168,4.11e-06
2169,4.12e-06
2170,4.12e-06
2171,4.12e-06
2172,4.12e-06
2173,4.12e-06
2174,4.12e-06
2175,4.12e-06
2176,4.12e-06
2177,4.12e-06
2178,4.11e-06
2179,4.12e-06
2180,4.12e-06
2181,4.12e-06
2182,4.12e-06
2183,4.12e-06
2184,4.12e-06
2185,4.12e-06
2186,4.12e-06
2187,4.12e-06
2188,4.11e-06
2189,4.11e-06
2190,4.11e-06
2191,4.11e-06
2192,4.11e-06
2193,4.11e-06
2194,4.12e-06
2195,4.11e-06
2196,4.1e-06
2197,4.1e-06
2198,4.1e-06
2199,4.1e-06
2200,4.1e-06
2201,4.1e-06
2202,4.1e-06
2203,4.1e-06
2204,4.1e-06
2205,4.11e-06
2206,4.11e-06
2207,4.11e-06
2208,4.11e-06
2209,4.11e-06
2210,4.11e-06
2211,4.11e-06
2212,4.18e-06
2213,4.1e-06
2214,4.1e-06
2215,4.1e-06
2216,4.1e-06
2217,4.1e-06
2218,4.1e-06
2219,4.1e-06
2220,4.1e-06
2221,4.1e-06
2222,4.1e-06
2223,4.1e-06
2224,4.1e-06
2225,4.1e-06
2226,4.16e-06
2227,4.16e-06
2228,4.16e-06
2229,4.16e-06
2230,4.16e-06
2231,4.16e-06
2232,4.16e-06
2233,4.16e-06
2234,4.16e-06
2235,4.16e-06
2236,4.16e-06
2237,4.16e-06
2238,4.16e-06
2239,4.16e-06
2240,4.16e-06
2241,4.16e-06
2242,4.16e-06
2243,4.16e-06
2244,4.16e-06
2245,4.16e-06
2246,4.16e-06
2247,4.16e-06
2248,4.16e-06
2249,4.16e-06
2250,4.16e-06
2251,4.16e-06
2252,4.16e-06
2253,4.16e-06
2254,4.16e-06
2255,4.16e-06
2256,4.16e-06
2257,4.16e-06
2258,4.16e-06
2259,4.16e-06
2260,4.11e-06
2261,4.11e-06
2262,4.11e-06
2263,4.11e-06
2264,4.11e-06
2265,4.11e-06
2266,4.11e-06
2267,4.17e-06
2268,4.17e-06
2269,4.17e-06
2270,4.2e-06
2271,4.2e-06
2272,4.2e-06
2273,4.2e-06
2274,4.2e-06
2275,4.2e-06
2276,4.18e-06
2277,4.19e-06
2278,4.19e-06
2279,4.2e-06
2280,4.2e-06
2281,4.21e-06
2282,4.25e-06
2283,4.25e-06
2284,4.25e-06
2285,4.25e-06
2286,4.25e-06
2287,4.25e-06
2288,4.25e-06
2289,4.25e-06
2290,4.25e-06
2291,4.26e-06
2292,4.26e-06
2293,4.26e-06
2294,4.26e-06
2295,4.26e-06
2296,4.26e-06
2297,4.29e-06
2298,4.29e-06
2299,4.27e-06
2300,4.27e-06
2301,4.27e-06
2302,4.27e-06
2303,4.27e-06
2304,4.27e-06
2305,4.27e-06
2306,4.27e-06
2307,4.27e-06
2308,4.27e-06
2309,4.27e-06
2310,4.27e-06
2311,4.27e-06
2312,4.27e-06
2313,4.27e-06
2314,4.27e-06
2315,4.27e-06
2316,4.27e-06
2317,4.27e-06
2318,4.27e-06
2319,4.27e-06
2320,4.27e-06
2321,4.32e-06
2322,4.27e-06
2323,4.27e-06
2324,4.27e-06
2325,4.27e-06
2326,4.27e-06
2327,4.32e-06
2328,4.32e-06
2329,4.32e-06
2330,4.32e-06
2331,4.3e-06
2332,4.3e-06
2333,4.3e-06
2334,4.3e-06
2335,4.3e-06
2336,4.3e-06
2337,4.3e-06
2338,4.3e-06
2339,4.3e-06
2340,4.3e-06
2341,4.3e-06
2342,4.3e-06
2343,4.3e-06
2344,4.3e-06
2345,4.3e-06
2346,4.3e-06
2347,4.3e-06
2348,4.3e-06
2349,4.3e-06
2350,4.3e-06
2351,4.3e-06
2352,4.3e-06
2353,4.31e-06
2354,4.31e-06
2355,4.31e-06
2356,4.31e-06
2357,4.31e-06
2358,4.31e-06
2359,4.31e-06
2360,4.31e-06
2361,4.31e-06
2362,4.31e-06
2363,4.31e-06
2364,4.31e-06
2365,4.31e-06
2366,4.3e-06
2367,4.3e-06
2368,4.3e-06
2369,4.3e-06
2370,4.3e-06
2371,4.3e-06
2372,4.3e-06
2373,4.3e-06
2374,4.27e-06
2375,4.27e-06
2376,4.27e-06
2377,4.27e-06
2378,4.27e-06
2379,4.27e-06
2380,4.27e-06
2381,4.27e-06
2382,4.27e-06
2383,4.27e-06
2384,4.27e-06
2385,4.27e-06
2386,4.27e-06
2387,4.27e-06
2388,4.27e-06
2389,4.27e-06
2390,4.27e-06
2391,4.27e-06
2392,4.27e-06
2393,4.27e-06
2394,4.27e-06
2395,4.27e-06
2396,4.27e-06
2397,4.27e-06
2398,4.27e-06
2399,4.27e-06
2400,4.27e-06
2401,4.27e-06
2402,4.27e-06
2403,4.27e-06
2404,4.27e-06
2405,4.27e-06
2406,4.27e-06
2407,4.27e-06
2408,4.27e-06
2409,4.27e-06
2410,4.27e-06
2411,4.27e-06
2412,4.27e-06
2413,4.27e-06
2414,4.27e-06
2415,4.27e-06
2416,4.27e-06
2417,4.27e-06
2418,4.27e-06
2419,4.27e-06
2420,4.27e-06
2421,4.27e-06
2422,4.27e-06
2423,4.27e-06
2424,4.27e-06
2425,4.27e-06
2426,4.27e-06
2427,4.27e-06
2428,4.27e-06
2429,4.27e-06
2430,4.27e-06
2431,4.27e-06
2432,4.27e-06
2433,4.27e-06
2434,4.27e-06
2435,4.27e-06
2436,4.27e-06
2437,4.27e-06
2438,4.27e-06
2439,4.27e-06
2440,4.27e-06
2441,4.27e-06
2442,4.27e-06
2443,4.27e-06
2444,4.27e-06
2445,4.27e-06
2446,4.27e-06
2447,4.27e-06
2448,4.27e-06
2449,4.27e-06
2450,4.27e-06
2451,4.27e-06
2452,4.27e-06
2453,4.27e-06
2454,4.27e-06
2455,4.27e-06
2456,4.27e-06
2457,4.27e-06
2458,4.27e-06
2459,4.27e-06
2460,4.27e-06
2461,4.27e-06
2462,4.27e-06
2463,4.27e-06
2464,4.27e-06
2465,4.27e-06
2466,4.27e-06
2467,4.27e-06
2468,4.27e-06
2469,4.27e-06
2470,4.27e-06
2471,4.27e-06
2472,4.27e-06
2473,4.27e-06
2474,4.27e-06
2475,4.27e-06
2476,4.27e-06
2477,4.27e-06
2478,4.27e-06
2479,4.27e-06
2480,4.27e-06
2481,4.26e-06
2482,4.26e-06
2483,4.26e-06
2484,4.25e-06
2485,4.25e-06
2486,4.25e-06
2487,4.25e-06
2488,4.2e-06
2489,4.2e-06
2490,4.2e-06
2491,4.2e-06
2492,4.2e-06
2493,4.2e-06
2494,4.2e-06
2495,4.2e-06
2496,4.2e-06
2497,4.2e-06
2498,4.2e-06
2499,4.18e-06
2500,4.25e-06
2501,4.25e-06
2502,4.17e-06
2503,4.17e-06
2504,4.15e-06
2505,4.15e-06
2506,4.15e-06
2507,4.15e-06
2508,4.15e-06
2509,4.15e-06
2510,4.09e-06
2511,4.09e-06
2512,4.09e-06
2513,4.09e-06
2514,4.09e-06
2515,4.18e-06
2516,4.18e-06
2517,4.18e-06
2518,4.18e-06
2519,4.18e-06
2520,4.18e-06
2521,4.18e-06
2522,4.18e-06
2523,4.18e-06
2524,4.18e-06
2525,4.18e-06
2526,4.18e-06
2527,4.18e-06
2528,4.18e-06
2529,4.18e-06
2530,4.18e-06
2531,4.18e-06
2532,4.18e-06
2533,4.18e-06
2534,4.18e-06
2535,4.18e-06
2536,4.15e-06
2537,4.15e-06
2538,4.15e-06
2539,4.15e-06
2540,4.15e-06
2541,4.15e-06
2542,4.15e-06
2543,4.15e-06
2544,4.15e-06
2545,4.16e-06
2546,4.16e-06
2547,4.16e-06
2548,4.16e-06
2549,4.16e-06
2550,4.17e-06
2551,4.17e-06
2552,4.17e-06
2553,4.17e-06
2554,4.17e-06
2555,4.17e-06
2556,4.17e-06
2557,4.17e-06
2558,4.17e-06
2559,4.17e-06
2560,4.17e-06
2561,4.17e-06
2562,4.17e-06
2563,4.19e-06
2564,4.19e-06
2565,4.19e-06
2566,4.19e-06
2567,4.18e-06
2568,4.18e-06
2569,4.18e-06
2570,4.18e-06
2571,4.18e-06
2572,4.18e-06
2573,4.18e-06
2574,4.18e-06
2575,4.18e-06
2576,4.18e-06
2577,4.18e-06
2578,4.18e-06
2579,4.18e-06
2580,4.18e-06
2581,4.18e-06
2582,4.18e-06
2583,4.18e-06
2584,4.18e-06
2585,4.18e-06
2586,4.18e-06
2587,4.18e-06
2588,4.18e-06
2589,4.21e-06
2590,4.21e-06
2591,4.21e-06
2592,4.21e-06
2593,4.21e-06
2594,4.21e-06
2595,4.21e-06
2596,4.21e-06
2597,4.21e-06
2598,4.21e-06
2599,4.21e-06
2600,4.21e-06
2601,4.21e-06
2602,4.21e-06
2603,4.21e-06
2604,4.22e-06
2605,4.22e-06
2606,4.22e-06
2607,4.22e-06
2608,4.22e-06
2609,4.22e-06
2610,4.22e-06
2611,4.22e-06
2612,4.22e-06
2613,4.22e-06
2614,4.22e-06
2615,4.22e-06
2616,4.22e-06
2617,4.22e-06
2618,4.22e-06
2619,4.22e-06
2620,4.22e-06
2621,4.22e-06
2622,4.22e-06
2623,4.22e-06
2624,4.22e-06
2625,4.22e-06
2626,4.22e-06
2627,4.22e-06
2628,4.22e-06
2629,4.22e-06
2630,4.22e-06
2631,4.22e-06
2632,4.22e-06
2633,4.22e-06
2634,4.22e-06
2635,4.22e-06
2636,4.22e-06
2637,4.22e-06
2638,4.22e-06
2639,4.22e-06
2640,4.22e-06
2641,4.22e-06
2642,4.22e-06
2643,4.22e-06
2644,4.22e-06
2645,4.22e-06
2646,4.22e-06
2647,4.22e-06
2648,4.22e-06
2649,4.22e-06
2650,4.22e-06
2651,4.22e-06
2652,4.22e-06
2653,4.22e-06
2654,4.22e-06
2655,4.22e-06
2656,4.22e-06
2657,4.22e-06
2658,4.22e-06
2659,4.22e-06
2660,4.22e-06
2661,4.22e-06
2662,4.22e-06
2663,4.22e-06
2664,4.22e-06
2665,4.22e-06
2666,4.22e-06
2667,4.22e-06
2668,4.22e-06
2669,4.24e-06
2670,4.24e-06
2671,4.24e-06
2672,4.24e-06
2673,4.24e-06
2674,4.24e-06
2675,4.24e-06
2676,4.24e-06
2677,4.24e-06
2678,4.24e-06
2679,4.24e-06
2680,4.24e-06
2681,4.24e-06
2682,4.24e-06
2683,4.24e-06
2684,4.24e-06
2685,4.24e-06
2686,4.24e-06
2687,4.24e-06
2688,4.24e-06
2689,4.24e-06
2690,4.24e-06
2691,4.24e-06
2692,4.24e-06
2693,4.24e-06
2694,4.24e-06
2695,4.24e-06
2696,4.24e-06
2697,4.24e-06
2698,4.24e-06
2699,4.24e-06
2700,4.24e-06
2701,4.24e-06
2702,4.24e-06
2703,4.24e-06
2704,4.24e-06
2705,4.24e-06
2706,4.24e-06
2707,4.24e-06
2708,4.24e-06
2709,4.2e-06
2710,4.2e-06
2711,4.2e-06
2712,4.2e-06
2713,4.2e-06
2714,4.2e-06
2715,4.2e-06
2716,4.2e-06
2717,4.2e-06
2718,4.2e-06
2719,4.2e-06
2720,4.2e-06
2721,4.2e-06
2722,4.2e-06
2723,4.2e-06
2724,4.2e-06
2725,4.2e-06
2726,4.2e-06
2727,4.2e-06
2728,4.2e-06
2729,4.2e-06
2730,4.2e-06
2731,4.2e-06
2732,4.2e-06
2733,4.2e-06
2734,4.2e-06
2735,4.2e-06
2736,4.2e-06
2737,4.2e-06
2738,4.2e-06
2739,4.2e-06
2740,4.2e-06
2741,4.2e-06
2742,4.2e-06
2743,4.2e-06
2744,4.2e-06
2745,4.2e-06
2746,4.16e-06
2747,4.16e-06
2748,4.16e-06
2749,4.16e-06
2750,4.16e-06
2751,4.16e-06
2752,4.16e-06
2753,4.19e-06
2754,4.19e-06
2755,4.19e-06
2756,4.19e-06
2757,4.19e-06
2758,4.19e-06
2759,4.19e-06
2760,4.19e-06
2761,4.19e-06
2762,4.19e-06
2763,4.19e-06
2764,4.19e-06
2765,4.19e-06
2766,4.19e-06
2767,4.19e-06
2768,4.2e-06
2769,4.2e-06
2770,4.2e-06
2771,4.2e-06
2772,4.2e-06
2773,4.2e-06
2774,4.2e-06
2775,4.2e-06
2776,4.2e-06
2777,4.23e-06
2778,4.23e-06
2779,4.24e-06
2780,4.24e-06
2781,4.24e-06
2782,4.24e-06
2783,4.24e-06
2784,4.24e-06
2785,4.24e-06
2786,4.24e-06
2787,4.24e-06
2788,4.24e-06
2789,4.24e-06
2790,4.24e-06
2791,4.24e-06
2792,4.26e-06
2793,4.26e-06
2794,4.26e-06
2795,4.26e-06
2796,4.26e-06
2797,4.26e-06
2798,4.26e-06
2799,4.26e-06
2800,4.26e-06
2801,4.26e-06
2802,4.26e-06
2803,4.26e-06
2804,4.27e-06
2805,4.2e-06
2806,4.2e-06
2807,4.2e-06
2808,4.2e-06
2809,4.2e-06
2810,4.2e-06
2811,4.27e-06
2812,4.27e-06
2813,4.27e-06
2814,4.27e-06
2815,4.27e-06
2816,4.27e-06
2817,4.27e-06
2818,4.27e-06
2819,4.27e-06
2820,4.27e-06
2821,4.26e-06
2822,4.26e-06
2823,4.26e-06
2824,4.26e-06
2825,4.26e-06
2826,4.26e-06
2827,4.26e-06
2828,4.26e-06
2829,4.26e-06
2830,4.26e-06
2831,4.26e-06
2832,4.26e-06
2833,4.26e-06
2834,4.26e-06
2835,4.26e-06
2836,4.26e-06
2837,4.28e-06
2838,4.28e-06
2839,4.28e-06
2840,4.28e-06
2841,4.28e-06
2842,4.28e-06
2843,4.28e-06
2844,4.28e-06
2845,4.28e-06
2846,4.28e-06
2847,4.28e-06
2848,4.28e-06
2849,4.28e-06
2850,4.28e-06
2851,4.28e-06
2852,4.28e-06
2853,4.28e-06
2854,4.28e-06
2855,4.28e-06
2856,4.28e-06
2857,4.28e-06
2858,4.28e-06
2859,4.28e-06
2860,4.28e-06
2861,4.28e-06
2862,4.28e-06
2863,4.28e-06
2864,4.28e-06
2865,4.28e-06
2866,4.28e-06
2867,4.28e-06
2868,4.28e-06
2869,4.28e-06
2870,4.28e-06
2871,4.28e-06
2872,4.28e-06
2873,4.28e-06
2874,4.28e-06
2875,4.28e-06
2876,4.28e-06
2877,4.28e-06
2878,4.28e-06
2879,4.28e-06
2880,4.28e-06
2881,4.28e-06
2882,4.28e-06
2883,4.28e-06
2884,4.28e-06
2885,4.28e-06
2886,4.28e-06
2887,4.28e-06
2888,4.28e-06
2889,4.28e-06
2890,4.28e-06
2891,4.28e-06
2892,4.26e-06
2893,4.26e-06
2894,4.26e-06
2895,4.26e-06
2896,4.26e-06
2897,4.26e-06
2898,4.26e-06
2899,4.26e-06
2900,4.26e-06
2901,4.26e-06
2902,4.26e-06
2903,4.26e-06
2904,4.26e-06
2905,4.26e-06
2906,4.26e-06
2907,4.26e-06
2908,4.26e-06
2909,4.26e-06
2910,4.26e-06
2911,4.26e-06
2912,4.26e-06
2913,4.26e-06
2914,4.26e-06
2915,4.26e-06
2916,4.26e-06
2917,4.26e-06
2918,4.26e-06
2919,4.26e-06
2920,4.26e-06
2921,4.26e-06
2922,4.26e-06
2923,4.26e-06
2924,4.26e-06
2925,4.26e-06
2926,4.26e-06
2927,4.26e-06
2928,4.26e-06
2929,4.26e-06
2930,4.26e-06
2931,4.26e-06
2932,4.21e-06
2933,4.21e-06
2934,4.21e-06
2935,4.21e-06
2936,4.21e-06
2937,4.21e-06
2938,4.21e-06
2939,4.21e-06
2940,4.21e-06
2941,4.21e-06
2942,4.21e-06
2943,4.21e-06
2944,4.21e-06
2945,4.21e-06
2946,4.21e-06
2947,4.21e-06
2948,4.21e-06
2949,4.21e-06
2950,4.21e-06
2951,4.21e-06
2952,4.21e-06
2953,4.21e-06
2954,4.21e-06
2955,4.21e-06
2956,4.21e-06
2957,4.21e-06
2958,4.2e-06
2959,4.2e-06
2960,4.2e-06
2961,4.2e-06
2962,4.2e-06
2963,4.2e-06
2964,4.2e-06
2965,4.2e-06
2966,4.2e-06
2967,4.2e-06
2968,4.2e-06
2969,4.2e-06
2970,4.2e-06
2971,4.2e-06
2972,4.2e-06
2973,4.2e-06
2974,4.2e-06
2975,4.2e-06
2976,4.2e-06
2977,4.2e-06
2978,4.2e-06
2979,4.2e-06
2980,4.2e-06
2981,4.2e-06
2982,4.2e-06
2983,4.2e-06
2984,4.2e-06
2985,4.2e-06
2986,4.2e-06
2987,4.27e-06
2988,4.27e-06
2989,4.27e-06
2990,4.27e-06
2991,4.27e-06
2992,4.27e-06
2993,4.27e-06
2994,4.27e-06
2995,4.27e-06
2996,4.27e-06
2997,4.27e-06
2998,4.27e-06
2999,4.27e-06
3000,4.27e-06
3001,4.27e-06
3002,4.27e-06
3003,4.27e-06
3004,4.27e-06
3005,4.27e-06
3006,4.27e-06
3007,4.27e-06
3008,4.27e-06
3009,4.27e-06
3010,4.27e-06
3011,4.27e-06
3012,4.27e-06
3013,4.27e-06
3014,4.27e-06
3015,4.27e-06
3016,4.27e-06
3017,4.27e-06
3018,4.27e-06
3019,4.27e-06
3020,4.27e-06
3021,4.27e-06
3022,4.27e-06
3023,4.27e-06
3024,4.27e-06
3025,4.27e-06
3026,4.27e-06
3027,4.27e-06
3028,4.27e-06
3029,4.27e-06
3030,4.27e-06
3031,4.27e-06
3032,4.27e-06
3033,4.27e-06
3034,4.27e-06
3035,4.27e-06
3036,4.27e-06
3037,4.27e-06
3038,4.27e-06
3039,4.27e-06
3040,4.27e-06
3041,4.27e-06
3042,4.27e-06
3043,4.27e-06
3044,4.27e-06
3045,4.26e-06
3046,4.2e-06
3047,4.2e-06
3048,4.2e-06
3049,4.2e-06
3050,4.2e-06
3051,4.2e-06
3052,4.2e-06
3053,4.2e-06
3054,4.2e-06
3055,4.2e-06
3056,4.2e-06
3057,4.2e-06
3058,4.2e-06
3059,4.2e-06
3060,4.2e-06
3061,4.2e-06
3062,4.2e-06
3063,4.2e-06
3064,4.2e-06
3065,4.2e-06
3066,4.2e-06
3067,4.26e-06
3068,4.26e-06
3069,4.26e-06
3070,4.26e-06
3071,4.26e-06
3072,4.1e-06
3073,4.27e-06
3074,4.27e-06
3075,4.27e-06
3076,4.22e-06
3077,4.21e-06
3078,4.21e-06
3079,4.21e-06
3080,4.21e-06
3081,4.25e-06
3082,4.25e-06
3083,4.25e-06
3084,4.18e-06
3085,4.18e-06
3086,4.18e-06
3087,4.18e-06
3088,4.18e-06
3089,4.18e-06
3090,4.18e-06
3091,4.18e-06
3092,4.18e-06
3093,4.18e-06
3094,4.18e-06
3095,4.18e-06
3096,4.18e-06
3097,4.18e-06
3098,4.18e-06
3099,4.15e-06
3100,4.15e-06
3101,4.15e-06
3102,4.15e-06
3103,4.15e-06
3104,4.15e-06
3105,4.15e-06
3106,4.15e-06
3107,4.15e-06
3108,4.15e-06
3109,4.15e-06
3110,4.15e-06
3111,4.15e-06
3112,4.15e-06
3113,4.15e-06
3114,4.15e-06
3115,4.15e-06
3116,4.15e-06
3117,4.15e-06
3118,4.15e-06
3119,4.15e-06
3120,4.15e-06
3121,4.15e-06
3122,4.15e-06
3123,4.15e-06
3124,4.15e-06
3125,4.15e-06
3126,4.15e-06
3127,4.15e-06
3128,4.15e-06
3129,4.15e-06
3130,4.15e-06
3131,4.15e-06
3132,4.15e-06
3133,4.15e-06
3134,4.2e-06
3135,4.2e-06
3136,4.2e-06
3137,4.2e-06
3138,4.2e-06
3139,4.2e-06
3140,4.2e-06
3141,4.2e-06
3142,4.2e-06
3143,4.2e-06
3144,4.2e-06
3145,4.2e-06
3146,4.2e-06
3147,4.2e-06
3148,4.2e-06
3149,4.2e-06
3150,4.2e-06
3151,4.2e-06
3152,4.2e-06
3153,4.2e-06
3154,4.2e-06
3155,4.2e-06
3156,4.2e-06
3157,4.2e-06
3158,4.2e-06
3159,4.2e-06
3160,4.2e-06
3161,4.2e-06
3162,4.2e-06
3163,4.2e-06
3164,4.2e-06
3165,4.2e-06
3166,4.2e-06
3167,4.2e-06
3168,4.2e-06
3169,4.2e-06
3170,4.2e-06
3171,4.2e-06
3172,4.2e-06
3173,4.2e-06
3174,4.2e-06
3175,4.2e-06
3176,4.2e-06
3177,4.2e-06
3178,4.2e-06
3179,4.2e-06
3180,4.2e-06
3181,4.2e-06
3182,4.2e-06
3183,4.2e-06
3184,4.2e-06
3185,4.2e-06
3186,4.2e-06
3187,4.2e-06
3188,4.2e-06
3189,4.2e-06
3190,4.2e-06
3191,4.2e-06
3192,4.2e-06
3193,4.2e-06
3194,4.2e-06
3195,4.2e-06
3196,4.2e-06
3197,4.2e-06
3198,4.2e-06
3199,4.2e-06
3200,4.2e-06
3201,4.2e-06
3202,4.2e-06
3203,4.2e-06
3204,4.2e-06
3205,4.2e-06
3206,4.2e-06
3207,4.2e-06
3208,4.2e-06
3209,4.2e-06
3210,4.2e-06
3211,4.2e-06
3212,4.2e-06
3213,4.2e-06
3214,4.2e-06
3215,4.2e-06
3216,4.2e-06
3217,4.2e-06
3218,4.2e-06
3219,4.2e-06
3220,4.2e-06
3221,4.2e-06
3222,4.2e-06
3223,4.2e-06
3224,4.2e-06
3225,4.2e-06
3226,4.2e-06
3227,4.2e-06
3228,4.2e-06
3229,4.2e-06
3230,4.2e-06
3231,4.2e-06
3232,4.2e-06
3233,4.2e-06
3234,4.2e-06
3235,4.2e-06
3236,4.2e-06
3237,4.2e-06
3238,4.2e-06
3239,4.2e-06
3240,4.2e-06
3241,4.2e-06
3242,4.2e-06
3243,4.2e-06
3244,4.2e-06
3245,4.2e-06
3246,4.2e-06
3247,4.2e-06
3248,4.2e-06
3249,4.2e-06
3250,4.16e-06
3251,4.16e-06
3252,4.15e-06
3253,4.15e-06
3254,4.15e-06
3255,4.15e-06
3256,4.15e-06
3257,4.15e-06
3258,4.15e-06
3259,4.15e-06
3260,4.15e-06
3261,4.15e-06
3262,4.15e-06
3263,4.18e-06
3264,4.18e-06
3265,4.18e-06
3266,4.18e-06
3267,4.18e-06
3268,4.18e-06
3269,4.18e-06
3270,4.18e-06
3271,4.18e-06
3272,4.18e-06
3273,4.18e-06
3274,4.18e-06
3275,4.18e-06
3276,4.18e-06
3277,4.18e-06
3278,4.18e-06
3279,4.18e-06
3280,4.18e-06
3281,4.18e-06
3282,4.18e-06
3283,4.18e-06
3284,4.18e-06
3285,4.18e-06
3286,4.18e-06
3287,4.18e-06
3288,4.18e-06
3289,4.18e-06
3290,4.18e-06
3291,4.18e-06
3292,4.18e-06
3293,4.18e-06
3294,4.18e-06
3295,4.18e-06
3296,4.18e-06
3297,4.18e-06
3298,4.18e-06
3299,4.18e-06
3300,4.18e-06
3301,4.18e-06
3302,4.18e-06
3303,4.18e-06
3304,4.18e-06
3305,4.18e-06
3306,4.18e-06
3307,4.18e-06
3308,4.18e-06
3309,4.18e-06
3310,4.18e-06
3311,4.18e-06
3312,4.18e-06
3313,4.18e-06
3314,4.18e-06
3315,4.18e-06
3316,4.18e-06
3317,4.18e-06
3318,4.18e-06
3319,4.18e-06
3320,4.18e-06
3321,4.18e-06
3322,4.18e-06
3323,4.18e-06
3324,4.18e-06
3325,4.18e-06
3326,4.18e-06
3327,4.18e-06
3328,4.18e-06
3329,4.18e-06
3330,4.18e-06
3331,4.18e-06
3332,4.18e-06
3333,4.18e-06
3334,4.18e-06
3335,4.18e-06
3336,4.18e-06
3337,4.18e-06
3338,4.18e-06
3339,4.18e-06
3340,4.18e-06
3341,4.18e-06
3342,4.18e-06
3343,4.18e-06
3344,4.18e-06
3345,4.18e-06
3346,4.18e-06
3347,4.18e-06
3348,4.18e-06
3349,4.18e-06
3350,4.18e-06
3351,4.18e-06
3352,4.18e-06
3353,4.18e-06
3354,4.18e-06
3355,4.18e-06
3356,4.18e-06
3357,4.18e-06
3358,4.18e-06
3359,4.18e-06
3360,4.18e-06
3361,4.18e-06
3362,4.2e-06
3363,4.2e-06
3364,4.2e-06
3365,4.2e-06
3366,4.2e-06
3367,4.2e-06
3368,4.2e-06
3369,4.2e-06
3370,4.2e-06
3371,4.2e-06
3372,4.2e-06
3373,4.2e-06
3374,4.2e-06
3375,4.2e-06
3376,4.2e-06
3377,4.2e-06
3378,4.2e-06
3379,4.2e-06
3380,4.2e-06
3381,4.2e-06
3382,4.2e-06
3383,4.2e-06
3384,4.2e-06
3385,4.2e-06
3386,4.2e-06
3387,4.2e-06
3388,4.2e-06
3389,4.2e-06
3390,4.2e-06
3391,4.2e-06
3392,4.2e-06
3393,4.2e-06
3394,4.2e-06
3395,4.2e-06
3396,4.2e-06
3397,4.18e-06
3398,4.18e-06
3399,4.18e-06
3400,4.18e-06
3401,4.18e-06
3402,4.18e-06
3403,4.18e-06
3404,4.18e-06
3405,4.18e-06
3406,4.18e-06
3407,4.18e-06
3408,4.18e-06
3409,4.18e-06
3410,4.18e-06
3411,4.18e-06
3412,4.18e-06
3413,4.18e-06
3414,4.18e-06
3415,4.18e-06
3416,4.18e-06
3417,4.18e-06
3418,4.18e-06
3419,4.18e-06
3420,4.18e-06
3421,4.18e-06
3422,4.18e-06
3423,4.18e-06
3424,4.18e-06
3425,4.18e-06
3426,4.18e-06
3427,4.18e-06
3428,4.18e-06
3429,4.18e-06
3430,4.18e-06
3431,4.18e-06
3432,4.18e-06
3433,4.18e-06
3434,4.18e-06
3435,4.18e-06
3436,4.19e-06
3437,4.19e-06
3438,4.19e-06
3439,4.19e-06
3440,4.19e-06
3441,4.19e-06
3442,4.19e-06
3443,4.19e-06
3444,4.19e-06
3445,4.19e-06
3446,4.19e-06
3447,4.19e-06
3448,4.19e-06
3449,4.19e-06
3450,4.19e-06
3451,4.19e-06
3452,4.19e-06
3453,4.19e-06
3454,4.19e-06
3455,4.19e-06
3456,4.19e-06
3457,4.19e-06
3458,4.19e-06
3459,4.19e-06
3460,4.19e-06
3461,4.19e-06
3462,4.19e-06
3463,4.19e-06
3464,4.19e-06
3465,4.19e-06
3466,4.19e-06
3467,4.19e-06
3468,4.19e-06
3469,4.19e-06
3470,4.19e-06
3471,4.19e-06
3472,4.19e-06
3473,4.19e-06
3474,4.19e-06
3475,4.19e-06
3476,4.19e-06
3477,4.19e-06
3478,4.19e-06
3479,4.19e-06
3480,4.19e-06
3481,4.19e-06
3482,4.19e-06
3483,4.19e-06
3484,4.19e-06
3485,4.19e-06
3486,4.19e-06
3487,4.19e-06
3488,4.19e-06
3489,4.19e-06
3490,4.19e-06
3491,4.19e-06
3492,4.19e-06
3493,4.19e-06
3494,4.19e-06
3495,4.19e-06
3496,4.19e-06
3497,4.19e-06
3498,4.19e-06
3499,4.06e-06
3500,4.06e-06
3501,4.06e-06
3502,4.06e-06
3503,4.13e-06
3504,4.13e-06
3505,4.12e-06
3506,4.12e-06
3507,4.12e-06
3508,4.12e-06
3509,4.12e-06
3510,4.12e-06
3511,4.12e-06
3512,4.12e-06
3513,4.12e-06
3514,4.12e-06
3515,4.12e-06
3516,4.12e-06
3517,4.12e-06
3518,4.12e-06
3519,4.12e-06
3520,4.12e-06
3521,4.12e-06
3522,4.12e-06
3523,4.12e-06
3524,4.12e-06
3525,4.12e-06
3526,4.13e-06
3527,4.13e-06
3528,4.13e-06
3529,4.13e-06
3530,4.13e-06
3531,4.13e-06
3532,4.13e-06
3533,4.13e-06
3534,4.13e-06
3535,4.13e-06
3536,4.13e-06
3537,4.13e-06
3538,4.13e-06
3539,4.13e-06
3540,4.13e-06
3541,4.13e-06
3542,4.13e-06
3543,4.13e-06
3544,4.13e-06
3545,4.13e-06
3546,4.13e-06
3547,4.13e-06
3548,4.13e-06
3549,4.13e-06
3550,4.13e-06
3551,4.13e-06
3552,4.13e-06
3553,4.13e-06
3554,4.13e-06
3555,4.13e-06
3556,4.13e-06
3557,4.13e-06
3558,4.13e-06
3559,4.13e-06
3560,4.13e-06
3561,4.13e-06
3562,4.13e-06
3563,4.13e-06
3564,4.13e-06
3565,4.13e-06
3566,4.13e-06
3567,4.13e-06
3568,4.13e-06
3569,4.13e-06
3570,4.13e-06
3571,4.13e-06
3572,4.13e-06
3573,4.13e-06
3574,4.13e-06
3575,4.13e-06
3576,4.13e-06
3577,4.13e-06
3578,4.13e-06
3579,4.13e-06
3580,4.13e-06
3581,4.13e-06
3582,4.13e-06
3583,4.13e-06
3584,4.13e-06
3585,4.13e-06
3586,4.13e-06
3587,4.13e-06
3588,4.13e-06
3589,4.13e-06
3590,4.13e-06
3591,4.13e-06
3592,4.13e-06
3593,4.13e-06
3594,4.13e-06
3595,4.13e-06
3596,4.13e-06
3597,4.13e-06
3598,4.13e-06
3599,4.13e-06
3600,4.13e-06
3601,4.13e-06
3602,4.13e-06
3603,4.13e-06
3604,4.13e-06
3605,4.13e-06
3606,4.1e-06
3607,4.1e-06
3608,4.1e-06
3609,4.1e-06
3610,4.1e-06
3611,4.1e-06
3612,4.1e-06
3613,4.1e-06
3614,4.1e-06
3615,4.11e-06
3616,4.11e-06
3617,4.11e-06
3618,4.11e-06
3619,4.11e-06
3620,4.11e-06
3621,4.11e-06
3622,4.11e-06
3623,4.11e-06
3624,4.11e-06
3625,4.11e-06
3626,4.11e-06
3627,4.11e-06
3628,4.1e-06
3629,4.09e-06
3630,4.09e-06
3631,4.07e-06
3632,4.06e-06
3633,4.06e-06
3634,4.04e-06
3635,4.04e-06
3636,4e-06
3637,4.1e-06
3638,4.1e-06
3639,4.04e-06
3640,4.04e-06
3641,4.07e-06
3642,4.07e-06
3643,4.06e-06
3644,4.06e-06
3645,4.06e-06
3646,4.06e-06
3647,4.06e-06
3648,4.06e-06
3649,4.04e-06
3650,4.04e-06
3651,4.04e-06
3652,4.04e-06
3653,4.04e-06
3654,4.04e-06
3655,4.04e-06
3656,4.04e-06
3657,4.04e-06
3658,4.04e-06
3659,4.04e-06
3660,4.04e-06
3661,4.04e-06
3662,4.04e-06
3663,4.04e-06
3664,4.04e-06
3665,4.04e-06
3666,4.01e-06
3667,4.01e-06
3668,4.01e-06
3669,4.04e-06
3670,4.04e-06
3671,4.04e-06
3672,4.04e-06
3673,4.04e-06
3674,4.04e-06
3675,4.04e-06
3676,4.04e-06
3677,4.04e-06
3678,4.04e-06
3679,4.04e-06
3680,4.04e-06
3681,4.04e-06
3682,4.04e-06
3683,4.04e-06
3684,4.04e-06
3685,4.06e-06
3686,4.06e-06
3687,4.06e-06
3688,4.06e-06
3689,4.06e-06
3690,4.06e-06
3691,4.06e-06
3692,4.06e-06
3693,4.06e-06
3694,4.06e-06
3695,4.06e-06
3696,4.06e-06
3697,4.05e-06
3698,4.08e-06
3699,4.08e-06
3700,4.08e-06
3701,4.08e-06
3702,4.08e-06
3703,4.08e-06
3704,4.08e-06
3705,4.08e-06
3706,4.08e-06
3707,4.08e-06
3708,4.08e-06
3709,4.09e-06
3710,4.09e-06
3711,4.09e-06
3712,4.09e-06
3713,4.09e-06
3714,4.09e-06
3715,4.09e-06
3716,4.1e-06
3717,4.1e-06
3718,4.1e-06
3719,4.1e-06
3720,4.1e-06
3721,4.1e-06
3722,4.1e-06
3723,4.1e-06
3724,4.1e-06
3725,4.1e-06
3726,4.1e-06
3727,4.1e-06
3728,4.1e-06
3729,4.1e-06
3730,4.1e-06
3731,4.1e-06
3732,4.1e-06
3733,4.1e-06
3734,4.1e-06
3735,4.1e-06
3736,4.1e-06
3737,4.1e-06
3738,4.1e-06
3739,4.1e-06
3740,4.1e-06
3741,4.1e-06
3742,4.1e-06
3743,4.1e-06
3744,4.1e-06
3745,4.1e-06
3746,4.1e-06
3747,4.1e-06
3748,4.1e-06
3749,4.1e-06
3750,4.1e-06
3751,4.1e-06
3752,4.1e-06
3753,4.1e-06
3754,4.1e-06
3755,4.1e-06
3756,4.1e-06
3757,4.1e-06
3758,4.1e-06
3759,4.1e-06
3760,4.1e-06
3761,4.1e-06
3762,4.1e-06
3763,4.1e-06
3764,4.1e-06
3765,4.1e-06
3766,4.1e-06
3767,4.1e-06
3768,4.1e-06
3769,4.1e-06
3770,4.1e-06
3771,4.1e-06
3772,4.1e-06
3773,4.11e-06
3774,4.11e-06
3775,4.11e-06
3776,4.11e-06
3777,4.11e-06
3778,4.11e-06
3779,4.11e-06
3780,4.11e-06
3781,4.11e-06
3782,4.11e-06
3783,4.11e-06
3784,4.11e-06
3785,4.11e-06
3786,4.11e-06
3787,4.11e-06
3788,4.11e-06
3789,4.11e-06
3790,4.11e-06
3791,4.11e-06
3792,4.11e-06
3793,4.11e-06
3794,4.11e-06
3795,4.11e-06
3796,4.11e-06
3797,4.11e-06
3798,4.11e-06
3799,4.11e-06
3800,4.11e-06
3801,4.11e-06
3802,4.11e-06
3803,4.11e-06
3804,4.11e-06
3805,4.11e-06
3806,4.11e-06
3807,4.11e-06
3808,4.11e-06
3809,4.11e-06
3810,4.11e-06
3811,4.11e-06
3812,4.11e-06
3813,4.11e-06
3814,4.11e-06
3815,4.11e-06
3816,4.11e-06
3817,4.11e-06
3818,4.11e-06
3819,4.11e-06
3820,4.11e-06
3821,4.11e-06
3822,4.11e-06
3823,4.11e-06
3824,4.11e-06
3825,4.11e-06
3826,4.11e-06
3827,4.11e-06
3828,4.11e-06
3829,4.11e-06
3830,4.11e-06
3831,4.11e-06
3832,4.11e-06
3833,4.11e-06
3834,4.11e-06
3835,4.11e-06
3836,4.12e-06
3837,4.12e-06
3838,4.12e-06
3839,4.12e-06
3840,4.12e-06
3841,4.19e-06
3842,4.13e-06
3843,4.14e-06
3844,4.14e-06
3845,4.14e-06
3846,4.14e-06
3847,4.14e-06
3848,4.14e-06
3849,4.14e-06
3850,4.14e-06
3851,4.14e-06
3852,4.14e-06
3853,4.14e-06
3854,4.14e-06
3855,4.14e-06
3856,4.14e-06
3857,4.14e-06
3858,4.14e-06
3859,4.14e-06
3860,4.14e-06
3861,4.15e-06
3862,4.15e-06
3863,4.15e-06
3864,4.15e-06
3865,4.15e-06
3866,4.15e-06
3867,4.15e-06
3868,4.15e-06
3869,4.15e-06
3870,4.15e-06
3871,4.15e-06
3872,4.15e-06
3873,4.15e-06
3874,4.15e-06
3875,4.16e-06
3876,4.16e-06
3877,4.16e-06
3878,4.16e-06
3879,4.16e-06
3880,4.16e-06
3881,4.15e-06
3882,4.15e-06
3883,4.15e-06
3884,4.15e-06
3885,4.15e-06
3886,4.15e-06
3887,4.15e-06
3888,4.15e-06
3889,4.15e-06
3890,4.15e-06
3891,4.15e-06
3892,4.15e-06
3893,4.15e-06
3894,4.15e-06
3895,4.15e-06
3896,4.15e-06
3897,4.15e-06
3898,4.15e-06
3899,4.15e-06
3900,4.15e-06
3901,4.15e-06
3902,4.15e-06
3903,4.15e-06
3904,4.15e-06
3905,4.15e-06
3906,4.15e-06
3907,4.15e-06
3908,4.15e-06
3909,4.15e-06
3910,4.15e-06
3911,4.15e-06
3912,4.15e-06
3913,4.15e-06
3914,4.15e-06
3915,4.15e-06
3916,4.15e-06
3917,4.15e-06
3918,4.15e-06
3919,4.15e-06
3920,4.15e-06
3921,4.15e-06
3922,4.15e-06
3923,4.15e-06
3924,4.15e-06
3925,4.15e-06
3926,4.15e-06
3927,4.15e-06
3928,4.15e-06
3929,4.15e-06
3930,4.15e-06
3931,4.15e-06
3932,4.15e-06
3933,4.15e-06
3934,4.15e-06
3935,4.15e-06
3936,4.15e-06
3937,4.23e-06
3938,4.23e-06
3939,4.17e-06
3940,4.22e-06
3941,4.22e-06
3942,4.17e-06
3943,4.17e-06
3944,4.17e-06
3945,4.17e-06
3946,4.17e-06
3947,4.17e-06
3948,4.17e-06
3949,4.17e-06
3950,4.17e-06
3951,4.18e-06
3952,4.18e-06
3953,4.18e-06
3954,4.18e-06
3955,4.18e-06
3956,4.18e-06
3957,4.18e-06
3958,4.18e-06
3959,4.18e-06
3960,4.18e-06
3961,4.18e-06
3962,4.18e-06
3963,4.18e-06
3964,4.18e-06
3965,4.18e-06
3966,4.18e-06
3967,4.18e-06
3968,4.18e-06
3969,4.18e-06
3970,4.18e-06
3971,4.18e-06
3972,4.18e-06
3973,4.18e-06
3974,4.18e-06
3975,4.18e-06
3976,4.23e-06
3977,4.23e-06
3978,4.23e-06
3979,4.23e-06
3980,4.23e-06
3981,4.23e-06
3982,4.23e-06
3983,4.23e-06
3984,4.23e-06
3985,4.23e-06
3986,4.23e-06
3987,4.23e-06
3988,4.23e-06
3989,4.23e-06
3990,4.23e-06
3991,4.23e-06
3992,4.23e-06
3993,4.23e-06
3994,4.23e-06
3995,4.23e-06
3996,4.23e-06
3997,4.23e-06
3998,4.23e-06
3999,4.23e-06
4000,4.23e-06
4001,4.23e-06
4002,4.23e-06
4003,4.23e-06
4004,4.24e-06
4005,4.24e-06
4006,4.23e-06
4007,4.25e-06
4008,4.25e-06
4009,4.25e-06
4010,4.25e-06
4011,4.25e-06
4012,4.25e-06
4013,4.25e-06
4014,4.25e-06
4015,4.25e-06
4016,4.25e-06
4017,4.25e-06
4018,4.25e-06
4019,4.25e-06
4020,4.23e-06
4021,4.25e-06
4022,4.25e-06
4023,4.25e-06
4024,4.25e-06
4025,4.25e-06
4026,4.25e-06
4027,4.25e-06
4028,4.25e-06
4029,4.25e-06
4030,4.25e-06
4031,4.25e-06
4032,4.25e-06
4033,4.25e-06
4034,4.25e-06
4035,4.25e-06
4036,4.25e-06
4037,4.25e-06
4038,4.25e-06
4039,4.25e-06
4040,4.25e-06
4041,4.25e-06
4042,4.25e-06
4043,4.25e-06
4044,4.25e-06
4045,4.23e-06
4046,4.23e-06
4047,4.23e-06
4048,4.23e-06
4049,4.23e-06
4050,4.23e-06
4051,4.23e-06
4052,4.23e-06
4053,4.23e-06
4054,4.23e-06
4055,4.23e-06
4056,4.23e-06
4057,4.23e-06
4058,4.23e-06
4059,4.23e-06
4060,4.23e-06
4061,4.23e-06
4062,4.23e-06
4063,4.23e-06
4064,4.23e-06
4065,4.23e-06
4066,4.23e-06
4067,4.23e-06
4068,4.23e-06
4069,4.23e-06
4070,4.23e-06
4071,4.23e-06
4072,4.23e-06
4073,4.23e-06
4074,4.23e-06
4075,4.23e-06
4076,4.23e-06
4077,4.17e-06
4078,4.17e-06
4079,4.17e-06
4080,4.17e-06
4081,4.17e-06
4082,4.17e-06
4083,4.16e-06
4084,4.16e-06
4085,4.16e-06
4086,4.16e-06
4087,4.16e-06
4088,4.16e-06
4089,4.16e-06
4090,4.16e-06
4091,4.16e-06
4092,4.16e-06
4093,4.16e-06
4094,4.16e-06
4095,4.16e-06
4096,4.16e-06
4097,4.16e-06
4098,4.16e-06
4099,4.23e-06
4100,4.23e-06
4101,4.23e-06
4102,4.23e-06
4103,4.23e-06
4104,4.23e-06
4105,4.23e-06
4106,4.19e-06
4107,4.19e-06
4108,4.18e-06
4109,4.18e-06
4110,4.18e-06
4111,4.18e-06
4112,4.18e-06
4113,4.18e-06
4114,4.18e-06
4115,4.18e-06
4116,4.18e-06
4117,4.18e-06
4118,4.18e-06
4119,4.18e-06
4120,4.18e-06
4121,4.18e-06
4122,4.18e-06
4123,4.18e-06
4124,4.18e-06
4125,4.16e-06
4126,4.16e-06
4127,4.16e-06
4128,4.16e-06
4129,4.16e-06
4130,4.16e-06
4131,4.16e-06
4132,4.16e-06
4133,4.1e-06
4134,4.02e-06
4135,4.02e-06
4136,4.02e-06
4137,4.02e-06
4138,4.02e-06
4139,4.02e-06
4140,4.02e-06
4141,4.01e-06
4142,4.01e-06
4143,4e-06
4144,4e-06
4145,4.08e-06
4146,4.08e-06
4147,4.08e-06
4148,4.03e-06
4149,4.01e-06
4150,4.01e-06
4151,4e-06
4152,4e-06
4153,4e-06
4154,4e-06
4155,4e-06
4156,4.07e-06
4157,4.07e-06
4158,4.07e-06
4159,4.07e-06
4160,4.07e-06
4161,4.07e-06
4162,4.07e-06
4163,4.07e-06
4164,4.07e-06
4165,4.07e-06
4166,4.07e-06
4167,4.07e-06
4168,4.07e-06
4169,4.07e-06
4170,4.07e-06
4171,4.07e-06
4172,4.07e-06
4173,4.07e-06
4174,4.07e-06
4175,4.07e-06
4176,4.07e-06
4177,4.06e-06
4178,4.06e-06
4179,4.06e-06
4180,4.06e-06
4181,4.08e-06
4182,4.08e-06
4183,4.08e-06
4184,4.08e-06
4185,4.08e-06
4186,4.08e-06
4187,4.08e-06
4188,4.08e-06
4189,4.08e-06
4190,4.08e-06
4191,4.08e-06
4192,4.08e-06
4193,4.08e-06
4194,4.08e-06
4195,4.08e-06
4196,4.08e-06
4197,4.08e-06
4198,4.08e-06
4199,4.08e-06
4200,4.08e-06
4201,4.08e-06
4202,4.08e-06
4203,4.08e-06
4204,4.08e-06
4205,4.08e-06
4206,4.08e-06
4207,4.08e-06
4208,4.08e-06
4209,4.08e-06
4210,4.08e-06
4211,4.08e-06
4212,4.08e-06
4213,4.08e-06
4214,4.08e-06
4215,4.08e-06
4216,4.08e-06
4217,4.08e-06
4218,4.08e-06
4219,4.08e-06
4220,4.08e-06
4221,4.08e-06
4222,4.08e-06
4223,4.08e-06
4224,4.08e-06
4225,4.08e-06
4226,4.08e-06
4227,4.08e-06
4228,4.08e-06
4229,4.08e-06
4230,4.08e-06
4231,4.08e-06
4232,4.08e-06
4233,4.08e-06
4234,4.08e-06
4235,4.08e-06
4236,4.08e-06
4237,4.08e-06
4238,4.08e-06
4239,4.08e-06
4240,4.08e-06
4241,4.08e-06
4242,4.05e-06
4243,4.03e-06
4244,3.96e-06
4245,3.95e-06
4246,3.95e-06
4247,3.95e-06
4248,3.96e-06
4249,3.96e-06
4250,3.96e-06
4251,3.96e-06
4252,3.96e-06
4253,3.96e-06
4254,3.96e-06
4255,3.96e-06
4256,3.96e-06
4257,3.96e-06
4258,3.96e-06
4259,3.96e-06
4260,3.96e-06
4261,3.95e-06
4262,3.95e-06
4263,3.95e-06
4264,3.96e-06
4265,3.96e-06
4266,3.96e-06
4267,3.96e-06
4268,3.95e-06
4269,3.95e-06
4270,3.95e-06
4271,3.95e-06
4272,3.95e-06
4273,3.95e-06
4274,3.95e-06
4275,3.95e-06
4276,3.95e-06
4277,3.95e-06
4278,3.95e-06
4279,3.96e-06
4280,3.96e-06
4281,3.96e-06
4282,3.96e-06
4283,3.95e-06
4284,3.95e-06
4285,3.95e-06
4286,3.95e-06
4287,3.95e-06
4288,3.95e-06
4289,3.95e-06
4290,3.95e-06
4291,3.95e-06
4292,3.96e-06
4293,4e-06
4294,3.99e-06
4295,3.99e-06
4296,3.99e-06
4297,3.99e-06
4298,4e-06
4299,4e-06
4300,4e-06
4301,4e-06
4302,4e-06
4303,4e-06
4304,3.95e-06
4305,3.95e-06
4306,3.95e-06
4307,3.95e-06
4308,3.95e-06
4309,3.99e-06
4310,3.98e-06
4311,3.98e-06
4312,4e-06
4313,4e-06
4314,3.95e-06
4315,3.95e-06
4316,4e-06
4317,4e-06
4318,4e-06
4319,3.95e-06
4320,3.95e-06
4321,3.95e-06
4322,3.95e-06
4323,3.95e-06
4324,3.95e-06
4325,3.95e-06
4326,3.95e-06
4327,3.95e-06
4328,3.95e-06
4329,3.95e-06
4330,3.95e-06
4331,3.95e-06
4332,3.99e-06
4333,3.99e-06
4334,3.99e-06
4335,3.99e-06
4336,4.01e-06
4337,4.01e-06
4338,4.01e-06
4339,4.01e-06
4340,4.01e-06
4341,4.01e-06
4342,4.01e-06
4343,4.01e-06
4344,4e-06
4345,4e-06
4346,4e-06
4347,4e-06
4348,4e-06
4349,3.95e-06
4350,3.95e-06
4351,4.01e-06
4352,4.01e-06
4353,4.01e-06
4354,4.01e-06
4355,4.01e-06
4356,4e-06
4357,4e-06
4358,4e-06
4359,4e-06
4360,4e-06
4361,4e-06
4362,4e-06
4363,4e-06
4364,4e-06
4365,4e-06
4366,4e-06
4367,4e-06
4368,4e-06
4369,3.95e-06
4370,3.95e-06
4371,3.95e-06
4372,4e-06
4373,4e-06
4374,3.99e-06
4375,3.99e-06
4376,4e-06
4377,4e-06
4378,3.98e-06
4379,3.98e-06
4380,3.97e-06
4381,3.97e-06
4382,3.97e-06
4383,3.97e-06
4384,3.97e-06
4385,3.95e-06
4386,3.95e-06
4387,3.95e-06
4388,3.95e-06
4389,3.95e-06
4390,3.95e-06
4391,3.95e-06
4392,3.93e-06
4393,3.87e-06
4394,3.83e-06
4395,3.83e-06
4396,3.83e-06
4397,3.83e-06
4398,3.84e-06
4399,3.84e-06
4400,3.85e-06
4401,3.85e-06
4402,3.85e-06
4403,3.85e-06
4404,3.85e-06
4405,3.85e-06
4406,3.85e-06
4407,3.85e-06
4408,3.84e-06
4409,3.84e-06
4410,3.83e-06
4411,3.84e-06
4412,3.84e-06
4413,3.84e-06
4414,3.84e-06
4415,3.84e-06
4416,3.84e-06
4417,3.84e-06
4418,3.84e-06
4419,3.84e-06
4420,3.84e-06
4421,3.84e-06
4422,3.84e-06
4423,3.85e-06
4424,3.85e-06
4425,3.85e-06
4426,3.83e-06
4427,3.83e-06
4428,3.83e-06
4429,3.85e-06
4430,3.85e-06
4431,3.85e-06
4432,3.85e-06
4433,3.85e-06
4434,3.83e-06
4435,3.83e-06
4436,3.83e-06
4437,3.83e-06
4438,3.83e-06
4439,3.83e-06
4440,3.83e-06
4441,3.85e-06
4442,3.85e-06
4443,3.85e-06
4444,3.85e-06
4445,3.85e-06
4446,3.84e-06
4447,3.85e-06
4448,3.85e-06
4449,3.85e-06
4450,3.85e-06
4451,3.85e-06
4452,3.85e-06
4453,3.84e-06
4454,3.84e-06
4455,3.84e-06
4456,3.83e-06
4457,3.83e-06
4458,3.83e-06
4459,3.83e-06
4460,3.83e-06
4461,3.84e-06
4462,3.84e-06
4463,3.85e-06
4464,3.88e-06
4465,3.88e-06
4466,3.88e-06
4467,3.88e-06
4468,3.88e-06
4469,3.89e-06
4470,3.89e-06
4471,3.89e-06
4472,3.89e-06
4473,3.89e-06
4474,3.89e-06
4475,3.89e-06
4476,3.89e-06
4477,3.89e-06
4478,3.84e-06
4479,3.84e-06
4480,3.84e-06
4481,3.84e-06
4482,3.89e-06
4483,3.89e-06
4484,3.89e-06
4485,3.89e-06
4486,3.89e-06
4487,3.89e-06
4488,3.89e-06
4489,3.84e-06
4490,3.84e-06
4491,3.89e-06
4492,3.89e-06
4493,3.89e-06
4494,3.91e-06
4495,3.91e-06
4496,3.91e-06
4497,3.91e-06
4498,3.91e-06
4499,3.92e-06
4500,3.92e-06
4501,3.92e-06
4502,3.92e-06
4503,3.92e-06
4504,3.92e-06
4505,3.92e-06
4506,3.92e-06
4507,3.92e-06
4508,3.92e-06
4509,3.92e-06
4510,3.92e-06
4511,3.92e-06
4512,3.92e-06
4513,3.92e-06
4514,3.92e-06
4515,3.92e-06
4516,3.92e-06
4517,3.92e-06
4518,3.92e-06
4519,3.92e-06
4520,3.92e-06
4521,3.92e-06
4522,3.92e-06
4523,3.92e-06
4524,3.92e-06
4525,3.92e-06
4526,3.92e-06
4527,3.92e-06
4528,3.92e-06
4529,3.92e-06
4530,3.92e-06
4531,3.92e-06
4532,3.92e-06
4533,3.92e-06
4534,3.92e-06
4535,3.92e-06
4536,3.92e-06
4537,3.92e-06
4538,3.91e-06
4539,3.91e-06
4540,3.92e-06
4541,3.92e-06
4542,3.92e-06
4543,3.92e-06
4544,3.92e-06
4545,3.92e-06
4546,3.92e-06
4547,3.92e-06
4548,3.92e-06
4549,3.86e-06
4550,3.86e-06
4551,3.94e-06
4552,3.94e-06
4553,3.94e-06
4554,3.94e-06
4555,3.94e-06
4556,3.94e-06
4557,3.94e-06
4558,3.94e-06
4559,3.94e-06
4560,3.94e-06
4561,3.94e-06
4562,3.94e-06
4563,3.94e-06
4564,3.94e-06
4565,3.94e-06
4566,3.94e-06
4567,3.86e-06
4568,3.86e-06
4569,3.86e-06
4570,3.86e-06
4571,3.86e-06
4572,3.86e-06
4573,3.86e-06
4574,3.86e-06
4575,3.86e-06
4576,3.86e-06
4577,3.86e-06
4578,3.86e-06
4579,3.86e-06
4580,3.86e-06
4581,3.89e-06
4582,3.89e-06
4583,3.89e-06
4584,3.89e-06
4585,3.89e-06
4586,3.89e-06
4587,3.89e-06
4588,3.89e-06
4589,3.89e-06
4590,3.89e-06
4591,3.89e-06
4592,3.89e-06
4593,3.89e-06
4594,3.89e-06
4595,3.89e-06
4596,3.89e-06
4597,3.89e-06
4598,3.91e-06
4599,3.91e-06
4600,3.91e-06
4601,3.91e-06
4602,3.91e-06
4603,3.91e-06
4604,3.91e-06
4605,3.91e-06
4606,3.91e-06
4607,3.91e-06
4608,3.85e-06
4609,3.85e-06
4610,3.85e-06
4611,3.85e-06
4612,3.85e-06
4613,3.85e-06
4614,3.85e-06
4615,3.85e-06
4616,3.85e-06
4617,3.85e-06
4618,3.89e-06
4619,3.89e-06
4620,3.89e-06
4621,3.89e-06
4622,3.85e-06
4623,3.85e-06
4624,3.85e-06
4625,3.89e-06
4626,3.89e-06
4627,3.89e-06
4628,3.89e-06
4629,3.89e-06
4630,3.89e-06
4631,3.87e-06
4632,3.87e-06
4633,3.89e-06
4634,3.89e-06
4635,3.9e-06
4636,3.9e-06
4637,3.9e-06
4638,3.9e-06
4639,3.9e-06
4640,3.9e-06
4641,3.9e-06
4642,3.9e-06
4643,3.9e-06
4644,3.9e-06
4645,3.9e-06
4646,3.9e-06
4647,3.9e-06
4648,3.89e-06
4649,3.89e-06
4650,3.89e-06
4651,3.89e-06
4652,3.89e-06
4653,3.89e-06
4654,3.89e-06
4655,3.89e-06
4656,3.89e-06
4657,3.89e-06
4658,3.89e-06
4659,3.89e-06
4660,3.89e-06
4661,3.89e-06
4662,3.89e-06
4663,3.89e-06
4664,3.89e-06
4665,3.89e-06
4666,3.89e-06
4667,3.89e-06
4668,3.89e-06
4669,3.89e-06
4670,3.89e-06
4671,3.89e-06
4672,3.89e-06
4673,3.89e-06
4674,3.89e-06
4675,3.89e-06
4676,3.89e-06
4677,3.89e-06
4678,3.89e-06
4679,3.89e-06
4680,3.89e-06
4681,3.89e-06
4682,3.89e-06
4683,3.89e-06
4684,3.84e-06
4685,3.84e-06
4686,3.84e-06
4687,3.84e-06
4688,3.84e-06
4689,3.84e-06
4690,3.84e-06
4691,3.84e-06
4692,3.84e-06
4693,3.84e-06
4694,3.84e-06
4695,3.84e-06
4696,3.88e-06
4697,3.88e-06
4698,3.88e-06
4699,3.88e-06
4700,3.83e-06
4701,3.83e-06
4702,3.83e-06
4703,3.83e-06
4704,3.83e-06
4705,3.83e-06
4706,3.83e-06
4707,3.83e-06
4708,3.83e-06
4709,3.83e-06
4710,3.83e-06
4711,3.83e-06
4712,3.83e-06
4713,3.83e-06
4714,3.83e-06
4715,3.83e-06
4716,3.83e-06
4717,3.83e-06
4718,3.81e-06
4719,3.81e-06
4720,3.81e-06
4721,3.81e-06
4722,3.81e-06
4723,3.81e-06
4724,3.81e-06
4725,3.81e-06
4726,3.82e-06
4727,3.84e-06
4728,3.84e-06
4729,3.84e-06
4730,3.84e-06
4731,3.84e-06
4732,3.84e-06
4733,3.84e-06
4734,3.84e-06
4735,3.84e-06
4736,3.84e-06
4737,3.84e-06
4738,3.84e-06
4739,3.84e-06
4740,3.84e-06
4741,3.84e-06
4742,3.84e-06
4743,3.84e-06
4744,3.84e-06
4745,3.84e-06
4746,3.84e-06
4747,3.84e-06
4748,3.84e-06
4749,3.84e-06
4750,3.84e-06
4751,3.84e-06
4752,3.84e-06
4753,3.8e-06
4754,3.8e-06
4755,3.8e-06
4756,3.8e-06
4757,3.8e-06
4758,3.8e-06
4759,3.8e-06
4760,3.8e-06
4761,3.84e-06
4762,3.84e-06
4763,3.84e-06
4764,3.84e-06
4765,3.84e-06
4766,3.84e-06
4767,3.8e-06
4768,3.8e-06
4769,3.8e-06
4770,3.8e-06
4771,3.79e-06
4772,3.79e-06
4773,3.78e-06
4774,3.78e-06
4775,3.78e-06
4776,3.78e-06
4777,3.78e-06
4778,3.78e-06
4779,3.78e-06
4780,3.78e-06
4781,3.78e-06
4782,3.78e-06
4783,3.78e-06
4784,3.78e-06
4785,3.78e-06
4786,3.78e-06
4787,3.78e-06
4788,3.78e-06
4789,3.78e-06
4790,3.78e-06
4791,3.78e-06
4792,3.78e-06
4793,3.78e-06
4794,3.78e-06
4795,3.78e-06
4796,3.79e-06
4797,3.79e-06
4798,3.79e-06
4799,3.79e-06
4800,3.79e-06
4801,3.85e-06
4802,3.85e-06
4803,3.85e-06
4804,3.85e-06
4805,3.85e-06
4806,3.84e-06
4807,3.84e-06
4808,3.84e-06
4809,3.84e-06
4810,3.84e-06
4811,3.84e-06
4812,3.84e-06
4813,3.84e-06
4814,3.78e-06
4815,3.78e-06
4816,3.78e-06
4817,3.78e-06
4818,3.78e-06
4819,3.78e-06
4820,3.78e-06
4821,3.78e-06
4822,3.78e-06
4823,3.78e-06
4824,3.78e-06
4825,3.84e-06
4826,3.84e-06
4827,3.84e-06
4828,3.84e-06
4829,3.84e-06
4830,3.84e-06
4831,3.84e-06
4832,3.84e-06
4833,3.84e-06
4834,3.84e-06
4835,3.84e-06
4836,3.84e-06
4837,3.84e-06
4838,3.84e-06
4839,3.84e-06
4840,3.84e-06
4841,3.84e-06
4842,3.84e-06
4843,3.84e-06
4844,3.84e-06
4845,3.84e-06
4846,3.84e-06
4847,3.84e-06
4848,3.84e-06
4849,3.84e-06
4850,3.84e-06
4851,3.84e-06
4852,3.84e-06
4853,3.84e-06
4854,3.84e-06
4855,3.84e-06
4856,3.84e-06
4857,3.84e-06
4858,3.84e-06
4859,3.84e-06
4860,3.84e-06
4861,3.84e-06
4862,3.84e-06
4863,3.84e-06
4864,3.84e-06
4865,3.84e-06
4866,3.84e-06
4867,3.84e-06
4868,3.84e-06
4869,3.84e-06
4870,3.84e-06
4871,3.84e-06
4872,3.84e-06
4873,3.84e-06
4874,3.84e-06
4875,3.84e-06
4876,3.84e-06
4877,3.84e-06
4878,3.84e-06
4879,3.84e-06
4880,3.84e-06
4881,3.84e-06
4882,3.84e-06
4883,3.84e-06
4884,3.84e-06
4885,3.84e-06
4886,3.84e-06
4887,3.84e-06
4888,3.84e-06
4889,3.84e-06
4890,3.84e-06
4891,3.84e-06
4892,3.84e-06
4893,3.84e-06
4894,3.84e-06
4895,3.84e-06
4896,3.84e-06
4897,3.81e-06
4898,3.81e-06
4899,3.81e-06
4900,3.81e-06
4901,3.81e-06
4902,3.81e-06
4903,3.81e-06
4904,3.81e-06
4905,3.81e-06
4906,3.81e-06
4907,3.81e-06
4908,3.81e-06
4909,3.81e-06
4910,3.81e-06
4911,3.84e-06
4912,3.84e-06
4913,3.84e-06
4914,3.84e-06
4915,3.84e-06
4916,3.84e-06
4917,3.84e-06
4918,3.84e-06
4919,3.85e-06
4920,3.85e-06
4921,3.85e-06
4922,3.85e-06
4923,3.85e-06
4924,3.85e-06
4925,3.85e-06
4926,3.85e-06
4927,3.85e-06
4928,3.85e-06
4929,3.85e-06
4930,3.85e-06
4931,3.85e-06
4932,3.85e-06
4933,3.86e-06
4934,3.86e-06
4935,3.86e-06
4936,3.86e-06
4937,3.87e-06
4938,3.87e-06
4939,3.87e-06
4940,3.87e-06
4941,3.87e-06
4942,3.9e-06
4943,3.9e-06
4944,3.9e-06
4945,3.9e-06
4946,3.9e-06
4947,3.9e-06
4948,3.9e-06
4949,3.9e-06
4950,3.91e-06
4951,3.91e-06
4952,3.91e-06
4953,3.91e-06
4954,3.91e-06
4955,3.91e-06
4956,3.91e-06
4957,3.91e-06
4958,3.91e-06
4959,3.95e-06
4960,3.95e-06
4961,3.95e-06
4962,3.95e-06
4963,3.95e-06
4964,3.95e-06
4965,3.95e-06
4966,3.91e-06
4967,3.91e-06
4968,3.91e-06
4969,3.91e-06
4970,3.91e-06
4971,3.91e-06
4972,3.91e-06
4973,3.91e-06
4974,3.91e-06
4975,3.91e-06
4976,3.91e-06
4977,3.91e-06
4978,3.92e-06
4979,3.96e-06
4980,3.96e-06
4981,3.96e-06
4982,3.98e-06
4983,3.98e-06
4984,3.98e-06
4985,3.98e-06
4986,4e-06
4987,4e-06
4988,4e-06
4989,4e-06
4990,4e-06
4991,4e-06
4992,4e-06
4993,4e-06
4994,4e-06
4995,3.96e-06
4996,3.96e-06
4997,3.96e-06
4998,3.96e-06
4999,3.98e-06
5000,3.98e-06
5001,3.98e-06
5002,3.98e-06
5003,4.01e-06
5004,4.01e-06
5005,4.01e-06
5006,4.01e-06
5007,4.01e-06
5008,4.12e-06
5009,4.01e-06
5010,4.13e-06
5011,4.12e-06
5012,4.12e-06
5013,4.12e-06
5014,4.12e-06
5015,4.12e-06
5016,4.13e-06
5017,3.99e-06
5018,3.98e-06
5019,3.99e-06
5020,3.99e-06
5021,3.99e-06
5022,3.99e-06
5023,4e-06
5024,4.01e-06
5025,4.01e-06
5026,4.01e-06
5027,4.02e-06
5028,4.02e-06
5029,4.03e-06
5030,4.03e-06
5031,4.03e-06
5032,4.03e-06
5033,4.03e-06
5034,4.03e-06
5035,4.03e-06
5036,4.03e-06
5037,4.03e-06
5038,4.03e-06
5039,4.03e-06
5040,4.03e-06
5041,4.03e-06
5042,4.03e-06
5043,4.05e-06
5044,4.05e-06
5045,4.05e-06
5046,4.05e-06
5047,3.99e-06
5048,3.99e-06
5049,3.99e-06
5050,3.99e-06
5051,3.99e-06
5052,3.99e-06
5053,3.99e-06
5054,3.99e-06
5055,3.99e-06
5056,3.99e-06
5057,3.99e-06
5058,3.99e-06
5059,3.99e-06
5060,3.99e-06
5061,3.99e-06
5062,3.99e-06
5063,3.99e-06
5064,3.99e-06
5065,3.99e-06
5066,3.99e-06
5067,3.99e-06
5068,3.99e-06
5069,3.99e-06
5070,3.99e-06
5071,3.99e-06
5072,3.99e-06
5073,3.99e-06
5074,3.99e-06
5075,3.99e-06
5076,3.99e-06
5077,3.99e-06
5078,3.98e-06
5079,3.98e-06
5080,3.98e-06
5081,3.98e-06
5082,3.97e-06
5083,3.97e-06
5084,3.96e-06
5085,3.96e-06
5086,3.96e-06
5087,3.96e-06
5088,3.96e-06
5089,3.96e-06
5090,3.96e-06
5091,3.96e-06
5092,3.96e-06
5093,3.96e-06
5094,3.96e-06
5095,3.96e-06
5096,3.96e-06
5097,3.96e-06
5098,3.96e-06
5099,3.96e-06
5100,3.96e-06
5101,3.96e-06
5102,3.96e-06
5103,3.96e-06
5104,3.96e-06
5105,3.96e-06
5106,3.96e-06
5107,3.96e-06
5108,3.97e-06
5109,3.97e-06
5110,3.97e-06
5111,3.97e-06
5112,3.97e-06
5113,3.97e-06
5114,3.97e-06
5115,3.97e-06
5116,3.97e-06
5117,3.97e-06
5118,3.97e-06
5119,3.97e-06
5120,3.97e-06
5121,3.97e-06
5122,3.97e-06
5123,3.97e-06
5124,3.97e-06
5125,3.96e-06
5126,3.96e-06
5127,3.96e-06
5128,3.96e-06
5129,3.96e-06
5130,3.97e-06
5131,3.97e-06
5132,3.97e-06
5133,3.97e-06
5134,3.97e-06
5135,3.97e-06
5136,3.97e-06
5137,3.97e-06
5138,3.97e-06
5139,3.97e-06
5140,3.97e-06
5141,3.97e-06
5142,3.97e-06
5143,3.97e-06
5144,3.97e-06
5145,3.97e-06
5146,3.97e-06
5147,3.97e-06
5148,3.97e-06
5149,3.97e-06
5150,3.97e-06
5151,3.97e-06
5152,3.96e-06
5153,3.96e-06
5154,3.96e-06
5155,3.96e-06
5156,3.96e-06
5157,3.96e-06
5158,3.96e-06
5159,3.96e-06
5160,3.96e-06
5161,3.96e-06
5162,3.97e-06
5163,3.97e-06
5164,3.97e-06
5165,3.97e-06
5166,3.97e-06
5167,3.97e-06
5168,3.97e-06
5169,3.97e-06
5170,3.97e-06
5171,3.97e-06
5172,3.97e-06
5173,3.97e-06
5174,3.97e-06
5175,3.97e-06
5176,3.97e-06
5177,4.01e-06
5178,4.01e-06
5179,4.01e-06
5180,4.01e-06
5181,4.01e-06
5182,4.01e-06
5183,4.01e-06
5184,4.01e-06
5185,4.01e-06
5186,4.01e-06
5187,4.01e-06
5188,4.01e-06
5189,4.01e-06
5190,4.01e-06
5191,4.01e-06
5192,4.01e-06
5193,4.01e-06
5194,4.01e-06
5195,4.01e-06
5196,4e-06
5197,4.13e-06
5198,4.13e-06
5199,4.13e-06
5200,4.13e-06
5201,4.13e-06
5202,4.02e-06
5203,4.08e-06
5204,4.13e-06
5205,4.13e-06
5206,4.01e-06
5207,4.01e-06
5208,4.01e-06
5209,4.01e-06
5210,4e-06
5211,4.13e-06
5212,4.13e-06
5213,4.13e-06
5214,4e-06
5215,4.05e-06
5216,4.05e-06
5217,4.05e-06
5218,4.05e-06
5219,4.05e-06
5220,4.05e-06
5221,4.05e-06
5222,4.05e-06
5223,4.05e-06
5224,4.05e-06
5225,4.08e-06
5226,4.08e-06
5227,4.08e-06
5228,4.05e-06
5229,4.09e-06
5230,4.09e-06
5231,4.09e-06
5232,4.09e-06
5233,4.09e-06
5234,4.09e-06
5235,4.09e-06
5236,4.09e-06
5237,4.09e-06
5238,4.09e-06
5239,4.09e-06
5240,4.09e-06
5241,4.13e-06
5242,4.13e-06
5243,4.05e-06
5244,4.12e-06
5245,4.12e-06
5246,4.12e-06
5247,4.12e-06
5248,4.12e-06
5249,4.12e-06
5250,4.12e-06
5251,4.12e-06
5252,4.12e-06
5253,4.12e-06
5254,4.12e-06
5255,4.12e-06
5256,4.12e-06
5257,4.12e-06
5258,4.12e-06
5259,4.12e-06
5260,4.12e-06
5261,4.12e-06
5262,4.12e-06
5263,4.12e-06
5264,4.12e-06
5265,4.12e-06
5266,4.12e-06
5267,4.11e-06
5268,4.1e-06
5269,4.1e-06
5270,4.1e-06
5271,4.1e-06
5272,4.11e-06
5273,4.11e-06
5274,4.11e-06
5275,4.11e-06
5276,4.1e-06
5277,4.1e-06
5278,4.1e-06
5279,4.1e-06
5280,4.05e-06
5281,4.05e-06
5282,4.05e-06
5283,4.05e-06
5284,4.05e-06
5285,4.05e-06
5286,4.05e-06
5287,4.05e-06
5288,4.05e-06
5289,4.05e-06
5290,4.05e-06
5291,4.05e-06
5292,4.05e-06
5293,4.05e-06
5294,4.05e-06
5295,4.05e-06
5296,4.05e-06
5297,4.05e-06
5298,4.05e-06
5299,4.05e-06
5300,4.12e-06
5301,4.12e-06
5302,4.12e-06
5303,4.12e-06
5304,4.12e-06
5305,4.12e-06
5306,4.12e-06
5307,4.1e-06
5308,4.1e-06
5309,4.1e-06
5310,4.1e-06
5311,4.1e-06
5312,4.1e-06
5313,4.1e-06
5314,4.1e-06
5315,4.1e-06
5316,4.1e-06
5317,4.1e-06
5318,4.1e-06
5319,4.1e-06
5320,4.1e-06
5321,4.1e-06
5322,4.1e-06
5323,4.1e-06
5324,4.13e-06
5325,4.13e-06
5326,4.13e-06
5327,4.13e-06
5328,4.13e-06
5329,4.13e-06
5330,4.13e-06
5331,4.13e-06
5332,4.13e-06
5333,4.13e-06
5334,4.13e-06
5335,4.13e-06
5336,4.13e-06
5337,4.13e-06
5338,4.13e-06
5339,4.13e-06
5340,4.13e-06
5341,4.13e-06
5342,4.13e-06
5343,4.13e-06
5344,4.13e-06
5345,4.13e-06
5346,4.13e-06
5347,4.13e-06
5348,4.13e-06
5349,4.13e-06
5350,4.13e-06
5351,4.13e-06
5352,4.13e-06
5353,4.13e-06
5354,4.13e-06
5355,4.13e-06
5356,4.11e-06
5357,4.11e-06
5358,4.11e-06
5359,4.11e-06
5360,4.11e-06
5361,4.11e-06
5362,4.11e-06
5363,4.11e-06
5364,4.11e-06
5365,4.11e-06
5366,4.11e-06
5367,4.1e-06
5368,4.1e-06
5369,4.1e-06
5370,4.1e-06
5371,4.1e-06
5372,4.1e-06
5373,4.1e-06
5374,4.1e-06
5375,4.1e-06
5376,4.1e-06
5377,4.1e-06
5378,4.1e-06
5379,4.1e-06
5380,4.1e-06
5381,4.05e-06
5382,4.05e-06
5383,3.96e-06
5384,4.03e-06
5385,4.01e-06
5386,4e-06
5387,4e-06
5388,4e-06
5389,4e-06
5390,4e-06
5391,4e-06
5392,4e-06
5393,4e-06
5394,4e-06
5395,4e-06
5396,4.1e-06
5397,4.1e-06
5398,4.1e-06
5399,4.1e-06
5400,4.1e-06
5401,4.1e-06
5402,4.1e-06
5403,4.1e-06
5404,4.1e-06
5405,4.1e-06
5406,4.1e-06
5407,4.06e-06
5408,4.06e-06
5409,4.06e-06
5410,4.06e-06
5411,4.06e-06
5412,4.06e-06
5413,4.06e-06
5414,4.12e-06
5415,4.12e-06
5416,4.13e-06
5417,4.06e-06
5418,4.02e-06
5419,4.02e-06
5420,4.02e-06
5421,4.02e-06
5422,4.02e-06
5423,4.02e-06
5424,4.02e-06
5425,4.01e-06
5426,4.01e-06
5427,4.02e-06
5428,4.02e-06
5429,4.02e-06
5430,4.02e-06
5431,4.09e-06
5432,4.09e-06
5433,4.05e-06
5434,4.05e-06
5435,4.05e-06
5436,4.05e-06
5437,4.05e-06
5438,4.05e-06
5439,4.05e-06
5440,4.05e-06
5441,4.05e-06
5442,4.05e-06
5443,4.05e-06
5444,4.05e-06
5445,4.05e-06
5446,4.05e-06
5447,4.05e-06
5448,4.05e-06
5449,4.05e-06
5450,4.05e-06
5451,4.05e-06
5452,4.05e-06
5453,4.05e-06
5454,4.05e-06
5455,4.05e-06
5456,4.05e-06
5457,4.11e-06
5458,4.11e-06
5459,4.11e-06
5460,4.11e-06
5461,4.11e-06
5462,4.11e-06
5463,4.11e-06
5464,4.11e-06
5465,4.11e-06
5466,4.13e-06
5467,4.13e-06
5468,4.13e-06
5469,4.08e-06
5470,4.08e-06
5471,4.08e-06
5472,4.08e-06
5473,4.08e-06
5474,4.08e-06
5475,4.08e-06
5476,4.08e-06
5477,4.08e-06
5478,4.08e-06
5479,4.08e-06
5480,4.12e-06
5481,4.12e-06
5482,4.12e-06
5483,4.12e-06
5484,4.14e-06
5485,4.12e-06
5486,4.12e-06
5487,4.12e-06
5488,4.12e-06
5489,4.12e-06
5490,4.12e-06
5491,4.12e-06
5492,4.12e-06
5493,4.12e-06
5494,4.12e-06
5495,4.12e-06
5496,4.12e-06
5497,4.12e-06
5498,4.12e-06
5499,4.12e-06
5500,4.12e-06
5501,4.12e-06
5502,4.12e-06
5503,4.12e-06
5504,4.12e-06
5505,4.12e-06
5506,4.12e-06
5507,4.12e-06
5508,4.12e-06
5509,4.12e-06
5510,4.12e-06
5511,4.12e-06
5512,4.12e-06
5513,4.12e-06
5514,4.12e-06
5515,4.12e-06
5516,4.12e-06
5517,4.12e-06
5518,4.12e-06
5519,4.17e-06
5520,4.17e-06
5521,4.17e-06
5522,4.26e-06
5523,4.11e-06
5524,4.14e-06
5525,4.17e-06
5526,4.18e-06
5527,4.19e-06
5528,4.19e-06
5529,4.18e-06
5530,4.21e-06
5531,4.21e-06
5532,4.21e-06
5533,4.21e-06
5534,4.15e-06
5535,4.14e-06
5536,4.14e-06
5537,4.14e-06
5538,4.14e-06
5539,4.14e-06
5540,4.14e-06
5541,4.14e-06
5542,4.14e-06
5543,4.14e-06
5544,4.14e-06
5545,4.14e-06
5546,4.14e-06
5547,4.14e-06
5548,4.14e-06
5549,4.17e-06
5550,4.17e-06
5551,4.17e-06
5552,4.17e-06
5553,4.17e-06
5554,4.17e-06
5555,4.17e-06
5556,4.17e-06
5557,4.23e-06
5558,4.23e-06
5559,4.23e-06
5560,4.23e-06
5561,4.24e-06
5562,4.24e-06
5563,4.24e-06
5564,4.24e-06
5565,4.24e-06
5566,4.24e-06
5567,4.24e-06
5568,4.24e-06
5569,4.25e-06
5570,4.25e-06
5571,4.25e-06
5572,4.25e-06
5573,4.25e-06
5574,4.25e-06
5575,4.25e-06
5576,4.25e-06
5577,4.25e-06
5578,4.25e-06
5579,4.25e-06
5580,4.25e-06
5581,4.25e-06
5582,4.25e-06
5583,4.25e-06
5584,4.25e-06
5585,4.25e-06
5586,4.25e-06
5587,4.25e-06
5588,4.25e-06
5589,4.25e-06
5590,4.25e-06
5591,4.25e-06
5592,4.25e-06
5593,4.25e-06
5594,4.25e-06
5595,4.25e-06
5596,4.14e-06
5597,4.14e-06
5598,4.16e-06
5599,4.16e-06
5600,4.16e-06
5601,4.12e-06
5602,4.12e-06
5603,4.12e-06
5604,4.16e-06
5605,4.16e-06
5606,4.16e-06
5607,4.16e-06
5608,4.16e-06
5609,4.16e-06
5610,4.16e-06
5611,4.12e-06
5612,4.12e-06
5613,4.16e-06
5614,4.16e-06
5615,4.16e-06
5616,4.16e-06
5617,4.16e-06
5618,4.16e-06
5619,4.16e-06
5620,4.16e-06
5621,4.16e-06
5622,4.16e-06
5623,4.16e-06
5624,4.16e-06
5625,4.16e-06
5626,4.16e-06
5627,4.12e-06
5628,4.12e-06
5629,4.11e-06
5630,4.11e-06
5631,4.11e-06
5632,4.11e-06
5633,4.18e-06
5634,4.18e-06
5635,4.18e-06
5636,4.18e-06
5637,4.18e-06
5638,4.18e-06
5639,4.18e-06
5640,4.18e-06
5641,4.11e-06
5642,4.11e-06
5643,4.17e-06
5644,4.17e-06
5645,4.17e-06
5646,4.17e-06
5647,4.18e-06
5648,4.18e-06
5649,4.18e-06
5650,4.18e-06
5651,4.18e-06
5652,4.18e-06
5653,4.18e-06
5654,4.18e-06
5655,4.18e-06
5656,4.18e-06
5657,4.18e-06
5658,4.18e-06
5659,4.18e-06
5660,4.18e-06
5661,4.18e-06
5662,4.18e-06
5663,4.18e-06
5664,4.18e-06
5665,4.18e-06
5666,4.18e-06
5667,4.18e-06
5668,4.18e-06
5669,4.18e-06
5670,4.18e-06
5671,4.23e-06
5672,4.23e-06
5673,4.23e-06
5674,4.23e-06
5675,4.23e-06
5676,4.23e-06
5677,4.23e-06
5678,4.23e-06
5679,4.23e-06
5680,4.23e-06
5681,4.23e-06
5682,4.23e-06
5683,4.23e-06
5684,4.23e-06
5685,4.23e-06
5686,4.23e-06
5687,4.23e-06
5688,4.23e-06
5689,4.23e-06
5690,4.23e-06
5691,4.23e-06
5692,4.23e-06
5693,4.23e-06
5694,4.23e-06
5695,4.23e-06
5696,4.23e-06
5697,4.23e-06
5698,4.23e-06
5699,4.23e-06
5700,4.23e-06
5701,4.23e-06
5702,4.25e-06
5703,4.25e-06
5704,4.25e-06
5705,4.25e-06
5706,4.25e-06
5707,4.25e-06
5708,4.24e-06
5709,4.24e-06
5710,4.24e-06
5711,4.24e-06
5712,4.24e-06
5713,4.24e-06
5714,4.24e-06
5715,4.24e-06
5716,4.24e-06
5717,4.24e-06
5718,4.24e-06
5719,4.24e-06
5720,4.24e-06
5721,4.24e-06
5722,4.18e-06
5723,4.18e-06
5724,4.15e-06
5725,4.15e-06
5726,4.15e-06
5727,4.15e-06
5728,4.15e-06
5729,4.15e-06
5730,4.15e-06
5731,4.16e-06
5732,4.16e-06
5733,4.16e-06
5734,4.16e-06
5735,4.16e-06
5736,4.16e-06
5737,4.16e-06
5738,4.16e-06
5739,4.27e-06
5740,4.27e-06
5741,4.27e-06
5742,4.27e-06
5743,4.27e-06
5744,4.27e-06
5745,4.27e-06
5746,4.27e-06
5747,4.27e-06
5748,4.27e-06
5749,4.27e-06
5750,4.23e-06
5751,4.23e-06
5752,4.23e-06
5753,4.23e-06
5754,4.23e-06
5755,4.23e-06
5756,4.23e-06
5757,4.23e-06
5758,4.15e-06
5759,4.16e-06
5760,4.18e-06
5761,4.17e-06
5762,4.17e-06
5763,4.17e-06
5764,4.17e-06
5765,4.17e-06
5766,4.17e-06
5767,4.18e-06
5768,4.18e-06
5769,4.18e-06
5770,4.18e-06
5771,4.18e-06
5772,4.18e-06
5773,4.18e-06
5774,4.18e-06
5775,4.18e-06
5776,4.18e-06
5777,4.18e-06
5778,4.18e-06
5779,4.18e-06
5780,4.18e-06
5781,4.18e-06
5782,4.18e-06
5783,4.18e-06
5784,4.18e-06
5785,4.18e-06
5786,4.22e-06
5787,4.22e-06
5788,4.22e-06
5789,4.22e-06
5790,4.22e-06
5791,4.22e-06
5792,4.2e-06
5793,4.2e-06
5794,4.2e-06
5795,4.2e-06
5796,4.2e-06
5797,4.2e-06
5798,4.2e-06
5799,4.2e-06
5800,4.2e-06
5801,4.2e-06
5802,4.2e-06
5803,4.2e-06
5804,4.2e-06
5805,4.2e-06
5806,4.2e-06
5807,4.2e-06
5808,4.2e-06
5809,4.2e-06
5810,4.2e-06
5811,4.2e-06
5812,4.2e-06
5813,4.2e-06
5814,4.2e-06
5815,4.21e-06
5816,4.21e-06
5817,4.21e-06
5818,4.21e-06
5819,4.21e-06
5820,4.21e-06
5821,4.21e-06
5822,4.19e-06
5823,4.19e-06
5824,4.19e-06
5825,4.19e-06
5826,4.19e-06
5827,4.19e-06
5828,4.19e-06
5829,4.19e-06
5830,4.22e-06
5831,4.22e-06
5832,4.22e-06
5833,4.22e-06
5834,4.22e-06
5835,4.22e-06
5836,4.22e-06
5837,4.22e-06
5838,4.22e-06
5839,4.22e-06
5840,4.22e-06
5841,4.19e-06
5842,4.19e-06
5843,4.19e-06
5844,4.19e-06
5845,4.19e-06
5846,4.19e-06
5847,4.19e-06
5848,4.19e-06
5849,4.19e-06
5850,4.19e-06
5851,4.19e-06
5852,4.19e-06
5853,4.19e-06
5854,4.19e-06
5855,4.19e-06
5856,4.19e-06
5857,4.19e-06
5858,4.19e-06
5859,4.19e-06
5860,4.19e-06
5861,4.19e-06
5862,4.19e-06
5863,4.19e-06
5864,4.19e-06
5865,4.19e-06
5866,4.19e-06
5867,4.19e-06
5868,4.19e-06
5869,4.19e-06
5870,4.19e-06
5871,4.19e-06
5872,4.19e-06
5873,4.19e-06
5874,4.19e-06
5875,4.19e-06
5876,4.19e-06
5877,4.19e-06
5878,4.16e-06
5879,4.16e-06
5880,4.16e-06
5881,4.16e-06
5882,4.16e-06
5883,4.23e-06
5884,4.23e-06
5885,4.23e-06
5886,4.23e-06
5887,4.23e-06
5888,4.23e-06
5889,4.19e-06
5890,4.19e-06
5891,4.19e-06
5892,4.23e-06
5893,4.23e-06
5894,4.23e-06
5895,4.23e-06
5896,4.23e-06
5897,4.23e-06
5898,4.23e-06
5899,4.23e-06
5900,4.18e-06
5901,4.18e-06
5902,4.18e-06
5903,4.18e-06
5904,4.18e-06
5905,4.18e-06
5906,4.18e-06
5907,4.18e-06
5908,4.18e-06
5909,4.18e-06
5910,4.18e-06
5911,4.18e-06
5912,4.18e-06
5913,4.18e-06
5914,4.18e-06
5915,4.18e-06
5916,4.18e-06
5917,4.18e-06
5918,4.18e-06
5919,4.17e-06
5920,4.16e-06
5921,4.16e-06
5922,4.16e-06
5923,4.16e-06
5924,4.17e-06
5925,4.17e-06
5926,4.17e-06
5927,4.17e-06
5928,4.17e-06
5929,4.17e-06
5930,4.17e-06
5931,4.17e-06
5932,4.17e-06
5933,4.17e-06
5934,4.17e-06
5935,4.17e-06
5936,4.17e-06
5937,4.17e-06
5938,4.17e-06
5939,4.17e-06
5940,4.17e-06
5941,4.17e-06
5942,4.13e-06
5943,4.13e-06
5944,4.16e-06
5945,4.16e-06
5946,4.16e-06
5947,4.16e-06
5948,4.16e-06
5949,4.16e-06
5950,4.16e-06
5951,4.16e-06
5952,4.16e-06
5953,4.16e-06
5954,4.16e-06
5955,4.16e-06
5956,4.16e-06
5957,4.16e-06
5958,4.16e-06
5959,4.16e-06
5960,4.16e-06
5961,4.16e-06
5962,4.16e-06
5963,4.16e-06
5964,4.16e-06
5965,4.16e-06
5966,4.16e-06
5967,4.16e-06
5968,4.16e-06
5969,4.16e-06
5970,4.16e-06
5971,4.16e-06
5972,4.16e-06
5973,4.16e-06
5974,4.16e-06
5975,4.16e-06
5976,4.16e-06
5977,4.16e-06
5978,4.16e-06
5979,4.16e-06
5980,4.16e-06
5981,4.16e-06
5982,4.16e-06
5983,4.16e-06
5984,4.16e-06
5985,4.16e-06
5986,4.16e-06
5987,4.16e-06
5988,4.16e-06
5989,4.16e-06
5990,4.11e-06
5991,4.15e-06
5992,4.15e-06
5993,4.15e-06
5994,4.15e-06
5995,4.15e-06
5996,4.14e-06
5997,4.14e-06
5998,4.14e-06
5999,4.13e-06
6000,4.13e-06
6001,4.13e-06
6002,4.13e-06
6003,4.13e-06
6004,4.13e-06
6005,4.13e-06
6006,4.13e-06
6007,4.13e-06
6008,4.13e-06
6009,4.08e-06
6010,4.08e-06
6011,4.13e-06
6012,4.13e-06
6013,4.13e-06
6014,4.13e-06
6015,4.13e-06
6016,4.13e-06
6017,4.13e-06
6018,4.13e-06
6019,4.13e-06
6020,4.13e-06
6021,4.13e-06
6022,4.13e-06
6023,4.13e-06
6024,4.13e-06
6025,4.13e-06
6026,4.13e-06
6027,4.13e-06
6028,4.13e-06
6029,4.13e-06
6030,4.08e-06
6031,4.08e-06
6032,4.14e-06
6033,4.14e-06
6034,4.14e-06
6035,4.14e-06
6036,4.14e-06
6037,4.14e-06
6038,4.12e-06
6039,4.12e-06
6040,4.08e-06
6041,4.08e-06
6042,4.08e-06
6043,4.08e-06
6044,4.08e-06
6045,4.08e-06
6046,4.08e-06
6047,4.08e-06
6048,4.08e-06
6049,4.08e-06
6050,4.08e-06
6051,4.08e-06
6052,4.08e-06
6053,4.08e-06
6054,4.08e-06
6055,4.08e-06
6056,4.08e-06
6057,4.08e-06
6058,4.08e-06
6059,4.08e-06
6060,4.08e-06
6061,4.08e-06
6062,4.08e-06
6063,4.08e-06
6064,4.08e-06
6065,4.08e-06
6066,4.08e-06
6067,4.08e-06
6068,4.08e-06
6069,4.08e-06
6070,4.08e-06
6071,4.08e-06
6072,4.08e-06
6073,4.08e-06
6074,4.08e-06
6075,4.08e-06
6076,4.08e-06
6077,4.08e-06
6078,4.1e-06
6079,4.1e-06
6080,4.1e-06
6081,4.1e-06
6082,4.1e-06
6083,4.1e-06
6084,4.1e-06
6085,4.1e-06
6086,4.1e-06
6087,4.1e-06
6088,4.1e-06
6089,4.1e-06
6090,4.1e-06
6091,4.1e-06
6092,4.1e-06
6093,4.1e-06
6094,4.1e-06
6095,4.1e-06
6096,4.1e-06
6097,4.1e-06
6098,4.1e-06
6099,4.1e-06
6100,4.1e-06
6101,4.1e-06
6102,4.1e-06
6103,4.1e-06
6104,4.1e-06
6105,4.1e-06
6106,4.1e-06
6107,4.1e-06
6108,4.1e-06
6109,4.1e-06
6110,4.1e-06
6111,4.1e-06
6112,4.1e-06
6113,4.1e-06
6114,4.08e-06
6115,4.08e-06
6116,4.08e-06
6117,4.08e-06
6118,4.08e-06
6119,4.08e-06
6120,4.09e-06
6121,4.09e-06
6122,4.09e-06
6123,4.09e-06
6124,4.09e-06
6125,4.09e-06
6126,4.09e-06
6127,4.09e-06
6128,4.09e-06
6129,4.09e-06
6130,4.09e-06
6131,4.09e-06
6132,4.09e-06
6133,4.09e-06
6134,4.09e-06
6135,4.09e-06
6136,4.09e-06
6137,4.09e-06
6138,4.09e-06
6139,4.08e-06
6140,4.08e-06
6141,4.08e-06
6142,4.08e-06
6143,4.08e-06
6144,4.08e-06
6145,4.08e-06
6146,4.08e-06
6147,4.08e-06
6148,4.08e-06
6149,4.08e-06
6150,4.08e-06
6151,4.08e-06
6152,4.08e-06
6153,4.08e-06
6154,4.08e-06
6155,4.08e-06
6156,4.08e-06
6157,4.08e-06
6158,4.08e-06
6159,4.08e-06
6160,4.08e-06
6161,4.08e-06
6162,4.08e-06
6163,4.08e-06
6164,4.08e-06
6165,4.08e-06
6166,4.08e-06
6167,4.08e-06
6168,4.08e-06
6169,4.08e-06
6170,4.08e-06
6171,4.08e-06
6172,4.08e-06
6173,4.08e-06
6174,4.08e-06
6175,4.08e-06
6176,4.08e-06
6177,4.08e-06
6178,4.08e-06
6179,4.08e-06
6180,4.08e-06
6181,4.08e-06
6182,4.08e-06
6183,4.08e-06
6184,4.08e-06
6185,4.08e-06
6186,4.08e-06
6187,4.08e-06
6188,4.08e-06
6189,4.08e-06
6190,4.08e-06
6191,4.08e-06
6192,4.08e-06
6193,4.08e-06
6194,4.08e-06
6195,4.08e-06
6196,4.08e-06
6197,4.08e-06
6198,4.08e-06
6199,4.08e-06
6200,4.08e-06
6201,4.08e-06
6202,4.08e-06
6203,4.08e-06
6204,4.08e-06
6205,4.08e-06
6206,4.08e-06
6207,4.08e-06
6208,4.08e-06
6209,4.08e-06
6210,4.08e-06
6211,4.08e-06
6212,4.08e-06
6213,4.08e-06
6214,4.15e-06
6215,4.15e-06
6216,4.15e-06
6217,4.15e-06
6218,4.1e-06
6219,4.1e-06
6220,4.1e-06
6221,4.1e-06
6222,4.1e-06
6223,4.1e-06
6224,4.1e-06
6225,4.1e-06
6226,4.1e-06
6227,4.1e-06
6228,4.1e-06
6229,4.1e-06
6230,4.11e-06
6231,4.11e-06
6232,4.11e-06
6233,4.11e-06
6234,4.11e-06
6235,4.11e-06
6236,4.11e-06
6237,4.11e-06
6238,4.11e-06
6239,4.11e-06
6240,4.11e-06
6241,4.11e-06
6242,4.11e-06
6243,4.11e-06
6244,4.11e-06
6245,4.11e-06
6246,4.11e-06
6247,4.11e-06
6248,4.11e-06
6249,4.11e-06
6250,4.11e-06
6251,4.11e-06
6252,4.1e-06
6253,4.1e-06
6254,4.1e-06
6255,4.1e-06
6256,4.1e-06
6257,4.1e-06
6258,4.1e-06
6259,4.1e-06
6260,4.08e-06
6261,4.09e-06
6262,4.09e-06
6263,4.09e-06
6264,4.09e-06
6265,4.09e-06
6266,4.09e-06
6267,4.09e-06
6268,4.09e-06
6269,4.09e-06
6270,4.09e-06
6271,4.09e-06
6272,4.09e-06
6273,4.09e-06
