0,0.00040936
1,0.00040936
2,0.00040956
3,0.00040956
4,0.00040956
5,0.00040956
6,0.00040956
7,0.00040956
8,0.00040956
9,0.00040956
10,0.00040946
11,0.00040947
12,0.00040946
13,0.00040947
14,0.00040947
15,0.00040947
16,0.00040947
17,0.00040956
18,0.00040962
19,0.00040962
20,0.00040946
21,0.00040946
22,0.00040946
23,0.00040946
24,0.00040946
25,0.00040946
26,0.00040946
27,0.00040946
28,0.00040946
29,0.00040946
30,0.00040946
31,0.00040946
32,0.00040946
33,0.00040946
34,0.00040946
35,0.00040946
36,0.00040946
37,0.00040946
38,0.00040946
39,0.00040946
40,0.00040946
41,0.00040946
42,0.0004096
43,0.0004096
44,0.0004096
45,0.0004096
46,0.00040961
47,0.00040961
48,0.00040961
49,0.00040961
50,0.00040961
51,0.00040961
52,0.00040961
53,0.00040961
54,0.00040961
55,0.00040961
56,0.00040961
57,0.00040961
58,0.00040961
59,0.00040961
60,0.00040961
61,0.00040962
62,0.00040962
63,0.00040962
64,0.00040962
65,0.00040962
66,0.00040961
67,0.00040961
68,0.00040962
69,0.00040962
70,0.00040961
71,0.00040946
72,0.00040946
73,0.00040946
74,0.00040962
75,0.00040936
76,0.00040962
77,0.00040962
78,0.00040962
79,0.00040962
80,0.00040962
81,0.00040962
82,0.00040961
83,0.00040961
84,0.00040961
85,0.00040961
86,0.00040961
87,0.00040863
88,0.00040863
89,0.00040863
90,0.00040863
91,0.00040863
92,0.00040863
93,0.00040862
94,0.00040862
95,0.00040862
96,0.00040862
97,0.00040862
98,0.00040862
99,0.00040862
100,0.00040862
101,0.00040862
102,0.00040862
103,0.00040862
104,0.00040862
105,0.00040862
106,0.00040862
107,0.00040862
108,0.00040862
109,0.00040862
110,0.00040862
111,0.00040862
112,0.00040862
113,0.00040862
114,0.00040862
115,0.00040862
116,0.00040862
117,0.00040862
118,0.00040862
119,0.00040687
120,0.00040687
121,0.00040687
122,0.00040687
123,0.00040687
124,0.00040687
125,0.00040687
126,0.00040687
127,0.00040687
128,0.00040687
129,0.00040687
130,0.00040687
131,0.00040687
132,0.00040687
133,0.00040687
134,0.00040687
135,0.00040687
136,0.00040687
137,0.00040687
138,0.00040687
139,0.00040687
140,0.00040863
141,0.00040863
142,0.00040863
143,0.00040863
144,0.00040863
145,0.00040863
146,0.00040862
147,0.00040863
148,0.00040863
149,0.00040863
150,0.00040863
151,0.00040861
152,0.00040861
153,0.00040861
154,0.00040861
155,0.00040861
156,0.00040482
157,0.00040482
158,0.0004086
159,0.0004086
160,0.0004086
161,0.0004086
162,0.0004086
163,0.0004086
164,0.0004086
165,0.0004086
166,0.0004086
167,0.0004086
168,0.00040863
169,0.00040863
170,0.00040863
171,0.00040863
172,0.00040863
173,0.00040863
174,0.00040863
175,0.00040863
176,0.00040863
177,0.00040863
178,0.00040863
179,0.00040863
180,0.00040863
181,0.00040863
182,0.00040863
183,0.00040863
184,0.00040863
185,0.00040863
186,0.00040863
187,0.00040863
188,0.00040863
189,0.00040863
190,0.00040863
191,0.00040863
192,0.00040863
193,0.00040863
194,0.00040863
195,0.00040863
196,0.00040863
197,0.00040863
198,0.00040863
199,0.00040863
200,0.00040863
201,0.00040863
202,0.00040863
203,0.00040863
204,0.00040921
205,0.00040921
206,0.00040776
207,0.00040776
208,0.00040776
209,0.00040776
210,0.00040776
211,0.00040776
212,0.00040776
213,0.00040776
214,0.00040776
215,0.00040776
216,0.00040677
217,0.00040677
218,0.00040677
219,0.00040677
220,0.00040677
221,0.00040962
222,0.00040962
223,0.00040962
224,0.00040962
225,0.00040962
226,0.00040962
227,0.00040962
228,0.00040962
229,0.00040962
230,0.00040962
231,0.00040962
232,0.00040883
233,0.00040883
234,0.00040883
235,0.00040883
236,0.00040882
237,0.00040882
238,0.00040962
239,0.00040962
240,0.00040962
241,0.00040962
242,0.00040962
243,0.00040962
244,0.00040882
245,0.00040882
246,0.00040882
247,0.00040882
248,0.00040882
249,0.00040882
250,0.00040882
251,0.00040882
252,0.00040882
253,0.00040882
254,0.00040882
255,0.00040882
256,0.00040882
257,0.00040882
258,0.00040882
259,0.00040882
260,0.00040882
261,0.00040882
262,0.00040882
263,0.00040882
264,0.00040882
265,0.00040882
266,0.00040882
267,0.00040882
268,0.00040882
269,0.00040882
270,0.00040882
271,0.00040882
272,0.00040882
273,0.00040882
274,0.00040882
275,0.00040961
276,0.00040961
277,0.00040961
278,0.00040961
279,0.00040961
280,0.00040961
281,0.00040961
282,0.00040961
283,0.00040961
284,0.000407
285,0.000407
286,0.000407
287,0.000407
288,0.000407
289,0.000407
290,0.000407
291,0.000407
292,0.000407
293,0.000407
294,0.000407
295,0.000407
296,0.000407
297,0.000407
298,0.000407
299,0.000407
300,0.000407
301,0.00040962
302,0.00040962
303,0.00040679
304,0.00040679
305,0.00040679
306,0.00040679
307,0.00040597
308,0.00040801
309,0.00040801
310,0.00040791
311,0.00040791
312,0.0004056
313,0.0004056
314,0.0004056
315,0.0004056
316,0.0004056
317,0.0004056
318,0.00040561
319,0.00040561
320,0.00040561
321,0.00040561
322,0.0004056
323,0.00040561
324,0.00040561
325,0.00040791
326,0.00040791
327,0.00040791
328,0.00040791
329,0.00040791
330,0.00040791
331,0.00040791
332,0.00040561
333,0.0004056
334,0.0004056
335,0.0004056
336,0.0004056
337,0.0004056
338,0.0004056
339,0.0004056
340,0.0004056
341,0.0004056
342,0.0004077
343,0.000408
344,0.000408
345,0.000408
346,0.000408
347,0.000408
348,0.000408
349,0.000405
350,0.000405
351,0.000405
352,0.00040742
353,0.00040742
354,0.00040742
355,0.00040742
356,0.00040742
357,0.00040742
358,0.00040742
359,0.000405
360,0.000405
361,0.000405
362,0.000405
363,0.000405
364,0.000405
365,0.000405
366,0.000405
367,0.000405
368,0.00040401
369,0.000404
370,0.000404
371,0.000404
372,0.000404
373,0.000404
374,0.000404
375,0.000404
376,0.000404
377,0.000404
378,0.000404
379,0.000404
380,0.000404
381,0.00040397
382,0.00040397
383,0.00040397
384,0.00040397
385,0.00040397
386,0.00040397
387,0.00040397
388,0.00040397
389,0.00040397
390,0.00040397
391,0.00040397
392,0.00040962
393,0.00040962
394,0.00040962
395,0.00040962
396,0.00040962
397,0.00040962
398,0.00040962
399,0.00040962
400,0.00040962
401,0.00040906
402,0.0004096
403,0.000404
404,0.00040961
405,0.0004096
406,0.0004096
407,0.0004096
408,0.00040585
409,0.00040585
410,0.00040585
411,0.00040585
412,0.00040585
413,0.00040585
414,0.00040585
415,0.00040585
416,0.000409
417,0.00040961
418,0.00040961
419,0.00040961
420,0.00040961
421,0.00040961
422,0.00040961
423,0.00040961
424,0.00040961
425,0.00040961
426,0.00040962
427,0.00040961
428,0.00040962
429,0.00040962
430,0.00040962
431,0.00040962
432,0.00040961
433,0.00040961
434,0.00040961
435,0.00040961
436,0.00040961
437,0.00040961
438,0.00040961
439,0.00040961
440,0.00040961
441,0.00040961
442,0.00040961
443,0.00040961
444,0.00040961
445,0.00040961
446,0.00040961
447,0.00040961
448,0.00040961
449,0.00040961
450,0.00040961
451,0.00040961
452,0.00040961
453,0.00040961
454,0.00040961
455,0.00040961
456,0.00040961
457,0.00040961
458,0.00040962
459,0.00040962
460,0.00040962
461,0.00040962
462,0.00040962
463,0.00040962
464,0.00040756
465,0.00040756
466,0.00040756
467,0.00040756
468,0.00040756
469,0.00040756
470,0.00040756
471,0.00040756
472,0.00040756
473,0.00040756
474,0.00040756
475,0.00040756
476,0.00040758
477,0.00040758
478,0.00040758
479,0.00040758
480,0.00040758
481,0.00040962
482,0.00040962
483,0.00040962
484,0.00040962
485,0.00040962
486,0.00040962
487,0.00040962
488,0.00040962
489,0.00040962
490,0.00040962
491,0.00040962
492,0.00040962
493,0.00040962
494,0.00040962
495,0.00040962
496,0.00040962
497,0.00040962
498,0.00040962
499,0.00040962
500,0.00040962
501,0.00040962
502,0.00040962
503,0.00040962
504,0.00040962
505,0.00040962
506,0.00040962
507,0.00040962
508,0.00040962
509,0.00040962
510,0.00040962
511,0.00040962
512,0.00040962
513,0.00040962
514,0.00040962
515,0.00040962
516,0.00040685
517,0.00040625
518,0.00040685
519,0.00040685
520,0.00040685
521,0.00040685
522,0.00040685
523,0.00040685
524,0.00040685
525,0.00040685
526,0.00040685
527,0.00040685
528,0.00040685
529,0.00040685
530,0.00040685
531,0.00040685
532,0.00040685
533,0.00040685
534,0.00040685
535,0.00040685
536,0.00040685
537,0.00040625
538,0.00040625
539,0.00040625
540,0.00040625
541,0.00040625
542,0.00040685
543,0.00040685
544,0.00040685
545,0.00040685
546,0.00040685
547,0.00040685
548,0.00040685
549,0.00040685
550,0.00040685
551,0.00040685
552,0.00040685
553,0.00040685
554,0.00040685
555,0.00040685
556,0.00040685
557,0.00040685
558,0.00040685
559,0.00040685
560,0.00040685
561,0.00040685
562,0.00040685
563,0.00040685
564,0.00040685
565,0.00040685
566,0.00040685
567,0.00040685
568,0.00040685
569,0.00040685
570,0.00040685
571,0.00040685
572,0.00040685
573,0.00040656
574,0.00040656
575,0.00040685
576,0.00040685
577,0.00040655
578,0.00040655
579,0.00040655
580,0.00040655
581,0.00040655
582,0.00040655
583,0.00040655
584,0.00040655
585,0.00040685
586,0.00040685
587,0.00040685
588,0.00040685
589,0.00040685
590,0.00040685
591,0.00040685
592,0.00040685
593,0.00040685
594,0.00040962
595,0.00040686
596,0.00040686
597,0.00040686
598,0.00040686
599,0.00040686
600,0.00040686
601,0.00040686
602,0.00040686
603,0.00040686
604,0.000408
605,0.000408
606,0.000408
607,0.000408
608,0.000408
609,0.000408
610,0.000408
611,0.000408
612,0.000408
613,0.000408
614,0.000408
615,0.00040721
616,0.00040721
617,0.00040721
618,0.00040721
619,0.00040721
620,0.000408
621,0.000408
622,0.000408
623,0.000408
624,0.000408
625,0.000408
626,0.000408
627,0.000408
628,0.000408
629,0.000408
630,0.000408
631,0.000408
632,0.00040942
633,0.00040942
634,0.00040942
635,0.00040942
636,0.00040942
637,0.000408
638,0.000408
639,0.000408
640,0.000408
641,0.000408
642,0.000408
643,0.000408
644,0.000408
645,0.000408
646,0.000408
647,0.000408
648,0.000408
649,0.000408
650,0.000408
651,0.000408
652,0.000408
653,0.000408
654,0.000408
655,0.000408
656,0.000408
657,0.000408
658,0.00040219
659,0.00040219
660,0.00040449
661,0.00040449
662,0.00040698
663,0.00040814
664,0.00040814
665,0.00040814
666,0.00040814
667,0.00040813
668,0.00040813
669,0.00040813
670,0.00040813
671,0.00040813
672,0.00040813
673,0.00040813
674,0.00040813
675,0.00040813
676,0.00040455
677,0.00040455
678,0.00040455
679,0.00040455
680,0.00040455
681,0.00040455
682,0.00040455
683,0.00040455
684,0.00040813
685,0.00040813
686,0.00040813
687,0.00040814
688,0.00040937
689,0.00040937
690,0.00040937
691,0.00040937
692,0.00040937
693,0.00040937
694,0.00040937
695,0.00040937
696,0.00040937
697,0.00040937
698,0.00040937
699,0.00040938
700,0.00040937
701,0.00040937
702,0.00040937
703,0.00040937
704,0.00040937
705,0.00040935
706,0.00040935
707,0.00040938
708,0.00040938
709,0.00040938
710,0.00040938
711,0.0004068
712,0.00040475
713,0.00040475
714,0.0004068
715,0.0004022
716,0.0004022
717,0.00040288
718,0.00040288
719,0.00040698
720,0.00040698
721,0.00040698
722,0.00040698
723,0.00040698
724,0.00040698
725,0.00040698
726,0.00040698
727,0.00040698
728,0.00040475
729,0.00040475
730,0.00040475
731,0.00040475
732,0.00040475
733,0.00040479
734,0.00040479
735,0.00040479
736,0.00040479
737,0.00040479
738,0.00040479
739,0.00040479
740,0.00040479
741,0.00040479
742,0.00040479
743,0.00040479
744,0.00040917
745,0.00040482
746,0.00040482
747,0.00040482
748,0.00040482
749,0.00040911
750,0.00040911
751,0.00040911
752,0.0004048
753,0.0004048
754,0.0004048
755,0.0004048
756,0.0004048
757,0.00040601
758,0.00040601
759,0.00040601
760,0.00040601
761,0.00040601
762,0.00040601
763,0.00040601
764,0.00040601
765,0.00040425
766,0.00040425
767,0.00040425
768,0.00040425
769,0.00040425
770,0.00040425
771,0.00040425
772,0.00040425
773,0.00040425
774,0.00040425
775,0.00040425
776,0.00040425
777,0.00040425
778,0.00040425
779,0.00040485
780,0.00040485
781,0.00040485
782,0.00040485
783,0.00040485
784,0.00040485
785,0.00040485
786,0.00040485
787,0.00040485
788,0.00040485
789,0.00040485
790,0.00040485
791,0.00040485
792,0.00040485
793,0.00040485
794,0.00040485
795,0.00040485
796,0.00040485
797,0.00040485
798,0.00040485
799,0.00040258
800,0.00040258
801,0.00040258
802,0.00040258
803,0.00040849
804,0.00040849
805,0.00040849
806,0.00040849
807,0.00040849
808,0.00040849
809,0.00040849
810,0.00040023
811,0.00040023
812,0.00040849
813,0.00040849
814,0.00040849
815,0.00040849
816,0.00040849
817,0.00040849
818,0.0004019
819,0.00040849
820,0.00040366
821,0.00040366
822,0.00040366
823,0.00040366
824,0.00040366
825,0.00040366
826,0.00040849
827,0.00040418
828,0.00040418
829,0.00040418
830,0.00040848
831,0.00040848
832,0.00040848
833,0.00040849
834,0.00040849
835,0.00040849
836,0.00040849
837,0.00040849
838,0.00040849
839,0.00040846
840,0.00040848
841,0.00040849
842,0.00040849
843,0.00040212
844,0.00040843
845,0.00040843
846,0.00040843
847,0.00040843
848,0.00040354
849,0.00040235
850,0.00040235
851,0.0004069
852,0.00040687
853,0.00040687
854,0.00040687
855,0.00040687
856,0.00040683
857,0.00040679
858,0.00040679
859,0.00040679
860,0.00040679
861,0.00040679
862,0.00040679
863,0.00040233
864,0.00040233
865,0.00040233
866,0.00040233
867,0.00040233
868,0.00040233
869,0.00040233
870,0.00040233
871,0.00040233
872,0.00040233
873,0.00040233
874,0.00040233
875,0.00040224
876,0.00040224
877,0.00040224
878,0.00040224
879,0.00040224
880,0.00040677
881,0.00040677
882,0.00040677
883,0.00040677
884,0.00040677
885,0.00040677
886,0.00040677
887,0.00040677
888,0.00040677
889,0.00040677
890,0.00040678
891,0.00040678
892,0.00040678
893,0.00040849
894,0.00040849
895,0.00040849
896,0.00040678
897,0.00040677
898,0.00040677
899,0.00040677
900,0.00040849
901,0.00040849
902,0.00040849
903,0.00040849
904,0.00040849
905,0.00040849
906,0.00040849
907,0.0004096
908,0.00040962
909,0.00040962
910,0.00040962
911,0.00040962
912,0.00040962
913,0.00040962
914,0.00040962
915,0.00040962
916,0.00040962
917,0.00040962
918,0.00040962
919,0.00040962
920,0.00040962
921,0.00040962
922,0.0004096
923,0.0004096
924,0.0004096
925,0.0004096
926,0.0004096
927,0.0004096
928,0.0004096
929,0.0004096
930,0.0004096
931,0.0004096
932,0.0004096
933,0.0004096
934,0.0004096
935,0.00040961
936,0.00040961
937,0.00040961
938,0.00040961
939,0.00040961
940,0.00040962
941,0.00040962
942,0.00040962
943,0.00040962
944,0.00040678
945,0.00040678
946,0.00040678
947,0.00040678
948,0.00040961
949,0.00040961
950,0.00040961
951,0.00040961
952,0.00039385
953,0.00040928
954,0.00040926
955,0.0004025
956,0.00040499
957,0.00040499
958,0.00040498
959,0.00040498
960,0.00040226
961,0.00040242
962,0.000407
963,0.000407
964,0.000407
965,0.0004022
966,0.00040697
967,0.00040697
968,0.00040697
969,0.00040697
970,0.00040697
971,0.00040697
972,0.0004068
973,0.0004068
974,0.0004068
975,0.0004068
976,0.0004068
977,0.0004068
978,0.0004068
979,0.00039435
980,0.00039435
981,0.00040013
982,0.00040354
983,0.00040553
984,0.00040553
985,0.00040497
986,0.00040497
987,0.00040493
988,0.00040493
989,0.00040476
990,0.00040475
991,0.00040475
992,0.00040475
993,0.00040475
994,0.00040475
995,0.00040448
996,0.00040448
997,0.00040448
998,0.00040448
999,0.00040448
1000,0.00040448
1001,0.00040448
1002,0.00040448
1003,0.00040448
1004,0.00040448
1005,0.00040448
1006,0.00040448
1007,0.00040448
1008,0.00040448
1009,0.00040448
1010,0.00040187
1011,0.00040187
1012,0.00040014
1013,0.00040014
1014,0.00040014
1015,0.00040014
1016,0.00040586
1017,0.00040043
1018,0.00040043
1019,0.00040043
1020,0.00040043
1021,0.00040043
1022,0.00040043
1023,0.00040043
1024,0.00040043
1025,0.0004053
1026,0.0004053
1027,0.0004053
1028,0.0004053
1029,0.0004053
1030,0.0004053
1031,0.0004053
1032,0.0004053
1033,0.0004053
1034,0.00040962
1035,0.00040962
1036,0.00040346
1037,0.00040962
1038,0.00040962
1039,0.00040962
1040,0.00040962
1041,0.0004096
1042,0.0004096
1043,0.0004096
1044,0.0004096
1045,0.0004096
1046,0.0004096
1047,0.0004096
1048,0.0004096
1049,0.00040601
1050,0.00040601
1051,0.00040601
1052,0.00040601
1053,0.00040601
1054,0.00040601
1055,0.00040601
1056,0.00040601
1057,0.00040601
1058,0.00040601
1059,0.00040961
1060,0.00040961
1061,0.0004096
1062,0.0004096
1063,0.0004096
1064,0.0004096
1065,0.0004096
1066,0.00040959
1067,0.00040959
1068,0.00040959
1069,0.00040959
1070,0.00040959
1071,0.00040959
1072,0.00040959
1073,0.00040959
1074,0.00040959
1075,0.00040959
1076,0.00040959
1077,0.00040959
1078,0.00040959
1079,0.00040959
1080,0.00040959
1081,0.0004096
1082,0.00040538
1083,0.00040538
1084,0.00040538
1085,0.00040538
1086,0.00040538
1087,0.00040538
1088,0.00040538
1089,0.00040538
1090,0.00040538
1091,0.00040538
1092,0.00040538
1093,0.00040538
1094,0.0004081
1095,0.0004081
1096,0.0004081
1097,0.0004081
1098,0.0004081
1099,0.0004081
1100,0.0004081
1101,0.0004081
1102,0.0004081
1103,0.0004081
1104,0.0004081
1105,0.0004081
1106,0.0004081
1107,0.0004081
1108,0.0004081
1109,0.0004081
1110,0.0004081
1111,0.0004081
1112,0.000408
1113,0.00040538
1114,0.00040538
1115,0.00040782
1116,0.00040782
1117,0.00040782
1118,0.00040752
1119,0.00040752
1120,0.00040752
1121,0.00040752
1122,0.00040752
1123,0.00040752
1124,0.00040752
1125,0.00040797
1126,0.00040797
1127,0.00040797
1128,0.00040797
1129,0.00040538
1130,0.00040538
1131,0.0004082
1132,0.0004082
1133,0.0004082
1134,0.0004082
1135,0.0004082
1136,0.0004082
1137,0.0004082
1138,0.0004082
1139,0.0004082
1140,0.0004082
1141,0.0004082
1142,0.0004082
1143,0.00040575
1144,0.00040575
1145,0.00040575
1146,0.00040575
1147,0.00040802
1148,0.00040802
1149,0.00040802
1150,0.00040802
1151,0.00040802
1152,0.00040819
1153,0.00040819
1154,0.00040819
1155,0.00040819
1156,0.00040819
1157,0.00040819
1158,0.00040819
1159,0.00040751
1160,0.00040751
1161,0.00040751
1162,0.00040751
1163,0.00040751
1164,0.00040751
1165,0.00040751
1166,0.00040751
1167,0.00040751
1168,0.00040751
1169,0.00040538
1170,0.00040538
1171,0.00040538
1172,0.00040538
1173,0.00040538
1174,0.00040538
1175,0.00040538
1176,0.00040538
1177,0.00040538
1178,0.00040538
1179,0.00040533
1180,0.00040533
1181,0.00040533
1182,0.00040533
1183,0.00040533
1184,0.00040533
1185,0.00040533
1186,0.00040533
1187,0.00040533
1188,0.00040533
1189,0.00040402
1190,0.00040402
1191,0.00040396
1192,0.00040396
1193,0.00040354
1194,0.00040215
1195,0.00040214
1196,0.00040176
1197,0.00040177
1198,0.00040177
1199,0.00040143
1200,0.0004013
1201,0.0004
1202,0.0004
1203,0.00039851
1204,0.00039851
1205,0.00039851
1206,0.00039842
1207,0.00039842
1208,0.00039842
1209,0.00039842
1210,0.00040354
1211,0.00040354
1212,0.00040354
1213,0.00040354
1214,0.00040354
1215,0.00040354
1216,0.00040354
1217,0.00040354
1218,0.00040354
1219,0.00040354
1220,0.00040354
1221,0.00040354
1222,0.00040532
1223,0.00040653
1224,0.00040653
1225,0.00040653
1226,0.00040278
1227,0.00040278
1228,0.00040301
1229,0.00040303
1230,0.00040303
1231,0.00040303
1232,0.000403
1233,0.000403
1234,0.000403
1235,0.000403
1236,0.000403
1237,0.000403
1238,0.000403
1239,0.000403
1240,0.000403
1241,0.00040652
1242,0.00040305
1243,0.00040305
1244,0.00040305
1245,0.00040305
1246,0.00040305
1247,0.00040305
1248,0.00040098
1249,0.00040098
1250,0.00040098
1251,0.00040098
1252,0.00040098
1253,0.000405
1254,0.000405
1255,0.000405
1256,0.000405
1257,0.00040138
1258,0.00040138
1259,0.00040138
1260,0.00040138
1261,0.00040138
1262,0.00040137
1263,0.00040022
1264,0.00040022
1265,0.00040022
1266,0.00040022
1267,0.00040022
1268,0.00040022
1269,0.00040022
1270,0.00040022
1271,0.00040022
1272,0.00040022
1273,0.00040013
1274,0.00040005
1275,0.00040005
1276,0.00040005
1277,0.00040013
1278,0.0004
1279,0.0004
1280,0.00039987
1281,0.0004
1282,0.0004
1283,0.0004
1284,0.0004
1285,0.0004
1286,0.00039999
1287,0.00039999
1288,0.00039999
1289,0.00039999
1290,0.0004
1291,0.0004
1292,0.0004
1293,0.0004
1294,0.0004
1295,0.0004
1296,0.0004
1297,0.0004
1298,0.0004
1299,0.0004
1300,0.00039997
1301,0.00039997
1302,0.00039997
1303,0.00039997
1304,0.00039997
1305,0.0004
1306,0.0004
1307,0.0004
1308,0.0004
1309,0.0004
1310,0.0004
1311,0.0004
1312,0.0004
1313,0.0004
1314,0.0004
1315,0.0004
1316,0.0004
1317,0.0004
1318,0.0004
1319,0.0004
1320,0.00040315
1321,0.00040315
1322,0.00040315
1323,0.00040315
1324,0.00040315
1325,0.00040467
1326,0.00040467
1327,0.00040467
1328,0.00040467
1329,0.00040467
1330,0.00040271
1331,0.00040271
1332,0.00040271
1333,0.00040271
1334,0.00040271
1335,0.00040271
1336,0.00040271
1337,0.00040271
1338,0.00040271
1339,0.00040271
1340,0.00040271
1341,0.00040271
1342,0.00039987
1343,0.00040256
1344,0.00040256
1345,0.00040256
1346,0.00039987
1347,0.00039987
1348,0.00040214
1349,0.00040214
1350,0.00040214
1351,0.00040214
1352,0.00039989
1353,0.00039989
1354,0.00039989
1355,0.00039989
1356,0.00039989
1357,0.00039989
1358,0.00039989
1359,0.00039989
1360,0.00039989
1361,0.00039989
1362,0.00039989
1363,0.00039989
1364,0.00039989
1365,0.00039989
1366,0.00040321
1367,0.00040321
1368,0.00040321
1369,0.00040321
1370,0.00040321
1371,0.00040321
1372,0.00040321
1373,0.00040321
1374,0.00040321
1375,0.00040321
1376,0.00040321
1377,0.00040321
1378,0.00040321
1379,0.00040321
1380,0.00040321
1381,0.00040321
1382,0.00039987
1383,0.00039987
1384,0.00039987
1385,0.00039987
1386,0.00039987
1387,0.00039987
1388,0.00039987
1389,0.00039758
1390,0.00039759
1391,0.00039977
1392,0.00039977
1393,0.00039977
1394,0.00039977
1395,0.00039977
1396,0.00039977
1397,0.00039977
1398,0.00039977
1399,0.00039977
1400,0.00039977
1401,0.00039977
1402,0.00039977
1403,0.00040088
1404,0.00040088
1405,0.0004007
1406,0.0004007
1407,0.0004007
1408,0.0003988
1409,0.0003988
1410,0.0003988
1411,0.00039965
1412,0.00039809
1413,0.00039809
1414,0.00039788
1415,0.00039788
1416,0.00039788
1417,0.00039788
1418,0.00039788
1419,0.00039788
1420,0.00039788
1421,0.00039788
1422,0.00039788
1423,0.00040024
1424,0.00040024
1425,0.00040024
1426,0.00040024
1427,0.00040024
1428,0.00040024
1429,0.00040024
1430,0.00040024
1431,0.00040024
1432,0.00040087
1433,0.00040079
1434,0.00040079
1435,0.00040079
1436,0.00040079
1437,0.00040079
1438,0.0004007
1439,0.00040023
1440,0.00040014
1441,0.0003977
1442,0.00040106
1443,0.00040106
1444,0.0003989
1445,0.00040356
1446,0.00040356
1447,0.00040356
1448,0.00040356
1449,0.00040356
1450,0.00040356
1451,0.00040316
1452,0.00040316
1453,0.00040316
1454,0.00040316
1455,0.000403
1456,0.000403
1457,0.000403
1458,0.000403
1459,0.0004019
1460,0.0004019
1461,0.0004019
1462,0.0004019
1463,0.0004019
1464,0.0004019
1465,0.00040074
1466,0.00040074
1467,0.00040152
1468,0.00040151
1469,0.00040151
1470,0.00040151
1471,0.0004008
1472,0.00040142
1473,0.00040142
1474,0.00040013
1475,0.00040013
1476,0.00040013
1477,0.00040013
1478,0.00040013
1479,0.00040013
1480,0.00040013
1481,0.00040013
1482,0.00040013
1483,0.00040013
1484,0.00040013
1485,0.0003938
1486,0.0003995
1487,0.00039888
1488,0.00039888
1489,0.00039466
1490,0.00039466
1491,0.00039466
1492,0.00039466
1493,0.00039466
1494,0.00039466
1495,0.00039466
1496,0.00039466
1497,0.00039465
1498,0.00039464
1499,0.00039466
1500,0.00039466
1501,0.00039444
1502,0.00039444
1503,0.00039466
1504,0.00039445
1505,0.00039445
1506,0.00039466
1507,0.00039466
1508,0.00039466
1509,0.00039466
1510,0.00039466
1511,0.00039466
1512,0.00040042
1513,0.00040042
1514,0.00040042
1515,0.00039584
1516,0.00039584
1517,0.00039791
1518,0.00039584
1519,0.00039559
1520,0.00039559
1521,0.00039655
1522,0.00039632
1523,0.00039632
1524,0.00039632
1525,0.00039632
1526,0.00039632
1527,0.00039632
1528,0.00039632
1529,0.00039468
1530,0.0003938
1531,0.00039292
1532,0.00039197
1533,0.00039197
1534,0.000393
1535,0.00039267
1536,0.00039292
1537,0.00039292
1538,0.00039292
1539,0.00039292
1540,0.00038948
1541,0.00039011
1542,0.00038799
1543,0.00038741
1544,0.00038799
1545,0.00038601
1546,0.00038992
1547,0.00038991
1548,0.00038981
1549,0.00038492
1550,0.00038956
1551,0.00038863
1552,0.00038507
1553,0.00038507
1554,0.00038507
1555,0.00038853
1556,0.00038533
1557,0.0003885
1558,0.0003885
1559,0.0003885
1560,0.0003885
1561,0.0003885
1562,0.0003885
1563,0.00038336
1564,0.00038607
1565,0.00038344
1566,0.00038344
1567,0.00038664
1568,0.00038576
1569,0.00038346
1570,0.00038237
1571,0.00038466
1572,0.00038458
1573,0.00038391
1574,0.00038391
1575,0.00038399
1576,0.000384
1577,0.000384
1578,0.00038678
1579,0.00038399
1580,0.00038458
1581,0.00038262
1582,0.00038237
1583,0.00038033
1584,0.00038
1585,0.00038
1586,0.0003824
1587,0.0003824
1588,0.00038264
1589,0.00038264
1590,0.00038336
1591,0.000383
1592,0.00038335
1593,0.00038336
1594,0.00038336
1595,0.00038336
1596,0.00038336
1597,0.00038336
1598,0.00038335
1599,0.00038335
1600,0.0003815
1601,0.0003846
1602,0.00038889
1603,0.0003846
1604,0.0003846
1605,0.0003846
1606,0.000384
1607,0.00038189
1608,0.00038189
1609,0.00037988
1610,0.00038001
1611,0.00037988
1612,0.00038268
1613,0.00037718
1614,0.0003791
1615,0.0003791
1616,0.0003791
1617,0.0003791
1618,0.0003791
1619,0.0003791
1620,0.00037719
1621,0.00037719
1622,0.00037571
1623,0.00037699
1624,0.00037407
1625,0.000375
1626,0.00037407
1627,0.00037717
1628,0.00037407
1629,0.00037341
1630,0.00037276
1631,0.00037154
1632,0.00037019
1633,0.00037037
1634,0.00037156
1635,0.00037241
1636,0.0003682
1637,0.00037237
1638,0.00037041
1639,0.00037041
1640,0.00037041
1641,0.00037258
1642,0.00037072
1643,0.00037
1644,0.00037072
1645,0.00037072
1646,0.00037073
1647,0.00037073
1648,0.00037255
1649,0.00037258
1650,0.00037258
1651,0.00037042
1652,0.00037
1653,0.00037
1654,0.00037
1655,0.00036996
1656,0.00036996
1657,0.00037
1658,0.00036999
1659,0.00036783
1660,0.00036991
1661,0.0003661
1662,0.0003679
1663,0.00036599
1664,0.0003682
1665,0.00036825
1666,0.00036824
1667,0.00036823
1668,0.00036443
1669,0.00036708
1670,0.00036707
1671,0.0003645
1672,0.00036416
1673,0.00036639
1674,0.00036605
1675,0.00036605
1676,0.00036605
1677,0.00036605
1678,0.00036638
1679,0.00036638
1680,0.00036671
1681,0.00036671
1682,0.00036671
1683,0.00036671
1684,0.0003667
1685,0.00036671
1686,0.00036671
1687,0.00036671
1688,0.00036639
1689,0.0003664
1690,0.00036671
1691,0.00036671
1692,0.00036669
1693,0.00036669
1694,0.00036654
1695,0.00036654
1696,0.00036654
1697,0.00036654
1698,0.00036666
1699,0.00036666
1700,0.00036657
1701,0.00036657
1702,0.00036657
1703,0.00036658
1704,0.0003666
1705,0.00036658
1706,0.00036658
1707,0.0003685
1708,0.00036995
1709,0.0003669
1710,0.00036999
1711,0.00037329
1712,0.00037329
1713,0.00037329
1714,0.00037331
1715,0.00037502
1716,0.00037647
1717,0.00037503
1718,0.00037503
1719,0.0003751
1720,0.00037546
1721,0.00037696
1722,0.00037633
1723,0.000376
1724,0.00037602
1725,0.00037603
1726,0.00037889
1727,0.00037889
1728,0.00037889
1729,0.00037889
1730,0.00037889
1731,0.00037925
1732,0.00037925
1733,0.00038028
1734,0.0003808
1735,0.00038088
1736,0.00038141
1737,0.00038318
1738,0.00038629
1739,0.00038629
1740,0.00038629
1741,0.00038271
1742,0.00038271
1743,0.00038362
1744,0.00038362
1745,0.00038362
1746,0.00038271
1747,0.00038362
1748,0.00038271
1749,0.00038629
1750,0.00038266
1751,0.00037964
1752,0.00038255
1753,0.00038255
1754,0.00037925
1755,0.00037925
1756,0.00038255
1757,0.00038289
1758,0.00038622
1759,0.00038256
1760,0.00037889
1761,0.00037883
1762,0.00037883
1763,0.00037889
1764,0.00037904
1765,0.00038091
1766,0.00038091
1767,0.00038079
1768,0.00038036
1769,0.00038001
1770,0.00037999
1771,0.00037956
1772,0.00037956
1773,0.00037956
1774,0.00037956
1775,0.00037956
1776,0.00037956
1777,0.00038071
1778,0.00037731
1779,0.00037731
1780,0.00037731
1781,0.00037732
1782,0.00038079
1783,0.00037845
1784,0.00037845
1785,0.00037845
1786,0.00037845
1787,0.00037845
1788,0.0003808
1789,0.0003808
1790,0.00038032
1791,0.00038032
1792,0.00038032
1793,0.00037847
1794,0.00037847
1795,0.00037847
1796,0.00037849
1797,0.00037849
1798,0.00038021
1799,0.00038031
1800,0.00038031
1801,0.00038031
1802,0.00038009
1803,0.00038009
1804,0.0003774
1805,0.00037738
1806,0.00037501
1807,0.00037501
1808,0.00037065
1809,0.00036761
1810,0.00037213
1811,0.00037074
1812,0.00037481
1813,0.00037481
1814,0.00037476
1815,0.00036417
1816,0.00037363
1817,0.00037226
1818,0.00036956
1819,0.00036956
1820,0.00036956
1821,0.00036696
1822,0.00036695
1823,0.00037089
1824,0.00037436
1825,0.0003709
1826,0.00037646
1827,0.00037646
1828,0.00037646
1829,0.00037645
1830,0.00037645
1831,0.00037645
1832,0.00037739
1833,0.0003694
1834,0.0003694
1835,0.0003694
1836,0.0003694
1837,0.00037028
1838,0.00037421
1839,0.00037452
1840,0.00037485
1841,0.00037634
1842,0.0003774
1843,0.00037795
1844,0.00037805
1845,0.00037842
1846,0.00037999
1847,0.0003801
1848,0.00038123
1849,0.00038782
1850,0.00038149
1851,0.00038743
1852,0.00038743
1853,0.00038156
1854,0.00038156
1855,0.00038632
1856,0.00038632
1857,0.00038156
1858,0.00037963
1859,0.00037796
1860,0.00037796
1861,0.00037796
1862,0.00037796
1863,0.00037796
1864,0.00037796
1865,0.00037796
1866,0.00038157
1867,0.00038157
1868,0.00037917
1869,0.0003841
1870,0.0003841
1871,0.00038401
1872,0.00038373
1873,0.00038372
1874,0.00038372
1875,0.00038372
1876,0.00038248
1877,0.00038248
1878,0.00038248
1879,0.00038248
1880,0.00038248
1881,0.00038564
1882,0.00038565
1883,0.000388
1884,0.000388
1885,0.000388
1886,0.00038799
1887,0.00038799
1888,0.00038844
1889,0.00038896
1890,0.00038896
1891,0.00038896
1892,0.00038896
1893,0.00038962
1894,0.00038962
1895,0.00038962
1896,0.00038962
1897,0.00038962
1898,0.00038962
1899,0.00038963
1900,0.00038963
1901,0.00038962
1902,0.00038962
1903,0.00039158
1904,0.0003891
1905,0.0003891
1906,0.00039143
1907,0.00039143
1908,0.00039143
1909,0.00039155
1910,0.00039154
1911,0.00039143
1912,0.0003891
1913,0.00038896
1914,0.00038896
1915,0.00038896
1916,0.00038896
1917,0.00038896
1918,0.00038896
1919,0.00038896
1920,0.00038779
1921,0.00038565
1922,0.00038565
1923,0.0003819
1924,0.0003819
1925,0.0003819
1926,0.00037327
1927,0.00038278
1928,0.00038204
1929,0.00038205
1930,0.00038205
1931,0.0003828
1932,0.00038281
1933,0.00038281
1934,0.00038281
1935,0.00038281
1936,0.00038281
1937,0.00038281
1938,0.00038281
1939,0.00038281
1940,0.00038281
1941,0.00038281
1942,0.00038276
1943,0.00038674
1944,0.0003828
1945,0.0003828
1946,0.00038279
1947,0.00038279
1948,0.00038279
1949,0.00038279
1950,0.00038279
1951,0.00038279
1952,0.00038279
1953,0.0003828
1954,0.00038279
1955,0.00038279
1956,0.00037919
1957,0.00037919
1958,0.00037919
1959,0.00037919
1960,0.00037919
1961,0.00037919
1962,0.00037919
1963,0.00037919
1964,0.00037919
1965,0.00037919
1966,0.00037833
1967,0.00037833
1968,0.00037833
1969,0.00037919
1970,0.00037919
1971,0.00037919
1972,0.00037906
1973,0.00037909
1974,0.00037909
1975,0.00037919
1976,0.00037918
1977,0.00037918
1978,0.00037918
1979,0.00037918
1980,0.00037917
1981,0.00037918
1982,0.0003741
1983,0.0003741
1984,0.0003741
1985,0.0003741
1986,0.00037918
1987,0.00037404
1988,0.00037404
1989,0.00037404
1990,0.00037913
1991,0.00037913
1992,0.00037844
1993,0.00037844
1994,0.00037448
1995,0.00037449
1996,0.00037449
1997,0.00037449
1998,0.00037449
1999,0.00037911
2000,0.00037911
2001,0.00037742
2002,0.00037749
2003,0.00037763
2004,0.00037881
2005,0.00037881
2006,0.00037881
2007,0.00037881
2008,0.00037881
2009,0.00037881
2010,0.00037881
2011,0.00037881
2012,0.00037881
2013,0.00037881
2014,0.00037881
2015,0.00037918
2016,0.00038083
2017,0.00038084
2018,0.00037993
2019,0.00038328
2020,0.00038328
2021,0.00038328
2022,0.0003836
2023,0.00038361
2024,0.00038444
2025,0.00038433
2026,0.00038433
2027,0.00038433
2028,0.00038424
2029,0.00038432
2030,0.00038432
2031,0.00038432
2032,0.00038469
2033,0.00038469
2034,0.00038469
2035,0.00038471
2036,0.00038471
2037,0.0003847
2038,0.00038085
2039,0.00038085
2040,0.00038465
2041,0.00038465
2042,0.00038465
2043,0.00038465
2044,0.00038465
2045,0.00038465
2046,0.00038458
2047,0.00038457
2048,0.00038457
2049,0.00038457
2050,0.00037901
2051,0.00038087
2052,0.00038087
2053,0.00038086
2054,0.00037883
2055,0.00037881
2056,0.00037881
2057,0.00037881
2058,0.0003788
2059,0.00037881
2060,0.00037029
2061,0.00037029
2062,0.00037029
2063,0.0003748
2064,0.0003748
2065,0.00038214
2066,0.00037571
2067,0.00037571
2068,0.00037571
2069,0.00037571
2070,0.00037571
2071,0.00037571
2072,0.00038212
2073,0.00038212
2074,0.00038211
2075,0.00038211
2076,0.00038211
2077,0.00037809
2078,0.00037808
2079,0.00037808
2080,0.00037809
2081,0.00038177
2082,0.00038176
2083,0.00038176
2084,0.00038176
2085,0.00038176
2086,0.00038176
2087,0.00038176
2088,0.00038176
2089,0.00038176
2090,0.00038177
2091,0.00038177
2092,0.00038177
2093,0.00038177
2094,0.00038177
2095,0.00038177
2096,0.00038177
2097,0.00038177
2098,0.00038177
2099,0.00038177
2100,0.00038177
2101,0.00038177
2102,0.00038176
2103,0.00038176
2104,0.00038176
2105,0.00038176
2106,0.00038176
2107,0.00038176
2108,0.00038175
2109,0.00038175
2110,0.00038175
2111,0.00038175
2112,0.00038175
2113,0.00037797
2114,0.00037986
2115,0.00037986
2116,0.00037986
2117,0.00037986
2118,0.00037986
2119,0.00037986
2120,0.00037986
2121,0.00038182
2122,0.00037986
2123,0.00038181
2124,0.00038181
2125,0.00038181
2126,0.00038181
2127,0.00038181
2128,0.00038181
2129,0.00038181
2130,0.0003771
2131,0.0003771
2132,0.00038081
2133,0.00038002
2134,0.00038002
2135,0.00038002
2136,0.00037583
2137,0.00037582
2138,0.00037582
2139,0.00037582
2140,0.00037582
2141,0.00038178
2142,0.00038178
2143,0.00038178
2144,0.00038178
2145,0.00038117
2146,0.00038117
2147,0.00038117
2148,0.00038117
2149,0.00038114
2150,0.00038114
2151,0.00038114
2152,0.00038114
2153,0.00038114
2154,0.00038114
2155,0.00038114
2156,0.00038114
2157,0.00038114
2158,0.00038114
2159,0.00038
2160,0.00038
2161,0.00038
2162,0.00038
2163,0.00037701
2164,0.000377
2165,0.000377
2166,0.000377
2167,0.00037582
2168,0.00037582
2169,0.00037581
2170,0.00037069
2171,0.0003722
2172,0.0003722
2173,0.00037502
2174,0.00037502
2175,0.00037502
2176,0.00037555
2177,0.00037555
2178,0.00037554
2179,0.00037554
2180,0.00037554
2181,0.00037775
2182,0.00037775
2183,0.00037775
2184,0.00037775
2185,0.00037775
2186,0.00037774
2187,0.00037774
2188,0.00037774
2189,0.00037772
2190,0.00037772
2191,0.00037551
2192,0.0003755
2193,0.00037346
2194,0.00037549
2195,0.00037549
2196,0.00037549
2197,0.00037549
2198,0.00037549
2199,0.00037549
2200,0.00037549
2201,0.00037346
2202,0.00037346
2203,0.00037548
2204,0.00037346
2205,0.00037346
2206,0.00037346
2207,0.00037549
2208,0.00037354
2209,0.00037354
2210,0.00037795
2211,0.00037795
2212,0.00037795
2213,0.00037795
2214,0.00037795
2215,0.00037795
2216,0.00037795
2217,0.00037795
2218,0.00037795
2219,0.00037723
2220,0.00037723
2221,0.00037723
2222,0.00037723
2223,0.00037723
2224,0.00037723
2225,0.00037723
2226,0.00037724
2227,0.00037723
2228,0.00037723
2229,0.00037523
2230,0.00037425
2231,0.00037425
2232,0.0003752
2233,0.00037519
2234,0.00037519
2235,0.00037175
2236,0.00037175
2237,0.00037518
2238,0.00037518
2239,0.00037518
2240,0.00037518
2241,0.00037518
2242,0.00037518
2243,0.00037518
2244,0.00037518
2245,0.00037484
2246,0.0003752
2247,0.0003752
2248,0.0003752
2249,0.0003752
2250,0.0003752
2251,0.0003752
2252,0.0003752
2253,0.00037541
2254,0.00037541
2255,0.00037968
2256,0.00037968
2257,0.00037968
2258,0.00037968
2259,0.00037968
2260,0.00037968
2261,0.00037968
2262,0.0003779
2263,0.0003779
2264,0.0003779
2265,0.0003779
2266,0.00037726
2267,0.00037726
2268,0.00037726
2269,0.00037726
2270,0.00037726
2271,0.00037621
2272,0.00037621
2273,0.00037418
2274,0.00037346
2275,0.00037322
2276,0.00037321
2277,0.00037322
2278,0.00037066
2279,0.00037066
2280,0.00037066
2281,0.00037066
2282,0.00037066
2283,0.00037571
2284,0.00037571
2285,0.00037571
2286,0.00037571
2287,0.00037566
2288,0.00037139
2289,0.00037563
2290,0.00037561
2291,0.00037561
2292,0.00037561
2293,0.00037556
2294,0.00037503
2295,0.00037503
2296,0.00037503
2297,0.00037152
2298,0.00037152
2299,0.00037152
2300,0.00037262
2301,0.00037262
2302,0.00037262
2303,0.00037262
2304,0.00037262
2305,0.00037262
2306,0.00037262
2307,0.00037677
2308,0.00037677
2309,0.00037677
2310,0.00037686
2311,0.00037711
2312,0.00037686
2313,0.00037498
2314,0.00037498
2315,0.00037498
2316,0.00037498
2317,0.00037764
2318,0.00037764
2319,0.00037764
2320,0.00037764
2321,0.00037764
2322,0.00037764
2323,0.00037764
2324,0.00037764
2325,0.00037764
2326,0.00037764
2327,0.00037764
2328,0.00037764
2329,0.00037764
2330,0.00037658
2331,0.00037658
2332,0.00037062
2333,0.00037062
2334,0.00037062
2335,0.00037618
2336,0.00037618
2337,0.00037618
2338,0.00037507
2339,0.00037515
2340,0.00037515
2341,0.00037307
2342,0.00037307
2343,0.00037307
2344,0.00037515
2345,0.00037514
2346,0.00037514
2347,0.00037272
2348,0.00037272
2349,0.00037272
2350,0.00037272
2351,0.00037272
2352,0.00037964
2353,0.00037962
2354,0.00037962
2355,0.00037962
2356,0.00037962
2357,0.00037962
2358,0.00037962
2359,0.00037962
2360,0.00037962
2361,0.00037962
2362,0.00037962
2363,0.00037962
2364,0.00037959
2365,0.00037959
2366,0.00037959
2367,0.00037959
2368,0.00037959
2369,0.00037959
2370,0.00037959
2371,0.00037959
2372,0.00037959
2373,0.00037959
2374,0.00037834
2375,0.00037834
2376,0.00038211
2377,0.00038211
2378,0.00037697
2379,0.00037698
2380,0.00037698
2381,0.00037698
2382,0.00037698
2383,0.00038144
2384,0.00038144
2385,0.00038144
2386,0.00038144
2387,0.00038132
2388,0.00037791
2389,0.00037791
2390,0.00037791
2391,0.00037791
2392,0.00037791
2393,0.00037791
2394,0.00037697
2395,0.00037697
2396,0.00037697
2397,0.00037698
2398,0.00037698
2399,0.00037698
2400,0.00037698
2401,0.00037698
2402,0.00037698
2403,0.00037698
2404,0.00037801
2405,0.000378
2406,0.00037702
2407,0.00037702
2408,0.00037701
2409,0.000377
2410,0.000377
2411,0.000377
2412,0.000377
2413,0.000377
2414,0.000377
2415,0.000377
2416,0.000377
2417,0.000377
2418,0.000377
2419,0.000377
2420,0.000377
2421,0.000377
2422,0.000377
2423,0.0003816
2424,0.00038159
2425,0.00038159
2426,0.00038018
2427,0.00038018
2428,0.00038157
2429,0.00038019
2430,0.000383
2431,0.000383
2432,0.000383
2433,0.000383
2434,0.000383
2435,0.000383
2436,0.000383
2437,0.000383
2438,0.00038506
2439,0.00038575
2440,0.00038742
2441,0.00038742
2442,0.00038742
2443,0.00038662
2444,0.00038662
2445,0.00038662
2446,0.00038599
2447,0.00038736
2448,0.00038736
2449,0.00038736
2450,0.00038304
2451,0.00038304
2452,0.00038304
2453,0.00038304
2454,0.00038721
2455,0.00038719
2456,0.00038719
2457,0.00038701
2458,0.00038701
2459,0.00038669
2460,0.00038669
2461,0.00038393
2462,0.00038393
2463,0.00038742
2464,0.00038742
2465,0.00038892
2466,0.00038892
2467,0.00038892
2468,0.00038892
2469,0.00038892
2470,0.00038892
2471,0.00038892
2472,0.00038892
2473,0.00039174
2474,0.00039174
2475,0.00038839
2476,0.00038839
2477,0.00038839
2478,0.00038575
2479,0.00038839
2480,0.00038839
2481,0.00038839
2482,0.00038839
2483,0.00038839
2484,0.00039174
2485,0.00039174
2486,0.00039174
2487,0.00038627
2488,0.00038627
2489,0.00038627
2490,0.00038627
2491,0.00039171
2492,0.00039171
2493,0.00039171
2494,0.00038703
2495,0.00038703
2496,0.00038703
2497,0.00038703
2498,0.00038703
2499,0.00038703
2500,0.00039171
2501,0.00038911
2502,0.00038911
2503,0.00038911
2504,0.00038911
2505,0.00039227
2506,0.00039227
2507,0.00039227
2508,0.00039227
2509,0.00039135
2510,0.00039135
2511,0.00039135
2512,0.00039135
2513,0.00038572
2514,0.00038575
2515,0.00039129
2516,0.00039039
2517,0.00039039
2518,0.00039039
2519,0.00039039
2520,0.00039039
2521,0.00039039
2522,0.00039039
2523,0.00039039
2524,0.00039039
2525,0.00039039
2526,0.00039039
2527,0.00039039
2528,0.0003863
2529,0.0003863
2530,0.0003863
2531,0.0003863
2532,0.0003863
2533,0.0003863
2534,0.0003863
2535,0.0003863
2536,0.00038742
2537,0.00038742
2538,0.00038742
2539,0.00038742
2540,0.00038742
2541,0.00038742
2542,0.00038742
2543,0.00038742
2544,0.00038742
2545,0.00038742
2546,0.00038742
2547,0.00038742
2548,0.00038742
2549,0.00038742
2550,0.00038742
2551,0.00039011
2552,0.00039011
2553,0.00039011
2554,0.00039011
2555,0.00039011
2556,0.00039011
2557,0.00039226
2558,0.00038769
2559,0.00038769
2560,0.00038769
2561,0.00038769
2562,0.00038779
2563,0.00038779
2564,0.00038779
2565,0.00039412
2566,0.00039412
2567,0.00039412
2568,0.00039412
2569,0.00039412
2570,0.00039412
2571,0.00039412
2572,0.00039412
2573,0.00039412
2574,0.0003899
2575,0.0003899
2576,0.0003899
2577,0.0003899
2578,0.00039284
2579,0.00039284
2580,0.00039284
2581,0.00039197
2582,0.00039197
2583,0.00039197
2584,0.00039197
2585,0.00039197
2586,0.00039197
2587,0.00039197
2588,0.00039197
2589,0.00039197
2590,0.000391
2591,0.00039099
2592,0.00039286
2593,0.0003942
2594,0.0003942
2595,0.0003942
2596,0.00038474
2597,0.00038768
2598,0.00039366
2599,0.00039366
2600,0.00039366
2601,0.00039222
2602,0.00039222
2603,0.00039222
2604,0.00039222
2605,0.00039222
2606,0.00039222
2607,0.00039222
2608,0.00039222
2609,0.00039222
2610,0.00039222
2611,0.00038786
2612,0.00038786
2613,0.00038786
2614,0.00038786
2615,0.00038483
2616,0.00038483
2617,0.00038483
2618,0.00038483
2619,0.00038483
2620,0.00038483
2621,0.00038483
2622,0.00038483
2623,0.00038483
2624,0.00039013
2625,0.00039013
2626,0.00039013
2627,0.00039013
2628,0.00039013
2629,0.00039013
2630,0.0003904
2631,0.0003904
2632,0.0003904
2633,0.0003904
2634,0.0003904
2635,0.0003904
2636,0.0003904
2637,0.00039066
2638,0.00039081
2639,0.0003908
2640,0.0003908
2641,0.0003908
2642,0.0003908
2643,0.00039081
2644,0.00039422
2645,0.00039422
2646,0.00039422
2647,0.00039422
2648,0.00039422
2649,0.00039422
2650,0.00039422
2651,0.00039299
2652,0.00039299
2653,0.00039294
2654,0.00039305
2655,0.00039305
2656,0.00039305
2657,0.00039305
2658,0.00039305
2659,0.00039305
2660,0.00039305
2661,0.00039305
2662,0.00039305
2663,0.00039305
2664,0.00039305
2665,0.00039305
2666,0.00039305
2667,0.00039305
2668,0.00039305
2669,0.00039305
2670,0.00039419
2671,0.00039305
2672,0.00039305
2673,0.00039305
2674,0.00039416
2675,0.00039416
2676,0.00039416
2677,0.00039416
2678,0.00039417
2679,0.00039417
2680,0.00039417
2681,0.00039187
2682,0.00039187
2683,0.00039187
2684,0.00039187
2685,0.00039187
2686,0.00039187
2687,0.00039394
2688,0.00039394
2689,0.00039394
2690,0.00038801
2691,0.00038802
2692,0.00039343
2693,0.00039343
2694,0.00039343
2695,0.00039343
2696,0.00039343
2697,0.00039343
2698,0.00039343
2699,0.00039343
2700,0.00039343
2701,0.00039343
2702,0.00039343
2703,0.00039343
2704,0.00039343
2705,0.00039343
2706,0.00039343
2707,0.00039343
2708,0.00039343
2709,0.00039343
2710,0.00039343
2711,0.00039343
2712,0.00039
2713,0.00039
2714,0.00039
2715,0.00039
2716,0.00039
2717,0.000388
2718,0.000388
2719,0.000388
2720,0.00038999
2721,0.00038999
2722,0.00038999
2723,0.00038999
2724,0.00038999
2725,0.00038998
2726,0.00038998
2727,0.00038998
2728,0.00038998
2729,0.00038998
2730,0.00038998
2731,0.00038998
2732,0.00038998
2733,0.00038998
2734,0.00038998
2735,0.00038998
2736,0.000388
2737,0.000388
2738,0.000388
2739,0.000388
2740,0.000388
2741,0.00038473
2742,0.00038408
2743,0.00038473
2744,0.00038473
2745,0.00038473
2746,0.00038319
2747,0.00038319
2748,0.00038319
2749,0.00038319
2750,0.00038319
2751,0.00038319
2752,0.00038319
2753,0.00038319
2754,0.00038319
2755,0.00038319
2756,0.00038319
2757,0.00038319
2758,0.00038319
2759,0.00038222
2760,0.00038223
2761,0.00038223
2762,0.00038223
2763,0.00038222
2764,0.00038222
2765,0.00038222
2766,0.00037798
2767,0.00037799
2768,0.00038221
2769,0.00038222
2770,0.00038222
2771,0.00038222
2772,0.00037794
2773,0.00037793
2774,0.00037794
2775,0.00037794
2776,0.00037794
2777,0.00037794
2778,0.00037794
2779,0.00037794
2780,0.00037794
2781,0.00038061
2782,0.00038061
2783,0.00038061
2784,0.00038061
2785,0.00038061
2786,0.00038061
2787,0.00038061
2788,0.00038061
2789,0.00038061
2790,0.00038061
2791,0.00037753
2792,0.00037752
2793,0.00037752
2794,0.00037752
2795,0.00037752
2796,0.00037752
2797,0.00037752
2798,0.00037752
2799,0.00037752
2800,0.00037762
2801,0.00037765
2802,0.00037765
2803,0.00037765
2804,0.00037837
2805,0.00037837
2806,0.00037837
2807,0.00037837
2808,0.00037837
2809,0.00037837
2810,0.00037799
2811,0.00037799
2812,0.00037837
2813,0.00037837
2814,0.00037837
2815,0.00037837
2816,0.00037837
2817,0.00037837
2818,0.0003783
2819,0.0003779
2820,0.00038119
2821,0.00038119
2822,0.00038119
2823,0.0003779
2824,0.00037977
2825,0.00037943
2826,0.00037943
2827,0.00037943
2828,0.00037943
2829,0.00037943
2830,0.00037943
2831,0.00037943
2832,0.00037943
2833,0.00037943
2834,0.00037943
2835,0.00037943
2836,0.00037943
2837,0.00037943
2838,0.00037943
2839,0.00037943
2840,0.00037943
2841,0.00037828
2842,0.00037828
2843,0.00037758
2844,0.00037757
2845,0.00038179
2846,0.00038179
2847,0.00038176
2848,0.00038236
2849,0.00038236
2850,0.00038236
2851,0.00038245
2852,0.00038245
2853,0.00038243
2854,0.00038243
2855,0.00038243
2856,0.00038243
2857,0.00038243
2858,0.00038243
2859,0.00038243
2860,0.00038243
2861,0.00038221
2862,0.00038221
2863,0.00038221
2864,0.00038221
2865,0.00038182
2866,0.00038182
2867,0.00038182
2868,0.00038182
2869,0.00038182
2870,0.00038182
2871,0.0003802
2872,0.00038
2873,0.00038
2874,0.00037757
2875,0.00037751
2876,0.00037446
2877,0.00037446
2878,0.00037446
2879,0.00037446
2880,0.00037446
2881,0.0003791
2882,0.0003791
2883,0.0003791
2884,0.0003791
2885,0.0003791
2886,0.0003791
2887,0.0003791
2888,0.0003791
2889,0.00037911
2890,0.0003791
2891,0.0003791
2892,0.0003791
2893,0.00037819
2894,0.00037949
2895,0.00037949
2896,0.00037949
2897,0.00037038
2898,0.00037038
2899,0.00037722
2900,0.00037722
2901,0.00037719
2902,0.00037719
2903,0.00037719
2904,0.00037948
2905,0.00038026
2906,0.00038026
2907,0.00038026
2908,0.00038026
2909,0.00038026
2910,0.00038026
2911,0.00038026
2912,0.00038026
2913,0.00037632
2914,0.00037632
2915,0.00037632
2916,0.00037639
2917,0.00037639
2918,0.00037822
2919,0.00037822
2920,0.00037822
2921,0.00037822
2922,0.00037822
2923,0.00037935
2924,0.00037636
2925,0.00037636
2926,0.00037636
2927,0.00037636
2928,0.00037636
2929,0.00037636
2930,0.00037636
2931,0.00037919
2932,0.00037919
2933,0.00037919
2934,0.00037919
2935,0.00037917
2936,0.00037917
2937,0.00037917
2938,0.00037871
2939,0.00037871
2940,0.00037822
2941,0.00037822
2942,0.00037819
2943,0.00037819
2944,0.00037819
2945,0.00037819
2946,0.00037809
2947,0.00037809
2948,0.00037565
2949,0.00037565
2950,0.00037565
2951,0.00037565
2952,0.00037565
2953,0.00037565
2954,0.00037565
2955,0.00037565
2956,0.00037565
2957,0.00037565
2958,0.00037565
2959,0.00037565
2960,0.00037821
2961,0.00037821
2962,0.00037565
2963,0.00037718
2964,0.00037718
2965,0.00037718
2966,0.00037718
2967,0.00037718
2968,0.00037718
2969,0.00037718
2970,0.00037718
2971,0.00037718
2972,0.00037822
2973,0.00037822
2974,0.00037822
2975,0.00037822
2976,0.00037822
2977,0.00037822
2978,0.00037822
2979,0.00037818
2980,0.00037718
2981,0.00037718
2982,0.00037718
2983,0.00037718
2984,0.00037718
2985,0.00037718
2986,0.00037717
2987,0.00037717
2988,0.00037717
2989,0.00037717
2990,0.00037717
2991,0.00037717
2992,0.00037717
2993,0.00037717
2994,0.00037717
2995,0.00037717
2996,0.00037717
2997,0.000375
2998,0.000375
2999,0.000375
3000,0.000375
3001,0.00037686
3002,0.00037686
3003,0.00037686
3004,0.00037686
3005,0.00037686
3006,0.00037501
3007,0.00037501
3008,0.000375
3009,0.00037691
3010,0.00037311
3011,0.00037311
3012,0.00037311
3013,0.00037311
3014,0.00037311
3015,0.00037648
3016,0.00037648
3017,0.0003719
3018,0.0003719
3019,0.0003719
3020,0.0003719
3021,0.0003719
3022,0.0003719
3023,0.00037183
3024,0.00037183
3025,0.00037183
3026,0.00037183
3027,0.00037183
3028,0.00037183
3029,0.00037183
3030,0.00037183
3031,0.00037623
3032,0.00037623
3033,0.00037623
3034,0.00037623
3035,0.00037623
3036,0.00037623
3037,0.00037624
3038,0.00037624
3039,0.00037624
3040,0.00037624
3041,0.00037624
3042,0.00037624
3043,0.00037436
3044,0.00037436
3045,0.00037436
3046,0.00037436
3047,0.00037436
3048,0.00037422
3049,0.00037422
3050,0.00037425
3051,0.00037425
3052,0.00037425
3053,0.00037425
3054,0.00037424
3055,0.00037425
3056,0.00037425
3057,0.00037425
3058,0.00037425
3059,0.00037425
3060,0.0003765
3061,0.0003765
3062,0.0003765
3063,0.0003765
3064,0.0003765
3065,0.0003765
3066,0.0003765
3067,0.0003765
3068,0.0003765
3069,0.0003761
3070,0.0003761
3071,0.0003761
3072,0.0003761
3073,0.0003761
3074,0.0003761
3075,0.0003761
3076,0.00037425
3077,0.00037425
3078,0.00037425
3079,0.00037425
3080,0.00037425
3081,0.00037425
3082,0.00037427
3083,0.00037427
3084,0.0003761
3085,0.0003761
3086,0.0003761
3087,0.00037427
3088,0.00037427
3089,0.00037293
3090,0.00037293
3091,0.00037425
3092,0.00037425
3093,0.00037423
3094,0.00037423
3095,0.00037423
3096,0.00037423
3097,0.00037341
3098,0.00037341
3099,0.00037341
3100,0.00037425
3101,0.00037425
3102,0.00037465
3103,0.00037465
3104,0.00037465
3105,0.00037465
3106,0.0003761
3107,0.00037467
3108,0.00037467
3109,0.00037609
3110,0.00037609
3111,0.00037609
3112,0.00037609
3113,0.0003761
3114,0.00037649
3115,0.00037807
3116,0.00037807
3117,0.00037807
3118,0.00037649
3119,0.00037574
3120,0.00037574
3121,0.00037574
3122,0.00037493
3123,0.00037
3124,0.00037001
3125,0.00037001
3126,0.00037419
3127,0.00037033
3128,0.00037033
3129,0.00037033
3130,0.00037033
3131,0.00037516
3132,0.00037516
3133,0.00037001
3134,0.00037
3135,0.00037
3136,0.00037001
3137,0.00036577
3138,0.00037039
3139,0.00037039
3140,0.00037039
3141,0.00037039
3142,0.00037001
3143,0.00037001
3144,0.00037
3145,0.00037
3146,0.00037
3147,0.00037
3148,0.00037341
3149,0.00037314
3150,0.00037314
3151,0.00036996
3152,0.00036996
3153,0.00037405
3154,0.00037405
3155,0.00037405
3156,0.00037405
3157,0.00037405
3158,0.00036417
3159,0.00036831
3160,0.00036831
3161,0.00036831
3162,0.00036832
3163,0.00036832
3164,0.00036832
3165,0.00036832
3166,0.00037372
3167,0.00037369
3168,0.00037369
3169,0.00037369
3170,0.00037371
3171,0.00037371
3172,0.00037371
3173,0.00037427
3174,0.00037427
3175,0.00037427
3176,0.00037149
3177,0.0003735
3178,0.0003735
3179,0.0003735
3180,0.0003735
3181,0.0003735
3182,0.0003735
3183,0.0003735
3184,0.00036843
3185,0.00036843
3186,0.00037197
3187,0.00037197
3188,0.00037197
3189,0.00037197
3190,0.00037197
3191,0.00036851
3192,0.00036851
3193,0.00036851
3194,0.00036854
3195,0.00036854
3196,0.00037198
3197,0.00037198
3198,0.00037198
3199,0.00037198
3200,0.00036859
3201,0.00036859
3202,0.00036859
3203,0.00037193
3204,0.00037193
3205,0.00037193
3206,0.00037193
3207,0.00037025
3208,0.00037025
3209,0.00037025
3210,0.00037025
3211,0.00037025
3212,0.00037025
3213,0.00037025
3214,0.00037025
3215,0.00037025
3216,0.00037002
3217,0.00037002
3218,0.00037002
3219,0.00037002
3220,0.00036634
3221,0.00036634
3222,0.00036426
3223,0.00036957
3224,0.00036957
3225,0.00036957
3226,0.00036957
3227,0.00036957
3228,0.00036957
3229,0.00036957
3230,0.00036957
3231,0.00036957
3232,0.00036957
3233,0.00036957
3234,0.00036957
3235,0.00036692
3236,0.00036692
3237,0.00036692
3238,0.00036692
3239,0.00036692
3240,0.00036693
3241,0.00036707
3242,0.00036853
3243,0.00036853
3244,0.00036853
3245,0.0003673
3246,0.00036867
3247,0.00036867
3248,0.00036867
3249,0.00036867
3250,0.00036856
3251,0.00036856
3252,0.00036855
3253,0.00036855
3254,0.00036855
3255,0.00037267
3256,0.00037264
3257,0.00037264
3258,0.00037264
3259,0.00036712
3260,0.00036712
3261,0.00036712
3262,0.00036855
3263,0.00036855
3264,0.00036855
3265,0.00037068
3266,0.00036855
3267,0.00036855
3268,0.00036854
3269,0.00036854
3270,0.00036854
3271,0.00036854
3272,0.00036854
3273,0.00036806
3274,0.00036807
3275,0.00036807
3276,0.00036806
3277,0.00036806
3278,0.00036453
3279,0.00036453
3280,0.00036453
3281,0.00037051
3282,0.00037051
3283,0.00037051
3284,0.00037051
3285,0.00037051
3286,0.00037051
3287,0.00037051
3288,0.00037051
3289,0.00037051
3290,0.00037051
3291,0.00037051
3292,0.00037051
3293,0.00037051
3294,0.00037051
3295,0.00037077
3296,0.00037077
3297,0.00037077
3298,0.00037077
3299,0.00037077
3300,0.00037077
3301,0.00037077
3302,0.00037076
3303,0.00037076
3304,0.00037544
3305,0.00036864
3306,0.00036864
3307,0.00036864
3308,0.00037457
3309,0.00037457
3310,0.00037448
3311,0.00037446
3312,0.00037446
3313,0.00037164
3314,0.00037164
3315,0.00037164
3316,0.00037164
3317,0.00037164
3318,0.00037164
3319,0.00037164
3320,0.00037164
3321,0.00037164
3322,0.00037164
3323,0.00037164
3324,0.00037164
3325,0.00037164
3326,0.000365
3327,0.00036906
3328,0.00036527
3329,0.00036902
3330,0.00036902
3331,0.00036527
3332,0.00036527
3333,0.00036527
3334,0.00036527
3335,0.00036527
3336,0.00036527
3337,0.00036527
3338,0.00036527
3339,0.00036896
3340,0.00036896
3341,0.00036896
3342,0.00036896
3343,0.00036896
3344,0.00036894
3345,0.00036894
3346,0.00036894
3347,0.00036894
3348,0.00036894
3349,0.00036894
3350,0.00036894
3351,0.00036894
3352,0.00036894
3353,0.00036792
3354,0.00036792
3355,0.00036873
3356,0.00036883
3357,0.00036905
3358,0.00036905
3359,0.00036905
3360,0.00036905
3361,0.00036905
3362,0.00036905
3363,0.00036905
3364,0.00036906
3365,0.00036905
3366,0.00036906
3367,0.00036905
3368,0.00036905
3369,0.00036905
3370,0.00036905
3371,0.00036894
3372,0.00036894
3373,0.00036894
3374,0.00036892
3375,0.00036892
3376,0.00036892
3377,0.00036892
3378,0.00036892
3379,0.00036892
3380,0.00036892
3381,0.0003642
3382,0.0003642
3383,0.00036422
3384,0.00036421
3385,0.0003642
3386,0.0003642
3387,0.00036419
3388,0.00036394
3389,0.00036208
3390,0.00036367
3391,0.00036246
3392,0.00036341
3393,0.00036468
3394,0.00036468
3395,0.00036348
3396,0.00036348
3397,0.00036348
3398,0.00036348
3399,0.00036348
3400,0.00036348
3401,0.00036348
3402,0.00036348
3403,0.00036348
3404,0.00036331
3405,0.00036331
3406,0.00036331
3407,0.00036331
3408,0.0003633
3409,0.00036317
3410,0.00036317
3411,0.00036317
3412,0.00036317
3413,0.00036317
3414,0.00036317
3415,0.00036504
3416,0.00036241
3417,0.00036241
3418,0.00036249
3419,0.00036249
3420,0.00036253
3421,0.00036606
3422,0.00036598
3423,0.00036598
3424,0.00036598
3425,0.00036432
3426,0.00036432
3427,0.00036499
3428,0.00036499
3429,0.00036434
3430,0.00036434
3431,0.00036434
3432,0.00036434
3433,0.00036434
3434,0.00036434
3435,0.00036434
3436,0.00036491
3437,0.00036491
3438,0.00036491
3439,0.00036491
3440,0.00036491
3441,0.00036491
3442,0.00036491
3443,0.00036627
3444,0.00036626
3445,0.00036616
3446,0.00036605
3447,0.00036605
3448,0.00036605
3449,0.00036591
3450,0.00036591
3451,0.00036591
3452,0.00036591
3453,0.00036591
3454,0.00036419
3455,0.00036549
3456,0.00036549
3457,0.00036549
3458,0.00036099
3459,0.00036099
3460,0.00036492
3461,0.00036492
3462,0.0003615
3463,0.00036481
3464,0.00036481
3465,0.00036472
3466,0.00036472
3467,0.00036154
3468,0.00036154
3469,0.00036154
3470,0.00036154
3471,0.00036154
3472,0.00036154
3473,0.00036154
3474,0.00036154
3475,0.00036154
3476,0.00036154
3477,0.00036154
3478,0.00036436
3479,0.00036436
3480,0.00036399
3481,0.00036399
3482,0.00036399
3483,0.00036399
3484,0.00036399
3485,0.00036399
3486,0.00036316
3487,0.00036316
3488,0.00036316
3489,0.00036316
3490,0.00036315
3491,0.00036315
3492,0.00036159
3493,0.00036159
3494,0.00036159
3495,0.00036159
3496,0.0003575
3497,0.00036
3498,0.00036001
3499,0.00036001
3500,0.00036001
3501,0.00036001
3502,0.00036001
3503,0.00036001
3504,0.00036001
3505,0.00036001
3506,0.00036259
3507,0.00036259
3508,0.00036259
3509,0.00036038
3510,0.00036038
3511,0.00036038
3512,0.00036038
3513,0.00036038
3514,0.00036037
3515,0.00036037
3516,0.00036037
3517,0.00036038
3518,0.00036037
3519,0.00036036
3520,0.00036
3521,0.00036
3522,0.00036036
3523,0.00036001
3524,0.00036001
3525,0.00036001
3526,0.00036001
3527,0.00036
3528,0.00036
3529,0.00036
3530,0.00035969
3531,0.00035969
3532,0.00036
3533,0.00036
3534,0.00036
3535,0.00035997
3536,0.00035997
3537,0.00035997
3538,0.00035999
3539,0.00035999
3540,0.00035999
3541,0.00035999
3542,0.00035999
3543,0.00035999
3544,0.00035999
3545,0.00035999
3546,0.00035998
3547,0.00035998
3548,0.00035999
3549,0.00035999
3550,0.00035999
3551,0.00035999
3552,0.00035999
3553,0.00035999
3554,0.00036
3555,0.00036037
3556,0.00036037
3557,0.00036257
3558,0.00036257
3559,0.00036257
3560,0.00036257
3561,0.00036257
3562,0.00036254
3563,0.00036254
3564,0.00036254
3565,0.00036
3566,0.00036
3567,0.00036
3568,0.00036253
3569,0.00036036
3570,0.00036253
3571,0.00036055
3572,0.00036055
3573,0.00036055
3574,0.00036055
3575,0.00036055
3576,0.00036414
3577,0.00036414
3578,0.00036414
3579,0.00036592
3580,0.00036592
3581,0.00036443
3582,0.00036443
3583,0.00036414
3584,0.00036414
3585,0.00036414
3586,0.0003631
3587,0.0003631
3588,0.0003631
3589,0.00036309
3590,0.00036309
3591,0.00036309
3592,0.00036309
3593,0.00036309
3594,0.00036527
3595,0.00036527
3596,0.00036527
3597,0.00036527
3598,0.00036551
3599,0.00036551
3600,0.00036552
3601,0.00036552
3602,0.00036551
3603,0.00036551
3604,0.00036551
3605,0.00036551
3606,0.0003643
3607,0.0003643
3608,0.0003643
3609,0.0003643
3610,0.0003643
3611,0.0003643
3612,0.0003643
3613,0.00036626
3614,0.00036626
3615,0.00036626
3616,0.00036626
3617,0.00036625
3618,0.00036625
3619,0.00036625
3620,0.00036625
3621,0.00036468
3622,0.00036468
3623,0.00036468
3624,0.00036468
3625,0.00036468
3626,0.00036315
3627,0.0003631
3628,0.0003631
3629,0.0003631
3630,0.00036314
3631,0.00036314
3632,0.00036314
3633,0.0003631
3634,0.00036386
3635,0.00036386
3636,0.00036627
3637,0.00036627
3638,0.00036205
3639,0.00036601
3640,0.00036601
3641,0.00036601
3642,0.00036342
3643,0.00036342
3644,0.00036601
3645,0.00036601
3646,0.00036601
3647,0.00036601
3648,0.00036501
3649,0.00036501
3650,0.00036501
3651,0.000365
3652,0.000365
3653,0.00036596
3654,0.00036596
3655,0.00036222
3656,0.00036222
3657,0.00036222
3658,0.00036222
3659,0.00036436
3660,0.00036436
3661,0.000361
3662,0.000361
3663,0.0003643
3664,0.0003643
3665,0.0003643
3666,0.00036114
3667,0.0003663
3668,0.0003663
3669,0.0003663
3670,0.0003663
3671,0.00036629
3672,0.000363
3673,0.00036301
3674,0.00036301
3675,0.0003662
3676,0.00036612
3677,0.0003661
3678,0.0003661
3679,0.0003661
3680,0.00036333
3681,0.00036333
3682,0.00036333
3683,0.00036333
3684,0.00036333
3685,0.00036333
3686,0.00036333
3687,0.00036333
3688,0.0003661
3689,0.0003661
3690,0.0003661
3691,0.0003661
3692,0.0003661
3693,0.00036609
3694,0.00036609
3695,0.00036609
3696,0.00036609
3697,0.0003649
3698,0.0003649
3699,0.0003649
3700,0.0003649
3701,0.0003649
3702,0.0003649
3703,0.00036875
3704,0.00036875
3705,0.00036875
3706,0.00036875
3707,0.00036675
3708,0.00036675
3709,0.00036675
3710,0.00036692
3711,0.00036692
3712,0.00036692
3713,0.00036892
3714,0.00036892
3715,0.00036892
3716,0.00036892
3717,0.00036892
3718,0.00036892
3719,0.00036892
3720,0.00036892
3721,0.00036976
3722,0.00037105
3723,0.00037193
3724,0.00037193
3725,0.00037193
3726,0.00037193
3727,0.00036652
3728,0.00037189
3729,0.00036703
3730,0.00036703
3731,0.00036703
3732,0.00036703
3733,0.00036703
3734,0.00036703
3735,0.00036703
3736,0.00036703
3737,0.00036703
3738,0.00036703
3739,0.00036703
3740,0.00036703
3741,0.00036703
3742,0.00036703
3743,0.00036703
3744,0.00037141
3745,0.0003709
3746,0.0003677
3747,0.0003677
3748,0.0003677
3749,0.0003677
3750,0.00037139
3751,0.00037139
3752,0.00037139
3753,0.00037175
3754,0.00037175
3755,0.00037175
3756,0.00037318
3757,0.00037612
3758,0.00037612
3759,0.00037318
3760,0.00037318
3761,0.00037318
3762,0.00037318
3763,0.00037318
3764,0.00037318
3765,0.00037318
3766,0.00037318
3767,0.00037318
3768,0.00037318
3769,0.00037318
3770,0.00037318
3771,0.00037318
3772,0.00037448
3773,0.00037448
3774,0.00037448
3775,0.00037448
3776,0.00037448
3777,0.00037448
3778,0.00037541
3779,0.00037541
3780,0.00037541
3781,0.00037318
3782,0.00037318
3783,0.00037318
3784,0.00037318
3785,0.00037318
3786,0.00037318
3787,0.00037318
3788,0.00037318
3789,0.00037318
3790,0.00037318
3791,0.00037427
3792,0.000376
3793,0.00037778
3794,0.00037778
3795,0.00037778
3796,0.00037778
3797,0.00037778
3798,0.00037778
3799,0.00037778
3800,0.00037778
3801,0.00037778
3802,0.00037778
3803,0.00037778
3804,0.00037778
3805,0.00037778
3806,0.00037778
3807,0.00037778
3808,0.00037778
3809,0.00037778
3810,0.00037778
3811,0.00037778
3812,0.00037778
3813,0.00037778
3814,0.00037318
3815,0.00037321
3816,0.00037321
3817,0.00037321
3818,0.00037321
3819,0.00037321
3820,0.00037321
3821,0.00037403
3822,0.00037403
3823,0.00037403
3824,0.00037403
3825,0.00037403
3826,0.00037403
3827,0.00037403
3828,0.00037403
3829,0.00037403
3830,0.00037403
3831,0.00037403
3832,0.00037403
3833,0.00037403
3834,0.00037403
3835,0.00037403
3836,0.00037778
3837,0.00037778
3838,0.00037778
3839,0.00037777
3840,0.00037777
3841,0.00037422
3842,0.00037422
3843,0.00037169
3844,0.00037169
3845,0.00037169
3846,0.00037208
3847,0.00037208
3848,0.00037168
3849,0.00037166
3850,0.0003714
3851,0.00037139
3852,0.00037139
3853,0.00037005
3854,0.00037005
3855,0.00037
3856,0.00037
3857,0.00036693
3858,0.00036693
3859,0.00036693
3860,0.00036996
3861,0.00036996
3862,0.00036996
3863,0.00036996
3864,0.00036996
3865,0.00036996
3866,0.00036996
3867,0.00036996
3868,0.00036996
3869,0.00036996
3870,0.00036996
3871,0.00036996
3872,0.00036996
3873,0.00037309
3874,0.00036739
3875,0.00036739
3876,0.00036625
3877,0.00036625
3878,0.00036625
3879,0.00036625
3880,0.00036625
3881,0.00036625
3882,0.00036625
3883,0.00036974
3884,0.00036974
3885,0.00036974
3886,0.00036974
3887,0.00036974
3888,0.00036974
3889,0.0003671
3890,0.0003671
3891,0.0003671
3892,0.0003671
3893,0.0003671
3894,0.0003671
3895,0.0003671
3896,0.0003671
3897,0.0003671
3898,0.0003671
3899,0.0003671
3900,0.0003671
3901,0.0003671
3902,0.0003671
3903,0.0003671
3904,0.0003671
3905,0.00036808
3906,0.00036808
3907,0.00036808
3908,0.00036808
3909,0.00036808
3910,0.00036808
3911,0.00036808
3912,0.00036808
3913,0.0003671
3914,0.0003671
3915,0.0003671
3916,0.0003671
3917,0.0003671
3918,0.0003671
3919,0.0003671
3920,0.0003671
3921,0.0003671
3922,0.0003671
3923,0.0003671
3924,0.0003671
3925,0.0003671
3926,0.0003671
3927,0.0003671
3928,0.00036674
3929,0.00036674
3930,0.00036672
3931,0.00036672
3932,0.00036672
3933,0.00036672
3934,0.00036672
3935,0.00036672
3936,0.00036672
3937,0.00036673
3938,0.00036673
3939,0.00036672
3940,0.00036672
3941,0.00036672
3942,0.00036672
3943,0.00036672
3944,0.00036672
3945,0.00036672
3946,0.00036672
3947,0.00036119
3948,0.0003654
3949,0.0003654
3950,0.0003654
3951,0.0003654
3952,0.00036531
3953,0.00036537
3954,0.00036537
3955,0.00036537
3956,0.00036533
3957,0.00036533
3958,0.00036533
3959,0.00036533
3960,0.00036533
3961,0.00036533
3962,0.00036533
3963,0.00036533
3964,0.00036533
3965,0.00036967
3966,0.00036967
3967,0.00036967
3968,0.00036287
3969,0.00036287
3970,0.00036287
3971,0.00036282
3972,0.00036282
3973,0.00036282
3974,0.00036282
3975,0.00036366
3976,0.00036366
3977,0.00036366
3978,0.00036367
3979,0.00036367
3980,0.00036367
3981,0.00036367
3982,0.00036367
3983,0.00036367
3984,0.00036367
3985,0.00036008
3986,0.00036008
3987,0.0003607
3988,0.0003607
3989,0.0003607
3990,0.0003607
3991,0.00036383
3992,0.00036383
3993,0.00036383
3994,0.00036513
3995,0.00036014
3996,0.00036014
3997,0.00036014
3998,0.00036419
3999,0.00036419
4000,0.00036356
4001,0.00035716
4002,0.00036374
4003,0.00035757
4004,0.00036371
4005,0.0003637
4006,0.0003637
4007,0.0003637
4008,0.0003637
4009,0.0003637
4010,0.00036251
4011,0.000363
4012,0.00036251
4013,0.00036251
4014,0.00036251
4015,0.00035893
4016,0.00036249
4017,0.00036249
4018,0.00035932
4019,0.00035932
4020,0.00036
4021,0.00036213
4022,0.0003618
4023,0.0003618
4024,0.0003618
4025,0.00036176
4026,0.00036176
4027,0.00036176
4028,0.00036103
4029,0.00036103
4030,0.00036066
4031,0.00036064
4032,0.00036064
4033,0.00036064
4034,0.00036064
4035,0.00036029
4036,0.00036
4037,0.00036
4038,0.00036
4039,0.00036
4040,0.00036
4041,0.00036
4042,0.00036
4043,0.00036
4044,0.00036
4045,0.00036
4046,0.00036024
4047,0.00036024
4048,0.00036024
4049,0.00036024
4050,0.00036024
4051,0.00036024
4052,0.00036024
4053,0.00036025
4054,0.00036019
4055,0.00036019
4056,0.00036019
4057,0.00036019
4058,0.00036019
4059,0.00035888
4060,0.00036024
4061,0.00036019
4062,0.00036019
4063,0.00035694
4064,0.00035702
4065,0.00035702
4066,0.00035631
4067,0.00036025
4068,0.00035694
4069,0.00035693
4070,0.00035582
4071,0.00035549
4072,0.00035549
4073,0.00035905
4074,0.00035905
4075,0.00035876
4076,0.00035867
4077,0.00035865
4078,0.00035865
4079,0.00035803
4080,0.00035777
4081,0.00035777
4082,0.00035774
4083,0.00035774
4084,0.00035774
4085,0.00035774
4086,0.00035774
4087,0.00035774
4088,0.00035774
4089,0.00035542
4090,0.00035542
4091,0.00035542
4092,0.00035542
4093,0.00035774
4094,0.00035774
4095,0.00035774
4096,0.00035827
4097,0.00035827
4098,0.00035827
4099,0.00035774
4100,0.00035774
4101,0.00036084
4102,0.00036053
4103,0.00035771
4104,0.00035771
4105,0.00035914
4106,0.00035914
4107,0.00035771
4108,0.00035771
4109,0.00035771
4110,0.00035852
4111,0.00035852
4112,0.00035852
4113,0.00036005
4114,0.00035771
4115,0.00035771
4116,0.00035583
4117,0.00035
4118,0.0003563
4119,0.00035011
4120,0.00035012
4121,0.00035199
4122,0.00034422
4123,0.00035
4124,0.00035
4125,0.00035
4126,0.00034928
4127,0.00034895
4128,0.00034894
4129,0.0003441
4130,0.00035732
4131,0.00034655
4132,0.00035718
4133,0.00035715
4134,0.00035372
4135,0.00035372
4136,0.0003564
4137,0.00035612
4138,0.00035611
4139,0.00035611
4140,0.00035
4141,0.00035002
4142,0.00035575
4143,0.00035575
4144,0.00035575
4145,0.00035575
4146,0.0003441
4147,0.00034669
4148,0.00034609
4149,0.00034692
4150,0.00034683
4151,0.00034683
4152,0.00035009
4153,0.00034925
4154,0.00034291
4155,0.00034872
4156,0.00034869
4157,0.00034869
4158,0.0003487
4159,0.00035621
4160,0.00034873
4161,0.00035454
4162,0.00035453
4163,0.00034887
4164,0.00034914
4165,0.00034914
4166,0.00035417
4167,0.00035408
4168,0.00035408
4169,0.0003539
4170,0.00035382
4171,0.00035381
4172,0.00035381
4173,0.0003533
4174,0.0003533
4175,0.00035319
4176,0.00035319
4177,0.00035319
4178,0.00035319
4179,0.00035288
4180,0.00035287
4181,0.00035285
4182,0.00035277
4183,0.00034935
4184,0.00034934
4185,0.00034529
4186,0.00034919
4187,0.0003471
4188,0.0003471
4189,0.00034707
4190,0.00034706
4191,0.00034698
4192,0.00034304
4193,0.00034698
4194,0.00034709
4195,0.00034698
4196,0.00034934
4197,0.00034935
4198,0.00034935
4199,0.00034935
4200,0.00034935
4201,0.00034935
4202,0.00034935
4203,0.00034935
4204,0.00034526
4205,0.00034526
4206,0.00034526
4207,0.00034897
4208,0.00034536
4209,0.00034896
4210,0.00034896
4211,0.00034896
4212,0.00034896
4213,0.00034896
4214,0.000349
4215,0.000349
4216,0.00034059
4217,0.00034901
4218,0.00034873
4219,0.00034035
4220,0.00034579
4221,0.00034578
4222,0.00034042
4223,0.00034042
4224,0.00034052
4225,0.00034055
4226,0.00034055
4227,0.00034055
4228,0.00034055
4229,0.00034055
4230,0.00034055
4231,0.00034081
4232,0.00034355
4233,0.00034355
4234,0.00034355
4235,0.00034103
4236,0.00034106
4237,0.00034106
4238,0.00034106
4239,0.00034356
4240,0.00034043
4241,0.00034355
4242,0.00034346
4243,0.00034346
4244,0.00034044
4245,0.00034323
4246,0.00033934
4247,0.00033918
4248,0.00033787
4249,0.00033993
4250,0.00033779
4251,0.0003371
4252,0.00034
4253,0.00034176
4254,0.00034265
4255,0.00033661
4256,0.00033661
4257,0.00033661
4258,0.0003389
4259,0.0003371
4260,0.00033709
4261,0.0003371
4262,0.0003371
4263,0.0003371
4264,0.00033998
4265,0.00034029
4266,0.00033752
4267,0.00034028
4268,0.00033761
4269,0.00033761
4270,0.00033761
4271,0.00034222
4272,0.00033765
4273,0.00034211
4274,0.0003377
4275,0.00034211
4276,0.00034209
4277,0.00034201
4278,0.00034749
4279,0.00034749
4280,0.0003403
4281,0.00034059
4282,0.00034059
4283,0.00034059
4284,0.00034082
4285,0.00034082
4286,0.00034721
4287,0.00034721
4288,0.00034758
4289,0.00034197
4290,0.00034197
4291,0.00034197
4292,0.00034197
4293,0.00034281
4294,0.0003466
4295,0.0003466
4296,0.00034661
4297,0.00034661
4298,0.00034108
4299,0.00034503
4300,0.00034503
4301,0.00035148
4302,0.00035148
4303,0.0003451
4304,0.00034512
4305,0.00035141
4306,0.00035141
4307,0.00034364
4308,0.0003514
4309,0.0003514
4310,0.00034408
4311,0.00034408
4312,0.00034768
4313,0.00034768
4314,0.00034519
4315,0.0003449
4316,0.0003492
4317,0.00034921
4318,0.00035081
4319,0.00034725
4320,0.00035082
4321,0.0003492
4322,0.00035083
4323,0.00035083
4324,0.00034722
4325,0.00034722
4326,0.0003449
4327,0.00034722
4328,0.00034761
4329,0.00034761
4330,0.00035147
4331,0.00035147
4332,0.00035147
4333,0.00035143
4334,0.00035142
4335,0.00035147
4336,0.00035147
4337,0.00035145
4338,0.00035145
4339,0.00035148
4340,0.00035149
4341,0.00035149
4342,0.00035248
4343,0.00035248
4344,0.00035282
4345,0.00035282
4346,0.00035282
4347,0.00035282
4348,0.00035282
4349,0.00035282
4350,0.00035282
4351,0.00035282
4352,0.00035282
4353,0.00035149
4354,0.00035149
4355,0.00035149
4356,0.00035149
4357,0.00035215
4358,0.00035213
4359,0.00035213
4360,0.00035211
4361,0.00035145
4362,0.00035146
4363,0.00034724
4364,0.00034724
4365,0.00034724
4366,0.00035138
4367,0.00035137
4368,0.00034723
4369,0.00035135
4370,0.00034724
4371,0.00035134
4372,0.00035134
4373,0.00035134
4374,0.00035132
4375,0.00034731
4376,0.00035137
4377,0.00035137
4378,0.00035134
4379,0.00035134
4380,0.00035134
4381,0.00035087
4382,0.00034743
4383,0.00035081
4384,0.00035077
4385,0.00035071
4386,0.00035071
4387,0.00035052
4388,0.00034722
4389,0.00034722
4390,0.00035038
4391,0.00035038
4392,0.00034935
4393,0.00034935
4394,0.00034935
4395,0.00035139
4396,0.00035139
4397,0.00035139
4398,0.0003476
4399,0.00034761
4400,0.00035129
4401,0.00035129
4402,0.00035129
4403,0.00035124
4404,0.00035124
4405,0.00035149
4406,0.00035149
4407,0.00035148
4408,0.00035149
4409,0.00035468
4410,0.00035464
4411,0.00035464
4412,0.00035464
4413,0.00035464
4414,0.00034773
4415,0.00035452
4416,0.00035452
4417,0.00035456
4418,0.0003545
4419,0.00035495
4420,0.00035495
4421,0.00035493
4422,0.00035493
4423,0.00034916
4424,0.00034916
4425,0.00034926
4426,0.00035376
4427,0.00035382
4428,0.00035385
4429,0.00034936
4430,0.00035384
4431,0.00035382
4432,0.0003538
4433,0.0003538
4434,0.00034765
4435,0.00034765
4436,0.00034769
4437,0.00034769
4438,0.00034769
4439,0.00034773
4440,0.00034774
4441,0.00035341
4442,0.00035334
4443,0.00035332
4444,0.0003533
4445,0.0003532
4446,0.00034801
4447,0.00034801
4448,0.00034801
4449,0.00034801
4450,0.00034801
4451,0.00034801
4452,0.00035267
4453,0.00035263
4454,0.00034798
4455,0.000348
4456,0.00034799
4457,0.00034794
4458,0.000348
4459,0.00034758
4460,0.0003524
4461,0.00034625
4462,0.00034589
4463,0.0003449
4464,0.00034491
4465,0.00034589
4466,0.00034512
4467,0.00034589
4468,0.00034589
4469,0.00035169
4470,0.00034758
4471,0.00034239
4472,0.00034713
4473,0.00034007
4474,0.00034707
4475,0.00034034
4476,0.00034686
4477,0.0003401
4478,0.00033823
4479,0.00034614
4480,0.00034558
4481,0.00034558
4482,0.00034422
4483,0.00034383
4484,0.00034332
4485,0.00034302
4486,0.00034223
4487,0.00034223
4488,0.00033833
4489,0.00033833
4490,0.00034096
4491,0.00034044
4492,0.00034044
4493,0.00033833
4494,0.00033833
4495,0.0003409
4496,0.00034057
4497,0.00033814
4498,0.00033814
4499,0.00033599
4500,0.00033599
4501,0.00033798
4502,0.00033599
4503,0.00033598
4504,0.00033599
4505,0.0003359
4506,0.0003359
4507,0.00033549
4508,0.00033537
4509,0.00033532
4510,0.00033333
4511,0.00033598
4512,0.00033441
4513,0.00033599
4514,0.00033599
4515,0.00033599
4516,0.00033599
4517,0.0003357
4518,0.0003357
4519,0.0003357
4520,0.00033571
4521,0.00033572
4522,0.00033572
4523,0.00033597
4524,0.00033597
4525,0.00033595
4526,0.00033594
4527,0.00033505
4528,0.00033591
4529,0.00033587
4530,0.00033504
4531,0.00033
4532,0.00033
4533,0.00033442
4534,0.0003344
4535,0.0003344
4536,0.00033505
4537,0.00033585
4538,0.00033585
4539,0.00033586
4540,0.00033585
4541,0.00033585
4542,0.00033599
4543,0.00033599
4544,0.00033598
4545,0.00033599
4546,0.00033763
4547,0.00033763
4548,0.00033763
4549,0.00033763
4550,0.00033763
4551,0.00033763
4552,0.00033895
4553,0.00033902
4554,0.00033942
4555,0.00033989
4556,0.00033989
4557,0.00033989
4558,0.00033989
4559,0.00033991
4560,0.00033991
4561,0.00033764
4562,0.00033764
4563,0.00033989
4564,0.00033989
4565,0.00033693
4566,0.00033693
4567,0.00033692
4568,0.00033693
4569,0.00033693
4570,0.00033693
4571,0.00033693
4572,0.00033786
4573,0.00033693
4574,0.00033693
4575,0.00033785
4576,0.00033785
4577,0.00033785
4578,0.00033785
4579,0.00033785
4580,0.00033694
4581,0.00033693
4582,0.00033694
4583,0.00033787
4584,0.00033787
4585,0.00034056
4586,0.00034056
4587,0.00034056
4588,0.00034056
4589,0.00033997
4590,0.00033998
4591,0.00034
4592,0.00034
4593,0.00034
4594,0.00034
4595,0.00034
4596,0.00034
4597,0.00034
4598,0.00033998
4599,0.00033743
4600,0.00033998
4601,0.00033998
4602,0.00033997
4603,0.00033997
4604,0.00033997
4605,0.0003304
4606,0.0003304
4607,0.00033617
4608,0.00033642
4609,0.00033641
4610,0.00033164
4611,0.00033164
4612,0.00033426
4613,0.00033426
4614,0.00033426
4615,0.0003387
4616,0.0003396
4617,0.0003396
4618,0.0003396
4619,0.0003396
4620,0.00033708
4621,0.00033708
4622,0.00033708
4623,0.00033708
4624,0.00033708
4625,0.0003371
4626,0.0003371
4627,0.00033709
4628,0.00033709
4629,0.00033909
4630,0.00033909
4631,0.00033909
4632,0.00033909
4633,0.00033909
4634,0.00033933
4635,0.00033263
4636,0.00033263
4637,0.00033263
4638,0.00033263
4639,0.00033263
4640,0.00033555
4641,0.00033072
4642,0.00033072
4643,0.00033072
4644,0.00033072
4645,0.00033555
4646,0.00033555
4647,0.0003318
4648,0.00033379
4649,0.00033205
4650,0.00033183
4651,0.00033183
4652,0.00033183
4653,0.00033284
4654,0.00033184
4655,0.00032926
4656,0.00032926
4657,0.0003291
4658,0.00033182
4659,0.00033182
4660,0.00033182
4661,0.00032896
4662,0.00032693
4663,0.00032693
4664,0.00032693
4665,0.00033133
4666,0.00033133
4667,0.00032694
4668,0.00033088
4669,0.00032696
4670,0.00032696
4671,0.00032696
4672,0.00032696
4673,0.00032559
4674,0.00032696
4675,0.00032542
4676,0.00032997
4677,0.00032542
4678,0.00032977
4679,0.00032542
4680,0.00032926
4681,0.00032926
4682,0.00032926
4683,0.00032926
4684,0.00032926
4685,0.00032201
4686,0.00032202
4687,0.00032202
4688,0.00032202
4689,0.00032655
4690,0.00032789
4691,0.0003278
4692,0.0003278
4693,0.0003278
4694,0.0003278
4695,0.00033028
4696,0.0003252
4697,0.0003252
4698,0.0003252
4699,0.0003252
4700,0.00033028
4701,0.00033028
4702,0.00033085
4703,0.00033122
4704,0.00033084
4705,0.00033513
4706,0.00033513
4707,0.00033513
4708,0.00033513
4709,0.00033513
4710,0.00033562
4711,0.00033558
4712,0.00033555
4713,0.00033145
4714,0.00033145
4715,0.00033171
4716,0.00033146
4717,0.00033178
4718,0.00033172
4719,0.00033392
4720,0.00033392
4721,0.00033391
4722,0.00033391
4723,0.00033086
4724,0.00033058
4725,0.00033062
4726,0.00033
4727,0.00033
4728,0.00033
4729,0.00033
4730,0.00033
4731,0.00033
4732,0.00032627
4733,0.00033039
4734,0.00033038
4735,0.00033038
4736,0.00032729
4737,0.00033358
4738,0.00032793
4739,0.00032801
4740,0.00033355
4741,0.00033355
4742,0.00033387
4743,0.00033387
4744,0.00033392
4745,0.00033386
4746,0.00033388
4747,0.0003357
4748,0.0003357
4749,0.0003357
4750,0.0003357
4751,0.0003357
4752,0.0003357
4753,0.00033225
4754,0.00033225
4755,0.00033417
4756,0.00033224
4757,0.00032847
4758,0.00033407
4759,0.00033407
4760,0.00033067
4761,0.00033067
4762,0.00033067
4763,0.00033067
4764,0.00032671
4765,0.00033308
4766,0.00033303
4767,0.00033298
4768,0.00032864
4769,0.00032864
4770,0.00032689
4771,0.00033133
4772,0.00033138
4773,0.00033138
4774,0.00033138
4775,0.00033138
4776,0.00033138
4777,0.00033567
4778,0.00033567
4779,0.00033561
4780,0.00033561
4781,0.00033561
4782,0.00033561
4783,0.00033561
4784,0.00033547
4785,0.00033547
4786,0.00033544
4787,0.00033544
4788,0.0003354
4789,0.00033152
4790,0.00033152
4791,0.00033954
4792,0.00033954
4793,0.00033954
4794,0.00033253
4795,0.00033951
4796,0.00033951
4797,0.00033305
4798,0.00033305
4799,0.00033305
4800,0.00033305
4801,0.00033305
4802,0.00033369
4803,0.00033369
4804,0.00033953
4805,0.00033953
4806,0.00033953
4807,0.00033953
4808,0.00033953
4809,0.00033417
4810,0.00033417
4811,0.00033425
4812,0.00033425
4813,0.00033425
4814,0.00033425
4815,0.00033425
4816,0.00033425
4817,0.00033425
4818,0.00033417
4819,0.00033417
4820,0.00033417
4821,0.00033603
4822,0.00033603
4823,0.00033417
4824,0.00033833
4825,0.00033833
4826,0.00033833
4827,0.00033419
4828,0.00033419
4829,0.00033797
4830,0.00033797
4831,0.00033797
4832,0.00033797
4833,0.00033417
4834,0.00033419
4835,0.00033418
4836,0.00033775
4837,0.00033999
4838,0.00033418
4839,0.00033252
4840,0.00033252
4841,0.00033996
4842,0.00033463
4843,0.00033463
4844,0.00033463
4845,0.00033463
4846,0.00033463
4847,0.00033999
4848,0.00033988
4849,0.00034
4850,0.00034
4851,0.00033997
4852,0.00034438
4853,0.00034438
4854,0.00034034
4855,0.00034034
4856,0.00034034
4857,0.00034034
4858,0.0003424
4859,0.00034048
4860,0.00034048
4861,0.00034048
4862,0.00034126
4863,0.00034134
4864,0.00034483
4865,0.00034483
4866,0.00034483
4867,0.00034483
4868,0.00034483
4869,0.00034144
4870,0.00034144
4871,0.00034144
4872,0.000345
4873,0.00034722
4874,0.00034722
4875,0.00034722
4876,0.00034722
4877,0.00034722
4878,0.00034688
4879,0.00034688
4880,0.00034814
4881,0.00034814
4882,0.00034703
4883,0.00035005
4884,0.00035005
4885,0.00035005
4886,0.000346
4887,0.00034998
4888,0.000346
4889,0.00034601
4890,0.000346
4891,0.000346
4892,0.000346
4893,0.000346
4894,0.00034984
4895,0.00034983
4896,0.00034983
4897,0.00034978
4898,0.00034978
4899,0.00034978
4900,0.00034963
4901,0.00034601
4902,0.00034601
4903,0.00034958
4904,0.00034957
4905,0.00034957
4906,0.00034957
4907,0.00034957
4908,0.00034957
4909,0.00034957
4910,0.000346
4911,0.000346
4912,0.00034941
4913,0.0003494
4914,0.0003494
4915,0.00034601
4916,0.000346
4917,0.000346
4918,0.000346
4919,0.000346
4920,0.000346
4921,0.00034794
4922,0.000346
4923,0.000346
4924,0.00034923
4925,0.00034923
4926,0.00034923
4927,0.00034923
4928,0.00034923
4929,0.00034923
4930,0.000346
4931,0.00034915
4932,0.00034915
4933,0.00034915
4934,0.00034915
4935,0.00034915
4936,0.00034915
4937,0.00034923
4938,0.00035005
4939,0.00035003
4940,0.00035003
4941,0.00035003
4942,0.00035006
4943,0.00035082
4944,0.00035128
4945,0.00034925
4946,0.00034925
4947,0.00035492
4948,0.00035266
4949,0.00035266
4950,0.00035543
4951,0.00035543
4952,0.00035543
4953,0.00035135
4954,0.00035632
4955,0.00035632
4956,0.00035632
4957,0.00035632
4958,0.00035632
4959,0.00035632
4960,0.00035176
4961,0.00035176
4962,0.00035182
4963,0.00035182
4964,0.00035182
4965,0.00035182
4966,0.00035182
4967,0.00035182
4968,0.00035182
4969,0.00035499
4970,0.00035497
4971,0.00035497
4972,0.00035495
4973,0.00035495
4974,0.00035495
4975,0.000352
4976,0.000352
4977,0.000352
4978,0.000352
4979,0.000352
4980,0.000352
4981,0.000352
4982,0.000352
4983,0.000352
4984,0.00035332
4985,0.00035332
4986,0.00035332
4987,0.00035209
4988,0.00035209
4989,0.0003519
4990,0.0003519
4991,0.0003519
4992,0.0003519
4993,0.0003519
4994,0.0003519
4995,0.0003519
4996,0.0003519
4997,0.0003519
4998,0.0003519
4999,0.0003519
5000,0.0003519
5001,0.0003519
5002,0.00035208
5003,0.00035209
5004,0.00035477
5005,0.00035474
5006,0.00035475
5007,0.00035475
5008,0.00035471
5009,0.00035471
5010,0.00035471
5011,0.00035471
5012,0.00035471
5013,0.00035471
5014,0.00035471
5015,0.00035471
5016,0.0003519
5017,0.0003519
5018,0.0003519
5019,0.0003519
5020,0.0003519
5021,0.0003519
5022,0.0003519
5023,0.0003519
5024,0.0003519
5025,0.00035072
5026,0.00035072
5027,0.00035414
5028,0.00035414
5029,0.00035417
5030,0.00035417
5031,0.00035417
5032,0.00035002
5033,0.0003504
5034,0.0003504
5035,0.0003504
5036,0.0003504
5037,0.0003504
5038,0.0003504
5039,0.00035041
5040,0.00035041
5041,0.00035041
5042,0.00035524
5043,0.00035524
5044,0.00035044
5045,0.00035044
5046,0.00035044
5047,0.00035044
5048,0.00035668
5049,0.00035668
5050,0.00035101
5051,0.00035101
5052,0.00035101
5053,0.0003514
5054,0.0003534
5055,0.0003534
5056,0.00035145
5057,0.00035145
5058,0.00035145
5059,0.00035145
5060,0.00035145
5061,0.00035145
5062,0.00035145
5063,0.00035347
5064,0.00035155
5065,0.00035155
5066,0.00035155
5067,0.00035348
5068,0.00035348
5069,0.00035348
5070,0.0003516
5071,0.00035162
5072,0.00035162
5073,0.00035162
5074,0.00035162
5075,0.00035327
5076,0.00035559
5077,0.00035681
5078,0.00035681
5079,0.0003583
5080,0.0003583
5081,0.0003583
5082,0.0003581
5083,0.0003581
5084,0.0003581
5085,0.0003581
5086,0.0003581
5087,0.0003581
5088,0.0003581
5089,0.00035628
5090,0.00035624
5091,0.00035629
5092,0.00035732
5093,0.00035724
5094,0.00035724
5095,0.00035724
5096,0.00035724
5097,0.00035724
5098,0.00035959
5099,0.00035959
5100,0.00035724
5101,0.00035724
5102,0.00035469
5103,0.00035433
5104,0.00035433
5105,0.000357
5106,0.000357
5107,0.00035454
5108,0.00035699
5109,0.00035699
5110,0.00035699
5111,0.000357
5112,0.000357
5113,0.00035675
5114,0.00035675
5115,0.00035675
5116,0.000357
5117,0.000357
5118,0.000357
5119,0.000357
5120,0.00035959
5121,0.00035958
5122,0.00035958
5123,0.00035958
5124,0.00035958
5125,0.00035956
5126,0.00035956
5127,0.00035956
5128,0.00035956
5129,0.00035616
5130,0.00035616
5131,0.00035616
5132,0.00035616
5133,0.00035992
5134,0.00035992
5135,0.00035992
5136,0.00035992
5137,0.00035991
5138,0.00035993
5139,0.00035993
5140,0.00035994
5141,0.00036
5142,0.0003615
5143,0.00036
5144,0.00036
5145,0.00036149
5146,0.00036149
5147,0.00036194
5148,0.00036194
5149,0.00036194
5150,0.00036194
5151,0.00036194
5152,0.00036194
5153,0.00036194
5154,0.00036194
5155,0.00036194
5156,0.00036001
5157,0.00036001
5158,0.00036001
5159,0.00036311
5160,0.00036311
5161,0.00036311
5162,0.0003631
5163,0.0003631
5164,0.0003631
5165,0.0003631
5166,0.00036
5167,0.00036
5168,0.00036
5169,0.00036
5170,0.00036311
5171,0.00036001
5172,0.00036001
5173,0.00036103
5174,0.00036311
5175,0.00036311
5176,0.00036311
5177,0.00036311
5178,0.00036311
5179,0.00036103
5180,0.00036103
5181,0.00036103
5182,0.00036094
5183,0.00036311
5184,0.00036311
5185,0.00036311
5186,0.00036311
5187,0.00036311
5188,0.00036103
5189,0.00036311
5190,0.00036311
5191,0.00036311
5192,0.00036311
5193,0.00036311
5194,0.00036311
5195,0.00036311
5196,0.00036012
5197,0.00036012
5198,0.00036012
5199,0.00036012
5200,0.00036012
5201,0.00036012
5202,0.00036012
5203,0.00036012
5204,0.00036001
5205,0.00036001
5206,0.00036001
5207,0.00036001
5208,0.00036001
5209,0.00036001
5210,0.00036001
5211,0.00036001
5212,0.00036001
5213,0.00036001
5214,0.00036001
5215,0.00036
5216,0.00036
5217,0.00036
5218,0.00036001
5219,0.00036001
5220,0.00036
5221,0.00036
5222,0.00036
5223,0.00036
5224,0.00036
5225,0.00036
5226,0.00036
5227,0.00036
5228,0.00036
5229,0.00036
5230,0.00036
5231,0.00036
5232,0.00036
5233,0.00036
5234,0.00036
5235,0.00036
5236,0.00036
5237,0.00036001
5238,0.00036001
5239,0.00036001
5240,0.00036
5241,0.00035773
5242,0.00035772
5243,0.00035772
5244,0.00035772
5245,0.00035773
5246,0.00035773
5247,0.00035781
5248,0.00035781
5249,0.00035781
5250,0.00036001
5251,0.00036001
5252,0.00036001
5253,0.00036001
5254,0.00036001
5255,0.00035787
5256,0.00035787
5257,0.00035787
5258,0.00035787
5259,0.00035787
5260,0.00035787
5261,0.00035787
5262,0.00035787
5263,0.00036001
5264,0.00035788
5265,0.00035788
5266,0.00035789
5267,0.00035789
5268,0.00035789
5269,0.00035789
5270,0.00035789
5271,0.00035789
5272,0.00035789
5273,0.00035789
5274,0.00035789
5275,0.00035789
5276,0.00035789
5277,0.00035789
5278,0.00035789
5279,0.00035999
5280,0.00035999
5281,0.00035999
5282,0.00035999
5283,0.00035999
5284,0.00035999
5285,0.00035999
5286,0.00036001
5287,0.00036001
5288,0.00036001
5289,0.00036001
5290,0.00036
5291,0.00036001
5292,0.00036001
5293,0.00036001
5294,0.00036001
5295,0.00036076
5296,0.00036002
5297,0.00036003
5298,0.00036003
5299,0.00036003
5300,0.00036311
5301,0.00036311
5302,0.00036311
5303,0.00036311
5304,0.00036311
5305,0.00036311
5306,0.00036311
5307,0.00036011
5308,0.00036311
5309,0.00036311
5310,0.00036311
5311,0.00036311
5312,0.00036311
5313,0.00036311
5314,0.00036311
5315,0.00036311
5316,0.00036311
5317,0.00036311
5318,0.00035921
5319,0.00035921
5320,0.00035921
5321,0.00035921
5322,0.00035921
5323,0.00035921
5324,0.00035921
5325,0.0003631
5326,0.0003631
5327,0.0003631
5328,0.000363
5329,0.000363
5330,0.000363
5331,0.000363
5332,0.000363
5333,0.000363
5334,0.000363
5335,0.000363
5336,0.000363
5337,0.000363
5338,0.000363
5339,0.00035951
5340,0.00035951
5341,0.00035955
5342,0.00036309
5343,0.00036309
5344,0.00036309
5345,0.00036309
5346,0.00036311
5347,0.00036311
5348,0.00036094
5349,0.00036094
5350,0.00036311
5351,0.00036311
5352,0.00036311
5353,0.00036311
5354,0.00036311
5355,0.00036311
5356,0.00036311
5357,0.00036311
5358,0.00036175
5359,0.00036176
5360,0.00036176
5361,0.00036176
5362,0.00036175
5363,0.00036175
5364,0.00036311
5365,0.00036311
5366,0.00036311
5367,0.00036311
5368,0.00036311
5369,0.00036311
5370,0.00036311
5371,0.00036311
5372,0.00036311
5373,0.00036311
5374,0.00036175
5375,0.00036175
5376,0.00036175
5377,0.00036311
5378,0.00036176
5379,0.00036176
5380,0.00036248
5381,0.00036248
5382,0.00036249
5383,0.00036492
5384,0.00036504
5385,0.00036504
5386,0.00036504
5387,0.00036504
5388,0.00036504
5389,0.00036504
5390,0.00036504
5391,0.00036504
5392,0.00036808
5393,0.00036808
5394,0.00037104
5395,0.00037048
5396,0.00036497
5397,0.00036513
5398,0.00036513
5399,0.00037015
5400,0.00037015
5401,0.00037224
5402,0.00037112
5403,0.00037219
5404,0.00037345
5405,0.00037233
5406,0.00037233
5407,0.00037233
5408,0.00037219
5409,0.00037219
5410,0.00037219
5411,0.00037219
5412,0.00036862
5413,0.00036679
5414,0.00036679
5415,0.00036679
5416,0.00037198
5417,0.00037198
5418,0.00037
5419,0.00037
5420,0.00037
5421,0.00037
5422,0.00037
5423,0.00037
5424,0.00037
5425,0.00037
5426,0.00036563
5427,0.00037197
5428,0.00037197
5429,0.00037197
5430,0.00037197
5431,0.00037105
5432,0.00037105
5433,0.00037105
5434,0.00037105
5435,0.00037105
5436,0.00037105
5437,0.00037105
5438,0.00037105
5439,0.0003705
5440,0.0003705
5441,0.0003705
5442,0.0003705
5443,0.0003705
5444,0.0003705
5445,0.00037104
5446,0.00037104
5447,0.00037104
5448,0.00037104
5449,0.00037534
5450,0.00037421
5451,0.00037421
5452,0.00037421
5453,0.00037526
5454,0.00037526
5455,0.00037421
5456,0.00037387
5457,0.00037387
5458,0.00037387
5459,0.00037387
5460,0.00037387
5461,0.00037387
5462,0.00037387
5463,0.00037387
5464,0.00037387
5465,0.000372
5466,0.000372
5467,0.000372
5468,0.00037201
5469,0.000375
5470,0.000375
5471,0.00037699
5472,0.00037586
5473,0.00037586
5474,0.00037582
5475,0.00037398
5476,0.00037397
5477,0.00037397
5478,0.0003758
5479,0.0003758
5480,0.00037211
5481,0.0003758
5482,0.0003758
5483,0.0003758
5484,0.0003758
5485,0.0003758
5486,0.00037214
5487,0.00037214
5488,0.00037214
5489,0.00037214
5490,0.00037636
5491,0.00037636
5492,0.00037636
5493,0.00037636
5494,0.00037636
5495,0.00037636
5496,0.0003756
5497,0.00037026
5498,0.00037026
5499,0.0003703
5500,0.00037399
5501,0.00037399
5502,0.00037399
5503,0.0003704
5504,0.00037039
5505,0.00037039
5506,0.00037039
5507,0.00037038
5508,0.00037039
5509,0.00037039
5510,0.00037399
5511,0.00037399
5512,0.00036745
5513,0.00036745
5514,0.00036745
5515,0.00037268
5516,0.0003735
5517,0.00037268
5518,0.00037268
5519,0.00037268
5520,0.00037268
5521,0.00037243
5522,0.00037243
5523,0.00037243
5524,0.00037243
5525,0.00037243
5526,0.00037243
5527,0.00037004
5528,0.00037004
5529,0.000371
5530,0.00037101
5531,0.00037101
5532,0.00037101
5533,0.00037101
5534,0.00037101
5535,0.00037101
5536,0.00037101
5537,0.00037101
5538,0.00037101
5539,0.00037101
5540,0.00037268
5541,0.00037268
5542,0.00037266
5543,0.00037264
5544,0.00037262
5545,0.00037261
5546,0.00036522
5547,0.00037257
5548,0.00037257
5549,0.00037257
5550,0.00037257
5551,0.00037257
5552,0.00037257
5553,0.00037262
5554,0.00037262
5555,0.00037262
5556,0.000372
5557,0.000372
5558,0.000372
5559,0.00036941
5560,0.000372
5561,0.000372
5562,0.000372
5563,0.00036601
5564,0.00037189
5565,0.00037189
5566,0.00037189
5567,0.00037189
5568,0.00037189
5569,0.00037189
5570,0.00037154
5571,0.00037154
5572,0.00037154
5573,0.00037135
5574,0.00037135
5575,0.00036758
5576,0.00036758
5577,0.00037115
5578,0.00037115
5579,0.00037115
5580,0.00037106
5581,0.00037198
5582,0.00037198
5583,0.00036792
5584,0.00036589
5585,0.00036598
5586,0.00036606
5587,0.00036606
5588,0.00036606
5589,0.00037163
5590,0.00037
5591,0.00037
5592,0.00037
5593,0.00037
5594,0.00037
5595,0.00037
5596,0.00037
5597,0.00037
5598,0.00037
5599,0.00037
5600,0.00037
5601,0.00037099
5602,0.00037099
5603,0.00036836
5604,0.00036556
5605,0.00036556
5606,0.00036556
5607,0.00036556
5608,0.00036666
5609,0.000366
5610,0.000366
5611,0.000366
5612,0.00036606
5613,0.00036606
5614,0.00036606
5615,0.00037187
5616,0.00036618
5617,0.00036618
5618,0.00036618
5619,0.00036618
5620,0.00036618
5621,0.00036618
5622,0.00036618
5623,0.00036705
5624,0.00036705
5625,0.00036706
5626,0.00036706
5627,0.00036706
5628,0.00036706
5629,0.00037004
5630,0.00037005
5631,0.00037005
5632,0.0003707
5633,0.0003707
5634,0.00037029
5635,0.00036602
5636,0.00036602
5637,0.0003696
5638,0.00036526
5639,0.00036526
5640,0.00036526
5641,0.00036526
5642,0.00036526
5643,0.00036526
5644,0.00036526
5645,0.00036526
5646,0.00036526
5647,0.00036526
5648,0.00036602
5649,0.00036781
5650,0.00036594
5651,0.00036594
5652,0.00036594
5653,0.00036594
5654,0.00036594
5655,0.00036594
5656,0.00036594
5657,0.00036594
5658,0.00036594
5659,0.00036594
5660,0.00036594
5661,0.00036594
5662,0.00036594
5663,0.00036515
5664,0.00036515
5665,0.00036515
5666,0.00036515
5667,0.00036515
5668,0.00036515
5669,0.00036516
5670,0.00036473
5671,0.00036473
5672,0.00036473
5673,0.00036461
5674,0.00036461
5675,0.00036504
5676,0.00036443
5677,0.00036291
5678,0.00036309
5679,0.000363
5680,0.000363
5681,0.000363
5682,0.00036153
5683,0.00036153
5684,0.00036153
5685,0.00036153
5686,0.00036106
5687,0.00036106
5688,0.00036106
5689,0.00036106
5690,0.00036106
5691,0.00036106
5692,0.00036106
5693,0.00036106
5694,0.00036106
5695,0.00036106
5696,0.00036106
5697,0.00036106
5698,0.00036106
5699,0.00036106
5700,0.00036134
5701,0.00036134
5702,0.00036134
5703,0.00036239
5704,0.00036239
5705,0.00036239
5706,0.00036239
5707,0.00036239
5708,0.00036239
5709,0.00036239
5710,0.00036239
5711,0.00036239
5712,0.00036239
5713,0.00036239
5714,0.00036239
5715,0.00036239
5716,0.00036239
5717,0.00036239
5718,0.00036239
5719,0.00036239
5720,0.00036239
5721,0.00036134
5722,0.00036134
5723,0.00036125
5724,0.0003619
5725,0.00036128
5726,0.00036128
5727,0.00036128
5728,0.00036128
5729,0.00036128
5730,0.00036128
5731,0.00036128
5732,0.00036259
5733,0.00036259
5734,0.0003626
5735,0.00036259
5736,0.00036259
5737,0.00036706
5738,0.00036706
5739,0.00036706
5740,0.00036706
5741,0.00036706
5742,0.00036463
5743,0.00036463
5744,0.00036463
5745,0.00036463
5746,0.00036463
5747,0.00036463
5748,0.00036463
5749,0.00036463
5750,0.00036463
5751,0.0003619
5752,0.0003619
5753,0.0003619
5754,0.0003619
5755,0.0003619
5756,0.0003619
5757,0.0003619
5758,0.0003619
5759,0.0003619
5760,0.0003619
5761,0.0003619
5762,0.0003619
5763,0.0003619
5764,0.00036167
5765,0.00036167
5766,0.00036691
5767,0.00036691
5768,0.00036691
5769,0.00036691
5770,0.00036691
5771,0.00036691
5772,0.00036691
5773,0.00036691
5774,0.00036691
5775,0.00036691
5776,0.00036691
5777,0.00036691
5778,0.00036559
5779,0.00036559
5780,0.00036559
5781,0.00036559
5782,0.00036559
5783,0.00036559
5784,0.00036559
5785,0.00036512
5786,0.00036512
5787,0.00036512
5788,0.00036495
5789,0.00036195
5790,0.00036195
5791,0.00036195
5792,0.00036474
5793,0.00036474
5794,0.00036512
5795,0.00036293
5796,0.00036293
5797,0.00036293
5798,0.00036293
5799,0.00036293
5800,0.00036585
5801,0.00036585
5802,0.0003658
5803,0.0003658
5804,0.0003658
5805,0.0003658
5806,0.0003658
5807,0.0003658
5808,0.00036474
5809,0.00036474
5810,0.00036474
5811,0.00036561
5812,0.00036561
5813,0.00036561
5814,0.00036549
5815,0.00036549
5816,0.00036542
5817,0.00036542
5818,0.00036542
5819,0.00036542
5820,0.00036542
5821,0.00036542
5822,0.00036542
5823,0.00036542
5824,0.00036542
5825,0.00036545
5826,0.00036545
5827,0.00036545
5828,0.00036545
5829,0.00036474
5830,0.00036474
5831,0.00036545
5832,0.00036545
5833,0.00036545
5834,0.00036545
5835,0.00036545
5836,0.00036545
5837,0.00036545
5838,0.00036542
5839,0.00036543
5840,0.00036543
5841,0.00036543
5842,0.00036543
5843,0.00036543
5844,0.00036543
5845,0.00036739
5846,0.00036739
5847,0.00036739
5848,0.00036739
5849,0.00036739
5850,0.00036739
5851,0.00036371
5852,0.00036688
5853,0.00036688
5854,0.00036688
5855,0.00036688
5856,0.00036378
5857,0.00036378
5858,0.00036378
5859,0.00036378
5860,0.00036378
5861,0.00036671
5862,0.00036671
5863,0.00036671
5864,0.00036671
5865,0.00036671
5866,0.00036594
5867,0.00036594
5868,0.00036593
5869,0.00036593
5870,0.00036593
5871,0.00036593
5872,0.00036593
5873,0.00036593
5874,0.00036593
5875,0.00036378
5876,0.00036378
5877,0.00036259
5878,0.00036259
5879,0.00036259
5880,0.00036259
5881,0.00036259
5882,0.00036259
5883,0.00036259
5884,0.00036259
5885,0.00036259
5886,0.00036259
5887,0.00036259
5888,0.00036259
5889,0.00036259
5890,0.00036391
5891,0.00036391
5892,0.00036391
5893,0.00036391
5894,0.00036346
5895,0.00036346
5896,0.00036346
5897,0.00036346
5898,0.00036346
5899,0.00036346
5900,0.00036346
5901,0.00036347
5902,0.00036345
5903,0.00036345
5904,0.00036345
5905,0.00036345
5906,0.00036452
5907,0.00036452
5908,0.00036452
5909,0.00036452
5910,0.00036452
5911,0.00036452
5912,0.00036452
5913,0.00036452
5914,0.00036452
5915,0.00036452
5916,0.00036452
5917,0.00036693
5918,0.00036453
5919,0.00036453
5920,0.00036453
5921,0.00036453
5922,0.00036453
5923,0.00036453
5924,0.00036453
5925,0.00035946
5926,0.00035946
5927,0.00035946
5928,0.00036518
5929,0.00036518
5930,0.00036261
5931,0.000365
5932,0.000365
5933,0.000365
5934,0.000365
5935,0.00035945
5936,0.00035945
5937,0.00035945
5938,0.00036452
5939,0.00036452
5940,0.00036452
5941,0.00036438
5942,0.00036438
5943,0.00036438
5944,0.00036426
5945,0.00036426
5946,0.00036426
5947,0.00036426
5948,0.00036426
5949,0.00036426
5950,0.00036426
5951,0.00036426
5952,0.00036426
5953,0.00036426
5954,0.00036426
5955,0.00036426
5956,0.00036426
5957,0.00036426
5958,0.00036426
5959,0.00036426
5960,0.00036426
5961,0.00036426
5962,0.00036426
5963,0.00035944
5964,0.00035944
5965,0.00035944
5966,0.00035944
5967,0.00035944
5968,0.00035944
5969,0.00035944
5970,0.00035944
5971,0.00036307
5972,0.00036307
5973,0.00036307
5974,0.00036307
5975,0.00036307
5976,0.00036307
5977,0.00036307
5978,0.00036307
5979,0.00036307
5980,0.00036307
5981,0.00036307
5982,0.00036747
5983,0.0003638
5984,0.00036198
5985,0.00036198
5986,0.00036122
5987,0.00036122
5988,0.00036627
5989,0.00036627
5990,0.00036625
5991,0.00036625
5992,0.00036621
5993,0.00036621
5994,0.00036621
5995,0.00036621
5996,0.00036621
5997,0.00036621
5998,0.00036618
5999,0.00036618
6000,0.00036618
6001,0.00036618
6002,0.0003596
6003,0.0003596
6004,0.0003596
6005,0.0003596
6006,0.0003596
6007,0.0003596
6008,0.0003596
6009,0.0003596
6010,0.00036001
6011,0.00036001
6012,0.00035943
6013,0.000359
6014,0.00036491
6015,0.00036491
6016,0.00036486
6017,0.00035841
6018,0.00035841
6019,0.00035841
6020,0.00036373
6021,0.00036373
6022,0.00035661
6023,0.00035661
6024,0.00035661
6025,0.00035953
6026,0.00035671
6027,0.00035671
6028,0.00035671
6029,0.00035671
6030,0.00035708
6031,0.00035658
6032,0.00035708
6033,0.00035708
6034,0.00035708
6035,0.0003537
6036,0.0003537
6037,0.0003537
6038,0.00035702
6039,0.00035702
6040,0.00035673
6041,0.00035673
6042,0.00035673
6043,0.00035645
6044,0.00035001
6045,0.00035001
6046,0.00035316
6047,0.00035164
6048,0.00035593
6049,0.00035593
6050,0.00035593
6051,0.00035593
6052,0.00035167
6053,0.00035552
6054,0.00035552
6055,0.00035173
6056,0.00035173
6057,0.00035173
6058,0.00035173
6059,0.00035173
6060,0.00035526
6061,0.00035522
6062,0.00035007
6063,0.00035007
6064,0.00035013
6065,0.0003551
6066,0.0003551
6067,0.0003551
6068,0.0003551
6069,0.0003551
6070,0.00035081
6071,0.00035081
6072,0.00035081
6073,0.00035081
6074,0.00035081
6075,0.00035362
6076,0.00035362
6077,0.00035362
6078,0.00035362
6079,0.00035362
6080,0.00035362
6081,0.00035362
6082,0.00035361
6083,0.00035362
6084,0.00035362
6085,0.00035362
6086,0.00035362
6087,0.00035362
6088,0.00035362
6089,0.00035362
6090,0.00035362
6091,0.00035362
6092,0.00035205
6093,0.00035205
6094,0.00035205
6095,0.00035205
6096,0.00035205
6097,0.0003509
6098,0.0003509
6099,0.0003537
6100,0.0003537
6101,0.00035309
6102,0.00035081
6103,0.00035081
6104,0.00035081
6105,0.00035081
6106,0.00035081
6107,0.00035081
6108,0.00035081
6109,0.00035081
6110,0.00035081
6111,0.00035337
6112,0.00035302
6113,0.00035302
6114,0.00035302
6115,0.00035302
6116,0.00035302
6117,0.00035302
6118,0.00035302
6119,0.00035302
6120,0.00035302
6121,0.00035302
6122,0.00035302
6123,0.00035302
6124,0.00035302
6125,0.00035302
6126,0.00035302
6127,0.00035258
6128,0.00035258
6129,0.00035258
6130,0.00035258
6131,0.00035662
6132,0.00035662
6133,0.00035662
6134,0.00035212
6135,0.00035082
6136,0.00035082
6137,0.00035082
6138,0.00035082
6139,0.00035082
6140,0.00035433
6141,0.00035433
6142,0.00035433
6143,0.00035433
6144,0.00035433
6145,0.00035844
6146,0.00035469
6147,0.00035469
6148,0.00035469
6149,0.00035469
6150,0.00035469
6151,0.00035477
6152,0.0003548
6153,0.0003548
6154,0.0003548
6155,0.0003548
6156,0.00035959
6157,0.00035959
6158,0.00035959
6159,0.00035636
6160,0.00035637
6161,0.00035637
6162,0.00035637
6163,0.00035637
6164,0.00035639
6165,0.00035728
6166,0.00035728
6167,0.00035728
6168,0.00035728
6169,0.00035728
6170,0.00035728
6171,0.00035728
6172,0.00035728
6173,0.00035944
6174,0.00035944
6175,0.00035926
6176,0.00035926
6177,0.00035926
6178,0.00035926
6179,0.00035926
6180,0.00035926
6181,0.00035926
6182,0.00035925
6183,0.00035922
6184,0.00035922
6185,0.00035922
6186,0.00035922
6187,0.00035922
6188,0.00035922
6189,0.00035922
6190,0.00035904
6191,0.00035904
6192,0.00035904
6193,0.00035904
6194,0.00035904
6195,0.00035904
6196,0.00035885
6197,0.00035887
6198,0.00035886
6199,0.00035885
6200,0.00035842
6201,0.00035854
6202,0.00035854
6203,0.00035833
6204,0.00035833
6205,0.00035833
6206,0.00035833
6207,0.00035833
6208,0.00035833
6209,0.00035827
6210,0.00035827
6211,0.00035827
6212,0.00035832
6213,0.00035832
6214,0.0003583
6215,0.00035827
6216,0.00035804
6217,0.00035804
6218,0.00035804
6219,0.0003583
6220,0.0003583
6221,0.0003583
6222,0.00035775
6223,0.00035567
6224,0.00035802
6225,0.00035802
6226,0.00035802
6227,0.00035675
6228,0.00035675
6229,0.00035675
6230,0.00035675
6231,0.00035675
6232,0.00035675
6233,0.00035675
6234,0.00035675
6235,0.00035675
6236,0.00035675
6237,0.00035675
6238,0.00035675
6239,0.00035675
6240,0.00035675
6241,0.00035675
6242,0.00035675
6243,0.00035675
6244,0.00035675
6245,0.00035675
6246,0.00035762
6247,0.00035763
6248,0.00035763
6249,0.00035763
6250,0.00035763
6251,0.00035763
6252,0.00035763
6253,0.00035832
6254,0.00035832
6255,0.00035832
6256,0.00035832
6257,0.00035832
6258,0.00035832
6259,0.00035832
6260,0.00035832
6261,0.00035832
6262,0.00035763
6263,0.00035762
6264,0.00035762
6265,0.00035714
6266,0.00035714
6267,0.00035714
6268,0.00035714
6269,0.00035714
6270,0.00035736
6271,0.00035736
6272,0.00035736
6273,0.00035714
