0,0.00065605
1,0.00065605
2,0.00065605
3,0.00065605
4,0.00065605
5,0.00065605
6,0.00065605
7,0.00065605
8,0.00065605
9,0.00065605
10,0.00065605
11,0.00065605
12,0.00065605
13,0.00065605
14,0.00065
15,0.00065
16,0.00065
17,0.00065538
18,0.00065538
19,0.00065538
20,0.00065538
21,0.00065538
22,0.00065538
23,0.00065538
24,0.00065607
25,0.00065607
26,0.00065607
27,0.00065604
28,0.00065538
29,0.00065004
30,0.00065004
31,0.00065004
32,0.00065004
33,0.00065004
34,0.00065004
35,0.00065004
36,0.00065004
37,0.00065004
38,0.00065004
39,0.00065004
40,0.00065004
41,0.00065004
42,0.00065004
43,0.00065004
44,0.00065004
45,0.00065004
46,0.00065004
47,0.00065004
48,0.00065541
49,0.00065541
50,0.00065541
51,0.00065541
52,0.00065541
53,0.00065541
54,0.00065566
55,0.00065566
56,0.00065566
57,0.00065566
58,0.00065556
59,0.00065556
60,0.00065556
61,0.00065556
62,0.00065556
63,0.00065556
64,0.00065556
65,0.00065556
66,0.00065556
67,0.000651
68,0.000651
69,0.00065607
70,0.00065607
71,0.00065607
72,0.00065607
73,0.00065607
74,0.00065598
75,0.00065598
76,0.00065598
77,0.00065598
78,0.00065598
79,0.00065598
80,0.00065598
81,0.00065598
82,0.00065598
83,0.00065598
84,0.00065598
85,0.00065598
86,0.00065789
87,0.00065789
88,0.00064799
89,0.00064799
90,0.00062837
91,0.00062851
92,0.00064797
93,0.00064797
94,0.00064797
95,0.00064793
96,0.00064793
97,0.00064793
98,0.00064788
99,0.00064788
100,0.00064798
101,0.00064798
102,0.00064798
103,0.00064798
104,0.00064785
105,0.00064785
106,0.00064778
107,0.00064798
108,0.00064798
109,0.00064798
110,0.00064798
111,0.00064799
112,0.00064799
113,0.00064799
114,0.00064799
115,0.00064799
116,0.00064799
117,0.00064799
118,0.00064799
119,0.00064799
120,0.00064799
121,0.00064799
122,0.00064799
123,0.00064799
124,0.00064799
125,0.00064799
126,0.00063926
127,0.00063926
128,0.00063926
129,0.00063926
130,0.00063926
131,0.00063924
132,0.00063924
133,0.00063924
134,0.00063926
135,0.00063926
136,0.00063926
137,0.00063925
138,0.00063925
139,0.00063926
140,0.00063926
141,0.00063926
142,0.00063926
143,0.00063926
144,0.00063926
145,0.00063926
146,0.00063926
147,0.00063926
148,0.00063926
149,0.00063926
150,0.00063926
151,0.00063926
152,0.00063926
153,0.00063926
154,0.00063926
155,0.00063926
156,0.00063926
157,0.00063926
158,0.00063926
159,0.00063926
160,0.00063926
161,0.00063926
162,0.00063926
163,0.00063926
164,0.00063926
165,0.00063926
166,0.00063926
167,0.00063926
168,0.00064288
169,0.00064288
170,0.00064288
171,0.00064288
172,0.00064273
173,0.00064273
174,0.00064273
175,0.00064273
176,0.00064273
177,0.00064273
178,0.00064273
179,0.00064273
180,0.00064273
181,0.00064273
182,0.00064273
183,0.00064273
184,0.00064273
185,0.00064273
186,0.00064273
187,0.00064273
188,0.00064273
189,0.00064273
190,0.00064273
191,0.00064273
192,0.00064273
193,0.00064273
194,0.00064273
195,0.00064273
196,0.00064273
197,0.00064273
198,0.00064273
199,0.00064273
200,0.00064273
201,0.00064273
202,0.00064273
203,0.00064273
204,0.00064273
205,0.00064273
206,0.00064273
207,0.00064273
208,0.00064273
209,0.00064273
210,0.00064273
211,0.00064273
212,0.00064273
213,0.00064273
214,0.00064273
215,0.00064273
216,0.00064273
217,0.00064273
218,0.00064273
219,0.00064273
220,0.00064273
221,0.00064273
222,0.00064348
223,0.00064348
224,0.00064348
225,0.00064348
226,0.00064348
227,0.00064348
228,0.00064348
229,0.00064348
230,0.00064348
231,0.00064348
232,0.00064348
233,0.00064348
234,0.0006435
235,0.0006435
236,0.0006435
237,0.0006435
238,0.0006435
239,0.0006435
240,0.00063884
241,0.00063884
242,0.00063884
243,0.00063884
244,0.00063884
245,0.00063884
246,0.00063884
247,0.00063884
248,0.00064004
249,0.00064004
250,0.00064004
251,0.00064004
252,0.0006435
253,0.0006435
254,0.0006435
255,0.0006435
256,0.0006435
257,0.0006435
258,0.0006435
259,0.0006435
260,0.0006435
261,0.0006435
262,0.0006435
263,0.0006435
264,0.0006435
265,0.0006435
266,0.0006435
267,0.0006435
268,0.0006435
269,0.0006435
270,0.0006435
271,0.0006435
272,0.0006435
273,0.0006435
274,0.0006435
275,0.0006435
276,0.00064799
277,0.00064799
278,0.00064799
279,0.00064799
280,0.00064799
281,0.00065115
282,0.00065115
283,0.00065115
284,0.00065108
285,0.00065108
286,0.00065108
287,0.00065108
288,0.00065108
289,0.00065108
290,0.00065108
291,0.00065115
292,0.00065115
293,0.00065115
294,0.00065115
295,0.00065115
296,0.00065115
297,0.00065115
298,0.00065108
299,0.00065108
300,0.00065108
301,0.00065108
302,0.00065108
303,0.00065108
304,0.00065108
305,0.00065108
306,0.00065108
307,0.00065108
308,0.00065108
309,0.00065108
310,0.00065108
311,0.00065108
312,0.00065108
313,0.00065108
314,0.00065108
315,0.00065108
316,0.00065108
317,0.00065108
318,0.00065108
319,0.00065108
320,0.00065108
321,0.00065108
322,0.00065108
323,0.00065108
324,0.00065108
325,0.00065108
326,0.00065108
327,0.00065108
328,0.00065108
329,0.00065108
330,0.00065108
331,0.00065108
332,0.00065108
333,0.00065108
334,0.00065108
335,0.00065108
336,0.00065108
337,0.00065108
338,0.00065108
339,0.00065108
340,0.00065108
341,0.0006435
342,0.0006435
343,0.0006435
344,0.0006435
345,0.0006435
346,0.0006435
347,0.0006435
348,0.0006435
349,0.0006435
350,0.0006435
351,0.00064979
352,0.00064979
353,0.00064979
354,0.00064979
355,0.00064979
356,0.00064979
357,0.00064979
358,0.00064979
359,0.00064979
360,0.00064979
361,0.00064979
362,0.00064979
363,0.00064979
364,0.00064979
365,0.00064979
366,0.00064979
367,0.00064979
368,0.00064979
369,0.00064979
370,0.00064979
371,0.00064426
372,0.00064426
373,0.00064426
374,0.00064426
375,0.00064426
376,0.00064426
377,0.00064426
378,0.00064426
379,0.00064426
380,0.00064426
381,0.00064426
382,0.00064426
383,0.00064426
384,0.00064426
385,0.00064426
386,0.00064426
387,0.00064426
388,0.00064426
389,0.00064426
390,0.00064426
391,0.00064426
392,0.00064426
393,0.00064426
394,0.00064426
395,0.00064426
396,0.00064426
397,0.00064426
398,0.0006436
399,0.0006436
400,0.0006436
401,0.00063333
402,0.00063968
403,0.0006396
404,0.00064978
405,0.00064978
406,0.00064978
407,0.00064978
408,0.00064978
409,0.00064978
410,0.00064966
411,0.00064966
412,0.00064966
413,0.00064966
414,0.00064966
415,0.00064966
416,0.00064966
417,0.00064966
418,0.00064966
419,0.00064966
420,0.00064966
421,0.00064966
422,0.00064966
423,0.00064871
424,0.00064871
425,0.00064871
426,0.00064871
427,0.00064871
428,0.00063793
429,0.00063793
430,0.00063793
431,0.00063793
432,0.00063821
433,0.00063821
434,0.00063821
435,0.00063821
436,0.00063821
437,0.00063821
438,0.00063821
439,0.00063821
440,0.00063821
441,0.00063821
442,0.00063821
443,0.00063821
444,0.00063821
445,0.00063821
446,0.00063821
447,0.00063821
448,0.00063821
449,0.00063821
450,0.00063821
451,0.00063821
452,0.00063821
453,0.00064722
454,0.00064722
455,0.00064722
456,0.00064706
457,0.00064706
458,0.00064706
459,0.00064706
460,0.00064706
461,0.00064706
462,0.00064706
463,0.00064706
464,0.00064706
465,0.00064706
466,0.00064706
467,0.00064706
468,0.00064706
469,0.00064706
470,0.00064706
471,0.00064706
472,0.00064706
473,0.00064706
474,0.00064706
475,0.00064706
476,0.00064706
477,0.00064706
478,0.00064706
479,0.00064706
480,0.00064706
481,0.00064706
482,0.00064633
483,0.00064633
484,0.00064633
485,0.00064633
486,0.00064633
487,0.00064633
488,0.00064633
489,0.00064635
490,0.00064611
491,0.00064611
492,0.00064611
493,0.00064611
494,0.00064611
495,0.00064611
496,0.00064611
497,0.00064611
498,0.00064611
499,0.00064611
500,0.00064611
501,0.00064611
502,0.00064611
503,0.00064611
504,0.00064611
505,0.00064611
506,0.00064611
507,0.00064611
508,0.00064611
509,0.00064611
510,0.00064611
511,0.00064611
512,0.00064611
513,0.00064611
514,0.00064611
515,0.00064611
516,0.00064611
517,0.00064611
518,0.00064611
519,0.00064543
520,0.00064543
521,0.00064543
522,0.00064543
523,0.00064543
524,0.00064543
525,0.00064543
526,0.00064543
527,0.00064543
528,0.000646
529,0.000646
530,0.000646
531,0.000646
532,0.000646
533,0.000646
534,0.0006459
535,0.0006459
536,0.0006459
537,0.0006459
538,0.0006459
539,0.0006459
540,0.00064614
541,0.00064614
542,0.00064614
543,0.00064614
544,0.00064614
545,0.00064614
546,0.00064614
547,0.00064614
548,0.00064614
549,0.00064614
550,0.00064614
551,0.0006464
552,0.0006464
553,0.0006464
554,0.0006464
555,0.0006464
556,0.0006464
557,0.0006464
558,0.0006464
559,0.0006464
560,0.0006464
561,0.0006464
562,0.0006464
563,0.0006464
564,0.0006464
565,0.0006464
566,0.0006464
567,0.0006464
568,0.0006464
569,0.0006464
570,0.0006464
571,0.0006464
572,0.0006464
573,0.0006464
574,0.0006464
575,0.0006464
576,0.0006464
577,0.0006464
578,0.0006464
579,0.0006464
580,0.0006464
581,0.0006464
582,0.0006464
583,0.0006464
584,0.0006464
585,0.0006464
586,0.0006464
587,0.00064136
588,0.00064136
589,0.00064136
590,0.00064136
591,0.00064136
592,0.00064136
593,0.00064136
594,0.00064136
595,0.00064136
596,0.00064136
597,0.00064136
598,0.00064136
599,0.00064136
600,0.00064136
601,0.00064136
602,0.00064136
603,0.00064136
604,0.00064136
605,0.00064142
606,0.00064142
607,0.00064142
608,0.00063994
609,0.00063994
610,0.00063994
611,0.00063994
612,0.00063512
613,0.00063512
614,0.00063512
615,0.00063512
616,0.00063511
617,0.00063511
618,0.00063881
619,0.00064085
620,0.00064085
621,0.00063512
622,0.00063512
623,0.00063512
624,0.00063512
625,0.00063512
626,0.00063512
627,0.00064085
628,0.00064085
629,0.00064085
630,0.00064085
631,0.00064142
632,0.00064142
633,0.00064142
634,0.00064142
635,0.00064142
636,0.00064142
637,0.00064142
638,0.00064142
639,0.00064142
640,0.00064142
641,0.00064142
642,0.00064142
643,0.00064142
644,0.00064142
645,0.00064142
646,0.00064142
647,0.00064142
648,0.00064142
649,0.00064142
650,0.00064142
651,0.00064142
652,0.00064142
653,0.00064142
654,0.00064142
655,0.00064142
656,0.00064142
657,0.00064142
658,0.00064142
659,0.00064142
660,0.00064142
661,0.00064142
662,0.00064142
663,0.00064142
664,0.00064142
665,0.00064142
666,0.00064142
667,0.00064142
668,0.00064142
669,0.00064142
670,0.00064142
671,0.00064142
672,0.00064142
673,0.000647
674,0.000647
675,0.000647
676,0.000647
677,0.000647
678,0.00063763
679,0.00063763
680,0.00063763
681,0.00063763
682,0.00063763
683,0.00063763
684,0.00063763
685,0.00063763
686,0.00063763
687,0.00063763
688,0.00063763
689,0.00063763
690,0.00063763
691,0.00063763
692,0.00063763
693,0.00063763
694,0.00063763
695,0.00063763
696,0.00063763
697,0.00063763
698,0.00063763
699,0.00063832
700,0.00063832
701,0.00063832
702,0.00063832
703,0.00063832
704,0.00063832
705,0.00063832
706,0.00063534
707,0.00063534
708,0.00063534
709,0.00063534
710,0.00063534
711,0.00063534
712,0.00063534
713,0.00063832
714,0.00062868
715,0.0006334
716,0.0006334
717,0.0006334
718,0.00063911
719,0.00063911
720,0.00063911
721,0.00063911
722,0.00063911
723,0.00063879
724,0.00063879
725,0.00063879
726,0.00063912
727,0.00063912
728,0.00064136
729,0.00064136
730,0.00064136
731,0.00064136
732,0.00064136
733,0.00064136
734,0.00064136
735,0.00064136
736,0.00064136
737,0.00064136
738,0.00064136
739,0.00064136
740,0.00064136
741,0.00064136
742,0.00064136
743,0.00064136
744,0.00064136
745,0.00064136
746,0.00064136
747,0.00064136
748,0.00064136
749,0.00064136
750,0.00064136
751,0.00064136
752,0.00064136
753,0.00064136
754,0.00064136
755,0.00064136
756,0.00064136
757,0.00064136
758,0.00064136
759,0.00064136
760,0.00064136
761,0.00064136
762,0.00064136
763,0.00064136
764,0.00063511
765,0.00063511
766,0.00063511
767,0.00063511
768,0.00063511
769,0.00063511
770,0.00063511
771,0.00063511
772,0.00063511
773,0.00063511
774,0.00063511
775,0.00063511
776,0.00063511
777,0.00063511
778,0.00063511
779,0.00064302
780,0.00064302
781,0.00064302
782,0.00064302
783,0.00064302
784,0.00064302
785,0.00064302
786,0.00064302
787,0.00064302
788,0.00064302
789,0.00064302
790,0.00064302
791,0.00064302
792,0.00064302
793,0.00064302
794,0.00064302
795,0.00064302
796,0.00064302
797,0.00064302
798,0.00064302
799,0.00064302
800,0.00064302
801,0.00064302
802,0.00064302
803,0.00064302
804,0.00064302
805,0.00064302
806,0.00064302
807,0.00064302
808,0.00064302
809,0.00064302
810,0.00064302
811,0.00064302
812,0.00064302
813,0.00064302
814,0.00064302
815,0.00064196
816,0.00064196
817,0.00064196
818,0.00064196
819,0.00064196
820,0.00064196
821,0.00064196
822,0.00064181
823,0.00064176
824,0.00064176
825,0.00064176
826,0.00064176
827,0.00064176
828,0.00064176
829,0.00064176
830,0.00064165
831,0.00064165
832,0.00064165
833,0.00064165
834,0.00064165
835,0.00064415
836,0.00064415
837,0.00064415
838,0.00064415
839,0.00064406
840,0.00064406
841,0.00064406
842,0.00064406
843,0.00064406
844,0.00063704
845,0.00063704
846,0.00063704
847,0.00063704
848,0.00063704
849,0.00063704
850,0.00063704
851,0.00063704
852,0.00063704
853,0.00064419
854,0.00064419
855,0.00064419
856,0.00064419
857,0.00064419
858,0.00064419
859,0.00064419
860,0.00064419
861,0.00064419
862,0.00064419
863,0.00064419
864,0.00064419
865,0.00064419
866,0.00064419
867,0.00064289
868,0.00064289
869,0.00064289
870,0.00064289
871,0.00064289
872,0.00063012
873,0.00063012
874,0.00063012
875,0.00063012
876,0.00063022
877,0.00063022
878,0.00063022
879,0.00063024
880,0.00063024
881,0.00063024
882,0.00063024
883,0.00063024
884,0.00063025
885,0.00063025
886,0.00063025
887,0.00064236
888,0.00064236
889,0.00064236
890,0.00064236
891,0.00064236
892,0.00064236
893,0.00064236
894,0.00064236
895,0.00064236
896,0.00064184
897,0.00064184
898,0.00064184
899,0.00064184
900,0.00064184
901,0.00064184
902,0.00064184
903,0.00064184
904,0.00064184
905,0.00064184
906,0.00064184
907,0.00063678
908,0.00063678
909,0.00063678
910,0.00063678
911,0.00063678
912,0.00063678
913,0.00063678
914,0.00063678
915,0.00063678
916,0.00063678
917,0.00063678
918,0.00063678
919,0.00063646
920,0.00064256
921,0.00064256
922,0.00064256
923,0.00064252
924,0.00064252
925,0.00064252
926,0.00064252
927,0.00064252
928,0.00064252
929,0.00063088
930,0.00063088
931,0.00063088
932,0.00063088
933,0.00063088
934,0.00063088
935,0.0006423
936,0.0006423
937,0.0006423
938,0.0006423
939,0.0006423
940,0.0006423
941,0.0006423
942,0.0006423
943,0.0006423
944,0.0006423
945,0.0006423
946,0.0006423
947,0.0006423
948,0.0006423
949,0.0006423
950,0.00063158
951,0.00063158
952,0.00063158
953,0.00063158
954,0.00063158
955,0.00063158
956,0.00063158
957,0.00063158
958,0.00063158
959,0.00063158
960,0.00063158
961,0.00063158
962,0.00063158
963,0.00063158
964,0.00063158
965,0.00063158
966,0.00063158
967,0.00063158
968,0.00063158
969,0.00063759
970,0.00063759
971,0.00063759
972,0.00063759
973,0.00063759
974,0.00062501
975,0.00062501
976,0.00062501
977,0.00062501
978,0.00062501
979,0.00063723
980,0.00063723
981,0.00063723
982,0.00063723
983,0.00063723
984,0.00063723
985,0.00063723
986,0.00063723
987,0.00063723
988,0.00063723
989,0.00063723
990,0.00063723
991,0.00063723
992,0.00063723
993,0.00063723
994,0.00063723
995,0.00063723
996,0.00063723
997,0.00062561
998,0.00062561
999,0.00062561
1000,0.00062561
1001,0.00062561
1002,0.00062561
1003,0.00062561
1004,0.00062561
1005,0.00062561
1006,0.00063629
1007,0.00063628
1008,0.00063628
1009,0.00063628
1010,0.00063628
1011,0.00063628
1012,0.00063628
1013,0.00063628
1014,0.00063628
1015,0.00063628
1016,0.00063628
1017,0.00063628
1018,0.00063628
1019,0.00063628
1020,0.00063628
1021,0.00063628
1022,0.00063628
1023,0.00063628
1024,0.00063628
1025,0.00063628
1026,0.00063628
1027,0.00063628
1028,0.00063628
1029,0.00063628
1030,0.00063628
1031,0.00063628
1032,0.00063628
1033,0.00063628
1034,0.00063628
1035,0.00063627
1036,0.00063627
1037,0.00063627
1038,0.00063627
1039,0.00063627
1040,0.00063627
1041,0.00063627
1042,0.00063627
1043,0.00063627
1044,0.00063627
1045,0.00063627
1046,0.00063627
1047,0.00063627
1048,0.00063627
1049,0.00063627
1050,0.00063627
1051,0.00063627
1052,0.00063627
1053,0.00063627
1054,0.00063627
1055,0.00063627
1056,0.00063627
1057,0.00063627
1058,0.00063627
1059,0.00063627
1060,0.00063627
1061,0.00063627
1062,0.00063627
1063,0.00063627
1064,0.00063627
1065,0.00063627
1066,0.00063627
1067,0.00063627
1068,0.00063626
1069,0.00063626
1070,0.00063626
1071,0.00063612
1072,0.00063612
1073,0.00063612
1074,0.00063612
1075,0.00063612
1076,0.00063612
1077,0.00063612
1078,0.00063612
1079,0.00063612
1080,0.00063612
1081,0.00063612
1082,0.00063576
1083,0.00063576
1084,0.00063576
1085,0.00063576
1086,0.00063576
1087,0.00063576
1088,0.00063567
1089,0.00063567
1090,0.00063567
1091,0.00063567
1092,0.00063567
1093,0.00063567
1094,0.00063567
1095,0.00063499
1096,0.00063499
1097,0.00063499
1098,0.00063499
1099,0.00063499
1100,0.00063499
1101,0.00063499
1102,0.00063499
1103,0.00063491
1104,0.00063491
1105,0.00063491
1106,0.00063491
1107,0.00063491
1108,0.00063491
1109,0.00063491
1110,0.00063491
1111,0.00063491
1112,0.00063491
1113,0.00063491
1114,0.00063491
1115,0.00063491
1116,0.00063491
1117,0.00063491
1118,0.00063491
1119,0.00063491
1120,0.00063491
1121,0.00063491
1122,0.00063491
1123,0.00063491
1124,0.00063491
1125,0.00063491
1126,0.00063491
1127,0.00063491
1128,0.00063491
1129,0.00063491
1130,0.00063491
1131,0.00063491
1132,0.00063491
1133,0.00063491
1134,0.00063491
1135,0.00063491
1136,0.00063491
1137,0.00063491
1138,0.00063491
1139,0.00063491
1140,0.00063491
1141,0.00063491
1142,0.00063491
1143,0.00063491
1144,0.00063491
1145,0.00063491
1146,0.00063491
1147,0.00063491
1148,0.00063491
1149,0.00063491
1150,0.00063491
1151,0.00063491
1152,0.00062907
1153,0.00062907
1154,0.00062907
1155,0.00062907
1156,0.00062907
1157,0.00062907
1158,0.00062946
1159,0.00062946
1160,0.00063491
1161,0.00063491
1162,0.00063491
1163,0.00063491
1164,0.00063491
1165,0.00063491
1166,0.00063491
1167,0.00063491
1168,0.00063491
1169,0.00063491
1170,0.00063491
1171,0.00063491
1172,0.00063491
1173,0.00063491
1174,0.00063491
1175,0.00063491
1176,0.00063491
1177,0.00063491
1178,0.00063491
1179,0.00063491
1180,0.00063491
1181,0.00063491
1182,0.00063052
1183,0.00063052
1184,0.00063052
1185,0.00063052
1186,0.00063052
1187,0.00063052
1188,0.00063052
1189,0.00063087
1190,0.00063087
1191,0.00063087
1192,0.00063087
1193,0.00063087
1194,0.00063087
1195,0.00063087
1196,0.00063087
1197,0.00063087
1198,0.00063087
1199,0.00063087
1200,0.00063087
1201,0.00063491
1202,0.00063491
1203,0.00063491
1204,0.00063491
1205,0.00063491
1206,0.00063491
1207,0.00063491
1208,0.00063124
1209,0.00063123
1210,0.00063123
1211,0.00063123
1212,0.00063123
1213,0.00063123
1214,0.00063127
1215,0.00063127
1216,0.00063127
1217,0.00063127
1218,0.00063127
1219,0.00063127
1220,0.00063127
1221,0.00063127
1222,0.00063127
1223,0.00063127
1224,0.00063127
1225,0.00063127
1226,0.00063127
1227,0.00063127
1228,0.00063127
1229,0.00063127
1230,0.00063127
1231,0.00063127
1232,0.00063127
1233,0.00063127
1234,0.00063127
1235,0.00063127
1236,0.00061648
1237,0.00061648
1238,0.00061648
1239,0.00063444
1240,0.00063444
1241,0.00063444
1242,0.00063441
1243,0.00063439
1244,0.0006334
1245,0.00063338
1246,0.00063335
1247,0.00063335
1248,0.00063335
1249,0.00063335
1250,0.00063335
1251,0.00063335
1252,0.00063287
1253,0.00063311
1254,0.00063311
1255,0.00063311
1256,0.00062199
1257,0.00062199
1258,0.00062199
1259,0.00062199
1260,0.00062199
1261,0.00062199
1262,0.00062199
1263,0.00062199
1264,0.00062199
1265,0.00062199
1266,0.00062199
1267,0.00062199
1268,0.00062199
1269,0.00063192
1270,0.00063192
1271,0.00063192
1272,0.00063192
1273,0.00063192
1274,0.00063192
1275,0.00063192
1276,0.00063192
1277,0.00063192
1278,0.00063192
1279,0.00063192
1280,0.00063192
1281,0.00063192
1282,0.00063192
1283,0.00063192
1284,0.00063192
1285,0.00063192
1286,0.00063192
1287,0.00063192
1288,0.00063192
1289,0.00063192
1290,0.00062995
1291,0.00062898
1292,0.00062898
1293,0.00062898
1294,0.00062898
1295,0.00062898
1296,0.00062898
1297,0.00062898
1298,0.00062898
1299,0.00062898
1300,0.00062898
1301,0.00062898
1302,0.00062898
1303,0.0006284
1304,0.0006284
1305,0.0006284
1306,0.0006284
1307,0.0006284
1308,0.0006284
1309,0.0006284
1310,0.0006284
1311,0.0006284
1312,0.00063281
1313,0.00063281
1314,0.00063281
1315,0.00063281
1316,0.00063281
1317,0.0006284
1318,0.0006327
1319,0.0006327
1320,0.0006327
1321,0.0006327
1322,0.00062087
1323,0.00062087
1324,0.00062087
1325,0.00062087
1326,0.00062087
1327,0.00062087
1328,0.00062087
1329,0.00062087
1330,0.00062087
1331,0.00062087
1332,0.00062087
1333,0.00062087
1334,0.00062087
1335,0.00063188
1336,0.00063188
1337,0.00063188
1338,0.00063188
1339,0.00063188
1340,0.00063188
1341,0.00063188
1342,0.00063188
1343,0.00063188
1344,0.00063157
1345,0.00063156
1346,0.00062999
1347,0.00062996
1348,0.00062992
1349,0.00062992
1350,0.00062992
1351,0.000621
1352,0.000621
1353,0.000621
1354,0.000621
1355,0.000621
1356,0.000621
1357,0.000621
1358,0.00061665
1359,0.00061665
1360,0.00061665
1361,0.00062119
1362,0.00062119
1363,0.00062119
1364,0.00062119
1365,0.00062119
1366,0.00062119
1367,0.00062119
1368,0.00062119
1369,0.00062119
1370,0.00062119
1371,0.00062119
1372,0.00062119
1373,0.00062119
1374,0.00062119
1375,0.00062525
1376,0.00062525
1377,0.00062525
1378,0.00062525
1379,0.00062525
1380,0.00062525
1381,0.00062525
1382,0.00062525
1383,0.00062525
1384,0.00062525
1385,0.00062525
1386,0.00062525
1387,0.00062525
1388,0.00062525
1389,0.00062525
1390,0.00062525
1391,0.00062525
1392,0.00062525
1393,0.00062525
1394,0.00062525
1395,0.00062525
1396,0.00062525
1397,0.00062525
1398,0.00062525
1399,0.00062118
1400,0.00062118
1401,0.00062118
1402,0.00062118
1403,0.00062528
1404,0.00062528
1405,0.00062528
1406,0.00062528
1407,0.00062528
1408,0.00062528
1409,0.00062528
1410,0.00062528
1411,0.00062528
1412,0.00062528
1413,0.00062528
1414,0.00062528
1415,0.00062528
1416,0.00062528
1417,0.00062528
1418,0.00062528
1419,0.00062528
1420,0.00062528
1421,0.00062528
1422,0.00062528
1423,0.00062528
1424,0.00062528
1425,0.00062528
1426,0.00062528
1427,0.00062528
1428,0.00062528
1429,0.00062528
1430,0.00062528
1431,0.00062528
1432,0.00062528
1433,0.00062528
1434,0.00062528
1435,0.00062528
1436,0.00062528
1437,0.00062528
1438,0.00062528
1439,0.00062528
1440,0.00062528
1441,0.00062528
1442,0.00062528
1443,0.00062528
1444,0.00062528
1445,0.00062528
1446,0.00062528
1447,0.00062528
1448,0.00062528
1449,0.00062528
1450,0.00062528
1451,0.00062528
1452,0.00062528
1453,0.00062528
1454,0.00062528
1455,0.00062528
1456,0.00062528
1457,0.00062528
1458,0.00062528
1459,0.00061722
1460,0.00061722
1461,0.00062484
1462,0.00062484
1463,0.00062484
1464,0.00062484
1465,0.00062484
1466,0.00062484
1467,0.00062484
1468,0.00062484
1469,0.00062484
1470,0.00062457
1471,0.00062457
1472,0.00062457
1473,0.00062457
1474,0.00062432
1475,0.00062432
1476,0.00062432
1477,0.00062432
1478,0.00062393
1479,0.00062393
1480,0.00062393
1481,0.00062393
1482,0.00062393
1483,0.00062393
1484,0.00062393
1485,0.00062393
1486,0.00062393
1487,0.00062393
1488,0.00062393
1489,0.00062393
1490,0.00062245
1491,0.00062245
1492,0.00062245
1493,0.00062245
1494,0.00061649
1495,0.00061159
1496,0.00061166
1497,0.00060734
1498,0.00060998
1499,0.00062172
1500,0.00062172
1501,0.00062172
1502,0.00062172
1503,0.00062124
1504,0.00062124
1505,0.00062051
1506,0.00062051
1507,0.00062051
1508,0.00062051
1509,0.00062016
1510,0.00062016
1511,0.00060903
1512,0.00060903
1513,0.00060903
1514,0.00061745
1515,0.00061972
1516,0.00061962
1517,0.00061957
1518,0.00061954
1519,0.00061953
1520,0.00061953
1521,0.00061953
1522,0.00061953
1523,0.00061953
1524,0.00061953
1525,0.00061953
1526,0.00061594
1527,0.00061594
1528,0.00061302
1529,0.00061302
1530,0.00061302
1531,0.00061597
1532,0.00061597
1533,0.00061597
1534,0.000616
1535,0.000616
1536,0.00061858
1537,0.00061858
1538,0.00061855
1539,0.00061855
1540,0.00061855
1541,0.00061855
1542,0.00062038
1543,0.00062032
1544,0.00062027
1545,0.00062019
1546,0.0006201
1547,0.0006201
1548,0.0006201
1549,0.0006201
1550,0.0006201
1551,0.00061301
1552,0.00061301
1553,0.00061301
1554,0.0006
1555,0.00060625
1556,0.00060617
1557,0.00060606
1558,0.00060601
1559,0.00060598
1560,0.00060598
1561,0.00059767
1562,0.00060003
1563,0.00060594
1564,0.00060594
1565,0.00060192
1566,0.00060594
1567,0.00060593
1568,0.00059867
1569,0.00060591
1570,0.00059867
1571,0.00060228
1572,0.0006059
1573,0.00060001
1574,0.0006
1575,0.0006
1576,0.0006
1577,0.00060001
1578,0.0005983
1579,0.00059767
1580,0.00059891
1581,0.00059891
1582,0.00059893
1583,0.00059893
1584,0.00059891
1585,0.00059891
1586,0.00059707
1587,0.00060001
1588,0.00060001
1589,0.00060225
1590,0.00060225
1591,0.00060225
1592,0.00060225
1593,0.00060225
1594,0.00060225
1595,0.00060225
1596,0.00060225
1597,0.00060225
1598,0.00059509
1599,0.00057859
1600,0.0005787
1601,0.0005787
1602,0.0005898
1603,0.0005917
1604,0.00059172
1605,0.00059172
1606,0.00059172
1607,0.00059173
1608,0.00059679
1609,0.00059891
1610,0.00059891
1611,0.00059893
1612,0.00059893
1613,0.00059893
1614,0.00059893
1615,0.0005898
1616,0.0005898
1617,0.00060187
1618,0.00060187
1619,0.00060187
1620,0.00060187
1621,0.00060185
1622,0.000592
1623,0.000592
1624,0.000592
1625,0.00059498
1626,0.00059498
1627,0.00059498
1628,0.00058669
1629,0.00058671
1630,0.00058982
1631,0.00058563
1632,0.00058563
1633,0.00058563
1634,0.00059172
1635,0.00057884
1636,0.00058464
1637,0.00058464
1638,0.00058464
1639,0.00057885
1640,0.00057885
1641,0.00057885
1642,0.00058173
1643,0.00058173
1644,0.00058173
1645,0.00058173
1646,0.00058173
1647,0.00058584
1648,0.00058576
1649,0.00058568
1650,0.00058568
1651,0.00058552
1652,0.00058428
1653,0.0005843
1654,0.00058386
1655,0.00058564
1656,0.00058576
1657,0.00058576
1658,0.00058576
1659,0.00058594
1660,0.00058594
1661,0.00058594
1662,0.00058594
1663,0.00059158
1664,0.00059173
1665,0.00059499
1666,0.00059499
1667,0.00059499
1668,0.00059499
1669,0.00059499
1670,0.00059499
1671,0.00059175
1672,0.00059175
1673,0.00059175
1674,0.00059499
1675,0.00059499
1676,0.00059499
1677,0.00059499
1678,0.00059621
1679,0.00059621
1680,0.00059616
1681,0.00059615
1682,0.00059626
1683,0.00059626
1684,0.00059625
1685,0.00059623
1686,0.00059623
1687,0.00059623
1688,0.00059623
1689,0.00059623
1690,0.0005963
1691,0.0005963
1692,0.0005963
1693,0.0005963
1694,0.0005963
1695,0.00059679
1696,0.00059679
1697,0.00059787
1698,0.00059787
1699,0.0005981
1700,0.00059623
1701,0.00059623
1702,0.00059976
1703,0.00059876
1704,0.00059876
1705,0.00059876
1706,0.000598
1707,0.000598
1708,0.000598
1709,0.000598
1710,0.000598
1711,0.000598
1712,0.00059876
1713,0.00059876
1714,0.00059876
1715,0.00059876
1716,0.00059876
1717,0.00059997
1718,0.00059997
1719,0.00059997
1720,0.00059997
1721,0.00059997
1722,0.00059997
1723,0.000598
1724,0.00059767
1725,0.00059679
1726,0.00059679
1727,0.00059678
1728,0.00059678
1729,0.00059678
1730,0.00059678
1731,0.00059678
1732,0.00059678
1733,0.00059678
1734,0.00059678
1735,0.00058763
1736,0.00058763
1737,0.00058763
1738,0.00058772
1739,0.00058772
1740,0.00058772
1741,0.00058772
1742,0.00058772
1743,0.00058772
1744,0.00058791
1745,0.00058791
1746,0.00058791
1747,0.00058791
1748,0.00058791
1749,0.00058791
1750,0.00058791
1751,0.00058791
1752,0.00058791
1753,0.00059454
1754,0.00059454
1755,0.00059454
1756,0.00059454
1757,0.00059454
1758,0.00059454
1759,0.00059454
1760,0.00059454
1761,0.00059454
1762,0.00059454
1763,0.00059454
1764,0.00059454
1765,0.00059454
1766,0.00059454
1767,0.00059454
1768,0.00059454
1769,0.00059454
1770,0.00059454
1771,0.00059615
1772,0.00059615
1773,0.00059615
1774,0.00059615
1775,0.00059615
1776,0.00059615
1777,0.00059615
1778,0.00059615
1779,0.00059615
1780,0.00059615
1781,0.00059615
1782,0.00059615
1783,0.00059615
1784,0.00059615
1785,0.00059615
1786,0.00059678
1787,0.00059678
1788,0.00059678
1789,0.00059678
1790,0.00059678
1791,0.00059678
1792,0.00059472
1793,0.00059472
1794,0.00059472
1795,0.00059472
1796,0.00059472
1797,0.00059678
1798,0.00059678
1799,0.00059678
1800,0.00059678
1801,0.00059678
1802,0.00059678
1803,0.00059678
1804,0.00059678
1805,0.00059678
1806,0.00059678
1807,0.00059678
1808,0.00059472
1809,0.00059472
1810,0.00059472
1811,0.00059472
1812,0.00059472
1813,0.00059472
1814,0.00059472
1815,0.00059472
1816,0.00059472
1817,0.00059472
1818,0.00059472
1819,0.00059472
1820,0.00059472
1821,0.00059472
1822,0.0005947
1823,0.00059677
1824,0.00059677
1825,0.00059677
1826,0.00059991
1827,0.00059991
1828,0.0005946
1829,0.0005946
1830,0.0005946
1831,0.0005946
1832,0.0005946
1833,0.0005946
1834,0.0005946
1835,0.0005946
1836,0.0005946
1837,0.00059976
1838,0.00059976
1839,0.00059976
1840,0.00059976
1841,0.00059976
1842,0.00059976
1843,0.00059976
1844,0.00059976
1845,0.0005946
1846,0.0005946
1847,0.0005946
1848,0.0005946
1849,0.0005946
1850,0.0005946
1851,0.0005946
1852,0.0005946
1853,0.0005946
1854,0.0005946
1855,0.0005946
1856,0.0005946
1857,0.0005946
1858,0.0005946
1859,0.00059454
1860,0.00059453
1861,0.00059453
1862,0.00059453
1863,0.00059453
1864,0.00059453
1865,0.00059453
1866,0.00059453
1867,0.00059453
1868,0.00059454
1869,0.00059454
1870,0.00059454
1871,0.00059453
1872,0.00059453
1873,0.00059453
1874,0.00059454
1875,0.00059454
1876,0.00059454
1877,0.00059454
1878,0.00059454
1879,0.00059454
1880,0.00059454
1881,0.00059454
1882,0.00059454
1883,0.00059454
1884,0.00059454
1885,0.00059454
1886,0.00059454
1887,0.00059454
1888,0.0005945
1889,0.0005945
1890,0.0005945
1891,0.0005945
1892,0.00059173
1893,0.00059173
1894,0.00059173
1895,0.0005945
1896,0.0005945
1897,0.0005945
1898,0.0005945
1899,0.0005945
1900,0.0005945
1901,0.0005945
1902,0.0005945
1903,0.0005945
1904,0.0005945
1905,0.00059679
1906,0.00059679
1907,0.00059216
1908,0.00059218
1909,0.00059218
1910,0.00059218
1911,0.00059218
1912,0.00059218
1913,0.00059218
1914,0.00059218
1915,0.00059218
1916,0.00059218
1917,0.00059218
1918,0.00059218
1919,0.00059218
1920,0.00059218
1921,0.00059218
1922,0.00059218
1923,0.00059218
1924,0.00059218
1925,0.00059956
1926,0.00059956
1927,0.00059956
1928,0.0006
1929,0.00059429
1930,0.00059429
1931,0.00059429
1932,0.00059429
1933,0.00059429
1934,0.00059429
1935,0.00059429
1936,0.00059429
1937,0.00059429
1938,0.00059429
1939,0.00059429
1940,0.00059429
1941,0.00059429
1942,0.00059429
1943,0.00059429
1944,0.00059429
1945,0.00059429
1946,0.00059429
1947,0.00059429
1948,0.00059429
1949,0.00059429
1950,0.00059429
1951,0.00059429
1952,0.00059429
1953,0.00059429
1954,0.00059429
1955,0.00059173
1956,0.00059173
1957,0.00059173
1958,0.00059173
1959,0.00059173
1960,0.00059173
1961,0.00059064
1962,0.00059173
1963,0.00059173
1964,0.00059173
1965,0.00059173
1966,0.00059173
1967,0.00059427
1968,0.00059427
1969,0.00059427
1970,0.00059427
1971,0.00059427
1972,0.00059427
1973,0.00059427
1974,0.00059427
1975,0.00059427
1976,0.0005942
1977,0.0005942
1978,0.00059427
1979,0.00059427
1980,0.00059427
1981,0.00059427
1982,0.00059427
1983,0.00059427
1984,0.00059427
1985,0.00059427
1986,0.00059427
1987,0.00059427
1988,0.00059427
1989,0.00059427
1990,0.00059427
1991,0.00059427
1992,0.00059427
1993,0.00059427
1994,0.00059427
1995,0.00059427
1996,0.00059427
1997,0.00059427
1998,0.00059427
1999,0.00059427
2000,0.00059427
2001,0.00059427
2002,0.00059427
2003,0.00059427
2004,0.00059427
2005,0.00059427
2006,0.00059427
2007,0.00059427
2008,0.00059427
2009,0.00059427
2010,0.00059427
2011,0.00059427
2012,0.00059427
2013,0.00059427
2014,0.00059427
2015,0.00059427
2016,0.00059427
2017,0.00060035
2018,0.00060034
2019,0.00060034
2020,0.00060035
2021,0.00060033
2022,0.00059457
2023,0.00059457
2024,0.00059457
2025,0.00059457
2026,0.00060887
2027,0.00059679
2028,0.00059679
2029,0.00059679
2030,0.00059679
2031,0.0005969
2032,0.0005969
2033,0.0005969
2034,0.0005969
2035,0.0005969
2036,0.0005969
2037,0.00059709
2038,0.00059709
2039,0.00059709
2040,0.00059709
2041,0.00059709
2042,0.00059709
2043,0.00059709
2044,0.00059709
2045,0.00059709
2046,0.00059709
2047,0.00059709
2048,0.00059709
2049,0.00059709
2050,0.00059709
2051,0.00059709
2052,0.00059709
2053,0.00059709
2054,0.00059709
2055,0.00059709
2056,0.00059709
2057,0.00059709
2058,0.00059709
2059,0.00059709
2060,0.00059709
2061,0.00059709
2062,0.00059709
2063,0.00060518
2064,0.00060518
2065,0.00060518
2066,0.00060518
2067,0.00059783
2068,0.00059783
2069,0.00059783
2070,0.00059783
2071,0.00059783
2072,0.00059781
2073,0.00059781
2074,0.00059781
2075,0.00059781
2076,0.0005978
2077,0.0005978
2078,0.00059709
2079,0.00059679
2080,0.00059679
2081,0.00059679
2082,0.00059679
2083,0.00059679
2084,0.00059679
2085,0.00059679
2086,0.00059679
2087,0.00059478
2088,0.00059478
2089,0.00059478
2090,0.00059478
2091,0.00059478
2092,0.00059478
2093,0.00059478
2094,0.00059478
2095,0.00059478
2096,0.00059478
2097,0.00059478
2098,0.00059478
2099,0.00059478
2100,0.00059478
2101,0.00059478
2102,0.00059478
2103,0.00059478
2104,0.00059478
2105,0.00059478
2106,0.00059478
2107,0.00059478
2108,0.00059782
2109,0.00059782
2110,0.00059782
2111,0.00059782
2112,0.00059782
2113,0.00059782
2114,0.00059782
2115,0.00059782
2116,0.00059782
2117,0.00059782
2118,0.00059782
2119,0.00059782
2120,0.00059782
2121,0.00059782
2122,0.00059782
2123,0.00059782
2124,0.00059782
2125,0.00059782
2126,0.00059782
2127,0.00059782
2128,0.00059782
2129,0.00059782
2130,0.00059782
2131,0.00059782
2132,0.00059782
2133,0.00059782
2134,0.00059782
2135,0.00059782
2136,0.00059782
2137,0.00059782
2138,0.00059782
2139,0.00059782
2140,0.00059782
2141,0.00059782
2142,0.00059782
2143,0.00059782
2144,0.00059782
2145,0.00059782
2146,0.00059782
2147,0.00059782
2148,0.00059782
2149,0.00059481
2150,0.00059481
2151,0.00059481
2152,0.00059782
2153,0.00059782
2154,0.00059782
2155,0.00059782
2156,0.00059782
2157,0.00059782
2158,0.00059782
2159,0.00059782
2160,0.00059782
2161,0.00059782
2162,0.00059782
2163,0.00059782
2164,0.00059782
2165,0.00059782
2166,0.00059782
2167,0.00059782
2168,0.00059782
2169,0.00059782
2170,0.00059782
2171,0.00059782
2172,0.00059782
2173,0.00059782
2174,0.00059782
2175,0.00059782
2176,0.00059481
2177,0.00059481
2178,0.00059481
2179,0.00059481
2180,0.00059481
2181,0.00059481
2182,0.00059481
2183,0.00059481
2184,0.00059782
2185,0.00059782
2186,0.00059782
2187,0.00059782
2188,0.00059782
2189,0.00059782
2190,0.00059782
2191,0.00059782
2192,0.00059782
2193,0.00059782
2194,0.00059782
2195,0.00059782
2196,0.00059782
2197,0.00059782
2198,0.00059782
2199,0.00059782
2200,0.00059782
2201,0.00059782
2202,0.00059782
2203,0.00059782
2204,0.00059782
2205,0.00059782
2206,0.00059782
2207,0.00059782
2208,0.00060095
2209,0.00060095
2210,0.00060095
2211,0.00060095
2212,0.00060095
2213,0.000595
2214,0.000595
2215,0.00059998
2216,0.00061
2217,0.00061
2218,0.00061
2219,0.00061
2220,0.00061
2221,0.00060007
2222,0.00060007
2223,0.00060007
2224,0.00060003
2225,0.00060703
2226,0.00060989
2227,0.00060989
2228,0.00060989
2229,0.00060989
2230,0.0006019
2231,0.0006019
2232,0.0006019
2233,0.00060973
2234,0.00060973
2235,0.00060191
2236,0.00060191
2237,0.00060191
2238,0.00060191
2239,0.00060191
2240,0.00059513
2241,0.00059513
2242,0.00059513
2243,0.00059532
2244,0.00059532
2245,0.0006
2246,0.0006
2247,0.0006
2248,0.0006
2249,0.00060909
2250,0.00060909
2251,0.00059566
2252,0.00059566
2253,0.00059566
2254,0.00059566
2255,0.00059566
2256,0.00059566
2257,0.00059566
2258,0.00059566
2259,0.00059566
2260,0.00059566
2261,0.00059566
2262,0.00059864
2263,0.00059868
2264,0.00059868
2265,0.00059868
2266,0.00059871
2267,0.00059871
2268,0.00059871
2269,0.00059871
2270,0.00059871
2271,0.00059877
2272,0.00059879
2273,0.0005988
2274,0.0005988
2275,0.0005988
2276,0.0005988
2277,0.0005988
2278,0.0005988
2279,0.0005988
2280,0.00059862
2281,0.00059869
2282,0.00059869
2283,0.00059869
2284,0.00059869
2285,0.00059869
2286,0.00059869
2287,0.00059869
2288,0.00059869
2289,0.00059869
2290,0.00059869
2291,0.00059869
2292,0.00059869
2293,0.00059869
2294,0.00059869
2295,0.00059869
2296,0.00059869
2297,0.00059869
2298,0.00059869
2299,0.00059869
2300,0.00059869
2301,0.00059869
2302,0.00059869
2303,0.00059869
2304,0.00059869
2305,0.00059869
2306,0.00059869
2307,0.00059869
2308,0.00059869
2309,0.00059869
2310,0.00059869
2311,0.00060189
2312,0.00060189
2313,0.00060189
2314,0.00060189
2315,0.00060189
2316,0.00060189
2317,0.00060189
2318,0.00060189
2319,0.00060189
2320,0.00060189
2321,0.00060189
2322,0.00060189
2323,0.00060189
2324,0.00060189
2325,0.00060189
2326,0.00060189
2327,0.00060189
2328,0.0006046
2329,0.0006046
2330,0.0006046
2331,0.0006046
2332,0.0006046
2333,0.0006046
2334,0.0006046
2335,0.0006046
2336,0.0006046
2337,0.0006046
2338,0.0006046
2339,0.0006046
2340,0.0006046
2341,0.0006046
2342,0.0006046
2343,0.0006046
2344,0.0006046
2345,0.00059869
2346,0.00059869
2347,0.00059869
2348,0.00059869
2349,0.00059869
2350,0.00059869
2351,0.00059869
2352,0.00059869
2353,0.00059869
2354,0.00059869
2355,0.00059869
2356,0.00061248
2357,0.00061248
2358,0.00061248
2359,0.00061248
2360,0.00061248
2361,0.00061248
2362,0.00061248
2363,0.00061248
2364,0.00061248
2365,0.00061248
2366,0.00061248
2367,0.00061248
2368,0.00061248
2369,0.00061248
2370,0.00061248
2371,0.00061248
2372,0.0006
2373,0.0006
2374,0.0006
2375,0.0006
2376,0.0006
2377,0.0006
2378,0.0006
2379,0.0006
2380,0.0006
2381,0.0006
2382,0.0006
2383,0.0006
2384,0.0006
2385,0.0006
2386,0.0006
2387,0.0006
2388,0.0006
2389,0.0006
2390,0.0006
2391,0.0006
2392,0.0006
2393,0.0006
2394,0.0006
2395,0.0006
2396,0.0006
2397,0.0006
2398,0.0006
2399,0.0006
2400,0.0006
2401,0.0006
2402,0.0006
2403,0.0006
2404,0.0006
2405,0.0006
2406,0.0006
2407,0.0006
2408,0.0006
2409,0.0006
2410,0.0006
2411,0.0006
2412,0.0006
2413,0.0006
2414,0.0006
2415,0.0006
2416,0.0006
2417,0.0006
2418,0.0006
2419,0.00059869
2420,0.00059869
2421,0.00059869
2422,0.00059869
2423,0.00059869
2424,0.00059869
2425,0.00059869
2426,0.00059869
2427,0.00059869
2428,0.00059869
2429,0.00059869
2430,0.00059869
2431,0.00059869
2432,0.00059869
2433,0.00059869
2434,0.0006
2435,0.00060992
2436,0.00060992
2437,0.00060992
2438,0.00060992
2439,0.00060992
2440,0.00060992
2441,0.00060992
2442,0.00060992
2443,0.00060992
2444,0.00060992
2445,0.00060992
2446,0.00060992
2447,0.00060871
2448,0.00060871
2449,0.00060871
2450,0.00060871
2451,0.00060871
2452,0.00060871
2453,0.00060871
2454,0.00060871
2455,0.00060871
2456,0.00060871
2457,0.00060871
2458,0.00060871
2459,0.00060871
2460,0.00060871
2461,0.00060871
2462,0.00060871
2463,0.00060871
2464,0.00060871
2465,0.00060871
2466,0.00060871
2467,0.00060871
2468,0.00060869
2469,0.00060873
2470,0.00060873
2471,0.0006088
2472,0.0006088
2473,0.0006088
2474,0.0006088
2475,0.0006088
2476,0.00061036
2477,0.00061036
2478,0.00061036
2479,0.00061036
2480,0.00061036
2481,0.00061036
2482,0.00061036
2483,0.00061036
2484,0.00061036
2485,0.00061036
2486,0.00061036
2487,0.00061036
2488,0.00061036
2489,0.00061036
2490,0.00061
2491,0.00060321
2492,0.00060321
2493,0.00060321
2494,0.00060318
2495,0.00060318
2496,0.00060318
2497,0.00060321
2498,0.00060321
2499,0.00060321
2500,0.00060321
2501,0.00060321
2502,0.00060321
2503,0.00060321
2504,0.00060321
2505,0.00060321
2506,0.00060321
2507,0.00060321
2508,0.00060321
2509,0.00060321
2510,0.00060321
2511,0.00060321
2512,0.00060321
2513,0.00060321
2514,0.00060321
2515,0.00060321
2516,0.00060318
2517,0.00060318
2518,0.00060318
2519,0.00060318
2520,0.00060318
2521,0.00060318
2522,0.00060318
2523,0.00060318
2524,0.00060318
2525,0.00060318
2526,0.00060318
2527,0.00060318
2528,0.00060318
2529,0.00060318
2530,0.00060318
2531,0.00060318
2532,0.00060318
2533,0.00060318
2534,0.00060318
2535,0.00060318
2536,0.00060318
2537,0.00060318
2538,0.00060318
2539,0.00060318
2540,0.00060318
2541,0.00060318
2542,0.00060318
2543,0.00060318
2544,0.00060318
2545,0.00060318
2546,0.00060318
2547,0.00060318
2548,0.00060318
2549,0.00060318
2550,0.00060318
2551,0.00060318
2552,0.00060318
2553,0.00060318
2554,0.00060318
2555,0.00060318
2556,0.00060318
2557,0.00060318
2558,0.00060318
2559,0.00060318
2560,0.0006
2561,0.0006
2562,0.0006
2563,0.0006
2564,0.0006
2565,0.0006
2566,0.0006
2567,0.0006
2568,0.0006
2569,0.0006
2570,0.0006
2571,0.0006
2572,0.0006
2573,0.0006
2574,0.0006
2575,0.0006
2576,0.0006
2577,0.0006
2578,0.0006
2579,0.0006
2580,0.0006
2581,0.0006
2582,0.0006
2583,0.0006
2584,0.0006
2585,0.0006
2586,0.0006
2587,0.0006
2588,0.0006
2589,0.0006
2590,0.0006
2591,0.0006
2592,0.0006
2593,0.0006
2594,0.0006
2595,0.0006
2596,0.0006
2597,0.0006
2598,0.0006
2599,0.0006
2600,0.0006
2601,0.0006
2602,0.0006
2603,0.0006
2604,0.0006
2605,0.0006
2606,0.0006
2607,0.0006
2608,0.0006
2609,0.0006
2610,0.0006
2611,0.0006
2612,0.0006
2613,0.0006
2614,0.0006
2615,0.0006
2616,0.0006
2617,0.0006
2618,0.0006
2619,0.0006
2620,0.0006
2621,0.0006
2622,0.0006
2623,0.0006
2624,0.0006
2625,0.0006
2626,0.0006
2627,0.0006
2628,0.00060001
2629,0.00060001
2630,0.00060001
2631,0.00060001
2632,0.00060001
2633,0.00060001
2634,0.00060003
2635,0.00060003
2636,0.00060003
2637,0.00060003
2638,0.00060003
2639,0.00060003
2640,0.00060003
2641,0.00060003
2642,0.00060003
2643,0.00060003
2644,0.00060003
2645,0.00060003
2646,0.00060003
2647,0.00060003
2648,0.00060003
2649,0.00060003
2650,0.00060003
2651,0.00060003
2652,0.00060003
2653,0.00060002
2654,0.00060002
2655,0.00060002
2656,0.00060002
2657,0.00060002
2658,0.0006
2659,0.0006
2660,0.0006
2661,0.0006
2662,0.0006
2663,0.0006
2664,0.0006
2665,0.00060002
2666,0.00060002
2667,0.00060002
2668,0.00060002
2669,0.00060002
2670,0.00060002
2671,0.00060002
2672,0.00060002
2673,0.00060002
2674,0.00060002
2675,0.00060002
2676,0.00060002
2677,0.00060002
2678,0.00060002
2679,0.00060002
2680,0.00060002
2681,0.00060002
2682,0.00060002
2683,0.00060002
2684,0.00060002
2685,0.00060002
2686,0.00060002
2687,0.00060002
2688,0.00060002
2689,0.00060002
2690,0.00060002
2691,0.00060002
2692,0.00060002
2693,0.00060002
2694,0.00060002
2695,0.00060002
2696,0.00060002
2697,0.00060002
2698,0.00060002
2699,0.00060002
2700,0.00060002
2701,0.00060002
2702,0.0006
2703,0.0006
2704,0.0006
2705,0.0006
2706,0.0006
2707,0.0006
2708,0.0006
2709,0.0006
2710,0.0006
2711,0.0006
2712,0.0006
2713,0.0006
2714,0.0006
2715,0.0006
2716,0.0006
2717,0.0006
2718,0.0006
2719,0.0006
2720,0.0006
2721,0.0006
2722,0.0006
2723,0.0006
2724,0.0006
2725,0.0006
2726,0.0006
2727,0.0006
2728,0.0006
2729,0.0006
2730,0.0006
2731,0.0006
2732,0.0006
2733,0.0006
2734,0.0006
2735,0.0006
2736,0.0006
2737,0.0006
2738,0.0006
2739,0.0006
2740,0.0006
2741,0.0006
2742,0.0006
2743,0.0006
2744,0.0006
2745,0.0006
2746,0.0006
2747,0.0006
2748,0.0006
2749,0.0006
2750,0.0006
2751,0.0006
2752,0.0006
2753,0.0006
2754,0.0006
2755,0.0006
2756,0.0006
2757,0.0006
2758,0.0006
2759,0.0006
2760,0.0006
2761,0.0006
2762,0.0006
2763,0.0006
2764,0.0006
2765,0.0006
2766,0.0006
2767,0.00060002
2768,0.00060002
2769,0.00060002
2770,0.00060002
2771,0.00060002
2772,0.00060002
2773,0.00060002
2774,0.00060002
2775,0.00060002
2776,0.00060002
2777,0.00060002
2778,0.00060002
2779,0.00060002
2780,0.00060002
2781,0.00060002
2782,0.00060002
2783,0.00060002
2784,0.00060002
2785,0.00060002
2786,0.00060002
2787,0.00060002
2788,0.00060002
2789,0.00060002
2790,0.00060002
2791,0.00060002
2792,0.00060002
2793,0.00060002
2794,0.00060002
2795,0.00060002
2796,0.00060002
2797,0.00060002
2798,0.00060002
2799,0.00060002
2800,0.00060002
2801,0.00060002
2802,0.00060002
2803,0.00060002
2804,0.00060002
2805,0.00060002
2806,0.00060002
2807,0.00060002
2808,0.00060002
2809,0.00060002
2810,0.00060002
2811,0.00060002
2812,0.00060002
2813,0.00060002
2814,0.00060002
2815,0.00060002
2816,0.00060002
2817,0.00060001
2818,0.00060001
2819,0.00060001
2820,0.00060001
2821,0.00060001
2822,0.00060001
2823,0.00060001
2824,0.00060001
2825,0.00060001
2826,0.00060001
2827,0.00060001
2828,0.00060001
2829,0.00060001
2830,0.0006
2831,0.0006
2832,0.0006
2833,0.0006
2834,0.0006
2835,0.0006
2836,0.0006
2837,0.0006
2838,0.0006
2839,0.0006
2840,0.0006
2841,0.0006
2842,0.0006
2843,0.0006
2844,0.0006
2845,0.0006
2846,0.0006
2847,0.0006
2848,0.0006
2849,0.0006
2850,0.0006
2851,0.0006
2852,0.0006
2853,0.0006
2854,0.0006
2855,0.00060099
2856,0.00060099
2857,0.00060099
2858,0.00060099
2859,0.00060099
2860,0.00060099
2861,0.00060099
2862,0.00060318
2863,0.00060318
2864,0.00060318
2865,0.00060318
2866,0.00060318
2867,0.00060318
2868,0.00060318
2869,0.00060468
2870,0.00060468
2871,0.00060468
2872,0.00060468
2873,0.00060468
2874,0.00060468
2875,0.00060468
2876,0.00060468
2877,0.00060468
2878,0.00060468
2879,0.00060408
2880,0.00060408
2881,0.00060408
2882,0.00060408
2883,0.00060408
2884,0.00060408
2885,0.00060408
2886,0.00060408
2887,0.00060408
2888,0.00060408
2889,0.00060408
2890,0.00060408
2891,0.00060408
2892,0.00060408
2893,0.00060408
2894,0.00060408
2895,0.00060408
2896,0.00060408
2897,0.00060408
2898,0.00060408
2899,0.00060408
2900,0.00060408
2901,0.00060099
2902,0.00060099
2903,0.00060099
2904,0.00060099
2905,0.00060099
2906,0.00060099
2907,0.00060099
2908,0.00060099
2909,0.00060099
2910,0.00060099
2911,0.00060099
2912,0.00060099
2913,0.00060099
2914,0.00060099
2915,0.00060099
2916,0.00060099
2917,0.00060099
2918,0.00060408
2919,0.00060408
2920,0.00060408
2921,0.00060408
2922,0.00060408
2923,0.00060408
2924,0.00060408
2925,0.00060468
2926,0.00060468
2927,0.00060468
2928,0.00060468
2929,0.00060468
2930,0.00060468
2931,0.00060508
2932,0.00060508
2933,0.00060508
2934,0.00060508
2935,0.00060508
2936,0.00060508
2937,0.00060508
2938,0.00060508
2939,0.00060508
2940,0.00060508
2941,0.00060508
2942,0.00060508
2943,0.00060508
2944,0.00060508
2945,0.00060508
2946,0.00060508
2947,0.00060508
2948,0.00060508
2949,0.00060508
2950,0.00060508
2951,0.00060508
2952,0.00060508
2953,0.00060508
2954,0.00060508
2955,0.00060508
2956,0.00060508
2957,0.00060508
2958,0.00060508
2959,0.0006036
2960,0.0006036
2961,0.0006036
2962,0.0006036
2963,0.0006036
2964,0.0006036
2965,0.0006036
2966,0.00060331
2967,0.00060331
2968,0.00060331
2969,0.00060331
2970,0.00060331
2971,0.00060331
2972,0.00060331
2973,0.00060331
2974,0.00060331
2975,0.00060331
2976,0.00060331
2977,0.00060331
2978,0.00060331
2979,0.00060331
2980,0.00060331
2981,0.00060331
2982,0.00060331
2983,0.00060331
2984,0.00060331
2985,0.00060331
2986,0.00060331
2987,0.00060331
2988,0.00060331
2989,0.00060331
2990,0.00060331
2991,0.00060331
2992,0.00060331
2993,0.00060331
2994,0.00060331
2995,0.00060331
2996,0.00060331
2997,0.00060331
2998,0.00060331
2999,0.00060331
3000,0.00060331
3001,0.00060331
3002,0.00060331
3003,0.00060331
3004,0.00060331
3005,0.00060331
3006,0.0006029
3007,0.0006029
3008,0.0006029
3009,0.0006029
3010,0.0006033
3011,0.0006033
3012,0.0006033
3013,0.0006033
3014,0.0006033
3015,0.0006033
3016,0.0006033
3017,0.0006033
3018,0.0006033
3019,0.0006033
3020,0.0006033
3021,0.0006033
3022,0.0006033
3023,0.0006033
3024,0.0006033
3025,0.0006033
3026,0.0006033
3027,0.0006033
3028,0.0006033
3029,0.0006033
3030,0.0006033
3031,0.0006033
3032,0.0006033
3033,0.0006033
3034,0.0006033
3035,0.0006033
3036,0.0006033
3037,0.0006033
3038,0.0006033
3039,0.0006033
3040,0.0006033
3041,0.0006033
3042,0.0006033
3043,0.0006033
3044,0.0006033
3045,0.0006033
3046,0.0006033
3047,0.0006033
3048,0.0006033
3049,0.0006033
3050,0.0006033
3051,0.0006033
3052,0.0006033
3053,0.0006033
3054,0.0006033
3055,0.00060009
3056,0.00060009
3057,0.00060009
3058,0.00060009
3059,0.00060009
3060,0.00060009
3061,0.00060009
3062,0.00060009
3063,0.00060009
3064,0.0006
3065,0.0006
3066,0.0006
3067,0.0006
3068,0.0006
3069,0.0006
3070,0.0006
3071,0.0006
3072,0.0006
3073,0.0006
3074,0.0006
3075,0.0006
3076,0.0006
3077,0.0006
3078,0.0006
3079,0.0006
3080,0.0006
3081,0.0006
3082,0.0006
3083,0.0006
3084,0.0006033
3085,0.0006033
3086,0.0006033
3087,0.0006033
3088,0.0006033
3089,0.0006033
3090,0.0006033
3091,0.0006033
3092,0.0006033
3093,0.0006033
3094,0.0006033
3095,0.0006033
3096,0.0006033
3097,0.0006033
3098,0.0006033
3099,0.0006033
3100,0.0006033
3101,0.0006033
3102,0.0006033
3103,0.0006033
3104,0.0006033
3105,0.0006033
3106,0.0006033
3107,0.0006033
3108,0.0006033
3109,0.0006033
3110,0.0006033
3111,0.0006
3112,0.0006
3113,0.0006
3114,0.0006
3115,0.0006
3116,0.0006
3117,0.0006
3118,0.0006
3119,0.0006
3120,0.0006
3121,0.0006
3122,0.0006
3123,0.0006
3124,0.0006
3125,0.0006
3126,0.0006
3127,0.0006
3128,0.0006
3129,0.0006
3130,0.0006
3131,0.0006
3132,0.0006
3133,0.0006
3134,0.0006
3135,0.00058816
3136,0.0006
3137,0.0006
3138,0.0006
3139,0.0006
3140,0.0006
3141,0.0006
3142,0.0006
3143,0.0006
3144,0.0006
3145,0.0006
3146,0.0006
3147,0.0006
3148,0.0006
3149,0.0006
3150,0.0006
3151,0.0006
3152,0.0006
3153,0.0006
3154,0.0006
3155,0.0006
3156,0.0006
3157,0.0006
3158,0.0006
3159,0.0006
3160,0.0006
3161,0.0006
3162,0.0006
3163,0.0006
3164,0.0006
3165,0.0006
3166,0.0006
3167,0.0006
3168,0.0006
3169,0.0006
3170,0.0006
3171,0.0006
3172,0.0006
3173,0.0006
3174,0.0006
3175,0.0006
3176,0.0006
3177,0.0006
3178,0.0006
3179,0.0006
3180,0.0006
3181,0.00059679
3182,0.00059679
3183,0.00059173
3184,0.00059173
3185,0.00059173
3186,0.00059173
3187,0.00058885
3188,0.00058887
3189,0.00058887
3190,0.00058887
3191,0.00058906
3192,0.00058906
3193,0.00059678
3194,0.00059678
3195,0.00059678
3196,0.00059678
3197,0.00059678
3198,0.00059678
3199,0.00059678
3200,0.00059678
3201,0.00059678
3202,0.00059678
3203,0.00059678
3204,0.00059968
3205,0.00059968
3206,0.00059968
3207,0.00059968
3208,0.00059968
3209,0.00059968
3210,0.00059968
3211,0.00059968
3212,0.00059968
3213,0.00059968
3214,0.00059968
3215,0.00059968
3216,0.00059968
3217,0.00059968
3218,0.00059968
3219,0.00059968
3220,0.00059968
3221,0.00059677
3222,0.00059677
3223,0.00059677
3224,0.00059677
3225,0.00059677
3226,0.00059677
3227,0.00059677
3228,0.00059677
3229,0.00059677
3230,0.00059677
3231,0.00059677
3232,0.00059677
3233,0.00059677
3234,0.00059677
3235,0.00059677
3236,0.00059677
3237,0.00059677
3238,0.00059677
3239,0.00059677
3240,0.00059677
3241,0.00059677
3242,0.00059677
3243,0.00059677
3244,0.00059677
3245,0.00059677
3246,0.00059677
3247,0.00059677
3248,0.00059037
3249,0.00059023
3250,0.00059023
3251,0.00059023
3252,0.00059023
3253,0.00059023
3254,0.00059023
3255,0.00059023
3256,0.00059023
3257,0.00059023
3258,0.00059023
3259,0.00059023
3260,0.00059023
3261,0.00059023
3262,0.00059675
3263,0.00059675
3264,0.00059675
3265,0.00059026
3266,0.00059675
3267,0.00059026
3268,0.00059026
3269,0.00059026
3270,0.00059676
3271,0.00059676
3272,0.00059677
3273,0.00059677
3274,0.00059677
3275,0.00059677
3276,0.00059677
3277,0.00059677
3278,0.00059677
3279,0.00059677
3280,0.00059677
3281,0.00059677
3282,0.00059677
3283,0.00059677
3284,0.00059677
3285,0.00059677
3286,0.00059677
3287,0.00059677
3288,0.00059677
3289,0.00059377
3290,0.00059377
3291,0.00059377
3292,0.00059377
3293,0.00059377
3294,0.00059377
3295,0.00059377
3296,0.00059677
3297,0.00059677
3298,0.00059677
3299,0.00059677
3300,0.00059677
3301,0.00059677
3302,0.00059377
3303,0.00059377
3304,0.00059376
3305,0.00059376
3306,0.00059376
3307,0.00059376
3308,0.00059377
3309,0.00059377
3310,0.00059377
3311,0.00059377
3312,0.00059377
3313,0.00059377
3314,0.00059377
3315,0.00059377
3316,0.00059377
3317,0.00059377
3318,0.00059377
3319,0.00059377
3320,0.00059377
3321,0.00059377
3322,0.00059377
3323,0.00059377
3324,0.00059377
3325,0.00059377
3326,0.00059377
3327,0.00059377
3328,0.00059377
3329,0.00059377
3330,0.00059377
3331,0.00059377
3332,0.00059377
3333,0.00059376
3334,0.00059376
3335,0.00059376
3336,0.00059376
3337,0.00059376
3338,0.00059376
3339,0.00059968
3340,0.00059968
3341,0.00059968
3342,0.00059968
3343,0.00059968
3344,0.00059968
3345,0.00059969
3346,0.00059969
3347,0.00059969
3348,0.00059969
3349,0.00059969
3350,0.00059969
3351,0.00059969
3352,0.00059969
3353,0.00059969
3354,0.00059969
3355,0.00059969
3356,0.00059969
3357,0.00059969
3358,0.00059969
3359,0.00059969
3360,0.00059969
3361,0.00059969
3362,0.00059969
3363,0.00059969
3364,0.00059969
3365,0.00059969
3366,0.00059969
3367,0.00059969
3368,0.00059969
3369,0.00059969
3370,0.00059969
3371,0.00059969
3372,0.00059969
3373,0.00059969
3374,0.00059969
3375,0.00059969
3376,0.00059969
3377,0.00059969
3378,0.0005997
3379,0.0005997
3380,0.0005997
3381,0.00059969
3382,0.0005997
3383,0.0005997
3384,0.0005997
3385,0.0005997
3386,0.0005997
3387,0.0005997
3388,0.0005997
3389,0.0005997
3390,0.0005997
3391,0.0005997
3392,0.00060407
3393,0.00060407
3394,0.00060407
3395,0.00060407
3396,0.00060407
3397,0.00060407
3398,0.00060407
3399,0.00060407
3400,0.00060407
3401,0.00060407
3402,0.00060407
3403,0.00059971
3404,0.00059971
3405,0.00059971
3406,0.00059971
3407,0.00059971
3408,0.00059971
3409,0.00059971
3410,0.00059971
3411,0.00059971
3412,0.00059971
3413,0.00059971
3414,0.00059971
3415,0.00059971
3416,0.00059971
3417,0.00059971
3418,0.00059971
3419,0.00059971
3420,0.00059971
3421,0.00059971
3422,0.00059971
3423,0.00059971
3424,0.00059971
3425,0.00059971
3426,0.00059971
3427,0.00059971
3428,0.00059971
3429,0.00059971
3430,0.00059971
3431,0.00059971
3432,0.00059971
3433,0.00059971
3434,0.00059971
3435,0.00059971
3436,0.00059971
3437,0.00059971
3438,0.00059971
3439,0.00059971
3440,0.00059971
3441,0.00059971
3442,0.00059971
3443,0.00059971
3444,0.00059971
3445,0.00059971
3446,0.00059971
3447,0.00059971
3448,0.00059971
3449,0.00059971
3450,0.00059971
3451,0.00059971
3452,0.00059971
3453,0.00059971
3454,0.00059971
3455,0.00059971
3456,0.00059971
3457,0.00059971
3458,0.00059971
3459,0.00059971
3460,0.00059971
3461,0.00059971
3462,0.00059971
3463,0.00059971
3464,0.00059971
3465,0.00059971
3466,0.00059971
3467,0.00059971
3468,0.00059971
3469,0.00059971
3470,0.00059971
3471,0.00059971
3472,0.00059971
3473,0.00059971
3474,0.00059971
3475,0.00059971
3476,0.00059971
3477,0.00059971
3478,0.00059971
3479,0.00059971
3480,0.00059971
3481,0.00059971
3482,0.00059971
3483,0.00059971
3484,0.00060407
3485,0.00060407
3486,0.00060407
3487,0.00060407
3488,0.00060407
3489,0.00060407
3490,0.0006
3491,0.0006
3492,0.0006
3493,0.0006
3494,0.0006
3495,0.0006
3496,0.0006
3497,0.0006
3498,0.0006
3499,0.0006
3500,0.0006
3501,0.0006
3502,0.0006
3503,0.0006
3504,0.0006
3505,0.0006
3506,0.0006
3507,0.0006
3508,0.0006
3509,0.0006
3510,0.0006
3511,0.0006
3512,0.00059969
3513,0.00059969
3514,0.00059969
3515,0.00059969
3516,0.00059969
3517,0.00059969
3518,0.00059969
3519,0.00059969
3520,0.00059969
3521,0.00059969
3522,0.00059969
3523,0.00059969
3524,0.00059969
3525,0.00059969
3526,0.00059969
3527,0.00059969
3528,0.00059969
3529,0.00059969
3530,0.00059969
3531,0.00059969
3532,0.00059969
3533,0.00059969
3534,0.00059969
3535,0.00059377
3536,0.00059377
3537,0.00059377
3538,0.0005938
3539,0.0005938
3540,0.0005938
3541,0.0005938
3542,0.00058865
3543,0.00058865
3544,0.0005938
3545,0.0005938
3546,0.00059381
3547,0.00059381
3548,0.00059381
3549,0.00059381
3550,0.00059384
3551,0.00059384
3552,0.00059384
3553,0.00059381
3554,0.00059381
3555,0.00059381
3556,0.00059381
3557,0.00059381
3558,0.00059381
3559,0.00059381
3560,0.00059381
3561,0.00059381
3562,0.00059381
3563,0.00059381
3564,0.0005817
3565,0.0005817
3566,0.0005817
3567,0.0005817
3568,0.00059668
3569,0.00059668
3570,0.00059668
3571,0.00059668
3572,0.00059668
3573,0.00059656
3574,0.00059656
3575,0.00059656
3576,0.00059656
3577,0.00059656
3578,0.00059656
3579,0.00059656
3580,0.00059656
3581,0.00059656
3582,0.00059656
3583,0.00059656
3584,0.00059656
3585,0.00058933
3586,0.00058933
3587,0.00058933
3588,0.00058933
3589,0.00058933
3590,0.00058933
3591,0.00058933
3592,0.00058933
3593,0.00058933
3594,0.00058933
3595,0.00058933
3596,0.00058933
3597,0.00058933
3598,0.00058933
3599,0.00058933
3600,0.00058933
3601,0.00058933
3602,0.00058933
3603,0.00058933
3604,0.00058933
3605,0.00058933
3606,0.00058933
3607,0.00058933
3608,0.00058933
3609,0.00058933
3610,0.0005939
3611,0.0005939
3612,0.0005939
3613,0.0005939
3614,0.0005939
3615,0.0005939
3616,0.0005939
3617,0.0005939
3618,0.0005939
3619,0.0005939
3620,0.00059373
3621,0.00059373
3622,0.00059373
3623,0.00059373
3624,0.00059373
3625,0.00059373
3626,0.00059373
3627,0.00059373
3628,0.00059373
3629,0.00059373
3630,0.00059373
3631,0.00059373
3632,0.00059373
3633,0.00059373
3634,0.00059373
3635,0.00059373
3636,0.00059373
3637,0.00059373
3638,0.0005939
3639,0.0005939
3640,0.0005939
3641,0.0005939
3642,0.0005939
3643,0.0005939
3644,0.0005939
3645,0.0005939
3646,0.0005939
3647,0.0005939
3648,0.0005939
3649,0.0005939
3650,0.0005939
3651,0.0005939
3652,0.0005939
3653,0.0005939
3654,0.0005939
3655,0.0005939
3656,0.0005939
3657,0.0005939
3658,0.0005939
3659,0.0005939
3660,0.0005939
3661,0.0005939
3662,0.0005939
3663,0.0005939
3664,0.0005939
3665,0.0005939
3666,0.0005939
3667,0.0005967
3668,0.0005967
3669,0.0005967
3670,0.0005967
3671,0.0005967
3672,0.0005967
3673,0.0005967
3674,0.0005967
3675,0.0005967
3676,0.0005967
3677,0.0005967
3678,0.0005967
3679,0.0005967
3680,0.0005967
3681,0.0005967
3682,0.0005967
3683,0.0005967
3684,0.0005967
3685,0.00058727
3686,0.00058727
3687,0.00058727
3688,0.00058727
3689,0.00058727
3690,0.00058727
3691,0.00058727
3692,0.00058727
3693,0.00059679
3694,0.00059679
3695,0.00059679
3696,0.00059679
3697,0.00059679
3698,0.00059679
3699,0.00059679
3700,0.00059679
3701,0.00059679
3702,0.00059679
3703,0.00059679
3704,0.00059679
3705,0.00059679
3706,0.00059679
3707,0.00059679
3708,0.00059679
3709,0.00059679
3710,0.00059679
3711,0.00059679
3712,0.00059679
3713,0.00059679
3714,0.00059679
3715,0.00059268
3716,0.00059679
3717,0.00059268
3718,0.00059268
3719,0.00059268
3720,0.00059268
3721,0.00059268
3722,0.00059268
3723,0.00059268
3724,0.00059268
3725,0.00059268
3726,0.00059173
3727,0.00059173
3728,0.00058729
3729,0.00058729
3730,0.00058729
3731,0.00058729
3732,0.00058729
3733,0.00058729
3734,0.00058728
3735,0.00058053
3736,0.00058053
3737,0.00058053
3738,0.00058053
3739,0.00058053
3740,0.00058727
3741,0.00058727
3742,0.00058727
3743,0.00058727
3744,0.00058727
3745,0.00058727
3746,0.00058727
3747,0.00058727
3748,0.00058727
3749,0.00058727
3750,0.00058727
3751,0.00058727
3752,0.00058727
3753,0.00058727
3754,0.00058727
3755,0.00058727
3756,0.00058727
3757,0.00058727
3758,0.00058727
3759,0.00058727
3760,0.00058727
3761,0.00058727
3762,0.00058727
3763,0.00058727
3764,0.00058727
3765,0.00058727
3766,0.00058727
3767,0.00058727
3768,0.00058727
3769,0.00058727
3770,0.00058727
3771,0.00058727
3772,0.00058727
3773,0.00058727
3774,0.00058727
3775,0.00058727
3776,0.00058727
3777,0.00058727
3778,0.00058727
3779,0.00058727
3780,0.00058727
3781,0.00058727
3782,0.00058727
3783,0.00058727
3784,0.00058797
3785,0.00058797
3786,0.00058797
3787,0.00058797
3788,0.00058999
3789,0.00058999
3790,0.00058999
3791,0.00058999
3792,0.00058999
3793,0.00058999
3794,0.00058999
3795,0.00058999
3796,0.00058999
3797,0.00058999
3798,0.00058999
3799,0.0005885
3800,0.0005885
3801,0.0005885
3802,0.0005885
3803,0.0005885
3804,0.0005885
3805,0.0005885
3806,0.0005885
3807,0.0005885
3808,0.0005885
3809,0.0005885
3810,0.0005885
3811,0.00059433
3812,0.00059433
3813,0.00059433
3814,0.00059433
3815,0.00059433
3816,0.00059433
3817,0.00059433
3818,0.00059433
3819,0.00059433
3820,0.00059433
3821,0.00059433
3822,0.00059433
3823,0.00059433
3824,0.00059433
3825,0.00059433
3826,0.00059433
3827,0.00059433
3828,0.00059433
3829,0.00059433
3830,0.00059433
3831,0.00059433
3832,0.00059433
3833,0.00059433
3834,0.00059433
3835,0.00059433
3836,0.00059433
3837,0.00059433
3838,0.00059433
3839,0.00059433
3840,0.00059433
3841,0.00059433
3842,0.00059433
3843,0.00059433
3844,0.00059433
3845,0.00059433
3846,0.00059433
3847,0.00059433
3848,0.00059433
3849,0.00059433
3850,0.00059433
3851,0.00059433
3852,0.00059433
3853,0.00059433
3854,0.00059433
3855,0.00059433
3856,0.00059433
3857,0.00059433
3858,0.00059433
3859,0.00059433
3860,0.00059433
3861,0.0005885
3862,0.0005885
3863,0.0005885
3864,0.0005885
3865,0.0005885
3866,0.0005885
3867,0.0005885
3868,0.0005885
3869,0.0005885
3870,0.00058156
3871,0.00058156
3872,0.00058156
3873,0.00058156
3874,0.00058789
3875,0.00058789
3876,0.000588
3877,0.000588
3878,0.00059244
3879,0.00058194
3880,0.000582
3881,0.000582
3882,0.000582
3883,0.000582
3884,0.000582
3885,0.000582
3886,0.000582
3887,0.000582
3888,0.000582
3889,0.000582
3890,0.000582
3891,0.000582
3892,0.000582
3893,0.000582
3894,0.000582
3895,0.000582
3896,0.000582
3897,0.000582
3898,0.000582
3899,0.000582
3900,0.000582
3901,0.000582
3902,0.000582
3903,0.00059329
3904,0.00059322
3905,0.00059322
3906,0.00059334
3907,0.00059334
3908,0.00059334
3909,0.00059334
3910,0.00059334
3911,0.00059334
3912,0.00059334
3913,0.00059334
3914,0.00059334
3915,0.00059334
3916,0.00059334
3917,0.00059334
3918,0.00059334
3919,0.00059334
3920,0.00059334
3921,0.00059334
3922,0.00059334
3923,0.00059334
3924,0.00059334
3925,0.00059334
3926,0.00059334
3927,0.00059334
3928,0.00059334
3929,0.00059334
3930,0.00059334
3931,0.00059334
3932,0.00059334
3933,0.00059334
3934,0.00059334
3935,0.00059334
3936,0.00059334
3937,0.00059334
3938,0.00059334
3939,0.00059334
3940,0.00059334
3941,0.00059334
3942,0.00059334
3943,0.00059334
3944,0.00059334
3945,0.00059334
3946,0.00059334
3947,0.00059334
3948,0.00059334
3949,0.00059334
3950,0.00059334
3951,0.00059334
3952,0.00058671
3953,0.00058671
3954,0.00058671
3955,0.00058671
3956,0.00058671
3957,0.00058671
3958,0.00058671
3959,0.00058671
3960,0.00058671
3961,0.00058671
3962,0.00058671
3963,0.00058671
3964,0.00058671
3965,0.00058671
3966,0.00058671
3967,0.00058671
3968,0.00058671
3969,0.00058671
3970,0.00058671
3971,0.00058671
3972,0.00058671
3973,0.00058671
3974,0.00058671
3975,0.00058671
3976,0.00058671
3977,0.00058671
3978,0.00058671
3979,0.00058671
3980,0.00058671
3981,0.00058671
3982,0.00058671
3983,0.00058671
3984,0.00058671
3985,0.00058671
3986,0.00058671
3987,0.00058671
3988,0.00058671
3989,0.0005849
3990,0.0005849
3991,0.0005849
3992,0.00059172
3993,0.00059172
3994,0.00059172
3995,0.00059172
3996,0.00059172
3997,0.00059172
3998,0.00059172
3999,0.00059172
4000,0.00059172
4001,0.00059172
4002,0.00059172
4003,0.00059103
4004,0.00059103
4005,0.00059103
4006,0.00059103
4007,0.00059103
4008,0.00059103
4009,0.00059103
4010,0.00059103
4011,0.00059103
4012,0.00059103
4013,0.00059103
4014,0.00059103
4015,0.00059103
4016,0.00059103
4017,0.00059103
4018,0.00059103
4019,0.0005851
4020,0.0005851
4021,0.0005851
4022,0.0005851
4023,0.0005851
4024,0.0005851
4025,0.0005851
4026,0.0005851
4027,0.0005851
4028,0.0005851
4029,0.00059096
4030,0.00059096
4031,0.00059096
4032,0.00059096
4033,0.00058433
4034,0.00058433
4035,0.00058433
4036,0.00058433
4037,0.00058433
4038,0.00058433
4039,0.00058433
4040,0.00058433
4041,0.00058433
4042,0.00058433
4043,0.00058433
4044,0.00058433
4045,0.00058433
4046,0.00058433
4047,0.00058433
4048,0.00058433
4049,0.00059071
4050,0.00059071
4051,0.00059071
4052,0.00059071
4053,0.00059071
4054,0.00059103
4055,0.00059103
4056,0.00059103
4057,0.00059103
4058,0.00059103
4059,0.00059103
4060,0.00059103
4061,0.00059103
4062,0.00059103
4063,0.00059103
4064,0.00059103
4065,0.00059103
4066,0.00059103
4067,0.00059103
4068,0.00059103
4069,0.00059103
4070,0.00059103
4071,0.00059103
4072,0.00059103
4073,0.00059103
4074,0.00059103
4075,0.00059103
4076,0.00059103
4077,0.00059103
4078,0.00059103
4079,0.00059103
4080,0.00058477
4081,0.00058477
4082,0.00058477
4083,0.00058412
4084,0.00058412
4085,0.00058412
4086,0.00058411
4087,0.00058411
4088,0.00058411
4089,0.00058398
4090,0.00058398
4091,0.00058398
4092,0.00058398
4093,0.00058398
4094,0.00058398
4095,0.00058398
4096,0.00058398
4097,0.00058398
4098,0.00058398
4099,0.00058398
4100,0.00058398
4101,0.00058398
4102,0.00058398
4103,0.00058398
4104,0.00058398
4105,0.00058398
4106,0.00058398
4107,0.00058398
4108,0.00058398
4109,0.00059393
4110,0.00059393
4111,0.00059393
4112,0.00059399
4113,0.00059399
4114,0.00059399
4115,0.000594
4116,0.00059399
4117,0.00059399
4118,0.00059399
4119,0.00059399
4120,0.00059399
4121,0.00059399
4122,0.00059399
4123,0.00059399
4124,0.00059399
4125,0.00059399
4126,0.00059399
4127,0.00059399
4128,0.00059399
4129,0.00059399
4130,0.00059399
4131,0.00059399
4132,0.00059398
4133,0.00059398
4134,0.00059398
4135,0.00059398
4136,0.00059398
4137,0.00059398
4138,0.00059398
4139,0.00059398
4140,0.00059398
4141,0.00059398
4142,0.00059398
4143,0.000595
4144,0.00059499
4145,0.00059499
4146,0.00059499
4147,0.00059499
4148,0.00058061
4149,0.00058061
4150,0.00058061
4151,0.00058061
4152,0.00058061
4153,0.00058061
4154,0.00058061
4155,0.00058061
4156,0.00058731
4157,0.00058731
4158,0.00058731
4159,0.00058731
4160,0.00058731
4161,0.00058731
4162,0.00058731
4163,0.00058731
4164,0.00058731
4165,0.00058731
4166,0.00058731
4167,0.00058671
4168,0.00058671
4169,0.00058671
4170,0.00058671
4171,0.00058671
4172,0.00058671
4173,0.00058671
4174,0.00058671
4175,0.00058671
4176,0.00058671
4177,0.00058671
4178,0.00058671
4179,0.00058671
4180,0.00058671
4181,0.00058671
4182,0.00058671
4183,0.00058671
4184,0.00058671
4185,0.00058671
4186,0.00058671
4187,0.00058671
4188,0.00058671
4189,0.00058671
4190,0.0005873
4191,0.0005873
4192,0.0005873
4193,0.0005873
4194,0.0005873
4195,0.0005873
4196,0.0005873
4197,0.0005873
4198,0.0005873
4199,0.0005873
4200,0.0005873
4201,0.0005873
4202,0.0005873
4203,0.0005873
4204,0.00058646
4205,0.00058646
4206,0.00058729
4207,0.00058729
4208,0.00058729
4209,0.00058724
4210,0.00058724
4211,0.00058724
4212,0.00058724
4213,0.00058724
4214,0.00058724
4215,0.00058646
4216,0.00058646
4217,0.00058173
4218,0.00058173
4219,0.00058053
4220,0.00058053
4221,0.00058053
4222,0.00058053
4223,0.00057613
4224,0.00057613
4225,0.00058032
4226,0.00058032
4227,0.00058032
4228,0.00058053
4229,0.000577
4230,0.000577
4231,0.000577
4232,0.00058173
4233,0.00058173
4234,0.00058173
4235,0.00058173
4236,0.00058173
4237,0.00058173
4238,0.00058173
4239,0.00058173
4240,0.00058173
4241,0.00058173
4242,0.00058173
4243,0.00058173
4244,0.00058173
4245,0.00058042
4246,0.00058042
4247,0.00058042
4248,0.00058042
4249,0.00058042
4250,0.00058042
4251,0.00058042
4252,0.00058042
4253,0.00058042
4254,0.00058042
4255,0.00058042
4256,0.00058042
4257,0.00058042
4258,0.00058042
4259,0.00058042
4260,0.00058173
4261,0.00058209
4262,0.00058209
4263,0.00058209
4264,0.00058209
4265,0.00058209
4266,0.00058209
4267,0.00058209
4268,0.00058209
4269,0.00058209
4270,0.000582
4271,0.00058646
4272,0.00058646
4273,0.00058646
4274,0.00058646
4275,0.00058646
4276,0.00058646
4277,0.00058646
4278,0.00058646
4279,0.00058646
4280,0.00058646
4281,0.00058646
4282,0.00058646
4283,0.00058646
