0,7.975e-05
1,7.975e-05
2,7.874e-05
3,7.874e-05
4,7.96e-05
5,7.96e-05
6,7.878e-05
7,7.878e-05
8,7.878e-05
9,7.878e-05
10,7.878e-05
11,7.877e-05
12,7.877e-05
13,7.877e-05
14,7.877e-05
15,7.877e-05
16,7.877e-05
17,7.878e-05
18,7.878e-05
19,7.877e-05
20,7.877e-05
21,7.877e-05
22,7.877e-05
23,7.877e-05
24,7.877e-05
25,7.877e-05
26,7.878e-05
27,7.878e-05
28,7.899e-05
29,7.858e-05
30,7.858e-05
31,7.858e-05
32,7.858e-05
33,7.858e-05
34,7.858e-05
35,7.858e-05
36,7.858e-05
37,7.858e-05
38,7.858e-05
39,7.858e-05
40,7.858e-05
41,7.858e-05
42,7.858e-05
43,7.858e-05
44,7.858e-05
45,7.858e-05
46,7.858e-05
47,7.858e-05
48,7.858e-05
49,7.858e-05
50,7.858e-05
51,7.858e-05
52,7.858e-05
53,7.858e-05
54,7.781e-05
55,7.858e-05
56,7.858e-05
57,7.858e-05
58,7.859e-05
59,7.859e-05
60,7.859e-05
61,7.859e-05
62,7.859e-05
63,7.859e-05
64,7.859e-05
65,7.859e-05
66,7.859e-05
67,7.859e-05
68,7.859e-05
69,7.859e-05
70,7.858e-05
71,7.858e-05
72,7.858e-05
73,7.856e-05
74,7.74e-05
75,7.74e-05
76,7.74e-05
77,7.74e-05
78,7.74e-05
79,7.74e-05
80,7.74e-05
81,7.74e-05
82,7.74e-05
83,7.74e-05
84,7.677e-05
85,7.677e-05
86,7.677e-05
87,7.74e-05
88,7.74e-05
89,7.74e-05
90,7.74e-05
91,7.74e-05
92,7.74e-05
93,7.74e-05
94,7.679e-05
95,7.679e-05
96,7.679e-05
97,7.736e-05
98,7.736e-05
99,7.736e-05
100,7.736e-05
101,7.736e-05
102,7.682e-05
103,7.682e-05
104,7.685e-05
105,7.685e-05
106,7.685e-05
107,7.685e-05
108,7.685e-05
109,7.685e-05
110,7.685e-05
111,7.685e-05
112,7.685e-05
113,7.685e-05
114,7.685e-05
115,7.685e-05
116,7.685e-05
117,7.685e-05
118,7.685e-05
119,7.685e-05
120,7.685e-05
121,7.685e-05
122,7.685e-05
123,7.707e-05
124,7.707e-05
125,7.707e-05
126,7.707e-05
127,7.707e-05
128,7.707e-05
129,7.74e-05
130,7.74e-05
131,7.74e-05
132,7.74e-05
133,7.74e-05
134,7.74e-05
135,7.74e-05
136,7.74e-05
137,7.74e-05
138,7.74e-05
139,7.808e-05
140,7.808e-05
141,7.808e-05
142,7.808e-05
143,7.808e-05
144,7.808e-05
145,7.741e-05
146,7.741e-05
147,7.741e-05
148,7.741e-05
149,7.742e-05
150,7.742e-05
151,7.742e-05
152,7.742e-05
153,7.742e-05
154,7.742e-05
155,7.742e-05
156,7.742e-05
157,7.742e-05
158,7.742e-05
159,7.742e-05
160,7.742e-05
161,7.742e-05
162,7.742e-05
163,7.742e-05
164,7.742e-05
165,7.742e-05
166,7.742e-05
167,7.742e-05
168,7.742e-05
169,7.742e-05
170,7.742e-05
171,7.742e-05
172,7.742e-05
173,7.742e-05
174,7.742e-05
175,7.742e-05
176,7.742e-05
177,7.742e-05
178,7.742e-05
179,7.809e-05
180,7.809e-05
181,7.809e-05
182,7.809e-05
183,7.809e-05
184,7.809e-05
185,7.809e-05
186,7.809e-05
187,7.809e-05
188,7.809e-05
189,7.809e-05
190,7.809e-05
191,7.809e-05
192,7.809e-05
193,7.809e-05
194,7.742e-05
195,7.742e-05
196,7.742e-05
197,7.742e-05
198,7.742e-05
199,7.742e-05
200,7.742e-05
201,7.742e-05
202,7.742e-05
203,7.742e-05
204,7.742e-05
205,7.742e-05
206,7.742e-05
207,7.742e-05
208,7.742e-05
209,7.682e-05
210,7.682e-05
211,7.849e-05
212,7.849e-05
213,7.849e-05
214,7.849e-05
215,7.849e-05
216,7.849e-05
217,7.849e-05
218,7.849e-05
219,7.849e-05
220,7.849e-05
221,7.849e-05
222,7.849e-05
223,7.849e-05
224,7.849e-05
225,7.849e-05
226,7.838e-05
227,7.838e-05
228,7.961e-05
229,7.961e-05
230,7.961e-05
231,7.961e-05
232,7.961e-05
233,7.961e-05
234,7.961e-05
235,7.961e-05
236,7.961e-05
237,7.961e-05
238,7.961e-05
239,7.961e-05
240,7.961e-05
241,7.961e-05
242,7.961e-05
243,7.961e-05
244,7.961e-05
245,7.961e-05
246,7.961e-05
247,7.961e-05
248,7.961e-05
249,7.961e-05
250,7.961e-05
251,7.978e-05
252,7.978e-05
253,7.978e-05
254,7.978e-05
255,7.978e-05
256,7.978e-05
257,7.978e-05
258,7.979e-05
259,7.978e-05
260,7.978e-05
261,7.978e-05
262,7.978e-05
263,7.979e-05
264,7.979e-05
265,7.979e-05
266,7.979e-05
267,7.752e-05
268,7.752e-05
269,7.752e-05
270,7.775e-05
271,7.847e-05
272,7.847e-05
273,7.847e-05
274,7.847e-05
275,7.847e-05
276,7.847e-05
277,7.774e-05
278,7.776e-05
279,7.776e-05
280,7.776e-05
281,7.776e-05
282,7.776e-05
283,7.776e-05
284,7.776e-05
285,7.769e-05
286,7.769e-05
287,7.776e-05
288,7.776e-05
289,7.776e-05
290,7.776e-05
291,7.776e-05
292,7.776e-05
293,7.776e-05
294,7.873e-05
295,7.873e-05
296,7.873e-05
297,7.873e-05
298,7.873e-05
299,7.873e-05
300,7.873e-05
301,7.873e-05
302,7.873e-05
303,7.873e-05
304,7.873e-05
305,7.873e-05
306,7.739e-05
307,7.874e-05
308,7.871e-05
309,7.869e-05
310,7.869e-05
311,7.869e-05
312,7.869e-05
313,7.869e-05
314,7.869e-05
315,7.869e-05
316,7.869e-05
317,7.869e-05
318,7.898e-05
319,7.898e-05
320,7.898e-05
321,7.898e-05
322,7.898e-05
323,7.898e-05
324,7.898e-05
325,7.859e-05
326,7.859e-05
327,7.859e-05
328,7.87e-05
329,7.87e-05
330,7.87e-05
331,7.87e-05
332,7.88e-05
333,7.88e-05
334,7.88e-05
335,7.88e-05
336,7.88e-05
337,7.88e-05
338,7.88e-05
339,7.88e-05
340,7.88e-05
341,7.88e-05
342,7.88e-05
343,7.842e-05
344,7.842e-05
345,7.842e-05
346,7.842e-05
347,7.842e-05
348,7.707e-05
349,7.707e-05
350,7.707e-05
351,7.707e-05
352,7.707e-05
353,7.707e-05
354,7.839e-05
355,7.899e-05
356,7.899e-05
357,7.899e-05
358,7.899e-05
359,7.899e-05
360,7.899e-05
361,7.899e-05
362,7.899e-05
363,7.979e-05
364,7.979e-05
365,7.979e-05
366,7.979e-05
367,7.98e-05
368,7.98e-05
369,7.98e-05
370,7.98e-05
371,7.98e-05
372,7.98e-05
373,7.98e-05
374,7.98e-05
375,7.98e-05
376,7.98e-05
377,7.98e-05
378,7.98e-05
379,7.98e-05
380,7.98e-05
381,7.98e-05
382,7.98e-05
383,7.98e-05
384,7.98e-05
385,7.98e-05
386,7.98e-05
387,7.98e-05
388,7.98e-05
389,7.98e-05
390,7.98e-05
391,7.98e-05
392,7.894e-05
393,7.894e-05
394,7.894e-05
395,7.894e-05
396,7.894e-05
397,7.979e-05
398,7.979e-05
399,7.979e-05
400,7.979e-05
401,7.979e-05
402,7.98e-05
403,7.98e-05
404,7.98e-05
405,7.98e-05
406,7.98e-05
407,7.98e-05
408,7.98e-05
409,7.98e-05
410,7.98e-05
411,7.98e-05
412,7.98e-05
413,7.98e-05
414,7.98e-05
415,7.98e-05
416,7.98e-05
417,7.98e-05
418,7.98e-05
419,7.98e-05
420,7.98e-05
421,7.98e-05
422,7.98e-05
423,7.98e-05
424,7.98e-05
425,7.98e-05
426,7.98e-05
427,7.98e-05
428,7.98e-05
429,7.98e-05
430,7.98e-05
431,7.98e-05
432,7.98e-05
433,7.98e-05
434,7.98e-05
435,7.98e-05
436,7.98e-05
437,7.98e-05
438,7.98e-05
439,7.98e-05
440,7.98e-05
441,7.98e-05
442,7.98e-05
443,7.98e-05
444,7.98e-05
445,7.98e-05
446,7.98e-05
447,7.98e-05
448,7.98e-05
449,7.98e-05
450,7.979e-05
451,7.979e-05
452,7.979e-05
453,7.979e-05
454,7.979e-05
455,7.979e-05
456,7.979e-05
457,7.979e-05
458,7.979e-05
459,7.979e-05
460,7.979e-05
461,7.979e-05
462,7.979e-05
463,7.979e-05
464,7.979e-05
465,7.979e-05
466,7.979e-05
467,7.979e-05
468,7.979e-05
469,7.979e-05
470,7.979e-05
471,7.979e-05
472,7.979e-05
473,7.979e-05
474,7.979e-05
475,7.979e-05
476,7.979e-05
477,7.979e-05
478,7.97e-05
479,7.97e-05
480,7.97e-05
481,7.97e-05
482,7.97e-05
483,7.97e-05
484,7.97e-05
485,7.97e-05
486,7.97e-05
487,7.97e-05
488,7.97e-05
489,7.97e-05
490,7.97e-05
491,7.97e-05
492,7.97e-05
493,7.97e-05
494,7.97e-05
495,7.97e-05
496,7.97e-05
497,7.97e-05
498,7.97e-05
499,7.97e-05
500,7.97e-05
501,7.95e-05
502,7.95e-05
503,7.95e-05
504,7.95e-05
505,7.95e-05
506,7.95e-05
507,7.95e-05
508,7.95e-05
509,7.95e-05
510,7.95e-05
511,7.95e-05
512,7.95e-05
513,7.95e-05
514,7.95e-05
515,7.95e-05
516,7.95e-05
517,7.95e-05
518,7.95e-05
519,7.95e-05
520,7.95e-05
521,7.95e-05
522,7.95e-05
523,7.866e-05
524,7.865e-05
525,7.865e-05
526,7.865e-05
527,7.865e-05
528,7.75e-05
529,7.75e-05
530,7.758e-05
531,7.758e-05
532,7.758e-05
533,7.758e-05
534,7.758e-05
535,7.758e-05
536,7.758e-05
537,7.758e-05
538,7.758e-05
539,7.758e-05
540,7.758e-05
541,7.758e-05
542,7.758e-05
543,7.758e-05
544,7.758e-05
545,7.758e-05
546,7.758e-05
547,7.85e-05
548,7.85e-05
549,7.85e-05
550,7.85e-05
551,7.85e-05
552,7.85e-05
553,7.85e-05
554,7.774e-05
555,7.774e-05
556,7.774e-05
557,7.774e-05
558,7.774e-05
559,7.657e-05
560,7.862e-05
561,7.862e-05
562,7.862e-05
563,7.862e-05
564,7.862e-05
565,7.862e-05
566,7.862e-05
567,7.862e-05
568,7.862e-05
569,7.862e-05
570,7.862e-05
571,7.862e-05
572,7.862e-05
573,7.862e-05
574,7.862e-05
575,7.862e-05
576,7.862e-05
577,7.862e-05
578,7.862e-05
579,7.862e-05
580,7.862e-05
581,7.862e-05
582,7.862e-05
583,7.862e-05
584,7.862e-05
585,7.862e-05
586,7.862e-05
587,7.862e-05
588,7.862e-05
589,7.862e-05
590,7.862e-05
591,7.862e-05
592,7.862e-05
593,7.862e-05
594,7.862e-05
595,7.862e-05
596,7.862e-05
597,7.862e-05
598,7.862e-05
599,7.862e-05
600,7.862e-05
601,7.862e-05
602,7.836e-05
603,7.836e-05
604,7.836e-05
605,7.836e-05
606,7.836e-05
607,7.836e-05
608,7.836e-05
609,7.836e-05
610,7.836e-05
611,7.836e-05
612,7.836e-05
613,7.836e-05
614,7.836e-05
615,7.836e-05
616,7.836e-05
617,7.836e-05
618,7.836e-05
619,7.836e-05
620,7.836e-05
621,7.836e-05
622,7.836e-05
623,7.836e-05
624,7.836e-05
625,7.836e-05
626,7.836e-05
627,7.836e-05
628,7.836e-05
629,7.901e-05
630,7.901e-05
631,7.901e-05
632,7.901e-05
633,7.901e-05
634,7.901e-05
635,7.901e-05
636,7.901e-05
637,7.901e-05
638,7.901e-05
639,7.901e-05
640,7.901e-05
641,7.901e-05
642,7.901e-05
643,7.901e-05
644,7.901e-05
645,7.901e-05
646,7.901e-05
647,7.901e-05
648,7.901e-05
649,7.901e-05
650,7.901e-05
651,7.901e-05
652,7.901e-05
653,7.901e-05
654,7.901e-05
655,7.901e-05
656,7.901e-05
657,7.901e-05
658,7.901e-05
659,7.901e-05
660,7.901e-05
661,7.901e-05
662,7.901e-05
663,7.942e-05
664,7.942e-05
665,7.942e-05
666,7.942e-05
667,7.942e-05
668,7.942e-05
669,7.942e-05
670,7.942e-05
671,7.942e-05
672,7.942e-05
673,7.942e-05
674,7.942e-05
675,7.942e-05
676,7.942e-05
677,7.942e-05
678,7.942e-05
679,7.942e-05
680,7.942e-05
681,7.945e-05
682,7.945e-05
683,7.945e-05
684,7.949e-05
685,7.949e-05
686,7.949e-05
687,7.949e-05
688,7.949e-05
689,7.949e-05
690,7.949e-05
691,7.949e-05
692,7.949e-05
693,7.949e-05
694,7.949e-05
695,7.949e-05
696,7.949e-05
697,7.949e-05
698,7.949e-05
699,7.949e-05
700,7.949e-05
701,7.949e-05
702,7.949e-05
703,7.949e-05
704,7.949e-05
705,7.949e-05
706,7.949e-05
707,7.949e-05
708,7.949e-05
709,7.949e-05
710,7.949e-05
711,7.949e-05
712,7.949e-05
713,7.949e-05
714,7.949e-05
715,7.949e-05
716,7.949e-05
717,7.949e-05
718,7.949e-05
719,7.949e-05
720,7.95e-05
721,7.945e-05
722,7.945e-05
723,7.945e-05
724,7.945e-05
725,7.9e-05
726,7.9e-05
727,7.9e-05
728,7.9e-05
729,7.792e-05
730,7.792e-05
731,7.792e-05
732,7.792e-05
733,7.792e-05
734,7.792e-05
735,7.792e-05
736,7.792e-05
737,7.792e-05
738,7.792e-05
739,7.792e-05
740,7.792e-05
741,7.792e-05
742,7.792e-05
743,7.792e-05
744,7.792e-05
745,7.907e-05
746,7.907e-05
747,7.907e-05
748,7.897e-05
749,7.897e-05
750,7.897e-05
751,7.935e-05
752,7.935e-05
753,7.935e-05
754,7.935e-05
755,7.935e-05
756,7.935e-05
757,7.935e-05
758,7.935e-05
759,7.935e-05
760,7.935e-05
761,7.935e-05
762,7.935e-05
763,7.935e-05
764,7.919e-05
765,7.919e-05
766,7.919e-05
767,7.919e-05
768,7.919e-05
769,7.919e-05
770,7.919e-05
771,7.919e-05
772,7.919e-05
773,7.919e-05
774,7.919e-05
775,7.919e-05
776,7.919e-05
777,7.937e-05
778,7.945e-05
779,7.945e-05
780,7.847e-05
781,7.847e-05
782,7.847e-05
783,7.847e-05
784,7.847e-05
785,7.847e-05
786,7.847e-05
787,7.847e-05
788,7.847e-05
789,7.847e-05
790,7.847e-05
791,7.847e-05
792,7.746e-05
793,7.746e-05
794,7.746e-05
795,7.746e-05
796,7.746e-05
797,7.746e-05
798,7.746e-05
799,7.746e-05
800,7.746e-05
801,7.746e-05
802,7.746e-05
803,7.746e-05
804,7.746e-05
805,7.746e-05
806,7.746e-05
807,7.746e-05
808,7.746e-05
809,7.746e-05
810,7.746e-05
811,7.746e-05
812,7.746e-05
813,7.746e-05
814,7.746e-05
815,7.746e-05
816,7.746e-05
817,7.746e-05
818,7.746e-05
819,7.746e-05
820,7.746e-05
821,7.746e-05
822,7.746e-05
823,7.746e-05
824,7.746e-05
825,7.746e-05
826,7.807e-05
827,7.807e-05
828,7.807e-05
829,7.807e-05
830,7.807e-05
831,7.807e-05
832,7.807e-05
833,7.807e-05
834,7.807e-05
835,7.807e-05
836,7.807e-05
837,7.807e-05
838,7.807e-05
839,7.807e-05
840,7.807e-05
841,7.807e-05
842,7.807e-05
843,7.807e-05
844,7.807e-05
845,7.807e-05
846,7.807e-05
847,7.807e-05
848,7.807e-05
849,7.807e-05
850,7.807e-05
851,7.807e-05
852,7.846e-05
853,7.846e-05
854,7.846e-05
855,7.846e-05
856,7.847e-05
857,7.847e-05
858,7.847e-05
859,7.847e-05
860,7.847e-05
861,7.847e-05
862,7.847e-05
863,7.847e-05
864,7.847e-05
865,7.847e-05
866,7.847e-05
867,7.87e-05
868,7.87e-05
869,7.87e-05
870,7.87e-05
871,7.87e-05
872,7.87e-05
873,7.95e-05
874,7.95e-05
875,7.95e-05
876,7.95e-05
877,7.95e-05
878,7.95e-05
879,7.95e-05
880,7.95e-05
881,7.95e-05
882,7.95e-05
883,7.95e-05
884,7.95e-05
885,7.95e-05
886,7.95e-05
887,7.95e-05
888,7.95e-05
889,7.95e-05
890,7.95e-05
891,7.95e-05
892,7.95e-05
893,7.95e-05
894,7.95e-05
895,7.95e-05
896,7.95e-05
897,7.95e-05
898,7.95e-05
899,7.95e-05
900,7.95e-05
901,7.95e-05
902,7.95e-05
903,7.95e-05
904,7.95e-05
905,7.95e-05
906,7.95e-05
907,7.95e-05
908,7.95e-05
909,7.95e-05
910,7.872e-05
911,7.872e-05
912,7.872e-05
913,7.872e-05
914,7.878e-05
915,7.878e-05
916,7.871e-05
917,7.871e-05
918,7.871e-05
919,7.871e-05
920,7.871e-05
921,7.871e-05
922,7.957e-05
923,7.957e-05
924,7.957e-05
925,7.978e-05
926,7.979e-05
927,7.979e-05
928,7.979e-05
929,7.979e-05
930,7.979e-05
931,7.979e-05
932,7.98e-05
933,7.98e-05
934,7.98e-05
935,7.98e-05
936,7.98e-05
937,7.98e-05
938,7.98e-05
939,7.98e-05
940,7.98e-05
941,7.982e-05
942,7.982e-05
943,8e-05
944,8e-05
945,8e-05
946,8e-05
947,7.982e-05
948,7.982e-05
949,7.982e-05
950,8.001e-05
951,8.001e-05
952,8.001e-05
953,8.001e-05
954,8.001e-05
955,8.001e-05
956,8.001e-05
957,8.001e-05
958,8.001e-05
959,8.001e-05
960,8.001e-05
961,8.001e-05
962,8.001e-05
963,8.001e-05
964,8.001e-05
965,8.001e-05
966,8.001e-05
967,8.002e-05
968,8.002e-05
969,8.002e-05
970,8.002e-05
971,8.002e-05
972,8.002e-05
973,8.002e-05
974,8.002e-05
975,8.002e-05
976,8.002e-05
977,8.002e-05
978,8.002e-05
979,8.002e-05
980,8.002e-05
981,8.002e-05
982,8.002e-05
983,8.002e-05
984,8.002e-05
985,8.002e-05
986,8.002e-05
987,8.002e-05
988,8.002e-05
989,8.002e-05
990,8.002e-05
991,8.002e-05
992,8.002e-05
993,8.002e-05
994,8.002e-05
995,8.002e-05
996,8.002e-05
997,8.002e-05
998,8.002e-05
999,8.003e-05
1000,8.002e-05
1001,8.002e-05
1002,8.002e-05
1003,7.88e-05
1004,7.975e-05
1005,7.975e-05
1006,7.975e-05
1007,7.975e-05
1008,7.975e-05
1009,7.975e-05
1010,7.975e-05
1011,7.975e-05
1012,7.975e-05
1013,7.975e-05
1014,7.975e-05
1015,7.975e-05
1016,7.975e-05
1017,7.975e-05
1018,7.975e-05
1019,7.975e-05
1020,7.975e-05
1021,7.975e-05
1022,7.975e-05
1023,7.975e-05
1024,7.975e-05
1025,7.975e-05
1026,7.975e-05
1027,7.975e-05
1028,7.975e-05
1029,7.975e-05
1030,7.975e-05
1031,7.975e-05
1032,7.975e-05
1033,7.975e-05
1034,7.975e-05
1035,7.975e-05
1036,7.975e-05
1037,7.975e-05
1038,7.975e-05
1039,7.975e-05
1040,7.975e-05
1041,7.975e-05
1042,7.975e-05
1043,7.975e-05
1044,7.975e-05
1045,7.975e-05
1046,7.975e-05
1047,7.975e-05
1048,7.975e-05
1049,7.975e-05
1050,7.975e-05
1051,7.975e-05
1052,7.975e-05
1053,7.975e-05
1054,7.975e-05
1055,7.975e-05
1056,7.975e-05
1057,7.975e-05
1058,7.979e-05
1059,7.979e-05
1060,7.979e-05
1061,8.001e-05
1062,8.001e-05
1063,8.001e-05
1064,8.001e-05
1065,8.001e-05
1066,8.001e-05
1067,8.001e-05
1068,8.001e-05
1069,8.001e-05
1070,8.001e-05
1071,8.001e-05
1072,8.001e-05
1073,8.001e-05
1074,8.001e-05
1075,8.001e-05
1076,8.001e-05
1077,8.001e-05
1078,8.001e-05
1079,8.001e-05
1080,8.001e-05
1081,8.001e-05
1082,8.001e-05
1083,8.001e-05
1084,8.001e-05
1085,8.001e-05
1086,8.001e-05
1087,8.001e-05
1088,8.001e-05
1089,8.001e-05
1090,8.001e-05
1091,8.001e-05
1092,8.001e-05
1093,8.001e-05
1094,8.001e-05
1095,7.975e-05
1096,7.975e-05
1097,7.975e-05
1098,7.882e-05
1099,7.881e-05
1100,7.881e-05
1101,7.881e-05
1102,7.88e-05
1103,7.88e-05
1104,7.88e-05
1105,7.88e-05
1106,7.879e-05
1107,7.879e-05
1108,7.879e-05
1109,7.878e-05
1110,7.878e-05
1111,7.878e-05
1112,7.878e-05
1113,7.878e-05
1114,7.88e-05
1115,8.002e-05
1116,8.002e-05
1117,8.002e-05
1118,8.002e-05
1119,8.002e-05
1120,8.003e-05
1121,8.003e-05
1122,8.002e-05
1123,8.004e-05
1124,8.005e-05
1125,8.005e-05
1126,8.005e-05
1127,8.005e-05
1128,8.005e-05
1129,8.005e-05
1130,8.002e-05
1131,8.002e-05
1132,8.002e-05
1133,7.834e-05
1134,7.999e-05
1135,7.898e-05
1136,7.898e-05
1137,7.898e-05
1138,7.898e-05
1139,7.898e-05
1140,7.898e-05
1141,7.898e-05
1142,7.898e-05
1143,7.898e-05
1144,7.898e-05
1145,7.898e-05
1146,7.898e-05
1147,7.898e-05
1148,7.898e-05
1149,7.898e-05
1150,7.898e-05
1151,7.898e-05
1152,7.898e-05
1153,7.898e-05
1154,7.898e-05
1155,7.898e-05
1156,7.898e-05
1157,7.898e-05
1158,7.898e-05
1159,7.898e-05
1160,7.898e-05
1161,7.898e-05
1162,7.898e-05
1163,7.898e-05
1164,7.898e-05
1165,7.898e-05
1166,7.898e-05
1167,7.898e-05
1168,7.898e-05
1169,7.898e-05
1170,7.898e-05
1171,7.898e-05
1172,7.898e-05
1173,7.898e-05
1174,7.898e-05
1175,7.887e-05
1176,7.887e-05
1177,7.887e-05
1178,7.887e-05
1179,7.887e-05
1180,7.887e-05
1181,7.887e-05
1182,7.887e-05
1183,7.887e-05
1184,7.887e-05
1185,7.887e-05
1186,7.887e-05
1187,7.887e-05
1188,7.887e-05
1189,7.996e-05
1190,7.996e-05
1191,7.996e-05
1192,7.996e-05
1193,7.996e-05
1194,8e-05
1195,8e-05
1196,8e-05
1197,8e-05
1198,8e-05
1199,8e-05
1200,8e-05
1201,8e-05
1202,8e-05
1203,8.005e-05
1204,8.005e-05
1205,8.005e-05
1206,8.005e-05
1207,8.005e-05
1208,8.005e-05
1209,8.005e-05
1210,8.005e-05
1211,8.005e-05
1212,8.005e-05
1213,8.005e-05
1214,8.005e-05
1215,8.005e-05
1216,8.005e-05
1217,8.005e-05
1218,8.005e-05
1219,8e-05
1220,8e-05
1221,7.996e-05
1222,7.996e-05
1223,7.999e-05
1224,7.999e-05
1225,7.999e-05
1226,7.999e-05
1227,7.996e-05
1228,7.996e-05
1229,7.996e-05
1230,7.996e-05
1231,7.996e-05
1232,7.996e-05
1233,7.996e-05
1234,7.996e-05
1235,7.996e-05
1236,7.996e-05
1237,7.816e-05
1238,7.816e-05
1239,7.816e-05
1240,7.822e-05
1241,7.822e-05
1242,7.822e-05
1243,7.822e-05
1244,7.822e-05
1245,7.822e-05
1246,7.83e-05
1247,7.83e-05
1248,7.83e-05
1249,7.919e-05
1250,7.919e-05
1251,7.919e-05
1252,7.905e-05
1253,7.905e-05
1254,7.905e-05
1255,7.905e-05
1256,7.905e-05
1257,7.905e-05
1258,7.905e-05
1259,7.905e-05
1260,7.905e-05
1261,7.905e-05
1262,7.905e-05
1263,7.905e-05
1264,7.905e-05
1265,7.905e-05
1266,7.905e-05
1267,7.905e-05
1268,7.892e-05
1269,7.823e-05
1270,7.822e-05
1271,7.822e-05
1272,7.822e-05
1273,7.822e-05
1274,7.822e-05
1275,7.822e-05
1276,7.822e-05
1277,7.822e-05
1278,7.822e-05
1279,7.822e-05
1280,7.822e-05
1281,7.822e-05
1282,7.822e-05
1283,7.822e-05
1284,7.822e-05
1285,7.822e-05
1286,7.822e-05
1287,7.822e-05
1288,7.822e-05
1289,7.822e-05
1290,7.822e-05
1291,7.822e-05
1292,7.822e-05
1293,7.822e-05
1294,7.887e-05
1295,7.887e-05
1296,7.887e-05
1297,7.887e-05
1298,7.887e-05
1299,7.887e-05
1300,7.887e-05
1301,7.887e-05
1302,7.887e-05
1303,7.887e-05
1304,7.887e-05
1305,7.887e-05
1306,7.887e-05
1307,7.887e-05
1308,7.887e-05
1309,7.887e-05
1310,7.887e-05
1311,7.887e-05
1312,7.887e-05
1313,7.811e-05
1314,7.811e-05
1315,7.811e-05
1316,7.811e-05
1317,7.811e-05
1318,7.811e-05
1319,7.811e-05
1320,7.811e-05
1321,7.811e-05
1322,7.811e-05
1323,7.81e-05
1324,7.81e-05
1325,7.81e-05
1326,7.81e-05
1327,7.81e-05
1328,7.81e-05
1329,7.81e-05
1330,7.81e-05
1331,7.81e-05
1332,7.81e-05
1333,7.81e-05
1334,7.889e-05
1335,7.889e-05
1336,7.889e-05
1337,7.889e-05
1338,7.889e-05
1339,7.889e-05
1340,7.889e-05
1341,7.889e-05
1342,7.889e-05
1343,7.889e-05
1344,7.889e-05
1345,7.889e-05
1346,7.889e-05
1347,7.889e-05
1348,7.889e-05
1349,7.889e-05
1350,7.889e-05
1351,7.889e-05
1352,7.889e-05
1353,7.889e-05
1354,7.925e-05
1355,7.925e-05
1356,7.925e-05
1357,7.925e-05
1358,7.925e-05
1359,7.925e-05
1360,7.925e-05
1361,7.925e-05
1362,7.925e-05
1363,7.925e-05
1364,7.925e-05
1365,7.925e-05
1366,7.925e-05
1367,7.925e-05
1368,7.925e-05
1369,7.925e-05
1370,7.925e-05
1371,7.925e-05
1372,7.925e-05
1373,7.992e-05
1374,7.993e-05
1375,7.993e-05
1376,7.993e-05
1377,7.993e-05
1378,7.993e-05
1379,7.993e-05
1380,7.993e-05
1381,7.993e-05
1382,7.993e-05
1383,7.993e-05
1384,7.993e-05
1385,7.993e-05
1386,7.993e-05
1387,7.993e-05
1388,7.994e-05
1389,7.994e-05
1390,7.993e-05
1391,7.993e-05
1392,7.993e-05
1393,7.993e-05
1394,7.993e-05
1395,7.994e-05
1396,7.994e-05
1397,7.994e-05
1398,7.994e-05
1399,7.994e-05
1400,7.994e-05
1401,7.994e-05
1402,7.994e-05
1403,7.994e-05
1404,7.994e-05
1405,7.994e-05
1406,7.994e-05
1407,7.994e-05
1408,7.994e-05
1409,7.994e-05
1410,7.994e-05
1411,7.994e-05
1412,7.994e-05
1413,7.994e-05
1414,7.994e-05
1415,7.994e-05
1416,7.994e-05
1417,7.994e-05
1418,7.994e-05
1419,7.994e-05
1420,7.994e-05
1421,7.994e-05
1422,7.994e-05
1423,7.994e-05
1424,7.994e-05
1425,7.994e-05
1426,7.994e-05
1427,7.994e-05
1428,7.994e-05
1429,7.994e-05
1430,7.994e-05
1431,7.994e-05
1432,7.994e-05
1433,7.994e-05
1434,7.994e-05
1435,7.994e-05
1436,7.994e-05
1437,7.994e-05
1438,7.994e-05
1439,7.994e-05
1440,7.994e-05
1441,7.994e-05
1442,7.994e-05
1443,7.994e-05
1444,7.994e-05
1445,7.994e-05
1446,7.994e-05
1447,7.994e-05
1448,7.994e-05
1449,7.994e-05
1450,7.994e-05
1451,7.994e-05
1452,7.994e-05
1453,7.994e-05
1454,7.994e-05
1455,7.995e-05
1456,7.995e-05
1457,7.995e-05
1458,7.995e-05
1459,7.995e-05
1460,7.995e-05
1461,7.995e-05
1462,7.995e-05
1463,7.995e-05
1464,7.995e-05
1465,7.995e-05
1466,7.995e-05
1467,7.995e-05
1468,7.995e-05
1469,7.993e-05
1470,7.993e-05
1471,7.993e-05
1472,7.993e-05
1473,7.993e-05
1474,7.993e-05
1475,7.993e-05
1476,7.993e-05
1477,7.993e-05
1478,7.993e-05
1479,7.993e-05
1480,7.993e-05
1481,7.993e-05
1482,7.993e-05
1483,7.993e-05
1484,7.993e-05
1485,7.993e-05
1486,7.993e-05
1487,7.993e-05
1488,7.993e-05
1489,7.993e-05
1490,7.993e-05
1491,7.993e-05
1492,7.993e-05
1493,7.978e-05
1494,7.978e-05
1495,7.978e-05
1496,7.978e-05
1497,7.978e-05
1498,7.978e-05
1499,7.978e-05
1500,7.978e-05
1501,7.978e-05
1502,7.977e-05
1503,7.977e-05
1504,7.977e-05
1505,7.977e-05
1506,7.977e-05
1507,7.977e-05
1508,7.977e-05
1509,7.977e-05
1510,7.977e-05
1511,7.977e-05
1512,7.977e-05
1513,7.977e-05
1514,7.977e-05
1515,7.977e-05
1516,7.977e-05
1517,7.977e-05
1518,7.975e-05
1519,7.975e-05
1520,7.975e-05
1521,7.975e-05
1522,7.975e-05
1523,7.975e-05
1524,7.975e-05
1525,7.975e-05
1526,7.975e-05
1527,7.975e-05
1528,7.977e-05
1529,7.977e-05
1530,7.977e-05
1531,7.977e-05
1532,7.977e-05
1533,7.977e-05
1534,7.977e-05
1535,7.977e-05
1536,7.977e-05
1537,7.9e-05
1538,7.892e-05
1539,7.892e-05
1540,7.892e-05
1541,7.892e-05
1542,7.892e-05
1543,7.891e-05
1544,7.89e-05
1545,7.89e-05
1546,7.89e-05
1547,7.89e-05
1548,7.876e-05
1549,7.876e-05
1550,7.876e-05
1551,7.876e-05
1552,7.876e-05
1553,7.876e-05
1554,7.876e-05
1555,7.876e-05
1556,7.876e-05
1557,7.881e-05
1558,7.881e-05
1559,7.881e-05
1560,7.881e-05
1561,7.881e-05
1562,7.881e-05
1563,7.881e-05
1564,7.865e-05
1565,7.865e-05
1566,7.865e-05
1567,7.865e-05
1568,7.865e-05
1569,7.865e-05
1570,7.865e-05
1571,7.865e-05
1572,7.865e-05
1573,7.865e-05
1574,7.865e-05
1575,7.851e-05
1576,7.851e-05
1577,7.851e-05
1578,7.851e-05
1579,7.851e-05
1580,7.851e-05
1581,7.851e-05
1582,7.851e-05
1583,7.851e-05
1584,7.851e-05
1585,7.851e-05
1586,7.837e-05
1587,7.837e-05
1588,7.837e-05
1589,7.837e-05
1590,7.837e-05
1591,7.837e-05
1592,7.837e-05
1593,7.837e-05
1594,7.837e-05
1595,7.822e-05
1596,7.822e-05
1597,7.822e-05
1598,7.822e-05
1599,7.822e-05
1600,7.811e-05
1601,7.811e-05
1602,7.7e-05
1603,7.7e-05
1604,7.7e-05
1605,7.7e-05
1606,7.7e-05
1607,7.821e-05
1608,7.821e-05
1609,7.821e-05
1610,7.821e-05
1611,7.821e-05
1612,7.801e-05
1613,7.799e-05
1614,7.799e-05
1615,7.799e-05
1616,7.799e-05
1617,7.799e-05
1618,7.799e-05
1619,7.799e-05
1620,7.799e-05
1621,7.781e-05
1622,7.781e-05
1623,7.781e-05
1624,7.781e-05
1625,7.781e-05
1626,7.781e-05
1627,7.781e-05
1628,7.781e-05
1629,7.781e-05
1630,7.811e-05
1631,7.811e-05
1632,7.811e-05
1633,7.811e-05
1634,7.811e-05
1635,7.811e-05
1636,7.811e-05
1637,7.811e-05
1638,7.731e-05
1639,7.824e-05
1640,7.824e-05
1641,7.837e-05
1642,7.837e-05
1643,7.837e-05
1644,7.837e-05
1645,7.837e-05
1646,7.837e-05
1647,7.837e-05
1648,7.837e-05
1649,7.824e-05
1650,7.824e-05
1651,7.824e-05
1652,7.824e-05
1653,7.824e-05
1654,7.7e-05
1655,7.656e-05
1656,7.656e-05
1657,7.656e-05
1658,7.656e-05
1659,7.4e-05
1660,7.434e-05
1661,7.434e-05
1662,7.434e-05
1663,7.434e-05
1664,7.462e-05
1665,7.462e-05
1666,7.691e-05
1667,7.691e-05
1668,7.691e-05
1669,7.683e-05
1670,7.683e-05
1671,7.683e-05
1672,7.683e-05
1673,7.683e-05
1674,7.683e-05
1675,7.683e-05
1676,7.683e-05
1677,7.683e-05
1678,7.683e-05
1679,7.683e-05
1680,7.683e-05
1681,7.683e-05
1682,7.683e-05
1683,7.683e-05
1684,7.683e-05
1685,7.683e-05
1686,7.683e-05
1687,7.679e-05
1688,7.679e-05
1689,7.679e-05
1690,7.529e-05
1691,7.529e-05
1692,7.611e-05
1693,7.611e-05
1694,7.611e-05
1695,7.611e-05
1696,7.611e-05
1697,7.611e-05
1698,7.426e-05
1699,7.426e-05
1700,7.426e-05
1701,7.426e-05
1702,7.426e-05
1703,7.49e-05
1704,7.49e-05
1705,7.49e-05
1706,7.538e-05
1707,7.538e-05
1708,7.538e-05
1709,7.538e-05
1710,7.538e-05
1711,7.538e-05
1712,7.538e-05
1713,7.517e-05
1714,7.515e-05
1715,7.515e-05
1716,7.515e-05
1717,7.507e-05
1718,7.507e-05
1719,7.501e-05
1720,7.501e-05
1721,7.501e-05
1722,7.49e-05
1723,7.49e-05
1724,7.49e-05
1725,7.49e-05
1726,7.49e-05
1727,7.49e-05
1728,7.49e-05
1729,7.49e-05
1730,7.49e-05
1731,7.49e-05
1732,7.49e-05
1733,7.49e-05
1734,7.49e-05
1735,7.49e-05
1736,7.49e-05
1737,7.49e-05
1738,7.49e-05
1739,7.49e-05
1740,7.49e-05
1741,7.495e-05
1742,7.495e-05
1743,7.495e-05
1744,7.495e-05
1745,7.495e-05
1746,7.504e-05
1747,7.504e-05
1748,7.504e-05
1749,7.537e-05
1750,7.537e-05
1751,7.537e-05
1752,7.537e-05
1753,7.537e-05
1754,7.537e-05
1755,7.537e-05
1756,7.537e-05
1757,7.537e-05
1758,7.537e-05
1759,7.537e-05
1760,7.537e-05
1761,7.537e-05
1762,7.537e-05
1763,7.537e-05
1764,7.537e-05
1765,7.537e-05
1766,7.49e-05
1767,7.49e-05
1768,7.49e-05
1769,7.49e-05
1770,7.49e-05
1771,7.49e-05
1772,7.49e-05
1773,7.49e-05
1774,7.49e-05
1775,7.49e-05
1776,7.49e-05
1777,7.49e-05
1778,7.579e-05
1779,7.579e-05
1780,7.579e-05
1781,7.579e-05
1782,7.579e-05
1783,7.579e-05
1784,7.574e-05
1785,7.574e-05
1786,7.574e-05
1787,7.574e-05
1788,7.574e-05
1789,7.574e-05
1790,7.574e-05
1791,7.574e-05
1792,7.574e-05
1793,7.574e-05
1794,7.574e-05
1795,7.574e-05
1796,7.574e-05
1797,7.574e-05
1798,7.574e-05
1799,7.574e-05
1800,7.709e-05
1801,7.709e-05
1802,7.709e-05
1803,7.709e-05
1804,7.709e-05
1805,7.709e-05
1806,7.709e-05
1807,7.571e-05
1808,7.571e-05
1809,7.571e-05
1810,7.585e-05
1811,7.585e-05
1812,7.597e-05
1813,7.597e-05
1814,7.611e-05
1815,7.709e-05
1816,7.576e-05
1817,7.576e-05
1818,7.576e-05
1819,7.576e-05
1820,7.594e-05
1821,7.594e-05
1822,7.594e-05
1823,7.594e-05
1824,7.594e-05
1825,7.594e-05
1826,7.594e-05
1827,7.594e-05
1828,7.594e-05
1829,7.594e-05
1830,7.594e-05
1831,7.594e-05
1832,7.594e-05
1833,7.594e-05
1834,7.594e-05
1835,7.594e-05
1836,7.594e-05
1837,7.594e-05
1838,7.594e-05
1839,7.594e-05
1840,7.594e-05
1841,7.594e-05
1842,7.594e-05
1843,7.594e-05
1844,7.594e-05
1845,7.594e-05
1846,7.594e-05
1847,7.594e-05
1848,7.594e-05
1849,7.594e-05
1850,7.594e-05
1851,7.594e-05
1852,7.594e-05
1853,7.594e-05
1854,7.603e-05
1855,7.603e-05
1856,7.603e-05
1857,7.603e-05
1858,7.603e-05
1859,7.603e-05
1860,7.603e-05
1861,7.603e-05
1862,7.603e-05
1863,7.603e-05
1864,7.603e-05
1865,7.603e-05
1866,7.603e-05
1867,7.603e-05
1868,7.573e-05
1869,7.573e-05
1870,7.573e-05
1871,7.572e-05
1872,7.572e-05
1873,7.572e-05
1874,7.572e-05
1875,7.572e-05
1876,7.572e-05
1877,7.572e-05
1878,7.555e-05
1879,7.555e-05
1880,7.555e-05
1881,7.555e-05
1882,7.555e-05
1883,7.542e-05
1884,7.542e-05
1885,7.54e-05
1886,7.5e-05
1887,7.5e-05
1888,7.5e-05
1889,7.5e-05
1890,7.5e-05
1891,7.5e-05
1892,7.5e-05
1893,7.5e-05
1894,7.5e-05
1895,7.5e-05
1896,7.5e-05
1897,7.5e-05
1898,7.5e-05
1899,7.5e-05
1900,7.5e-05
1901,7.5e-05
1902,7.5e-05
1903,7.5e-05
1904,7.5e-05
1905,7.5e-05
1906,7.5e-05
1907,7.4e-05
1908,7.4e-05
1909,7.37e-05
1910,7.37e-05
1911,7.37e-05
1912,7.37e-05
1913,7.37e-05
1914,7.368e-05
1915,7.37e-05
1916,7.37e-05
1917,7.37e-05
1918,7.37e-05
1919,7.37e-05
1920,7.37e-05
1921,7.37e-05
1922,7.37e-05
1923,7.37e-05
1924,7.37e-05
1925,7.37e-05
1926,7.37e-05
1927,7.37e-05
1928,7.37e-05
1929,7.37e-05
1930,7.37e-05
1931,7.37e-05
1932,7.37e-05
1933,7.37e-05
1934,7.37e-05
1935,7.37e-05
1936,7.37e-05
1937,7.37e-05
1938,7.37e-05
1939,7.37e-05
1940,7.37e-05
1941,7.37e-05
1942,7.37e-05
1943,7.37e-05
1944,7.37e-05
1945,7.37e-05
1946,7.37e-05
1947,7.37e-05
1948,7.499e-05
1949,7.499e-05
1950,7.499e-05
1951,7.499e-05
1952,7.499e-05
1953,7.499e-05
1954,7.499e-05
1955,7.499e-05
1956,7.499e-05
1957,7.499e-05
1958,7.499e-05
1959,7.497e-05
1960,7.497e-05
1961,7.497e-05
1962,7.497e-05
1963,7.497e-05
1964,7.497e-05
1965,7.497e-05
1966,7.497e-05
1967,7.497e-05
1968,7.497e-05
1969,7.497e-05
1970,7.497e-05
1971,7.497e-05
1972,7.409e-05
1973,7.409e-05
1974,7.493e-05
1975,7.493e-05
1976,7.493e-05
1977,7.493e-05
1978,7.493e-05
1979,7.396e-05
1980,7.396e-05
1981,7.396e-05
1982,7.406e-05
1983,7.406e-05
1984,7.406e-05
1985,7.5e-05
1986,7.5e-05
1987,7.5e-05
1988,7.5e-05
1989,7.5e-05
1990,7.5e-05
1991,7.5e-05
1992,7.5e-05
1993,7.5e-05
1994,7.5e-05
1995,7.5e-05
1996,7.5e-05
1997,7.5e-05
1998,7.385e-05
1999,7.385e-05
2000,7.385e-05
2001,7.385e-05
2002,7.383e-05
2003,7.383e-05
2004,7.383e-05
2005,7.383e-05
2006,7.383e-05
2007,7.383e-05
2008,7.383e-05
2009,7.383e-05
2010,7.383e-05
2011,7.383e-05
2012,7.383e-05
2013,7.383e-05
2014,7.383e-05
2015,7.383e-05
2016,7.383e-05
2017,7.383e-05
2018,7.383e-05
2019,7.383e-05
2020,7.377e-05
2021,7.377e-05
2022,7.377e-05
2023,7.377e-05
2024,7.377e-05
2025,7.377e-05
2026,7.377e-05
2027,7.377e-05
2028,7.376e-05
2029,7.376e-05
2030,7.376e-05
2031,7.376e-05
2032,7.376e-05
2033,7.376e-05
2034,7.376e-05
2035,7.376e-05
2036,7.376e-05
2037,7.376e-05
2038,7.376e-05
2039,7.376e-05
2040,7.376e-05
2041,7.376e-05
2042,7.376e-05
2043,7.376e-05
2044,7.376e-05
2045,7.376e-05
2046,7.376e-05
2047,7.376e-05
2048,7.376e-05
2049,7.376e-05
2050,7.376e-05
2051,7.376e-05
2052,7.376e-05
2053,7.376e-05
2054,7.376e-05
2055,7.376e-05
2056,7.376e-05
2057,7.376e-05
2058,7.376e-05
2059,7.376e-05
2060,7.376e-05
2061,7.376e-05
2062,7.376e-05
2063,7.376e-05
2064,7.376e-05
2065,7.376e-05
2066,7.376e-05
2067,7.376e-05
2068,7.376e-05
2069,7.376e-05
2070,7.376e-05
2071,7.376e-05
2072,7.376e-05
2073,7.376e-05
2074,7.376e-05
2075,7.376e-05
2076,7.376e-05
2077,7.376e-05
2078,7.376e-05
2079,7.376e-05
2080,7.376e-05
2081,7.376e-05
2082,7.374e-05
2083,7.374e-05
2084,7.374e-05
2085,7.374e-05
2086,7.374e-05
2087,7.374e-05
2088,7.374e-05
2089,7.374e-05
2090,7.374e-05
2091,7.374e-05
2092,7.374e-05
2093,7.374e-05
2094,7.374e-05
2095,7.374e-05
2096,7.374e-05
2097,7.374e-05
2098,7.374e-05
2099,7.374e-05
2100,7.374e-05
2101,7.374e-05
2102,7.374e-05
2103,7.374e-05
2104,7.374e-05
2105,7.374e-05
2106,7.374e-05
2107,7.374e-05
2108,7.374e-05
2109,7.374e-05
2110,7.374e-05
2111,7.374e-05
2112,7.374e-05
2113,7.374e-05
2114,7.374e-05
2115,7.374e-05
2116,7.374e-05
2117,7.374e-05
2118,7.374e-05
2119,7.374e-05
2120,7.374e-05
2121,7.374e-05
2122,7.374e-05
2123,7.374e-05
2124,7.374e-05
2125,7.374e-05
2126,7.374e-05
2127,7.374e-05
2128,7.374e-05
2129,7.374e-05
2130,7.374e-05
2131,7.374e-05
2132,7.374e-05
2133,7.374e-05
2134,7.374e-05
2135,7.374e-05
2136,7.374e-05
2137,7.374e-05
2138,7.374e-05
2139,7.374e-05
2140,7.374e-05
2141,7.374e-05
2142,7.374e-05
2143,7.374e-05
2144,7.374e-05
2145,7.374e-05
2146,7.374e-05
2147,7.374e-05
2148,7.374e-05
2149,7.374e-05
2150,7.374e-05
2151,7.374e-05
2152,7.374e-05
2153,7.374e-05
2154,7.374e-05
2155,7.374e-05
2156,7.374e-05
2157,7.374e-05
2158,7.374e-05
2159,7.374e-05
2160,7.374e-05
2161,7.374e-05
2162,7.374e-05
2163,7.374e-05
2164,7.374e-05
2165,7.374e-05
2166,7.374e-05
2167,7.374e-05
2168,7.374e-05
2169,7.374e-05
2170,7.374e-05
2171,7.374e-05
2172,7.374e-05
2173,7.374e-05
2174,7.374e-05
2175,7.374e-05
2176,7.374e-05
2177,7.374e-05
2178,7.374e-05
2179,7.374e-05
2180,7.374e-05
2181,7.374e-05
2182,7.374e-05
2183,7.374e-05
2184,7.374e-05
2185,7.374e-05
2186,7.374e-05
2187,7.374e-05
2188,7.374e-05
2189,7.374e-05
2190,7.374e-05
2191,7.374e-05
2192,7.374e-05
2193,7.374e-05
2194,7.374e-05
2195,7.374e-05
2196,7.374e-05
2197,7.374e-05
2198,7.374e-05
2199,7.374e-05
2200,7.374e-05
2201,7.374e-05
2202,7.374e-05
2203,7.374e-05
2204,7.374e-05
2205,7.365e-05
2206,7.365e-05
2207,7.358e-05
2208,7.358e-05
2209,7.358e-05
2210,7.351e-05
2211,7.351e-05
2212,7.351e-05
2213,7.351e-05
2214,7.351e-05
2215,7.351e-05
2216,7.351e-05
2217,7.351e-05
2218,7.351e-05
2219,7.351e-05
2220,7.351e-05
2221,7.351e-05
2222,7.351e-05
2223,7.351e-05
2224,7.351e-05
2225,7.351e-05
2226,7.351e-05
2227,7.351e-05
2228,7.351e-05
2229,7.351e-05
2230,7.351e-05
2231,7.351e-05
2232,7.351e-05
2233,7.351e-05
2234,7.351e-05
2235,7.351e-05
2236,7.374e-05
2237,7.374e-05
2238,7.2e-05
2239,7.199e-05
2240,7.199e-05
2241,7.199e-05
2242,7.197e-05
2243,7.197e-05
2244,7.197e-05
2245,7.197e-05
2246,7.177e-05
2247,7.176e-05
2248,7.176e-05
2249,7.176e-05
2250,7.176e-05
2251,7.176e-05
2252,7.176e-05
2253,7.176e-05
2254,7.177e-05
2255,7.177e-05
2256,7.177e-05
2257,7.177e-05
2258,7.177e-05
2259,7.177e-05
2260,7.177e-05
2261,7.177e-05
2262,7.177e-05
2263,7.177e-05
2264,7.177e-05
2265,7.177e-05
2266,7.177e-05
2267,7.177e-05
2268,7.177e-05
2269,7.177e-05
2270,7.177e-05
2271,7.177e-05
2272,7.177e-05
2273,7.177e-05
2274,7.177e-05
2275,7.177e-05
2276,7.177e-05
2277,7.177e-05
2278,7.177e-05
2279,7.177e-05
2280,7.177e-05
2281,7.177e-05
2282,7.177e-05
2283,7.177e-05
2284,7.177e-05
2285,7.038e-05
2286,7.038e-05
2287,7.038e-05
2288,7.038e-05
2289,7.038e-05
2290,7.038e-05
2291,7.038e-05
2292,7.038e-05
2293,7.038e-05
2294,7.177e-05
2295,7.177e-05
2296,7.177e-05
2297,7.177e-05
2298,7.176e-05
2299,7.176e-05
2300,7.176e-05
2301,7.176e-05
2302,7.176e-05
2303,7.176e-05
2304,7.114e-05
2305,7.114e-05
2306,7.108e-05
2307,7.108e-05
2308,7.108e-05
2309,7.176e-05
2310,7.176e-05
2311,7.176e-05
2312,7.176e-05
2313,7.176e-05
2314,7.176e-05
2315,7.176e-05
2316,7.176e-05
2317,7.176e-05
2318,7.176e-05
2319,7.176e-05
2320,7.176e-05
2321,7.176e-05
2322,7.176e-05
2323,7.176e-05
2324,7.176e-05
2325,7.176e-05
2326,7.176e-05
2327,7.185e-05
2328,7.185e-05
2329,7.185e-05
2330,7.185e-05
2331,7.185e-05
2332,7.185e-05
2333,7.185e-05
2334,7.185e-05
2335,7.185e-05
2336,7.185e-05
2337,7.185e-05
2338,7.185e-05
2339,7.185e-05
2340,7.185e-05
2341,7.185e-05
2342,7.185e-05
2343,7.185e-05
2344,7.185e-05
2345,7.185e-05
2346,7.185e-05
2347,7.185e-05
2348,7.185e-05
2349,7.185e-05
2350,7.185e-05
2351,7.185e-05
2352,7.185e-05
2353,7.185e-05
2354,7.185e-05
2355,7.185e-05
2356,7.185e-05
2357,7.185e-05
2358,7.185e-05
2359,7.185e-05
2360,7.185e-05
2361,7.185e-05
2362,7.185e-05
2363,7.185e-05
2364,7.185e-05
2365,7.185e-05
2366,7.185e-05
2367,7.185e-05
2368,7.185e-05
2369,7.185e-05
2370,7.185e-05
2371,7.185e-05
2372,7.185e-05
2373,7.185e-05
2374,7.185e-05
2375,7.185e-05
2376,7.185e-05
2377,7.185e-05
2378,7.185e-05
2379,7.185e-05
2380,7.185e-05
2381,7.185e-05
2382,7.185e-05
2383,7.185e-05
2384,7.185e-05
2385,7.185e-05
2386,7.185e-05
2387,7.185e-05
2388,7.185e-05
2389,7.185e-05
2390,7.185e-05
2391,7.185e-05
2392,7.185e-05
2393,7.185e-05
2394,7.185e-05
2395,7.185e-05
2396,7.185e-05
2397,7.185e-05
2398,7.185e-05
2399,7.185e-05
2400,7.185e-05
2401,7.185e-05
2402,7.185e-05
2403,7.185e-05
2404,7.185e-05
2405,7.185e-05
2406,7.185e-05
2407,7.185e-05
2408,7.185e-05
2409,7.185e-05
2410,7.185e-05
2411,7.185e-05
2412,7.185e-05
2413,7.185e-05
2414,7.185e-05
2415,7.185e-05
2416,7.185e-05
2417,7.185e-05
2418,7.185e-05
2419,7.185e-05
2420,7.185e-05
2421,7.185e-05
2422,7.185e-05
2423,7.185e-05
2424,7.185e-05
2425,7.185e-05
2426,7.185e-05
2427,7.185e-05
2428,7.185e-05
2429,7.185e-05
2430,7.185e-05
2431,7.152e-05
2432,7.15e-05
2433,7.15e-05
2434,7.15e-05
2435,7.15e-05
2436,7.15e-05
2437,7.15e-05
2438,7.15e-05
2439,7.15e-05
2440,7.15e-05
2441,7.15e-05
2442,7.104e-05
2443,7.104e-05
2444,7.1e-05
2445,7.1e-05
2446,7.1e-05
2447,7.1e-05
2448,7.1e-05
2449,7.1e-05
2450,7.149e-05
2451,7.149e-05
2452,7.149e-05
2453,7.149e-05
2454,7.149e-05
2455,7.149e-05
2456,7.149e-05
2457,7.149e-05
2458,7.149e-05
2459,7.149e-05
2460,7.149e-05
2461,7.149e-05
2462,7.149e-05
2463,7.149e-05
2464,7.149e-05
2465,7.149e-05
2466,7.149e-05
2467,7.149e-05
2468,7.149e-05
2469,7.149e-05
2470,7.149e-05
2471,7.149e-05
2472,7.149e-05
2473,7.149e-05
2474,7.149e-05
2475,7.149e-05
2476,7.149e-05
2477,7.149e-05
2478,7.149e-05
2479,7.151e-05
2480,7.151e-05
2481,7.151e-05
2482,7.151e-05
2483,7.151e-05
2484,7.151e-05
2485,7.151e-05
2486,7.151e-05
2487,7.151e-05
2488,7.151e-05
2489,7.151e-05
2490,7.151e-05
2491,7.151e-05
2492,7.151e-05
2493,7.151e-05
2494,7.151e-05
2495,7.151e-05
2496,7.152e-05
2497,7.152e-05
2498,7.192e-05
2499,7.224e-05
2500,7.224e-05
2501,7.292e-05
2502,7.292e-05
2503,7.292e-05
2504,7.292e-05
2505,7.292e-05
2506,7.292e-05
2507,7.182e-05
2508,7.182e-05
2509,7.192e-05
2510,7.192e-05
2511,7.192e-05
2512,7.192e-05
2513,7.198e-05
2514,7.198e-05
2515,7.198e-05
2516,7.198e-05
2517,7.198e-05
2518,7.198e-05
2519,7.198e-05
2520,7.198e-05
2521,7.198e-05
2522,7.198e-05
2523,7.198e-05
2524,7.198e-05
2525,7.198e-05
2526,7.198e-05
2527,7.198e-05
2528,7.198e-05
2529,7.198e-05
2530,7.198e-05
2531,7.198e-05
2532,7.198e-05
2533,7.198e-05
2534,7.198e-05
2535,7.198e-05
2536,7.198e-05
2537,7.173e-05
2538,7.173e-05
2539,7.173e-05
2540,7.173e-05
2541,7.173e-05
2542,7.173e-05
2543,7.173e-05
2544,7.173e-05
2545,7.161e-05
2546,7.161e-05
2547,7.161e-05
2548,7.161e-05
2549,7.276e-05
2550,7.276e-05
2551,7.276e-05
2552,7.276e-05
2553,7.276e-05
2554,7.276e-05
2555,7.276e-05
2556,7.276e-05
2557,7.276e-05
2558,7.276e-05
2559,7.276e-05
2560,7.276e-05
2561,7.276e-05
2562,7.276e-05
2563,7.276e-05
2564,7.276e-05
2565,7.276e-05
2566,7.276e-05
2567,7.276e-05
2568,7.276e-05
2569,7.276e-05
2570,7.276e-05
2571,7.276e-05
2572,7.276e-05
2573,7.276e-05
2574,7.276e-05
2575,7.276e-05
2576,7.276e-05
2577,7.276e-05
2578,7.276e-05
2579,7.276e-05
2580,7.276e-05
2581,7.276e-05
2582,7.276e-05
2583,7.276e-05
2584,7.276e-05
2585,7.276e-05
2586,7.276e-05
2587,7.276e-05
2588,7.276e-05
2589,7.276e-05
2590,7.276e-05
2591,7.276e-05
2592,7.276e-05
2593,7.276e-05
2594,7.276e-05
2595,7.276e-05
2596,7.276e-05
2597,7.276e-05
2598,7.276e-05
2599,7.276e-05
2600,7.276e-05
2601,7.276e-05
2602,7.276e-05
2603,7.204e-05
2604,7.204e-05
2605,7.204e-05
2606,7.204e-05
2607,7.204e-05
2608,7.204e-05
2609,7.204e-05
2610,7.204e-05
2611,7.204e-05
2612,7.204e-05
2613,7.204e-05
2614,7.204e-05
2615,7.204e-05
2616,7.204e-05
2617,7.204e-05
2618,7.204e-05
2619,7.204e-05
2620,7.204e-05
2621,7.204e-05
2622,7.204e-05
2623,7.204e-05
2624,7.204e-05
2625,7.204e-05
2626,7.204e-05
2627,7.204e-05
2628,7.204e-05
2629,7.204e-05
2630,7.204e-05
2631,7.204e-05
2632,7.204e-05
2633,7.204e-05
2634,7.204e-05
2635,7.204e-05
2636,7.204e-05
2637,7.204e-05
2638,7.204e-05
2639,7.204e-05
2640,7.204e-05
2641,7.204e-05
2642,7.204e-05
2643,7.204e-05
2644,7.219e-05
2645,7.219e-05
2646,7.219e-05
2647,7.219e-05
2648,7.219e-05
2649,7.219e-05
2650,7.219e-05
2651,7.219e-05
2652,7.219e-05
2653,7.219e-05
2654,7.219e-05
2655,7.219e-05
2656,7.219e-05
2657,7.219e-05
2658,7.219e-05
2659,7.219e-05
2660,7.219e-05
2661,7.219e-05
2662,7.219e-05
2663,7.219e-05
2664,7.219e-05
2665,7.219e-05
2666,7.219e-05
2667,7.219e-05
2668,7.219e-05
2669,7.219e-05
2670,7.219e-05
2671,7.219e-05
2672,7.219e-05
2673,7.219e-05
2674,7.219e-05
2675,7.219e-05
2676,7.219e-05
2677,7.219e-05
2678,7.219e-05
2679,7.219e-05
2680,7.219e-05
2681,7.219e-05
2682,7.219e-05
2683,7.219e-05
2684,7.219e-05
2685,7.219e-05
2686,7.219e-05
2687,7.219e-05
2688,7.29e-05
2689,7.29e-05
2690,7.29e-05
2691,7.29e-05
2692,7.29e-05
2693,7.29e-05
2694,7.29e-05
2695,7.29e-05
2696,7.29e-05
2697,7.29e-05
2698,7.29e-05
2699,7.29e-05
2700,7.29e-05
2701,7.29e-05
2702,7.29e-05
2703,7.29e-05
2704,7.29e-05
2705,7.29e-05
2706,7.29e-05
2707,7.29e-05
2708,7.29e-05
2709,7.29e-05
2710,7.29e-05
2711,7.29e-05
2712,7.29e-05
2713,7.29e-05
2714,7.29e-05
2715,7.29e-05
2716,7.29e-05
2717,7.29e-05
2718,7.29e-05
2719,7.29e-05
2720,7.29e-05
2721,7.29e-05
2722,7.29e-05
2723,7.29e-05
2724,7.29e-05
2725,7.29e-05
2726,7.29e-05
2727,7.29e-05
2728,7.29e-05
2729,7.29e-05
2730,7.29e-05
2731,7.29e-05
2732,7.29e-05
2733,7.29e-05
2734,7.29e-05
2735,7.29e-05
2736,7.29e-05
2737,7.218e-05
2738,7.218e-05
2739,7.218e-05
2740,7.218e-05
2741,7.218e-05
2742,7.218e-05
2743,7.218e-05
2744,7.218e-05
2745,7.218e-05
2746,7.218e-05
2747,7.218e-05
2748,7.218e-05
2749,7.218e-05
2750,7.218e-05
2751,7.218e-05
2752,7.218e-05
2753,7.218e-05
2754,7.218e-05
2755,7.218e-05
2756,7.218e-05
2757,7.218e-05
2758,7.218e-05
2759,7.218e-05
2760,7.218e-05
2761,7.218e-05
2762,7.218e-05
2763,7.218e-05
2764,7.218e-05
2765,7.218e-05
2766,7.218e-05
2767,7.218e-05
2768,7.218e-05
2769,7.218e-05
2770,7.218e-05
2771,7.218e-05
2772,7.218e-05
2773,7.218e-05
2774,7.218e-05
2775,7.218e-05
2776,7.218e-05
2777,7.218e-05
2778,7.218e-05
2779,7.218e-05
2780,7.218e-05
2781,7.218e-05
2782,7.218e-05
2783,7.218e-05
2784,7.218e-05
2785,7.218e-05
2786,7.218e-05
2787,7.218e-05
2788,7.218e-05
2789,7.218e-05
2790,7.218e-05
2791,7.218e-05
2792,7.218e-05
2793,7.218e-05
2794,7.218e-05
2795,7.218e-05
2796,7.218e-05
2797,7.218e-05
2798,7.218e-05
2799,7.218e-05
2800,7.218e-05
2801,7.218e-05
2802,7.218e-05
2803,7.218e-05
2804,7.218e-05
2805,7.218e-05
2806,7.218e-05
2807,7.218e-05
2808,7.218e-05
2809,7.218e-05
2810,7.218e-05
2811,7.218e-05
2812,7.218e-05
2813,7.218e-05
2814,7.218e-05
2815,7.218e-05
2816,7.218e-05
2817,7.218e-05
2818,7.218e-05
2819,7.218e-05
2820,7.218e-05
2821,7.218e-05
2822,7.218e-05
2823,7.218e-05
2824,7.218e-05
2825,7.218e-05
2826,7.218e-05
2827,7.218e-05
2828,7.218e-05
2829,7.224e-05
2830,7.224e-05
2831,7.224e-05
2832,7.224e-05
2833,7.224e-05
2834,7.224e-05
2835,7.224e-05
2836,7.224e-05
2837,7.224e-05
2838,7.224e-05
2839,7.224e-05
2840,7.224e-05
2841,7.224e-05
2842,7.224e-05
2843,7.224e-05
2844,7.224e-05
2845,7.224e-05
2846,7.224e-05
2847,7.224e-05
2848,7.219e-05
2849,7.219e-05
2850,7.219e-05
2851,7.219e-05
2852,7.219e-05
2853,7.219e-05
2854,7.219e-05
2855,7.219e-05
2856,7.219e-05
2857,7.219e-05
2858,7.219e-05
2859,7.219e-05
2860,7.292e-05
2861,7.292e-05
2862,7.293e-05
2863,7.293e-05
2864,7.293e-05
2865,7.293e-05
2866,7.293e-05
2867,7.293e-05
2868,7.293e-05
2869,7.293e-05
2870,7.293e-05
2871,7.293e-05
2872,7.293e-05
2873,7.293e-05
2874,7.293e-05
2875,7.293e-05
2876,7.293e-05
2877,7.293e-05
2878,7.293e-05
2879,7.293e-05
2880,7.293e-05
2881,7.293e-05
2882,7.293e-05
2883,7.293e-05
2884,7.293e-05
2885,7.293e-05
2886,7.293e-05
2887,7.293e-05
2888,7.293e-05
2889,7.293e-05
2890,7.293e-05
2891,7.293e-05
2892,7.293e-05
2893,7.293e-05
2894,7.293e-05
2895,7.293e-05
2896,7.293e-05
2897,7.293e-05
2898,7.293e-05
2899,7.293e-05
2900,7.293e-05
2901,7.293e-05
2902,7.293e-05
2903,7.293e-05
2904,7.293e-05
2905,7.293e-05
2906,7.293e-05
2907,7.293e-05
2908,7.293e-05
2909,7.293e-05
2910,7.293e-05
2911,7.293e-05
2912,7.293e-05
2913,7.293e-05
2914,7.293e-05
2915,7.293e-05
2916,7.293e-05
2917,7.293e-05
2918,7.293e-05
2919,7.293e-05
2920,7.293e-05
2921,7.293e-05
2922,7.293e-05
2923,7.293e-05
2924,7.293e-05
2925,7.293e-05
2926,7.293e-05
2927,7.293e-05
2928,7.293e-05
2929,7.293e-05
2930,7.293e-05
2931,7.293e-05
2932,7.293e-05
2933,7.293e-05
2934,7.293e-05
2935,7.293e-05
2936,7.293e-05
2937,7.293e-05
2938,7.293e-05
2939,7.293e-05
2940,7.293e-05
2941,7.293e-05
2942,7.293e-05
2943,7.293e-05
2944,7.293e-05
2945,7.293e-05
2946,7.293e-05
2947,7.293e-05
2948,7.293e-05
2949,7.293e-05
2950,7.293e-05
2951,7.293e-05
2952,7.293e-05
2953,7.293e-05
2954,7.293e-05
2955,7.293e-05
2956,7.293e-05
2957,7.293e-05
2958,7.293e-05
2959,7.293e-05
2960,7.293e-05
2961,7.293e-05
2962,7.293e-05
2963,7.293e-05
2964,7.293e-05
2965,7.293e-05
2966,7.293e-05
2967,7.293e-05
2968,7.293e-05
2969,7.293e-05
2970,7.293e-05
2971,7.293e-05
2972,7.293e-05
2973,7.293e-05
2974,7.293e-05
2975,7.293e-05
2976,7.293e-05
2977,7.293e-05
2978,7.313e-05
2979,7.313e-05
2980,7.313e-05
2981,7.313e-05
2982,7.313e-05
2983,7.313e-05
2984,7.234e-05
2985,7.234e-05
2986,7.234e-05
2987,7.313e-05
2988,7.313e-05
2989,7.313e-05
2990,7.314e-05
2991,7.314e-05
2992,7.314e-05
2993,7.314e-05
2994,7.314e-05
2995,7.314e-05
2996,7.314e-05
2997,7.314e-05
2998,7.314e-05
2999,7.314e-05
3000,7.314e-05
3001,7.314e-05
3002,7.314e-05
3003,7.314e-05
3004,7.314e-05
3005,7.314e-05
3006,7.314e-05
3007,7.314e-05
3008,7.314e-05
3009,7.314e-05
3010,7.314e-05
3011,7.314e-05
3012,7.314e-05
3013,7.314e-05
3014,7.314e-05
3015,7.314e-05
3016,7.314e-05
3017,7.314e-05
3018,7.314e-05
3019,7.314e-05
3020,7.314e-05
3021,7.314e-05
3022,7.314e-05
3023,7.314e-05
3024,7.314e-05
3025,7.314e-05
3026,7.314e-05
3027,7.314e-05
3028,7.314e-05
3029,7.314e-05
3030,7.314e-05
3031,7.314e-05
3032,7.314e-05
3033,7.314e-05
3034,7.314e-05
3035,7.314e-05
3036,7.314e-05
3037,7.314e-05
3038,7.314e-05
3039,7.314e-05
3040,7.314e-05
3041,7.314e-05
3042,7.314e-05
3043,7.314e-05
3044,7.314e-05
3045,7.314e-05
3046,7.314e-05
3047,7.314e-05
3048,7.314e-05
3049,7.314e-05
3050,7.314e-05
3051,7.314e-05
3052,7.314e-05
3053,7.314e-05
3054,7.314e-05
3055,7.314e-05
3056,7.314e-05
3057,7.314e-05
3058,7.314e-05
3059,7.314e-05
3060,7.314e-05
3061,7.314e-05
3062,7.314e-05
3063,7.314e-05
3064,7.314e-05
3065,7.314e-05
3066,7.314e-05
3067,7.314e-05
3068,7.314e-05
3069,7.314e-05
3070,7.314e-05
3071,7.314e-05
3072,7.314e-05
3073,7.314e-05
3074,7.314e-05
3075,7.314e-05
3076,7.314e-05
3077,7.314e-05
3078,7.314e-05
3079,7.314e-05
3080,7.314e-05
3081,7.314e-05
3082,7.314e-05
3083,7.314e-05
3084,7.314e-05
3085,7.314e-05
3086,7.314e-05
3087,7.314e-05
3088,7.314e-05
3089,7.314e-05
3090,7.314e-05
3091,7.313e-05
3092,7.313e-05
3093,7.313e-05
3094,7.313e-05
3095,7.313e-05
3096,7.313e-05
3097,7.313e-05
3098,7.313e-05
3099,7.313e-05
3100,7.225e-05
3101,7.225e-05
3102,7.225e-05
3103,7.314e-05
3104,7.314e-05
3105,7.314e-05
3106,7.314e-05
3107,7.314e-05
3108,7.314e-05
3109,7.314e-05
3110,7.314e-05
3111,7.314e-05
3112,7.314e-05
3113,7.314e-05
3114,7.314e-05
3115,7.314e-05
3116,7.314e-05
3117,7.314e-05
3118,7.314e-05
3119,7.314e-05
3120,7.239e-05
3121,7.239e-05
3122,7.239e-05
3123,7.239e-05
3124,7.239e-05
3125,7.239e-05
3126,7.239e-05
3127,7.239e-05
3128,7.239e-05
3129,7.239e-05
3130,7.239e-05
3131,7.239e-05
3132,7.239e-05
3133,7.239e-05
3134,7.239e-05
3135,7.239e-05
3136,7.239e-05
3137,7.239e-05
3138,7.239e-05
3139,7.239e-05
3140,7.239e-05
3141,7.239e-05
3142,7.239e-05
3143,7.239e-05
3144,7.239e-05
3145,7.239e-05
3146,7.239e-05
3147,7.239e-05
3148,7.239e-05
3149,7.239e-05
3150,7.239e-05
3151,7.239e-05
3152,7.239e-05
3153,7.239e-05
3154,7.239e-05
3155,7.239e-05
3156,7.239e-05
3157,7.239e-05
3158,7.239e-05
3159,7.239e-05
3160,7.239e-05
3161,7.239e-05
3162,7.239e-05
3163,7.239e-05
3164,7.239e-05
3165,7.239e-05
3166,7.239e-05
3167,7.239e-05
3168,7.239e-05
3169,7.239e-05
3170,7.239e-05
3171,7.239e-05
3172,7.239e-05
3173,7.239e-05
3174,7.239e-05
3175,7.239e-05
3176,7.239e-05
3177,7.239e-05
3178,7.239e-05
3179,7.239e-05
3180,7.239e-05
3181,7.239e-05
3182,7.239e-05
3183,7.239e-05
3184,7.239e-05
3185,7.239e-05
3186,7.239e-05
3187,7.239e-05
3188,7.239e-05
3189,7.239e-05
3190,7.239e-05
3191,7.239e-05
3192,7.239e-05
3193,7.239e-05
3194,7.239e-05
3195,7.239e-05
3196,7.239e-05
3197,7.239e-05
3198,7.239e-05
3199,7.239e-05
3200,7.239e-05
3201,7.239e-05
3202,7.239e-05
3203,7.239e-05
3204,7.239e-05
3205,7.239e-05
3206,7.239e-05
3207,7.239e-05
3208,7.239e-05
3209,7.239e-05
3210,7.239e-05
3211,7.239e-05
3212,7.239e-05
3213,7.239e-05
3214,7.239e-05
3215,7.239e-05
3216,7.239e-05
3217,7.239e-05
3218,7.239e-05
3219,7.239e-05
3220,7.239e-05
3221,7.239e-05
3222,7.239e-05
3223,7.239e-05
3224,7.239e-05
3225,7.239e-05
3226,7.239e-05
3227,7.239e-05
3228,7.239e-05
3229,7.239e-05
3230,7.239e-05
3231,7.239e-05
3232,7.239e-05
3233,7.239e-05
3234,7.219e-05
3235,7.219e-05
3236,7.219e-05
3237,7.219e-05
3238,7.219e-05
3239,7.219e-05
3240,7.219e-05
3241,7.219e-05
3242,7.219e-05
3243,7.219e-05
3244,7.219e-05
3245,7.219e-05
3246,7.222e-05
3247,7.222e-05
3248,7.222e-05
3249,7.222e-05
3250,7.222e-05
3251,7.222e-05
3252,7.222e-05
3253,7.222e-05
3254,7.222e-05
3255,7.222e-05
3256,7.222e-05
3257,7.222e-05
3258,7.222e-05
3259,7.222e-05
3260,7.222e-05
3261,7.222e-05
3262,7.222e-05
3263,7.222e-05
3264,7.222e-05
3265,7.222e-05
3266,7.222e-05
3267,7.222e-05
3268,7.222e-05
3269,7.222e-05
3270,7.222e-05
3271,7.222e-05
3272,7.222e-05
3273,7.222e-05
3274,7.222e-05
3275,7.222e-05
3276,7.222e-05
3277,7.222e-05
3278,7.222e-05
3279,7.222e-05
3280,7.222e-05
3281,7.222e-05
3282,7.222e-05
3283,7.222e-05
3284,7.222e-05
3285,7.222e-05
3286,7.222e-05
3287,7.222e-05
3288,7.222e-05
3289,7.22e-05
3290,7.22e-05
3291,7.22e-05
3292,7.22e-05
3293,7.22e-05
3294,7.22e-05
3295,7.22e-05
3296,7.22e-05
3297,7.22e-05
3298,7.22e-05
3299,7.22e-05
3300,7.22e-05
3301,7.22e-05
3302,7.22e-05
3303,7.22e-05
3304,7.22e-05
3305,7.22e-05
3306,7.22e-05
3307,7.22e-05
3308,7.22e-05
3309,7.22e-05
3310,7.22e-05
3311,7.22e-05
3312,7.22e-05
3313,7.22e-05
3314,7.22e-05
3315,7.22e-05
3316,7.22e-05
3317,7.22e-05
3318,7.22e-05
3319,7.219e-05
3320,7.219e-05
3321,7.219e-05
3322,7.219e-05
3323,7.219e-05
3324,7.219e-05
3325,7.239e-05
3326,7.24e-05
3327,7.24e-05
3328,7.24e-05
3329,7.24e-05
3330,7.24e-05
3331,7.24e-05
3332,7.24e-05
3333,7.24e-05
3334,7.24e-05
3335,7.24e-05
3336,7.24e-05
3337,7.24e-05
3338,7.24e-05
3339,7.24e-05
3340,7.24e-05
3341,7.24e-05
3342,7.24e-05
3343,7.219e-05
3344,7.218e-05
3345,7.218e-05
3346,7.152e-05
3347,7.121e-05
3348,7.121e-05
3349,7.121e-05
3350,7.121e-05
3351,7.121e-05
3352,7.121e-05
3353,7.121e-05
3354,7.121e-05
3355,7.121e-05
3356,7.221e-05
3357,7.221e-05
3358,7.221e-05
3359,7.221e-05
3360,7.221e-05
3361,7.221e-05
3362,7.221e-05
3363,7.221e-05
3364,7.221e-05
3365,7.108e-05
3366,7.108e-05
3367,7.108e-05
3368,7.108e-05
3369,7.108e-05
3370,7.108e-05
3371,7.108e-05
3372,7.108e-05
3373,7.108e-05
3374,7.108e-05
3375,7.107e-05
3376,7.106e-05
3377,7.106e-05
3378,7.106e-05
3379,7.106e-05
3380,7.106e-05
3381,7.106e-05
3382,7.106e-05
3383,7.106e-05
3384,7.106e-05
3385,7.106e-05
3386,7.106e-05
3387,7.106e-05
3388,7.106e-05
3389,7.106e-05
3390,7.106e-05
3391,7.106e-05
3392,7.106e-05
3393,7.106e-05
3394,7.106e-05
3395,7.101e-05
3396,7.101e-05
3397,7.101e-05
3398,7.101e-05
3399,7.101e-05
3400,7.101e-05
3401,7.101e-05
3402,7.101e-05
3403,7.101e-05
3404,7.101e-05
3405,7.101e-05
3406,7.101e-05
3407,7.101e-05
3408,7.101e-05
3409,7.101e-05
3410,7.101e-05
3411,7.101e-05
3412,7.101e-05
3413,7.101e-05
3414,7.101e-05
3415,7.101e-05
3416,7.101e-05
3417,7.101e-05
3418,7.101e-05
3419,7.101e-05
3420,7.101e-05
3421,7.101e-05
3422,7.101e-05
3423,7.101e-05
3424,7.1e-05
3425,7.1e-05
3426,7.1e-05
3427,7.1e-05
3428,7.1e-05
3429,7.1e-05
3430,7.1e-05
3431,7.1e-05
3432,7.1e-05
3433,7.1e-05
3434,7.1e-05
3435,7.1e-05
3436,7.1e-05
3437,7.1e-05
3438,7.1e-05
3439,7.1e-05
3440,7.1e-05
3441,7.1e-05
3442,7.1e-05
3443,7.1e-05
3444,7.1e-05
3445,7.1e-05
3446,7.1e-05
3447,7.1e-05
3448,7.1e-05
3449,7.1e-05
3450,7.1e-05
3451,7.1e-05
3452,7.1e-05
3453,7.1e-05
3454,7.1e-05
3455,7.1e-05
3456,7.1e-05
3457,7.1e-05
3458,7.1e-05
3459,7.1e-05
3460,7.1e-05
3461,7.1e-05
3462,7.1e-05
3463,7.1e-05
3464,7.1e-05
3465,7.1e-05
3466,7.1e-05
3467,7.1e-05
3468,7.1e-05
3469,7.1e-05
3470,7.1e-05
3471,7.1e-05
3472,7.1e-05
3473,7.1e-05
3474,7.1e-05
3475,7.1e-05
3476,7.1e-05
3477,7.1e-05
3478,7.1e-05
3479,7.1e-05
3480,7.1e-05
3481,7.1e-05
3482,7.1e-05
3483,7.1e-05
3484,7.1e-05
3485,7.1e-05
3486,7.1e-05
3487,7.1e-05
3488,7.1e-05
3489,7.1e-05
3490,7.1e-05
3491,7.1e-05
3492,7.101e-05
3493,7.101e-05
3494,7.101e-05
3495,7.101e-05
3496,7.101e-05
3497,7.101e-05
3498,7.101e-05
3499,7.101e-05
3500,7.101e-05
3501,7.101e-05
3502,7.101e-05
3503,7.101e-05
3504,7.101e-05
3505,7.101e-05
3506,7.101e-05
3507,7.101e-05
3508,7.101e-05
3509,7.101e-05
3510,7.1e-05
3511,7.1e-05
3512,7.1e-05
3513,7.1e-05
3514,7.1e-05
3515,7.1e-05
3516,7.1e-05
3517,7.1e-05
3518,7.1e-05
3519,7.1e-05
3520,7.1e-05
3521,7.1e-05
3522,7.1e-05
3523,7.1e-05
3524,7.1e-05
3525,7.1e-05
3526,7.1e-05
3527,7.1e-05
3528,7.1e-05
3529,7.1e-05
3530,7.1e-05
3531,7.1e-05
3532,7.1e-05
3533,7.1e-05
3534,7.1e-05
3535,7.1e-05
3536,7.1e-05
3537,7.1e-05
3538,7.1e-05
3539,7.1e-05
3540,7.1e-05
3541,7.1e-05
3542,7.1e-05
3543,7.1e-05
3544,7.1e-05
3545,7.1e-05
3546,7.1e-05
3547,7.1e-05
3548,7.1e-05
3549,7.1e-05
3550,7.1e-05
3551,7.1e-05
3552,7.1e-05
3553,7.101e-05
3554,7.101e-05
3555,7.101e-05
3556,7.101e-05
3557,7.101e-05
3558,7.101e-05
3559,7.101e-05
3560,7.101e-05
3561,7.101e-05
3562,7.101e-05
3563,7.101e-05
3564,7.101e-05
3565,7.101e-05
3566,7.101e-05
3567,7.101e-05
3568,7.101e-05
3569,7.101e-05
3570,7.101e-05
3571,7.101e-05
3572,7.101e-05
3573,7.101e-05
3574,7.101e-05
3575,7.101e-05
3576,7.101e-05
3577,7.101e-05
3578,7.101e-05
3579,7.101e-05
3580,7.101e-05
3581,7.101e-05
3582,7.101e-05
3583,7.101e-05
3584,7.101e-05
3585,7.101e-05
3586,7.101e-05
3587,7.101e-05
3588,7.101e-05
3589,7.101e-05
3590,7.101e-05
3591,7.101e-05
3592,7.101e-05
3593,7.101e-05
3594,7.101e-05
3595,7.101e-05
3596,7.101e-05
3597,7.101e-05
3598,7.101e-05
3599,7.101e-05
3600,7.101e-05
3601,7.101e-05
3602,7.101e-05
3603,7.101e-05
3604,7.1e-05
3605,7.049e-05
3606,7.038e-05
3607,7.038e-05
3608,7.038e-05
3609,7.038e-05
3610,7.038e-05
3611,7.038e-05
3612,7.038e-05
3613,7.038e-05
3614,7.038e-05
3615,7.038e-05
3616,7.038e-05
3617,7.038e-05
3618,7.038e-05
3619,7.038e-05
3620,7.038e-05
3621,7.038e-05
3622,7.038e-05
3623,7.038e-05
3624,7.038e-05
3625,7.038e-05
3626,7.038e-05
3627,7.038e-05
3628,7.038e-05
3629,7.038e-05
3630,7.038e-05
3631,7.038e-05
3632,7.038e-05
3633,7.038e-05
3634,7.038e-05
3635,7.038e-05
3636,7.038e-05
3637,7.038e-05
3638,7.038e-05
3639,7.038e-05
3640,7.038e-05
3641,7.038e-05
3642,7.038e-05
3643,7.038e-05
3644,7.038e-05
3645,7.038e-05
3646,7.038e-05
3647,7.038e-05
3648,7.038e-05
3649,7.038e-05
3650,7.038e-05
3651,7.038e-05
3652,7.038e-05
3653,7.038e-05
3654,7.038e-05
3655,7.038e-05
3656,7.038e-05
3657,7.048e-05
3658,7.048e-05
3659,7.048e-05
3660,7.048e-05
3661,7.048e-05
3662,7e-05
3663,7.046e-05
3664,7.044e-05
3665,7.042e-05
3666,7.041e-05
3667,7.041e-05
3668,7.041e-05
3669,7.041e-05
3670,6.993e-05
3671,7.029e-05
3672,7.029e-05
3673,7.029e-05
3674,7.029e-05
3675,7.029e-05
3676,6.992e-05
3677,6.992e-05
3678,6.987e-05
3679,6.987e-05
3680,6.9e-05
3681,6.897e-05
3682,6.895e-05
3683,6.892e-05
3684,6.892e-05
3685,6.892e-05
3686,6.839e-05
3687,6.838e-05
3688,6.838e-05
3689,6.836e-05
3690,6.836e-05
3691,6.836e-05
3692,6.836e-05
3693,6.836e-05
3694,6.836e-05
3695,6.836e-05
3696,6.836e-05
3697,6.836e-05
3698,6.826e-05
3699,6.826e-05
3700,6.826e-05
3701,6.826e-05
3702,6.837e-05
3703,6.837e-05
3704,6.837e-05
3705,6.837e-05
3706,6.837e-05
3707,6.837e-05
3708,6.837e-05
3709,6.837e-05
3710,6.837e-05
3711,6.837e-05
3712,6.837e-05
3713,6.837e-05
3714,6.837e-05
3715,6.837e-05
3716,6.837e-05
3717,6.837e-05
3718,6.837e-05
3719,6.837e-05
3720,6.837e-05
3721,6.837e-05
3722,6.837e-05
3723,6.837e-05
3724,6.837e-05
3725,6.837e-05
3726,6.837e-05
3727,6.837e-05
3728,6.837e-05
3729,6.837e-05
3730,6.837e-05
3731,6.837e-05
3732,6.837e-05
3733,6.837e-05
3734,6.837e-05
3735,6.837e-05
3736,6.837e-05
3737,6.837e-05
3738,6.837e-05
3739,6.837e-05
3740,6.812e-05
3741,6.812e-05
3742,6.7e-05
3743,6.7e-05
3744,6.7e-05
3745,6.7e-05
3746,6.7e-05
3747,6.7e-05
3748,6.7e-05
3749,6.7e-05
3750,6.7e-05
3751,6.7e-05
3752,6.7e-05
3753,6.7e-05
3754,6.7e-05
3755,6.7e-05
3756,6.7e-05
3757,6.7e-05
3758,6.7e-05
3759,6.7e-05
3760,6.7e-05
3761,6.7e-05
3762,6.7e-05
3763,6.7e-05
3764,6.7e-05
3765,6.7e-05
3766,6.7e-05
3767,6.7e-05
3768,6.7e-05
3769,6.7e-05
3770,6.7e-05
3771,6.7e-05
3772,6.7e-05
3773,6.7e-05
3774,6.7e-05
3775,6.7e-05
3776,6.7e-05
3777,6.7e-05
3778,6.7e-05
3779,6.7e-05
3780,6.7e-05
3781,6.7e-05
3782,6.7e-05
3783,6.7e-05
3784,6.836e-05
3785,6.836e-05
3786,6.836e-05
3787,6.836e-05
3788,6.836e-05
3789,6.836e-05
3790,6.836e-05
3791,6.836e-05
3792,6.836e-05
3793,6.836e-05
3794,6.836e-05
3795,6.836e-05
3796,6.836e-05
3797,6.836e-05
3798,6.836e-05
3799,6.836e-05
3800,6.836e-05
3801,6.836e-05
3802,6.836e-05
3803,6.836e-05
3804,6.839e-05
3805,6.839e-05
3806,6.839e-05
3807,6.839e-05
3808,6.839e-05
3809,6.839e-05
3810,6.839e-05
3811,6.839e-05
3812,6.839e-05
3813,6.839e-05
3814,6.838e-05
3815,6.838e-05
3816,6.838e-05
3817,6.838e-05
3818,6.838e-05
3819,6.838e-05
3820,6.803e-05
3821,6.803e-05
3822,6.803e-05
3823,6.803e-05
3824,6.803e-05
3825,6.803e-05
3826,6.803e-05
3827,6.803e-05
3828,6.803e-05
3829,6.803e-05
3830,6.839e-05
3831,6.839e-05
3832,6.839e-05
3833,6.839e-05
3834,6.839e-05
3835,6.839e-05
3836,6.839e-05
3837,6.839e-05
3838,6.839e-05
3839,6.839e-05
3840,6.839e-05
3841,6.839e-05
3842,6.839e-05
3843,6.839e-05
3844,6.839e-05
3845,6.839e-05
3846,6.839e-05
3847,6.839e-05
3848,6.839e-05
3849,6.839e-05
3850,6.839e-05
3851,6.839e-05
3852,6.839e-05
3853,6.839e-05
3854,6.839e-05
3855,6.8e-05
3856,6.838e-05
3857,6.84e-05
3858,6.84e-05
3859,6.84e-05
3860,6.84e-05
3861,6.84e-05
3862,6.84e-05
3863,6.84e-05
3864,6.84e-05
3865,6.84e-05
3866,6.84e-05
3867,6.84e-05
3868,6.84e-05
3869,6.84e-05
3870,6.84e-05
3871,6.84e-05
3872,6.84e-05
3873,6.84e-05
3874,6.84e-05
3875,6.84e-05
3876,6.84e-05
3877,6.84e-05
3878,6.84e-05
3879,6.84e-05
3880,6.84e-05
3881,6.84e-05
3882,6.84e-05
3883,6.84e-05
3884,6.84e-05
3885,6.84e-05
3886,6.84e-05
3887,6.84e-05
3888,6.84e-05
3889,6.84e-05
3890,6.84e-05
3891,6.84e-05
3892,6.84e-05
3893,6.84e-05
3894,6.84e-05
3895,6.84e-05
3896,6.84e-05
3897,6.84e-05
3898,6.84e-05
3899,6.84e-05
3900,6.84e-05
3901,6.84e-05
3902,6.84e-05
3903,6.84e-05
3904,6.84e-05
3905,6.795e-05
3906,6.795e-05
3907,6.795e-05
3908,6.795e-05
3909,6.795e-05
3910,6.786e-05
3911,6.795e-05
3912,6.795e-05
3913,6.795e-05
3914,6.795e-05
3915,6.795e-05
3916,6.795e-05
3917,6.795e-05
3918,6.795e-05
3919,6.786e-05
3920,6.786e-05
3921,6.786e-05
3922,6.786e-05
3923,6.786e-05
3924,6.786e-05
3925,6.786e-05
3926,6.786e-05
3927,6.786e-05
3928,6.786e-05
3929,6.786e-05
3930,6.786e-05
3931,6.786e-05
3932,6.786e-05
3933,6.786e-05
3934,6.787e-05
3935,6.787e-05
3936,6.787e-05
3937,6.787e-05
3938,6.787e-05
3939,6.84e-05
3940,6.84e-05
3941,6.84e-05
3942,6.84e-05
3943,6.84e-05
3944,6.84e-05
3945,6.84e-05
3946,6.84e-05
3947,6.84e-05
3948,6.84e-05
3949,6.84e-05
3950,6.84e-05
3951,6.84e-05
3952,6.84e-05
3953,6.84e-05
3954,6.84e-05
3955,6.84e-05
3956,6.84e-05
3957,6.84e-05
3958,6.84e-05
3959,6.84e-05
3960,6.84e-05
3961,6.84e-05
3962,6.84e-05
3963,6.84e-05
3964,6.84e-05
3965,6.84e-05
3966,6.84e-05
3967,6.839e-05
3968,6.788e-05
3969,6.788e-05
3970,6.788e-05
3971,6.788e-05
3972,6.788e-05
3973,6.788e-05
3974,6.788e-05
3975,6.788e-05
3976,6.788e-05
3977,6.788e-05
3978,6.788e-05
3979,6.788e-05
3980,6.788e-05
3981,6.788e-05
3982,6.788e-05
3983,6.788e-05
3984,6.788e-05
3985,6.788e-05
3986,6.788e-05
3987,6.788e-05
3988,6.788e-05
3989,6.788e-05
3990,6.788e-05
3991,6.788e-05
3992,6.788e-05
3993,6.788e-05
3994,6.788e-05
3995,6.788e-05
3996,6.788e-05
3997,6.788e-05
3998,6.788e-05
3999,6.788e-05
4000,6.788e-05
4001,6.788e-05
4002,6.788e-05
4003,6.788e-05
4004,6.788e-05
4005,6.788e-05
4006,6.788e-05
4007,6.788e-05
4008,6.788e-05
4009,6.788e-05
4010,6.788e-05
4011,6.788e-05
4012,6.788e-05
4013,6.788e-05
4014,6.788e-05
4015,6.837e-05
4016,6.837e-05
4017,6.837e-05
4018,6.837e-05
4019,6.837e-05
4020,6.837e-05
4021,6.837e-05
4022,6.837e-05
4023,6.837e-05
4024,6.837e-05
4025,6.837e-05
4026,6.837e-05
4027,6.837e-05
4028,6.837e-05
4029,6.837e-05
4030,6.837e-05
4031,6.837e-05
4032,6.837e-05
4033,6.837e-05
4034,6.837e-05
4035,6.837e-05
4036,6.837e-05
4037,6.837e-05
4038,6.837e-05
4039,6.837e-05
4040,6.837e-05
4041,6.837e-05
4042,6.837e-05
4043,6.837e-05
4044,6.837e-05
4045,6.837e-05
4046,6.837e-05
4047,6.837e-05
4048,6.837e-05
4049,6.837e-05
4050,6.837e-05
4051,6.837e-05
4052,6.788e-05
4053,6.788e-05
4054,6.788e-05
4055,6.788e-05
4056,6.788e-05
4057,6.788e-05
4058,6.788e-05
4059,6.788e-05
4060,6.837e-05
4061,6.837e-05
4062,6.837e-05
4063,6.837e-05
4064,6.837e-05
4065,6.837e-05
4066,6.837e-05
4067,6.837e-05
4068,6.837e-05
4069,6.837e-05
4070,6.837e-05
4071,6.837e-05
4072,6.837e-05
4073,6.837e-05
4074,6.837e-05
4075,6.837e-05
4076,6.837e-05
4077,6.837e-05
4078,6.837e-05
4079,6.837e-05
4080,6.837e-05
4081,6.837e-05
4082,6.837e-05
4083,6.837e-05
4084,6.837e-05
4085,6.837e-05
4086,6.837e-05
4087,6.837e-05
4088,6.837e-05
4089,6.837e-05
4090,6.837e-05
4091,6.837e-05
4092,6.837e-05
4093,6.837e-05
4094,6.837e-05
4095,6.837e-05
4096,6.837e-05
4097,6.837e-05
4098,6.837e-05
4099,6.837e-05
4100,6.837e-05
4101,6.837e-05
4102,6.837e-05
4103,6.837e-05
4104,6.837e-05
4105,6.837e-05
4106,6.837e-05
4107,6.837e-05
4108,6.888e-05
4109,6.888e-05
4110,6.888e-05
4111,6.888e-05
4112,6.888e-05
4113,6.888e-05
4114,6.888e-05
4115,6.888e-05
4116,6.888e-05
4117,6.795e-05
4118,6.795e-05
4119,6.795e-05
4120,6.795e-05
4121,6.795e-05
4122,6.795e-05
4123,6.795e-05
4124,6.795e-05
4125,6.795e-05
4126,6.795e-05
4127,6.795e-05
4128,6.795e-05
4129,6.795e-05
4130,6.85e-05
4131,6.85e-05
4132,6.85e-05
4133,6.85e-05
4134,6.888e-05
4135,6.888e-05
4136,6.803e-05
4137,6.803e-05
4138,6.803e-05
4139,6.803e-05
4140,6.803e-05
4141,6.803e-05
4142,6.803e-05
4143,6.801e-05
4144,6.801e-05
4145,6.801e-05
4146,6.801e-05
4147,6.801e-05
4148,6.801e-05
4149,6.801e-05
4150,6.801e-05
4151,6.803e-05
4152,6.803e-05
4153,6.803e-05
4154,6.803e-05
4155,6.803e-05
4156,6.803e-05
4157,6.803e-05
4158,6.803e-05
4159,6.803e-05
4160,6.803e-05
4161,6.803e-05
4162,6.803e-05
4163,6.803e-05
4164,6.886e-05
4165,6.701e-05
4166,6.701e-05
4167,6.701e-05
4168,6.701e-05
4169,6.701e-05
4170,6.701e-05
4171,6.701e-05
4172,6.701e-05
4173,6.701e-05
4174,6.701e-05
4175,6.701e-05
4176,6.701e-05
4177,6.701e-05
4178,6.701e-05
4179,6.701e-05
4180,6.701e-05
4181,6.701e-05
4182,6.701e-05
4183,6.701e-05
4184,6.701e-05
4185,6.701e-05
4186,6.701e-05
4187,6.701e-05
4188,6.701e-05
4189,6.701e-05
4190,6.701e-05
4191,6.701e-05
4192,6.701e-05
4193,6.701e-05
4194,6.752e-05
4195,6.752e-05
4196,6.752e-05
4197,6.751e-05
4198,6.751e-05
4199,6.751e-05
4200,6.751e-05
4201,6.751e-05
4202,6.751e-05
4203,6.751e-05
4204,6.751e-05
4205,6.751e-05
4206,6.751e-05
4207,6.751e-05
4208,6.751e-05
4209,6.751e-05
4210,6.751e-05
4211,6.751e-05
4212,6.751e-05
4213,6.751e-05
4214,6.751e-05
4215,6.751e-05
4216,6.751e-05
4217,6.751e-05
4218,6.834e-05
4219,6.751e-05
4220,6.751e-05
4221,6.751e-05
4222,6.751e-05
4223,6.751e-05
4224,6.751e-05
4225,6.751e-05
4226,6.751e-05
4227,6.751e-05
4228,6.751e-05
4229,6.751e-05
4230,6.751e-05
4231,6.704e-05
4232,6.704e-05
4233,6.704e-05
4234,6.704e-05
4235,6.704e-05
4236,6.704e-05
4237,6.704e-05
4238,6.704e-05
4239,6.704e-05
4240,6.704e-05
4241,6.711e-05
4242,6.711e-05
4243,6.713e-05
4244,6.713e-05
4245,6.713e-05
4246,6.665e-05
4247,6.665e-05
4248,6.665e-05
4249,6.665e-05
4250,6.817e-05
4251,6.817e-05
4252,6.817e-05
4253,6.817e-05
4254,6.817e-05
4255,6.817e-05
4256,6.817e-05
4257,6.817e-05
4258,6.817e-05
4259,6.817e-05
4260,6.817e-05
4261,6.817e-05
4262,6.83e-05
4263,6.83e-05
4264,6.83e-05
4265,6.83e-05
4266,6.83e-05
4267,6.82e-05
4268,6.82e-05
4269,6.82e-05
4270,6.82e-05
4271,6.82e-05
4272,6.82e-05
4273,6.82e-05
4274,6.82e-05
4275,6.82e-05
4276,6.82e-05
4277,6.82e-05
4278,6.82e-05
4279,6.82e-05
4280,6.82e-05
4281,6.82e-05
4282,6.82e-05
4283,6.82e-05
4284,6.82e-05
4285,6.82e-05
4286,6.82e-05
4287,6.82e-05
4288,6.82e-05
4289,6.82e-05
4290,6.82e-05
4291,6.82e-05
4292,6.829e-05
4293,6.829e-05
4294,6.828e-05
4295,6.829e-05
4296,6.852e-05
4297,6.852e-05
4298,6.852e-05
4299,6.852e-05
4300,6.852e-05
4301,6.852e-05
4302,6.852e-05
4303,6.881e-05
4304,6.881e-05
4305,6.881e-05
4306,6.881e-05
4307,6.881e-05
4308,6.881e-05
4309,6.881e-05
4310,6.881e-05
4311,6.881e-05
4312,6.881e-05
4313,6.881e-05
4314,6.881e-05
4315,6.881e-05
4316,6.881e-05
4317,6.881e-05
4318,6.881e-05
4319,6.881e-05
4320,6.881e-05
4321,6.881e-05
4322,6.881e-05
4323,6.881e-05
4324,6.881e-05
4325,6.881e-05
4326,6.881e-05
4327,6.881e-05
4328,6.881e-05
4329,6.881e-05
4330,6.881e-05
4331,6.881e-05
4332,6.881e-05
4333,6.881e-05
4334,6.881e-05
4335,6.881e-05
4336,6.881e-05
4337,6.881e-05
4338,6.881e-05
4339,6.881e-05
4340,6.881e-05
4341,6.881e-05
4342,6.881e-05
4343,6.829e-05
4344,6.829e-05
4345,6.829e-05
4346,6.829e-05
4347,6.829e-05
4348,6.829e-05
4349,6.499e-05
4350,6.498e-05
4351,6.498e-05
4352,6.498e-05
4353,6.496e-05
4354,6.496e-05
4355,6.496e-05
4356,6.496e-05
4357,6.489e-05
4358,6.484e-05
4359,6.48e-05
4360,6.479e-05
4361,6.475e-05
4362,6.475e-05
4363,6.475e-05
4364,6.471e-05
4365,6.471e-05
4366,6.456e-05
4367,6.456e-05
4368,6.456e-05
4369,6.454e-05
4370,6.452e-05
4371,6.452e-05
4372,6.4e-05
4373,6.4e-05
4374,6.4e-05
4375,6.4e-05
4376,6.4e-05
4377,6.4e-05
4378,6.4e-05
4379,6.4e-05
4380,6.4e-05
4381,6.4e-05
4382,6.4e-05
4383,6.4e-05
4384,6.4e-05
4385,6.4e-05
4386,6.4e-05
4387,6.4e-05
4388,6.409e-05
4389,6.407e-05
4390,6.407e-05
4391,6.407e-05
4392,6.407e-05
4393,6.407e-05
4394,6.407e-05
4395,6.407e-05
4396,6.407e-05
4397,6.401e-05
4398,6.4e-05
4399,6.4e-05
4400,6.406e-05
4401,6.4e-05
4402,6.401e-05
4403,6.401e-05
4404,6.401e-05
4405,6.401e-05
4406,6.401e-05
4407,6.401e-05
4408,6.401e-05
4409,6.365e-05
4410,6.365e-05
4411,6.365e-05
4412,6.365e-05
4413,6.365e-05
4414,6.365e-05
4415,6.086e-05
4416,6.086e-05
4417,6.086e-05
4418,6.086e-05
4419,6.086e-05
4420,6.086e-05
4421,6.086e-05
4422,6.086e-05
4423,6.086e-05
4424,6.086e-05
4425,6.086e-05
4426,6.086e-05
4427,6.086e-05
4428,6.086e-05
4429,6.086e-05
4430,6.086e-05
4431,6.3e-05
4432,6.3e-05
4433,6.3e-05
4434,6.3e-05
4435,6.299e-05
4436,6.299e-05
4437,6.298e-05
4438,6.297e-05
4439,6.204e-05
4440,6.296e-05
4441,6.296e-05
4442,6.296e-05
4443,6.296e-05
4444,6.296e-05
4445,6.296e-05
4446,6.296e-05
4447,6.296e-05
4448,6.296e-05
4449,6.296e-05
4450,6.296e-05
4451,6.296e-05
4452,6.296e-05
4453,6.296e-05
4454,6.05e-05
4455,6.199e-05
4456,6.199e-05
4457,6.2e-05
4458,6.356e-05
4459,6.356e-05
4460,6.199e-05
4461,6e-05
4462,6e-05
4463,5.999e-05
4464,5.999e-05
4465,6e-05
4466,6e-05
4467,6e-05
4468,6e-05
4469,6.072e-05
4470,6.078e-05
4471,6.193e-05
4472,6.07e-05
4473,6.07e-05
4474,6.07e-05
4475,6.07e-05
4476,6.07e-05
4477,6.157e-05
4478,6.158e-05
4479,6.177e-05
4480,6.199e-05
4481,6.199e-05
4482,6.199e-05
4483,6.199e-05
4484,6.206e-05
4485,6.201e-05
4486,6.201e-05
4487,6.201e-05
4488,6.201e-05
4489,6.201e-05
4490,6.201e-05
4491,6.201e-05
4492,6.201e-05
4493,6.201e-05
4494,6.201e-05
4495,6.201e-05
4496,6.201e-05
4497,6.201e-05
4498,6.201e-05
4499,6.201e-05
4500,6.201e-05
4501,6.201e-05
4502,6.203e-05
4503,6.203e-05
4504,6.203e-05
4505,6.203e-05
4506,6.203e-05
4507,6.203e-05
4508,6.203e-05
4509,6.203e-05
4510,6.203e-05
4511,6.203e-05
4512,6.203e-05
4513,6.204e-05
4514,6.203e-05
4515,6.203e-05
4516,6.203e-05
4517,6.203e-05
4518,6.201e-05
4519,6.201e-05
4520,6.201e-05
4521,6.201e-05
4522,6.201e-05
4523,6.201e-05
4524,6.201e-05
4525,6.201e-05
4526,6.201e-05
4527,6.201e-05
4528,6.201e-05
4529,6.201e-05
4530,6.201e-05
4531,6.201e-05
4532,6.201e-05
4533,6.201e-05
4534,6.203e-05
4535,6.203e-05
4536,6.203e-05
4537,6.203e-05
4538,6.203e-05
4539,6.201e-05
4540,6.201e-05
4541,6.201e-05
4542,6.201e-05
4543,6.201e-05
4544,6.201e-05
4545,6.201e-05
4546,6.201e-05
4547,6.201e-05
4548,6.201e-05
4549,6.201e-05
4550,6.201e-05
4551,6.201e-05
4552,6.201e-05
4553,6.201e-05
4554,6.201e-05
4555,6.201e-05
4556,6.201e-05
4557,6.201e-05
4558,6.201e-05
4559,6.201e-05
4560,6.201e-05
4561,6.201e-05
4562,6.203e-05
4563,6.203e-05
4564,6.203e-05
4565,6.203e-05
4566,6.203e-05
4567,6.203e-05
4568,6.203e-05
4569,6.203e-05
4570,6.203e-05
4571,6.203e-05
4572,6.203e-05
4573,6.203e-05
4574,6.203e-05
4575,6.203e-05
4576,6.203e-05
4577,6.203e-05
4578,6.203e-05
4579,6.203e-05
4580,6.203e-05
4581,6.203e-05
4582,6.203e-05
4583,6.203e-05
4584,6.203e-05
4585,6.203e-05
4586,6.203e-05
4587,6.203e-05
4588,6.203e-05
4589,6.203e-05
4590,6.203e-05
4591,6.203e-05
4592,6.203e-05
4593,6.203e-05
4594,6.203e-05
4595,6.203e-05
4596,6.203e-05
4597,6.203e-05
4598,6.203e-05
4599,6.203e-05
4600,6.202e-05
4601,6.202e-05
4602,6.202e-05
4603,6.202e-05
4604,6.202e-05
4605,6.202e-05
4606,6.202e-05
4607,6.202e-05
4608,6.202e-05
4609,6.202e-05
4610,6.202e-05
4611,6.202e-05
4612,6.202e-05
4613,6.202e-05
4614,6.202e-05
4615,6.202e-05
4616,6.202e-05
4617,6.202e-05
4618,6.202e-05
4619,6.202e-05
4620,6.202e-05
4621,6.202e-05
4622,6.202e-05
4623,6.201e-05
4624,6.201e-05
4625,6.201e-05
4626,6.201e-05
4627,6.201e-05
4628,6.201e-05
4629,6.201e-05
4630,6.201e-05
4631,6.201e-05
4632,6.201e-05
4633,6.201e-05
4634,6.201e-05
4635,6.201e-05
4636,6.201e-05
4637,6.201e-05
4638,6.201e-05
4639,6.201e-05
4640,6.201e-05
4641,6.201e-05
4642,6.201e-05
4643,6.201e-05
4644,6.201e-05
4645,6.201e-05
4646,6.201e-05
4647,6.201e-05
4648,6.201e-05
4649,6.203e-05
4650,6.203e-05
4651,6.2e-05
4652,6.2e-05
4653,6.2e-05
4654,6.2e-05
4655,6.203e-05
4656,6.203e-05
4657,6.203e-05
4658,6.203e-05
4659,6.203e-05
4660,6.203e-05
4661,6.203e-05
4662,6.203e-05
4663,6.203e-05
4664,6.203e-05
4665,6.203e-05
4666,6.203e-05
4667,6.203e-05
4668,6.203e-05
4669,6.203e-05
4670,6.203e-05
4671,6.203e-05
4672,6.203e-05
4673,6.203e-05
4674,6.203e-05
4675,6.203e-05
4676,6.203e-05
4677,6.203e-05
4678,6.203e-05
4679,6.203e-05
4680,6.203e-05
4681,6.203e-05
4682,6.203e-05
4683,6.203e-05
4684,6.203e-05
4685,6.203e-05
4686,6.203e-05
4687,6.203e-05
4688,6.203e-05
4689,6.203e-05
4690,6.203e-05
4691,6.203e-05
4692,6.203e-05
4693,6.203e-05
4694,6.203e-05
4695,6.342e-05
4696,6.351e-05
4697,6.351e-05
4698,6.351e-05
4699,6.351e-05
4700,6.351e-05
4701,6.351e-05
4702,6.351e-05
4703,6.35e-05
4704,6.35e-05
4705,6.35e-05
4706,6.35e-05
4707,6.35e-05
4708,6.35e-05
4709,6.35e-05
4710,6.23e-05
4711,6.23e-05
4712,6.234e-05
4713,6.234e-05
4714,6.234e-05
4715,6.234e-05
4716,6.244e-05
4717,6.244e-05
4718,6.244e-05
4719,6.249e-05
4720,6.249e-05
4721,6.249e-05
4722,6.249e-05
4723,6.249e-05
4724,6.262e-05
4725,6.262e-05
4726,6.262e-05
4727,6.262e-05
4728,6.262e-05
4729,6.262e-05
4730,6.262e-05
4731,6.262e-05
4732,6.262e-05
4733,6.262e-05
4734,6.276e-05
4735,6.276e-05
4736,6.276e-05
4737,6.276e-05
4738,6.276e-05
4739,6.276e-05
4740,6.276e-05
4741,6.346e-05
4742,6.346e-05
4743,6.346e-05
4744,6.346e-05
4745,6.221e-05
4746,6.221e-05
4747,6.221e-05
4748,6.221e-05
4749,6.221e-05
4750,6.221e-05
4751,6.221e-05
4752,6.221e-05
4753,6.347e-05
4754,6.348e-05
4755,6.351e-05
4756,6.347e-05
4757,6.347e-05
4758,6.347e-05
4759,6.347e-05
4760,6.347e-05
4761,6.347e-05
4762,6.347e-05
4763,6.347e-05
4764,6.347e-05
4765,6.347e-05
4766,6.347e-05
4767,6.347e-05
4768,6.347e-05
4769,6.347e-05
4770,6.347e-05
4771,6.347e-05
4772,6.347e-05
4773,6.347e-05
4774,6.347e-05
4775,6.347e-05
4776,6.347e-05
4777,6.347e-05
4778,6.347e-05
4779,6.347e-05
4780,6.351e-05
4781,6.351e-05
4782,6.351e-05
4783,6.351e-05
4784,6.351e-05
4785,6.351e-05
4786,6.411e-05
4787,6.411e-05
4788,6.351e-05
4789,6.438e-05
4790,6.441e-05
4791,6.438e-05
4792,6.438e-05
4793,6.438e-05
4794,6.438e-05
4795,6.438e-05
4796,6.438e-05
4797,6.438e-05
4798,6.438e-05
4799,6.438e-05
4800,6.441e-05
4801,6.441e-05
4802,6.356e-05
4803,6.356e-05
4804,6.356e-05
4805,6.356e-05
4806,6.371e-05
4807,6.371e-05
4808,6.371e-05
4809,6.371e-05
4810,6.44e-05
4811,6.44e-05
4812,6.44e-05
4813,6.442e-05
4814,6.442e-05
4815,6.442e-05
4816,6.442e-05
4817,6.447e-05
4818,6.447e-05
4819,6.447e-05
4820,6.447e-05
4821,6.449e-05
4822,6.449e-05
4823,6.449e-05
4824,6.449e-05
4825,6.45e-05
4826,6.45e-05
4827,6.45e-05
4828,6.45e-05
4829,6.452e-05
4830,6.452e-05
4831,6.452e-05
4832,6.452e-05
4833,6.452e-05
4834,6.452e-05
4835,6.452e-05
4836,6.476e-05
4837,6.476e-05
4838,6.476e-05
4839,6.476e-05
4840,6.452e-05
4841,6.452e-05
4842,6.452e-05
4843,6.452e-05
4844,6.452e-05
4845,6.452e-05
4846,6.452e-05
4847,6.452e-05
4848,6.452e-05
4849,6.452e-05
4850,6.499e-05
4851,6.499e-05
4852,6.499e-05
4853,6.499e-05
4854,6.499e-05
4855,6.5e-05
4856,6.5e-05
4857,6.499e-05
4858,6.499e-05
4859,6.499e-05
4860,6.499e-05
4861,6.499e-05
4862,6.499e-05
4863,6.499e-05
4864,6.499e-05
4865,6.499e-05
4866,6.499e-05
4867,6.499e-05
4868,6.499e-05
4869,6.499e-05
4870,6.499e-05
4871,6.499e-05
4872,6.499e-05
4873,6.499e-05
4874,6.499e-05
4875,6.499e-05
4876,6.499e-05
4877,6.499e-05
4878,6.499e-05
4879,6.628e-05
4880,6.628e-05
4881,6.628e-05
4882,6.628e-05
4883,6.628e-05
4884,6.628e-05
4885,6.628e-05
4886,6.628e-05
4887,6.628e-05
4888,6.628e-05
4889,6.628e-05
4890,6.628e-05
4891,6.637e-05
4892,6.637e-05
4893,6.637e-05
4894,6.637e-05
4895,6.637e-05
4896,6.637e-05
4897,6.637e-05
4898,6.637e-05
4899,6.637e-05
4900,6.638e-05
4901,6.638e-05
4902,6.638e-05
4903,6.638e-05
4904,6.638e-05
4905,6.638e-05
4906,6.638e-05
4907,6.638e-05
4908,6.638e-05
4909,6.638e-05
4910,6.638e-05
4911,6.638e-05
4912,6.638e-05
4913,6.682e-05
4914,6.682e-05
4915,6.682e-05
4916,6.682e-05
4917,6.682e-05
4918,6.685e-05
4919,6.685e-05
4920,6.685e-05
4921,6.685e-05
4922,6.685e-05
4923,6.685e-05
4924,6.685e-05
4925,6.685e-05
4926,6.685e-05
4927,6.685e-05
4928,6.685e-05
4929,6.685e-05
4930,6.685e-05
4931,6.685e-05
4932,6.685e-05
4933,6.685e-05
4934,6.685e-05
4935,6.685e-05
4936,6.685e-05
4937,6.685e-05
4938,6.683e-05
4939,6.683e-05
4940,6.683e-05
4941,6.683e-05
4942,6.683e-05
4943,6.683e-05
4944,6.683e-05
4945,6.638e-05
4946,6.638e-05
4947,6.637e-05
4948,6.637e-05
4949,6.637e-05
4950,6.637e-05
4951,6.637e-05
4952,6.637e-05
4953,6.637e-05
4954,6.637e-05
4955,6.637e-05
4956,6.637e-05
4957,6.679e-05
4958,6.679e-05
4959,6.679e-05
4960,6.679e-05
4961,6.679e-05
4962,6.638e-05
4963,6.638e-05
4964,6.638e-05
4965,6.638e-05
4966,6.638e-05
4967,6.638e-05
4968,6.638e-05
4969,6.638e-05
4970,6.638e-05
4971,6.638e-05
4972,6.638e-05
4973,6.677e-05
4974,6.677e-05
4975,6.677e-05
4976,6.677e-05
4977,6.677e-05
4978,6.677e-05
4979,6.677e-05
4980,6.677e-05
4981,6.677e-05
4982,6.637e-05
4983,6.637e-05
4984,6.637e-05
4985,6.637e-05
4986,6.637e-05
4987,6.637e-05
4988,6.637e-05
4989,6.637e-05
4990,6.637e-05
4991,6.637e-05
4992,6.637e-05
4993,6.637e-05
4994,6.671e-05
4995,6.671e-05
4996,6.671e-05
4997,6.671e-05
4998,6.671e-05
4999,6.671e-05
5000,6.671e-05
5001,6.671e-05
5002,6.671e-05
5003,6.671e-05
5004,6.637e-05
5005,6.637e-05
5006,6.637e-05
5007,6.637e-05
5008,6.637e-05
5009,6.637e-05
5010,6.637e-05
5011,6.628e-05
5012,6.628e-05
5013,6.628e-05
5014,6.628e-05
5015,6.628e-05
5016,6.628e-05
5017,6.628e-05
5018,6.628e-05
5019,6.628e-05
5020,6.628e-05
5021,6.628e-05
5022,6.628e-05
5023,6.628e-05
5024,6.628e-05
5025,6.628e-05
5026,6.628e-05
5027,6.628e-05
5028,6.628e-05
5029,6.628e-05
5030,6.628e-05
5031,6.628e-05
5032,6.628e-05
5033,6.628e-05
5034,6.628e-05
5035,6.628e-05
5036,6.628e-05
5037,6.628e-05
5038,6.628e-05
5039,6.628e-05
5040,6.628e-05
5041,6.628e-05
5042,6.628e-05
5043,6.628e-05
5044,6.628e-05
5045,6.628e-05
5046,6.63e-05
5047,6.66e-05
5048,6.66e-05
5049,6.66e-05
5050,6.66e-05
5051,6.66e-05
5052,6.66e-05
5053,6.66e-05
5054,6.66e-05
5055,6.66e-05
5056,6.66e-05
5057,6.66e-05
5058,6.66e-05
5059,6.628e-05
5060,6.628e-05
5061,6.628e-05
5062,6.628e-05
5063,6.628e-05
5064,6.628e-05
5065,6.628e-05
5066,6.628e-05
5067,6.628e-05
5068,6.628e-05
5069,6.628e-05
5070,6.628e-05
5071,6.628e-05
5072,6.628e-05
5073,6.628e-05
5074,6.628e-05
5075,6.628e-05
5076,6.628e-05
5077,6.628e-05
5078,6.628e-05
5079,6.628e-05
5080,6.628e-05
5081,6.628e-05
5082,6.628e-05
5083,6.628e-05
5084,6.628e-05
5085,6.628e-05
5086,6.628e-05
5087,6.628e-05
5088,6.628e-05
5089,6.628e-05
5090,6.628e-05
5091,6.628e-05
5092,6.628e-05
5093,6.628e-05
5094,6.628e-05
5095,6.628e-05
5096,6.628e-05
5097,6.628e-05
5098,6.6e-05
5099,6.6e-05
5100,6.6e-05
5101,6.6e-05
5102,6.6e-05
5103,6.6e-05
5104,6.6e-05
5105,6.6e-05
5106,6.6e-05
5107,6.6e-05
5108,6.6e-05
5109,6.6e-05
5110,6.6e-05
5111,6.6e-05
5112,6.6e-05
5113,6.6e-05
5114,6.6e-05
5115,6.6e-05
5116,6.6e-05
5117,6.6e-05
5118,6.6e-05
5119,6.6e-05
5120,6.6e-05
5121,6.6e-05
5122,6.6e-05
5123,6.6e-05
5124,6.6e-05
5125,6.6e-05
5126,6.6e-05
5127,6.6e-05
5128,6.6e-05
5129,6.6e-05
5130,6.6e-05
5131,6.6e-05
5132,6.6e-05
5133,6.6e-05
5134,6.6e-05
5135,6.6e-05
5136,6.6e-05
5137,6.6e-05
5138,6.6e-05
5139,6.6e-05
5140,6.6e-05
5141,6.6e-05
5142,6.6e-05
5143,6.6e-05
5144,6.6e-05
5145,6.6e-05
5146,6.6e-05
5147,6.6e-05
5148,6.6e-05
5149,6.6e-05
5150,6.6e-05
5151,6.6e-05
5152,6.6e-05
5153,6.6e-05
5154,6.6e-05
5155,6.6e-05
5156,6.63e-05
5157,6.63e-05
5158,6.63e-05
5159,6.63e-05
5160,6.63e-05
5161,6.63e-05
5162,6.63e-05
5163,6.63e-05
5164,6.63e-05
5165,6.6e-05
5166,6.6e-05
5167,6.6e-05
5168,6.6e-05
5169,6.6e-05
5170,6.6e-05
5171,6.6e-05
5172,6.6e-05
5173,6.6e-05
5174,6.6e-05
5175,6.6e-05
5176,6.6e-05
5177,6.6e-05
5178,6.6e-05
5179,6.6e-05
5180,6.6e-05
5181,6.6e-05
5182,6.6e-05
5183,6.6e-05
5184,6.6e-05
5185,6.6e-05
5186,6.6e-05
5187,6.6e-05
5188,6.6e-05
5189,6.6e-05
5190,6.6e-05
5191,6.6e-05
5192,6.6e-05
5193,6.6e-05
5194,6.6e-05
5195,6.6e-05
5196,6.6e-05
5197,6.6e-05
5198,6.6e-05
5199,6.6e-05
5200,6.6e-05
5201,6.6e-05
5202,6.6e-05
5203,6.6e-05
5204,6.6e-05
5205,6.6e-05
5206,6.6e-05
5207,6.6e-05
5208,6.6e-05
5209,6.6e-05
5210,6.6e-05
5211,6.6e-05
5212,6.6e-05
5213,6.6e-05
5214,6.6e-05
5215,6.6e-05
5216,6.6e-05
5217,6.6e-05
5218,6.6e-05
5219,6.6e-05
5220,6.6e-05
5221,6.6e-05
5222,6.6e-05
5223,6.6e-05
5224,6.6e-05
5225,6.6e-05
5226,6.6e-05
5227,6.6e-05
5228,6.6e-05
5229,6.6e-05
5230,6.6e-05
5231,6.6e-05
5232,6.6e-05
5233,6.6e-05
5234,6.6e-05
5235,6.6e-05
5236,6.6e-05
5237,6.6e-05
5238,6.6e-05
5239,6.6e-05
5240,6.6e-05
5241,6.6e-05
5242,6.6e-05
5243,6.6e-05
5244,6.6e-05
5245,6.6e-05
5246,6.6e-05
5247,6.6e-05
5248,6.6e-05
5249,6.6e-05
5250,6.6e-05
5251,6.606e-05
5252,6.606e-05
5253,6.606e-05
5254,6.606e-05
5255,6.606e-05
5256,6.606e-05
5257,6.6e-05
5258,6.6e-05
5259,6.6e-05
5260,6.6e-05
5261,6.6e-05
5262,6.6e-05
5263,6.6e-05
5264,6.6e-05
5265,6.6e-05
5266,6.6e-05
5267,6.6e-05
5268,6.6e-05
5269,6.6e-05
5270,6.6e-05
5271,6.6e-05
5272,6.6e-05
5273,6.601e-05
5274,6.601e-05
5275,6.6e-05
5276,6.6e-05
5277,6.6e-05
5278,6.6e-05
5279,6.6e-05
5280,6.535e-05
5281,6.535e-05
5282,6.535e-05
5283,6.535e-05
5284,6.535e-05
5285,6.535e-05
5286,6.535e-05
5287,6.535e-05
5288,6.535e-05
5289,6.597e-05
5290,6.597e-05
5291,6.597e-05
5292,6.597e-05
5293,6.597e-05
5294,6.597e-05
5295,6.597e-05
5296,6.597e-05
5297,6.597e-05
5298,6.597e-05
5299,6.597e-05
5300,6.597e-05
5301,6.597e-05
5302,6.597e-05
5303,6.595e-05
5304,6.595e-05
5305,6.595e-05
5306,6.595e-05
5307,6.595e-05
5308,6.595e-05
5309,6.595e-05
5310,6.595e-05
5311,6.595e-05
5312,6.595e-05
5313,6.593e-05
5314,6.593e-05
5315,6.593e-05
5316,6.593e-05
5317,6.532e-05
5318,6.531e-05
5319,6.531e-05
5320,6.531e-05
5321,6.531e-05
5322,6.531e-05
5323,6.531e-05
5324,6.531e-05
5325,6.531e-05
5326,6.531e-05
5327,6.531e-05
5328,6.531e-05
5329,6.531e-05
5330,6.531e-05
5331,6.531e-05
5332,6.531e-05
5333,6.531e-05
5334,6.531e-05
5335,6.466e-05
5336,6.466e-05
5337,6.45e-05
5338,6.531e-05
5339,6.531e-05
5340,6.531e-05
5341,6.531e-05
5342,6.531e-05
5343,6.531e-05
5344,6.531e-05
5345,6.531e-05
5346,6.531e-05
5347,6.531e-05
5348,6.53e-05
5349,6.53e-05
5350,6.53e-05
5351,6.53e-05
5352,6.53e-05
5353,6.48e-05
5354,6.48e-05
5355,6.48e-05
5356,6.48e-05
5357,6.48e-05
5358,6.434e-05
5359,6.434e-05
5360,6.434e-05
5361,6.434e-05
5362,6.434e-05
5363,6.434e-05
5364,6.434e-05
5365,6.434e-05
5366,6.434e-05
5367,6.38e-05
5368,6.379e-05
5369,6.379e-05
5370,6.379e-05
5371,6.379e-05
5372,6.379e-05
5373,6.379e-05
5374,6.379e-05
5375,6.379e-05
5376,6.379e-05
5377,6.379e-05
5378,6.379e-05
5379,6.379e-05
5380,6.379e-05
5381,6.379e-05
5382,6.379e-05
5383,6.379e-05
5384,6.379e-05
5385,6.379e-05
5386,6.379e-05
5387,6.379e-05
5388,6.379e-05
5389,6.379e-05
5390,6.379e-05
5391,6.379e-05
5392,6.379e-05
5393,6.379e-05
5394,6.379e-05
5395,6.379e-05
5396,6.379e-05
5397,6.379e-05
5398,6.379e-05
5399,6.379e-05
5400,6.379e-05
5401,6.379e-05
5402,6.379e-05
5403,6.379e-05
5404,6.379e-05
5405,6.379e-05
5406,6.379e-05
5407,6.379e-05
5408,6.379e-05
5409,6.379e-05
5410,6.379e-05
5411,6.379e-05
5412,6.379e-05
5413,6.351e-05
5414,6.351e-05
5415,6.351e-05
5416,6.351e-05
5417,6.379e-05
5418,6.35e-05
5419,6.35e-05
5420,6.35e-05
5421,6.35e-05
5422,6.35e-05
5423,6.35e-05
5424,6.35e-05
5425,6.35e-05
5426,6.35e-05
5427,6.35e-05
5428,6.35e-05
5429,6.35e-05
5430,6.35e-05
5431,6.35e-05
5432,6.35e-05
5433,6.35e-05
5434,6.35e-05
5435,6.35e-05
5436,6.35e-05
5437,6.35e-05
5438,6.35e-05
5439,6.35e-05
5440,6.35e-05
5441,6.35e-05
5442,6.35e-05
5443,6.481e-05
5444,6.481e-05
5445,6.481e-05
5446,6.481e-05
5447,6.481e-05
5448,6.481e-05
5449,6.481e-05
5450,6.481e-05
5451,6.481e-05
5452,6.481e-05
5453,6.481e-05
5454,6.481e-05
5455,6.481e-05
5456,6.519e-05
5457,6.519e-05
5458,6.519e-05
5459,6.519e-05
5460,6.525e-05
5461,6.525e-05
5462,6.525e-05
5463,6.525e-05
5464,6.525e-05
5465,6.525e-05
5466,6.525e-05
5467,6.525e-05
5468,6.525e-05
5469,6.525e-05
5470,6.525e-05
5471,6.525e-05
5472,6.525e-05
5473,6.525e-05
5474,6.525e-05
5475,6.525e-05
5476,6.525e-05
5477,6.525e-05
5478,6.525e-05
5479,6.525e-05
5480,6.525e-05
5481,6.525e-05
5482,6.525e-05
5483,6.525e-05
5484,6.525e-05
5485,6.525e-05
5486,6.525e-05
5487,6.525e-05
5488,6.525e-05
5489,6.45e-05
5490,6.45e-05
5491,6.45e-05
5492,6.45e-05
5493,6.45e-05
5494,6.419e-05
5495,6.419e-05
5496,6.419e-05
5497,6.419e-05
5498,6.419e-05
5499,6.419e-05
5500,6.419e-05
5501,6.419e-05
5502,6.46e-05
5503,6.46e-05
5504,6.46e-05
5505,6.46e-05
5506,6.46e-05
5507,6.46e-05
5508,6.46e-05
5509,6.46e-05
5510,6.46e-05
5511,6.46e-05
5512,6.46e-05
5513,6.421e-05
5514,6.421e-05
5515,6.421e-05
5516,6.421e-05
5517,6.421e-05
5518,6.421e-05
5519,6.421e-05
5520,6.421e-05
5521,6.421e-05
5522,6.421e-05
5523,6.421e-05
5524,6.421e-05
5525,6.421e-05
5526,6.421e-05
5527,6.421e-05
5528,6.421e-05
5529,6.421e-05
5530,6.421e-05
5531,6.421e-05
5532,6.421e-05
5533,6.532e-05
5534,6.532e-05
5535,6.532e-05
5536,6.532e-05
5537,6.532e-05
5538,6.532e-05
5539,6.532e-05
5540,6.532e-05
5541,6.532e-05
5542,6.532e-05
5543,6.532e-05
5544,6.532e-05
5545,6.532e-05
5546,6.532e-05
5547,6.532e-05
5548,6.531e-05
5549,6.531e-05
5550,6.531e-05
5551,6.531e-05
5552,6.531e-05
5553,6.531e-05
5554,6.532e-05
5555,6.532e-05
5556,6.532e-05
5557,6.532e-05
5558,6.532e-05
5559,6.532e-05
5560,6.532e-05
5561,6.532e-05
5562,6.532e-05
5563,6.532e-05
5564,6.532e-05
5565,6.433e-05
5566,6.433e-05
5567,6.433e-05
5568,6.433e-05
5569,6.433e-05
5570,6.433e-05
5571,6.433e-05
5572,6.433e-05
5573,6.433e-05
5574,6.445e-05
5575,6.42e-05
5576,6.42e-05
5577,6.42e-05
5578,6.413e-05
5579,6.413e-05
5580,6.413e-05
5581,6.413e-05
5582,6.487e-05
5583,6.487e-05
5584,6.491e-05
5585,6.491e-05
5586,6.491e-05
5587,6.491e-05
5588,6.63e-05
5589,6.631e-05
5590,6.631e-05
5591,6.631e-05
5592,6.631e-05
5593,6.631e-05
5594,6.631e-05
5595,6.631e-05
5596,6.631e-05
5597,6.35e-05
5598,6.35e-05
5599,6.35e-05
5600,6.35e-05
5601,6.35e-05
5602,6.35e-05
5603,6.35e-05
5604,6.35e-05
5605,6.35e-05
5606,6.35e-05
5607,6.35e-05
5608,6.35e-05
5609,6.35e-05
5610,6.35e-05
5611,6.35e-05
5612,6.35e-05
5613,6.35e-05
5614,6.35e-05
5615,6.35e-05
5616,6.35e-05
5617,6.35e-05
5618,6.35e-05
5619,6.35e-05
5620,6.35e-05
5621,6.35e-05
5622,6.35e-05
5623,6.35e-05
5624,6.35e-05
5625,6.35e-05
5626,6.35e-05
5627,6.35e-05
5628,6.35e-05
5629,6.35e-05
5630,6.35e-05
5631,6.35e-05
5632,6.35e-05
5633,6.35e-05
5634,6.35e-05
5635,6.35e-05
5636,6.35e-05
5637,6.35e-05
5638,6.545e-05
5639,6.545e-05
5640,6.545e-05
5641,6.545e-05
5642,6.558e-05
5643,6.558e-05
5644,6.558e-05
5645,6.558e-05
5646,6.558e-05
5647,6.558e-05
5648,6.439e-05
5649,6.439e-05
5650,6.439e-05
5651,6.439e-05
5652,6.439e-05
5653,6.678e-05
5654,6.678e-05
5655,6.518e-05
5656,6.681e-05
5657,6.462e-05
5658,6.685e-05
5659,6.69e-05
5660,6.699e-05
5661,6.699e-05
5662,6.699e-05
5663,6.699e-05
5664,6.699e-05
5665,6.699e-05
5666,6.699e-05
5667,6.699e-05
5668,6.699e-05
5669,6.699e-05
5670,6.699e-05
5671,6.699e-05
5672,6.699e-05
5673,6.699e-05
5674,6.699e-05
5675,6.573e-05
5676,6.573e-05
5677,6.573e-05
5678,6.573e-05
5679,6.585e-05
5680,6.585e-05
5681,6.585e-05
5682,6.585e-05
5683,6.59e-05
5684,6.59e-05
5685,6.59e-05
5686,6.59e-05
5687,6.59e-05
5688,6.6e-05
5689,6.6e-05
5690,6.6e-05
5691,6.6e-05
5692,6.6e-05
5693,6.6e-05
5694,6.6e-05
5695,6.6e-05
5696,6.6e-05
5697,6.6e-05
5698,6.6e-05
5699,6.583e-05
5700,6.583e-05
5701,6.583e-05
5702,6.583e-05
5703,6.583e-05
5704,6.583e-05
5705,6.583e-05
5706,6.583e-05
5707,6.583e-05
5708,6.5e-05
5709,6.5e-05
5710,6.5e-05
5711,6.5e-05
5712,6.5e-05
5713,6.5e-05
5714,6.5e-05
5715,6.532e-05
5716,6.532e-05
5717,6.5e-05
5718,6.5e-05
5719,6.5e-05
5720,6.5e-05
5721,6.5e-05
5722,6.5e-05
5723,6.5e-05
5724,6.5e-05
5725,6.5e-05
5726,6.5e-05
5727,6.5e-05
5728,6.5e-05
5729,6.5e-05
5730,6.5e-05
5731,6.5e-05
5732,6.5e-05
5733,6.5e-05
5734,6.5e-05
5735,6.508e-05
5736,6.508e-05
5737,6.508e-05
5738,6.508e-05
5739,6.508e-05
5740,6.508e-05
5741,6.508e-05
5742,6.508e-05
5743,6.578e-05
5744,6.578e-05
5745,6.578e-05
5746,6.578e-05
5747,6.578e-05
5748,6.578e-05
5749,6.578e-05
5750,6.578e-05
5751,6.578e-05
5752,6.578e-05
5753,6.578e-05
5754,6.578e-05
5755,6.557e-05
5756,6.557e-05
5757,6.506e-05
5758,6.506e-05
5759,6.506e-05
5760,6.506e-05
5761,6.506e-05
5762,6.506e-05
5763,6.506e-05
5764,6.506e-05
5765,6.506e-05
5766,6.506e-05
5767,6.506e-05
5768,6.506e-05
5769,6.506e-05
5770,6.506e-05
5771,6.506e-05
5772,6.506e-05
5773,6.506e-05
5774,6.506e-05
5775,6.506e-05
5776,6.506e-05
5777,6.506e-05
5778,6.506e-05
5779,6.506e-05
5780,6.596e-05
5781,6.596e-05
5782,6.596e-05
5783,6.596e-05
5784,6.596e-05
5785,6.596e-05
5786,6.596e-05
5787,6.596e-05
5788,6.596e-05
5789,6.596e-05
5790,6.596e-05
5791,6.596e-05
5792,6.596e-05
5793,6.596e-05
5794,6.596e-05
5795,6.596e-05
5796,6.596e-05
5797,6.596e-05
5798,6.596e-05
5799,6.596e-05
5800,6.596e-05
5801,6.596e-05
5802,6.596e-05
5803,6.596e-05
5804,6.596e-05
5805,6.596e-05
5806,6.596e-05
5807,6.596e-05
5808,6.596e-05
5809,6.596e-05
5810,6.596e-05
5811,6.596e-05
5812,6.596e-05
5813,6.596e-05
5814,6.596e-05
5815,6.596e-05
5816,6.596e-05
5817,6.596e-05
5818,6.596e-05
5819,6.596e-05
5820,6.596e-05
5821,6.596e-05
5822,6.596e-05
5823,6.596e-05
5824,6.596e-05
5825,6.596e-05
5826,6.596e-05
5827,6.596e-05
5828,6.596e-05
5829,6.596e-05
5830,6.596e-05
5831,6.596e-05
5832,6.596e-05
5833,6.596e-05
5834,6.596e-05
5835,6.596e-05
5836,6.596e-05
5837,6.596e-05
5838,6.596e-05
5839,6.603e-05
5840,6.603e-05
5841,6.603e-05
5842,6.603e-05
5843,6.603e-05
5844,6.603e-05
5845,6.603e-05
5846,6.603e-05
5847,6.603e-05
5848,6.603e-05
5849,6.603e-05
5850,6.603e-05
5851,6.603e-05
5852,6.603e-05
5853,6.603e-05
5854,6.603e-05
5855,6.603e-05
5856,6.603e-05
5857,6.603e-05
5858,6.603e-05
5859,6.603e-05
5860,6.603e-05
5861,6.603e-05
5862,6.603e-05
5863,6.603e-05
5864,6.603e-05
5865,6.603e-05
5866,6.603e-05
5867,6.603e-05
5868,6.603e-05
5869,6.603e-05
5870,6.603e-05
5871,6.603e-05
5872,6.603e-05
5873,6.603e-05
5874,6.603e-05
5875,6.603e-05
5876,6.603e-05
5877,6.603e-05
5878,6.603e-05
5879,6.603e-05
5880,6.603e-05
5881,6.603e-05
5882,6.603e-05
5883,6.565e-05
5884,6.565e-05
5885,6.565e-05
5886,6.565e-05
5887,6.565e-05
5888,6.565e-05
5889,6.565e-05
5890,6.565e-05
5891,6.565e-05
5892,6.565e-05
5893,6.565e-05
5894,6.565e-05
5895,6.565e-05
5896,6.565e-05
5897,6.565e-05
5898,6.565e-05
5899,6.565e-05
5900,6.565e-05
5901,6.565e-05
5902,6.565e-05
5903,6.565e-05
5904,6.565e-05
5905,6.565e-05
5906,6.565e-05
5907,6.565e-05
5908,6.565e-05
5909,6.565e-05
5910,6.565e-05
5911,6.565e-05
5912,6.565e-05
5913,6.479e-05
5914,6.479e-05
5915,6.479e-05
5916,6.479e-05
5917,6.479e-05
5918,6.479e-05
5919,6.479e-05
5920,6.479e-05
5921,6.479e-05
5922,6.479e-05
5923,6.479e-05
5924,6.479e-05
5925,6.479e-05
5926,6.479e-05
5927,6.479e-05
5928,6.479e-05
5929,6.479e-05
5930,6.479e-05
5931,6.479e-05
5932,6.479e-05
5933,6.479e-05
5934,6.479e-05
5935,6.479e-05
5936,6.479e-05
5937,6.479e-05
5938,6.479e-05
5939,6.479e-05
5940,6.479e-05
5941,6.479e-05
5942,6.479e-05
5943,6.479e-05
5944,6.479e-05
5945,6.479e-05
5946,6.479e-05
5947,6.479e-05
5948,6.479e-05
5949,6.479e-05
5950,6.479e-05
5951,6.479e-05
5952,6.501e-05
5953,6.5e-05
5954,6.5e-05
5955,6.5e-05
5956,6.478e-05
5957,6.478e-05
5958,6.478e-05
5959,6.451e-05
5960,6.449e-05
5961,6.447e-05
5962,6.448e-05
5963,6.448e-05
5964,6.448e-05
5965,6.45e-05
5966,6.333e-05
5967,6.331e-05
5968,6.331e-05
5969,6.331e-05
5970,6.331e-05
5971,6.331e-05
5972,6.331e-05
5973,6.331e-05
5974,6.335e-05
5975,6.335e-05
5976,6.335e-05
5977,6.335e-05
5978,6.335e-05
5979,6.335e-05
5980,6.335e-05
5981,6.335e-05
5982,6.335e-05
5983,6.335e-05
5984,6.335e-05
5985,6.335e-05
5986,6.51e-05
5987,6.51e-05
5988,6.51e-05
5989,6.504e-05
5990,6.504e-05
5991,6.504e-05
5992,6.504e-05
5993,6.504e-05
5994,6.504e-05
5995,6.504e-05
5996,6.504e-05
5997,6.504e-05
5998,6.504e-05
5999,6.504e-05
6000,6.504e-05
6001,6.504e-05
6002,6.505e-05
6003,6.505e-05
6004,6.505e-05
6005,6.505e-05
6006,6.505e-05
6007,6.505e-05
6008,6.505e-05
6009,6.505e-05
6010,6.505e-05
6011,6.505e-05
6012,6.505e-05
6013,6.505e-05
6014,6.505e-05
6015,6.505e-05
6016,6.505e-05
6017,6.505e-05
6018,6.505e-05
6019,6.505e-05
6020,6.505e-05
6021,6.505e-05
6022,6.505e-05
6023,6.505e-05
6024,6.505e-05
6025,6.505e-05
6026,6.505e-05
6027,6.505e-05
6028,6.505e-05
6029,6.505e-05
6030,6.555e-05
6031,6.555e-05
6032,6.555e-05
6033,6.555e-05
6034,6.555e-05
6035,6.555e-05
6036,6.555e-05
6037,6.555e-05
6038,6.555e-05
6039,6.555e-05
6040,6.555e-05
6041,6.555e-05
6042,6.555e-05
6043,6.555e-05
6044,6.555e-05
6045,6.555e-05
6046,6.555e-05
6047,6.555e-05
6048,6.555e-05
6049,6.555e-05
6050,6.555e-05
6051,6.555e-05
6052,6.506e-05
6053,6.506e-05
6054,6.506e-05
6055,6.506e-05
6056,6.506e-05
6057,6.506e-05
6058,6.506e-05
6059,6.506e-05
6060,6.506e-05
6061,6.506e-05
6062,6.506e-05
6063,6.506e-05
6064,6.506e-05
6065,6.506e-05
6066,6.506e-05
6067,6.506e-05
6068,6.506e-05
6069,6.506e-05
6070,6.506e-05
6071,6.506e-05
6072,6.506e-05
6073,6.506e-05
6074,6.506e-05
6075,6.506e-05
6076,6.506e-05
6077,6.506e-05
6078,6.506e-05
6079,6.506e-05
6080,6.506e-05
6081,6.506e-05
6082,6.506e-05
6083,6.506e-05
6084,6.506e-05
6085,6.506e-05
6086,6.506e-05
6087,6.506e-05
6088,6.506e-05
6089,6.506e-05
6090,6.506e-05
6091,6.506e-05
6092,6.506e-05
6093,6.506e-05
6094,6.506e-05
6095,6.506e-05
6096,6.506e-05
6097,6.506e-05
6098,6.506e-05
6099,6.506e-05
6100,6.506e-05
6101,6.506e-05
6102,6.506e-05
6103,6.506e-05
6104,6.506e-05
6105,6.506e-05
6106,6.506e-05
6107,6.506e-05
6108,6.506e-05
6109,6.506e-05
6110,6.506e-05
6111,6.506e-05
6112,6.506e-05
6113,6.506e-05
6114,6.506e-05
6115,6.506e-05
6116,6.506e-05
6117,6.506e-05
6118,6.506e-05
6119,6.506e-05
6120,6.506e-05
6121,6.506e-05
6122,6.506e-05
6123,6.506e-05
6124,6.506e-05
6125,6.506e-05
6126,6.506e-05
6127,6.506e-05
6128,6.506e-05
6129,6.506e-05
6130,6.506e-05
6131,6.506e-05
6132,6.506e-05
6133,6.506e-05
6134,6.506e-05
6135,6.506e-05
6136,6.506e-05
6137,6.506e-05
6138,6.506e-05
6139,6.506e-05
6140,6.506e-05
6141,6.506e-05
6142,6.506e-05
6143,6.506e-05
6144,6.506e-05
6145,6.506e-05
6146,6.506e-05
6147,6.506e-05
6148,6.506e-05
6149,6.556e-05
6150,6.556e-05
6151,6.556e-05
6152,6.556e-05
6153,6.556e-05
6154,6.556e-05
6155,6.556e-05
6156,6.556e-05
6157,6.556e-05
6158,6.556e-05
6159,6.556e-05
6160,6.556e-05
6161,6.556e-05
6162,6.556e-05
6163,6.556e-05
6164,6.556e-05
6165,6.556e-05
6166,6.556e-05
6167,6.556e-05
6168,6.481e-05
6169,6.481e-05
6170,6.481e-05
6171,6.481e-05
6172,6.481e-05
6173,6.481e-05
6174,6.481e-05
6175,6.481e-05
6176,6.5e-05
6177,6.5e-05
6178,6.5e-05
6179,6.5e-05
6180,6.5e-05
6181,6.5e-05
6182,6.5e-05
6183,6.5e-05
6184,6.5e-05
6185,6.5e-05
6186,6.5e-05
6187,6.5e-05
6188,6.5e-05
6189,6.5e-05
6190,6.5e-05
6191,6.5e-05
6192,6.5e-05
6193,6.5e-05
6194,6.5e-05
6195,6.5e-05
6196,6.5e-05
6197,6.5e-05
6198,6.5e-05
6199,6.5e-05
6200,6.5e-05
6201,6.5e-05
6202,6.5e-05
6203,6.5e-05
6204,6.5e-05
6205,6.5e-05
6206,6.5e-05
6207,6.5e-05
6208,6.5e-05
6209,6.5e-05
6210,6.5e-05
6211,6.5e-05
6212,6.5e-05
6213,6.5e-05
6214,6.5e-05
6215,6.5e-05
6216,6.5e-05
6217,6.472e-05
6218,6.472e-05
6219,6.472e-05
6220,6.472e-05
6221,6.472e-05
6222,6.472e-05
6223,6.472e-05
6224,6.472e-05
6225,6.472e-05
6226,6.472e-05
6227,6.472e-05
6228,6.472e-05
6229,6.472e-05
6230,6.472e-05
6231,6.472e-05
6232,6.472e-05
6233,6.472e-05
6234,6.472e-05
6235,6.472e-05
6236,6.472e-05
6237,6.472e-05
6238,6.472e-05
6239,6.472e-05
6240,6.472e-05
6241,6.472e-05
6242,6.503e-05
6243,6.503e-05
6244,6.503e-05
6245,6.503e-05
6246,6.503e-05
6247,6.503e-05
6248,6.503e-05
6249,6.503e-05
6250,6.503e-05
6251,6.503e-05
6252,6.503e-05
6253,6.503e-05
6254,6.503e-05
6255,6.503e-05
6256,6.327e-05
6257,6.327e-05
6258,6.5e-05
6259,6.5e-05
6260,6.5e-05
6261,6.5e-05
6262,6.5e-05
6263,6.5e-05
6264,6.5e-05
6265,6.5e-05
6266,6.5e-05
6267,6.5e-05
6268,6.5e-05
6269,6.5e-05
6270,6.5e-05
6271,6.5e-05
6272,6.5e-05
6273,6.5e-05
