0,0.00010901
1,0.00010901
2,0.00010901
3,0.00010901
4,0.00010901
5,0.00010901
6,0.00010901
7,0.00010901
8,0.00010901
9,0.00010901
10,0.00010901
11,0.00010901
12,0.00010901
13,0.00010901
14,0.00010901
15,0.00010901
16,0.00010901
17,0.00010901
18,0.00010901
19,0.00010901
20,0.00010901
21,0.00010901
22,0.00010901
23,0.00010901
24,0.00010901
25,0.00010901
26,0.00010901
27,0.00010901
28,0.00010901
29,0.00010901
30,0.00010901
31,0.00010901
32,0.00010901
33,0.00010901
34,0.00010901
35,0.00010901
36,0.00010901
37,0.00010901
38,0.00010901
39,0.00010901
40,0.00010901
41,0.00010901
42,0.00010901
43,0.00010901
44,0.000109
45,0.000109
46,0.000109
47,0.000109
48,0.000109
49,0.000109
50,0.000109
51,0.000109
52,0.000109
53,0.00010901
54,0.00010901
55,0.00010901
56,0.00010901
57,0.00010901
58,0.00010901
59,0.00010901
60,0.00010901
61,0.00010901
62,0.00010901
63,0.00010901
64,0.00010901
65,0.00010901
66,0.00010901
67,0.00010901
68,0.00010901
69,0.00010901
70,0.00010901
71,0.00010901
72,0.00010901
73,0.00010901
74,0.00010901
75,0.000109
76,0.000109
77,0.000109
78,0.00010901
79,0.00010901
80,0.00010901
81,0.00010901
82,0.00010901
83,0.00010901
84,0.00010901
85,0.00010901
86,0.000109
87,0.000109
88,0.000109
89,0.000109
90,0.000109
91,0.000109
92,0.000109
93,0.000109
94,0.000109
95,0.00010903
96,0.00010903
97,0.00010903
98,0.00010903
99,0.00010903
100,0.00010903
101,0.00010903
102,0.00010903
103,0.00010903
104,0.00010903
105,0.00010903
106,0.00010903
107,0.00010901
108,0.00010901
109,0.00010901
110,0.00010901
111,0.00010901
112,0.00010901
113,0.00010901
114,0.00010901
115,0.00010901
116,0.00010901
117,0.00010901
118,0.00010901
119,0.00010901
120,0.00010901
121,0.00010901
122,0.00010901
123,0.00010901
124,0.00010903
125,0.00010903
126,0.00010903
127,0.00010903
128,0.00010903
129,0.00010903
130,0.00010903
131,0.00010903
132,0.00010901
133,0.00010901
134,0.00010901
135,0.00010896
136,0.00010896
137,0.00010896
138,0.00010896
139,0.00010901
140,0.00010901
141,0.00010901
142,0.00010901
143,0.00010901
144,0.00010901
145,0.00010901
146,0.00010901
147,0.00010901
148,0.00010901
149,0.00010901
150,0.00010901
151,0.00010901
152,0.00010901
153,0.00010901
154,0.00010901
155,0.00010901
156,0.00010901
157,0.00010901
158,0.00010901
159,0.00010901
160,0.00010901
161,0.00010529
162,0.00010529
163,0.00010529
164,0.00010849
165,0.00010849
166,0.00010849
167,0.00010849
168,0.00010849
169,0.00010849
170,0.00010849
171,0.0001084
172,0.00010839
173,0.00010839
174,0.00010839
175,0.00010839
176,0.00010839
177,0.00010809
178,0.00010809
179,0.00010809
180,0.00010809
181,0.00010809
182,0.000108
183,0.000108
184,0.000108
185,0.000108
186,0.000108
187,0.00010777
188,0.00010777
189,0.00010777
190,0.00010777
191,0.00010777
192,0.00010777
193,0.00010777
194,0.00010777
195,0.00010777
196,0.00010777
197,0.00010777
198,0.00010777
199,0.00010785
200,0.00010785
201,0.00010785
202,0.00010785
203,0.00010785
204,0.00010785
205,0.00010785
206,0.00010785
207,0.00010785
208,0.00010785
209,0.00010785
210,0.00010785
211,0.00010709
212,0.00010709
213,0.00010709
214,0.00010709
215,0.00010709
216,0.00010709
217,0.00010709
218,0.00010709
219,0.00010709
220,0.00010709
221,0.00010709
222,0.00010709
223,0.00010709
224,0.00010709
225,0.00010709
226,0.00010709
227,0.00010709
228,0.00010709
229,0.00010769
230,0.00010769
231,0.00010764
232,0.00010766
233,0.00010766
234,0.00010766
235,0.00010766
236,0.00010766
237,0.00010766
238,0.00010766
239,0.00010766
240,0.00010766
241,0.00010766
242,0.00010766
243,0.00010768
244,0.00010768
245,0.00010768
246,0.00010768
247,0.00010768
248,0.00010768
249,0.00010768
250,0.00010775
251,0.00010775
252,0.00010775
253,0.0001078
254,0.00010861
255,0.00010861
256,0.00010861
257,0.00010861
258,0.00010845
259,0.00010845
260,0.00010845
261,0.00010845
262,0.00010845
263,0.00010845
264,0.00010845
265,0.00010845
266,0.00010845
267,0.00010845
268,0.00010845
269,0.00010845
270,0.00010845
271,0.00010782
272,0.00010782
273,0.00010782
274,0.00010782
275,0.00010782
276,0.00010782
277,0.00010782
278,0.00010782
279,0.00010839
280,0.00010839
281,0.00010839
282,0.00010839
283,0.00010839
284,0.00010839
285,0.00010839
286,0.00010839
287,0.00010839
288,0.00010839
289,0.00010839
290,0.00010839
291,0.00010839
292,0.00010839
293,0.00010839
294,0.00010839
295,0.00010839
296,0.00010839
297,0.00010839
298,0.00010839
299,0.00010839
300,0.00010839
301,0.00010839
302,0.00010839
303,0.00010839
304,0.00010839
305,0.00010839
306,0.00010839
307,0.00010839
308,0.00010839
309,0.00010839
310,0.00010839
311,0.00010839
312,0.00010839
313,0.00010839
314,0.00010745
315,0.00010745
316,0.00010745
317,0.00010745
318,0.00010745
319,0.00010745
320,0.00010743
321,0.00010743
322,0.00010743
323,0.00010743
324,0.00010743
325,0.00010743
326,0.00010743
327,0.00010743
328,0.00010743
329,0.00010743
330,0.00010743
331,0.00010743
332,0.00010743
333,0.00010743
334,0.00010743
335,0.00010743
336,0.00010743
337,0.00010743
338,0.00010743
339,0.00010743
340,0.00010743
341,0.00010743
342,0.00010743
343,0.00010789
344,0.00010789
345,0.00010789
346,0.00010789
347,0.00010743
348,0.00010743
349,0.00010743
350,0.00010743
351,0.00010743
352,0.00010743
353,0.00010743
354,0.0001071
355,0.00010703
356,0.00010703
357,0.00010731
358,0.00010654
359,0.000106
360,0.000106
361,0.000106
362,0.00010717
363,0.00010716
364,0.00010716
365,0.00010542
366,0.00010542
367,0.00010542
368,0.00010542
369,0.00010542
370,0.00010691
371,0.00010688
372,0.00010683
373,0.00010683
374,0.00010683
375,0.00010683
376,0.00010683
377,0.00010683
378,0.00010683
379,0.00010666
380,0.00010666
381,0.00010666
382,0.00010666
383,0.00010653
384,0.00010653
385,0.00010646
386,0.00010646
387,0.00010646
388,0.00010646
389,0.00010646
390,0.00010646
391,0.00010646
392,0.00010626
393,0.00010626
394,0.00010623
395,0.0001062
396,0.00010706
397,0.00010706
398,0.00010703
399,0.00010703
400,0.00010703
401,0.00010696
402,0.00010696
403,0.00010696
404,0.00010696
405,0.00010696
406,0.00010696
407,0.00010696
408,0.00010696
409,0.00010696
410,0.00010696
411,0.00010696
412,0.00010696
413,0.00010696
414,0.00010696
415,0.00010696
416,0.00010696
417,0.00010696
418,0.00010696
419,0.00010696
420,0.00010696
421,0.00010621
422,0.00010621
423,0.00010621
424,0.00010621
425,0.00010621
426,0.00010621
427,0.00010621
428,0.00010621
429,0.00010621
430,0.00010621
431,0.00010618
432,0.00010612
433,0.00010612
434,0.00010612
435,0.00010612
436,0.00010612
437,0.00010612
438,0.00010612
439,0.00010612
440,0.00010573
441,0.00010573
442,0.00010612
443,0.00010612
444,0.00010612
445,0.00010612
446,0.00010612
447,0.00010612
448,0.00010612
449,0.00010612
450,0.00010612
451,0.00010618
452,0.00010618
453,0.00010618
454,0.00010618
455,0.00010618
456,0.00010618
457,0.00010618
458,0.00010618
459,0.00010618
460,0.00010618
461,0.00010618
462,0.00010618
463,0.00010618
464,0.00010618
465,0.00010698
466,0.00010698
467,0.00010696
468,0.00010696
469,0.00010696
470,0.00010696
471,0.00010696
472,0.00010696
473,0.00010696
474,0.00010696
475,0.00010696
476,0.00010696
477,0.00010696
478,0.00010702
479,0.00010702
480,0.00010702
481,0.00010702
482,0.00010702
483,0.00010702
484,0.00010702
485,0.00010702
486,0.00010592
487,0.00010592
488,0.00010592
489,0.00010592
490,0.00010592
491,0.0001059
492,0.0001059
493,0.0001059
494,0.0001059
495,0.0001059
496,0.0001059
497,0.0001059
498,0.0001059
499,0.0001059
500,0.0001059
501,0.0001059
502,0.0001059
503,0.0001059
504,0.0001059
505,0.0001059
506,0.0001059
507,0.00010582
508,0.00010582
509,0.00010582
510,0.00010582
511,0.00010582
512,0.00010582
513,0.00010582
514,0.00010582
515,0.00010582
516,0.00010582
517,0.00010582
518,0.00010582
519,0.00010582
520,0.00010582
521,0.00010582
522,0.00010582
523,0.00010582
524,0.00010582
525,0.00010574
526,0.00010574
527,0.00010574
528,0.00010574
529,0.00010574
530,0.00010573
531,0.00010573
532,0.00010573
533,0.00010573
534,0.00010573
535,0.00010573
536,0.00010573
537,0.00010568
538,0.00010568
539,0.00010568
540,0.00010568
541,0.00010568
542,0.00010568
543,0.00010568
544,0.00010568
545,0.00010568
546,0.00010527
547,0.00010524
548,0.00010524
549,0.00010524
550,0.00010524
551,0.00010524
552,0.00010524
553,0.000105
554,0.000105
555,0.000105
556,0.000105
557,0.000105
558,0.000105
559,0.000105
560,0.000105
561,0.000105
562,0.000105
563,0.000105
564,0.00010525
565,0.00010525
566,0.00010525
567,0.00010525
568,0.00010525
569,0.00010525
570,0.00010525
571,0.00010525
572,0.00010525
573,0.00010525
574,0.00010525
575,0.00010525
576,0.00010525
577,0.00010525
578,0.00010525
579,0.00010525
580,0.00010525
581,0.00010525
582,0.00010525
583,0.00010525
584,0.00010525
585,0.00010525
586,0.00010525
587,0.00010525
588,0.00010525
589,0.00010525
590,0.00010525
591,0.00010525
592,0.00010516
593,0.00010516
594,0.00010516
595,0.00010516
596,0.00010516
597,0.00010516
598,0.000105
599,0.000105
600,0.000105
601,0.000105
602,0.000105
603,0.000105
604,0.000105
605,0.000105
606,0.000105
607,0.0001049
608,0.0001049
609,0.0001049
610,0.0001049
611,0.0001049
612,0.0001049
613,0.0001049
614,0.0001049
615,0.0001049
616,0.0001049
617,0.0001049
618,0.0001049
619,0.0001049
620,0.0001049
621,0.0001049
622,0.0001049
623,0.0001049
624,0.0001049
625,0.0001049
626,0.0001049
627,0.0001049
628,0.0001049
629,0.00010481
630,0.00010481
631,0.00010481
632,0.00010481
633,0.00010481
634,0.00010481
635,0.00010481
636,0.00010572
637,0.00010572
638,0.0001048
639,0.0001047
640,0.0001047
641,0.0001047
642,0.0001047
643,0.0001047
644,0.0001047
645,0.00010475
646,0.00010475
647,0.00010475
648,0.00010475
649,0.00010475
650,0.00010475
651,0.00010475
652,0.00010475
653,0.00010475
654,0.00010475
655,0.00010475
656,0.00010475
657,0.00010475
658,0.00010475
659,0.00010475
660,0.00010475
661,0.00010475
662,0.00010475
663,0.00010475
664,0.00010475
665,0.00010475
666,0.00010475
667,0.00010475
668,0.00010475
669,0.00010475
670,0.00010475
671,0.00010475
672,0.00010475
673,0.00010475
674,0.00010475
675,0.00010475
676,0.00010472
677,0.00010472
678,0.00010472
679,0.00010472
680,0.00010471
681,0.00010471
682,0.00010475
683,0.0001047
684,0.0001047
685,0.0001047
686,0.0001047
687,0.0001047
688,0.0001047
689,0.0001047
690,0.0001047
691,0.0001047
692,0.0001047
693,0.0001047
694,0.0001047
695,0.0001047
696,0.0001047
697,0.0001047
698,0.0001047
699,0.0001047
700,0.0001047
701,0.0001047
702,0.0001047
703,0.0001047
704,0.0001047
705,0.0001047
706,0.0001047
707,0.0001047
708,0.0001047
709,0.0001047
710,0.0001047
711,0.0001047
712,0.0001047
713,0.0001047
714,0.0001047
715,0.00010477
716,0.00010477
717,0.00010477
718,0.00010477
719,0.00010477
720,0.00010477
721,0.00010477
722,0.00010477
723,0.00010477
724,0.00010477
725,0.00010477
726,0.00010477
727,0.00010477
728,0.00010477
729,0.00010477
730,0.00010477
731,0.00010477
732,0.00010477
733,0.00010477
734,0.00010477
735,0.00010477
736,0.00010477
737,0.00010477
738,0.00010477
739,0.00010477
740,0.00010477
741,0.00010477
742,0.00010477
743,0.00010477
744,0.00010477
745,0.00010477
746,0.00010477
747,0.00010477
748,0.00010477
749,0.00010475
750,0.00010475
751,0.00010474
752,0.00010474
753,0.00010474
754,0.00010474
755,0.00010474
756,0.00010474
757,0.00010474
758,0.00010474
759,0.00010474
760,0.00010474
761,0.00010474
762,0.00010474
763,0.00010474
764,0.00010474
765,0.00010449
766,0.00010449
767,0.00010449
768,0.00010408
769,0.00010408
770,0.00010408
771,0.00010569
772,0.00010569
773,0.00010561
774,0.00010561
775,0.00010561
776,0.0001042
777,0.0001042
778,0.0001042
779,0.00010403
780,0.00010403
781,0.00010403
782,0.00010403
783,0.00010403
784,0.00010402
785,0.00010402
786,0.00010402
787,0.00010402
788,0.00010403
789,0.00010475
790,0.00010475
791,0.00010475
792,0.00010475
793,0.00010475
794,0.00010475
795,0.00010475
796,0.00010475
797,0.00010475
798,0.00010475
799,0.00010475
800,0.00010405
801,0.00010405
802,0.00010405
803,0.00010405
804,0.00010405
805,0.00010405
806,0.00010405
807,0.00010405
808,0.00010405
809,0.00010405
810,0.00010404
811,0.00010405
812,0.00010405
813,0.00010405
814,0.00010405
815,0.00010405
816,0.00010405
817,0.00010405
818,0.00010405
819,0.00010405
820,0.00010405
821,0.00010405
822,0.00010405
823,0.00010405
824,0.00010405
825,0.00010405
826,0.00010405
827,0.00010405
828,0.00010405
829,0.00010405
830,0.00010405
831,0.00010405
832,0.00010405
833,0.00010404
834,0.00010404
835,0.00010404
836,0.00010404
837,0.00010404
838,0.00010404
839,0.00010404
840,0.00010404
841,0.00010404
842,0.00010403
843,0.00010403
844,0.00010403
845,0.00010403
846,0.00010403
847,0.00010403
848,0.00010403
849,0.00010403
850,0.00010403
851,0.00010404
852,0.00010404
853,0.00010404
854,0.00010404
855,0.00010404
856,0.00010404
857,0.00010404
858,0.0001048
859,0.0001048
860,0.0001048
861,0.0001048
862,0.0001048
863,0.0001048
864,0.00010497
865,0.00010497
866,0.00010497
867,0.00010497
868,0.00010497
869,0.00010497
870,0.00010497
871,0.00010497
872,0.00010497
873,0.00010503
874,0.00010503
875,0.00010503
876,0.00010503
877,0.00010503
878,0.00010503
879,0.00010503
880,0.00010503
881,0.00010503
882,0.00010503
883,0.00010503
884,0.00010503
885,0.00010503
886,0.00010503
887,0.00010503
888,0.00010503
889,0.00010503
890,0.00010503
891,0.00010503
892,0.00010503
893,0.00010503
894,0.00010503
895,0.00010503
896,0.00010503
897,0.00010503
898,0.00010503
899,0.00010503
900,0.00010503
901,0.00010503
902,0.00010503
903,0.00010503
904,0.00010503
905,0.00010503
906,0.00010503
907,0.00010503
908,0.00010469
909,0.00010469
910,0.00010521
911,0.00010521
912,0.00010521
913,0.00010521
914,0.00010521
915,0.00010521
916,0.00010521
917,0.00010521
918,0.00010571
919,0.00010571
920,0.00010571
921,0.00010544
922,0.00010544
923,0.00010544
924,0.00010544
925,0.00010544
926,0.00010544
927,0.00010544
928,0.00010544
929,0.00010543
930,0.0001052
931,0.0001052
932,0.00010516
933,0.00010516
934,0.00010516
935,0.00010516
936,0.00010516
937,0.00010516
938,0.0001056
939,0.0001056
940,0.0001056
941,0.0001056
942,0.0001056
943,0.0001056
944,0.0001056
945,0.0001056
946,0.0001056
947,0.0001056
948,0.0001056
949,0.00010576
950,0.00010576
951,0.00010576
952,0.00010576
953,0.00010579
954,0.00010581
955,0.00010592
956,0.00010592
957,0.00010592
958,0.00010592
959,0.00010592
960,0.00010592
961,0.0001063
962,0.00010633
963,0.00010633
964,0.00010633
965,0.00010633
966,0.00010633
967,0.00010633
968,0.00010633
969,0.00010633
970,0.00010679
971,0.00010679
972,0.00010679
973,0.00010679
974,0.00010679
975,0.0001068
976,0.0001069
977,0.0001069
978,0.0001069
979,0.00010783
980,0.00010784
981,0.00010784
982,0.00010784
983,0.00010784
984,0.00010784
985,0.00010784
986,0.00010784
987,0.00010797
988,0.00010798
989,0.00010798
990,0.00010798
991,0.00010798
992,0.00010798
993,0.00010798
994,0.00010799
995,0.00010799
996,0.00010701
997,0.0001086
998,0.0001086
999,0.0001086
1000,0.0001086
1001,0.0001086
1002,0.0001086
1003,0.0001086
1004,0.0001086
1005,0.0001086
1006,0.0001086
1007,0.0001086
1008,0.0001086
1009,0.0001086
1010,0.0001086
1011,0.0001086
1012,0.0001086
1013,0.0001086
1014,0.0001086
1015,0.0001086
1016,0.0001086
1017,0.0001086
1018,0.0001086
1019,0.0001086
1020,0.00010865
1021,0.0001086
1022,0.0001086
1023,0.0001086
1024,0.0001086
1025,0.0001086
1026,0.0001086
1027,0.0001086
1028,0.0001086
1029,0.0001086
1030,0.0001086
1031,0.0001086
1032,0.0001086
1033,0.0001086
1034,0.0001086
1035,0.0001086
1036,0.0001086
1037,0.0001086
1038,0.0001086
1039,0.0001086
1040,0.0001086
1041,0.0001086
1042,0.0001086
1043,0.00010875
1044,0.00010875
1045,0.00010875
1046,0.00010875
1047,0.00010875
1048,0.00010875
1049,0.00010875
1050,0.00010875
1051,0.00010875
1052,0.00010875
1053,0.00010875
1054,0.00010875
1055,0.00010875
1056,0.00010875
1057,0.00010875
1058,0.00010875
1059,0.00010875
1060,0.0001088
1061,0.0001088
1062,0.0001088
1063,0.0001088
1064,0.0001088
1065,0.0001089
1066,0.0001089
1067,0.0001089
1068,0.0001089
1069,0.0001089
1070,0.00010875
1071,0.00010875
1072,0.00010875
1073,0.00010875
1074,0.00010875
1075,0.00010875
1076,0.00010875
1077,0.00010875
1078,0.00010875
1079,0.00010875
1080,0.00010875
1081,0.00010875
1082,0.00010875
1083,0.00010875
1084,0.00010875
1085,0.00010875
1086,0.00010875
1087,0.00010875
1088,0.00010875
1089,0.00010884
1090,0.00010884
1091,0.00010884
1092,0.00010884
1093,0.00010902
1094,0.00010903
1095,0.00010903
1096,0.00010903
1097,0.00010903
1098,0.00010903
1099,0.00010926
1100,0.00010926
1101,0.00010986
1102,0.00010989
1103,0.00011
1104,0.00011
1105,0.00011
1106,0.00011
1107,0.00011
1108,0.0001105
1109,0.0001105
1110,0.00011033
1111,0.00011092
1112,0.00011092
1113,0.00011093
1114,0.00011093
1115,0.00011093
1116,0.00011093
1117,0.00011131
1118,0.00011132
1119,0.00011191
1120,0.00011191
1121,0.00011198
1122,0.00011198
1123,0.00011199
1124,0.00011205
1125,0.00011206
1126,0.00011301
1127,0.00011306
1128,0.00011306
1129,0.00011383
1130,0.00011383
1131,0.00011383
1132,0.00011383
1133,0.00011306
1134,0.00011306
1135,0.00011272
1136,0.00011207
1137,0.00011208
1138,0.00011209
1139,0.0001121
1140,0.0001121
1141,0.0001121
1142,0.00011306
1143,0.00011306
1144,0.00011306
1145,0.00011306
1146,0.00011307
1147,0.00011307
1148,0.00011307
1149,0.00011307
1150,0.00011307
1151,0.00011307
1152,0.00011307
1153,0.00011382
1154,0.00011382
1155,0.00011382
1156,0.00011307
1157,0.00011307
1158,0.00011307
1159,0.00011307
1160,0.00011307
1161,0.00011307
1162,0.00011306
1163,0.00011306
1164,0.00011306
1165,0.00011306
1166,0.00011306
1167,0.00011306
1168,0.00011306
1169,0.00011306
1170,0.00011306
1171,0.00011306
1172,0.00011306
1173,0.00011306
1174,0.00011307
1175,0.00011307
1176,0.00011307
1177,0.00011307
1178,0.00011307
1179,0.00011307
1180,0.00011306
1181,0.00011306
1182,0.00011306
1183,0.00011306
1184,0.00011306
1185,0.00011306
1186,0.00011306
1187,0.00011306
1188,0.00011306
1189,0.00011306
1190,0.00011306
1191,0.00011306
1192,0.00011306
1193,0.00011306
1194,0.00011306
1195,0.00011306
1196,0.00011306
1197,0.00011306
1198,0.00011306
1199,0.00011306
1200,0.00011306
1201,0.00011326
1202,0.00011326
1203,0.00011326
1204,0.00011326
1205,0.00011326
1206,0.00011326
1207,0.00011326
1208,0.00011326
1209,0.00011325
1210,0.00011325
1211,0.00011325
1212,0.00011325
1213,0.00011325
1214,0.00011325
1215,0.00011325
1216,0.00011325
1217,0.00011325
1218,0.00011325
1219,0.00011325
1220,0.00011325
1221,0.00011325
1222,0.00011325
1223,0.00011325
1224,0.00011325
1225,0.00011325
1226,0.00011325
1227,0.00011325
1228,0.00011325
1229,0.00011325
1230,0.00011325
1231,0.00011325
1232,0.00011325
1233,0.00011325
1234,0.00011325
1235,0.00011325
1236,0.00011325
1237,0.00011325
1238,0.00011325
1239,0.00011325
1240,0.00011325
1241,0.00011325
1242,0.00011325
1243,0.00011325
1244,0.00011325
1245,0.00011325
1246,0.00011306
1247,0.00011315
1248,0.00011315
1249,0.00011315
1250,0.00011315
1251,0.00011315
1252,0.00011315
1253,0.00011315
1254,0.00011315
1255,0.00011315
1256,0.00011315
1257,0.00011325
1258,0.00011325
1259,0.00011325
1260,0.00011325
1261,0.00011325
1262,0.00011325
1263,0.00011325
1264,0.00011325
1265,0.00011325
1266,0.00011318
1267,0.00011318
1268,0.00011323
1269,0.00011323
1270,0.00011323
1271,0.00011323
1272,0.00011323
1273,0.00011323
1274,0.00011323
1275,0.00011323
1276,0.00011323
1277,0.00011322
1278,0.00011322
1279,0.00011322
1280,0.00011322
1281,0.00011322
1282,0.00011322
1283,0.00011322
1284,0.00011322
1285,0.00011322
1286,0.00011322
1287,0.00011322
1288,0.00011322
1289,0.00011322
1290,0.00011322
1291,0.00011322
1292,0.00011322
1293,0.00011322
1294,0.00011322
1295,0.00011322
1296,0.00011322
1297,0.00011322
1298,0.00011322
1299,0.00011322
1300,0.00011325
1301,0.00011325
1302,0.00011325
1303,0.00011325
1304,0.00011325
1305,0.00011325
1306,0.00011325
1307,0.00011325
1308,0.00011322
1309,0.00011322
1310,0.00011322
1311,0.00011322
1312,0.00011322
1313,0.00011322
1314,0.00011323
1315,0.00011323
1316,0.00011323
1317,0.00011323
1318,0.00011323
1319,0.00011323
1320,0.00011323
1321,0.00011323
1322,0.00011323
1323,0.00011323
1324,0.00011323
1325,0.00011323
1326,0.00011323
1327,0.00011323
1328,0.00011323
1329,0.00011323
1330,0.00011323
1331,0.00011323
1332,0.00011323
1333,0.00011323
1334,0.00011323
1335,0.00011323
1336,0.00011323
1337,0.00011323
1338,0.00011323
1339,0.00011323
1340,0.00011323
1341,0.00011323
1342,0.00011323
1343,0.00011323
1344,0.00011323
1345,0.00011323
1346,0.00011323
1347,0.00011323
1348,0.00011323
1349,0.00011323
1350,0.00011323
1351,0.00011323
1352,0.00011323
1353,0.00011323
1354,0.00011323
1355,0.00011323
1356,0.00011323
1357,0.00011324
1358,0.00011324
1359,0.00011323
1360,0.00011323
1361,0.00011323
1362,0.00011323
1363,0.00011323
1364,0.00011323
1365,0.00011323
1366,0.00011323
1367,0.00011323
1368,0.00011323
1369,0.00011323
1370,0.00011323
1371,0.00011323
1372,0.00011323
1373,0.00011323
1374,0.00011323
1375,0.00011323
1376,0.00011323
1377,0.00011323
1378,0.00011323
1379,0.00011323
1380,0.00011323
1381,0.00011323
1382,0.00011323
1383,0.00011323
1384,0.00011323
1385,0.00011323
1386,0.00011323
1387,0.00011323
1388,0.00011323
1389,0.00011323
1390,0.00011323
1391,0.00011323
1392,0.00011323
1393,0.00011323
1394,0.00011323
1395,0.00011323
1396,0.00011323
1397,0.00011323
1398,0.00011323
1399,0.00011323
1400,0.00011323
1401,0.00011323
1402,0.00011323
1403,0.00011323
1404,0.00011323
1405,0.00011323
1406,0.00011323
1407,0.00011323
1408,0.00011323
1409,0.00011323
1410,0.00011323
1411,0.00011323
1412,0.00011323
1413,0.00011323
1414,0.00011323
1415,0.00011306
1416,0.00011306
1417,0.00011306
1418,0.0001132
1419,0.00011212
1420,0.00011212
1421,0.00011212
1422,0.00011211
1423,0.00011212
1424,0.00011212
1425,0.00011212
1426,0.00011212
1427,0.00011212
1428,0.00011212
1429,0.00011212
1430,0.00011212
1431,0.00011212
1432,0.00011212
1433,0.00011212
1434,0.00011212
1435,0.00011212
1436,0.00011212
1437,0.00011212
1438,0.00011212
1439,0.00011212
1440,0.00011212
1441,0.00011212
1442,0.00011211
1443,0.00011211
1444,0.00011211
1445,0.00011211
1446,0.00011211
1447,0.00011211
1448,0.00011211
1449,0.00011211
1450,0.00011211
1451,0.00011211
1452,0.00011211
1453,0.00011315
1454,0.00011315
1455,0.00011315
1456,0.00011315
1457,0.00011315
1458,0.00011315
1459,0.00011315
1460,0.00011315
1461,0.00011315
1462,0.00011315
1463,0.00011315
1464,0.00011315
1465,0.00011315
1466,0.00011315
1467,0.00011315
1468,0.00011315
1469,0.00011315
1470,0.00011315
1471,0.00011315
1472,0.00011315
1473,0.00011315
1474,0.00011315
1475,0.00011315
1476,0.00011315
1477,0.00011315
1478,0.00011315
1479,0.00011315
1480,0.0001121
1481,0.0001121
1482,0.0001121
1483,0.00011211
1484,0.00011211
1485,0.00011211
1486,0.00011211
1487,0.00011211
1488,0.00011211
1489,0.0001121
1490,0.0001121
1491,0.0001121
1492,0.0001121
1493,0.0001121
1494,0.0001121
1495,0.0001121
1496,0.0001121
1497,0.0001121
1498,0.0001121
1499,0.0001121
1500,0.0001121
1501,0.0001121
1502,0.0001121
1503,0.0001121
1504,0.0001121
1505,0.0001121
1506,0.0001121
1507,0.0001121
1508,0.0001121
1509,0.0001121
1510,0.0001121
1511,0.0001121
1512,0.0001121
1513,0.0001121
1514,0.0001121
1515,0.0001121
1516,0.0001121
1517,0.0001121
1518,0.0001121
1519,0.0001121
1520,0.0001121
1521,0.0001121
1522,0.0001121
1523,0.0001121
1524,0.0001121
1525,0.0001121
1526,0.0001121
1527,0.0001121
1528,0.0001121
1529,0.0001121
1530,0.0001121
1531,0.0001121
1532,0.0001121
1533,0.0001121
1534,0.0001121
1535,0.0001121
1536,0.0001121
1537,0.0001121
1538,0.0001121
1539,0.0001121
1540,0.0001121
1541,0.0001121
1542,0.0001121
1543,0.0001121
1544,0.0001121
1545,0.0001121
1546,0.0001121
1547,0.0001121
1548,0.0001121
1549,0.0001121
1550,0.0001121
1551,0.0001121
1552,0.0001121
1553,0.0001121
1554,0.0001121
1555,0.0001121
1556,0.0001121
1557,0.0001121
1558,0.0001121
1559,0.0001121
1560,0.0001121
1561,0.0001121
1562,0.0001121
1563,0.00011206
1564,0.00011206
1565,0.00011205
1566,0.00011205
1567,0.00011205
1568,0.00011205
1569,0.00011205
1570,0.00011205
1571,0.00011205
1572,0.00011205
1573,0.00011205
1574,0.00011205
1575,0.00011205
1576,0.00011194
1577,0.00011194
1578,0.00011156
1579,0.00011156
1580,0.00011156
1581,0.00011156
1582,0.00011156
1583,0.00011199
1584,0.00011199
1585,0.000111
1586,0.000111
1587,0.00011199
1588,0.00011196
1589,0.00011196
1590,0.00011196
1591,0.00011196
1592,0.00011196
1593,0.00011196
1594,0.00011196
1595,0.00011196
1596,0.00011196
1597,0.00011196
1598,0.00011196
1599,0.00011196
1600,0.00011196
1601,0.00011196
1602,0.00011196
1603,0.00011196
1604,0.00011196
1605,0.00011196
1606,0.00011196
1607,0.00011196
1608,0.00011196
1609,0.00011196
1610,0.00011099
1611,0.00011099
1612,0.00011099
1613,0.00011081
1614,0.00011081
1615,0.00011054
1616,0.00011054
1617,0.00011054
1618,0.00011045
1619,0.00011045
1620,0.00011044
1621,0.00011044
1622,0.00011025
1623,0.00011025
1624,0.00011025
1625,0.00011025
1626,0.00011025
1627,0.00011025
1628,0.00011
1629,0.00011
1630,0.00011
1631,0.00011
1632,0.00011
1633,0.00010999
1634,0.00010999
1635,0.00010999
1636,0.00010999
1637,0.00010999
1638,0.00010999
1639,0.00010999
1640,0.00010999
1641,0.00010999
1642,0.00010999
1643,0.00010999
1644,0.00010999
1645,0.0001098
1646,0.0001098
1647,0.0001098
1648,0.0001098
1649,0.0001098
1650,0.0001098
1651,0.0001098
1652,0.0001098
1653,0.00010968
1654,0.00010968
1655,0.00010968
1656,0.00010968
1657,0.00010939
1658,0.00010939
1659,0.00010939
1660,0.00010934
1661,0.00010934
1662,0.000109
1663,0.000109
1664,0.000109
1665,0.000109
1666,0.000109
1667,0.000109
1668,0.000109
1669,0.000109
1670,0.000109
1671,0.000109
1672,0.000109
1673,0.000109
1674,0.000109
1675,0.000107
1676,0.000107
1677,0.00010914
1678,0.00010914
1679,0.00010914
1680,0.00010914
1681,0.00010914
1682,0.00010914
1683,0.00010914
1684,0.00010914
1685,0.00010914
1686,0.00010914
1687,0.00010914
1688,0.00010914
1689,0.00010914
1690,0.00010914
1691,0.000109
1692,0.000109
1693,0.000109
1694,0.000108
1695,0.000108
1696,0.00010891
1697,0.00010891
1698,0.00010891
1699,0.00010891
1700,0.00010891
1701,0.00010891
1702,0.00010891
1703,0.00010891
1704,0.00010802
1705,0.00010802
1706,0.00010802
1707,0.00010802
1708,0.00010802
1709,0.00010802
1710,0.00010802
1711,0.00010802
1712,0.00010802
1713,0.00010802
1714,0.00010802
1715,0.00010802
1716,0.00010802
1717,0.00010802
1718,0.00010802
1719,0.00010802
1720,0.00010802
1721,0.00010802
1722,0.00010802
1723,0.00010802
1724,0.00010802
1725,0.00010802
1726,0.00010802
1727,0.00010802
1728,0.00010802
1729,0.00010802
1730,0.00010802
1731,0.00010802
1732,0.00010802
1733,0.00010802
1734,0.00010802
1735,0.00010802
1736,0.00010802
1737,0.00010802
1738,0.00010802
1739,0.00010802
1740,0.00010826
1741,0.00010826
1742,0.00010825
1743,0.00010825
1744,0.00010825
1745,0.00010825
1746,0.00010825
1747,0.00010825
1748,0.00010825
1749,0.00010825
1750,0.00010825
1751,0.00010812
1752,0.00010812
1753,0.00010818
1754,0.00010814
1755,0.00010825
1756,0.00010825
1757,0.00010825
1758,0.00010825
1759,0.00010825
1760,0.00010825
1761,0.00010825
1762,0.00010825
1763,0.00010825
1764,0.00010825
1765,0.00010825
1766,0.00010825
1767,0.00010825
1768,0.00010825
1769,0.00010825
1770,0.00010825
1771,0.00010825
1772,0.00010825
1773,0.00010825
1774,0.00010825
1775,0.00010825
1776,0.00010825
1777,0.00010825
1778,0.00010825
1779,0.00010825
1780,0.00010825
1781,0.00010816
1782,0.00010816
1783,0.00010816
1784,0.00010816
1785,0.00010816
1786,0.00010816
1787,0.00010816
1788,0.00010816
1789,0.00010816
1790,0.00010816
1791,0.00010816
1792,0.00010816
1793,0.00010816
1794,0.00010816
1795,0.00010816
1796,0.00010816
1797,0.00010816
1798,0.00010816
1799,0.00010816
1800,0.00010816
1801,0.00010816
1802,0.00010816
1803,0.00010816
1804,0.00010816
1805,0.00010816
1806,0.00010816
1807,0.00010808
1808,0.00010808
1809,0.00010808
1810,0.00010808
1811,0.00010808
1812,0.00010808
1813,0.00010808
1814,0.00010808
1815,0.00010808
1816,0.00010808
1817,0.00010808
1818,0.00010808
1819,0.00010808
1820,0.00010808
1821,0.00010808
1822,0.00010808
1823,0.00010808
1824,0.00010818
1825,0.00010818
1826,0.00010818
1827,0.00010818
1828,0.00010818
1829,0.00010818
1830,0.00010818
1831,0.00010818
1832,0.00010818
1833,0.00010818
1834,0.00010818
1835,0.00010818
1836,0.00010818
1837,0.00010815
1838,0.00010815
1839,0.00010818
1840,0.00010818
1841,0.00010818
1842,0.00010818
1843,0.00010818
1844,0.00010818
1845,0.00010818
1846,0.00010818
1847,0.00010818
1848,0.00010818
1849,0.00010818
1850,0.00010818
1851,0.00010818
1852,0.00010818
1853,0.00010818
1854,0.00010821
1855,0.00010821
1856,0.00010821
1857,0.00010821
1858,0.00010821
1859,0.00010821
1860,0.00010821
1861,0.00010821
1862,0.00010821
1863,0.00010821
1864,0.00010821
1865,0.00010821
1866,0.00010821
1867,0.00010821
1868,0.00010821
1869,0.00010821
1870,0.00010821
1871,0.00010821
1872,0.00010826
1873,0.00010826
1874,0.00010826
1875,0.00010825
1876,0.00010825
1877,0.00010826
1878,0.00010826
1879,0.00010826
1880,0.00010826
1881,0.00010826
1882,0.00010826
1883,0.00010826
1884,0.00010826
1885,0.00010826
1886,0.00010826
1887,0.00010826
1888,0.00010826
1889,0.00010826
1890,0.00010826
1891,0.00010826
1892,0.00010826
1893,0.00010826
1894,0.00010826
1895,0.00010826
1896,0.00010826
1897,0.00010826
1898,0.00010826
1899,0.00010826
1900,0.00010826
1901,0.00010826
1902,0.00010915
1903,0.00010915
1904,0.00010915
1905,0.0001091
1906,0.0001091
1907,0.0001091
1908,0.0001091
1909,0.0001091
1910,0.0001091
1911,0.00010939
1912,0.00010939
1913,0.00010939
1914,0.00010939
1915,0.00010939
1916,0.00010939
1917,0.00010939
1918,0.00010939
1919,0.00010838
1920,0.00010938
1921,0.00010938
1922,0.00010938
1923,0.00010938
1924,0.00010938
1925,0.00010938
1926,0.00010938
1927,0.00010938
1928,0.00010938
1929,0.00010938
1930,0.00010938
1931,0.00010938
1932,0.00010938
1933,0.00010938
1934,0.00010938
1935,0.00010938
1936,0.00010938
1937,0.00010938
1938,0.00010938
1939,0.00010939
1940,0.00010939
1941,0.00010939
1942,0.00010939
1943,0.00010939
1944,0.00010939
1945,0.00010939
1946,0.00010939
1947,0.00010939
1948,0.00010939
1949,0.00010939
1950,0.00010939
1951,0.00010939
1952,0.00010939
1953,0.00010939
1954,0.00010939
1955,0.00010939
1956,0.00010939
1957,0.00010939
1958,0.00010939
1959,0.00010939
1960,0.00010939
1961,0.00010939
1962,0.00010907
1963,0.00010907
1964,0.00010907
1965,0.00010907
1966,0.00010907
1967,0.00010907
1968,0.00010907
1969,0.00010907
1970,0.00010907
1971,0.00010907
1972,0.00010907
1973,0.00010907
1974,0.00010907
1975,0.00010907
1976,0.00010907
1977,0.00010907
1978,0.00010907
1979,0.00010907
1980,0.00010907
1981,0.00010907
1982,0.00010907
1983,0.00010907
1984,0.00010907
1985,0.00010907
1986,0.00010907
1987,0.00010907
1988,0.00010907
1989,0.00010907
1990,0.00010907
1991,0.00010907
1992,0.00010907
1993,0.00010907
1994,0.0001094
1995,0.0001094
1996,0.0001094
1997,0.0001094
1998,0.0001094
1999,0.0001094
2000,0.0001094
2001,0.0001094
2002,0.0001094
2003,0.0001094
2004,0.0001094
2005,0.0001094
2006,0.0001094
2007,0.00010951
2008,0.00010951
2009,0.00010951
2010,0.00010951
2011,0.00010951
2012,0.00010951
2013,0.00010907
2014,0.00010907
2015,0.00010907
2016,0.00010907
2017,0.00010907
2018,0.00010951
2019,0.00010951
2020,0.00010951
2021,0.00010951
2022,0.00010951
2023,0.00010951
2024,0.00010951
2025,0.00010951
2026,0.00010951
2027,0.00010951
2028,0.00010951
2029,0.00010951
2030,0.00010959
2031,0.00010959
2032,0.00010951
2033,0.00010951
2034,0.00010951
2035,0.00010951
2036,0.00010951
2037,0.00010951
2038,0.00010951
2039,0.00010951
2040,0.00010951
2041,0.00010951
2042,0.00010907
2043,0.00010907
2044,0.00010907
2045,0.00010907
2046,0.00010907
2047,0.00010907
2048,0.00010907
2049,0.00010907
2050,0.00010907
2051,0.00010907
2052,0.00010907
2053,0.00010907
2054,0.00010907
2055,0.00010907
2056,0.00010907
2057,0.00010907
2058,0.00010907
2059,0.00010907
2060,0.00010907
2061,0.00010907
2062,0.00010907
2063,0.00010907
2064,0.00010936
2065,0.00010936
2066,0.00010936
2067,0.00010936
2068,0.00010936
2069,0.00010936
2070,0.00010936
2071,0.00010936
2072,0.00010936
2073,0.00010936
2074,0.00010907
2075,0.00010907
2076,0.00010907
2077,0.00010907
2078,0.00010907
2079,0.00010907
2080,0.00010907
2081,0.00010907
2082,0.00010907
2083,0.00010907
2084,0.00010907
2085,0.00010907
2086,0.00010907
2087,0.00010907
2088,0.00010907
2089,0.00010907
2090,0.00010907
2091,0.00010907
2092,0.00010907
2093,0.00010907
2094,0.00010907
2095,0.00010907
2096,0.00010907
2097,0.00010907
2098,0.00010907
2099,0.00010907
2100,0.00010907
2101,0.00010907
2102,0.00010907
2103,0.00010907
2104,0.00010907
2105,0.00010907
2106,0.00010907
2107,0.00010907
2108,0.00010907
2109,0.00010907
2110,0.00010907
2111,0.00010907
2112,0.00010907
2113,0.00010907
2114,0.00010907
2115,0.00010907
2116,0.00010907
2117,0.00010907
2118,0.00010907
2119,0.00010907
2120,0.00010907
2121,0.00010907
2122,0.00010907
2123,0.00010907
2124,0.00010907
2125,0.00010907
2126,0.00010907
2127,0.00010907
2128,0.00010907
2129,0.00010907
2130,0.00010907
2131,0.00010907
2132,0.00010907
2133,0.00010907
2134,0.00010907
2135,0.00010907
2136,0.00010907
2137,0.00010907
2138,0.00010907
2139,0.00010907
2140,0.00010907
2141,0.00010907
2142,0.00010907
2143,0.00010907
2144,0.00010907
2145,0.00010907
2146,0.00010907
2147,0.00010907
2148,0.00010907
2149,0.00010907
2150,0.00010907
2151,0.00010907
2152,0.00010907
2153,0.00010907
2154,0.00010907
2155,0.00010907
2156,0.00010907
2157,0.00010907
2158,0.00010907
2159,0.00010907
2160,0.00010907
2161,0.00010907
2162,0.00010907
2163,0.00010907
2164,0.00010907
2165,0.00010907
2166,0.00010907
2167,0.00010907
2168,0.00010907
2169,0.00010907
2170,0.00010907
2171,0.00010907
2172,0.00010907
2173,0.00010907
2174,0.00010907
2175,0.00010907
2176,0.00010907
2177,0.00010907
2178,0.00010907
2179,0.00010907
2180,0.00010907
2181,0.00010907
2182,0.00010907
2183,0.00010907
2184,0.00010907
2185,0.00010907
2186,0.00010907
2187,0.00010907
2188,0.00010907
2189,0.00010907
2190,0.00010907
2191,0.00010907
2192,0.00010907
2193,0.00010907
2194,0.00010907
2195,0.00010822
2196,0.00010822
2197,0.00010822
2198,0.00010822
2199,0.00010822
2200,0.00010822
2201,0.00010822
2202,0.00010822
2203,0.00010822
2204,0.00010822
2205,0.00010822
2206,0.00010822
2207,0.00010822
2208,0.00010822
2209,0.00010822
2210,0.00010822
2211,0.00010822
2212,0.00010822
2213,0.00010822
2214,0.00010822
2215,0.00010822
2216,0.00010822
2217,0.00010822
2218,0.00010822
2219,0.00010822
2220,0.00010822
2221,0.00010822
2222,0.00010822
2223,0.00010822
2224,0.00010822
2225,0.00010325
2226,0.0001032
2227,0.0001032
2228,0.00010325
2229,0.00010325
2230,0.00010325
2231,0.00010325
2232,0.00010325
2233,0.00010317
2234,0.00010317
2235,0.00010317
2236,0.00010317
2237,0.00010317
2238,0.00010251
2239,0.00010251
2240,0.00010323
2241,0.00010322
2242,0.0001032
2243,0.00010317
2244,0.00010316
2245,0.00010316
2246,0.00010317
2247,0.00010317
2248,0.00010317
2249,0.00010317
2250,0.00010317
2251,0.00010317
2252,0.00010261
2253,0.00010317
2254,0.00010292
2255,0.00010292
2256,0.00010292
2257,0.00010292
2258,0.00010292
2259,0.00010292
2260,0.00010292
2261,0.00010292
2262,0.00010292
2263,0.00010292
2264,0.00010292
2265,0.00010292
2266,0.00010292
2267,0.00010292
2268,0.00010292
2269,0.00010292
2270,0.00010292
2271,0.00010283
2272,0.00010283
2273,0.00010283
2274,0.00010283
2275,0.00010283
2276,0.00010292
2277,0.0001032
2278,0.0001032
2279,0.00010324
2280,0.00010324
2281,0.00010324
2282,0.00010324
2283,0.00010324
2284,0.00010324
2285,0.00010324
2286,0.00010324
2287,0.00010325
2288,0.00010325
2289,0.00010325
2290,0.00010325
2291,0.00010325
2292,0.00010325
2293,0.00010325
2294,0.00010325
2295,0.00010325
2296,0.00010325
2297,0.00010325
2298,0.00010325
2299,0.00010325
2300,0.00010325
2301,0.00010325
2302,0.00010325
2303,0.00010325
2304,0.00010325
2305,0.00010325
2306,0.00010325
2307,0.00010325
2308,0.00010325
2309,0.00010325
2310,0.00010325
2311,0.00010325
2312,0.00010325
2313,0.00010325
2314,0.00010325
2315,0.00010325
2316,0.00010325
2317,0.00010325
2318,0.00010325
2319,0.00010325
2320,0.00010325
2321,0.00010325
2322,0.00010325
2323,0.00010325
2324,0.00010325
2325,0.00010325
2326,0.00010325
2327,0.00010325
2328,0.00010325
2329,0.00010325
2330,0.00010325
2331,0.00010325
2332,0.00010325
2333,0.00010325
2334,0.00010325
2335,0.00010325
2336,0.00010325
2337,0.00010325
2338,0.00010325
2339,0.00010325
2340,0.00010325
2341,0.00010325
2342,0.00010325
2343,0.00010325
2344,0.00010325
2345,0.00010325
2346,0.00010324
2347,0.00010324
2348,0.00010324
2349,0.00010324
2350,0.00010324
2351,0.00010324
2352,0.00010324
2353,0.00010324
2354,0.00010324
2355,0.00010324
2356,0.00010324
2357,0.00010324
2358,0.00010324
2359,0.00010324
2360,0.00010324
2361,0.00010324
2362,0.00010324
2363,0.00010324
2364,0.00010324
2365,0.00010324
2366,0.00010324
2367,0.00010325
2368,0.00010325
2369,0.00010421
2370,0.00010421
2371,0.00010418
2372,0.00010418
2373,0.00010418
2374,0.00010418
2375,0.00010418
2376,0.00010418
2377,0.00010418
2378,0.000105
2379,0.000105
2380,0.000105
2381,0.000105
2382,0.000105
2383,0.000105
2384,0.000105
2385,0.000105
2386,0.000105
2387,0.00010627
2388,0.00010627
2389,0.00010627
2390,0.00010627
2391,0.00010627
2392,0.00010627
2393,0.00010627
2394,0.00010627
2395,0.00010627
2396,0.00010627
2397,0.00010627
2398,0.00010627
2399,0.00010627
2400,0.00010558
2401,0.00010558
2402,0.00010558
2403,0.00010558
2404,0.00010558
2405,0.00010558
2406,0.00010558
2407,0.00010558
2408,0.00010558
2409,0.00010558
2410,0.00010558
2411,0.00010558
2412,0.00010558
2413,0.00010558
2414,0.00010558
2415,0.00010558
2416,0.00010558
2417,0.00010558
2418,0.00010558
2419,0.00010558
2420,0.00010541
2421,0.00010541
2422,0.00010541
2423,0.00010541
2424,0.00010541
2425,0.00010541
2426,0.00010541
2427,0.00010631
2428,0.00010631
2429,0.00010631
2430,0.00010631
2431,0.00010631
2432,0.00010631
2433,0.00010631
2434,0.00010631
2435,0.00010636
2436,0.00010636
2437,0.00010636
2438,0.00010636
2439,0.00010636
2440,0.00010636
2441,0.00010636
2442,0.00010636
2443,0.00010636
2444,0.00010728
2445,0.00010728
2446,0.00010727
2447,0.00010727
2448,0.00010727
2449,0.00010727
2450,0.00010727
2451,0.00010727
2452,0.00010727
2453,0.00010727
2454,0.00010728
2455,0.00010728
2456,0.00010728
2457,0.00010728
2458,0.00010729
2459,0.00010729
2460,0.00010737
2461,0.00010729
2462,0.00010739
2463,0.00010739
2464,0.00010739
2465,0.00010739
2466,0.00010816
2467,0.00010816
2468,0.00010802
2469,0.00010802
2470,0.00010802
2471,0.00010811
2472,0.00010965
2473,0.00010949
2474,0.00010949
2475,0.00010949
2476,0.00010966
2477,0.00010966
2478,0.00010966
2479,0.00010966
2480,0.00010966
2481,0.000109
2482,0.00010968
2483,0.000109
2484,0.000109
2485,0.000109
2486,0.000109
2487,0.000109
2488,0.000109
2489,0.000109
2490,0.000109
2491,0.000109
2492,0.000109
2493,0.000109
2494,0.000109
2495,0.00010762
2496,0.00010762
2497,0.00010762
2498,0.00010762
2499,0.00010769
2500,0.0001084
2501,0.0001084
2502,0.000109
2503,0.000109
2504,0.000109
2505,0.00010775
2506,0.00010775
2507,0.00010775
2508,0.00010775
2509,0.00010775
2510,0.00010775
2511,0.00010775
2512,0.00010775
2513,0.00010775
2514,0.00010775
2515,0.00010775
2516,0.00010775
2517,0.00010775
2518,0.00010775
2519,0.00010775
2520,0.00010775
2521,0.00010775
2522,0.00010775
2523,0.00010775
2524,0.00010775
2525,0.00010775
2526,0.00010775
2527,0.00010775
2528,0.00010775
2529,0.00010775
2530,0.00010775
2531,0.00010775
2532,0.00010775
2533,0.00010775
2534,0.00010775
2535,0.00010775
2536,0.00010775
2537,0.00010775
2538,0.00010775
2539,0.00010775
2540,0.00010775
2541,0.00010775
2542,0.00010775
2543,0.00010775
2544,0.00010775
2545,0.00010775
2546,0.00010775
2547,0.00010775
2548,0.00010775
2549,0.00010775
2550,0.00010775
2551,0.00010775
2552,0.00010833
2553,0.00010832
2554,0.00010832
2555,0.00010832
2556,0.00010832
2557,0.00010832
2558,0.00010832
2559,0.00010832
2560,0.00010832
2561,0.00010833
2562,0.00010833
2563,0.00010833
2564,0.00010832
2565,0.00010832
2566,0.00010832
2567,0.0001083
2568,0.0001083
2569,0.0001083
2570,0.0001083
2571,0.0001083
2572,0.0001083
2573,0.0001083
2574,0.0001083
2575,0.0001083
2576,0.0001083
2577,0.0001094
2578,0.0001094
2579,0.0001094
2580,0.0001094
2581,0.0001094
2582,0.0001094
2583,0.0001094
2584,0.0001094
2585,0.0001094
2586,0.0001094
2587,0.0001094
2588,0.0001094
2589,0.0001094
2590,0.0001094
2591,0.0001094
2592,0.0001094
2593,0.00010802
2594,0.00010802
2595,0.00010802
2596,0.00010802
2597,0.00010802
2598,0.00010802
2599,0.00010802
2600,0.00010802
2601,0.00010801
2602,0.00010801
2603,0.00010801
2604,0.00010801
2605,0.00010802
2606,0.00010802
2607,0.00010802
2608,0.00010802
2609,0.00010802
2610,0.00010802
2611,0.00010802
2612,0.00010802
2613,0.00010802
2614,0.00010802
2615,0.00010864
2616,0.00010864
2617,0.00010864
2618,0.00010864
2619,0.00010864
2620,0.00010864
2621,0.00010864
2622,0.00010864
2623,0.00010864
2624,0.00010864
2625,0.00010864
2626,0.00010938
2627,0.00010938
2628,0.00010939
2629,0.00010939
2630,0.00010939
2631,0.00010939
2632,0.00010939
2633,0.00010939
2634,0.00010948
2635,0.00010948
2636,0.00010948
2637,0.00010948
2638,0.00010948
2639,0.00010948
2640,0.00010948
2641,0.00010949
2642,0.00010949
2643,0.00010949
2644,0.00010949
2645,0.00010949
2646,0.00010965
2647,0.00010965
2648,0.00010965
2649,0.00010965
2650,0.00010965
2651,0.00010965
2652,0.00010965
2653,0.00010965
2654,0.00010965
2655,0.00010965
2656,0.00010965
2657,0.00010965
2658,0.00010965
2659,0.00010965
2660,0.00010968
2661,0.00010968
2662,0.00010968
2663,0.00010968
2664,0.00010968
2665,0.00010968
2666,0.00010968
2667,0.00010968
2668,0.00010968
2669,0.00010968
2670,0.00010968
2671,0.00010968
2672,0.00010968
2673,0.00010968
2674,0.00010968
2675,0.00010968
2676,0.00010968
2677,0.00010952
2678,0.00010952
2679,0.00010952
2680,0.00010952
2681,0.00010952
2682,0.00010952
2683,0.00010952
2684,0.00010952
2685,0.00010952
2686,0.00010974
2687,0.00010974
2688,0.00010974
2689,0.00010974
2690,0.00010974
2691,0.00010974
2692,0.00010974
2693,0.00010974
2694,0.00010974
2695,0.00010974
2696,0.00010974
2697,0.00010974
2698,0.00010974
2699,0.00010974
2700,0.00010974
2701,0.00010974
2702,0.00010974
2703,0.00010974
2704,0.00010974
2705,0.00010974
2706,0.00010974
2707,0.00010974
2708,0.00010974
2709,0.00010974
2710,0.00010974
2711,0.00010952
2712,0.00010952
2713,0.00010952
2714,0.00010952
2715,0.00010952
2716,0.00010952
2717,0.00010952
2718,0.00010952
2719,0.00010952
2720,0.00010952
2721,0.00010952
2722,0.00010952
2723,0.00010952
2724,0.00010952
2725,0.00010952
2726,0.00010952
2727,0.00010952
2728,0.00010952
2729,0.00010952
2730,0.00010952
2731,0.00010952
2732,0.00010952
2733,0.00010952
2734,0.00010952
2735,0.00010952
2736,0.00010952
2737,0.00010952
2738,0.00010952
2739,0.00010963
2740,0.00010963
2741,0.00010978
2742,0.00010978
2743,0.00010978
2744,0.00010978
2745,0.00010978
2746,0.00010978
2747,0.00010978
2748,0.00010978
2749,0.00010978
2750,0.00010978
2751,0.00010978
2752,0.00010978
2753,0.00010978
2754,0.00010978
2755,0.00010978
2756,0.00010991
2757,0.00010991
2758,0.00010991
2759,0.00010991
2760,0.00010991
2761,0.00010991
2762,0.00010991
2763,0.00010991
2764,0.00010991
2765,0.00010991
2766,0.00011
2767,0.00011
2768,0.00011
2769,0.00011
2770,0.00011
2771,0.00011
2772,0.00011005
2773,0.00011005
2774,0.00011005
2775,0.00011005
2776,0.00011005
2777,0.00011005
2778,0.00011005
2779,0.00011
2780,0.00011
2781,0.00011
2782,0.00011
2783,0.00011
2784,0.00011
2785,0.00011
2786,0.00011
2787,0.00011
2788,0.00011
2789,0.00011
2790,0.00011
2791,0.00011
2792,0.00011
2793,0.00011
2794,0.00011
2795,0.00011
2796,0.00011
2797,0.00011
2798,0.00011
2799,0.00011
2800,0.00011
2801,0.00011
2802,0.00011
2803,0.00011
2804,0.00011
2805,0.00011
2806,0.00011
2807,0.00011
2808,0.00011
2809,0.00011024
2810,0.00011024
2811,0.00011024
2812,0.00011024
2813,0.00011021
2814,0.00011009
2815,0.00011009
2816,0.00011024
2817,0.00011024
2818,0.00011024
2819,0.00011024
2820,0.00011024
2821,0.00011024
2822,0.00011024
2823,0.00011024
2824,0.00011024
2825,0.00011024
2826,0.00011024
2827,0.00011024
2828,0.00011024
2829,0.00011024
2830,0.00011024
2831,0.00011024
2832,0.00011024
2833,0.00011024
2834,0.00011024
2835,0.00011024
2836,0.00011024
2837,0.00011024
2838,0.00011024
2839,0.00011024
2840,0.00011024
2841,0.00011024
2842,0.00011024
2843,0.00011024
2844,0.00011024
2845,0.00011024
2846,0.00011024
2847,0.00011024
2848,0.00011029
2849,0.00011029
2850,0.00011029
2851,0.00011029
2852,0.00011029
2853,0.00011029
2854,0.00011029
2855,0.00011029
2856,0.00011029
2857,0.00011029
2858,0.00011029
2859,0.00011029
2860,0.00011029
2861,0.00011029
2862,0.00011029
2863,0.00011029
2864,0.00011029
2865,0.00011029
2866,0.00011029
2867,0.00011029
2868,0.00011029
2869,0.00011029
2870,0.00011029
2871,0.00011029
2872,0.00011029
2873,0.00011029
2874,0.00011029
2875,0.00011029
2876,0.00011029
2877,0.00011029
2878,0.00011029
2879,0.00011029
2880,0.00011029
2881,0.00011029
2882,0.00011018
2883,0.00011018
2884,0.00011018
2885,0.00011018
2886,0.00011018
2887,0.00011018
2888,0.00011018
2889,0.00011018
2890,0.00011018
2891,0.00011018
2892,0.00011018
2893,0.00011018
2894,0.00011018
2895,0.00011018
2896,0.00011018
2897,0.00011018
2898,0.00011018
2899,0.00011018
2900,0.00011018
2901,0.00011018
2902,0.00011018
2903,0.00011018
2904,0.00011018
2905,0.00011018
2906,0.00011018
2907,0.00011018
2908,0.00011018
2909,0.00011018
2910,0.00011018
2911,0.00011018
2912,0.00011018
2913,0.00011018
2914,0.00011018
2915,0.00011018
2916,0.00011018
2917,0.00011018
2918,0.00011018
2919,0.00011018
2920,0.00011018
2921,0.00011018
2922,0.00011018
2923,0.00011018
2924,0.00011018
2925,0.00011007
2926,0.00011007
2927,0.00011007
2928,0.00011007
2929,0.00011
2930,0.00011007
2931,0.00011007
2932,0.00011007
2933,0.00011007
2934,0.00011007
2935,0.00011007
2936,0.00011007
2937,0.00011007
2938,0.00011007
2939,0.00011007
2940,0.00011007
2941,0.00011007
2942,0.00011029
2943,0.00011029
2944,0.00011029
2945,0.00011029
2946,0.00011029
2947,0.00011029
2948,0.00011029
2949,0.00011029
2950,0.00011029
2951,0.00011029
2952,0.00011029
2953,0.00011029
2954,0.00011029
2955,0.00011029
2956,0.00011029
2957,0.00011029
2958,0.00011029
2959,0.00011029
2960,0.00011029
2961,0.00011029
2962,0.00011029
2963,0.00011029
2964,0.00011029
2965,0.00011029
2966,0.00011029
2967,0.00011029
2968,0.00011029
2969,0.00011029
2970,0.00011029
2971,0.00011029
2972,0.00011029
2973,0.00011029
2974,0.00011029
2975,0.00011029
2976,0.00011029
2977,0.00011029
2978,0.00011029
2979,0.00011029
2980,0.00011029
2981,0.00011029
2982,0.00011029
2983,0.00011029
2984,0.00011029
2985,0.00011029
2986,0.00011041
2987,0.00011041
2988,0.00011041
2989,0.00011041
2990,0.00011041
2991,0.00011041
2992,0.00011041
2993,0.00011041
2994,0.00011041
2995,0.00011041
2996,0.00011041
2997,0.00011041
2998,0.00011041
2999,0.00011041
3000,0.00011041
3001,0.00011041
3002,0.00011041
3003,0.00011041
3004,0.00011041
3005,0.00011041
3006,0.00011041
3007,0.00011041
3008,0.00011041
3009,0.00011041
3010,0.00011041
3011,0.00011041
3012,0.00011029
3013,0.00011029
3014,0.00011029
3015,0.00011029
3016,0.00011029
3017,0.00011029
3018,0.00011029
3019,0.00011029
3020,0.00011029
3021,0.00011029
3022,0.00011029
3023,0.00011029
3024,0.00011029
3025,0.00011029
3026,0.00011029
3027,0.00011029
3028,0.00011029
3029,0.00011029
3030,0.00011029
3031,0.00011029
3032,0.00011029
3033,0.00011029
3034,0.00011029
3035,0.00011029
3036,0.00011029
3037,0.00011029
3038,0.00011029
3039,0.00011029
3040,0.00011029
3041,0.00011029
3042,0.00011029
3043,0.00011029
3044,0.00011029
3045,0.00011029
3046,0.00011029
3047,0.00011034
3048,0.00011034
3049,0.00011034
3050,0.00011034
3051,0.00011034
3052,0.00011034
3053,0.00011034
3054,0.00011034
3055,0.00011034
3056,0.00011034
3057,0.00011034
3058,0.00011034
3059,0.00011034
3060,0.00011034
3061,0.00011034
3062,0.00011034
3063,0.00011034
3064,0.00011034
3065,0.00011034
3066,0.00011034
3067,0.00011034
3068,0.00011034
3069,0.00011034
3070,0.00011034
3071,0.00011034
3072,0.00011034
3073,0.00011034
3074,0.00011034
3075,0.00011034
3076,0.00011041
3077,0.00011041
3078,0.00011041
3079,0.00011041
3080,0.00011041
3081,0.00011041
3082,0.00011041
3083,0.00011041
3084,0.00011041
3085,0.00011043
3086,0.00011043
3087,0.00011043
3088,0.00011043
3089,0.00011211
3090,0.00011211
3091,0.00011211
3092,0.00011211
3093,0.00011211
3094,0.00011211
3095,0.00011082
3096,0.00011082
3097,0.00011082
3098,0.00011082
3099,0.00011082
3100,0.00011189
3101,0.00011189
3102,0.00011189
3103,0.00011189
3104,0.00011189
3105,0.00011189
3106,0.00011171
3107,0.00011171
3108,0.00011171
3109,0.00011171
3110,0.00011171
3111,0.00011171
3112,0.00011171
3113,0.00011171
3114,0.00011171
3115,0.00011171
3116,0.00011171
3117,0.00011171
3118,0.00011053
3119,0.00011053
3120,0.00011053
3121,0.00011053
3122,0.00011053
3123,0.00011053
3124,0.00011053
3125,0.00011053
3126,0.00011043
3127,0.00011001
3128,0.00011001
3129,0.00011001
3130,0.00011001
3131,0.00011001
3132,0.00011001
3133,0.00011001
3134,0.00011001
3135,0.00011001
3136,0.00011001
3137,0.00011001
3138,0.00011001
3139,0.00011001
3140,0.00011001
3141,0.00011001
3142,0.00011001
3143,0.00011001
3144,0.00011001
3145,0.00011001
3146,0.00011001
3147,0.00011001
3148,0.00011001
3149,0.00011001
3150,0.00011001
3151,0.00011001
3152,0.00011001
3153,0.00011001
3154,0.00011
3155,0.00011
3156,0.00011
3157,0.00011
3158,0.00011
3159,0.00011
3160,0.00011172
3161,0.00011172
3162,0.00011172
3163,0.00011172
3164,0.00011172
3165,0.00011172
3166,0.00011172
3167,0.00011172
3168,0.00011172
3169,0.00011172
3170,0.00011172
3171,0.00011172
3172,0.00011172
3173,0.00011172
3174,0.00011172
3175,0.00011179
3176,0.00011179
3177,0.00011184
3178,0.00011184
3179,0.00011184
3180,0.00011184
3181,0.00011184
3182,0.00011184
3183,0.00011184
3184,0.00011184
3185,0.00011184
3186,0.00011184
3187,0.00011184
3188,0.00011184
3189,0.00011184
3190,0.00011184
3191,0.00011184
3192,0.00011184
3193,0.00011184
3194,0.00011184
3195,0.00011184
3196,0.00011184
3197,0.00011184
3198,0.00011184
3199,0.00011184
3200,0.00011184
3201,0.00011184
3202,0.00011184
3203,0.00011184
3204,0.00011184
3205,0.00011184
3206,0.00011184
3207,0.00011184
3208,0.00011184
3209,0.00011184
3210,0.00011184
3211,0.00011184
3212,0.00011184
3213,0.00011184
3214,0.00011189
3215,0.00011026
3216,0.00011026
3217,0.00011026
3218,0.00011026
3219,0.00011177
3220,0.00011177
3221,0.00011177
3222,0.00011177
3223,0.00011177
3224,0.00011177
3225,0.00011177
3226,0.00011177
3227,0.00011181
3228,0.00011181
3229,0.00011041
3230,0.00011041
3231,0.00011041
3232,0.00011186
3233,0.00011186
3234,0.00011186
3235,0.00011186
3236,0.00011186
3237,0.00011186
3238,0.00011186
3239,0.00011186
3240,0.00011186
3241,0.00011186
3242,0.00011186
3243,0.00011186
3244,0.00011186
3245,0.00011186
3246,0.00011186
3247,0.00011186
3248,0.00011186
3249,0.00011186
3250,0.00011186
3251,0.00011186
3252,0.00011186
3253,0.00011186
3254,0.00011186
3255,0.00011186
3256,0.00011186
3257,0.00011186
3258,0.00011186
3259,0.00011186
3260,0.00011186
3261,0.00011186
3262,0.00011186
3263,0.00011186
3264,0.00011186
3265,0.00011186
3266,0.00011186
3267,0.00011186
3268,0.00011186
3269,0.00011186
3270,0.00011186
3271,0.00011186
3272,0.00011186
3273,0.00011186
3274,0.00011186
3275,0.00011186
3276,0.00011186
3277,0.00011186
3278,0.00011186
3279,0.00011
3280,0.00011
3281,0.00011
3282,0.00011
3283,0.00011
3284,0.00011
3285,0.00011
3286,0.00011
3287,0.00011
3288,0.00011
3289,0.00011
3290,0.00011
3291,0.00011
3292,0.00011001
3293,0.00011001
3294,0.00011001
3295,0.00011001
3296,0.00011099
3297,0.00011099
3298,0.00011099
3299,0.00011099
3300,0.00011099
3301,0.00011099
3302,0.00011099
3303,0.00011099
3304,0.00011099
3305,0.00011099
3306,0.00011099
3307,0.00011099
3308,0.00011099
3309,0.00011099
3310,0.00011099
3311,0.00011099
3312,0.00011099
3313,0.00011099
3314,0.00011099
3315,0.00011205
3316,0.00011205
3317,0.00011205
3318,0.00011205
3319,0.00011205
3320,0.00011205
3321,0.00011205
3322,0.00011205
3323,0.00011205
3324,0.00011205
3325,0.00011205
3326,0.00011205
3327,0.00011205
3328,0.00011205
3329,0.00011205
3330,0.00011205
3331,0.00011205
3332,0.00011205
3333,0.00011205
3334,0.00011188
3335,0.00011192
3336,0.00011192
3337,0.00011192
3338,0.00011192
3339,0.00011192
3340,0.00011192
3341,0.00011192
3342,0.00011192
3343,0.00011192
3344,0.00011192
3345,0.00011192
3346,0.00011192
3347,0.00011192
3348,0.00011192
3349,0.00011192
3350,0.00011192
3351,0.00011192
3352,0.00011192
3353,0.00011192
3354,0.00011192
3355,0.00011192
3356,0.00011192
3357,0.00011192
3358,0.00011192
3359,0.00011192
3360,0.00011211
3361,0.00011211
3362,0.00011211
3363,0.00011211
3364,0.00011211
3365,0.00011211
3366,0.00011211
3367,0.00011211
3368,0.00011211
3369,0.00011211
3370,0.00011211
3371,0.00011211
3372,0.00011211
3373,0.00011211
3374,0.00011211
3375,0.00011211
3376,0.00011211
3377,0.00011211
3378,0.00011211
3379,0.00011211
3380,0.00011211
3381,0.00011211
3382,0.00011211
3383,0.00011211
3384,0.00011211
3385,0.00011211
3386,0.00011211
3387,0.00011211
3388,0.00011211
3389,0.00011211
3390,0.00011211
3391,0.00011211
3392,0.00011211
3393,0.00011211
3394,0.00011211
3395,0.00011211
3396,0.00011211
3397,0.00011211
3398,0.00011211
3399,0.00011211
3400,0.00011211
3401,0.00011211
3402,0.00011211
3403,0.00011211
3404,0.00011211
3405,0.00011211
3406,0.00011211
3407,0.00011211
3408,0.00011211
3409,0.00011211
3410,0.00011211
3411,0.00011211
3412,0.00011211
3413,0.000112
3414,0.000112
3415,0.000112
3416,0.00011212
3417,0.00011212
3418,0.00011212
3419,0.00011212
3420,0.00011212
3421,0.00011212
3422,0.00011213
3423,0.00011213
3424,0.00011213
3425,0.00011213
3426,0.00011213
3427,0.000112
3428,0.000112
3429,0.000112
3430,0.000112
3431,0.000112
3432,0.000112
3433,0.000112
3434,0.00011233
3435,0.00011233
3436,0.00011233
3437,0.00011233
3438,0.00011233
3439,0.00011233
3440,0.00011233
3441,0.00011233
3442,0.00011233
3443,0.00011233
3444,0.00011233
3445,0.00011233
3446,0.00011233
3447,0.00011233
3448,0.00011233
3449,0.00011233
3450,0.00011233
3451,0.00011233
3452,0.00011233
3453,0.00011233
3454,0.00011233
3455,0.00011233
3456,0.00011233
3457,0.00011233
3458,0.00011233
3459,0.00011233
3460,0.00011233
3461,0.00011233
3462,0.00011233
3463,0.00011233
3464,0.00011233
3465,0.00011233
3466,0.00011233
3467,0.00011233
3468,0.00011233
3469,0.00011235
3470,0.00011235
3471,0.00011235
3472,0.00011238
3473,0.00011238
3474,0.00011238
3475,0.00011238
3476,0.00011238
3477,0.00011238
3478,0.00011238
3479,0.00011238
3480,0.00011238
3481,0.00011238
3482,0.00011238
3483,0.00011238
3484,0.00011238
3485,0.00011238
3486,0.00011238
3487,0.00011238
3488,0.00011238
3489,0.00011238
3490,0.00011238
3491,0.00011238
3492,0.00011235
3493,0.00011235
3494,0.00011235
3495,0.00011235
3496,0.00011235
3497,0.00011235
3498,0.00011235
3499,0.00011235
3500,0.00011235
3501,0.00011235
3502,0.00011235
3503,0.00011235
3504,0.00011235
3505,0.00011235
3506,0.00011235
3507,0.00011235
3508,0.00011235
3509,0.00011235
3510,0.00011235
3511,0.00011235
3512,0.00011235
3513,0.00011235
3514,0.00011235
3515,0.00011235
3516,0.00011235
3517,0.00011235
3518,0.00011235
3519,0.00011235
3520,0.00011235
3521,0.00011235
3522,0.00011235
3523,0.00011235
3524,0.00011235
3525,0.00011235
3526,0.00011235
3527,0.00011235
3528,0.00011235
3529,0.00011235
3530,0.00011235
3531,0.00011235
3532,0.00011235
3533,0.00011235
3534,0.00011235
3535,0.00011235
3536,0.00011235
3537,0.00011235
3538,0.00011235
3539,0.00011235
3540,0.00011233
3541,0.00011233
3542,0.00011233
3543,0.00011233
3544,0.00011238
3545,0.00011233
3546,0.00011233
3547,0.00011233
3548,0.00011238
3549,0.00011238
3550,0.00011238
3551,0.00011238
3552,0.00011238
3553,0.00011238
3554,0.00011238
3555,0.00011238
3556,0.00011238
3557,0.00011235
3558,0.00011235
3559,0.00011235
3560,0.00011235
3561,0.00011235
3562,0.00011235
3563,0.00011235
3564,0.00011235
3565,0.00011235
3566,0.00011235
3567,0.00011235
3568,0.00011235
3569,0.00011235
3570,0.00011235
3571,0.00011235
3572,0.00011235
3573,0.00011235
3574,0.00011235
3575,0.00011235
3576,0.00011235
3577,0.00011235
3578,0.00011235
3579,0.00011235
3580,0.00011235
3581,0.00011235
3582,0.00011235
3583,0.00011235
3584,0.00011244
3585,0.00011244
3586,0.00011244
3587,0.00011244
3588,0.00011244
3589,0.00011244
3590,0.00011244
3591,0.00011244
3592,0.00011244
3593,0.00011244
3594,0.00011235
3595,0.00011235
3596,0.00011235
3597,0.00011235
3598,0.00011235
3599,0.00011235
3600,0.00011235
3601,0.00011235
3602,0.00011235
3603,0.00011235
3604,0.00011235
3605,0.00011235
3606,0.00011235
3607,0.00011235
3608,0.00011235
3609,0.00011235
3610,0.00011235
3611,0.00011233
3612,0.00011233
3613,0.00011233
3614,0.00011233
3615,0.00011233
3616,0.00011233
3617,0.00011233
3618,0.00011233
3619,0.00011233
3620,0.00011233
3621,0.00011233
3622,0.00011233
3623,0.00011233
3624,0.00011233
3625,0.00011233
3626,0.00011233
3627,0.00011233
3628,0.00011233
3629,0.00011233
3630,0.00011233
3631,0.00011233
3632,0.00011233
3633,0.00011233
3634,0.00011233
3635,0.00011233
3636,0.00011233
3637,0.00011233
3638,0.00011233
3639,0.00011233
3640,0.00011233
3641,0.00011233
3642,0.00011233
3643,0.00011233
3644,0.00011233
3645,0.00011233
3646,0.00011233
3647,0.00011233
3648,0.00011233
3649,0.00011233
3650,0.00011233
3651,0.00011233
3652,0.00011233
3653,0.00011233
3654,0.00011233
3655,0.00011233
3656,0.00011233
3657,0.00011233
3658,0.00011233
3659,0.00011233
3660,0.00011233
3661,0.00011233
3662,0.00011233
3663,0.00011233
3664,0.00011233
3665,0.00011233
3666,0.00011233
3667,0.00011233
3668,0.00011232
3669,0.00011232
3670,0.00011232
3671,0.00011232
3672,0.00011232
3673,0.00011232
3674,0.00011232
3675,0.00011232
3676,0.00011232
3677,0.00011232
3678,0.00011232
3679,0.00011232
3680,0.00011232
3681,0.00011232
3682,0.00011232
3683,0.00011232
3684,0.00011232
3685,0.00011232
3686,0.00011182
3687,0.000111
3688,0.000111
3689,0.000111
3690,0.000111
3691,0.000111
3692,0.000111
3693,0.000111
3694,0.000111
3695,0.000111
3696,0.000111
3697,0.000111
3698,0.000111
3699,0.000111
3700,0.000111
3701,0.000111
3702,0.000111
3703,0.0001131
3704,0.0001118
3705,0.00011295
3706,0.00011295
3707,0.00011295
3708,0.00011295
3709,0.00011295
3710,0.00011295
3711,0.00011295
3712,0.00011295
3713,0.00011295
3714,0.00011295
3715,0.00011295
3716,0.00011295
3717,0.00011295
3718,0.00011295
3719,0.00011295
3720,0.00011295
3721,0.00011295
3722,0.00011295
3723,0.00011228
3724,0.00011228
3725,0.00011228
3726,0.00011228
3727,0.00011228
3728,0.0001118
3729,0.0001118
3730,0.0001118
3731,0.0001118
3732,0.0001118
3733,0.0001118
3734,0.0001118
3735,0.0001118
3736,0.0001118
3737,0.0001118
3738,0.0001118
3739,0.0001118
3740,0.0001118
3741,0.0001118
3742,0.0001118
3743,0.0001118
3744,0.0001118
3745,0.0001118
3746,0.0001118
3747,0.0001118
3748,0.0001118
3749,0.0001118
3750,0.0001118
3751,0.0001118
3752,0.0001118
3753,0.0001118
3754,0.0001118
3755,0.0001118
3756,0.0001118
3757,0.0001118
3758,0.0001118
3759,0.0001118
3760,0.0001118
3761,0.0001118
3762,0.0001118
3763,0.0001118
3764,0.0001118
3765,0.0001118
3766,0.0001118
3767,0.0001118
3768,0.0001118
3769,0.0001118
3770,0.0001118
3771,0.00011181
3772,0.00011181
3773,0.00011181
3774,0.00011181
3775,0.00011181
3776,0.00011006
3777,0.00011006
3778,0.00011006
3779,0.00011006
3780,0.00011006
3781,0.00011006
3782,0.00011006
3783,0.00011006
3784,0.00011006
3785,0.00011006
3786,0.00011034
3787,0.00011034
3788,0.00011034
3789,0.00011034
3790,0.00011034
3791,0.00011034
3792,0.00011034
3793,0.00011034
3794,0.00011034
3795,0.00011034
3796,0.00011034
3797,0.00011034
3798,0.00011034
3799,0.00011034
3800,0.00011034
3801,0.00011019
3802,0.00011019
3803,0.00011019
3804,0.00011019
3805,0.00011166
3806,0.00011166
3807,0.00011166
3808,0.00011166
3809,0.00011166
3810,0.00011166
3811,0.00011174
3812,0.00011174
3813,0.00011174
3814,0.00011177
3815,0.00011177
3816,0.00011177
3817,0.00011177
3818,0.00011177
3819,0.00011177
3820,0.00011177
3821,0.00011177
3822,0.00011177
3823,0.00011177
3824,0.00011177
3825,0.00011177
3826,0.00011177
3827,0.00011177
3828,0.00011177
3829,0.00011179
3830,0.00011179
3831,0.00011179
3832,0.0001106
3833,0.0001106
3834,0.0001106
3835,0.0001106
3836,0.0001106
3837,0.0001106
3838,0.0001106
3839,0.0001106
3840,0.00011038
3841,0.00011038
3842,0.00011038
3843,0.00011038
3844,0.00011038
3845,0.00011038
3846,0.00011038
3847,0.00011038
3848,0.00011038
3849,0.00011268
3850,0.00011268
3851,0.00011268
3852,0.00011268
3853,0.00011251
3854,0.00011251
3855,0.00011292
3856,0.00011292
3857,0.00011251
3858,0.00011245
3859,0.00011245
3860,0.00011268
3861,0.00011268
3862,0.00011294
3863,0.00011148
3864,0.00011148
3865,0.00011283
3866,0.00011283
3867,0.00011283
3868,0.00011283
3869,0.00011283
3870,0.00011283
3871,0.00011283
3872,0.00011283
3873,0.00011283
3874,0.00011283
3875,0.00011283
3876,0.00011283
3877,0.00011283
3878,0.00011283
3879,0.0001113
3880,0.0001113
3881,0.0001113
3882,0.0001113
3883,0.0001113
3884,0.0001113
3885,0.0001113
3886,0.0001113
3887,0.00011221
3888,0.00011222
3889,0.00011249
3890,0.00011249
3891,0.00011133
3892,0.00011133
3893,0.00011133
3894,0.00011133
3895,0.00011133
3896,0.00011133
3897,0.00011031
3898,0.00011031
3899,0.00011031
3900,0.00011031
3901,0.00011031
3902,0.00011031
3903,0.00011031
3904,0.00011117
3905,0.00011117
3906,0.00011117
3907,0.00011117
3908,0.00011117
3909,0.00011117
3910,0.00011117
3911,0.00011117
3912,0.00011117
3913,0.00011117
3914,0.00011117
3915,0.00011117
3916,0.00011117
3917,0.00011117
3918,0.00011117
3919,0.00011117
3920,0.00011117
3921,0.00011117
3922,0.00011117
3923,0.00011075
3924,0.00011075
3925,0.00011075
3926,0.00011075
3927,0.00011075
3928,0.00011075
3929,0.00011075
3930,0.00011075
3931,0.00011075
3932,0.00011075
3933,0.00011075
3934,0.00011075
3935,0.00011075
3936,0.00011075
3937,0.00011044
3938,0.00011044
3939,0.00011044
3940,0.00011044
3941,0.00011044
3942,0.00011044
3943,0.00011044
3944,0.00011
3945,0.00011
3946,0.00011
3947,0.00011
3948,0.00011
3949,0.00011116
3950,0.00011116
3951,0.00011116
3952,0.00011116
3953,0.00011116
3954,0.00011116
3955,0.00011116
3956,0.00011116
3957,0.00011116
3958,0.00011116
3959,0.00011116
3960,0.00011116
3961,0.00011116
3962,0.00011116
3963,0.00011116
3964,0.00011116
3965,0.00011116
3966,0.00011116
3967,0.00011116
3968,0.00011116
3969,0.00011116
3970,0.00011116
3971,0.00011348
3972,0.00011218
3973,0.00011327
3974,0.00011218
3975,0.00011218
3976,0.00011116
3977,0.00011116
3978,0.00011116
3979,0.00011116
3980,0.00011106
3981,0.00011106
3982,0.00011106
3983,0.00011106
3984,0.00011106
3985,0.00011106
3986,0.00011106
3987,0.00011106
3988,0.00011106
3989,0.00011106
3990,0.00011007
3991,0.00011007
3992,0.00011007
3993,0.00011007
3994,0.00011007
3995,0.00011007
3996,0.00011007
3997,0.00011007
3998,0.00011007
3999,0.00011007
4000,0.00011007
4001,0.00011007
4002,0.00011007
4003,0.00011007
4004,0.00011007
4005,0.00011007
4006,0.00011007
4007,0.00011007
4008,0.00011007
4009,0.00011007
4010,0.00011007
4011,0.00011007
4012,0.00011007
4013,0.00011007
4014,0.00011049
4015,0.00011049
4016,0.00011049
4017,0.00011049
4018,0.00011049
4019,0.00011049
4020,0.00011049
4021,0.00011049
4022,0.00011049
4023,0.00011049
4024,0.00011049
4025,0.00011049
4026,0.00011049
4027,0.00010939
4028,0.00010939
4029,0.00010939
4030,0.00010939
4031,0.00010939
4032,0.00010939
4033,0.00010939
4034,0.00010951
4035,0.00010951
4036,0.00010951
4037,0.00010951
4038,0.00010951
4039,0.00010951
4040,0.00010951
4041,0.00010951
4042,0.00010951
4043,0.00010951
4044,0.00010949
4045,0.00010949
4046,0.00010949
4047,0.00010949
4048,0.0001094
4049,0.00010939
4050,0.00010939
4051,0.00010939
4052,0.00010939
4053,0.00010939
4054,0.00010939
4055,0.00010839
4056,0.00011082
4057,0.00011082
4058,0.00011082
4059,0.00011082
4060,0.00011082
4061,0.00011082
4062,0.0001105
4063,0.0001105
4064,0.00010844
4065,0.00010844
4066,0.00010845
4067,0.00010845
4068,0.00010844
4069,0.00010844
4070,0.00010844
4071,0.00010844
4072,0.0001084
4073,0.0001084
4074,0.0001084
4075,0.0001084
4076,0.00010839
4077,0.00010839
4078,0.00010845
4079,0.00010845
4080,0.00010845
4081,0.00010845
4082,0.00010845
4083,0.00010845
4084,0.00010849
4085,0.00010849
4086,0.00010849
4087,0.00010849
4088,0.00010849
4089,0.00010849
4090,0.00010849
4091,0.00010839
4092,0.00010954
4093,0.00010954
4094,0.00010954
4095,0.00010954
4096,0.00010954
4097,0.00010954
4098,0.00010954
4099,0.00010954
4100,0.00010954
4101,0.00010954
4102,0.00010954
4103,0.00010954
4104,0.00010947
4105,0.00010839
4106,0.00010839
4107,0.00010839
4108,0.00010839
4109,0.00010839
4110,0.00010839
4111,0.00010824
4112,0.00010824
4113,0.00010824
4114,0.00010824
4115,0.00010824
4116,0.00010824
4117,0.00010824
4118,0.00010824
4119,0.00010824
4120,0.00010824
4121,0.00010824
4122,0.00010824
4123,0.00010824
4124,0.00010838
4125,0.00010838
4126,0.00010838
4127,0.00010838
4128,0.00010838
4129,0.00010824
4130,0.00010824
4131,0.00010824
4132,0.00010824
4133,0.00010824
4134,0.00010824
4135,0.00010824
4136,0.00010824
4137,0.00010824
4138,0.00010824
4139,0.00010824
4140,0.00010824
4141,0.00010824
4142,0.00010814
4143,0.00010812
4144,0.00010812
4145,0.00010805
4146,0.00010805
4147,0.00010805
4148,0.00010801
4149,0.00010819
4150,0.00010801
4151,0.00010801
4152,0.00010801
4153,0.00010801
4154,0.00010801
4155,0.00010801
4156,0.00010801
4157,0.00010801
4158,0.00010801
4159,0.00010801
4160,0.00010824
4161,0.00010824
4162,0.00010824
4163,0.00010824
4164,0.0001082
4165,0.0001082
4166,0.0001082
4167,0.0001082
4168,0.00010801
4169,0.00010801
4170,0.00010801
4171,0.00010801
4172,0.00010801
4173,0.00010801
4174,0.00010801
4175,0.00010801
4176,0.00010513
4177,0.00010513
4178,0.00010513
4179,0.00010513
4180,0.00010924
4181,0.00010924
4182,0.00010698
4183,0.00010698
4184,0.00010698
4185,0.00010698
4186,0.00010698
4187,0.00010506
4188,0.00010506
4189,0.00010506
4190,0.00010506
4191,0.00010506
4192,0.00010506
4193,0.00010506
4194,0.0001061
4195,0.0001061
4196,0.0001061
4197,0.0001061
4198,0.0001061
4199,0.0001061
4200,0.0001061
4201,0.00010601
4202,0.000106
4203,0.00010587
4204,0.00010584
4205,0.00010584
4206,0.00010584
4207,0.00010578
4208,0.00010578
4209,0.00010578
4210,0.00010578
4211,0.00010578
4212,0.00010578
4213,0.00010578
4214,0.00010578
4215,0.00010578
4216,0.00010578
4217,0.00010578
4218,0.00010578
4219,0.00010544
4220,0.00010544
4221,0.00010538
4222,0.000105
4223,0.000105
4224,0.000105
4225,0.000105
4226,0.000105
4227,0.000105
4228,0.00010481
4229,0.00010481
4230,0.00010481
4231,0.00010481
4232,0.00010481
4233,0.00010481
4234,0.00010481
4235,0.00010481
4236,0.00010481
4237,0.00010481
4238,0.00010481
4239,0.00010481
4240,0.00010481
4241,0.00010481
4242,0.0001048
4243,0.00010481
4244,0.00010481
4245,0.00010481
4246,0.00011
4247,0.00011
4248,0.00010984
4249,0.00010609
4250,0.00010609
4251,0.0001048
4252,0.0001048
4253,0.0001048
4254,0.00010479
4255,0.00010984
4256,0.00010985
4257,0.00010984
4258,0.00010984
4259,0.00010984
4260,0.00010508
4261,0.00010508
4262,0.00010465
4263,0.00010452
4264,0.00010452
4265,0.00010451
4266,0.000104
4267,0.00010452
4268,0.00010452
4269,0.00010452
4270,0.00010452
4271,0.00010452
4272,0.00010452
4273,0.00010452
4274,0.000104
4275,0.000104
4276,0.000104
4277,0.00010587
4278,0.00010587
4279,0.00010587
4280,0.00010587
4281,0.00010587
4282,0.00010588
4283,0.00010479
4284,0.00010479
4285,0.00010479
4286,0.00010479
4287,0.00010479
4288,0.00010587
4289,0.00010587
4290,0.00010588
4291,0.00010619
4292,0.00010619
4293,0.00010625
4294,0.00010625
4295,0.00010625
4296,0.00010625
4297,0.00010625
4298,0.00010625
4299,0.00010625
4300,0.00010625
4301,0.00010625
4302,0.00010625
4303,0.00010625
4304,0.0001055
4305,0.0001055
4306,0.0001055
4307,0.0001055
4308,0.0001055
4309,0.0001055
4310,0.0001055
4311,0.0001055
4312,0.0001055
4313,0.0001055
4314,0.0001055
4315,0.0001055
4316,0.00011
4317,0.00010693
4318,0.00010693
4319,0.00010693
4320,0.0001068
4321,0.00010682
4322,0.00010682
4323,0.00010682
4324,0.00010692
4325,0.00010692
4326,0.00010692
4327,0.00010692
4328,0.00010695
4329,0.00010695
4330,0.00010695
4331,0.00010695
4332,0.00010695
4333,0.00010505
4334,0.00010505
4335,0.00010843
4336,0.00010839
4337,0.00010839
4338,0.00010824
4339,0.00010842
4340,0.00010823
4341,0.00010823
4342,0.00010823
4343,0.00010716
4344,0.00010802
4345,0.00010715
4346,0.00010715
4347,0.00010609
4348,0.00010612
4349,0.00010612
4350,0.00010612
4351,0.00010608
4352,0.00010794
4353,0.00010995
4354,0.00010795
4355,0.00010979
4356,0.00010989
4357,0.00010979
4358,0.00010979
4359,0.00010979
4360,0.00010979
4361,0.00010979
4362,0.00010979
4363,0.00010869
4364,0.00010794
4365,0.00010794
4366,0.00010869
4367,0.00010869
4368,0.00010869
4369,0.00010869
4370,0.00010965
4371,0.00010965
4372,0.00010965
4373,0.00010868
4374,0.00010764
4375,0.00010764
4376,0.00010764
4377,0.00010764
4378,0.00010764
4379,0.00010764
4380,0.00010761
4381,0.00010761
4382,0.0001076
4383,0.0001076
4384,0.0001076
4385,0.0001076
4386,0.00010735
4387,0.00010735
4388,0.00010735
4389,0.00010735
4390,0.00010735
4391,0.00010735
4392,0.00010735
4393,0.00010735
4394,0.00010735
4395,0.00010735
4396,0.00010735
4397,0.00010735
4398,0.00010652
4399,0.00010652
4400,0.00010652
4401,0.00010545
4402,0.00010545
4403,0.00010545
4404,0.00010545
4405,0.00010545
4406,0.00010735
4407,0.00010735
4408,0.00010735
4409,0.00010735
4410,0.00010735
4411,0.00010735
4412,0.00010735
4413,0.00010735
4414,0.00010735
4415,0.00010735
4416,0.00010735
4417,0.00010735
4418,0.00010735
4419,0.00010735
4420,0.00010734
4421,0.00010734
4422,0.00010734
4423,0.00010734
4424,0.00010734
4425,0.00010734
4426,0.00010734
4427,0.00010734
4428,0.00010734
4429,0.00010606
4430,0.00010606
4431,0.00010606
4432,0.00010606
4433,0.00010606
4434,0.00010606
4435,0.00010606
4436,0.00010606
4437,0.00010606
4438,0.00010606
4439,0.00010606
4440,0.00010606
4441,0.00010606
4442,0.00010606
4443,0.00010606
4444,0.00010606
4445,0.00010606
4446,0.00010606
4447,0.00010606
4448,0.00010606
4449,0.00010545
4450,0.00010545
4451,0.00010545
4452,0.00010545
4453,0.00010545
4454,0.0001053
4455,0.0001053
4456,0.0001053
4457,0.00010529
4458,0.00010529
4459,0.0001053
4460,0.0001053
4461,0.0001053
4462,0.0001053
4463,0.0001053
4464,0.0001053
4465,0.0001053
4466,0.0001053
4467,0.0001053
4468,0.0001053
4469,0.0001053
4470,0.00010545
4471,0.00010545
4472,0.00010545
4473,0.00010545
4474,0.00010545
4475,0.00010999
4476,0.00011
4477,0.00011
4478,0.00011
4479,0.00011
4480,0.00011
4481,0.00011
4482,0.00011
4483,0.00011
4484,0.00011
4485,0.00011
4486,0.00011
4487,0.00011
4488,0.00011
4489,0.00011
4490,0.00011
4491,0.00011
4492,0.00011
4493,0.00011
4494,0.00011002
4495,0.00011002
4496,0.00011002
4497,0.00011002
4498,0.00011
4499,0.00011
4500,0.00011001
4501,0.00011001
4502,0.00011001
4503,0.00011001
4504,0.00010663
4505,0.00010922
4506,0.00010922
4507,0.00010922
4508,0.00010922
4509,0.00010999
4510,0.00010999
4511,0.00010999
4512,0.00010873
4513,0.0001098
4514,0.00010528
4515,0.00010528
4516,0.00010528
4517,0.00010528
4518,0.00010528
4519,0.00010577
4520,0.00010577
4521,0.00010577
4522,0.00010577
4523,0.00010577
4524,0.00010577
4525,0.00010577
4526,0.00010577
4527,0.00010577
4528,0.00010577
4529,0.00010577
4530,0.00010577
4531,0.00010577
4532,0.00010577
4533,0.00010577
4534,0.00010577
4535,0.00010577
4536,0.00010577
4537,0.00010577
4538,0.00010577
4539,0.00010577
4540,0.00010577
4541,0.00010682
4542,0.0001057
4543,0.0001057
4544,0.0001057
4545,0.0001057
4546,0.0001057
4547,0.0001057
4548,0.00010501
4549,0.000105
4550,0.00010471
4551,0.00010471
4552,0.00010574
4553,0.00010574
4554,0.00010574
4555,0.00010574
4556,0.00010574
4557,0.00010574
4558,0.00010574
4559,0.00010574
4560,0.00010474
4561,0.00010474
4562,0.00010474
4563,0.00010474
4564,0.00010474
4565,0.00010474
4566,0.00010474
4567,0.00010605
4568,0.00010471
4569,0.00010471
4570,0.00010471
4571,0.00010471
4572,0.00010471
4573,0.00010471
4574,0.000105
4575,0.000105
4576,0.000105
4577,0.0001047
4578,0.0001047
4579,0.00010498
4580,0.00010465
4581,0.00010465
4582,0.00010451
4583,0.00010451
4584,0.00010451
4585,0.00010451
4586,0.00010451
4587,0.00010451
4588,0.00010451
4589,0.00010451
4590,0.00010451
4591,0.00010451
4592,0.00010461
4593,0.00010461
4594,0.00010444
4595,0.00010444
4596,0.00010444
4597,0.00010429
4598,0.00010444
4599,0.00010444
4600,0.00010444
4601,0.00010444
4602,0.00010444
4603,0.00010401
4604,0.00010401
4605,0.000104
4606,0.000104
4607,0.000104
4608,0.000104
4609,0.00010444
4610,0.00010416
4611,0.00010416
4612,0.00010419
4613,0.00010419
4614,0.00010419
4615,0.00010444
4616,0.00010444
4617,0.00010337
4618,0.00010337
4619,0.00010337
4620,0.00010337
4621,0.00010444
4622,0.00010444
4623,0.00010339
4624,0.00010339
4625,0.00010326
4626,0.00010326
4627,0.00010326
4628,0.00010326
4629,0.00010326
4630,0.00010326
4631,0.00010326
4632,0.00010326
4633,0.00010326
4634,0.00010326
4635,0.00010326
4636,0.00010326
4637,0.00010326
4638,0.00010326
4639,0.00010326
4640,0.00010326
4641,0.00010326
4642,0.00010326
4643,0.00010326
4644,0.00010326
4645,0.00010325
4646,0.00010325
4647,0.00010325
4648,0.00010325
4649,0.00010325
4650,0.00010325
4651,0.00010325
4652,0.00010325
4653,0.00010325
4654,0.00010325
4655,0.00010325
4656,0.00010326
4657,0.00010326
4658,0.00010326
4659,0.00010326
4660,0.00010326
4661,0.00010326
4662,0.00010326
4663,0.00010325
4664,0.00010325
4665,0.00010325
4666,0.00010325
4667,0.00010325
4668,0.00010325
4669,0.00010325
4670,0.00010325
4671,0.00010325
4672,0.00010325
4673,0.00010325
4674,0.00010325
4675,0.00010325
4676,0.00010325
4677,0.00010325
4678,0.00010339
4679,0.00010339
4680,0.00010339
4681,0.00010339
4682,0.00010325
4683,0.00010325
4684,0.00010325
4685,0.00010325
4686,0.00010325
4687,0.00010325
4688,0.00010325
4689,0.00010325
4690,0.00010325
4691,0.00010325
4692,0.00010325
4693,0.00010325
4694,0.00010325
4695,0.00010325
4696,0.0001033
4697,0.00010325
4698,0.00010325
4699,0.00010325
4700,0.00010325
4701,0.00010325
4702,0.00010325
4703,0.00010325
4704,0.00010325
4705,0.00010325
4706,0.00010325
4707,0.00010325
4708,0.00010325
4709,0.00010325
4710,0.00010325
4711,0.00010325
4712,0.00010325
4713,0.00010325
4714,0.00010325
4715,0.00010325
4716,0.00010325
4717,0.00010325
4718,0.00010325
4719,0.00010325
4720,0.00010325
4721,0.00010325
4722,0.00010325
4723,0.00010325
4724,0.00010325
4725,0.00010325
4726,0.00010325
4727,0.00010325
4728,0.00010325
4729,0.00010325
4730,0.00010325
4731,0.00010325
4732,0.00010325
4733,0.00010325
4734,0.00010325
4735,0.00010325
4736,0.00010325
4737,0.00010325
4738,0.00010325
4739,0.00010325
4740,0.00010325
4741,0.00010325
4742,0.00010325
4743,0.00010325
4744,0.00010339
4745,0.00010339
4746,0.00010325
4747,0.00010325
4748,0.00010325
4749,0.00010325
4750,0.00010325
4751,0.00010325
4752,0.00010325
4753,0.00010325
4754,0.00010325
4755,0.00010325
4756,0.00010325
4757,0.00010325
4758,0.00010325
4759,0.00010325
4760,0.00010325
4761,0.00010325
4762,0.00010325
4763,0.00010325
4764,0.00010325
4765,0.00010325
4766,0.00010325
4767,0.00010325
4768,0.00010325
4769,0.00010325
4770,0.00010325
4771,0.000103
4772,0.000103
4773,0.000103
4774,0.00010278
4775,0.00010278
4776,0.00010278
4777,0.00010278
4778,0.00010278
4779,0.00010278
4780,0.00010278
4781,0.00010278
4782,0.00010278
4783,0.00010278
4784,0.00010278
4785,0.00010278
4786,0.00010278
4787,0.00010278
4788,0.00010261
4789,0.00010261
4790,0.00010238
4791,0.00010236
4792,0.00010236
4793,0.00010261
4794,0.00010261
4795,0.00010261
4796,0.00010261
4797,0.00010261
4798,0.00010261
4799,0.00010261
4800,0.00010261
4801,0.00010233
4802,0.00010233
4803,0.00010261
4804,0.00010261
4805,0.00010258
4806,0.00010258
4807,0.00010234
4808,0.00010234
4809,0.00010234
4810,0.00010234
4811,0.00010234
4812,0.00010257
4813,0.00010257
4814,0.00010257
4815,0.00010257
4816,0.00010257
4817,0.00010257
4818,0.00010257
4819,0.00010257
4820,0.00010257
4821,0.00010257
4822,0.00010257
4823,0.00010257
4824,0.00010257
4825,0.00010257
4826,0.00010257
4827,0.00010257
4828,0.00010257
4829,0.00010257
4830,0.00010257
4831,0.00010257
4832,0.00010257
4833,0.00010236
4834,0.00010236
4835,0.00010236
4836,0.00010236
4837,0.00010236
4838,0.00010261
4839,0.00010235
4840,0.00010234
4841,0.00010234
4842,0.00010234
4843,0.00010234
4844,0.00010261
4845,0.00010334
4846,0.00010334
4847,0.00010234
4848,0.00010234
4849,0.00010234
4850,0.0001032
4851,0.0001032
4852,0.00010233
4853,0.00010233
4854,0.00010233
4855,0.00010233
4856,0.00010233
4857,0.00010318
4858,0.00010339
4859,0.00010339
4860,0.00010339
4861,0.00010339
4862,0.00010325
4863,0.00010325
4864,0.00010325
4865,0.00010325
4866,0.00010325
4867,0.00010325
4868,0.00010325
4869,0.00010325
4870,0.00010325
4871,0.00010325
4872,0.00010325
4873,0.00010325
4874,0.00010325
4875,0.00010325
4876,0.00010325
4877,0.00010325
4878,0.00010325
4879,0.00010325
4880,0.00010325
4881,0.00010325
4882,0.00010325
4883,0.00010325
4884,0.00010238
4885,0.00010238
4886,0.00010238
4887,0.00010238
4888,0.00010238
4889,0.00010238
4890,0.00010238
4891,0.00010238
4892,0.00010238
4893,0.00010238
4894,0.00010238
4895,0.00010238
4896,0.00010239
4897,0.00010239
4898,0.00010239
4899,0.00010239
4900,0.00010239
4901,0.00010239
4902,0.00010239
4903,0.00010239
4904,0.00010239
4905,0.00010239
4906,0.00010239
4907,0.00010239
4908,0.00010239
4909,0.00010236
4910,0.00010236
4911,0.00010236
4912,0.00010236
4913,0.00010236
4914,0.00010236
4915,0.00010236
4916,0.00010236
4917,0.00010236
4918,0.00010236
4919,0.00010236
4920,0.00010236
4921,0.00010236
4922,0.00010236
4923,0.00010236
4924,0.00010236
4925,0.00010236
4926,0.00010236
4927,0.00010239
4928,0.00010239
4929,0.00010239
4930,0.00010239
4931,0.00010239
4932,0.00010239
4933,0.00010239
4934,0.00010239
4935,0.00010239
4936,0.00010239
4937,0.00010239
4938,0.00010239
4939,0.00010239
4940,0.00010239
4941,0.00010239
4942,0.00010239
4943,0.00010239
4944,0.00010239
4945,0.00010239
4946,0.00010239
4947,0.00010239
4948,0.00010239
4949,0.00010239
4950,0.00010239
4951,0.00010239
4952,0.00010239
4953,0.00010239
4954,0.00010239
4955,0.00010239
4956,0.00010239
4957,0.00010239
4958,0.00010239
4959,0.00010238
4960,0.00010238
4961,0.00010238
4962,0.00010238
4963,0.00010238
4964,0.00010238
4965,0.00010238
4966,0.00010238
4967,0.00010238
4968,0.00010238
4969,0.00010238
4970,0.00010238
4971,0.00010239
4972,0.00010239
4973,0.00010239
4974,0.00010239
4975,0.00010239
4976,0.00010239
4977,0.00010238
4978,0.00010238
4979,0.00010238
4980,0.00010238
4981,0.00010238
4982,0.00010238
4983,0.00010238
4984,0.00010238
4985,0.00010238
4986,0.00010239
4987,0.00010239
4988,0.00010239
4989,0.00010239
4990,0.00010239
4991,0.00010239
4992,0.00010239
4993,0.00010239
4994,0.00010239
4995,0.00010239
4996,0.00010239
4997,0.00010239
4998,0.00010239
4999,0.00010239
5000,0.00010239
5001,0.00010239
5002,0.00010239
5003,0.00010239
5004,0.00010239
5005,0.00010239
5006,0.00010239
5007,0.00010238
5008,0.00010238
5009,0.00010238
5010,0.00010238
5011,0.00010238
5012,0.00010238
5013,0.00010238
5014,0.00010238
5015,0.00010238
5016,0.00010239
5017,0.00010239
5018,0.00010239
5019,0.00010239
5020,0.00010239
5021,0.00010239
5022,0.00010239
5023,0.00010239
5024,0.00010239
5025,0.00010239
5026,0.00010239
5027,0.00010238
5028,0.00010238
5029,0.00010238
5030,0.00010238
5031,0.00010238
5032,0.00010238
5033,0.00010238
5034,0.00010238
5035,0.00010238
5036,0.00010238
5037,0.00010238
5038,0.00010238
5039,0.00010238
5040,0.00010238
5041,0.00010238
5042,0.00010238
5043,0.00010238
5044,0.00010238
5045,0.00010238
5046,0.00010238
5047,0.00010238
5048,0.00010238
5049,0.00010238
5050,0.00010238
5051,0.00010238
5052,0.00010238
5053,0.00010239
5054,0.00010239
5055,0.00010239
5056,0.00010239
5057,0.00010239
5058,0.00010239
5059,0.00010238
5060,0.00010238
5061,0.00010238
5062,0.00010238
5063,0.00010239
5064,0.00010239
5065,0.00010239
5066,0.00010239
5067,0.00010239
5068,0.00010239
5069,0.00010239
5070,0.00010239
5071,0.00010239
5072,0.00010239
5073,0.00010239
5074,0.00010239
5075,0.00010238
5076,0.00010238
5077,0.00010238
5078,0.00010238
5079,0.00010238
5080,0.00010238
5081,0.00010238
5082,0.00010238
5083,0.00010238
5084,0.00010238
5085,0.00010238
5086,0.00010239
5087,0.00010239
5088,0.00010239
5089,0.00010239
5090,0.00010239
5091,0.00010239
5092,0.00010239
5093,0.00010239
5094,0.00010239
5095,0.00010239
5096,0.00010239
5097,0.00010239
5098,0.00010239
5099,0.00010239
5100,0.00010239
5101,0.00010239
5102,0.00010239
5103,0.00010239
5104,0.00010239
5105,0.00010239
5106,0.00010239
5107,0.00010239
5108,0.00010239
5109,0.00010239
5110,0.00010239
5111,0.0001026
5112,0.0001026
5113,0.0001026
5114,0.0001026
5115,0.00010339
5116,0.00010339
5117,0.00010339
5118,0.00010336
5119,0.00010336
5120,0.00010336
5121,0.00010336
5122,0.00010331
5123,0.00010331
5124,0.00010331
5125,0.0001033
5126,0.0001033
5127,0.0001033
5128,0.0001033
5129,0.0001033
5130,0.00010238
5131,0.00010339
5132,0.00010339
5133,0.00010339
5134,0.00010339
5135,0.00010339
5136,0.00010339
5137,0.00010339
5138,0.00010339
5139,0.00010339
5140,0.00010339
5141,0.00010339
5142,0.00010348
5143,0.00010348
5144,0.00010347
5145,0.00010346
5146,0.00010346
5147,0.00010346
5148,0.00010346
5149,0.00010346
5150,0.00010346
5151,0.00010336
5152,0.00010336
5153,0.00010345
5154,0.00010319
5155,0.00010319
5156,0.00010319
5157,0.00010319
5158,0.00010319
5159,0.00010319
5160,0.00010319
5161,0.00010319
5162,0.00010319
5163,0.00010319
5164,0.00010319
5165,0.00010319
5166,0.00010319
5167,0.00010346
5168,0.00010346
5169,0.00010346
5170,0.00010346
5171,0.00010346
5172,0.00010346
5173,0.00010346
5174,0.00010346
5175,0.0001035
5176,0.00010494
5177,0.00010506
5178,0.00010505
5179,0.00010496
5180,0.00010496
5181,0.00010489
5182,0.00010489
5183,0.00010489
5184,0.00010489
5185,0.00010489
5186,0.00010489
5187,0.00010467
5188,0.00010328
5189,0.00010328
5190,0.00010328
5191,0.00010328
5192,0.00010328
5193,0.00010328
5194,0.00010239
5195,0.00010436
5196,0.00010436
5197,0.00010436
5198,0.00010436
5199,0.00010436
5200,0.00010436
5201,0.00010436
5202,0.00010436
5203,0.00010436
5204,0.00010436
5205,0.00010436
5206,0.00010436
5207,0.00010436
5208,0.00010436
5209,0.00010437
5210,0.00010437
5211,0.00010437
5212,0.00010436
5213,0.00010436
5214,0.00010436
5215,0.00010436
5216,0.00010436
5217,0.00010436
5218,0.00010436
5219,0.00010436
5220,0.00010436
5221,0.00010436
5222,0.00010436
5223,0.00010436
5224,0.00010436
5225,0.00010436
5226,0.00010436
5227,0.00010436
5228,0.00010437
5229,0.00010437
5230,0.00010437
5231,0.00010437
5232,0.00010437
5233,0.00010437
5234,0.00010437
5235,0.00010437
5236,0.00010437
5237,0.00010436
5238,0.00010436
5239,0.00010426
5240,0.00010426
5241,0.00010426
5242,0.00010242
5243,0.00010242
5244,0.00010242
5245,0.00010242
5246,0.00010398
5247,0.00010398
5248,0.00010398
5249,0.00010398
5250,0.00010398
5251,0.00010398
5252,0.00010374
5253,0.00010374
5254,0.00010374
5255,0.00010374
5256,0.00010374
5257,0.00010374
5258,0.00010374
5259,0.00010374
5260,0.00010374
5261,0.00010374
5262,0.00010374
5263,0.00010374
5264,0.00010374
5265,0.00010374
5266,0.00010374
5267,0.00010374
5268,0.00010374
5269,0.00010374
5270,0.00010374
5271,0.00010374
5272,0.00010374
5273,0.00010374
5274,0.00010374
5275,0.00010374
5276,0.00010374
5277,0.00010374
5278,0.00010374
5279,0.00010374
5280,0.00010374
5281,0.00010374
5282,0.00010374
5283,0.00010374
5284,0.00010374
5285,0.00010374
5286,0.00010374
5287,0.00010374
5288,0.00010374
5289,0.00010374
5290,0.00010374
5291,0.00010374
5292,0.00010374
5293,0.00010374
5294,0.00010374
5295,0.00010374
5296,0.00010374
5297,0.00010374
5298,0.00010383
5299,0.00010383
5300,0.00010383
5301,0.00010383
5302,0.00010383
5303,0.00010367
5304,0.00010365
5305,0.00010364
5306,0.00010364
5307,0.00010364
5308,0.00010364
5309,0.00010366
5310,0.00010366
5311,0.00010366
5312,0.00010366
5313,0.00010366
5314,0.00010437
5315,0.00010437
5316,0.00010437
5317,0.00010437
5318,0.00010437
5319,0.00010437
5320,0.00010437
5321,0.00010437
5322,0.00010437
5323,0.00010437
5324,0.00010437
5325,0.00010437
5326,0.00010437
5327,0.00010496
5328,0.00010496
5329,0.00010496
5330,0.00010498
5331,0.00010519
5332,0.0001053
5333,0.00010559
5334,0.00010562
5335,0.00010594
5336,0.00010596
5337,0.00010647
5338,0.0001078
5339,0.0001066
5340,0.0001066
5341,0.0001066
5342,0.0001066
5343,0.00010665
5344,0.00010649
5345,0.00010666
5346,0.0001062
5347,0.00010621
5348,0.00010748
5349,0.00010749
5350,0.00010783
5351,0.00010796
5352,0.00010856
5353,0.00010876
5354,0.00010984
5355,0.00010981
5356,0.00010764
5357,0.00010976
5358,0.0001077
5359,0.0001077
5360,0.0001077
5361,0.0001077
5362,0.0001077
5363,0.0001077
5364,0.0001077
5365,0.0001077
5366,0.0001077
5367,0.0001077
5368,0.0001077
5369,0.0001077
5370,0.00010848
5371,0.00010848
5372,0.00010848
5373,0.00010848
5374,0.00010848
5375,0.00010848
5376,0.00010848
5377,0.00010834
5378,0.00010834
5379,0.00010834
5380,0.00010834
5381,0.00010834
5382,0.00010834
5383,0.00010851
5384,0.00010851
5385,0.00010851
5386,0.00010851
5387,0.00010851
5388,0.00010851
5389,0.00010851
5390,0.00010981
5391,0.00010981
5392,0.00010981
5393,0.00010981
5394,0.00010981
5395,0.0001099
5396,0.0001099
5397,0.0001099
5398,0.0001099
5399,0.00011041
5400,0.00011041
5401,0.00011038
5402,0.00011039
5403,0.00011001
5404,0.00010999
5405,0.0001093
5406,0.0001093
5407,0.0001093
5408,0.0001093
5409,0.00010929
5410,0.00010821
5411,0.00010821
5412,0.00010821
5413,0.00010821
5414,0.00010927
5415,0.00010927
5416,0.00010927
5417,0.00010927
5418,0.00010927
5419,0.00010927
5420,0.00010927
5421,0.00010927
5422,0.00010927
5423,0.00010821
5424,0.00010818
5425,0.00010785
5426,0.0001078
5427,0.0001078
5428,0.0001078
5429,0.00010713
5430,0.00010713
5431,0.00010713
5432,0.00010816
5433,0.00010816
5434,0.00010816
5435,0.00010816
5436,0.00010816
5437,0.00010816
5438,0.00010816
5439,0.00010816
5440,0.00010815
5441,0.00010815
5442,0.00010815
5443,0.00010815
5444,0.00010815
5445,0.00010815
5446,0.00010815
5447,0.00010815
5448,0.00010815
5449,0.00010815
5450,0.00010815
5451,0.00010815
5452,0.00010815
5453,0.00010815
5454,0.00010816
5455,0.00010816
5456,0.00010816
5457,0.00010816
5458,0.00010816
5459,0.00010816
5460,0.00010816
5461,0.00010919
5462,0.00010919
5463,0.0001092
5464,0.0001092
5465,0.0001092
5466,0.0001092
5467,0.0001092
5468,0.0001092
5469,0.0001092
5470,0.0001092
5471,0.00010958
5472,0.00010958
5473,0.00010958
5474,0.00010958
5475,0.00010958
5476,0.00010958
5477,0.00010958
5478,0.00010958
5479,0.00010957
5480,0.00010957
5481,0.00010957
5482,0.00010957
5483,0.00010957
5484,0.00010957
5485,0.00010957
5486,0.00010957
5487,0.00010957
5488,0.00010957
5489,0.00010957
5490,0.00010957
5491,0.00010957
5492,0.00010957
5493,0.00010957
5494,0.00010957
5495,0.00010957
5496,0.00010957
5497,0.00010957
5498,0.00010957
5499,0.00010957
5500,0.00010842
5501,0.00010842
5502,0.00010842
5503,0.00010842
5504,0.00010842
5505,0.00010842
5506,0.00010845
5507,0.00010845
5508,0.00010845
5509,0.00010845
5510,0.00010845
5511,0.00010845
5512,0.00010845
5513,0.00010845
5514,0.00010845
5515,0.00010845
5516,0.00010845
5517,0.00010845
5518,0.00010845
5519,0.00010845
5520,0.00010845
5521,0.00010845
5522,0.00010926
5523,0.0001093
5524,0.0001093
5525,0.0001093
5526,0.0001093
5527,0.0001093
5528,0.00010818
5529,0.00010818
5530,0.00010818
5531,0.00010818
5532,0.00010818
5533,0.00010818
5534,0.00010818
5535,0.00010818
5536,0.00010818
5537,0.00010818
5538,0.00010818
5539,0.0001089
5540,0.0001089
5541,0.0001089
5542,0.0001089
5543,0.0001089
5544,0.0001089
5545,0.0001089
5546,0.0001089
5547,0.0001089
5548,0.0001089
5549,0.00010846
5550,0.00010846
5551,0.00010846
5552,0.00010846
5553,0.00010846
5554,0.00010846
5555,0.00010846
5556,0.00010846
5557,0.00010846
5558,0.00010846
5559,0.0001089
5560,0.0001089
5561,0.0001089
5562,0.0001089
5563,0.0001089
5564,0.0001089
5565,0.0001089
5566,0.0001089
5567,0.0001089
5568,0.00010845
5569,0.00010845
5570,0.00010845
5571,0.00010845
5572,0.00010845
5573,0.00010845
5574,0.00010845
5575,0.00010845
5576,0.00010845
5577,0.00010845
5578,0.00010845
5579,0.00010845
5580,0.00010845
5581,0.00010845
5582,0.00010845
5583,0.00010845
5584,0.00010845
5585,0.00010845
5586,0.00010845
5587,0.00010845
5588,0.00010845
5589,0.00010845
5590,0.00010845
5591,0.00010845
5592,0.00010845
5593,0.0001083
5594,0.0001083
5595,0.0001083
5596,0.0001083
5597,0.0001083
5598,0.0001083
5599,0.00010816
5600,0.00010816
5601,0.00010816
5602,0.00010816
5603,0.00010816
5604,0.00010816
5605,0.00010816
5606,0.00010816
5607,0.00010816
5608,0.00010816
5609,0.00010816
5610,0.00010816
5611,0.00010816
5612,0.0001083
5613,0.00010845
5614,0.00010845
5615,0.00010845
5616,0.00010845
5617,0.00010845
5618,0.00010845
5619,0.00010845
5620,0.00010845
5621,0.00010845
5622,0.00010845
5623,0.00010845
5624,0.0001082
5625,0.0001082
5626,0.0001082
5627,0.0001082
5628,0.0001082
5629,0.0001082
5630,0.0001082
5631,0.0001082
5632,0.0001082
5633,0.0001082
5634,0.0001082
5635,0.0001082
5636,0.0001082
5637,0.0001082
5638,0.0001082
5639,0.0001082
5640,0.0001082
5641,0.0001082
5642,0.0001082
5643,0.0001082
5644,0.0001082
5645,0.0001082
5646,0.00010835
5647,0.00010835
5648,0.00010845
5649,0.00010838
5650,0.00010838
5651,0.0001084
5652,0.0001084
5653,0.0001084
5654,0.0001084
5655,0.0001084
5656,0.0001084
5657,0.0001084
5658,0.0001084
5659,0.0001084
5660,0.0001084
5661,0.0001084
5662,0.0001084
5663,0.0001084
5664,0.0001084
5665,0.0001084
5666,0.0001084
5667,0.0001084
5668,0.0001084
5669,0.0001084
5670,0.00010834
5671,0.00010834
5672,0.00010834
5673,0.00010834
5674,0.00010834
5675,0.00010834
5676,0.00010834
5677,0.00010834
5678,0.00010834
5679,0.00010834
5680,0.00010834
5681,0.00010834
5682,0.00010834
5683,0.00010834
5684,0.00010834
5685,0.00010834
5686,0.00010834
5687,0.00010834
5688,0.00010834
5689,0.00010834
5690,0.00010834
5691,0.00010834
5692,0.00010834
5693,0.00010834
5694,0.00010834
5695,0.00010834
5696,0.00010834
5697,0.00010834
5698,0.00010834
5699,0.00010834
5700,0.00010834
5701,0.00010834
5702,0.00010834
5703,0.00010834
5704,0.00010834
5705,0.00010834
5706,0.00010834
5707,0.00010834
5708,0.00010845
5709,0.00010845
5710,0.00010845
5711,0.0001082
5712,0.00010817
5713,0.00010817
5714,0.00010817
5715,0.00010817
5716,0.00010817
5717,0.00010817
5718,0.00010817
5719,0.00010817
5720,0.00010817
5721,0.00010817
5722,0.00010817
5723,0.00010817
5724,0.00010817
5725,0.00010817
5726,0.00010817
5727,0.00010817
5728,0.00010817
5729,0.00010817
5730,0.00010845
5731,0.00010845
5732,0.00010845
5733,0.00010845
5734,0.00010845
5735,0.00010845
5736,0.00010845
5737,0.00010845
5738,0.00010845
5739,0.00010845
5740,0.00010845
5741,0.00010845
5742,0.00010845
5743,0.00010845
5744,0.00010845
5745,0.00010845
5746,0.00010845
5747,0.00010845
5748,0.00010845
5749,0.00010845
5750,0.00010842
5751,0.00010842
5752,0.00010842
5753,0.00010842
5754,0.00010842
5755,0.00010842
5756,0.00010842
5757,0.00010842
5758,0.00010842
5759,0.00010842
5760,0.00010842
5761,0.00010842
5762,0.00010842
5763,0.00010842
5764,0.00010842
5765,0.00010842
5766,0.00010842
5767,0.00010842
5768,0.00010842
5769,0.00010842
5770,0.00010815
5771,0.00010815
5772,0.00010815
5773,0.00010815
5774,0.00010815
5775,0.00010815
5776,0.00010815
5777,0.00010815
5778,0.00010815
5779,0.00010719
5780,0.00010719
5781,0.00010719
5782,0.00010719
5783,0.00010841
5784,0.00010841
5785,0.00010732
5786,0.00010732
5787,0.00010732
5788,0.00010732
5789,0.00010732
5790,0.00010732
5791,0.00010732
5792,0.00010732
5793,0.00010732
5794,0.00010732
5795,0.00010732
5796,0.00010732
5797,0.00010732
5798,0.00010841
5799,0.00010841
5800,0.00010841
5801,0.00010841
5802,0.00010841
5803,0.00010841
5804,0.00010842
5805,0.00010842
5806,0.00010842
5807,0.00010991
5808,0.00010845
5809,0.00010845
5810,0.00010845
5811,0.00010849
5812,0.00010849
5813,0.00010849
5814,0.00010849
5815,0.00010849
5816,0.00010849
5817,0.00010849
5818,0.00010849
5819,0.00010849
5820,0.00010849
5821,0.00010849
5822,0.00010849
5823,0.00010849
5824,0.00010849
5825,0.00010849
5826,0.00010849
5827,0.00010842
5828,0.00010842
5829,0.00010842
5830,0.00010842
5831,0.00010842
5832,0.00010842
5833,0.00010842
5834,0.00010842
5835,0.00010842
5836,0.00010842
5837,0.00010842
5838,0.00010842
5839,0.00010842
5840,0.00010842
5841,0.00010842
5842,0.00010842
5843,0.00010842
5844,0.00010969
5845,0.00010969
5846,0.00010968
5847,0.00010966
5848,0.00010966
5849,0.00010965
5850,0.00010965
5851,0.00010965
5852,0.00010965
5853,0.00010965
5854,0.00010965
5855,0.00010965
5856,0.00010965
5857,0.00010965
5858,0.00010965
5859,0.00010965
5860,0.00010965
5861,0.00010965
5862,0.00010855
5863,0.00010855
5864,0.00010855
5865,0.00010855
5866,0.00010855
5867,0.00010855
5868,0.00010855
5869,0.00010855
5870,0.00010855
5871,0.00010855
5872,0.00010855
5873,0.00010981
5874,0.00010981
5875,0.00010981
5876,0.00010981
5877,0.00010981
5878,0.00010981
5879,0.0001099
5880,0.0001099
5881,0.0001099
5882,0.0001099
5883,0.0001099
5884,0.0001099
5885,0.0001099
5886,0.0001099
5887,0.0001099
5888,0.0001099
5889,0.0001099
5890,0.00010991
5891,0.00010992
5892,0.00010992
5893,0.00010992
5894,0.00010992
5895,0.00010992
5896,0.00010995
5897,0.00010995
5898,0.00010995
5899,0.00010995
5900,0.0001102
5901,0.00010995
5902,0.00010995
5903,0.00010995
5904,0.00010995
5905,0.00010996
5906,0.00011043
5907,0.00011045
5908,0.00011045
5909,0.00011045
5910,0.00011047
5911,0.00011047
5912,0.00010996
5913,0.00010996
5914,0.00010996
5915,0.00010996
5916,0.00011047
5917,0.00011046
5918,0.00011046
5919,0.00011046
5920,0.00011046
5921,0.00011046
5922,0.00011046
5923,0.00011049
5924,0.00011049
5925,0.00011049
5926,0.00011049
5927,0.00011049
5928,0.00011049
5929,0.00011052
5930,0.00011052
5931,0.0001106
5932,0.00011087
5933,0.00011087
5934,0.00011088
5935,0.00011088
5936,0.00011089
5937,0.00011089
5938,0.00011093
5939,0.000111
5940,0.000111
5941,0.000111
5942,0.000111
5943,0.00011089
5944,0.0001109
5945,0.00011116
5946,0.00011132
5947,0.00011144
5948,0.00011144
5949,0.0001117
5950,0.0001117
5951,0.0001117
5952,0.000111
5953,0.000111
5954,0.000111
5955,0.00011144
5956,0.00011144
5957,0.00011172
5958,0.00011172
5959,0.00011183
5960,0.0001119
5961,0.00011195
5962,0.00011195
5963,0.00011195
5964,0.00011195
5965,0.00011195
5966,0.00011195
5967,0.00011195
5968,0.000111
5969,0.000111
5970,0.000111
5971,0.000111
5972,0.000111
5973,0.00011228
5974,0.0001125
5975,0.0001125
5976,0.00011247
5977,0.00011252
5978,0.00011248
5979,0.00011268
5980,0.00011208
5981,0.00011269
5982,0.00011269
5983,0.00011269
5984,0.00011269
5985,0.00011208
5986,0.00011208
5987,0.00011208
5988,0.00011209
5989,0.0001128
5990,0.00011299
5991,0.000113
5992,0.000113
5993,0.000113
5994,0.00011209
5995,0.00011209
5996,0.00011209
5997,0.00011267
5998,0.000113
5999,0.000113
6000,0.000113
6001,0.000113
6002,0.000113
6003,0.000113
6004,0.000113
6005,0.000113
6006,0.000113
6007,0.000113
6008,0.000113
6009,0.00011289
6010,0.00011289
6011,0.00011289
6012,0.00011289
6013,0.00011289
6014,0.00011289
6015,0.00011289
6016,0.00011289
6017,0.00011289
6018,0.00011289
6019,0.00011289
6020,0.00011289
6021,0.00011289
6022,0.00011289
6023,0.00011289
6024,0.00011289
6025,0.00011289
6026,0.00011202
6027,0.00011202
6028,0.00011202
6029,0.00011154
6030,0.00011154
6031,0.00011154
6032,0.00011154
6033,0.00011154
6034,0.00011154
6035,0.00011154
6036,0.00011154
6037,0.00011154
6038,0.00011154
6039,0.00011154
6040,0.00011104
6041,0.00011104
6042,0.00011104
6043,0.00011104
6044,0.00011104
6045,0.00011104
6046,0.00011155
6047,0.00011049
6048,0.00011049
6049,0.00011049
6050,0.00011049
6051,0.00011049
6052,0.00011049
6053,0.00011049
6054,0.00011049
6055,0.00011049
6056,0.00011049
6057,0.00011049
6058,0.00011049
6059,0.00011049
6060,0.00011049
6061,0.00011049
6062,0.00011049
6063,0.00011049
6064,0.00011049
6065,0.00011049
6066,0.00011049
6067,0.00011049
6068,0.00011049
6069,0.00011049
6070,0.00011049
6071,0.00011049
6072,0.00011049
6073,0.00011105
6074,0.00011105
6075,0.00011105
6076,0.00011105
6077,0.00011071
6078,0.00011071
6079,0.00011071
6080,0.00011071
6081,0.00011071
6082,0.00011071
6083,0.00011071
6084,0.00011071
6085,0.00011068
6086,0.00011068
6087,0.00011068
6088,0.00011068
6089,0.00011068
6090,0.00011068
6091,0.00011068
6092,0.00011068
6093,0.00011068
6094,0.0001106
6095,0.0001106
6096,0.00011057
6097,0.00011057
6098,0.00011059
6099,0.00011059
6100,0.00011057
6101,0.00011057
6102,0.00011057
6103,0.00011057
6104,0.00011057
6105,0.00011057
6106,0.00011057
6107,0.00011057
6108,0.00011057
6109,0.00011047
6110,0.00011047
6111,0.00011047
6112,0.00011047
6113,0.00011046
6114,0.00011046
6115,0.00011046
6116,0.00011046
6117,0.00011046
6118,0.00011046
6119,0.00011003
6120,0.00011003
6121,0.00011003
6122,0.00011003
6123,0.00011003
6124,0.00011002
6125,0.00011002
6126,0.00011002
6127,0.00011
6128,0.00011
6129,0.00011
6130,0.00011
6131,0.00011
6132,0.00011
6133,0.00011
6134,0.00011051
6135,0.00011051
6136,0.00011051
6137,0.00011051
6138,0.00011051
6139,0.00011051
6140,0.00011051
6141,0.00011051
6142,0.00011051
6143,0.00011051
6144,0.00011051
6145,0.00011051
6146,0.00011051
6147,0.00011051
6148,0.00011051
6149,0.00011051
6150,0.00011051
6151,0.00011051
6152,0.00011051
6153,0.00011051
6154,0.00011051
6155,0.00011051
6156,0.00011051
6157,0.00011051
6158,0.00011051
6159,0.00011051
6160,0.00011051
6161,0.00011051
6162,0.00011051
6163,0.00011051
6164,0.00011085
6165,0.00011085
6166,0.00011085
6167,0.00011085
6168,0.00011085
6169,0.00011085
6170,0.00011085
6171,0.00011085
6172,0.0001111
6173,0.0001111
6174,0.0001111
6175,0.0001111
6176,0.0001111
6177,0.0001111
6178,0.00011202
6179,0.00011202
6180,0.00011202
6181,0.00011202
6182,0.00011202
6183,0.00011202
6184,0.00011202
6185,0.00011202
6186,0.00011202
6187,0.00011069
6188,0.00011069
6189,0.00011069
6190,0.00011069
6191,0.00011069
6192,0.00011069
6193,0.00011069
6194,0.00011268
6195,0.00011268
6196,0.00011268
6197,0.00011268
6198,0.00011268
6199,0.00011268
6200,0.00011093
6201,0.00011093
6202,0.00011093
6203,0.00011093
6204,0.00011093
6205,0.00011092
6206,0.00011051
6207,0.00011051
6208,0.00011051
6209,0.00011
6210,0.00011
6211,0.0001085
6212,0.0001085
6213,0.0001085
6214,0.0001085
6215,0.00011296
6216,0.00011284
6217,0.00011294
6218,0.00011284
6219,0.00010887
6220,0.00010887
6221,0.00010887
6222,0.00010887
6223,0.00010887
6224,0.00011294
6225,0.00011294
6226,0.00011294
6227,0.00011294
6228,0.00011294
6229,0.00011294
6230,0.00011294
6231,0.00011294
6232,0.00011294
6233,0.00011294
6234,0.00011294
6235,0.00011201
6236,0.00011201
6237,0.00011201
6238,0.00011201
6239,0.00011201
6240,0.00011201
6241,0.00011201
6242,0.00011201
6243,0.00011201
6244,0.00011201
6245,0.00011201
6246,0.00011297
6247,0.00011297
6248,0.00011297
6249,0.00011297
6250,0.000113
6251,0.00011233
6252,0.00011233
6253,0.00011233
6254,0.00011228
6255,0.00011228
6256,0.00011228
6257,0.0001131
6258,0.0001131
6259,0.0001131
6260,0.0001131
6261,0.0001131
6262,0.0001131
6263,0.0001131
6264,0.0001131
6265,0.0001131
6266,0.0001131
6267,0.0001131
6268,0.0001131
6269,0.00011118
6270,0.00011118
6271,0.00011117
6272,0.00011117
6273,0.00011117
