0,2.246e-05
1,2.246e-05
2,2.246e-05
3,2.246e-05
4,2.246e-05
5,2.246e-05
6,2.246e-05
7,2.246e-05
8,2.246e-05
9,2.246e-05
10,2.246e-05
11,2.246e-05
12,2.246e-05
13,2.246e-05
14,2.246e-05
15,2.246e-05
16,2.229e-05
17,2.229e-05
18,2.229e-05
19,2.229e-05
20,2.229e-05
21,2.229e-05
22,2.228e-05
23,2.228e-05
24,2.228e-05
25,2.228e-05
26,2.228e-05
27,2.228e-05
28,2.229e-05
29,2.229e-05
30,2.229e-05
31,2.229e-05
32,2.229e-05
33,2.229e-05
34,2.229e-05
35,2.229e-05
36,2.229e-05
37,2.228e-05
38,2.228e-05
39,2.228e-05
40,2.228e-05
41,2.228e-05
42,2.228e-05
43,2.228e-05
44,2.228e-05
45,2.228e-05
46,2.228e-05
47,2.228e-05
48,2.228e-05
49,2.228e-05
50,2.228e-05
51,2.228e-05
52,2.246e-05
53,2.246e-05
54,2.246e-05
55,2.248e-05
56,2.248e-05
57,2.248e-05
58,2.248e-05
59,2.248e-05
60,2.248e-05
61,2.248e-05
62,2.248e-05
63,2.248e-05
64,2.248e-05
65,2.248e-05
66,2.248e-05
67,2.248e-05
68,2.248e-05
69,2.248e-05
70,2.248e-05
71,2.248e-05
72,2.248e-05
73,2.248e-05
74,2.248e-05
75,2.248e-05
76,2.248e-05
77,2.248e-05
78,2.248e-05
79,2.248e-05
80,2.248e-05
81,2.248e-05
82,2.248e-05
83,2.248e-05
84,2.248e-05
85,2.248e-05
86,2.248e-05
87,2.248e-05
88,2.248e-05
89,2.248e-05
90,2.248e-05
91,2.248e-05
92,2.248e-05
93,2.248e-05
94,2.248e-05
95,2.248e-05
96,2.248e-05
97,2.248e-05
98,2.248e-05
99,2.248e-05
100,2.248e-05
101,2.248e-05
102,2.248e-05
103,2.23e-05
104,2.23e-05
105,2.23e-05
106,2.23e-05
107,2.23e-05
108,2.23e-05
109,2.23e-05
110,2.23e-05
111,2.23e-05
112,2.23e-05
113,2.23e-05
114,2.23e-05
115,2.23e-05
116,2.23e-05
117,2.23e-05
118,2.23e-05
119,2.248e-05
120,2.248e-05
121,2.248e-05
122,2.248e-05
123,2.248e-05
124,2.248e-05
125,2.248e-05
126,2.248e-05
127,2.248e-05
128,2.248e-05
129,2.248e-05
130,2.248e-05
131,2.248e-05
132,2.248e-05
133,2.248e-05
134,2.248e-05
135,2.248e-05
136,2.248e-05
137,2.248e-05
138,2.248e-05
139,2.231e-05
140,2.231e-05
141,2.231e-05
142,2.231e-05
143,2.231e-05
144,2.231e-05
145,2.231e-05
146,2.248e-05
147,2.248e-05
148,2.231e-05
149,2.231e-05
150,2.231e-05
151,2.231e-05
152,2.231e-05
153,2.231e-05
154,2.231e-05
155,2.231e-05
156,2.231e-05
157,2.231e-05
158,2.231e-05
159,2.269e-05
160,2.269e-05
161,2.269e-05
162,2.265e-05
163,2.265e-05
164,2.265e-05
165,2.265e-05
166,2.259e-05
167,2.259e-05
168,2.259e-05
169,2.259e-05
170,2.259e-05
171,2.259e-05
172,2.259e-05
173,2.259e-05
174,2.259e-05
175,2.259e-05
176,2.259e-05
177,2.259e-05
178,2.259e-05
179,2.259e-05
180,2.263e-05
181,2.263e-05
182,2.263e-05
183,2.263e-05
184,2.263e-05
185,2.263e-05
186,2.263e-05
187,2.263e-05
188,2.263e-05
189,2.263e-05
190,2.263e-05
191,2.263e-05
192,2.263e-05
193,2.263e-05
194,2.263e-05
195,2.263e-05
196,2.233e-05
197,2.233e-05
198,2.233e-05
199,2.233e-05
200,2.251e-05
201,2.251e-05
202,2.251e-05
203,2.251e-05
204,2.251e-05
205,2.251e-05
206,2.251e-05
207,2.251e-05
208,2.251e-05
209,2.251e-05
210,2.251e-05
211,2.251e-05
212,2.251e-05
213,2.251e-05
214,2.251e-05
215,2.251e-05
216,2.251e-05
217,2.251e-05
218,2.251e-05
219,2.251e-05
220,2.251e-05
221,2.251e-05
222,2.251e-05
223,2.251e-05
224,2.251e-05
225,2.251e-05
226,2.251e-05
227,2.251e-05
228,2.251e-05
229,2.251e-05
230,2.251e-05
231,2.251e-05
232,2.251e-05
233,2.251e-05
234,2.251e-05
235,2.251e-05
236,2.251e-05
237,2.251e-05
238,2.251e-05
239,2.251e-05
240,2.251e-05
241,2.251e-05
242,2.251e-05
243,2.251e-05
244,2.251e-05
245,2.253e-05
246,2.253e-05
247,2.253e-05
248,2.253e-05
249,2.253e-05
250,2.253e-05
251,2.253e-05
252,2.253e-05
253,2.253e-05
254,2.253e-05
255,2.223e-05
256,2.223e-05
257,2.223e-05
258,2.223e-05
259,2.223e-05
260,2.223e-05
261,2.223e-05
262,2.223e-05
263,2.223e-05
264,2.223e-05
265,2.223e-05
266,2.224e-05
267,2.224e-05
268,2.265e-05
269,2.251e-05
270,2.251e-05
271,2.251e-05
272,2.251e-05
273,2.251e-05
274,2.251e-05
275,2.251e-05
276,2.267e-05
277,2.267e-05
278,2.267e-05
279,2.267e-05
280,2.267e-05
281,2.267e-05
282,2.267e-05
283,2.267e-05
284,2.267e-05
285,2.267e-05
286,2.267e-05
287,2.267e-05
288,2.266e-05
289,2.266e-05
290,2.266e-05
291,2.266e-05
292,2.266e-05
293,2.251e-05
294,2.251e-05
295,2.251e-05
296,2.251e-05
297,2.251e-05
298,2.251e-05
299,2.251e-05
300,2.251e-05
301,2.251e-05
302,2.251e-05
303,2.251e-05
304,2.251e-05
305,2.251e-05
306,2.251e-05
307,2.251e-05
308,2.251e-05
309,2.251e-05
310,2.251e-05
311,2.251e-05
312,2.251e-05
313,2.251e-05
314,2.251e-05
315,2.251e-05
316,2.251e-05
317,2.251e-05
318,2.251e-05
319,2.251e-05
320,2.251e-05
321,2.251e-05
322,2.251e-05
323,2.251e-05
324,2.243e-05
325,2.243e-05
326,2.243e-05
327,2.243e-05
328,2.243e-05
329,2.243e-05
330,2.243e-05
331,2.243e-05
332,2.243e-05
333,2.243e-05
334,2.243e-05
335,2.243e-05
336,2.243e-05
337,2.243e-05
338,2.243e-05
339,2.243e-05
340,2.243e-05
341,2.243e-05
342,2.243e-05
343,2.245e-05
344,2.245e-05
345,2.245e-05
346,2.227e-05
347,2.223e-05
348,2.247e-05
349,2.247e-05
350,2.247e-05
351,2.247e-05
352,2.247e-05
353,2.247e-05
354,2.247e-05
355,2.247e-05
356,2.247e-05
357,2.247e-05
358,2.247e-05
359,2.247e-05
360,2.247e-05
361,2.247e-05
362,2.247e-05
363,2.247e-05
364,2.247e-05
365,2.247e-05
366,2.247e-05
367,2.247e-05
368,2.247e-05
369,2.247e-05
370,2.245e-05
371,2.245e-05
372,2.245e-05
373,2.245e-05
374,2.245e-05
375,2.245e-05
376,2.245e-05
377,2.245e-05
378,2.245e-05
379,2.245e-05
380,2.245e-05
381,2.245e-05
382,2.245e-05
383,2.245e-05
384,2.245e-05
385,2.245e-05
386,2.245e-05
387,2.245e-05
388,2.245e-05
389,2.245e-05
390,2.245e-05
391,2.245e-05
392,2.245e-05
393,2.245e-05
394,2.245e-05
395,2.245e-05
396,2.245e-05
397,2.245e-05
398,2.245e-05
399,2.245e-05
400,2.245e-05
401,2.245e-05
402,2.245e-05
403,2.241e-05
404,2.241e-05
405,2.241e-05
406,2.241e-05
407,2.241e-05
408,2.241e-05
409,2.241e-05
410,2.241e-05
411,2.241e-05
412,2.241e-05
413,2.241e-05
414,2.241e-05
415,2.241e-05
416,2.241e-05
417,2.241e-05
418,2.241e-05
419,2.241e-05
420,2.241e-05
421,2.241e-05
422,2.241e-05
423,2.241e-05
424,2.241e-05
425,2.241e-05
426,2.241e-05
427,2.241e-05
428,2.241e-05
429,2.241e-05
430,2.241e-05
431,2.241e-05
432,2.224e-05
433,2.224e-05
434,2.224e-05
435,2.224e-05
436,2.224e-05
437,2.224e-05
438,2.224e-05
439,2.224e-05
440,2.224e-05
441,2.224e-05
442,2.224e-05
443,2.224e-05
444,2.224e-05
445,2.224e-05
446,2.224e-05
447,2.224e-05
448,2.224e-05
449,2.224e-05
450,2.224e-05
451,2.224e-05
452,2.224e-05
453,2.224e-05
454,2.249e-05
455,2.249e-05
456,2.249e-05
457,2.248e-05
458,2.248e-05
459,2.248e-05
460,2.248e-05
461,2.248e-05
462,2.248e-05
463,2.248e-05
464,2.248e-05
465,2.25e-05
466,2.25e-05
467,2.25e-05
468,2.25e-05
469,2.25e-05
470,2.251e-05
471,2.251e-05
472,2.251e-05
473,2.251e-05
474,2.251e-05
475,2.251e-05
476,2.251e-05
477,2.251e-05
478,2.251e-05
479,2.267e-05
480,2.267e-05
481,2.266e-05
482,2.266e-05
483,2.266e-05
484,2.266e-05
485,2.236e-05
486,2.236e-05
487,2.236e-05
488,2.236e-05
489,2.236e-05
490,2.236e-05
491,2.236e-05
492,2.236e-05
493,2.236e-05
494,2.236e-05
495,2.236e-05
496,2.236e-05
497,2.236e-05
498,2.236e-05
499,2.236e-05
500,2.236e-05
501,2.236e-05
502,2.236e-05
503,2.236e-05
504,2.236e-05
505,2.236e-05
506,2.236e-05
507,2.236e-05
508,2.236e-05
509,2.236e-05
510,2.236e-05
511,2.236e-05
512,2.236e-05
513,2.236e-05
514,2.236e-05
515,2.236e-05
516,2.236e-05
517,2.236e-05
518,2.236e-05
519,2.236e-05
520,2.236e-05
521,2.249e-05
522,2.249e-05
523,2.249e-05
524,2.249e-05
525,2.267e-05
526,2.267e-05
527,2.267e-05
528,2.267e-05
529,2.267e-05
530,2.267e-05
531,2.267e-05
532,2.267e-05
533,2.267e-05
534,2.267e-05
535,2.267e-05
536,2.267e-05
537,2.267e-05
538,2.267e-05
539,2.267e-05
540,2.267e-05
541,2.248e-05
542,2.248e-05
543,2.248e-05
544,2.248e-05
545,2.248e-05
546,2.248e-05
547,2.248e-05
548,2.249e-05
549,2.249e-05
550,2.249e-05
551,2.249e-05
552,2.249e-05
553,2.263e-05
554,2.263e-05
555,2.263e-05
556,2.263e-05
557,2.263e-05
558,2.263e-05
559,2.263e-05
560,2.263e-05
561,2.263e-05
562,2.263e-05
563,2.263e-05
564,2.263e-05
565,2.263e-05
566,2.248e-05
567,2.248e-05
568,2.248e-05
569,2.267e-05
570,2.267e-05
571,2.267e-05
572,2.267e-05
573,2.267e-05
574,2.249e-05
575,2.249e-05
576,2.249e-05
577,2.249e-05
578,2.249e-05
579,2.249e-05
580,2.249e-05
581,2.249e-05
582,2.249e-05
583,2.249e-05
584,2.249e-05
585,2.249e-05
586,2.249e-05
587,2.267e-05
588,2.267e-05
589,2.267e-05
590,2.267e-05
591,2.267e-05
592,2.267e-05
593,2.267e-05
594,2.267e-05
595,2.267e-05
596,2.267e-05
597,2.267e-05
598,2.267e-05
599,2.267e-05
600,2.267e-05
601,2.267e-05
602,2.267e-05
603,2.267e-05
604,2.267e-05
605,2.265e-05
606,2.265e-05
607,2.265e-05
608,2.265e-05
609,2.265e-05
610,2.265e-05
611,2.265e-05
612,2.24e-05
613,2.24e-05
614,2.24e-05
615,2.24e-05
616,2.24e-05
617,2.24e-05
618,2.24e-05
619,2.24e-05
620,2.24e-05
621,2.24e-05
622,2.24e-05
623,2.24e-05
624,2.24e-05
625,2.24e-05
626,2.24e-05
627,2.24e-05
628,2.24e-05
629,2.24e-05
630,2.24e-05
631,2.24e-05
632,2.24e-05
633,2.24e-05
634,2.24e-05
635,2.24e-05
636,2.24e-05
637,2.24e-05
638,2.24e-05
639,2.24e-05
640,2.24e-05
641,2.24e-05
642,2.24e-05
643,2.24e-05
644,2.24e-05
645,2.24e-05
646,2.24e-05
647,2.24e-05
648,2.24e-05
649,2.24e-05
650,2.24e-05
651,2.24e-05
652,2.24e-05
653,2.24e-05
654,2.237e-05
655,2.237e-05
656,2.24e-05
657,2.264e-05
658,2.264e-05
659,2.264e-05
660,2.264e-05
661,2.264e-05
662,2.269e-05
663,2.232e-05
664,2.232e-05
665,2.232e-05
666,2.232e-05
667,2.232e-05
668,2.232e-05
669,2.232e-05
670,2.232e-05
671,2.232e-05
672,2.232e-05
673,2.232e-05
674,2.232e-05
675,2.232e-05
676,2.232e-05
677,2.232e-05
678,2.232e-05
679,2.232e-05
680,2.232e-05
681,2.232e-05
682,2.232e-05
683,2.232e-05
684,2.232e-05
685,2.232e-05
686,2.232e-05
687,2.232e-05
688,2.232e-05
689,2.232e-05
690,2.232e-05
691,2.232e-05
692,2.232e-05
693,2.232e-05
694,2.232e-05
695,2.232e-05
696,2.232e-05
697,2.232e-05
698,2.232e-05
699,2.232e-05
700,2.232e-05
701,2.232e-05
702,2.232e-05
703,2.232e-05
704,2.232e-05
705,2.232e-05
706,2.232e-05
707,2.232e-05
708,2.232e-05
709,2.232e-05
710,2.232e-05
711,2.232e-05
712,2.232e-05
713,2.237e-05
714,2.237e-05
715,2.237e-05
716,2.237e-05
717,2.237e-05
718,2.237e-05
719,2.237e-05
720,2.237e-05
721,2.237e-05
722,2.237e-05
723,2.237e-05
724,2.237e-05
725,2.258e-05
726,2.258e-05
727,2.258e-05
728,2.258e-05
729,2.258e-05
730,2.258e-05
731,2.258e-05
732,2.258e-05
733,2.258e-05
734,2.258e-05
735,2.258e-05
736,2.258e-05
737,2.258e-05
738,2.258e-05
739,2.258e-05
740,2.266e-05
741,2.266e-05
742,2.266e-05
743,2.266e-05
744,2.266e-05
745,2.266e-05
746,2.266e-05
747,2.266e-05
748,2.266e-05
749,2.266e-05
750,2.266e-05
751,2.266e-05
752,2.258e-05
753,2.258e-05
754,2.258e-05
755,2.258e-05
756,2.258e-05
757,2.258e-05
758,2.258e-05
759,2.258e-05
760,2.258e-05
761,2.258e-05
762,2.258e-05
763,2.258e-05
764,2.258e-05
765,2.258e-05
766,2.258e-05
767,2.258e-05
768,2.258e-05
769,2.258e-05
770,2.258e-05
771,2.258e-05
772,2.258e-05
773,2.258e-05
774,2.258e-05
775,2.258e-05
776,2.252e-05
777,2.252e-05
778,2.252e-05
779,2.252e-05
780,2.252e-05
781,2.252e-05
782,2.252e-05
783,2.252e-05
784,2.252e-05
785,2.252e-05
786,2.252e-05
787,2.252e-05
788,2.252e-05
789,2.252e-05
790,2.265e-05
791,2.265e-05
792,2.265e-05
793,2.265e-05
794,2.265e-05
795,2.265e-05
796,2.265e-05
797,2.265e-05
798,2.265e-05
799,2.265e-05
800,2.265e-05
801,2.265e-05
802,2.265e-05
803,2.265e-05
804,2.265e-05
805,2.265e-05
806,2.265e-05
807,2.265e-05
808,2.265e-05
809,2.265e-05
810,2.265e-05
811,2.265e-05
812,2.252e-05
813,2.265e-05
814,2.265e-05
815,2.265e-05
816,2.265e-05
817,2.265e-05
818,2.265e-05
819,2.265e-05
820,2.265e-05
821,2.265e-05
822,2.265e-05
823,2.265e-05
824,2.265e-05
825,2.265e-05
826,2.265e-05
827,2.265e-05
828,2.265e-05
829,2.265e-05
830,2.265e-05
831,2.265e-05
832,2.265e-05
833,2.265e-05
834,2.265e-05
835,2.265e-05
836,2.265e-05
837,2.265e-05
838,2.265e-05
839,2.265e-05
840,2.265e-05
841,2.265e-05
842,2.265e-05
843,2.265e-05
844,2.265e-05
845,2.265e-05
846,2.265e-05
847,2.265e-05
848,2.265e-05
849,2.265e-05
850,2.265e-05
851,2.265e-05
852,2.265e-05
853,2.265e-05
854,2.265e-05
855,2.265e-05
856,2.265e-05
857,2.265e-05
858,2.265e-05
859,2.265e-05
860,2.265e-05
861,2.265e-05
862,2.265e-05
863,2.265e-05
864,2.265e-05
865,2.265e-05
866,2.265e-05
867,2.265e-05
868,2.265e-05
869,2.265e-05
870,2.265e-05
871,2.265e-05
872,2.265e-05
873,2.265e-05
874,2.265e-05
875,2.265e-05
876,2.265e-05
877,2.265e-05
878,2.265e-05
879,2.265e-05
880,2.265e-05
881,2.265e-05
882,2.265e-05
883,2.265e-05
884,2.265e-05
885,2.265e-05
886,2.265e-05
887,2.265e-05
888,2.265e-05
889,2.265e-05
890,2.265e-05
891,2.265e-05
892,2.265e-05
893,2.265e-05
894,2.265e-05
895,2.265e-05
896,2.265e-05
897,2.265e-05
898,2.265e-05
899,2.265e-05
900,2.265e-05
901,2.265e-05
902,2.265e-05
903,2.265e-05
904,2.265e-05
905,2.265e-05
906,2.265e-05
907,2.265e-05
908,2.265e-05
909,2.265e-05
910,2.265e-05
911,2.265e-05
912,2.265e-05
913,2.265e-05
914,2.265e-05
915,2.265e-05
916,2.265e-05
917,2.265e-05
918,2.265e-05
919,2.265e-05
920,2.265e-05
921,2.265e-05
922,2.265e-05
923,2.265e-05
924,2.265e-05
925,2.265e-05
926,2.265e-05
927,2.265e-05
928,2.265e-05
929,2.265e-05
930,2.27e-05
931,2.27e-05
932,2.27e-05
933,2.265e-05
934,2.265e-05
935,2.265e-05
936,2.265e-05
937,2.265e-05
938,2.265e-05
939,2.265e-05
940,2.265e-05
941,2.265e-05
942,2.265e-05
943,2.265e-05
944,2.265e-05
945,2.27e-05
946,2.27e-05
947,2.27e-05
948,2.27e-05
949,2.27e-05
950,2.27e-05
951,2.27e-05
952,2.27e-05
953,2.27e-05
954,2.27e-05
955,2.27e-05
956,2.27e-05
957,2.27e-05
958,2.27e-05
959,2.27e-05
960,2.243e-05
961,2.24e-05
962,2.238e-05
963,2.232e-05
964,2.232e-05
965,2.232e-05
966,2.232e-05
967,2.232e-05
968,2.232e-05
969,2.232e-05
970,2.232e-05
971,2.232e-05
972,2.232e-05
973,2.232e-05
974,2.232e-05
975,2.232e-05
976,2.232e-05
977,2.232e-05
978,2.232e-05
979,2.232e-05
980,2.232e-05
981,2.232e-05
982,2.232e-05
983,2.232e-05
984,2.232e-05
985,2.232e-05
986,2.232e-05
987,2.232e-05
988,2.232e-05
989,2.232e-05
990,2.252e-05
991,2.252e-05
992,2.252e-05
993,2.252e-05
994,2.252e-05
995,2.252e-05
996,2.252e-05
997,2.252e-05
998,2.252e-05
999,2.252e-05
1000,2.252e-05
1001,2.252e-05
1002,2.252e-05
1003,2.252e-05
1004,2.252e-05
1005,2.252e-05
1006,2.252e-05
1007,2.252e-05
1008,2.252e-05
1009,2.252e-05
1010,2.252e-05
1011,2.259e-05
1012,2.259e-05
1013,2.259e-05
1014,2.259e-05
1015,2.259e-05
1016,2.259e-05
1017,2.259e-05
1018,2.259e-05
1019,2.259e-05
1020,2.259e-05
1021,2.259e-05
1022,2.259e-05
1023,2.259e-05
1024,2.259e-05
1025,2.259e-05
1026,2.259e-05
1027,2.259e-05
1028,2.259e-05
1029,2.259e-05
1030,2.259e-05
1031,2.259e-05
1032,2.259e-05
1033,2.259e-05
1034,2.259e-05
1035,2.259e-05
1036,2.259e-05
1037,2.259e-05
1038,2.259e-05
1039,2.259e-05
1040,2.259e-05
1041,2.259e-05
1042,2.259e-05
1043,2.259e-05
1044,2.259e-05
1045,2.259e-05
1046,2.259e-05
1047,2.259e-05
1048,2.259e-05
1049,2.259e-05
1050,2.259e-05
1051,2.252e-05
1052,2.252e-05
1053,2.252e-05
1054,2.252e-05
1055,2.252e-05
1056,2.252e-05
1057,2.252e-05
1058,2.252e-05
1059,2.252e-05
1060,2.252e-05
1061,2.252e-05
1062,2.252e-05
1063,2.252e-05
1064,2.252e-05
1065,2.252e-05
1066,2.252e-05
1067,2.252e-05
1068,2.252e-05
1069,2.252e-05
1070,2.252e-05
1071,2.252e-05
1072,2.252e-05
1073,2.252e-05
1074,2.252e-05
1075,2.252e-05
1076,2.252e-05
1077,2.252e-05
1078,2.252e-05
1079,2.252e-05
1080,2.252e-05
1081,2.252e-05
1082,2.252e-05
1083,2.252e-05
1084,2.252e-05
1085,2.252e-05
1086,2.252e-05
1087,2.252e-05
1088,2.252e-05
1089,2.252e-05
1090,2.252e-05
1091,2.252e-05
1092,2.252e-05
1093,2.252e-05
1094,2.252e-05
1095,2.252e-05
1096,2.252e-05
1097,2.252e-05
1098,2.252e-05
1099,2.252e-05
1100,2.252e-05
1101,2.27e-05
1102,2.27e-05
1103,2.27e-05
1104,2.27e-05
1105,2.27e-05
1106,2.27e-05
1107,2.27e-05
1108,2.27e-05
1109,2.27e-05
1110,2.27e-05
1111,2.27e-05
1112,2.27e-05
1113,2.27e-05
1114,2.27e-05
1115,2.27e-05
1116,2.27e-05
1117,2.27e-05
1118,2.27e-05
1119,2.27e-05
1120,2.27e-05
1121,2.27e-05
1122,2.27e-05
1123,2.27e-05
1124,2.27e-05
1125,2.27e-05
1126,2.27e-05
1127,2.27e-05
1128,2.27e-05
1129,2.252e-05
1130,2.267e-05
1131,2.267e-05
1132,2.267e-05
1133,2.267e-05
1134,2.267e-05
1135,2.267e-05
1136,2.267e-05
1137,2.267e-05
1138,2.267e-05
1139,2.267e-05
1140,2.267e-05
1141,2.267e-05
1142,2.267e-05
1143,2.239e-05
1144,2.239e-05
1145,2.239e-05
1146,2.239e-05
1147,2.239e-05
1148,2.239e-05
1149,2.239e-05
1150,2.239e-05
1151,2.239e-05
1152,2.239e-05
1153,2.239e-05
1154,2.239e-05
1155,2.239e-05
1156,2.239e-05
1157,2.239e-05
1158,2.239e-05
1159,2.239e-05
1160,2.239e-05
1161,2.239e-05
1162,2.239e-05
1163,2.239e-05
1164,2.239e-05
1165,2.239e-05
1166,2.239e-05
1167,2.239e-05
1168,2.239e-05
1169,2.239e-05
1170,2.239e-05
1171,2.238e-05
1172,2.238e-05
1173,2.238e-05
1174,2.238e-05
1175,2.238e-05
1176,2.238e-05
1177,2.238e-05
1178,2.238e-05
1179,2.238e-05
1180,2.238e-05
1181,2.238e-05
1182,2.238e-05
1183,2.238e-05
1184,2.238e-05
1185,2.238e-05
1186,2.238e-05
1187,2.238e-05
1188,2.238e-05
1189,2.238e-05
1190,2.238e-05
1191,2.238e-05
1192,2.238e-05
1193,2.238e-05
1194,2.238e-05
1195,2.238e-05
1196,2.238e-05
1197,2.238e-05
1198,2.238e-05
1199,2.238e-05
1200,2.238e-05
1201,2.238e-05
1202,2.238e-05
1203,2.238e-05
1204,2.238e-05
1205,2.238e-05
1206,2.238e-05
1207,2.238e-05
1208,2.238e-05
1209,2.238e-05
1210,2.238e-05
1211,2.238e-05
1212,2.238e-05
1213,2.262e-05
1214,2.262e-05
1215,2.262e-05
1216,2.262e-05
1217,2.262e-05
1218,2.262e-05
1219,2.262e-05
1220,2.262e-05
1221,2.262e-05
1222,2.262e-05
1223,2.262e-05
1224,2.262e-05
1225,2.262e-05
1226,2.262e-05
1227,2.261e-05
1228,2.261e-05
1229,2.261e-05
1230,2.261e-05
1231,2.261e-05
1232,2.261e-05
1233,2.257e-05
1234,2.238e-05
1235,2.238e-05
1236,2.238e-05
1237,2.238e-05
1238,2.238e-05
1239,2.238e-05
1240,2.238e-05
1241,2.238e-05
1242,2.238e-05
1243,2.238e-05
1244,2.238e-05
1245,2.238e-05
1246,2.238e-05
1247,2.238e-05
1248,2.238e-05
1249,2.238e-05
1250,2.238e-05
1251,2.238e-05
1252,2.238e-05
1253,2.238e-05
1254,2.238e-05
1255,2.238e-05
1256,2.238e-05
1257,2.238e-05
1258,2.238e-05
1259,2.238e-05
1260,2.238e-05
1261,2.238e-05
1262,2.238e-05
1263,2.238e-05
1264,2.238e-05
1265,2.238e-05
1266,2.238e-05
1267,2.257e-05
1268,2.257e-05
1269,2.238e-05
1270,2.259e-05
1271,2.259e-05
1272,2.259e-05
1273,2.259e-05
1274,2.259e-05
1275,2.259e-05
1276,2.259e-05
1277,2.259e-05
1278,2.259e-05
1279,2.238e-05
1280,2.238e-05
1281,2.238e-05
1282,2.238e-05
1283,2.238e-05
1284,2.238e-05
1285,2.257e-05
1286,2.257e-05
1287,2.257e-05
1288,2.257e-05
1289,2.257e-05
1290,2.257e-05
1291,2.257e-05
1292,2.238e-05
1293,2.238e-05
1294,2.238e-05
1295,2.238e-05
1296,2.238e-05
1297,2.238e-05
1298,2.238e-05
1299,2.238e-05
1300,2.248e-05
1301,2.248e-05
1302,2.248e-05
1303,2.248e-05
1304,2.256e-05
1305,2.256e-05
1306,2.256e-05
1307,2.256e-05
1308,2.256e-05
1309,2.256e-05
1310,2.256e-05
1311,2.256e-05
1312,2.256e-05
1313,2.256e-05
1314,2.256e-05
1315,2.256e-05
1316,2.256e-05
1317,2.256e-05
1318,2.256e-05
1319,2.256e-05
1320,2.256e-05
1321,2.238e-05
1322,2.238e-05
1323,2.238e-05
1324,2.238e-05
1325,2.238e-05
1326,2.238e-05
1327,2.238e-05
1328,2.238e-05
1329,2.238e-05
1330,2.238e-05
1331,2.238e-05
1332,2.238e-05
1333,2.238e-05
1334,2.238e-05
1335,2.238e-05
1336,2.238e-05
1337,2.238e-05
1338,2.238e-05
1339,2.238e-05
1340,2.238e-05
1341,2.238e-05
1342,2.238e-05
1343,2.238e-05
1344,2.238e-05
1345,2.238e-05
1346,2.238e-05
1347,2.238e-05
1348,2.238e-05
1349,2.238e-05
1350,2.238e-05
1351,2.238e-05
1352,2.238e-05
1353,2.238e-05
1354,2.238e-05
1355,2.238e-05
1356,2.238e-05
1357,2.238e-05
1358,2.238e-05
1359,2.238e-05
1360,2.238e-05
1361,2.238e-05
1362,2.238e-05
1363,2.262e-05
1364,2.262e-05
1365,2.262e-05
1366,2.238e-05
1367,2.238e-05
1368,2.238e-05
1369,2.238e-05
1370,2.238e-05
1371,2.238e-05
1372,2.238e-05
1373,2.238e-05
1374,2.238e-05
1375,2.238e-05
1376,2.238e-05
1377,2.238e-05
1378,2.238e-05
1379,2.238e-05
1380,2.238e-05
1381,2.238e-05
1382,2.238e-05
1383,2.238e-05
1384,2.238e-05
1385,2.238e-05
1386,2.238e-05
1387,2.238e-05
1388,2.238e-05
1389,2.238e-05
1390,2.238e-05
1391,2.238e-05
1392,2.238e-05
1393,2.238e-05
1394,2.238e-05
1395,2.238e-05
1396,2.238e-05
1397,2.238e-05
1398,2.238e-05
1399,2.238e-05
1400,2.238e-05
1401,2.238e-05
1402,2.238e-05
1403,2.238e-05
1404,2.238e-05
1405,2.238e-05
1406,2.238e-05
1407,2.238e-05
1408,2.238e-05
1409,2.238e-05
1410,2.238e-05
1411,2.238e-05
1412,2.238e-05
1413,2.238e-05
1414,2.238e-05
1415,2.238e-05
1416,2.238e-05
1417,2.238e-05
1418,2.238e-05
1419,2.238e-05
1420,2.238e-05
1421,2.238e-05
1422,2.238e-05
1423,2.238e-05
1424,2.238e-05
1425,2.236e-05
1426,2.236e-05
1427,2.236e-05
1428,2.236e-05
1429,2.236e-05
1430,2.236e-05
1431,2.236e-05
1432,2.236e-05
1433,2.236e-05
1434,2.236e-05
1435,2.236e-05
1436,2.236e-05
1437,2.236e-05
1438,2.236e-05
1439,2.236e-05
1440,2.236e-05
1441,2.236e-05
1442,2.236e-05
1443,2.236e-05
1444,2.236e-05
1445,2.236e-05
1446,2.236e-05
1447,2.236e-05
1448,2.236e-05
1449,2.236e-05
1450,2.236e-05
1451,2.236e-05
1452,2.236e-05
1453,2.236e-05
1454,2.236e-05
1455,2.236e-05
1456,2.236e-05
1457,2.236e-05
1458,2.236e-05
1459,2.236e-05
1460,2.236e-05
1461,2.232e-05
1462,2.232e-05
1463,2.232e-05
1464,2.232e-05
1465,2.232e-05
1466,2.232e-05
1467,2.232e-05
1468,2.232e-05
1469,2.232e-05
1470,2.232e-05
1471,2.232e-05
1472,2.232e-05
1473,2.232e-05
1474,2.232e-05
1475,2.232e-05
1476,2.232e-05
1477,2.232e-05
1478,2.232e-05
1479,2.232e-05
1480,2.232e-05
1481,2.232e-05
1482,2.232e-05
1483,2.232e-05
1484,2.238e-05
1485,2.238e-05
1486,2.238e-05
1487,2.238e-05
1488,2.238e-05
1489,2.238e-05
1490,2.238e-05
1491,2.238e-05
1492,2.238e-05
1493,2.238e-05
1494,2.238e-05
1495,2.238e-05
1496,2.238e-05
1497,2.238e-05
1498,2.238e-05
1499,2.238e-05
1500,2.238e-05
1501,2.238e-05
1502,2.238e-05
1503,2.238e-05
1504,2.238e-05
1505,2.238e-05
1506,2.238e-05
1507,2.238e-05
1508,2.238e-05
1509,2.238e-05
1510,2.238e-05
1511,2.238e-05
1512,2.232e-05
1513,2.232e-05
1514,2.232e-05
1515,2.232e-05
1516,2.232e-05
1517,2.232e-05
1518,2.232e-05
1519,2.232e-05
1520,2.232e-05
1521,2.232e-05
1522,2.232e-05
1523,2.232e-05
1524,2.232e-05
1525,2.232e-05
1526,2.232e-05
1527,2.232e-05
1528,2.233e-05
1529,2.232e-05
1530,2.232e-05
1531,2.232e-05
1532,2.232e-05
1533,2.232e-05
1534,2.233e-05
1535,2.233e-05
1536,2.233e-05
1537,2.233e-05
1538,2.233e-05
1539,2.233e-05
1540,2.233e-05
1541,2.233e-05
1542,2.233e-05
1543,2.233e-05
1544,2.233e-05
1545,2.232e-05
1546,2.232e-05
1547,2.232e-05
1548,2.232e-05
1549,2.232e-05
1550,2.232e-05
1551,2.232e-05
1552,2.232e-05
1553,2.232e-05
1554,2.232e-05
1555,2.232e-05
1556,2.255e-05
1557,2.255e-05
1558,2.255e-05
1559,2.255e-05
1560,2.255e-05
1561,2.255e-05
1562,2.255e-05
1563,2.255e-05
1564,2.255e-05
1565,2.255e-05
1566,2.255e-05
1567,2.255e-05
1568,2.255e-05
1569,2.255e-05
1570,2.255e-05
1571,2.255e-05
1572,2.255e-05
1573,2.255e-05
1574,2.255e-05
1575,2.255e-05
1576,2.255e-05
1577,2.255e-05
1578,2.255e-05
1579,2.255e-05
1580,2.255e-05
1581,2.255e-05
1582,2.255e-05
1583,2.255e-05
1584,2.255e-05
1585,2.255e-05
1586,2.257e-05
1587,2.257e-05
1588,2.257e-05
1589,2.257e-05
1590,2.257e-05
1591,2.257e-05
1592,2.257e-05
1593,2.257e-05
1594,2.257e-05
1595,2.257e-05
1596,2.257e-05
1597,2.257e-05
1598,2.257e-05
1599,2.257e-05
1600,2.257e-05
1601,2.257e-05
1602,2.257e-05
1603,2.257e-05
1604,2.257e-05
1605,2.257e-05
1606,2.257e-05
1607,2.257e-05
1608,2.257e-05
1609,2.257e-05
1610,2.251e-05
1611,2.251e-05
1612,2.26e-05
1613,2.26e-05
1614,2.26e-05
1615,2.26e-05
1616,2.259e-05
1617,2.259e-05
1618,2.259e-05
1619,2.259e-05
1620,2.259e-05
1621,2.259e-05
1622,2.259e-05
1623,2.232e-05
1624,2.232e-05
1625,2.232e-05
1626,2.232e-05
1627,2.232e-05
1628,2.232e-05
1629,2.232e-05
1630,2.232e-05
1631,2.232e-05
1632,2.232e-05
1633,2.232e-05
1634,2.232e-05
1635,2.232e-05
1636,2.232e-05
1637,2.232e-05
1638,2.232e-05
1639,2.232e-05
1640,2.232e-05
1641,2.249e-05
1642,2.249e-05
1643,2.249e-05
1644,2.229e-05
1645,2.229e-05
1646,2.229e-05
1647,2.229e-05
1648,2.229e-05
1649,2.229e-05
1650,2.229e-05
1651,2.229e-05
1652,2.229e-05
1653,2.229e-05
1654,2.229e-05
1655,2.229e-05
1656,2.229e-05
1657,2.227e-05
1658,2.227e-05
1659,2.227e-05
1660,2.226e-05
1661,2.226e-05
1662,2.225e-05
1663,2.225e-05
1664,2.225e-05
1665,2.225e-05
1666,2.215e-05
1667,2.215e-05
1668,2.224e-05
1669,2.224e-05
1670,2.216e-05
1671,2.216e-05
1672,2.216e-05
1673,2.216e-05
1674,2.216e-05
1675,2.216e-05
1676,2.216e-05
1677,2.216e-05
1678,2.216e-05
1679,2.216e-05
1680,2.216e-05
1681,2.215e-05
1682,2.215e-05
1683,2.211e-05
1684,2.211e-05
1685,2.211e-05
1686,2.209e-05
1687,2.211e-05
1688,2.211e-05
1689,2.211e-05
1690,2.211e-05
1691,2.215e-05
1692,2.215e-05
1693,2.215e-05
1694,2.211e-05
1695,2.211e-05
1696,2.211e-05
1697,2.211e-05
1698,2.211e-05
1699,2.211e-05
1700,2.211e-05
1701,2.212e-05
1702,2.212e-05
1703,2.209e-05
1704,2.209e-05
1705,2.209e-05
1706,2.209e-05
1707,2.209e-05
1708,2.209e-05
1709,2.209e-05
1710,2.209e-05
1711,2.209e-05
1712,2.209e-05
1713,2.209e-05
1714,2.209e-05
1715,2.209e-05
1716,2.209e-05
1717,2.232e-05
1718,2.232e-05
1719,2.232e-05
1720,2.232e-05
1721,2.207e-05
1722,2.207e-05
1723,2.207e-05
1724,2.207e-05
1725,2.207e-05
1726,2.207e-05
1727,2.207e-05
1728,2.216e-05
1729,2.216e-05
1730,2.216e-05
1731,2.216e-05
1732,2.216e-05
1733,2.216e-05
1734,2.216e-05
1735,2.227e-05
1736,2.227e-05
1737,2.227e-05
1738,2.227e-05
1739,2.227e-05
1740,2.227e-05
1741,2.227e-05
1742,2.227e-05
1743,2.227e-05
1744,2.227e-05
1745,2.227e-05
1746,2.227e-05
1747,2.227e-05
1748,2.227e-05
1749,2.227e-05
1750,2.227e-05
1751,2.227e-05
1752,2.227e-05
1753,2.227e-05
1754,2.227e-05
1755,2.227e-05
1756,2.227e-05
1757,2.227e-05
1758,2.227e-05
1759,2.227e-05
1760,2.227e-05
1761,2.227e-05
1762,2.227e-05
1763,2.227e-05
1764,2.227e-05
1765,2.227e-05
1766,2.227e-05
1767,2.227e-05
1768,2.227e-05
1769,2.227e-05
1770,2.227e-05
1771,2.227e-05
1772,2.227e-05
1773,2.227e-05
1774,2.227e-05
1775,2.227e-05
1776,2.227e-05
1777,2.227e-05
1778,2.227e-05
1779,2.227e-05
1780,2.227e-05
1781,2.207e-05
1782,2.207e-05
1783,2.207e-05
1784,2.207e-05
1785,2.219e-05
1786,2.219e-05
1787,2.219e-05
1788,2.219e-05
1789,2.219e-05
1790,2.219e-05
1791,2.219e-05
1792,2.219e-05
1793,2.219e-05
1794,2.219e-05
1795,2.219e-05
1796,2.219e-05
1797,2.219e-05
1798,2.219e-05
1799,2.219e-05
1800,2.206e-05
1801,2.206e-05
1802,2.206e-05
1803,2.206e-05
1804,2.206e-05
1805,2.205e-05
1806,2.205e-05
1807,2.205e-05
1808,2.205e-05
1809,2.205e-05
1810,2.203e-05
1811,2.203e-05
1812,2.203e-05
1813,2.206e-05
1814,2.206e-05
1815,2.206e-05
1816,2.206e-05
1817,2.206e-05
1818,2.206e-05
1819,2.206e-05
1820,2.206e-05
1821,2.206e-05
1822,2.206e-05
1823,2.206e-05
1824,2.206e-05
1825,2.206e-05
1826,2.206e-05
1827,2.206e-05
1828,2.206e-05
1829,2.206e-05
1830,2.22e-05
1831,2.22e-05
1832,2.22e-05
1833,2.22e-05
1834,2.22e-05
1835,2.22e-05
1836,2.22e-05
1837,2.22e-05
1838,2.22e-05
1839,2.22e-05
1840,2.22e-05
1841,2.22e-05
1842,2.22e-05
1843,2.22e-05
1844,2.22e-05
1845,2.22e-05
1846,2.22e-05
1847,2.22e-05
1848,2.207e-05
1849,2.207e-05
1850,2.207e-05
1851,2.207e-05
1852,2.207e-05
1853,2.207e-05
1854,2.207e-05
1855,2.207e-05
1856,2.207e-05
1857,2.207e-05
1858,2.207e-05
1859,2.207e-05
1860,2.207e-05
1861,2.207e-05
1862,2.207e-05
1863,2.207e-05
1864,2.207e-05
1865,2.207e-05
1866,2.207e-05
1867,2.207e-05
1868,2.207e-05
1869,2.207e-05
1870,2.207e-05
1871,2.207e-05
1872,2.207e-05
1873,2.207e-05
1874,2.207e-05
1875,2.207e-05
1876,2.207e-05
1877,2.207e-05
1878,2.207e-05
1879,2.207e-05
1880,2.207e-05
1881,2.207e-05
1882,2.207e-05
1883,2.207e-05
1884,2.207e-05
1885,2.207e-05
1886,2.207e-05
1887,2.207e-05
1888,2.207e-05
1889,2.207e-05
1890,2.207e-05
1891,2.207e-05
1892,2.207e-05
1893,2.207e-05
1894,2.207e-05
1895,2.207e-05
1896,2.207e-05
1897,2.207e-05
1898,2.207e-05
1899,2.207e-05
1900,2.207e-05
1901,2.203e-05
1902,2.203e-05
1903,2.203e-05
1904,2.207e-05
1905,2.207e-05
1906,2.207e-05
1907,2.207e-05
1908,2.207e-05
1909,2.207e-05
1910,2.207e-05
1911,2.207e-05
1912,2.207e-05
1913,2.207e-05
1914,2.207e-05
1915,2.22e-05
1916,2.22e-05
1917,2.22e-05
1918,2.22e-05
1919,2.22e-05
1920,2.22e-05
1921,2.22e-05
1922,2.22e-05
1923,2.22e-05
1924,2.205e-05
1925,2.205e-05
1926,2.205e-05
1927,2.205e-05
1928,2.205e-05
1929,2.205e-05
1930,2.205e-05
1931,2.205e-05
1932,2.205e-05
1933,2.205e-05
1934,2.205e-05
1935,2.204e-05
1936,2.204e-05
1937,2.204e-05
1938,2.204e-05
1939,2.204e-05
1940,2.204e-05
1941,2.204e-05
1942,2.204e-05
1943,2.204e-05
1944,2.204e-05
1945,2.204e-05
1946,2.204e-05
1947,2.204e-05
1948,2.204e-05
1949,2.204e-05
1950,2.204e-05
1951,2.204e-05
1952,2.204e-05
1953,2.204e-05
1954,2.204e-05
1955,2.204e-05
1956,2.204e-05
1957,2.204e-05
1958,2.204e-05
1959,2.203e-05
1960,2.203e-05
1961,2.203e-05
1962,2.203e-05
1963,2.203e-05
1964,2.203e-05
1965,2.203e-05
1966,2.203e-05
1967,2.22e-05
1968,2.22e-05
1969,2.22e-05
1970,2.219e-05
1971,2.219e-05
1972,2.219e-05
1973,2.219e-05
1974,2.219e-05
1975,2.219e-05
1976,2.219e-05
1977,2.219e-05
1978,2.219e-05
1979,2.219e-05
1980,2.219e-05
1981,2.219e-05
1982,2.219e-05
1983,2.219e-05
1984,2.219e-05
1985,2.219e-05
1986,2.219e-05
1987,2.219e-05
1988,2.219e-05
1989,2.219e-05
1990,2.219e-05
1991,2.201e-05
1992,2.201e-05
1993,2.201e-05
1994,2.201e-05
1995,2.201e-05
1996,2.201e-05
1997,2.201e-05
1998,2.198e-05
1999,2.198e-05
2000,2.198e-05
2001,2.198e-05
2002,2.198e-05
2003,2.198e-05
2004,2.198e-05
2005,2.198e-05
2006,2.198e-05
2007,2.198e-05
2008,2.198e-05
2009,2.192e-05
2010,2.192e-05
2011,2.192e-05
2012,2.198e-05
2013,2.198e-05
2014,2.198e-05
2015,2.198e-05
2016,2.198e-05
2017,2.198e-05
2018,2.198e-05
2019,2.198e-05
2020,2.198e-05
2021,2.198e-05
2022,2.198e-05
2023,2.198e-05
2024,2.198e-05
2025,2.198e-05
2026,2.198e-05
2027,2.192e-05
2028,2.192e-05
2029,2.192e-05
2030,2.192e-05
2031,2.192e-05
2032,2.192e-05
2033,2.192e-05
2034,2.192e-05
2035,2.192e-05
2036,2.191e-05
2037,2.191e-05
2038,2.191e-05
2039,2.191e-05
2040,2.19e-05
2041,2.19e-05
2042,2.191e-05
2043,2.191e-05
2044,2.191e-05
2045,2.191e-05
2046,2.191e-05
2047,2.191e-05
2048,2.191e-05
2049,2.191e-05
2050,2.191e-05
2051,2.191e-05
2052,2.191e-05
2053,2.191e-05
2054,2.191e-05
2055,2.191e-05
2056,2.191e-05
2057,2.191e-05
2058,2.191e-05
2059,2.191e-05
2060,2.191e-05
2061,2.191e-05
2062,2.191e-05
2063,2.191e-05
2064,2.191e-05
2065,2.191e-05
2066,2.191e-05
2067,2.191e-05
2068,2.191e-05
2069,2.191e-05
2070,2.191e-05
2071,2.191e-05
2072,2.187e-05
2073,2.187e-05
2074,2.187e-05
2075,2.187e-05
2076,2.187e-05
2077,2.187e-05
2078,2.179e-05
2079,2.179e-05
2080,2.179e-05
2081,2.179e-05
2082,2.179e-05
2083,2.179e-05
2084,2.179e-05
2085,2.179e-05
2086,2.188e-05
2087,2.188e-05
2088,2.188e-05
2089,2.188e-05
2090,2.188e-05
2091,2.188e-05
2092,2.188e-05
2093,2.188e-05
2094,2.188e-05
2095,2.188e-05
2096,2.188e-05
2097,2.188e-05
2098,2.188e-05
2099,2.18e-05
2100,2.18e-05
2101,2.18e-05
2102,2.18e-05
2103,2.179e-05
2104,2.179e-05
2105,2.179e-05
2106,2.179e-05
2107,2.179e-05
2108,2.179e-05
2109,2.179e-05
2110,2.179e-05
2111,2.179e-05
2112,2.179e-05
2113,2.179e-05
2114,2.179e-05
2115,2.179e-05
2116,2.179e-05
2117,2.179e-05
2118,2.179e-05
2119,2.179e-05
2120,2.179e-05
2121,2.179e-05
2122,2.179e-05
2123,2.177e-05
2124,2.177e-05
2125,2.177e-05
2126,2.177e-05
2127,2.177e-05
2128,2.17e-05
2129,2.17e-05
2130,2.176e-05
2131,2.17e-05
2132,2.17e-05
2133,2.17e-05
2134,2.17e-05
2135,2.17e-05
2136,2.17e-05
2137,2.17e-05
2138,2.17e-05
2139,2.17e-05
2140,2.177e-05
2141,2.177e-05
2142,2.177e-05
2143,2.177e-05
2144,2.177e-05
2145,2.177e-05
2146,2.177e-05
2147,2.177e-05
2148,2.177e-05
2149,2.177e-05
2150,2.178e-05
2151,2.178e-05
2152,2.178e-05
2153,2.178e-05
2154,2.177e-05
2155,2.177e-05
2156,2.177e-05
2157,2.177e-05
2158,2.177e-05
2159,2.177e-05
2160,2.177e-05
2161,2.177e-05
2162,2.177e-05
2163,2.178e-05
2164,2.178e-05
2165,2.178e-05
2166,2.178e-05
2167,2.177e-05
2168,2.177e-05
2169,2.177e-05
2170,2.177e-05
2171,2.178e-05
2172,2.178e-05
2173,2.178e-05
2174,2.178e-05
2175,2.178e-05
2176,2.177e-05
2177,2.177e-05
2178,2.177e-05
2179,2.177e-05
2180,2.17e-05
2181,2.17e-05
2182,2.17e-05
2183,2.17e-05
2184,2.177e-05
2185,2.177e-05
2186,2.177e-05
2187,2.177e-05
2188,2.177e-05
2189,2.177e-05
2190,2.177e-05
2191,2.177e-05
2192,2.177e-05
2193,2.177e-05
2194,2.177e-05
2195,2.17e-05
2196,2.17e-05
2197,2.177e-05
2198,2.177e-05
2199,2.177e-05
2200,2.177e-05
2201,2.177e-05
2202,2.177e-05
2203,2.17e-05
2204,2.17e-05
2205,2.17e-05
2206,2.17e-05
2207,2.17e-05
2208,2.17e-05
2209,2.17e-05
2210,2.17e-05
2211,2.17e-05
2212,2.17e-05
2213,2.17e-05
2214,2.17e-05
2215,2.177e-05
2216,2.177e-05
2217,2.17e-05
2218,2.17e-05
2219,2.17e-05
2220,2.17e-05
2221,2.17e-05
2222,2.17e-05
2223,2.17e-05
2224,2.17e-05
2225,2.178e-05
2226,2.178e-05
2227,2.178e-05
2228,2.178e-05
2229,2.17e-05
2230,2.17e-05
2231,2.17e-05
2232,2.17e-05
2233,2.169e-05
2234,2.167e-05
2235,2.167e-05
2236,2.167e-05
2237,2.167e-05
2238,2.166e-05
2239,2.166e-05
2240,2.165e-05
2241,2.165e-05
2242,2.165e-05
2243,2.165e-05
2244,2.165e-05
2245,2.165e-05
2246,2.15e-05
2247,2.15e-05
2248,2.15e-05
2249,2.15e-05
2250,2.15e-05
2251,2.15e-05
2252,2.15e-05
2253,2.151e-05
2254,2.151e-05
2255,2.151e-05
2256,2.151e-05
2257,2.166e-05
2258,2.166e-05
2259,2.166e-05
2260,2.166e-05
2261,2.166e-05
2262,2.166e-05
2263,2.166e-05
2264,2.166e-05
2265,2.166e-05
2266,2.166e-05
2267,2.166e-05
2268,2.166e-05
2269,2.166e-05
2270,2.188e-05
2271,2.188e-05
2272,2.188e-05
2273,2.188e-05
2274,2.188e-05
2275,2.188e-05
2276,2.188e-05
2277,2.188e-05
2278,2.188e-05
2279,2.188e-05
2280,2.188e-05
2281,2.188e-05
2282,2.188e-05
2283,2.188e-05
2284,2.188e-05
2285,2.188e-05
2286,2.188e-05
2287,2.188e-05
2288,2.188e-05
2289,2.167e-05
2290,2.167e-05
2291,2.167e-05
2292,2.167e-05
2293,2.167e-05
2294,2.167e-05
2295,2.166e-05
2296,2.166e-05
2297,2.152e-05
2298,2.152e-05
2299,2.166e-05
2300,2.166e-05
2301,2.166e-05
2302,2.166e-05
2303,2.166e-05
2304,2.166e-05
2305,2.151e-05
2306,2.151e-05
2307,2.151e-05
2308,2.151e-05
2309,2.151e-05
2310,2.151e-05
2311,2.151e-05
2312,2.151e-05
2313,2.151e-05
2314,2.151e-05
2315,2.151e-05
2316,2.151e-05
2317,2.151e-05
2318,2.151e-05
2319,2.151e-05
2320,2.151e-05
2321,2.151e-05
2322,2.166e-05
2323,2.166e-05
2324,2.166e-05
2325,2.166e-05
2326,2.166e-05
2327,2.166e-05
2328,2.166e-05
2329,2.166e-05
2330,2.166e-05
2331,2.166e-05
2332,2.166e-05
2333,2.166e-05
2334,2.166e-05
2335,2.166e-05
2336,2.166e-05
2337,2.166e-05
2338,2.166e-05
2339,2.166e-05
2340,2.166e-05
2341,2.166e-05
2342,2.166e-05
2343,2.166e-05
2344,2.166e-05
2345,2.151e-05
2346,2.151e-05
2347,2.151e-05
2348,2.151e-05
2349,2.151e-05
2350,2.151e-05
2351,2.151e-05
2352,2.151e-05
2353,2.151e-05
2354,2.151e-05
2355,2.166e-05
2356,2.166e-05
2357,2.153e-05
2358,2.153e-05
2359,2.153e-05
2360,2.153e-05
2361,2.153e-05
2362,2.153e-05
2363,2.153e-05
2364,2.153e-05
2365,2.153e-05
2366,2.153e-05
2367,2.153e-05
2368,2.161e-05
2369,2.161e-05
2370,2.161e-05
2371,2.161e-05
2372,2.161e-05
2373,2.161e-05
2374,2.161e-05
2375,2.161e-05
2376,2.18e-05
2377,2.18e-05
2378,2.18e-05
2379,2.18e-05
2380,2.18e-05
2381,2.18e-05
2382,2.18e-05
2383,2.18e-05
2384,2.18e-05
2385,2.18e-05
2386,2.18e-05
2387,2.18e-05
2388,2.198e-05
2389,2.18e-05
2390,2.18e-05
2391,2.18e-05
2392,2.18e-05
2393,2.18e-05
2394,2.18e-05
2395,2.197e-05
2396,2.197e-05
2397,2.19e-05
2398,2.19e-05
2399,2.19e-05
2400,2.197e-05
2401,2.197e-05
2402,2.197e-05
2403,2.197e-05
2404,2.197e-05
2405,2.197e-05
2406,2.197e-05
2407,2.197e-05
2408,2.197e-05
2409,2.197e-05
2410,2.192e-05
2411,2.192e-05
2412,2.192e-05
2413,2.192e-05
2414,2.192e-05
2415,2.192e-05
2416,2.192e-05
2417,2.192e-05
2418,2.192e-05
2419,2.192e-05
2420,2.192e-05
2421,2.192e-05
2422,2.192e-05
2423,2.192e-05
2424,2.18e-05
2425,2.18e-05
2426,2.18e-05
2427,2.18e-05
2428,2.18e-05
2429,2.18e-05
2430,2.18e-05
2431,2.18e-05
2432,2.18e-05
2433,2.191e-05
2434,2.191e-05
2435,2.191e-05
2436,2.18e-05
2437,2.18e-05
2438,2.18e-05
2439,2.18e-05
2440,2.18e-05
2441,2.18e-05
2442,2.18e-05
2443,2.18e-05
2444,2.18e-05
2445,2.18e-05
2446,2.19e-05
2447,2.19e-05
2448,2.19e-05
2449,2.19e-05
2450,2.19e-05
2451,2.19e-05
2452,2.19e-05
2453,2.19e-05
2454,2.19e-05
2455,2.19e-05
2456,2.19e-05
2457,2.192e-05
2458,2.192e-05
2459,2.192e-05
2460,2.192e-05
2461,2.192e-05
2462,2.192e-05
2463,2.192e-05
2464,2.192e-05
2465,2.192e-05
2466,2.192e-05
2467,2.192e-05
2468,2.192e-05
2469,2.192e-05
2470,2.192e-05
2471,2.192e-05
2472,2.167e-05
2473,2.167e-05
2474,2.192e-05
2475,2.192e-05
2476,2.192e-05
2477,2.192e-05
2478,2.192e-05
2479,2.192e-05
2480,2.192e-05
2481,2.192e-05
2482,2.192e-05
2483,2.192e-05
2484,2.192e-05
2485,2.192e-05
2486,2.192e-05
2487,2.192e-05
2488,2.192e-05
2489,2.192e-05
2490,2.192e-05
2491,2.192e-05
2492,2.192e-05
2493,2.192e-05
2494,2.192e-05
2495,2.192e-05
2496,2.155e-05
2497,2.155e-05
2498,2.155e-05
2499,2.155e-05
2500,2.18e-05
2501,2.18e-05
2502,2.18e-05
2503,2.18e-05
2504,2.18e-05
2505,2.18e-05
2506,2.18e-05
2507,2.18e-05
2508,2.18e-05
2509,2.18e-05
2510,2.18e-05
2511,2.18e-05
2512,2.18e-05
2513,2.179e-05
2514,2.179e-05
2515,2.179e-05
2516,2.179e-05
2517,2.179e-05
2518,2.179e-05
2519,2.179e-05
2520,2.179e-05
2521,2.157e-05
2522,2.157e-05
2523,2.157e-05
2524,2.157e-05
2525,2.157e-05
2526,2.157e-05
2527,2.157e-05
2528,2.153e-05
2529,2.153e-05
2530,2.153e-05
2531,2.153e-05
2532,2.153e-05
2533,2.153e-05
2534,2.153e-05
2535,2.153e-05
2536,2.153e-05
2537,2.153e-05
2538,2.153e-05
2539,2.153e-05
2540,2.153e-05
2541,2.153e-05
2542,2.153e-05
2543,2.179e-05
2544,2.179e-05
2545,2.179e-05
2546,2.179e-05
2547,2.179e-05
2548,2.179e-05
2549,2.176e-05
2550,2.176e-05
2551,2.156e-05
2552,2.156e-05
2553,2.156e-05
2554,2.156e-05
2555,2.156e-05
2556,2.156e-05
2557,2.156e-05
2558,2.177e-05
2559,2.177e-05
2560,2.177e-05
2561,2.177e-05
2562,2.177e-05
2563,2.177e-05
2564,2.175e-05
2565,2.175e-05
2566,2.175e-05
2567,2.175e-05
2568,2.175e-05
2569,2.175e-05
2570,2.175e-05
2571,2.175e-05
2572,2.175e-05
2573,2.175e-05
2574,2.175e-05
2575,2.175e-05
2576,2.175e-05
2577,2.175e-05
2578,2.175e-05
2579,2.175e-05
2580,2.18e-05
2581,2.18e-05
2582,2.18e-05
2583,2.175e-05
2584,2.175e-05
2585,2.175e-05
2586,2.175e-05
2587,2.175e-05
2588,2.175e-05
2589,2.175e-05
2590,2.175e-05
2591,2.175e-05
2592,2.175e-05
2593,2.175e-05
2594,2.175e-05
2595,2.175e-05
2596,2.175e-05
2597,2.175e-05
2598,2.175e-05
2599,2.175e-05
2600,2.175e-05
2601,2.175e-05
2602,2.175e-05
2603,2.175e-05
2604,2.175e-05
2605,2.175e-05
2606,2.175e-05
2607,2.175e-05
2608,2.175e-05
2609,2.175e-05
2610,2.175e-05
2611,2.175e-05
2612,2.175e-05
2613,2.175e-05
2614,2.175e-05
2615,2.175e-05
2616,2.175e-05
2617,2.175e-05
2618,2.175e-05
2619,2.175e-05
2620,2.175e-05
2621,2.175e-05
2622,2.175e-05
2623,2.175e-05
2624,2.175e-05
2625,2.175e-05
2626,2.175e-05
2627,2.175e-05
2628,2.175e-05
2629,2.175e-05
2630,2.175e-05
2631,2.175e-05
2632,2.175e-05
2633,2.175e-05
2634,2.175e-05
2635,2.155e-05
2636,2.155e-05
2637,2.155e-05
2638,2.155e-05
2639,2.155e-05
2640,2.155e-05
2641,2.155e-05
2642,2.155e-05
2643,2.155e-05
2644,2.155e-05
2645,2.155e-05
2646,2.155e-05
2647,2.155e-05
2648,2.155e-05
2649,2.155e-05
2650,2.155e-05
2651,2.155e-05
2652,2.155e-05
2653,2.155e-05
2654,2.155e-05
2655,2.155e-05
2656,2.155e-05
2657,2.155e-05
2658,2.155e-05
2659,2.155e-05
2660,2.155e-05
2661,2.155e-05
2662,2.155e-05
2663,2.158e-05
2664,2.158e-05
2665,2.158e-05
2666,2.158e-05
2667,2.158e-05
2668,2.15e-05
2669,2.167e-05
2670,2.167e-05
2671,2.167e-05
2672,2.15e-05
2673,2.15e-05
2674,2.15e-05
2675,2.169e-05
2676,2.169e-05
2677,2.169e-05
2678,2.169e-05
2679,2.169e-05
2680,2.169e-05
2681,2.169e-05
2682,2.169e-05
2683,2.169e-05
2684,2.169e-05
2685,2.169e-05
2686,2.169e-05
2687,2.169e-05
2688,2.169e-05
2689,2.169e-05
2690,2.169e-05
2691,2.169e-05
2692,2.169e-05
2693,2.169e-05
2694,2.169e-05
2695,2.169e-05
2696,2.169e-05
2697,2.169e-05
2698,2.169e-05
2699,2.169e-05
2700,2.169e-05
2701,2.155e-05
2702,2.155e-05
2703,2.155e-05
2704,2.155e-05
2705,2.155e-05
2706,2.155e-05
2707,2.154e-05
2708,2.154e-05
2709,2.155e-05
2710,2.155e-05
2711,2.155e-05
2712,2.155e-05
2713,2.15e-05
2714,2.155e-05
2715,2.155e-05
2716,2.155e-05
2717,2.155e-05
2718,2.15e-05
2719,2.15e-05
2720,2.15e-05
2721,2.15e-05
2722,2.15e-05
2723,2.15e-05
2724,2.15e-05
2725,2.15e-05
2726,2.15e-05
2727,2.15e-05
2728,2.15e-05
2729,2.15e-05
2730,2.15e-05
2731,2.15e-05
2732,2.15e-05
2733,2.15e-05
2734,2.15e-05
2735,2.15e-05
2736,2.155e-05
2737,2.155e-05
2738,2.155e-05
2739,2.155e-05
2740,2.155e-05
2741,2.155e-05
2742,2.155e-05
2743,2.155e-05
2744,2.155e-05
2745,2.155e-05
2746,2.155e-05
2747,2.155e-05
2748,2.155e-05
2749,2.155e-05
2750,2.15e-05
2751,2.15e-05
2752,2.15e-05
2753,2.15e-05
2754,2.15e-05
2755,2.15e-05
2756,2.15e-05
2757,2.15e-05
2758,2.15e-05
2759,2.15e-05
2760,2.15e-05
2761,2.15e-05
2762,2.15e-05
2763,2.155e-05
2764,2.155e-05
2765,2.155e-05
2766,2.155e-05
2767,2.155e-05
2768,2.155e-05
2769,2.155e-05
2770,2.155e-05
2771,2.155e-05
2772,2.155e-05
2773,2.155e-05
2774,2.155e-05
2775,2.169e-05
2776,2.169e-05
2777,2.169e-05
2778,2.169e-05
2779,2.169e-05
2780,2.169e-05
2781,2.169e-05
2782,2.169e-05
2783,2.169e-05
2784,2.169e-05
2785,2.169e-05
2786,2.169e-05
2787,2.169e-05
2788,2.169e-05
2789,2.169e-05
2790,2.169e-05
2791,2.169e-05
2792,2.169e-05
2793,2.169e-05
2794,2.169e-05
2795,2.169e-05
2796,2.169e-05
2797,2.169e-05
2798,2.169e-05
2799,2.169e-05
2800,2.169e-05
2801,2.169e-05
2802,2.169e-05
2803,2.169e-05
2804,2.169e-05
2805,2.169e-05
2806,2.169e-05
2807,2.169e-05
2808,2.169e-05
2809,2.169e-05
2810,2.169e-05
2811,2.169e-05
2812,2.155e-05
2813,2.155e-05
2814,2.155e-05
2815,2.155e-05
2816,2.155e-05
2817,2.155e-05
2818,2.155e-05
2819,2.155e-05
2820,2.153e-05
2821,2.151e-05
2822,2.151e-05
2823,2.151e-05
2824,2.151e-05
2825,2.151e-05
2826,2.151e-05
2827,2.151e-05
2828,2.151e-05
2829,2.151e-05
2830,2.151e-05
2831,2.151e-05
2832,2.151e-05
2833,2.169e-05
2834,2.169e-05
2835,2.169e-05
2836,2.169e-05
2837,2.169e-05
2838,2.169e-05
2839,2.169e-05
2840,2.169e-05
2841,2.169e-05
2842,2.169e-05
2843,2.169e-05
2844,2.169e-05
2845,2.169e-05
2846,2.169e-05
2847,2.169e-05
2848,2.169e-05
2849,2.169e-05
2850,2.169e-05
2851,2.169e-05
2852,2.169e-05
2853,2.169e-05
2854,2.169e-05
2855,2.169e-05
2856,2.169e-05
2857,2.169e-05
2858,2.169e-05
2859,2.169e-05
2860,2.169e-05
2861,2.169e-05
2862,2.169e-05
2863,2.169e-05
2864,2.169e-05
2865,2.156e-05
2866,2.156e-05
2867,2.156e-05
2868,2.169e-05
2869,2.169e-05
2870,2.169e-05
2871,2.169e-05
2872,2.169e-05
2873,2.169e-05
2874,2.169e-05
2875,2.169e-05
2876,2.175e-05
2877,2.175e-05
2878,2.175e-05
2879,2.175e-05
2880,2.175e-05
2881,2.175e-05
2882,2.175e-05
2883,2.175e-05
2884,2.175e-05
2885,2.175e-05
2886,2.18e-05
2887,2.18e-05
2888,2.18e-05
2889,2.18e-05
2890,2.18e-05
2891,2.18e-05
2892,2.18e-05
2893,2.18e-05
2894,2.18e-05
2895,2.18e-05
2896,2.18e-05
2897,2.18e-05
2898,2.18e-05
2899,2.18e-05
2900,2.18e-05
2901,2.18e-05
2902,2.18e-05
2903,2.18e-05
2904,2.18e-05
2905,2.18e-05
2906,2.18e-05
2907,2.18e-05
2908,2.18e-05
2909,2.18e-05
2910,2.18e-05
2911,2.18e-05
2912,2.18e-05
2913,2.18e-05
2914,2.18e-05
2915,2.18e-05
2916,2.18e-05
2917,2.18e-05
2918,2.18e-05
2919,2.18e-05
2920,2.18e-05
2921,2.18e-05
2922,2.18e-05
2923,2.18e-05
2924,2.18e-05
2925,2.18e-05
2926,2.18e-05
2927,2.18e-05
2928,2.18e-05
2929,2.18e-05
2930,2.18e-05
2931,2.18e-05
2932,2.18e-05
2933,2.18e-05
2934,2.18e-05
2935,2.18e-05
2936,2.18e-05
2937,2.18e-05
2938,2.18e-05
2939,2.18e-05
2940,2.18e-05
2941,2.18e-05
2942,2.18e-05
2943,2.18e-05
2944,2.18e-05
2945,2.18e-05
2946,2.18e-05
2947,2.18e-05
2948,2.18e-05
2949,2.18e-05
2950,2.18e-05
2951,2.18e-05
2952,2.18e-05
2953,2.18e-05
2954,2.18e-05
2955,2.18e-05
2956,2.18e-05
2957,2.18e-05
2958,2.18e-05
2959,2.18e-05
2960,2.18e-05
2961,2.18e-05
2962,2.18e-05
2963,2.18e-05
2964,2.18e-05
2965,2.18e-05
2966,2.18e-05
2967,2.18e-05
2968,2.18e-05
2969,2.18e-05
2970,2.18e-05
2971,2.18e-05
2972,2.18e-05
2973,2.18e-05
2974,2.18e-05
2975,2.18e-05
2976,2.197e-05
2977,2.197e-05
2978,2.197e-05
2979,2.197e-05
2980,2.197e-05
2981,2.182e-05
2982,2.182e-05
2983,2.182e-05
2984,2.182e-05
2985,2.182e-05
2986,2.182e-05
2987,2.182e-05
2988,2.182e-05
2989,2.182e-05
2990,2.182e-05
2991,2.182e-05
2992,2.182e-05
2993,2.182e-05
2994,2.182e-05
2995,2.182e-05
2996,2.182e-05
2997,2.182e-05
2998,2.182e-05
2999,2.151e-05
3000,2.151e-05
3001,2.151e-05
3002,2.151e-05
3003,2.151e-05
3004,2.151e-05
3005,2.151e-05
3006,2.151e-05
3007,2.151e-05
3008,2.154e-05
3009,2.154e-05
3010,2.154e-05
3011,2.154e-05
3012,2.154e-05
3013,2.154e-05
3014,2.154e-05
3015,2.154e-05
3016,2.154e-05
3017,2.154e-05
3018,2.154e-05
3019,2.154e-05
3020,2.154e-05
3021,2.154e-05
3022,2.154e-05
3023,2.167e-05
3024,2.167e-05
3025,2.167e-05
3026,2.167e-05
3027,2.167e-05
3028,2.151e-05
3029,2.151e-05
3030,2.188e-05
3031,2.188e-05
3032,2.188e-05
3033,2.188e-05
3034,2.188e-05
3035,2.188e-05
3036,2.188e-05
3037,2.181e-05
3038,2.181e-05
3039,2.181e-05
3040,2.181e-05
3041,2.181e-05
3042,2.181e-05
3043,2.181e-05
3044,2.181e-05
3045,2.181e-05
3046,2.181e-05
3047,2.181e-05
3048,2.181e-05
3049,2.181e-05
3050,2.181e-05
3051,2.181e-05
3052,2.181e-05
3053,2.181e-05
3054,2.181e-05
3055,2.181e-05
3056,2.181e-05
3057,2.181e-05
3058,2.181e-05
3059,2.181e-05
3060,2.181e-05
3061,2.181e-05
3062,2.181e-05
3063,2.181e-05
3064,2.181e-05
3065,2.181e-05
3066,2.181e-05
3067,2.181e-05
3068,2.181e-05
3069,2.181e-05
3070,2.181e-05
3071,2.181e-05
3072,2.181e-05
3073,2.181e-05
3074,2.181e-05
3075,2.156e-05
3076,2.156e-05
3077,2.156e-05
3078,2.156e-05
3079,2.156e-05
3080,2.185e-05
3081,2.185e-05
3082,2.185e-05
3083,2.185e-05
3084,2.185e-05
3085,2.185e-05
3086,2.185e-05
3087,2.185e-05
3088,2.185e-05
3089,2.185e-05
3090,2.185e-05
3091,2.185e-05
3092,2.185e-05
3093,2.185e-05
3094,2.185e-05
3095,2.185e-05
3096,2.185e-05
3097,2.185e-05
3098,2.185e-05
3099,2.185e-05
3100,2.185e-05
3101,2.185e-05
3102,2.185e-05
3103,2.185e-05
3104,2.185e-05
3105,2.185e-05
3106,2.185e-05
3107,2.185e-05
3108,2.185e-05
3109,2.185e-05
3110,2.185e-05
3111,2.185e-05
3112,2.185e-05
3113,2.185e-05
3114,2.185e-05
3115,2.185e-05
3116,2.185e-05
3117,2.185e-05
3118,2.185e-05
3119,2.185e-05
3120,2.185e-05
3121,2.185e-05
3122,2.185e-05
3123,2.185e-05
3124,2.191e-05
3125,2.185e-05
3126,2.185e-05
3127,2.185e-05
3128,2.185e-05
3129,2.185e-05
3130,2.185e-05
3131,2.185e-05
3132,2.185e-05
3133,2.185e-05
3134,2.185e-05
3135,2.185e-05
3136,2.185e-05
3137,2.185e-05
3138,2.185e-05
3139,2.185e-05
3140,2.185e-05
3141,2.185e-05
3142,2.185e-05
3143,2.185e-05
3144,2.185e-05
3145,2.185e-05
3146,2.185e-05
3147,2.185e-05
3148,2.185e-05
3149,2.185e-05
3150,2.185e-05
3151,2.185e-05
3152,2.185e-05
3153,2.185e-05
3154,2.185e-05
3155,2.185e-05
3156,2.185e-05
3157,2.185e-05
3158,2.185e-05
3159,2.185e-05
3160,2.185e-05
3161,2.185e-05
3162,2.184e-05
3163,2.184e-05
3164,2.184e-05
3165,2.184e-05
3166,2.184e-05
3167,2.184e-05
3168,2.184e-05
3169,2.184e-05
3170,2.184e-05
3171,2.184e-05
3172,2.184e-05
3173,2.184e-05
3174,2.184e-05
3175,2.184e-05
3176,2.184e-05
3177,2.184e-05
3178,2.184e-05
3179,2.184e-05
3180,2.184e-05
3181,2.184e-05
3182,2.184e-05
3183,2.155e-05
3184,2.155e-05
3185,2.155e-05
3186,2.155e-05
3187,2.155e-05
3188,2.155e-05
3189,2.155e-05
3190,2.155e-05
3191,2.155e-05
3192,2.155e-05
3193,2.155e-05
3194,2.155e-05
3195,2.155e-05
3196,2.155e-05
3197,2.155e-05
3198,2.155e-05
3199,2.155e-05
3200,2.155e-05
3201,2.155e-05
3202,2.155e-05
3203,2.155e-05
3204,2.155e-05
3205,2.155e-05
3206,2.155e-05
3207,2.155e-05
3208,2.155e-05
3209,2.155e-05
3210,2.155e-05
3211,2.155e-05
3212,2.155e-05
3213,2.155e-05
3214,2.155e-05
3215,2.155e-05
3216,2.155e-05
3217,2.155e-05
3218,2.155e-05
3219,2.155e-05
3220,2.155e-05
3221,2.155e-05
3222,2.15e-05
3223,2.15e-05
3224,2.15e-05
3225,2.15e-05
3226,2.15e-05
3227,2.15e-05
3228,2.15e-05
3229,2.15e-05
3230,2.15e-05
3231,2.15e-05
3232,2.15e-05
3233,2.15e-05
3234,2.15e-05
3235,2.15e-05
3236,2.15e-05
3237,2.15e-05
3238,2.15e-05
3239,2.15e-05
3240,2.15e-05
3241,2.15e-05
3242,2.15e-05
3243,2.15e-05
3244,2.15e-05
3245,2.15e-05
3246,2.15e-05
3247,2.15e-05
3248,2.15e-05
3249,2.15e-05
3250,2.15e-05
3251,2.15e-05
3252,2.15e-05
3253,2.15e-05
3254,2.15e-05
3255,2.15e-05
3256,2.15e-05
3257,2.15e-05
3258,2.15e-05
3259,2.15e-05
3260,2.15e-05
3261,2.15e-05
3262,2.15e-05
3263,2.15e-05
3264,2.15e-05
3265,2.15e-05
3266,2.15e-05
3267,2.15e-05
3268,2.15e-05
3269,2.15e-05
3270,2.15e-05
3271,2.169e-05
3272,2.169e-05
3273,2.169e-05
3274,2.169e-05
3275,2.169e-05
3276,2.169e-05
3277,2.169e-05
3278,2.169e-05
3279,2.169e-05
3280,2.169e-05
3281,2.169e-05
3282,2.169e-05
3283,2.169e-05
3284,2.169e-05
3285,2.169e-05
3286,2.169e-05
3287,2.169e-05
3288,2.169e-05
3289,2.169e-05
3290,2.169e-05
3291,2.169e-05
3292,2.169e-05
3293,2.169e-05
3294,2.169e-05
3295,2.169e-05
3296,2.169e-05
3297,2.169e-05
3298,2.169e-05
3299,2.169e-05
3300,2.169e-05
3301,2.169e-05
3302,2.169e-05
3303,2.169e-05
3304,2.169e-05
3305,2.169e-05
3306,2.151e-05
3307,2.151e-05
3308,2.151e-05
3309,2.151e-05
3310,2.151e-05
3311,2.151e-05
3312,2.151e-05
3313,2.15e-05
3314,2.15e-05
3315,2.15e-05
3316,2.15e-05
3317,2.15e-05
3318,2.15e-05
3319,2.15e-05
3320,2.15e-05
3321,2.15e-05
3322,2.169e-05
3323,2.169e-05
3324,2.169e-05
3325,2.169e-05
3326,2.15e-05
3327,2.15e-05
3328,2.15e-05
3329,2.15e-05
3330,2.15e-05
3331,2.15e-05
3332,2.15e-05
3333,2.15e-05
3334,2.15e-05
3335,2.15e-05
3336,2.15e-05
3337,2.169e-05
3338,2.169e-05
3339,2.169e-05
3340,2.169e-05
3341,2.169e-05
3342,2.169e-05
3343,2.169e-05
3344,2.169e-05
3345,2.169e-05
3346,2.169e-05
3347,2.169e-05
3348,2.169e-05
3349,2.169e-05
3350,2.169e-05
3351,2.169e-05
3352,2.153e-05
3353,2.153e-05
3354,2.153e-05
3355,2.153e-05
3356,2.153e-05
3357,2.153e-05
3358,2.15e-05
3359,2.15e-05
3360,2.15e-05
3361,2.15e-05
3362,2.15e-05
3363,2.15e-05
3364,2.15e-05
3365,2.15e-05
3366,2.15e-05
3367,2.15e-05
3368,2.15e-05
3369,2.15e-05
3370,2.15e-05
3371,2.15e-05
3372,2.15e-05
3373,2.15e-05
3374,2.15e-05
3375,2.15e-05
3376,2.15e-05
3377,2.15e-05
3378,2.144e-05
3379,2.14e-05
3380,2.14e-05
3381,2.14e-05
3382,2.14e-05
3383,2.14e-05
3384,2.14e-05
3385,2.131e-05
3386,2.131e-05
3387,2.121e-05
3388,2.121e-05
3389,2.122e-05
3390,2.122e-05
3391,2.122e-05
3392,2.122e-05
3393,2.122e-05
3394,2.122e-05
3395,2.122e-05
3396,2.122e-05
3397,2.122e-05
3398,2.122e-05
3399,2.122e-05
3400,2.122e-05
3401,2.122e-05
3402,2.122e-05
3403,2.138e-05
3404,2.138e-05
3405,2.138e-05
3406,2.138e-05
3407,2.138e-05
3408,2.138e-05
3409,2.138e-05
3410,2.138e-05
3411,2.138e-05
3412,2.138e-05
3413,2.138e-05
3414,2.121e-05
3415,2.121e-05
3416,2.138e-05
3417,2.138e-05
3418,2.138e-05
3419,2.138e-05
3420,2.138e-05
3421,2.138e-05
3422,2.138e-05
3423,2.138e-05
3424,2.138e-05
3425,2.138e-05
3426,2.138e-05
3427,2.138e-05
3428,2.138e-05
3429,2.136e-05
3430,2.136e-05
3431,2.136e-05
3432,2.136e-05
3433,2.136e-05
3434,2.136e-05
3435,2.136e-05
3436,2.136e-05
3437,2.136e-05
3438,2.136e-05
3439,2.136e-05
3440,2.122e-05
3441,2.122e-05
3442,2.122e-05
3443,2.122e-05
3444,2.138e-05
3445,2.138e-05
3446,2.138e-05
3447,2.125e-05
3448,2.125e-05
3449,2.125e-05
3450,2.133e-05
3451,2.133e-05
3452,2.133e-05
3453,2.133e-05
3454,2.122e-05
3455,2.122e-05
3456,2.122e-05
3457,2.122e-05
3458,2.122e-05
3459,2.122e-05
3460,2.122e-05
3461,2.122e-05
3462,2.122e-05
3463,2.122e-05
3464,2.122e-05
3465,2.122e-05
3466,2.122e-05
3467,2.122e-05
3468,2.122e-05
3469,2.122e-05
3470,2.122e-05
3471,2.122e-05
3472,2.122e-05
3473,2.122e-05
3474,2.122e-05
3475,2.122e-05
3476,2.122e-05
3477,2.122e-05
3478,2.122e-05
3479,2.122e-05
3480,2.122e-05
3481,2.122e-05
3482,2.122e-05
3483,2.122e-05
3484,2.122e-05
3485,2.122e-05
3486,2.122e-05
3487,2.122e-05
3488,2.122e-05
3489,2.122e-05
3490,2.122e-05
3491,2.122e-05
3492,2.122e-05
3493,2.122e-05
3494,2.122e-05
3495,2.122e-05
3496,2.122e-05
3497,2.122e-05
3498,2.122e-05
3499,2.122e-05
3500,2.122e-05
3501,2.122e-05
3502,2.122e-05
3503,2.122e-05
3504,2.122e-05
3505,2.122e-05
3506,2.122e-05
3507,2.103e-05
3508,2.103e-05
3509,2.103e-05
3510,2.105e-05
3511,2.105e-05
3512,2.122e-05
3513,2.122e-05
3514,2.122e-05
3515,2.122e-05
3516,2.122e-05
3517,2.122e-05
3518,2.122e-05
3519,2.122e-05
3520,2.122e-05
3521,2.122e-05
3522,2.122e-05
3523,2.122e-05
3524,2.122e-05
3525,2.122e-05
3526,2.122e-05
3527,2.122e-05
3528,2.122e-05
3529,2.122e-05
3530,2.122e-05
3531,2.122e-05
3532,2.133e-05
3533,2.133e-05
3534,2.133e-05
3535,2.133e-05
3536,2.133e-05
3537,2.133e-05
3538,2.133e-05
3539,2.133e-05
3540,2.133e-05
3541,2.133e-05
3542,2.133e-05
3543,2.133e-05
3544,2.133e-05
3545,2.133e-05
3546,2.133e-05
3547,2.133e-05
3548,2.133e-05
3549,2.133e-05
3550,2.133e-05
3551,2.133e-05
3552,2.133e-05
3553,2.133e-05
3554,2.133e-05
3555,2.133e-05
3556,2.133e-05
3557,2.133e-05
3558,2.133e-05
3559,2.133e-05
3560,2.133e-05
3561,2.133e-05
3562,2.133e-05
3563,2.133e-05
3564,2.133e-05
3565,2.133e-05
3566,2.111e-05
3567,2.111e-05
3568,2.111e-05
3569,2.111e-05
3570,2.111e-05
3571,2.111e-05
3572,2.111e-05
3573,2.111e-05
3574,2.111e-05
3575,2.111e-05
3576,2.111e-05
3577,2.111e-05
3578,2.111e-05
3579,2.111e-05
3580,2.111e-05
3581,2.111e-05
3582,2.111e-05
3583,2.111e-05
3584,2.129e-05
3585,2.129e-05
3586,2.129e-05
3587,2.124e-05
3588,2.124e-05
3589,2.12e-05
3590,2.12e-05
3591,2.12e-05
3592,2.12e-05
3593,2.12e-05
3594,2.12e-05
3595,2.12e-05
3596,2.12e-05
3597,2.12e-05
3598,2.12e-05
3599,2.12e-05
3600,2.12e-05
3601,2.12e-05
3602,2.12e-05
3603,2.12e-05
3604,2.12e-05
3605,2.111e-05
3606,2.111e-05
3607,2.111e-05
3608,2.111e-05
3609,2.111e-05
3610,2.111e-05
3611,2.111e-05
3612,2.111e-05
3613,2.111e-05
3614,2.111e-05
3615,2.111e-05
3616,2.111e-05
3617,2.111e-05
3618,2.111e-05
3619,2.111e-05
3620,2.111e-05
3621,2.141e-05
3622,2.141e-05
3623,2.141e-05
3624,2.141e-05
3625,2.141e-05
3626,2.141e-05
3627,2.141e-05
3628,2.141e-05
3629,2.141e-05
3630,2.141e-05
3631,2.141e-05
3632,2.141e-05
3633,2.141e-05
3634,2.141e-05
3635,2.141e-05
3636,2.141e-05
3637,2.124e-05
3638,2.124e-05
3639,2.124e-05
3640,2.124e-05
3641,2.124e-05
3642,2.101e-05
3643,2.101e-05
3644,2.101e-05
3645,2.101e-05
3646,2.101e-05
3647,2.101e-05
3648,2.101e-05
3649,2.101e-05
3650,2.101e-05
3651,2.124e-05
3652,2.124e-05
3653,2.124e-05
3654,2.124e-05
3655,2.102e-05
3656,2.101e-05
3657,2.101e-05
3658,2.101e-05
3659,2.101e-05
3660,2.101e-05
3661,2.101e-05
3662,2.101e-05
3663,2.101e-05
3664,2.124e-05
3665,2.124e-05
3666,2.121e-05
3667,2.121e-05
3668,2.121e-05
3669,2.121e-05
3670,2.118e-05
3671,2.118e-05
3672,2.118e-05
3673,2.118e-05
3674,2.118e-05
3675,2.118e-05
3676,2.118e-05
3677,2.118e-05
3678,2.118e-05
3679,2.118e-05
3680,2.118e-05
3681,2.118e-05
3682,2.118e-05
3683,2.118e-05
3684,2.118e-05
3685,2.118e-05
3686,2.118e-05
3687,2.118e-05
3688,2.118e-05
3689,2.118e-05
3690,2.118e-05
3691,2.118e-05
3692,2.118e-05
3693,2.118e-05
3694,2.124e-05
3695,2.124e-05
3696,2.124e-05
3697,2.124e-05
3698,2.124e-05
3699,2.124e-05
3700,2.124e-05
3701,2.124e-05
3702,2.124e-05
3703,2.124e-05
3704,2.124e-05
3705,2.124e-05
3706,2.124e-05
3707,2.124e-05
3708,2.124e-05
3709,2.124e-05
3710,2.124e-05
3711,2.124e-05
3712,2.124e-05
3713,2.124e-05
3714,2.124e-05
3715,2.124e-05
3716,2.124e-05
3717,2.124e-05
3718,2.124e-05
3719,2.124e-05
3720,2.124e-05
3721,2.124e-05
3722,2.124e-05
3723,2.124e-05
3724,2.124e-05
3725,2.124e-05
3726,2.124e-05
3727,2.124e-05
3728,2.124e-05
3729,2.124e-05
3730,2.124e-05
3731,2.124e-05
3732,2.124e-05
3733,2.124e-05
3734,2.124e-05
3735,2.124e-05
3736,2.124e-05
3737,2.124e-05
3738,2.124e-05
3739,2.124e-05
3740,2.124e-05
3741,2.124e-05
3742,2.124e-05
3743,2.124e-05
3744,2.124e-05
3745,2.124e-05
3746,2.124e-05
3747,2.124e-05
3748,2.124e-05
3749,2.124e-05
3750,2.124e-05
3751,2.124e-05
3752,2.124e-05
3753,2.124e-05
3754,2.124e-05
3755,2.124e-05
3756,2.124e-05
3757,2.124e-05
3758,2.124e-05
3759,2.124e-05
3760,2.124e-05
3761,2.124e-05
3762,2.124e-05
3763,2.124e-05
3764,2.124e-05
3765,2.124e-05
3766,2.124e-05
3767,2.124e-05
3768,2.124e-05
3769,2.124e-05
3770,2.124e-05
3771,2.124e-05
3772,2.124e-05
3773,2.124e-05
3774,2.124e-05
3775,2.124e-05
3776,2.124e-05
3777,2.124e-05
3778,2.124e-05
3779,2.124e-05
3780,2.124e-05
3781,2.124e-05
3782,2.124e-05
3783,2.12e-05
3784,2.12e-05
3785,2.12e-05
3786,2.12e-05
3787,2.12e-05
3788,2.118e-05
3789,2.118e-05
3790,2.118e-05
3791,2.118e-05
3792,2.118e-05
3793,2.118e-05
3794,2.118e-05
3795,2.118e-05
3796,2.118e-05
3797,2.118e-05
3798,2.118e-05
3799,2.118e-05
3800,2.118e-05
3801,2.118e-05
3802,2.118e-05
3803,2.118e-05
3804,2.118e-05
3805,2.118e-05
3806,2.118e-05
3807,2.118e-05
3808,2.118e-05
3809,2.118e-05
3810,2.118e-05
3811,2.118e-05
3812,2.118e-05
3813,2.118e-05
3814,2.118e-05
3815,2.118e-05
3816,2.118e-05
3817,2.118e-05
3818,2.118e-05
3819,2.118e-05
3820,2.135e-05
3821,2.135e-05
3822,2.135e-05
3823,2.135e-05
3824,2.135e-05
3825,2.135e-05
3826,2.135e-05
3827,2.135e-05
3828,2.135e-05
3829,2.135e-05
3830,2.135e-05
3831,2.135e-05
3832,2.135e-05
3833,2.135e-05
3834,2.135e-05
3835,2.135e-05
3836,2.135e-05
3837,2.135e-05
3838,2.135e-05
3839,2.135e-05
3840,2.135e-05
3841,2.135e-05
3842,2.135e-05
3843,2.135e-05
3844,2.135e-05
3845,2.135e-05
3846,2.135e-05
3847,2.135e-05
3848,2.135e-05
3849,2.135e-05
3850,2.135e-05
3851,2.118e-05
3852,2.118e-05
3853,2.136e-05
3854,2.136e-05
3855,2.118e-05
3856,2.118e-05
3857,2.118e-05
3858,2.118e-05
3859,2.118e-05
3860,2.118e-05
3861,2.118e-05
3862,2.118e-05
3863,2.118e-05
3864,2.118e-05
3865,2.118e-05
3866,2.118e-05
3867,2.118e-05
3868,2.118e-05
3869,2.118e-05
3870,2.118e-05
3871,2.118e-05
3872,2.118e-05
3873,2.118e-05
3874,2.118e-05
3875,2.118e-05
3876,2.118e-05
3877,2.118e-05
3878,2.118e-05
3879,2.118e-05
3880,2.118e-05
3881,2.135e-05
3882,2.135e-05
3883,2.135e-05
3884,2.135e-05
3885,2.135e-05
3886,2.135e-05
3887,2.135e-05
3888,2.135e-05
3889,2.135e-05
3890,2.135e-05
3891,2.135e-05
3892,2.135e-05
3893,2.135e-05
3894,2.135e-05
3895,2.118e-05
3896,2.118e-05
3897,2.118e-05
3898,2.118e-05
3899,2.118e-05
3900,2.118e-05
3901,2.118e-05
3902,2.118e-05
3903,2.118e-05
3904,2.118e-05
3905,2.118e-05
3906,2.118e-05
3907,2.118e-05
3908,2.118e-05
3909,2.118e-05
3910,2.118e-05
3911,2.118e-05
3912,2.118e-05
3913,2.118e-05
3914,2.118e-05
3915,2.118e-05
3916,2.118e-05
3917,2.118e-05
3918,2.118e-05
3919,2.118e-05
3920,2.118e-05
3921,2.118e-05
3922,2.118e-05
3923,2.102e-05
3924,2.102e-05
3925,2.102e-05
3926,2.102e-05
3927,2.102e-05
3928,2.102e-05
3929,2.102e-05
3930,2.102e-05
3931,2.102e-05
3932,2.102e-05
3933,2.102e-05
3934,2.102e-05
3935,2.102e-05
3936,2.102e-05
3937,2.102e-05
3938,2.102e-05
3939,2.102e-05
3940,2.102e-05
3941,2.102e-05
3942,2.102e-05
3943,2.102e-05
3944,2.102e-05
3945,2.102e-05
3946,2.102e-05
3947,2.102e-05
3948,2.102e-05
3949,2.102e-05
3950,2.102e-05
3951,2.102e-05
3952,2.102e-05
3953,2.102e-05
3954,2.102e-05
3955,2.102e-05
3956,2.102e-05
3957,2.102e-05
3958,2.102e-05
3959,2.102e-05
3960,2.102e-05
3961,2.102e-05
3962,2.102e-05
3963,2.102e-05
3964,2.102e-05
3965,2.102e-05
3966,2.102e-05
3967,2.102e-05
3968,2.102e-05
3969,2.102e-05
3970,2.102e-05
3971,2.102e-05
3972,2.102e-05
3973,2.102e-05
3974,2.102e-05
3975,2.102e-05
3976,2.102e-05
3977,2.102e-05
3978,2.102e-05
3979,2.102e-05
3980,2.102e-05
3981,2.102e-05
3982,2.102e-05
3983,2.102e-05
3984,2.102e-05
3985,2.102e-05
3986,2.102e-05
3987,2.102e-05
3988,2.102e-05
3989,2.102e-05
3990,2.102e-05
3991,2.102e-05
3992,2.102e-05
3993,2.102e-05
3994,2.102e-05
3995,2.102e-05
3996,2.102e-05
3997,2.102e-05
3998,2.102e-05
3999,2.102e-05
4000,2.102e-05
4001,2.102e-05
4002,2.102e-05
4003,2.102e-05
4004,2.102e-05
4005,2.102e-05
4006,2.102e-05
4007,2.102e-05
4008,2.102e-05
4009,2.102e-05
4010,2.102e-05
4011,2.102e-05
4012,2.102e-05
4013,2.102e-05
4014,2.102e-05
4015,2.102e-05
4016,2.102e-05
4017,2.101e-05
4018,2.101e-05
4019,2.101e-05
4020,2.101e-05
4021,2.101e-05
4022,2.101e-05
4023,2.101e-05
4024,2.101e-05
4025,2.101e-05
4026,2.101e-05
4027,2.101e-05
4028,2.101e-05
4029,2.101e-05
4030,2.101e-05
4031,2.101e-05
4032,2.101e-05
4033,2.101e-05
4034,2.1e-05
4035,2.11e-05
4036,2.115e-05
4037,2.1e-05
4038,2.095e-05
4039,2.095e-05
4040,2.095e-05
4041,2.094e-05
4042,2.087e-05
4043,2.087e-05
4044,2.087e-05
4045,2.087e-05
4046,2.087e-05
4047,2.087e-05
4048,2.087e-05
4049,2.087e-05
4050,2.087e-05
4051,2.089e-05
4052,2.089e-05
4053,2.09e-05
4054,2.09e-05
4055,2.09e-05
4056,2.096e-05
4057,2.096e-05
4058,2.096e-05
4059,2.096e-05
4060,2.096e-05
4061,2.096e-05
4062,2.096e-05
4063,2.096e-05
4064,2.096e-05
4065,2.096e-05
4066,2.096e-05
4067,2.087e-05
4068,2.087e-05
4069,2.087e-05
4070,2.087e-05
4071,2.087e-05
4072,2.087e-05
4073,2.087e-05
4074,2.087e-05
4075,2.087e-05
4076,2.087e-05
4077,2.088e-05
4078,2.088e-05
4079,2.088e-05
4080,2.088e-05
4081,2.087e-05
4082,2.087e-05
4083,2.087e-05
4084,2.088e-05
4085,2.087e-05
4086,2.084e-05
4087,2.084e-05
4088,2.084e-05
4089,2.083e-05
4090,2.082e-05
4091,2.082e-05
4092,2.082e-05
4093,2.082e-05
4094,2.078e-05
4095,2.078e-05
4096,2.078e-05
4097,2.078e-05
4098,2.078e-05
4099,2.078e-05
4100,2.078e-05
4101,2.078e-05
4102,2.073e-05
4103,2.073e-05
4104,2.073e-05
4105,2.073e-05
4106,2.073e-05
4107,2.082e-05
4108,2.082e-05
4109,2.073e-05
4110,2.073e-05
4111,2.073e-05
4112,2.073e-05
4113,2.073e-05
4114,2.073e-05
4115,2.073e-05
4116,2.073e-05
4117,2.073e-05
4118,2.073e-05
4119,2.073e-05
4120,2.083e-05
4121,2.073e-05
4122,2.073e-05
4123,2.073e-05
4124,2.073e-05
4125,2.073e-05
4126,2.073e-05
4127,2.073e-05
4128,2.073e-05
4129,2.073e-05
4130,2.073e-05
4131,2.074e-05
4132,2.074e-05
4133,2.083e-05
4134,2.083e-05
4135,2.083e-05
4136,2.083e-05
4137,2.083e-05
4138,2.083e-05
4139,2.083e-05
4140,2.083e-05
4141,2.083e-05
4142,2.083e-05
4143,2.083e-05
4144,2.083e-05
4145,2.083e-05
4146,2.083e-05
4147,2.083e-05
4148,2.073e-05
4149,2.073e-05
4150,2.073e-05
4151,2.073e-05
4152,2.073e-05
4153,2.073e-05
4154,2.063e-05
4155,2.063e-05
4156,2.063e-05
4157,2.063e-05
4158,2.063e-05
4159,2.063e-05
4160,2.063e-05
4161,2.063e-05
4162,2.062e-05
4163,2.062e-05
4164,2.082e-05
4165,2.082e-05
4166,2.082e-05
4167,2.061e-05
4168,2.061e-05
4169,2.061e-05
4170,2.061e-05
4171,2.061e-05
4172,2.061e-05
4173,2.061e-05
4174,2.08e-05
4175,2.08e-05
4176,2.08e-05
4177,2.08e-05
4178,2.08e-05
4179,2.08e-05
4180,2.08e-05
4181,2.08e-05
4182,2.08e-05
4183,2.08e-05
4184,2.061e-05
4185,2.061e-05
4186,2.061e-05
4187,2.061e-05
4188,2.061e-05
4189,2.061e-05
4190,2.061e-05
4191,2.061e-05
4192,2.061e-05
4193,2.061e-05
4194,2.061e-05
4195,2.061e-05
4196,2.061e-05
4197,2.061e-05
4198,2.078e-05
4199,2.078e-05
4200,2.078e-05
4201,2.078e-05
4202,2.078e-05
4203,2.078e-05
4204,2.078e-05
4205,2.078e-05
4206,2.078e-05
4207,2.078e-05
4208,2.078e-05
4209,2.078e-05
4210,2.078e-05
4211,2.078e-05
4212,2.078e-05
4213,2.078e-05
4214,2.078e-05
4215,2.078e-05
4216,2.078e-05
4217,2.078e-05
4218,2.08e-05
4219,2.08e-05
4220,2.062e-05
4221,2.062e-05
4222,2.062e-05
4223,2.062e-05
4224,2.062e-05
4225,2.062e-05
4226,2.062e-05
4227,2.062e-05
4228,2.062e-05
4229,2.062e-05
4230,2.062e-05
4231,2.062e-05
4232,2.062e-05
4233,2.062e-05
4234,2.062e-05
4235,2.05e-05
4236,2.062e-05
4237,2.062e-05
4238,2.062e-05
4239,2.062e-05
4240,2.051e-05
4241,2.051e-05
4242,2.051e-05
4243,2.051e-05
4244,2.052e-05
4245,2.052e-05
4246,2.05e-05
4247,2.05e-05
4248,2.051e-05
4249,2.051e-05
4250,2.051e-05
4251,2.05e-05
4252,2.05e-05
4253,2.05e-05
4254,2.05e-05
4255,2.05e-05
4256,2.081e-05
4257,2.081e-05
4258,2.081e-05
4259,2.081e-05
4260,2.051e-05
4261,2.051e-05
4262,2.051e-05
4263,2.068e-05
4264,2.068e-05
4265,2.068e-05
4266,2.068e-05
4267,2.068e-05
4268,2.051e-05
4269,2.051e-05
4270,2.05e-05
4271,2.051e-05
4272,2.051e-05
4273,2.051e-05
4274,2.05e-05
4275,2.05e-05
4276,2.05e-05
4277,2.05e-05
4278,2.05e-05
4279,2.05e-05
4280,2.05e-05
4281,2.049e-05
4282,2.049e-05
4283,2.049e-05
4284,2.049e-05
4285,2.049e-05
4286,2.049e-05
4287,2.049e-05
4288,2.049e-05
4289,2.046e-05
4290,2.046e-05
4291,2.046e-05
4292,2.05e-05
4293,2.046e-05
4294,2.046e-05
4295,2.046e-05
4296,2.04e-05
4297,2.04e-05
4298,2.04e-05
4299,2.04e-05
4300,2.04e-05
4301,2.04e-05
4302,2.04e-05
4303,2.04e-05
4304,2.04e-05
4305,2.04e-05
4306,2.04e-05
4307,2.04e-05
4308,2.04e-05
4309,2.04e-05
4310,2.04e-05
4311,2.04e-05
4312,2.04e-05
4313,2.04e-05
4314,2.046e-05
4315,2.039e-05
4316,2.039e-05
4317,2.039e-05
4318,2.039e-05
4319,2.039e-05
4320,2.039e-05
4321,2.039e-05
4322,2.039e-05
4323,2.039e-05
4324,2.039e-05
4325,2.039e-05
4326,2.039e-05
4327,2.039e-05
4328,2.039e-05
4329,2.036e-05
4330,2.036e-05
4331,2.036e-05
4332,2.039e-05
4333,2.039e-05
4334,2.033e-05
4335,2.033e-05
4336,2.033e-05
4337,2.032e-05
4338,2.032e-05
4339,2.039e-05
4340,2.039e-05
4341,2.039e-05
4342,2.039e-05
4343,2.039e-05
4344,2.039e-05
4345,2.039e-05
4346,2.031e-05
4347,2.031e-05
4348,2.031e-05
4349,2.031e-05
4350,2.031e-05
4351,2.031e-05
4352,2.031e-05
4353,2.046e-05
4354,2.046e-05
4355,2.046e-05
4356,2.046e-05
4357,2.046e-05
4358,2.032e-05
4359,2.032e-05
4360,2.032e-05
4361,2.032e-05
4362,2.03e-05
4363,2.03e-05
4364,2.027e-05
4365,2.027e-05
4366,2.027e-05
4367,2.027e-05
4368,2.027e-05
4369,2.027e-05
4370,2.027e-05
4371,2.027e-05
4372,2.027e-05
4373,2.027e-05
4374,2.027e-05
4375,2.03e-05
4376,2.03e-05
4377,2.03e-05
4378,2.03e-05
4379,2.03e-05
4380,2.03e-05
4381,2.03e-05
4382,2.03e-05
4383,2.03e-05
4384,2.03e-05
4385,2.03e-05
4386,2.03e-05
4387,2.027e-05
4388,2.02e-05
4389,2.02e-05
4390,2.02e-05
4391,2.02e-05
4392,2.021e-05
4393,2.021e-05
4394,2.021e-05
4395,2.021e-05
4396,2.021e-05
4397,2.021e-05
4398,2.022e-05
4399,2.022e-05
4400,2.022e-05
4401,2.022e-05
4402,2.022e-05
4403,2.022e-05
4404,2.022e-05
4405,2.022e-05
4406,2.022e-05
4407,2.022e-05
4408,2.021e-05
4409,2.021e-05
4410,2.021e-05
4411,2.021e-05
4412,2.021e-05
4413,2.021e-05
4414,2.021e-05
4415,2.021e-05
4416,2.021e-05
4417,2.021e-05
4418,2.021e-05
4419,2.021e-05
4420,2.021e-05
4421,2.021e-05
4422,2.021e-05
4423,2.021e-05
4424,2.021e-05
4425,2.021e-05
4426,2.021e-05
4427,2.021e-05
4428,2.021e-05
4429,2.024e-05
4430,2.024e-05
4431,2.025e-05
4432,2.025e-05
4433,2.025e-05
4434,2.025e-05
4435,2.025e-05
4436,2.02e-05
4437,2.02e-05
4438,2.02e-05
4439,2.02e-05
4440,2.02e-05
4441,2.02e-05
4442,2.02e-05
4443,2.02e-05
4444,2.02e-05
4445,2.02e-05
4446,2.02e-05
4447,2.02e-05
4448,2.02e-05
4449,2.02e-05
4450,2.02e-05
4451,2.021e-05
4452,2.021e-05
4453,2.021e-05
4454,2.021e-05
4455,2.021e-05
4456,2.021e-05
4457,2.021e-05
4458,2.021e-05
4459,2.021e-05
4460,2.021e-05
4461,2.021e-05
4462,2.021e-05
4463,2.021e-05
4464,2.021e-05
4465,2.021e-05
4466,2.021e-05
4467,2.02e-05
4468,2.02e-05
4469,2.02e-05
4470,2.02e-05
4471,2.02e-05
4472,2.02e-05
4473,2.013e-05
4474,2.02e-05
4475,2.02e-05
4476,2.02e-05
4477,2.013e-05
4478,2.013e-05
4479,2.013e-05
4480,2.013e-05
4481,2.013e-05
4482,2.014e-05
4483,2.014e-05
4484,2.021e-05
4485,2.021e-05
4486,2.02e-05
4487,2.02e-05
4488,2.02e-05
4489,2.02e-05
4490,2.021e-05
4491,2.021e-05
4492,2.021e-05
4493,2.021e-05
4494,2.021e-05
4495,2.021e-05
4496,2.021e-05
4497,2.021e-05
4498,2.021e-05
4499,2.021e-05
4500,2.021e-05
4501,2.021e-05
4502,2.021e-05
4503,2.021e-05
4504,2.021e-05
4505,2.021e-05
4506,2.021e-05
4507,2.046e-05
4508,2.045e-05
4509,2.045e-05
4510,2.045e-05
4511,2.045e-05
4512,2.036e-05
4513,2.036e-05
4514,2.036e-05
4515,2.02e-05
4516,2.02e-05
4517,2.02e-05
4518,2.02e-05
4519,2.02e-05
4520,2.02e-05
4521,2.02e-05
4522,2.02e-05
4523,2.02e-05
4524,2.02e-05
4525,2.02e-05
4526,2.02e-05
4527,2.02e-05
4528,2.02e-05
4529,2.02e-05
4530,2.02e-05
4531,2.012e-05
4532,2.012e-05
4533,2.012e-05
4534,2.012e-05
4535,2.012e-05
4536,2.019e-05
4537,2.019e-05
4538,2.019e-05
4539,2.019e-05
4540,2.019e-05
4541,2.012e-05
4542,2.012e-05
4543,2.012e-05
4544,2.012e-05
4545,2.012e-05
4546,2.012e-05
4547,2.012e-05
4548,2.012e-05
4549,2.012e-05
4550,2.012e-05
4551,2.012e-05
4552,2.012e-05
4553,2.012e-05
4554,2.012e-05
4555,2.012e-05
4556,2.012e-05
4557,2.012e-05
4558,2.012e-05
4559,2.012e-05
4560,2.012e-05
4561,2.012e-05
4562,2.012e-05
4563,2.012e-05
4564,2.012e-05
4565,2.012e-05
4566,2.012e-05
4567,2.012e-05
4568,2.012e-05
4569,2.012e-05
4570,2.012e-05
4571,2.012e-05
4572,2.012e-05
4573,2.012e-05
4574,2.012e-05
4575,2.012e-05
4576,2.012e-05
4577,2.012e-05
4578,2.012e-05
4579,2.012e-05
4580,2.012e-05
4581,2.012e-05
4582,2.012e-05
4583,2.012e-05
4584,2.012e-05
4585,2.012e-05
4586,2.012e-05
4587,2.012e-05
4588,2.012e-05
4589,2.012e-05
4590,2.012e-05
4591,2.012e-05
4592,2.012e-05
4593,2.012e-05
4594,2.012e-05
4595,2.012e-05
4596,2.012e-05
4597,2.012e-05
4598,2.012e-05
4599,2.019e-05
4600,2.019e-05
4601,2.019e-05
4602,2.002e-05
4603,2.001e-05
4604,2.001e-05
4605,2.001e-05
4606,2e-05
4607,2e-05
4608,2e-05
4609,2e-05
4610,2e-05
4611,2e-05
4612,2e-05
4613,2e-05
4614,2e-05
4615,2e-05
4616,2e-05
4617,2e-05
4618,2e-05
4619,2.001e-05
4620,2.001e-05
4621,2.001e-05
4622,2e-05
4623,2e-05
4624,2e-05
4625,2e-05
4626,2e-05
4627,2e-05
4628,2e-05
4629,2e-05
4630,2e-05
4631,2e-05
4632,2e-05
4633,2.001e-05
4634,2.001e-05
4635,2.001e-05
4636,2.001e-05
4637,2.001e-05
4638,2.001e-05
4639,2.001e-05
4640,2.001e-05
4641,2.001e-05
4642,2.001e-05
4643,2.001e-05
4644,2.001e-05
4645,2.001e-05
4646,2.001e-05
4647,2.001e-05
4648,2.001e-05
4649,2.001e-05
4650,2.001e-05
4651,2.001e-05
4652,2.001e-05
4653,2.001e-05
4654,2.001e-05
4655,2.001e-05
4656,2e-05
4657,2e-05
4658,2e-05
4659,2e-05
4660,2e-05
4661,2e-05
4662,2e-05
4663,2e-05
4664,2e-05
4665,2e-05
4666,2e-05
4667,2e-05
4668,2e-05
4669,2e-05
4670,2e-05
4671,2e-05
4672,2e-05
4673,2e-05
4674,2e-05
4675,2e-05
4676,2e-05
4677,2e-05
4678,2e-05
4679,2e-05
4680,2e-05
4681,2e-05
4682,2e-05
4683,2e-05
4684,2e-05
4685,2e-05
4686,2e-05
4687,2e-05
4688,2e-05
4689,2e-05
4690,2e-05
4691,2.012e-05
4692,2.012e-05
4693,2.012e-05
4694,2.012e-05
4695,2.012e-05
4696,2.012e-05
4697,2.012e-05
4698,2.012e-05
4699,2.012e-05
4700,2.009e-05
4701,2.009e-05
4702,2.009e-05
4703,2.009e-05
4704,2.009e-05
4705,2.009e-05
4706,2.008e-05
4707,2e-05
4708,2e-05
4709,2e-05
4710,2e-05
4711,2e-05
4712,2e-05
4713,2e-05
4714,2e-05
4715,2.002e-05
4716,2.002e-05
4717,2.002e-05
4718,2.002e-05
4719,2.002e-05
4720,2.002e-05
4721,2.002e-05
4722,2.002e-05
4723,2.002e-05
4724,2.002e-05
4725,2.002e-05
4726,2.002e-05
4727,2.002e-05
4728,2.002e-05
4729,2.002e-05
4730,2.002e-05
4731,2.002e-05
4732,2.002e-05
4733,2.002e-05
4734,2.002e-05
4735,2.002e-05
4736,2.002e-05
4737,2.002e-05
4738,2.002e-05
4739,2.002e-05
4740,2.002e-05
4741,2.002e-05
4742,2.002e-05
4743,2.001e-05
4744,2.001e-05
4745,2.002e-05
4746,2.002e-05
4747,2.002e-05
4748,2.002e-05
4749,2.002e-05
4750,2.002e-05
4751,2.002e-05
4752,2.001e-05
4753,2.001e-05
4754,2.002e-05
4755,2.002e-05
4756,2.022e-05
4757,2e-05
4758,2e-05
4759,2e-05
4760,2e-05
4761,2e-05
4762,2e-05
4763,2.01e-05
4764,2.01e-05
4765,2.01e-05
4766,2.01e-05
4767,2.041e-05
4768,2.041e-05
4769,2.041e-05
4770,2.011e-05
4771,2.011e-05
4772,2.011e-05
4773,2.011e-05
4774,2.011e-05
4775,2.011e-05
4776,2.011e-05
4777,2.011e-05
4778,2.011e-05
4779,2.011e-05
4780,2.011e-05
4781,2.011e-05
4782,2.011e-05
4783,2.011e-05
4784,2.011e-05
4785,2e-05
4786,2e-05
4787,2e-05
4788,2e-05
4789,2.07e-05
4790,2.07e-05
4791,2.07e-05
4792,2.07e-05
4793,2.07e-05
4794,2.07e-05
4795,2.007e-05
4796,2.007e-05
4797,2.048e-05
4798,2.008e-05
4799,2.009e-05
4800,2.009e-05
4801,2.001e-05
4802,2.001e-05
4803,2.041e-05
4804,2.041e-05
4805,2.041e-05
4806,2.041e-05
4807,2.041e-05
4808,2.003e-05
4809,2.003e-05
4810,2.001e-05
4811,2.001e-05
4812,2.001e-05
4813,2.001e-05
4814,2.001e-05
4815,2.001e-05
4816,2.001e-05
4817,2.001e-05
4818,2.002e-05
4819,2.002e-05
4820,2.002e-05
4821,2.002e-05
4822,2.002e-05
4823,2.002e-05
4824,2.002e-05
4825,2.002e-05
4826,2.002e-05
4827,2.002e-05
4828,2.002e-05
4829,2.002e-05
4830,2.002e-05
4831,2.002e-05
4832,2.002e-05
4833,2.002e-05
4834,2.002e-05
4835,2.002e-05
4836,2.002e-05
4837,2.001e-05
4838,2e-05
4839,2e-05
4840,2e-05
4841,2e-05
4842,2e-05
4843,2e-05
4844,2e-05
4845,2e-05
4846,2e-05
4847,2e-05
4848,2e-05
4849,2e-05
4850,2.003e-05
4851,2.003e-05
4852,2.003e-05
4853,2.003e-05
4854,2.003e-05
4855,2.003e-05
4856,2.003e-05
4857,2.009e-05
4858,2.009e-05
4859,2.003e-05
4860,2.009e-05
4861,2.009e-05
4862,2.009e-05
4863,2.009e-05
4864,2.009e-05
4865,2.009e-05
4866,2.009e-05
4867,2.009e-05
4868,2.009e-05
4869,2.009e-05
4870,2.009e-05
4871,2.009e-05
4872,2.019e-05
4873,2.019e-05
4874,2.019e-05
4875,2.009e-05
4876,2.009e-05
4877,2.009e-05
4878,2.009e-05
4879,2.009e-05
4880,2.009e-05
4881,2.009e-05
4882,2.009e-05
4883,2.009e-05
4884,2.009e-05
4885,2.009e-05
4886,2.009e-05
4887,2.009e-05
4888,2.009e-05
4889,2.009e-05
4890,2.009e-05
4891,2.009e-05
4892,2.009e-05
4893,2.009e-05
4894,2.009e-05
4895,2.009e-05
4896,2.009e-05
4897,2.009e-05
4898,2.009e-05
4899,2.009e-05
4900,2.009e-05
4901,2.009e-05
4902,2.009e-05
4903,2.009e-05
4904,2.003e-05
4905,2.003e-05
4906,2.003e-05
4907,2.003e-05
4908,2.003e-05
4909,2.003e-05
4910,2.003e-05
4911,2e-05
4912,2e-05
4913,2.003e-05
4914,2.003e-05
4915,2.003e-05
4916,2.003e-05
4917,2.003e-05
4918,2.003e-05
4919,2.003e-05
4920,2.003e-05
4921,2.003e-05
4922,2.003e-05
4923,2.003e-05
4924,2.003e-05
4925,2e-05
4926,2e-05
4927,2e-05
4928,2e-05
4929,2e-05
4930,2e-05
4931,2e-05
4932,2e-05
4933,2e-05
4934,2e-05
4935,2e-05
4936,2e-05
4937,2.003e-05
4938,2.002e-05
4939,2.002e-05
4940,2.002e-05
4941,2.002e-05
4942,2.002e-05
4943,2.002e-05
4944,2.002e-05
4945,2.002e-05
4946,2.002e-05
4947,2.002e-05
4948,2.002e-05
4949,2.002e-05
4950,2.002e-05
4951,2.002e-05
4952,2.002e-05
4953,2.002e-05
4954,2.002e-05
4955,2.002e-05
4956,2.002e-05
4957,2.002e-05
4958,2.002e-05
4959,2.002e-05
4960,2.002e-05
4961,2.002e-05
4962,2.002e-05
4963,2.002e-05
4964,2.009e-05
4965,2.009e-05
4966,2.009e-05
4967,2.009e-05
4968,2.009e-05
4969,2.009e-05
4970,2.009e-05
4971,2.009e-05
4972,2.009e-05
4973,2.009e-05
4974,2.009e-05
4975,2.009e-05
4976,2.009e-05
4977,2.009e-05
4978,2.009e-05
4979,2.009e-05
4980,2.014e-05
4981,2.014e-05
4982,2.014e-05
4983,2.016e-05
4984,2.016e-05
4985,2.016e-05
4986,2.016e-05
4987,2.016e-05
4988,2.016e-05
4989,2.016e-05
4990,2.016e-05
4991,2.02e-05
4992,2.02e-05
4993,2.02e-05
4994,2.02e-05
4995,2.02e-05
4996,2.02e-05
4997,2.02e-05
4998,2.02e-05
4999,2.02e-05
5000,2.02e-05
5001,2.02e-05
5002,2.02e-05
5003,2.02e-05
5004,2.02e-05
5005,2.02e-05
5006,2.02e-05
5007,2.018e-05
5008,2.018e-05
5009,2.018e-05
5010,2.018e-05
5011,2.018e-05
5012,2.018e-05
5013,2.018e-05
5014,2.018e-05
5015,2.018e-05
5016,2.018e-05
5017,2.018e-05
5018,2.022e-05
5019,2.022e-05
5020,2.022e-05
5021,2.022e-05
5022,2.022e-05
5023,2.022e-05
5024,2.017e-05
5025,2.017e-05
5026,2.017e-05
5027,2.017e-05
5028,2.03e-05
5029,2.03e-05
5030,2.03e-05
5031,2.03e-05
5032,2.03e-05
5033,2.03e-05
5034,2.03e-05
5035,2.03e-05
5036,2.03e-05
5037,2.03e-05
5038,2.03e-05
5039,2.03e-05
5040,2.038e-05
5041,2.038e-05
5042,2.004e-05
5043,2.004e-05
5044,2.004e-05
5045,2.004e-05
5046,2.044e-05
5047,2.043e-05
5048,2.043e-05
5049,2.043e-05
5050,2.043e-05
5051,2.049e-05
5052,2.049e-05
5053,2.049e-05
5054,2.049e-05
5055,2.049e-05
5056,2.049e-05
5057,2.049e-05
5058,2.049e-05
5059,2.049e-05
5060,2.049e-05
5061,2.049e-05
5062,2.049e-05
5063,2.049e-05
5064,2.012e-05
5065,2.012e-05
5066,2.012e-05
5067,2.012e-05
5068,2.012e-05
5069,2.012e-05
5070,2.012e-05
5071,2.012e-05
5072,2.012e-05
5073,2.012e-05
5074,2.012e-05
5075,2.012e-05
5076,2.012e-05
5077,2.012e-05
5078,2.012e-05
5079,2.012e-05
5080,2.012e-05
5081,2.012e-05
5082,2.012e-05
5083,2.012e-05
5084,2.012e-05
5085,2.012e-05
5086,2.012e-05
5087,2.012e-05
5088,2.012e-05
5089,2.012e-05
5090,2.012e-05
5091,2.012e-05
5092,2.012e-05
5093,2.012e-05
5094,2.012e-05
5095,2.012e-05
5096,2.012e-05
5097,2.012e-05
5098,2.012e-05
5099,2.012e-05
5100,2.012e-05
5101,2.036e-05
5102,2.036e-05
5103,2.036e-05
5104,2.036e-05
5105,2.036e-05
5106,2.036e-05
5107,2.036e-05
5108,2.036e-05
5109,2.036e-05
5110,2.036e-05
5111,2.078e-05
5112,2.036e-05
5113,2.036e-05
5114,2.036e-05
5115,2.041e-05
5116,2.041e-05
5117,2.041e-05
5118,2.041e-05
5119,2.039e-05
5120,2.039e-05
5121,2.039e-05
5122,2.039e-05
5123,2.039e-05
5124,2.046e-05
5125,2.046e-05
5126,2.046e-05
5127,2.046e-05
5128,2.046e-05
5129,2.046e-05
5130,2.046e-05
5131,2.046e-05
5132,2.046e-05
5133,2.046e-05
5134,2.046e-05
5135,2.044e-05
5136,2.058e-05
5137,2.031e-05
5138,2.027e-05
5139,2.027e-05
5140,2.027e-05
5141,2.027e-05
5142,2.027e-05
5143,2.027e-05
5144,2.027e-05
5145,2.027e-05
5146,2.027e-05
5147,2.027e-05
5148,2.027e-05
5149,2.027e-05
5150,2.027e-05
5151,2.027e-05
5152,2.027e-05
5153,2.027e-05
5154,2.027e-05
5155,2.031e-05
5156,2.031e-05
5157,2.031e-05
5158,2.031e-05
5159,2.031e-05
5160,2.031e-05
5161,2.031e-05
5162,2.031e-05
5163,2.031e-05
5164,2.031e-05
5165,2.031e-05
5166,2.031e-05
5167,2.031e-05
5168,2.031e-05
5169,2.031e-05
5170,2.031e-05
5171,2.026e-05
5172,2.026e-05
5173,2.026e-05
5174,2.026e-05
5175,2.026e-05
5176,2.026e-05
5177,2.026e-05
5178,2.026e-05
5179,2.026e-05
5180,2.026e-05
5181,2.026e-05
5182,2.026e-05
5183,2.026e-05
5184,2.048e-05
5185,2.048e-05
5186,2.053e-05
5187,2.061e-05
5188,2.061e-05
5189,2.074e-05
5190,2.074e-05
5191,2.074e-05
5192,2.074e-05
5193,2.074e-05
5194,2.074e-05
5195,2.074e-05
5196,2.074e-05
5197,2.074e-05
5198,2.074e-05
5199,2.074e-05
5200,2.074e-05
5201,2.05e-05
5202,2.05e-05
5203,2.05e-05
5204,2.034e-05
5205,2.034e-05
5206,2.04e-05
5207,2.063e-05
5208,2.063e-05
5209,2.063e-05
5210,2.037e-05
5211,2.037e-05
5212,2.037e-05
5213,2.037e-05
5214,2.037e-05
5215,2.037e-05
5216,2.037e-05
5217,2.037e-05
5218,2.037e-05
5219,2.026e-05
5220,2.026e-05
5221,2.026e-05
5222,2.026e-05
5223,2.026e-05
5224,2.064e-05
5225,2.064e-05
5226,2.064e-05
5227,2.064e-05
5228,2.064e-05
5229,2.064e-05
5230,2.064e-05
5231,2.064e-05
5232,2.062e-05
5233,2.062e-05
5234,2.062e-05
5235,2.062e-05
5236,2.062e-05
5237,2.062e-05
5238,2.062e-05
5239,2.058e-05
5240,2.058e-05
5241,2.058e-05
5242,2.034e-05
5243,2.034e-05
5244,2.034e-05
5245,2.034e-05
5246,2.034e-05
5247,2.034e-05
5248,2.034e-05
5249,2.034e-05
5250,2.034e-05
5251,2.034e-05
5252,2.034e-05
5253,2.034e-05
5254,2.034e-05
5255,2.034e-05
5256,2.06e-05
5257,2.06e-05
5258,2.06e-05
5259,2.06e-05
5260,2.025e-05
5261,2.025e-05
5262,2.025e-05
5263,2.025e-05
5264,2.025e-05
5265,2.025e-05
5266,2.028e-05
5267,2.028e-05
5268,2.028e-05
5269,2.028e-05
5270,2.031e-05
5271,2.031e-05
5272,2.031e-05
5273,2.031e-05
5274,2.031e-05
5275,2.031e-05
5276,2.031e-05
5277,2.031e-05
5278,2.031e-05
5279,2.031e-05
5280,2.031e-05
5281,2.031e-05
5282,2.031e-05
5283,2.031e-05
5284,2.031e-05
5285,2.031e-05
5286,2.028e-05
5287,2.028e-05
5288,2.028e-05
5289,2.028e-05
5290,2.028e-05
5291,2.028e-05
5292,2.028e-05
5293,2.028e-05
5294,2.028e-05
5295,2.028e-05
5296,2.028e-05
5297,2.028e-05
5298,2.028e-05
5299,2.03e-05
5300,2.03e-05
5301,2.03e-05
5302,2.03e-05
5303,2.03e-05
5304,2.03e-05
5305,2.03e-05
5306,2.03e-05
5307,2.03e-05
5308,2.03e-05
5309,2.03e-05
5310,2.03e-05
5311,2.059e-05
5312,2.059e-05
5313,2.059e-05
5314,2.059e-05
5315,2.059e-05
5316,2.059e-05
5317,2.059e-05
5318,2.059e-05
5319,2.059e-05
5320,2.059e-05
5321,2.059e-05
5322,2.058e-05
5323,2.058e-05
5324,2.058e-05
5325,2.058e-05
5326,2.058e-05
5327,2.058e-05
5328,2.061e-05
5329,2.061e-05
5330,2.061e-05
5331,2.061e-05
5332,2.061e-05
5333,2.061e-05
5334,2.061e-05
5335,2.061e-05
5336,2.062e-05
5337,2.062e-05
5338,2.062e-05
5339,2.062e-05
5340,2.062e-05
5341,2.062e-05
5342,2.062e-05
5343,2.062e-05
5344,2.062e-05
5345,2.064e-05
5346,2.064e-05
5347,2.064e-05
5348,2.064e-05
5349,2.062e-05
5350,2.062e-05
5351,2.062e-05
5352,2.062e-05
5353,2.062e-05
5354,2.062e-05
5355,2.062e-05
5356,2.062e-05
5357,2.062e-05
5358,2.062e-05
5359,2.062e-05
5360,2.064e-05
5361,2.064e-05
5362,2.064e-05
5363,2.066e-05
5364,2.066e-05
5365,2.066e-05
5366,2.066e-05
5367,2.066e-05
5368,2.066e-05
5369,2.066e-05
5370,2.066e-05
5371,2.066e-05
5372,2.066e-05
5373,2.066e-05
5374,2.066e-05
5375,2.066e-05
5376,2.066e-05
5377,2.066e-05
5378,2.066e-05
5379,2.066e-05
5380,2.092e-05
5381,2.092e-05
5382,2.092e-05
5383,2.092e-05
5384,2.092e-05
5385,2.092e-05
5386,2.092e-05
5387,2.095e-05
5388,2.095e-05
5389,2.092e-05
5390,2.092e-05
5391,2.092e-05
5392,2.092e-05
5393,2.092e-05
5394,2.092e-05
5395,2.092e-05
5396,2.093e-05
5397,2.093e-05
5398,2.092e-05
5399,2.092e-05
5400,2.092e-05
5401,2.092e-05
5402,2.092e-05
5403,2.092e-05
5404,2.092e-05
5405,2.092e-05
5406,2.092e-05
5407,2.092e-05
5408,2.092e-05
5409,2.092e-05
5410,2.092e-05
5411,2.092e-05
5412,2.092e-05
5413,2.092e-05
5414,2.092e-05
5415,2.092e-05
5416,2.092e-05
5417,2.092e-05
5418,2.092e-05
5419,2.092e-05
5420,2.092e-05
5421,2.092e-05
5422,2.092e-05
5423,2.092e-05
5424,2.092e-05
5425,2.092e-05
5426,2.092e-05
5427,2.092e-05
5428,2.092e-05
5429,2.092e-05
5430,2.092e-05
5431,2.095e-05
5432,2.095e-05
5433,2.095e-05
5434,2.092e-05
5435,2.092e-05
5436,2.092e-05
5437,2.092e-05
5438,2.092e-05
5439,2.092e-05
5440,2.092e-05
5441,2.092e-05
5442,2.095e-05
5443,2.095e-05
5444,2.095e-05
5445,2.095e-05
5446,2.092e-05
5447,2.092e-05
5448,2.092e-05
5449,2.092e-05
5450,2.092e-05
5451,2.092e-05
5452,2.095e-05
5453,2.098e-05
5454,2.098e-05
5455,2.098e-05
5456,2.098e-05
5457,2.098e-05
5458,2.099e-05
5459,2.105e-05
5460,2.105e-05
5461,2.105e-05
5462,2.105e-05
5463,2.105e-05
5464,2.105e-05
5465,2.105e-05
5466,2.105e-05
5467,2.105e-05
5468,2.105e-05
5469,2.105e-05
5470,2.119e-05
5471,2.119e-05
5472,2.119e-05
5473,2.119e-05
5474,2.119e-05
5475,2.097e-05
5476,2.118e-05
5477,2.118e-05
5478,2.118e-05
5479,2.118e-05
5480,2.118e-05
5481,2.118e-05
5482,2.117e-05
5483,2.117e-05
5484,2.117e-05
5485,2.117e-05
5486,2.117e-05
5487,2.117e-05
5488,2.117e-05
5489,2.117e-05
5490,2.104e-05
5491,2.104e-05
5492,2.104e-05
5493,2.104e-05
5494,2.104e-05
5495,2.104e-05
5496,2.104e-05
5497,2.104e-05
5498,2.104e-05
5499,2.104e-05
5500,2.104e-05
5501,2.104e-05
5502,2.104e-05
5503,2.113e-05
5504,2.113e-05
5505,2.113e-05
5506,2.113e-05
5507,2.116e-05
5508,2.116e-05
5509,2.113e-05
5510,2.113e-05
5511,2.111e-05
5512,2.111e-05
5513,2.111e-05
5514,2.111e-05
5515,2.111e-05
5516,2.111e-05
5517,2.111e-05
5518,2.099e-05
5519,2.099e-05
5520,2.099e-05
5521,2.099e-05
5522,2.099e-05
5523,2.099e-05
5524,2.099e-05
5525,2.099e-05
5526,2.099e-05
5527,2.099e-05
5528,2.099e-05
5529,2.076e-05
5530,2.018e-05
5531,2.071e-05
5532,2.067e-05
5533,2.067e-05
5534,2.067e-05
5535,2.061e-05
5536,2.06e-05
5537,2.056e-05
5538,2.056e-05
5539,2.051e-05
5540,2.035e-05
5541,2.044e-05
5542,2.043e-05
5543,2.041e-05
5544,2.041e-05
5545,2.04e-05
5546,2.036e-05
5547,2.036e-05
5548,2.035e-05
5549,2.033e-05
5550,2.029e-05
5551,2.027e-05
5552,2.025e-05
5553,2.025e-05
5554,2.025e-05
5555,2.025e-05
5556,2.025e-05
5557,2.025e-05
5558,2.025e-05
5559,2.034e-05
5560,2.034e-05
5561,2.034e-05
5562,2.034e-05
5563,2.034e-05
5564,2.027e-05
5565,2.027e-05
5566,2.027e-05
5567,2.027e-05
5568,2.027e-05
5569,2.027e-05
5570,2.027e-05
5571,2.027e-05
5572,2.027e-05
5573,2.027e-05
5574,2.027e-05
5575,2.027e-05
5576,2.027e-05
5577,2.043e-05
5578,2.043e-05
5579,2.043e-05
5580,2.043e-05
5581,2.043e-05
5582,2.044e-05
5583,2.044e-05
5584,2.044e-05
5585,2.044e-05
5586,2.044e-05
5587,2.052e-05
5588,2.052e-05
5589,2.052e-05
5590,2.051e-05
5591,2.051e-05
5592,2.051e-05
5593,2.051e-05
5594,2.051e-05
5595,2.051e-05
5596,2.051e-05
5597,2.051e-05
5598,2.051e-05
5599,2.051e-05
5600,2.051e-05
5601,2.051e-05
5602,2.051e-05
5603,2.051e-05
5604,2.046e-05
5605,2.046e-05
5606,2.046e-05
5607,2.044e-05
5608,2.044e-05
5609,2.044e-05
5610,2.044e-05
5611,2.044e-05
5612,2.044e-05
5613,2.051e-05
5614,2.051e-05
5615,2.051e-05
5616,2.051e-05
5617,2.051e-05
5618,2.051e-05
5619,2.051e-05
5620,2.048e-05
5621,2.047e-05
5622,2.047e-05
5623,2.055e-05
5624,2.055e-05
5625,2.055e-05
5626,2.033e-05
5627,2.033e-05
5628,2.033e-05
5629,2.033e-05
5630,2.033e-05
5631,2.052e-05
5632,2.032e-05
5633,2.032e-05
5634,2.032e-05
5635,2.032e-05
5636,2.032e-05
5637,2.032e-05
5638,2.032e-05
5639,2.065e-05
5640,2.065e-05
5641,2.065e-05
5642,2.065e-05
5643,2.065e-05
5644,2.065e-05
5645,2.065e-05
5646,2.05e-05
5647,2.05e-05
5648,2.048e-05
5649,2.049e-05
5650,2.034e-05
5651,2.034e-05
5652,2.034e-05
5653,2.034e-05
5654,2.034e-05
5655,2.034e-05
5656,2.034e-05
5657,2.034e-05
5658,2.034e-05
5659,2.034e-05
5660,2.034e-05
5661,2.066e-05
5662,2.066e-05
5663,2.066e-05
5664,2.066e-05
5665,2.066e-05
5666,2.063e-05
5667,2.063e-05
5668,2.063e-05
5669,2.063e-05
5670,2.032e-05
5671,2.032e-05
5672,2.032e-05
5673,2.03e-05
5674,2.03e-05
5675,2.03e-05
5676,2.031e-05
5677,2.031e-05
5678,2.031e-05
5679,2.031e-05
5680,2.031e-05
5681,2.031e-05
5682,2.031e-05
5683,2.031e-05
5684,2.031e-05
5685,2.031e-05
5686,2.031e-05
5687,2.031e-05
5688,2.031e-05
5689,2.031e-05
5690,2.031e-05
5691,2.031e-05
5692,2.031e-05
5693,2.031e-05
5694,2.031e-05
5695,2.031e-05
5696,2.032e-05
5697,2.032e-05
5698,2.032e-05
5699,2.032e-05
5700,2.032e-05
5701,2.032e-05
5702,2.032e-05
5703,2.032e-05
5704,2.032e-05
5705,2.032e-05
5706,2.032e-05
5707,2.032e-05
5708,2.032e-05
5709,2.032e-05
5710,2.032e-05
5711,2.032e-05
5712,2.055e-05
5713,2.055e-05
5714,2.055e-05
5715,2.055e-05
5716,2.055e-05
5717,2.033e-05
5718,2.033e-05
5719,2.033e-05
5720,2.055e-05
5721,2.055e-05
5722,2.055e-05
5723,2.055e-05
5724,2.055e-05
5725,2.055e-05
5726,2.055e-05
5727,2.055e-05
5728,2.055e-05
5729,2.055e-05
5730,2.033e-05
5731,2.033e-05
5732,2.033e-05
5733,2.033e-05
5734,2.033e-05
5735,2.033e-05
5736,2.033e-05
5737,2.033e-05
5738,2.033e-05
5739,2.056e-05
5740,2.04e-05
5741,2.04e-05
5742,2.04e-05
5743,2.041e-05
5744,2.04e-05
5745,2.04e-05
5746,2.04e-05
5747,2.04e-05
5748,2.04e-05
5749,2.04e-05
5750,2.033e-05
5751,2.033e-05
5752,2.033e-05
5753,2.033e-05
5754,2.033e-05
5755,2.033e-05
5756,2.033e-05
5757,2.033e-05
5758,2.033e-05
5759,2.033e-05
5760,2.033e-05
5761,2.033e-05
5762,2.054e-05
5763,2.054e-05
5764,2.054e-05
5765,2.054e-05
5766,2.054e-05
5767,2.054e-05
5768,2.05e-05
5769,2.05e-05
5770,2.05e-05
5771,2.05e-05
5772,2.05e-05
5773,2.05e-05
5774,2.05e-05
5775,2.05e-05
5776,2.05e-05
5777,2.05e-05
5778,2.05e-05
5779,2.05e-05
5780,2.049e-05
5781,2.032e-05
5782,2.032e-05
5783,2.032e-05
5784,2.032e-05
5785,2.032e-05
5786,2.032e-05
5787,2.032e-05
5788,2.032e-05
5789,2.032e-05
5790,2.032e-05
5791,2.032e-05
5792,2.032e-05
5793,2.032e-05
5794,2.032e-05
5795,2.032e-05
5796,2.032e-05
5797,2.032e-05
5798,2.032e-05
5799,2.032e-05
5800,2.032e-05
5801,2.032e-05
5802,2.032e-05
5803,2.032e-05
5804,2.032e-05
5805,2.032e-05
5806,2.032e-05
5807,2.032e-05
5808,2.032e-05
5809,2.032e-05
5810,2.032e-05
5811,2.032e-05
5812,2.03e-05
5813,2.03e-05
5814,2.03e-05
5815,2.03e-05
5816,2.03e-05
5817,2.03e-05
5818,2.03e-05
5819,2.03e-05
5820,2.03e-05
5821,2.03e-05
5822,2.03e-05
5823,2.03e-05
5824,2.03e-05
5825,2.03e-05
5826,2.03e-05
5827,2.03e-05
5828,2.03e-05
5829,2.03e-05
5830,2.03e-05
5831,2.03e-05
5832,2.03e-05
5833,2.03e-05
5834,2.03e-05
5835,2.03e-05
5836,2.03e-05
5837,2.03e-05
5838,2.03e-05
5839,2.03e-05
5840,2.03e-05
5841,2.03e-05
5842,2.03e-05
5843,2.03e-05
5844,2.03e-05
5845,2.03e-05
5846,2.03e-05
5847,2.03e-05
5848,2.03e-05
5849,2.03e-05
5850,2.03e-05
5851,2.03e-05
5852,2.03e-05
5853,2.03e-05
5854,2.03e-05
5855,2.03e-05
5856,2.03e-05
5857,2.03e-05
5858,2.03e-05
5859,2.03e-05
5860,2.03e-05
5861,2.03e-05
5862,2.03e-05
5863,2.03e-05
5864,2.03e-05
5865,2.05e-05
5866,2.05e-05
5867,2.047e-05
5868,2.047e-05
5869,2.047e-05
5870,2.043e-05
5871,2.043e-05
5872,2.043e-05
5873,2.043e-05
5874,2.043e-05
5875,2.043e-05
5876,2.043e-05
5877,2.043e-05
5878,2.043e-05
5879,2.043e-05
5880,2.043e-05
5881,2.043e-05
5882,2.043e-05
5883,2.043e-05
5884,2.043e-05
5885,2.043e-05
5886,2.043e-05
5887,2.043e-05
5888,2.043e-05
5889,2.043e-05
5890,2.043e-05
5891,2.043e-05
5892,2.028e-05
5893,2.028e-05
5894,2.028e-05
5895,2.028e-05
5896,2.028e-05
5897,2.028e-05
5898,2.028e-05
5899,2.049e-05
5900,2.049e-05
5901,2.049e-05
5902,2.054e-05
5903,2.054e-05
5904,2.054e-05
5905,2.054e-05
5906,2.054e-05
5907,2.054e-05
5908,2.054e-05
5909,2.054e-05
5910,2.054e-05
5911,2.054e-05
5912,2.054e-05
5913,2.054e-05
5914,2.054e-05
5915,2.054e-05
5916,2.054e-05
5917,2.054e-05
5918,2.054e-05
5919,2.054e-05
5920,2.054e-05
5921,2.054e-05
5922,2.054e-05
5923,2.054e-05
5924,2.054e-05
5925,2.054e-05
5926,2.054e-05
5927,2.054e-05
5928,2.054e-05
5929,2.054e-05
5930,2.054e-05
5931,2.054e-05
5932,2.054e-05
5933,2.067e-05
5934,2.067e-05
5935,2.067e-05
5936,2.067e-05
5937,2.067e-05
5938,2.067e-05
5939,2.067e-05
5940,2.067e-05
5941,2.067e-05
5942,2.067e-05
5943,2.05e-05
5944,2.07e-05
5945,2.07e-05
5946,2.07e-05
5947,2.07e-05
5948,2.07e-05
5949,2.07e-05
5950,2.07e-05
5951,2.07e-05
5952,2.07e-05
5953,2.07e-05
5954,2.07e-05
5955,2.07e-05
5956,2.07e-05
5957,2.07e-05
5958,2.07e-05
5959,2.07e-05
5960,2.07e-05
5961,2.07e-05
5962,2.07e-05
5963,2.07e-05
5964,2.07e-05
5965,2.07e-05
5966,2.07e-05
5967,2.07e-05
5968,2.07e-05
5969,2.07e-05
5970,2.07e-05
5971,2.07e-05
5972,2.07e-05
5973,2.07e-05
5974,2.07e-05
5975,2.07e-05
5976,2.07e-05
5977,2.07e-05
5978,2.068e-05
5979,2.051e-05
5980,2.067e-05
5981,2.067e-05
5982,2.067e-05
5983,2.051e-05
5984,2.051e-05
5985,2.032e-05
5986,2.032e-05
5987,2.032e-05
5988,2.032e-05
5989,2.032e-05
5990,2.032e-05
5991,2.032e-05
5992,2.048e-05
5993,2.031e-05
5994,2.031e-05
5995,2.031e-05
5996,2.03e-05
5997,2.03e-05
5998,2.03e-05
5999,2.03e-05
6000,2.03e-05
6001,2.03e-05
6002,2.03e-05
6003,2.03e-05
6004,2.031e-05
6005,2.025e-05
6006,2.025e-05
6007,2.025e-05
6008,2.025e-05
6009,2.025e-05
6010,2.025e-05
6011,2.025e-05
6012,2.025e-05
6013,2.025e-05
6014,2.025e-05
6015,2.025e-05
6016,2.025e-05
6017,2.025e-05
6018,2.025e-05
6019,2.025e-05
6020,2.025e-05
6021,2.025e-05
6022,2.025e-05
6023,2.025e-05
6024,2.025e-05
6025,2.025e-05
6026,2.02e-05
6027,2.02e-05
6028,2.019e-05
6029,2.019e-05
6030,2.019e-05
6031,2.019e-05
6032,2.019e-05
6033,2.019e-05
6034,2.019e-05
6035,2.019e-05
6036,2.019e-05
6037,2.019e-05
6038,2.019e-05
6039,2.019e-05
6040,2.018e-05
6041,2.017e-05
6042,2.017e-05
6043,2.017e-05
6044,2.017e-05
6045,2.017e-05
6046,2.017e-05
6047,2.017e-05
6048,2.017e-05
6049,2.016e-05
6050,2.016e-05
6051,2.016e-05
6052,2.016e-05
6053,2.016e-05
6054,2.016e-05
6055,2.016e-05
6056,2.016e-05
6057,2.016e-05
6058,2.016e-05
6059,2.016e-05
6060,2.016e-05
6061,2.016e-05
6062,2.016e-05
6063,2.016e-05
6064,2.016e-05
6065,2.016e-05
6066,2.016e-05
6067,2.016e-05
6068,2.016e-05
6069,2.016e-05
6070,2.016e-05
6071,2.016e-05
6072,2.016e-05
6073,2.016e-05
6074,2.016e-05
6075,2.013e-05
6076,2.013e-05
6077,2.013e-05
6078,2.013e-05
6079,2.013e-05
6080,2.013e-05
6081,2.013e-05
6082,2.013e-05
6083,2.013e-05
6084,2.013e-05
6085,2.016e-05
6086,2.016e-05
6087,2.016e-05
6088,2.016e-05
6089,2.016e-05
6090,2.018e-05
6091,2.018e-05
6092,2.018e-05
6093,2.018e-05
6094,2.018e-05
6095,2.018e-05
6096,2.013e-05
6097,2.013e-05
6098,2.013e-05
6099,2.013e-05
6100,2.013e-05
6101,2.013e-05
6102,2.013e-05
6103,2.013e-05
6104,2.013e-05
6105,2.013e-05
6106,2.013e-05
6107,2.001e-05
6108,2.001e-05
6109,2.001e-05
6110,2.001e-05
6111,2.001e-05
6112,2.001e-05
6113,2.001e-05
6114,2.001e-05
6115,2.001e-05
6116,2.001e-05
6117,2.001e-05
6118,2.001e-05
6119,2.001e-05
6120,2.001e-05
6121,2.001e-05
6122,2.001e-05
6123,2.001e-05
6124,2.001e-05
6125,2.001e-05
6126,2.001e-05
6127,2.001e-05
6128,2.001e-05
6129,2.003e-05
6130,2.003e-05
6131,2.003e-05
6132,2.003e-05
6133,2.003e-05
6134,2.003e-05
6135,2.003e-05
6136,2.003e-05
6137,2.003e-05
6138,2.003e-05
6139,2.003e-05
6140,2.003e-05
6141,2.003e-05
6142,2.003e-05
6143,2.003e-05
6144,2.003e-05
6145,2.004e-05
6146,2.004e-05
6147,2.004e-05
6148,2.004e-05
6149,2.003e-05
6150,2.003e-05
6151,2.003e-05
6152,2.003e-05
6153,2.003e-05
6154,2.003e-05
6155,2.003e-05
6156,2.003e-05
6157,2.003e-05
6158,2.003e-05
6159,2.003e-05
6160,2.003e-05
6161,2.003e-05
6162,2.003e-05
6163,2.003e-05
6164,2.003e-05
6165,2.003e-05
6166,2.003e-05
6167,2.003e-05
6168,2.003e-05
6169,2.003e-05
6170,2.005e-05
6171,2.005e-05
6172,2.005e-05
6173,2.03e-05
6174,2.03e-05
6175,2.03e-05
6176,2.036e-05
6177,2.036e-05
6178,2.036e-05
6179,2.035e-05
6180,2.035e-05
6181,2.035e-05
6182,2.035e-05
6183,2.035e-05
6184,2.035e-05
6185,2.035e-05
6186,2.035e-05
6187,2.035e-05
6188,2.035e-05
6189,2.035e-05
6190,2.035e-05
6191,2.035e-05
6192,2.035e-05
6193,2.035e-05
6194,2.034e-05
6195,2.034e-05
6196,2.034e-05
6197,2.032e-05
6198,2.035e-05
6199,2.035e-05
6200,2.035e-05
6201,2.035e-05
6202,2.035e-05
6203,2.035e-05
6204,2.035e-05
6205,2.035e-05
6206,2.035e-05
6207,2.035e-05
6208,2.035e-05
6209,2.035e-05
6210,2.035e-05
6211,2.035e-05
6212,2.035e-05
6213,2.035e-05
6214,2.035e-05
6215,2.035e-05
6216,2.035e-05
6217,2.035e-05
6218,2.035e-05
6219,2.035e-05
6220,2.035e-05
6221,2.028e-05
6222,2.028e-05
6223,2.026e-05
6224,2.005e-05
6225,2.005e-05
6226,2.005e-05
6227,2.005e-05
6228,2.005e-05
6229,2.005e-05
6230,2.005e-05
6231,2.005e-05
6232,2.005e-05
6233,2.005e-05
6234,2.005e-05
6235,2.025e-05
6236,2.025e-05
6237,2.025e-05
6238,2.025e-05
6239,2.025e-05
6240,2.025e-05
6241,2.025e-05
6242,2.025e-05
6243,2.025e-05
6244,2.018e-05
6245,2.018e-05
6246,2.018e-05
6247,2.018e-05
6248,2.018e-05
6249,2.018e-05
6250,2.018e-05
6251,2.018e-05
6252,2.018e-05
6253,2.018e-05
6254,2.018e-05
6255,2.018e-05
6256,2.018e-05
6257,2.018e-05
6258,2.018e-05
6259,2.018e-05
6260,2.018e-05
6261,2.018e-05
6262,2.018e-05
6263,2.018e-05
6264,2.018e-05
6265,2.018e-05
6266,2.018e-05
6267,2.018e-05
6268,2.018e-05
6269,2.018e-05
6270,2.018e-05
6271,2.018e-05
6272,2.018e-05
6273,2.018e-05
