0,0.004797
1,0.004797
2,0.004797
3,0.00477375
4,0.00477375
5,0.00477377
6,0.00477377
7,0.00477377
8,0.00477377
9,0.00478582
10,0.00477375
11,0.00477375
12,0.00477375
13,0.00477375
14,0.00477375
15,0.00477375
16,0.00477375
17,0.00477375
18,0.00478232
19,0.00478232
20,0.00475002
21,0.00475
22,0.00475
23,0.00477076
24,0.00475
25,0.00477356
26,0.00477356
27,0.00475
28,0.0047733
29,0.0047733
30,0.0047733
31,0.0047733
32,0.00477375
33,0.00477375
34,0.00477375
35,0.0047485
36,0.0047485
37,0.00477376
38,0.00475002
39,0.00475079
40,0.00475079
41,0.00477
42,0.00477
43,0.00477372
44,0.00477377
45,0.00477377
46,0.00477377
47,0.00477377
48,0.00477377
49,0.0047502
50,0.0047502
51,0.0047502
52,0.00478626
53,0.00478626
54,0.00478554
55,0.00475024
56,0.004787
57,0.00480699
58,0.00480699
59,0.00480587
60,0.00480594
61,0.0048059
62,0.0048059
63,0.0048362
64,0.00483621
65,0.00483
66,0.00483
67,0.00483
68,0.00482982
69,0.00482983
70,0.00482983
71,0.00477345
72,0.00477345
73,0.00477345
74,0.00482704
75,0.00482704
76,0.00482704
77,0.00482704
78,0.00482704
79,0.00482704
80,0.00482204
81,0.00482204
82,0.00482204
83,0.00482204
84,0.00482204
85,0.00482204
86,0.00482204
87,0.00477704
88,0.00477704
89,0.00485014
90,0.00485002
91,0.00485002
92,0.00485002
93,0.00485002
94,0.00484965
95,0.00484965
96,0.00484965
97,0.00479
98,0.00479111
99,0.00479113
100,0.00479113
101,0.004794
102,0.004794
103,0.004794
104,0.00481286
105,0.00481286
106,0.00481286
107,0.004795
108,0.004794
109,0.004794
110,0.0048
111,0.0048
112,0.0048
113,0.00481286
114,0.00481286
115,0.00481286
116,0.004803
117,0.004803
118,0.00481
119,0.00481
120,0.0048
121,0.00481
122,0.0048127
123,0.0048127
124,0.0048127
125,0.0048127
126,0.0048
127,0.0048
128,0.0048
129,0.0048
130,0.0048
131,0.0048
132,0.00479369
133,0.00479369
134,0.00479369
135,0.00479
136,0.00479
137,0.00479
138,0.00479
139,0.00479
140,0.00479
141,0.00478999
142,0.00478999
143,0.00478999
144,0.00478999
145,0.00478983
146,0.00478983
147,0.00478983
148,0.00478004
149,0.00478004
150,0.00478004
151,0.00478004
152,0.00478966
153,0.004782
154,0.004782
155,0.004782
156,0.004782
157,0.00478513
158,0.00478513
159,0.00478513
160,0.00478513
161,0.00478973
162,0.00478973
163,0.00478973
164,0.00478973
165,0.00478973
166,0.00478973
167,0.00478973
168,0.00478959
169,0.00478959
170,0.00478973
171,0.00478973
172,0.00478973
173,0.00478973
174,0.00478973
175,0.00478973
176,0.00478973
177,0.00478973
178,0.00477
179,0.00477801
180,0.00474376
181,0.00474376
182,0.0047795
183,0.0047795
184,0.00477997
185,0.00477997
186,0.00478
187,0.00478
188,0.00477199
189,0.00477801
190,0.00477801
191,0.00477801
192,0.00477801
193,0.00477801
194,0.00477801
195,0.00477801
196,0.00477801
197,0.00477801
198,0.00478
199,0.00478
200,0.00478969
201,0.00478969
202,0.00478973
203,0.00478973
204,0.00478973
205,0.00478973
206,0.00478973
207,0.00478973
208,0.00478973
209,0.00478973
210,0.00477217
211,0.00477217
212,0.00477217
213,0.00477217
214,0.00477217
215,0.00478973
216,0.00478973
217,0.0047897
218,0.0047897
219,0.0047897
220,0.0047897
221,0.0047897
222,0.00478973
223,0.00478973
224,0.00478973
225,0.00477249
226,0.00478973
227,0.00478973
228,0.00478973
229,0.00478973
230,0.00478973
231,0.00478973
232,0.00478973
233,0.00478967
234,0.00478955
235,0.004772
236,0.004772
237,0.004772
238,0.004772
239,0.004772
240,0.004772
241,0.004772
242,0.004772
243,0.004772
244,0.004772
245,0.004772
246,0.00477199
247,0.004772
248,0.004772
249,0.004772
250,0.004772
251,0.004772
252,0.004772
253,0.004772
254,0.004772
255,0.004772
256,0.004772
257,0.00478852
258,0.00477199
259,0.00477199
260,0.00477199
261,0.00477199
262,0.00477199
263,0.00477199
264,0.00477199
265,0.00477199
266,0.00477199
267,0.00477199
268,0.00477199
269,0.004766
270,0.00476
271,0.00476
272,0.00476
273,0.00476
274,0.00476
275,0.00476
276,0.00476
277,0.00476
278,0.00476
279,0.00476
280,0.00478296
281,0.00476
282,0.00476
283,0.00476
284,0.00476
285,0.00476
286,0.00476
287,0.00476
288,0.00476
289,0.00476
290,0.00476
291,0.00476
292,0.00476
293,0.00476
294,0.00476
295,0.00476
296,0.00476003
297,0.00476003
298,0.00476003
299,0.00476003
300,0.00476003
301,0.00476003
302,0.00478299
303,0.00478299
304,0.00478299
305,0.00478299
306,0.00478299
307,0.00478299
308,0.00478299
309,0.00478299
310,0.00478299
311,0.00478299
312,0.00478299
313,0.00478299
314,0.00478299
315,0.00478299
316,0.004761
317,0.004761
318,0.004761
319,0.00478299
320,0.00478299
321,0.00478299
322,0.00478299
323,0.00476998
324,0.00478966
325,0.00478966
326,0.00478966
327,0.00478966
328,0.00478966
329,0.00478966
330,0.00478966
331,0.00478966
332,0.00478966
333,0.00478959
334,0.00478959
335,0.00478959
336,0.00478959
337,0.00478959
338,0.00476203
339,0.00477
340,0.00477
341,0.00477
342,0.00477
343,0.00478959
344,0.00478959
345,0.00478959
346,0.00478959
347,0.00478959
348,0.00478959
349,0.00478959
350,0.00478959
351,0.00478959
352,0.0047895
353,0.0047895
354,0.0047895
355,0.00476219
356,0.00478969
357,0.00479
358,0.00479
359,0.00483774
360,0.00484655
361,0.004884
362,0.0049
363,0.0049
364,0.00488897
365,0.0049
366,0.0049
367,0.0049
368,0.00488897
369,0.00488897
370,0.00488897
371,0.00488897
372,0.0049
373,0.00488897
374,0.00488897
375,0.00488898
376,0.00488898
377,0.00488898
378,0.00488898
379,0.00488898
380,0.00492903
381,0.00492921
382,0.00492921
383,0.00493
384,0.00493
385,0.00493
386,0.00492921
387,0.00493019
388,0.00493019
389,0.0049301
390,0.0049301
391,0.00493098
392,0.00493098
393,0.00493792
394,0.00493792
395,0.004934
396,0.0049495
397,0.0049495
398,0.0049495
399,0.00493082
400,0.00493082
401,0.0049379
402,0.0049379
403,0.0049379
404,0.0049379
405,0.0049379
406,0.0049379
407,0.00494229
408,0.00494229
409,0.00494229
410,0.0049423
411,0.00494229
412,0.00494229
413,0.0049379
414,0.00493088
415,0.00493082
416,0.00493082
417,0.00493082
418,0.00493791
419,0.00493791
420,0.00493791
421,0.00493791
422,0.00493791
423,0.00494229
424,0.00493791
425,0.00493791
426,0.00493791
427,0.0049379
428,0.00493788
429,0.00493788
430,0.00493788
431,0.00493021
432,0.00493021
433,0.00493021
434,0.00493018
435,0.00493017
436,0.00493017
437,0.00492762
438,0.00492762
439,0.00492762
440,0.00492762
441,0.00488897
442,0.00488897
443,0.00488904
444,0.00488903
445,0.00488903
446,0.00488897
447,0.00477541
448,0.0047766
449,0.00480137
450,0.00485078
451,0.0048764
452,0.0048764
453,0.00487484
454,0.00487484
455,0.00487484
456,0.00486997
457,0.00486944
458,0.00486944
459,0.00486944
460,0.00486671
461,0.00486671
462,0.00486671
463,0.00486671
464,0.00486671
465,0.00486671
466,0.00486671
467,0.00486671
468,0.00486671
469,0.00486671
470,0.00486671
471,0.00486671
472,0.00486671
473,0.00486671
474,0.00484835
475,0.00484835
476,0.00484835
477,0.00484835
478,0.00484835
479,0.00481661
480,0.00484455
481,0.00481673
482,0.00481673
483,0.00481672
484,0.00487698
485,0.00487698
486,0.00481837
487,0.00481837
488,0.00481837
489,0.00481837
490,0.00481837
491,0.00481837
492,0.00487118
493,0.00487109
494,0.00487109
495,0.00487103
496,0.00487103
497,0.00487103
498,0.00487103
499,0.00487699
500,0.00487699
501,0.00487702
502,0.00487702
503,0.00483009
504,0.0048312
505,0.00487702
506,0.00487702
507,0.00487702
508,0.00487702
509,0.00487702
510,0.00487652
511,0.004864
512,0.004864
513,0.00488
514,0.00490299
515,0.00490299
516,0.00490299
517,0.00490299
518,0.00490299
519,0.00490299
520,0.00490299
521,0.00490299
522,0.00490299
523,0.00490299
524,0.00492786
525,0.00486414
526,0.00486414
527,0.00486414
528,0.00492786
529,0.00492786
530,0.00492786
531,0.00492661
532,0.00492661
533,0.00486893
534,0.00486893
535,0.00487073
536,0.00487073
537,0.00487073
538,0.00487073
539,0.00487073
540,0.00487073
541,0.00487073
542,0.00487073
543,0.00487073
544,0.00491999
545,0.00491999
546,0.00491999
547,0.00490877
548,0.00490877
549,0.00490877
550,0.00490877
551,0.00490877
552,0.00490877
553,0.00490877
554,0.00492644
555,0.00492644
556,0.00492644
557,0.00492644
558,0.00492644
559,0.00492644
560,0.00492644
561,0.00492644
562,0.00492644
563,0.00492644
564,0.00492644
565,0.00492645
566,0.00492646
567,0.00492646
568,0.00492646
569,0.00492644
570,0.00492
571,0.00492
572,0.00492
573,0.00492
574,0.00492
575,0.00492
576,0.00491199
577,0.00491199
578,0.00491199
579,0.00492
580,0.00492
581,0.00492
582,0.00492
583,0.00492
584,0.0048699
585,0.0049
586,0.0049
587,0.00489999
588,0.00489999
589,0.00488327
590,0.00488327
591,0.00488327
592,0.00489999
593,0.00489999
594,0.00489999
595,0.00489999
596,0.00489999
597,0.00489999
598,0.00489999
599,0.00489999
600,0.00489999
601,0.00489999
602,0.00489999
603,0.00489999
604,0.00489999
605,0.00489999
606,0.00489999
607,0.00489999
608,0.00489999
609,0.00489999
610,0.00490833
611,0.00490833
612,0.00488331
613,0.00488331
614,0.00490833
615,0.00490833
616,0.00490833
617,0.00490833
618,0.00490833
619,0.00490833
620,0.00490833
621,0.00487043
622,0.00490833
623,0.00490833
624,0.00490833
625,0.00490833
626,0.00490833
627,0.00490833
628,0.00490833
629,0.00492
630,0.00492
631,0.00492
632,0.00492759
633,0.00490833
634,0.00490833
635,0.00490833
636,0.00490832
637,0.00490832
638,0.00490832
639,0.00490832
640,0.00490832
641,0.00490832
642,0.00490832
643,0.00490832
644,0.00490832
645,0.00490832
646,0.00490832
647,0.00490832
648,0.00490832
649,0.00490832
650,0.00490831
651,0.0049012
652,0.0049012
653,0.0049012
654,0.0049012
655,0.0049
656,0.0049
657,0.0049
658,0.0049
659,0.0049
660,0.0049
661,0.004903
662,0.004903
663,0.00486996
664,0.00486996
665,0.004903
666,0.004903
667,0.004903
668,0.004903
669,0.004903
670,0.004903
671,0.004903
672,0.004903
673,0.004903
674,0.004903
675,0.004903
676,0.004903
677,0.00487062
678,0.00487062
679,0.004923
680,0.004923
681,0.004923
682,0.004923
683,0.004923
684,0.004923
685,0.004903
686,0.004903
687,0.004923
688,0.004923
689,0.004923
690,0.004923
691,0.004923
692,0.004923
693,0.004923
694,0.004923
695,0.00492299
696,0.00492299
697,0.00492299
698,0.00492299
699,0.00492299
700,0.00492299
701,0.00492299
702,0.00492876
703,0.00492876
704,0.00492987
705,0.00492987
706,0.00492987
707,0.00491305
708,0.00491305
709,0.00491305
710,0.00491305
711,0.00491305
712,0.00491305
713,0.00491305
714,0.004903
715,0.00491305
716,0.00491305
717,0.00491305
718,0.00491305
719,0.00492987
720,0.00492987
721,0.00492987
722,0.00492
723,0.00492
724,0.00489287
725,0.00489287
726,0.00492987
727,0.00492987
728,0.00492987
729,0.00492987
730,0.00492988
731,0.0049299
732,0.0049299
733,0.0049299
734,0.0049299
735,0.0049282
736,0.00492989
737,0.00492989
738,0.00492989
739,0.00492989
740,0.00492989
741,0.00492989
742,0.00489348
743,0.00489335
744,0.00488009
745,0.0049179
746,0.00484751
747,0.00484751
748,0.00490562
749,0.00490557
750,0.00490557
751,0.00490557
752,0.00490557
753,0.00490557
754,0.00491791
755,0.00491791
756,0.00491791
757,0.00491497
758,0.00491499
759,0.00491496
760,0.00491496
761,0.00490286
762,0.00490286
763,0.00490286
764,0.00490286
765,0.00491496
766,0.00491496
767,0.00491496
768,0.00491496
769,0.00491496
770,0.00491496
771,0.00491496
772,0.00490286
773,0.00490283
774,0.00490283
775,0.00490283
776,0.00489822
777,0.00484851
778,0.00484851
779,0.00484851
780,0.00484851
781,0.00490219
782,0.00490205
783,0.00485516
784,0.00485516
785,0.004857
786,0.00484508
787,0.00489675
788,0.00489675
789,0.00489491
790,0.00489491
791,0.00489169
792,0.00484834
793,0.00484834
794,0.00484707
795,0.00484707
796,0.00484707
797,0.00488439
798,0.00488439
799,0.00484396
800,0.00484396
801,0.00483842
802,0.00484346
803,0.00484346
804,0.00486324
805,0.00484249
806,0.00484249
807,0.00484249
808,0.00484249
809,0.00484249
810,0.00484249
811,0.00482565
812,0.00482565
813,0.00482308
814,0.00482308
815,0.00482565
816,0.00482565
817,0.00482
818,0.00482
819,0.00482
820,0.00482
821,0.00482
822,0.00482308
823,0.00482308
824,0.004825
825,0.00482
826,0.00482361
827,0.00482361
828,0.004825
829,0.004825
830,0.004825
831,0.004825
832,0.004825
833,0.00482501
834,0.00482501
835,0.00482501
836,0.00482501
837,0.00482501
838,0.00482565
839,0.00482502
840,0.00482565
841,0.00482502
842,0.00482502
843,0.00482501
844,0.004825
845,0.004825
846,0.004825
847,0.004825
848,0.004825
849,0.00482
850,0.00482
851,0.00482
852,0.00482
853,0.00482
854,0.00482
855,0.00482
856,0.00482
857,0.00482
858,0.00482
859,0.00482
860,0.00482
861,0.004825
862,0.00482565
863,0.00482501
864,0.00482501
865,0.00482501
866,0.00482501
867,0.00482565
868,0.00482565
869,0.00484249
870,0.00482573
871,0.00482573
872,0.00482573
873,0.00486262
874,0.00486262
875,0.00486208
876,0.00486208
877,0.00486208
878,0.00486208
879,0.00486153
880,0.00486153
881,0.00486153
882,0.00486153
883,0.00486153
884,0.00486153
885,0.00486153
886,0.00486153
887,0.00486153
888,0.00486153
889,0.00486153
890,0.00486153
891,0.00486154
892,0.00486154
893,0.00486154
894,0.00486154
895,0.00486154
896,0.00486153
897,0.00486154
898,0.00486154
899,0.00486154
900,0.00486154
901,0.00486154
902,0.00486154
903,0.00486154
904,0.00486154
905,0.00486154
906,0.00486154
907,0.00486154
908,0.00486154
909,0.00486154
910,0.00486154
911,0.00486154
912,0.00486154
913,0.00486154
914,0.00486154
915,0.00486154
916,0.00486154
917,0.00486323
918,0.00486323
919,0.00486323
920,0.00486323
921,0.00486323
922,0.00486323
923,0.00486323
924,0.00486323
925,0.00486323
926,0.00486323
927,0.00486323
928,0.00486323
929,0.00486323
930,0.00486323
931,0.00486323
932,0.00486323
933,0.00486323
934,0.00486323
935,0.00486323
936,0.00486324
937,0.00486324
938,0.00486324
939,0.00486324
940,0.00486324
941,0.00486324
942,0.00486324
943,0.00486323
944,0.00486323
945,0.00486323
946,0.00486323
947,0.00486323
948,0.00486323
949,0.00486951
950,0.00486951
951,0.00486951
952,0.00486951
953,0.00486951
954,0.00486951
955,0.00486951
956,0.00486951
957,0.00487643
958,0.00487643
959,0.00487643
960,0.00490933
961,0.0049
962,0.0049
963,0.00489993
964,0.00489993
965,0.00489993
966,0.0049
967,0.00490955
968,0.00490956
969,0.00492258
970,0.00492258
971,0.00492256
972,0.00490961
973,0.00490961
974,0.00490961
975,0.00490961
976,0.00492261
977,0.00492261
978,0.00492261
979,0.00490961
980,0.00490961
981,0.00491517
982,0.00491517
983,0.004923
984,0.00490955
985,0.00490955
986,0.00490955
987,0.00490955
988,0.00490955
989,0.00492371
990,0.00492371
991,0.00492372
992,0.00492372
993,0.00492858
994,0.00487664
995,0.00492857
996,0.00492857
997,0.00492857
998,0.00492858
999,0.00492858
1000,0.00492989
1001,0.0049299
1002,0.0049299
1003,0.0049299
1004,0.0049299
1005,0.0049299
1006,0.0049299
1007,0.0049299
1008,0.0049299
1009,0.0049299
1010,0.0049299
1011,0.0049299
1012,0.0049299
1013,0.0049299
1014,0.0049299
1015,0.00492989
1016,0.00492989
1017,0.0049299
1018,0.0049299
1019,0.00492989
1020,0.00492989
1021,0.00492922
1022,0.00492922
1023,0.00492922
1024,0.00492922
1025,0.00492922
1026,0.00492922
1027,0.00492922
1028,0.00492922
1029,0.00492922
1030,0.00492911
1031,0.00492911
1032,0.00488318
1033,0.0049299
1034,0.0049299
1035,0.0049299
1036,0.0049299
1037,0.00489999
1038,0.00489999
1039,0.00489999
1040,0.00489999
1041,0.00488906
1042,0.00488906
1043,0.0048904
1044,0.0048904
1045,0.0048904
1046,0.0048904
1047,0.0048904
1048,0.0048904
1049,0.0048904
1050,0.0048904
1051,0.0048904
1052,0.0049199
1053,0.0049199
1054,0.004896
1055,0.004896
1056,0.004896
1057,0.004896
1058,0.004896
1059,0.00493
1060,0.00493
1061,0.00493
1062,0.00493
1063,0.00493
1064,0.00493
1065,0.00493
1066,0.00493
1067,0.00492989
1068,0.00493
1069,0.00493
1070,0.00493
1071,0.00493
1072,0.00493
1073,0.00491021
1074,0.00491021
1075,0.00491021
1076,0.0049137
1077,0.0049137
1078,0.0049137
1079,0.0049137
1080,0.0049137
1081,0.0049137
1082,0.00493
1083,0.00493
1084,0.00493
1085,0.00493
1086,0.00493
1087,0.00493
1088,0.00492999
1089,0.00492999
1090,0.004929
1091,0.004929
1092,0.004911
1093,0.004929
1094,0.004929
1095,0.004929
1096,0.004911
1097,0.004911
1098,0.00490206
1099,0.00490206
1100,0.00490203
1101,0.00490203
1102,0.00490203
1103,0.00492897
1104,0.00492897
1105,0.004902
1106,0.004902
1107,0.004902
1108,0.004902
1109,0.004902
1110,0.00492894
1111,0.00492894
1112,0.00492894
1113,0.00492894
1114,0.0049
1115,0.0049
1116,0.0048806
1117,0.0048806
1118,0.0048806
1119,0.00486953
1120,0.0049019
1121,0.00486951
1122,0.00490177
1123,0.00486951
1124,0.00490177
1125,0.00490177
1126,0.00486951
1127,0.00486951
1128,0.00486951
1129,0.00486951
1130,0.00485595
1131,0.00486951
1132,0.00486951
1133,0.00486951
1134,0.00488089
1135,0.0048505
1136,0.00485
1137,0.00485
1138,0.00485
1139,0.00485001
1140,0.00485
1141,0.00485
1142,0.00485
1143,0.00485
1144,0.00485
1145,0.00485
1146,0.00485
1147,0.00484998
1148,0.00484039
1149,0.00484039
1150,0.00483931
1151,0.00483931
1152,0.00483931
1153,0.00483931
1154,0.00483931
1155,0.00483931
1156,0.00483931
1157,0.00483629
1158,0.00483931
1159,0.00483629
1160,0.00483629
1161,0.00483628
1162,0.00483628
1163,0.00483628
1164,0.00483628
1165,0.00483628
1166,0.00483628
1167,0.00482629
1168,0.00482629
1169,0.00482001
1170,0.0048262
1171,0.00482619
1172,0.00482619
1173,0.00482619
1174,0.00482001
1175,0.00482001
1176,0.00482
1177,0.00482
1178,0.00482
1179,0.00481798
1180,0.00481645
1181,0.00482
1182,0.00482
1183,0.00483628
1184,0.00488304
1185,0.00482113
1186,0.00488245
1187,0.00482173
1188,0.00482173
1189,0.00488035
1190,0.00488035
1191,0.00488035
1192,0.0048802
1193,0.00488016
1194,0.00488016
1195,0.00488003
1196,0.00488003
1197,0.00488003
1198,0.0048799
1199,0.0048799
1200,0.0048799
1201,0.0048799
1202,0.0048799
1203,0.0048799
1204,0.0048799
1205,0.00488465
1206,0.00488307
1207,0.00488465
1208,0.00488465
1209,0.00488465
1210,0.00488465
1211,0.00488465
1212,0.00488465
1213,0.00488465
1214,0.00488465
1215,0.00489997
1216,0.00489997
1217,0.00488465
1218,0.00489997
1219,0.00489997
1220,0.00489997
1221,0.00489997
1222,0.0049
1223,0.0049
1224,0.0049
1225,0.0049
1226,0.0049
1227,0.00488964
1228,0.0049
1229,0.0049
1230,0.0049
1231,0.0049
1232,0.0049
1233,0.0049
1234,0.00488307
1235,0.00488307
1236,0.00488307
1237,0.0049
1238,0.0049
1239,0.00489999
1240,0.00489999
1241,0.00489999
1242,0.00489999
1243,0.00489999
1244,0.00489999
1245,0.00489997
1246,0.00489997
1247,0.00489997
1248,0.00489997
1249,0.00489997
1250,0.00489997
1251,0.00489997
1252,0.00489997
1253,0.00489997
1254,0.00489996
1255,0.00489996
1256,0.00489996
1257,0.00489996
1258,0.00489996
1259,0.00489996
1260,0.00489996
1261,0.00489996
1262,0.00489996
1263,0.00489699
1264,0.00489699
1265,0.00489699
1266,0.00489699
1267,0.004897
1268,0.004897
1269,0.004897
1270,0.004897
1271,0.00489699
1272,0.00489699
1273,0.00489699
1274,0.00489699
1275,0.00489699
1276,0.00489699
1277,0.00489699
1278,0.00489699
1279,0.00489699
1280,0.004897
1281,0.004897
1282,0.00486026
1283,0.00486026
1284,0.00489997
1285,0.00489997
1286,0.00489997
1287,0.00489997
1288,0.0049
1289,0.00489997
1290,0.00485053
1291,0.00485053
1292,0.00486026
1293,0.00486026
1294,0.00486026
1295,0.00486026
1296,0.00486026
1297,0.00486026
1298,0.00486026
1299,0.00486026
1300,0.00486026
1301,0.00486026
1302,0.00486026
1303,0.00486026
1304,0.00486026
1305,0.00486026
1306,0.00486026
1307,0.00481377
1308,0.00481395
1309,0.00481395
1310,0.00481395
1311,0.00481395
1312,0.00481395
1313,0.00481395
1314,0.00481395
1315,0.00481395
1316,0.00485457
1317,0.00485457
1318,0.00485457
1319,0.00482192
1320,0.00482196
1321,0.00482196
1322,0.00482196
1323,0.00482343
1324,0.00482355
1325,0.00486191
1326,0.00486191
1327,0.00486191
1328,0.00486191
1329,0.00482483
1330,0.00482483
1331,0.00482483
1332,0.00482483
1333,0.00482483
1334,0.00482746
1335,0.004828
1336,0.004828
1337,0.004828
1338,0.004828
1339,0.004828
1340,0.004828
1341,0.00483109
1342,0.00483109
1343,0.00483109
1344,0.00483109
1345,0.00483133
1346,0.00487415
1347,0.00487415
1348,0.00487415
1349,0.00487415
1350,0.00483157
1351,0.00487396
1352,0.00487396
1353,0.00487396
1354,0.00487396
1355,0.00487396
1356,0.00487396
1357,0.0048738
1358,0.0048738
1359,0.0048738
1360,0.0048738
1361,0.0048738
1362,0.0048738
1363,0.0048738
1364,0.0048738
1365,0.0048738
1366,0.0048738
1367,0.0048738
1368,0.00487366
1369,0.00487366
1370,0.00487366
1371,0.00487366
1372,0.00487366
1373,0.00487366
1374,0.00487366
1375,0.00482461
1376,0.00482461
1377,0.00482461
1378,0.00482461
1379,0.00482461
1380,0.00482461
1381,0.00481179
1382,0.00481179
1383,0.00482001
1384,0.00481179
1385,0.00481179
1386,0.00481179
1387,0.00481179
1388,0.00481179
1389,0.00481179
1390,0.00482001
1391,0.00482001
1392,0.00482001
1393,0.00482001
1394,0.00482001
1395,0.00482001
1396,0.00482001
1397,0.00482001
1398,0.0048619
1399,0.00486191
1400,0.00482001
1401,0.00486
1402,0.00486
1403,0.00485866
1404,0.00485866
1405,0.00485866
1406,0.00480033
1407,0.00480033
1408,0.00480033
1409,0.00480033
1410,0.00480033
1411,0.00480033
1412,0.00480061
1413,0.00480061
1414,0.00480061
1415,0.00484691
1416,0.0048464
1417,0.0048464
1418,0.00484556
1419,0.00484556
1420,0.00478
1421,0.00478
1422,0.00478
1423,0.00478
1424,0.00479664
1425,0.00479664
1426,0.00480036
1427,0.00480036
1428,0.00475
1429,0.00475
1430,0.00474381
1431,0.00475
1432,0.00480379
1433,0.00480271
1434,0.00480271
1435,0.00480271
1436,0.00480102
1437,0.00474456
1438,0.00480041
1439,0.00479975
1440,0.00479975
1441,0.00479975
1442,0.00479975
1443,0.00479918
1444,0.00479898
1445,0.00479891
1446,0.00479875
1447,0.0047986
1448,0.00479842
1449,0.00479836
1450,0.00474375
1451,0.00474375
1452,0.00479613
1453,0.00479501
1454,0.00474384
1455,0.00474387
1456,0.00477195
1457,0.00478924
1458,0.00478924
1459,0.0047881
1460,0.0047881
1461,0.00478501
1462,0.00478497
1463,0.00474253
1464,0.00474253
1465,0.00474253
1466,0.00474252
1467,0.00477966
1468,0.00477955
1469,0.0047785
1470,0.0047785
1471,0.0047785
1472,0.0047785
1473,0.00477579
1474,0.00477579
1475,0.0047833
1476,0.0047833
1477,0.0047833
1478,0.0047833
1479,0.0047833
1480,0.0047833
1481,0.0047833
1482,0.0047785
1483,0.00474858
1484,0.00474858
1485,0.00474858
1486,0.00474858
1487,0.00474858
1488,0.00474858
1489,0.00474226
1490,0.00474502
1491,0.004742
1492,0.00474858
1493,0.004742
1494,0.004742
1495,0.004742
1496,0.00474201
1497,0.00477889
1498,0.00477889
1499,0.00473659
1500,0.00472444
1501,0.00474192
1502,0.00472441
1503,0.00472441
1504,0.00472441
1505,0.00472443
1506,0.00476202
1507,0.00476202
1508,0.00476202
1509,0.00476202
1510,0.00476202
1511,0.00476202
1512,0.00476202
1513,0.00472444
1514,0.00472444
1515,0.00472443
1516,0.00472443
1517,0.00472443
1518,0.00472443
1519,0.00472443
1520,0.00474181
1521,0.00474181
1522,0.00472
1523,0.00472
1524,0.00473614
1525,0.0047351
1526,0.0047
1527,0.00468001
1528,0.00473453
1529,0.00473403
1530,0.00473241
1531,0.00473188
1532,0.00473188
1533,0.00473161
1534,0.00473161
1535,0.00473161
1536,0.00473161
1537,0.00473161
1538,0.00473161
1539,0.0047
1540,0.0047
1541,0.0047
1542,0.00474
1543,0.00474
1544,0.00474
1545,0.00474
1546,0.00474
1547,0.00473562
1548,0.00474
1549,0.00474
1550,0.00474
1551,0.00474
1552,0.00474
1553,0.00474
1554,0.00474
1555,0.00474
1556,0.00473748
1557,0.00473561
1558,0.00473561
1559,0.00473095
1560,0.00472939
1561,0.00472835
1562,0.00472835
1563,0.00472676
1564,0.00472614
1565,0.00472653
1566,0.00472558
1567,0.00472558
1568,0.00472547
1569,0.00471111
1570,0.00471111
1571,0.00472514
1572,0.00472503
1573,0.00472503
1574,0.00472503
1575,0.00472503
1576,0.00472503
1577,0.00471115
1578,0.00471115
1579,0.00471115
1580,0.00472417
1581,0.00472353
1582,0.0047235
1583,0.00472353
1584,0.00474426
1585,0.00474426
1586,0.00476143
1587,0.00476143
1588,0.00476143
1589,0.00476143
1590,0.00476597
1591,0.00476594
1592,0.00476594
1593,0.00476594
1594,0.00476594
1595,0.00474447
1596,0.00474447
1597,0.00474447
1598,0.00474447
1599,0.00474447
1600,0.00474447
1601,0.00476723
1602,0.00476723
1603,0.00476723
1604,0.00476723
1605,0.00476723
1606,0.00476723
1607,0.00475017
1608,0.00475017
1609,0.00475583
1610,0.00475583
1611,0.00475583
1612,0.00475583
1613,0.00475583
1614,0.00475583
1615,0.00475583
1616,0.00475583
1617,0.00475048
1618,0.00475048
1619,0.00475048
1620,0.00475583
1621,0.00476726
1622,0.00476726
1623,0.00476726
1624,0.00476726
1625,0.00476726
1626,0.00476726
1627,0.00476726
1628,0.00476726
1629,0.00476726
1630,0.00476726
1631,0.00476725
1632,0.00476726
1633,0.00476726
1634,0.00476726
1635,0.00476726
1636,0.00476726
1637,0.00476726
1638,0.00476726
1639,0.00476725
1640,0.00476725
1641,0.00476725
1642,0.00475702
1643,0.00476725
1644,0.00476725
1645,0.00476725
1646,0.00476726
1647,0.00476725
1648,0.00476726
1649,0.00476726
1650,0.00476726
1651,0.00476726
1652,0.00477042
1653,0.00477167
1654,0.00477167
1655,0.00477168
1656,0.00477168
1657,0.00477168
1658,0.00477167
1659,0.00477167
1660,0.00477167
1661,0.00477167
1662,0.00475583
1663,0.00475583
1664,0.00475583
1665,0.00475583
1666,0.00475583
1667,0.00475583
1668,0.00475583
1669,0.00475583
1670,0.00475583
1671,0.00477168
1672,0.00477448
1673,0.00477444
1674,0.00477444
1675,0.00477169
1676,0.00477169
1677,0.00477432
1678,0.00477432
1679,0.00477432
1680,0.00477432
1681,0.00477432
1682,0.00477432
1683,0.00477432
1684,0.00477432
1685,0.00477432
1686,0.00477432
1687,0.00477432
1688,0.00477432
1689,0.00477432
1690,0.00477432
1691,0.0047745
1692,0.0047593
1693,0.0047593
1694,0.0047745
1695,0.0047745
1696,0.0047745
1697,0.00476912
1698,0.00476912
1699,0.00475263
1700,0.00475029
1701,0.00475029
1702,0.0047236
1703,0.0047236
1704,0.0047236
1705,0.0047236
1706,0.0047526
1707,0.0047526
1708,0.0047526
1709,0.0047526
1710,0.0047526
1711,0.0047526
1712,0.0047526
1713,0.0047526
1714,0.00474323
1715,0.00474323
1716,0.00474323
1717,0.00474323
1718,0.00474901
1719,0.00474848
1720,0.00474848
1721,0.00474848
1722,0.00474848
1723,0.00474848
1724,0.00474848
1725,0.0047526
1726,0.0047526
1727,0.00475263
1728,0.00475263
1729,0.0047
1730,0.0047
1731,0.0047
1732,0.0047
1733,0.0047
1734,0.00474535
1735,0.00474535
1736,0.00474448
1737,0.0047432
1738,0.00474267
1739,0.00474267
1740,0.00474267
1741,0.00474267
1742,0.00474267
1743,0.00474267
1744,0.00474267
1745,0.00474267
1746,0.00474267
1747,0.00474267
1748,0.00474267
1749,0.00474267
1750,0.00474267
1751,0.00474267
1752,0.00474267
1753,0.00474267
1754,0.00474714
1755,0.00474714
1756,0.00474717
1757,0.00474717
1758,0.00471794
1759,0.00474717
1760,0.00471852
1761,0.00471852
1762,0.00471852
1763,0.00471852
1764,0.00471852
1765,0.00471852
1766,0.00471852
1767,0.00471852
1768,0.00471852
1769,0.00471852
1770,0.00471852
1771,0.00471852
1772,0.00475263
1773,0.00475263
1774,0.00475263
1775,0.00475263
1776,0.0047521
1777,0.00475511
1778,0.00475511
1779,0.00475511
1780,0.00475511
1781,0.00475607
1782,0.00475664
1783,0.00475664
1784,0.00475664
1785,0.00475664
1786,0.00475664
1787,0.00475664
1788,0.00475664
1789,0.00475664
1790,0.00475664
1791,0.00475664
1792,0.0047662
1793,0.00475606
1794,0.00475606
1795,0.00475606
1796,0.00475606
1797,0.00475606
1798,0.00475606
1799,0.00475606
1800,0.00475606
1801,0.00475606
1802,0.00475606
1803,0.00475606
1804,0.00475606
1805,0.00475606
1806,0.00475606
1807,0.00474931
1808,0.00474931
1809,0.00474931
1810,0.0047719
1811,0.0047719
1812,0.00475607
1813,0.00475607
1814,0.00475607
1815,0.00477438
1816,0.00477438
1817,0.00477438
1818,0.00477438
1819,0.00477421
1820,0.00477418
1821,0.00477418
1822,0.00477418
1823,0.00477418
1824,0.00477418
1825,0.00477418
1826,0.00474934
1827,0.00474934
1828,0.00474934
1829,0.00475395
1830,0.00475395
1831,0.00475395
1832,0.00475395
1833,0.0047743
1834,0.0047743
1835,0.00477426
1836,0.00477426
1837,0.00477426
1838,0.00477413
1839,0.00477413
1840,0.0047741
1841,0.0047741
1842,0.0047741
1843,0.0047741
1844,0.0047741
1845,0.0047741
1846,0.0047741
1847,0.0047741
1848,0.0047741
1849,0.0047741
1850,0.0047741
1851,0.0047741
1852,0.0047741
1853,0.0047741
1854,0.0047741
1855,0.0047741
1856,0.0047741
1857,0.0047741
1858,0.0047741
1859,0.0047741
1860,0.0047741
1861,0.00475403
1862,0.00475403
1863,0.00475403
1864,0.00475403
1865,0.00475404
1866,0.00475404
1867,0.00475404
1868,0.00475404
1869,0.00475404
1870,0.00475404
1871,0.00475404
1872,0.00475404
1873,0.00475404
1874,0.00475404
1875,0.00475404
1876,0.00475404
1877,0.00475404
1878,0.00475404
1879,0.00475404
1880,0.00475394
1881,0.00475394
1882,0.00475394
1883,0.00470443
1884,0.0047529
1885,0.0047529
1886,0.00475308
1887,0.00475308
1888,0.00471923
1889,0.00471923
1890,0.00471923
1891,0.00471923
1892,0.00471923
1893,0.00475079
1894,0.00475079
1895,0.00475079
1896,0.00474894
1897,0.00474997
1898,0.00474997
1899,0.00474997
1900,0.00474997
1901,0.00474997
1902,0.00472051
1903,0.00472051
1904,0.00472051
1905,0.00472051
1906,0.00472051
1907,0.00472051
1908,0.00472051
1909,0.00472051
1910,0.00472051
1911,0.00472051
1912,0.00472085
1913,0.00472085
1914,0.00472085
1915,0.00474836
1916,0.00474836
1917,0.00474836
1918,0.00474836
1919,0.00474836
1920,0.00474836
1921,0.00474836
1922,0.00474836
1923,0.00474836
1924,0.00474836
1925,0.00474836
1926,0.00474836
1927,0.00474836
1928,0.00474836
1929,0.00474836
1930,0.00474836
1931,0.00474836
1932,0.0047436
1933,0.00474359
1934,0.00474359
1935,0.00474359
1936,0.00474359
1937,0.00474359
1938,0.00474359
1939,0.0047208
1940,0.0047208
1941,0.0047208
1942,0.0047208
1943,0.0047208
1944,0.004743
1945,0.004743
1946,0.00475355
1947,0.00475355
1948,0.00475355
1949,0.00475355
1950,0.00475355
1951,0.00475355
1952,0.00475355
1953,0.00475351
1954,0.00475351
1955,0.00475351
1956,0.00475351
1957,0.00475351
1958,0.00475351
1959,0.00475351
1960,0.00475351
1961,0.00475351
1962,0.00474319
1963,0.00474319
1964,0.00474318
1965,0.00474318
1966,0.00474318
1967,0.0047431
1968,0.00474307
1969,0.00474306
1970,0.00474301
1971,0.00474301
1972,0.00474301
1973,0.00474301
1974,0.00474301
1975,0.00474301
1976,0.00474301
1977,0.00474301
1978,0.00474301
1979,0.00474301
1980,0.004743
1981,0.004743
1982,0.004743
1983,0.004743
1984,0.004743
1985,0.004743
1986,0.004743
1987,0.004743
1988,0.004743
1989,0.004743
1990,0.004743
1991,0.004743
1992,0.00473939
1993,0.00473939
1994,0.00473939
1995,0.00473939
1996,0.00473939
1997,0.00473939
1998,0.00473939
1999,0.00474293
2000,0.00474293
2001,0.00474293
2002,0.00474293
2003,0.00474293
2004,0.00474293
2005,0.00474293
2006,0.00474293
2007,0.00474299
2008,0.00474299
2009,0.004743
2010,0.004743
2011,0.004743
2012,0.004743
2013,0.00470897
2014,0.00470897
2015,0.00470897
2016,0.00470897
2017,0.00474299
2018,0.00474299
2019,0.00474318
2020,0.00470812
2021,0.0047
2022,0.00474131
2023,0.00472157
2024,0.00473949
2025,0.00473949
2026,0.00473949
2027,0.00473949
2028,0.00473949
2029,0.00473949
2030,0.00473949
2031,0.00473949
2032,0.00473949
2033,0.00473274
2034,0.00473274
2035,0.00473274
2036,0.00473274
2037,0.00473274
2038,0.00473738
2039,0.0047386
2040,0.0047386
2041,0.00472157
2042,0.00472157
2043,0.00472158
2044,0.00472158
2045,0.00472158
2046,0.00472158
2047,0.00472158
2048,0.00472158
2049,0.00472158
2050,0.00472158
2051,0.00472158
2052,0.00472158
2053,0.00473221
2054,0.00473221
2055,0.00473221
2056,0.00473221
2057,0.00473221
2058,0.00473221
2059,0.00473221
2060,0.00473764
2061,0.00473764
2062,0.00473764
2063,0.00473764
2064,0.00473764
2065,0.00473764
2066,0.00473764
2067,0.00473764
2068,0.00473764
2069,0.00473764
2070,0.00473764
2071,0.0047395
2072,0.00472961
2073,0.00472961
2074,0.00472961
2075,0.00472961
2076,0.00474311
2077,0.00474311
2078,0.00474311
2079,0.0047235
2080,0.0047235
2081,0.0047235
2082,0.0047235
2083,0.0047235
2084,0.0047235
2085,0.00474279
2086,0.00474279
2087,0.00474279
2088,0.00474279
2089,0.00474279
2090,0.00474256
2091,0.00474256
2092,0.00474244
2093,0.00474244
2094,0.00474244
2095,0.00474244
2096,0.00474244
2097,0.00472485
2098,0.00472485
2099,0.00472503
2100,0.00472503
2101,0.00472503
2102,0.00475394
2103,0.00472538
2104,0.00472542
2105,0.00472542
2106,0.00472542
2107,0.00472542
2108,0.00472542
2109,0.00472542
2110,0.00472542
2111,0.00475394
2112,0.00475394
2113,0.00472603
2114,0.00472603
2115,0.00472603
2116,0.00472603
2117,0.00472631
2118,0.00472631
2119,0.00472631
2120,0.00472631
2121,0.00472631
2122,0.00472631
2123,0.00472631
2124,0.00472631
2125,0.00472631
2126,0.0047539
2127,0.0047539
2128,0.00475389
2129,0.00477453
2130,0.00477451
2131,0.00477451
2132,0.00477451
2133,0.00477451
2134,0.00477451
2135,0.00477439
2136,0.0047744
2137,0.0047744
2138,0.0047744
2139,0.0047744
2140,0.0047744
2141,0.0047744
2142,0.0047744
2143,0.0047744
2144,0.0047744
2145,0.0047744
2146,0.00477444
2147,0.00477444
2148,0.00477444
2149,0.00477452
2150,0.00477452
2151,0.00477451
2152,0.00477451
2153,0.00475749
2154,0.00478411
2155,0.00478411
2156,0.00478411
2157,0.00478411
2158,0.00478411
2159,0.00478411
2160,0.00478411
2161,0.00478411
2162,0.00478411
2163,0.00478409
2164,0.00478409
2165,0.00478409
2166,0.00478409
2167,0.00478409
2168,0.00478409
2169,0.00478409
2170,0.00478409
2171,0.00478409
2172,0.00478409
2173,0.00478409
2174,0.00478409
2175,0.00478409
2176,0.00478409
2177,0.00478409
2178,0.00478409
2179,0.00478401
2180,0.00478401
2181,0.00478401
2182,0.00478401
2183,0.00478401
2184,0.00478401
2185,0.00478401
2186,0.00475507
2187,0.00475507
2188,0.00475507
2189,0.00475507
2190,0.00478309
2191,0.00478309
2192,0.00478309
2193,0.00478309
2194,0.00478309
2195,0.00478309
2196,0.0047669
2197,0.0047669
2198,0.0047668
2199,0.0047668
2200,0.0047668
2201,0.0047668
2202,0.0047668
2203,0.0047668
2204,0.0047668
2205,0.0047668
2206,0.0047668
2207,0.0047668
2208,0.0047668
2209,0.0047668
2210,0.0047668
2211,0.0047668
2212,0.00476677
2213,0.00476677
2214,0.00475126
2215,0.00475126
2216,0.00475126
2217,0.00475126
2218,0.00476666
2219,0.00476666
2220,0.00476666
2221,0.00476666
2222,0.00476666
2223,0.00476645
2224,0.00476645
2225,0.00476645
2226,0.00476645
2227,0.00476645
2228,0.00476631
2229,0.00476631
2230,0.00476631
2231,0.00476631
2232,0.00476631
2233,0.00476631
2234,0.00476631
2235,0.00476631
2236,0.00476631
2237,0.00476631
2238,0.00476631
2239,0.00473125
2240,0.00473125
2241,0.00473125
2242,0.00473125
2243,0.00473125
2244,0.00473125
2245,0.00473125
2246,0.00473125
2247,0.0047653
2248,0.0047653
2249,0.0047653
2250,0.0047653
2251,0.0047653
2252,0.0047653
2253,0.0047653
2254,0.0047653
2255,0.0047653
2256,0.0047653
2257,0.0047653
2258,0.00476367
2259,0.00472267
2260,0.00472267
2261,0.00472267
2262,0.00473055
2263,0.00473055
2264,0.00473055
2265,0.00473055
2266,0.00473055
2267,0.00473055
2268,0.00472173
2269,0.00472173
2270,0.00472173
2271,0.00472173
2272,0.00472173
2273,0.0047217
2274,0.0047217
2275,0.0047217
2276,0.0047217
2277,0.0047216
2278,0.0047216
2279,0.0047216
2280,0.0047216
2281,0.00472164
2282,0.00472164
2283,0.00472164
2284,0.00472164
2285,0.00472164
2286,0.00472164
2287,0.00472164
2288,0.00472164
2289,0.00472164
2290,0.00475613
2291,0.00475613
2292,0.00475613
2293,0.00475613
2294,0.00470471
2295,0.00470471
2296,0.0047016
2297,0.0047016
2298,0.0047016
2299,0.0047016
2300,0.0047016
2301,0.0047016
2302,0.0047016
2303,0.00475343
2304,0.00475343
2305,0.00475343
2306,0.00475343
2307,0.00475343
2308,0.00475343
2309,0.00475343
2310,0.00475343
2311,0.00475343
2312,0.00475343
2313,0.00475343
2314,0.00475343
2315,0.00475343
2316,0.00475343
2317,0.00475343
2318,0.00472607
2319,0.00472607
2320,0.00472607
2321,0.00470207
2322,0.00470205
2323,0.00470051
2324,0.00475099
2325,0.00475099
2326,0.00475099
2327,0.00475083
2328,0.00475083
2329,0.00475083
2330,0.00475083
2331,0.00475083
2332,0.00475083
2333,0.0047504
2334,0.0047504
2335,0.0047504
2336,0.00475013
2337,0.00475013
2338,0.0047234
2339,0.00472344
2340,0.00472344
2341,0.00472344
2342,0.00472355
2343,0.00472355
2344,0.00472355
2345,0.00472355
2346,0.00472355
2347,0.00472355
2348,0.00471223
2349,0.00471223
2350,0.00471223
2351,0.00471223
2352,0.00471223
2353,0.00471253
2354,0.004713
2355,0.00471199
2356,0.00471199
2357,0.00471199
2358,0.00471199
2359,0.00471203
2360,0.00471202
2361,0.004715
2362,0.00474669
2363,0.00471196
2364,0.00471196
2365,0.00471196
2366,0.00471196
2367,0.00471196
2368,0.00471196
2369,0.00471195
2370,0.00471195
2371,0.00471196
2372,0.00474061
2373,0.00471196
2374,0.0047
2375,0.0047
2376,0.0047
2377,0.0047
2378,0.0047
2379,0.0047
2380,0.0047
2381,0.0047
2382,0.0047
2383,0.0047
2384,0.0047
2385,0.0047
2386,0.0047
2387,0.00471111
2388,0.00471111
2389,0.00471111
2390,0.00471111
2391,0.00471111
2392,0.00471111
2393,0.00471111
2394,0.00471111
2395,0.00471193
2396,0.00471193
2397,0.00471193
2398,0.00471193
2399,0.00471193
2400,0.0047
2401,0.0047119
2402,0.0047119
2403,0.0047119
2404,0.00471196
2405,0.00471196
2406,0.0047
2407,0.0047
2408,0.00471192
2409,0.00471192
2410,0.00471192
2411,0.00471196
2412,0.00471196
2413,0.00471196
2414,0.00471196
2415,0.00471196
2416,0.00471193
2417,0.00469704
2418,0.00469704
2419,0.00469705
2420,0.0047
2421,0.0047
2422,0.0047
2423,0.0047
2424,0.0047
2425,0.00469705
2426,0.00469705
2427,0.00469705
2428,0.00469705
2429,0.00469705
2430,0.00469706
2431,0.0047
2432,0.00466397
2433,0.00466397
2434,0.00466397
2435,0.00466397
2436,0.00469987
2437,0.00469987
2438,0.00469987
2439,0.00466612
2440,0.00466612
2441,0.00466612
2442,0.00466612
2443,0.00466612
2444,0.00466612
2445,0.00466612
2446,0.00466612
2447,0.00466612
2448,0.00466612
2449,0.00466612
2450,0.00469693
2451,0.00469
2452,0.00469
2453,0.00469
2454,0.00467958
2455,0.00467958
2456,0.00466703
2457,0.00466703
2458,0.00466703
2459,0.00467958
2460,0.00467958
2461,0.00469673
2462,0.00469673
2463,0.00469669
2464,0.00466705
2465,0.00465574
2466,0.00465574
2467,0.00465574
2468,0.00465574
2469,0.00469394
2470,0.00465335
2471,0.00465335
2472,0.00469005
2473,0.00463068
2474,0.00467813
2475,0.00461002
2476,0.00461002
2477,0.00461002
2478,0.00466104
2479,0.00466054
2480,0.00466003
2481,0.00465995
2482,0.00465995
2483,0.00465985
2484,0.00463429
2485,0.00465958
2486,0.00461542
2487,0.00461595
2488,0.00461276
2489,0.00461276
2490,0.00461276
2491,0.00463802
2492,0.0046499
2493,0.0046499
2494,0.0046499
2495,0.0046499
2496,0.00464987
2497,0.00464983
2498,0.00464983
2499,0.00464982
2500,0.00464982
2501,0.00464982
2502,0.00464982
2503,0.00464982
2504,0.00464982
2505,0.00464982
2506,0.00464982
2507,0.00464982
2508,0.00463891
2509,0.00463891
2510,0.00463891
2511,0.00463891
2512,0.00463889
2513,0.00463889
2514,0.00463889
2515,0.00463889
2516,0.00463889
2517,0.00463889
2518,0.00463889
2519,0.00463889
2520,0.00463889
2521,0.00468235
2522,0.0046811
2523,0.00468109
2524,0.00468109
2525,0.00468109
2526,0.00468096
2527,0.00468094
2528,0.00468094
2529,0.00468094
2530,0.00468094
2531,0.00468094
2532,0.00468094
2533,0.00463964
2534,0.00463964
2535,0.00463965
2536,0.00463965
2537,0.00463965
2538,0.00463964
2539,0.00463964
2540,0.00463964
2541,0.00463965
2542,0.00468037
2543,0.00468037
2544,0.00468037
2545,0.00468037
2546,0.00468037
2547,0.00468037
2548,0.00461545
2549,0.00461725
2550,0.00461725
2551,0.00461854
2552,0.00461854
2553,0.00461854
2554,0.00461854
2555,0.00461854
2556,0.00461854
2557,0.00461854
2558,0.00461854
2559,0.00461854
2560,0.00461854
2561,0.00461583
2562,0.00461583
2563,0.00461583
2564,0.00461583
2565,0.00461583
2566,0.00461583
2567,0.00461583
2568,0.00461583
2569,0.00463687
2570,0.00463687
2571,0.00463687
2572,0.00463687
2573,0.00463687
2574,0.00463687
2575,0.00465305
2576,0.00463687
2577,0.00463687
2578,0.00465296
2579,0.00465296
2580,0.00465296
2581,0.00465296
2582,0.00465296
2583,0.00465296
2584,0.00465246
2585,0.00465246
2586,0.00465246
2587,0.00465246
2588,0.00465045
2589,0.00465045
2590,0.00464869
2591,0.00464869
2592,0.00464869
2593,0.00464869
2594,0.00464869
2595,0.0046178
2596,0.0046178
2597,0.0046178
2598,0.00464738
2599,0.00464738
2600,0.00464738
2601,0.00464738
2602,0.00464738
2603,0.00464738
2604,0.00464738
2605,0.00464738
2606,0.0046468
2607,0.0046468
2608,0.00465261
2609,0.00464681
2610,0.00464681
2611,0.00464681
2612,0.00464681
2613,0.00464681
2614,0.0046468
2615,0.0046468
2616,0.0046468
2617,0.0046468
2618,0.0046468
2619,0.0046468
2620,0.0046468
2621,0.0046468
2622,0.0046468
2623,0.0046468
2624,0.00465213
2625,0.00464681
2626,0.00464681
2627,0.00464681
2628,0.0046468
2629,0.0046468
2630,0.0046468
2631,0.0046468
2632,0.0046468
2633,0.00463479
2634,0.00463479
2635,0.00463479
2636,0.00463479
2637,0.00463479
2638,0.00463479
2639,0.00464631
2640,0.0046463
2641,0.0046463
2642,0.0046463
2643,0.0046463
2644,0.0046463
2645,0.0046463
2646,0.0046463
2647,0.0046463
2648,0.00461841
2649,0.00461846
2650,0.00461849
2651,0.00461854
2652,0.00461858
2653,0.00461858
2654,0.00461858
2655,0.00464623
2656,0.00464623
2657,0.00464623
2658,0.00464623
2659,0.00464623
2660,0.00464623
2661,0.00464623
2662,0.00464623
2663,0.00464623
2664,0.00464623
2665,0.00464631
2666,0.00464631
2667,0.00464631
2668,0.00464631
2669,0.00464631
2670,0.00464631
2671,0.00464631
2672,0.00464631
2673,0.00465914
2674,0.00465906
2675,0.00465906
2676,0.00464633
2677,0.00464633
2678,0.00464633
2679,0.00464633
2680,0.00464633
2681,0.00464633
2682,0.00464633
2683,0.00461728
2684,0.00461727
2685,0.0046023
2686,0.00460061
2687,0.00459973
2688,0.0045901
2689,0.0045901
2690,0.0045901
2691,0.0045901
2692,0.0045901
2693,0.0045901
2694,0.0045901
2695,0.0045901
2696,0.00459032
2697,0.00464638
2698,0.00464638
2699,0.00464638
2700,0.00464607
2701,0.00464607
2702,0.00464607
2703,0.00459757
2704,0.00459757
2705,0.00459757
2706,0.00459757
2707,0.00459757
2708,0.00464522
2709,0.0045994
2710,0.0045994
2711,0.0045994
2712,0.0045994
2713,0.0045994
2714,0.00464445
2715,0.00464441
2716,0.00464441
2717,0.00464441
2718,0.00459946
2719,0.00459946
2720,0.00459946
2721,0.00459946
2722,0.00459949
2723,0.00459949
2724,0.00464354
2725,0.00462426
2726,0.00462426
2727,0.00462426
2728,0.00462426
2729,0.00462426
2730,0.00462426
2731,0.00462426
2732,0.00462426
2733,0.00462426
2734,0.00462426
2735,0.00462426
2736,0.00464673
2737,0.00464673
2738,0.00464673
2739,0.00464673
2740,0.00464673
2741,0.00464673
2742,0.00464673
2743,0.00464673
2744,0.00464977
2745,0.00464977
2746,0.00464977
2747,0.00464977
2748,0.00464977
2749,0.00464977
2750,0.00464977
2751,0.00465224
2752,0.00465224
2753,0.00465224
2754,0.00465224
2755,0.00464977
2756,0.00465433
2757,0.00465433
2758,0.00465433
2759,0.00465433
2760,0.00465433
2761,0.00465433
2762,0.00465429
2763,0.00465429
2764,0.00465429
2765,0.00464977
2766,0.00464977
2767,0.00464977
2768,0.00464977
2769,0.00464977
2770,0.00464977
2771,0.00464977
2772,0.00464977
2773,0.00464977
2774,0.00464977
2775,0.00464977
2776,0.00464977
2777,0.00464977
2778,0.00464977
2779,0.00464977
2780,0.00464977
2781,0.004654
2782,0.004654
2783,0.004654
2784,0.004654
2785,0.004654
2786,0.004654
2787,0.004654
2788,0.00465435
2789,0.00465435
2790,0.00465435
2791,0.00465435
2792,0.00465435
2793,0.00465917
2794,0.00467546
2795,0.00467546
2796,0.00467546
2797,0.00467546
2798,0.00467
2799,0.00467
2800,0.00467
2801,0.00467
2802,0.00467
2803,0.00467
2804,0.00467
2805,0.00467
2806,0.00466998
2807,0.004659
2808,0.00465899
2809,0.00462798
2810,0.00462798
2811,0.00465896
2812,0.00465896
2813,0.00465896
2814,0.00465892
2815,0.00465892
2816,0.00465892
2817,0.00465892
2818,0.00465892
2819,0.00465892
2820,0.00465892
2821,0.00465892
2822,0.00465892
2823,0.00465892
2824,0.00465892
2825,0.00465892
2826,0.00465892
2827,0.00465889
2828,0.00465889
2829,0.00465899
2830,0.00465899
2831,0.00465899
2832,0.00465899
2833,0.00465899
2834,0.00463228
2835,0.00463228
2836,0.00463228
2837,0.00463228
2838,0.00463228
2839,0.00463228
2840,0.00463228
2841,0.0046434
2842,0.0046434
2843,0.0046434
2844,0.0046434
2845,0.0046434
2846,0.0046434
2847,0.0046434
2848,0.0046434
2849,0.00464825
2850,0.00465899
2851,0.00465899
2852,0.00465899
2853,0.00465899
2854,0.00465899
2855,0.00465899
2856,0.00465899
2857,0.00465899
2858,0.00465898
2859,0.00465898
2860,0.00465898
2861,0.00465898
2862,0.00465898
2863,0.00465898
2864,0.00465898
2865,0.00465898
2866,0.00465898
2867,0.00465898
2868,0.00465898
2869,0.00465899
2870,0.00465899
2871,0.00465899
2872,0.00465899
2873,0.00465899
2874,0.00465899
2875,0.00465899
2876,0.00464352
2877,0.00464352
2878,0.00464352
2879,0.00464352
2880,0.00464352
2881,0.00465899
2882,0.00465899
2883,0.00464352
2884,0.00465899
2885,0.00465899
2886,0.00465895
2887,0.00465895
2888,0.00465884
2889,0.00462426
2890,0.00462426
2891,0.00462426
2892,0.00462429
2893,0.00462429
2894,0.00462429
2895,0.00465859
2896,0.00465859
2897,0.00465859
2898,0.00465859
2899,0.00465859
2900,0.00465859
2901,0.00465859
2902,0.00465859
2903,0.00465859
2904,0.00465859
2905,0.00465859
2906,0.0046581
2907,0.0046581
2908,0.0046581
2909,0.00465793
2910,0.00465793
2911,0.00465793
2912,0.00465793
2913,0.00465793
2914,0.00465793
2915,0.00465793
2916,0.00465793
2917,0.00465793
2918,0.00465793
2919,0.00465793
2920,0.00465793
2921,0.00465793
2922,0.00465793
2923,0.00463
2924,0.00463
2925,0.00463
2926,0.00463
2927,0.00461
2928,0.00462999
2929,0.00462999
2930,0.00462999
2931,0.00463
2932,0.00463
2933,0.00463
2934,0.00463
2935,0.00463
2936,0.00463
2937,0.00463
2938,0.00463
2939,0.00463
2940,0.00463
2941,0.00463
2942,0.00463
2943,0.00463
2944,0.00463
2945,0.00463
2946,0.00461
2947,0.00460997
2948,0.00460997
2949,0.00460763
2950,0.00460474
2951,0.00460474
2952,0.00461
2953,0.00461
2954,0.00460999
2955,0.00460999
2956,0.00460781
2957,0.00460781
2958,0.00460478
2959,0.00460473
2960,0.00460473
2961,0.00460473
2962,0.00460473
2963,0.00460473
2964,0.00460473
2965,0.00460116
2966,0.00460116
2967,0.00460116
2968,0.00460116
2969,0.00460116
2970,0.0045994
2971,0.0045994
2972,0.00460473
2973,0.00460473
2974,0.0045949
2975,0.0045949
2976,0.00459489
2977,0.00459489
2978,0.00459489
2979,0.00459489
2980,0.00459489
2981,0.00459489
2982,0.0045876
2983,0.0045949
2984,0.00458636
2985,0.00458636
2986,0.00458517
2987,0.00458517
2988,0.00458517
2989,0.00460473
2990,0.00459491
2991,0.00459491
2992,0.00459491
2993,0.00459491
2994,0.00459491
2995,0.00459491
2996,0.00459491
2997,0.00460473
2998,0.00460473
2999,0.00461
3000,0.00461
3001,0.00461
3002,0.00461
3003,0.00461
3004,0.00462602
3005,0.00462602
3006,0.00462602
3007,0.00462602
3008,0.00462602
3009,0.00462602
3010,0.00462526
3011,0.00462526
3012,0.00462526
3013,0.00462526
3014,0.00462526
3015,0.00462526
3016,0.00462526
3017,0.00460999
3018,0.00460999
3019,0.00460999
3020,0.00460999
3021,0.00460999
3022,0.00460999
3023,0.00460999
3024,0.00460999
3025,0.00460999
3026,0.00460999
3027,0.00458518
3028,0.00458518
3029,0.00458518
3030,0.00458518
3031,0.00458518
3032,0.00458518
3033,0.00458518
3034,0.00458518
3035,0.00458518
3036,0.00458518
3037,0.00460999
3038,0.00460887
3039,0.00460887
3040,0.00460887
3041,0.00460887
3042,0.00460887
3043,0.00460887
3044,0.00460887
3045,0.00460887
3046,0.00460887
3047,0.00460887
3048,0.00460942
3049,0.00460942
3050,0.00460942
3051,0.00460998
3052,0.00460998
3053,0.00460999
3054,0.00460999
3055,0.00460999
3056,0.00460998
3057,0.00460998
3058,0.00460998
3059,0.00460998
3060,0.00460998
3061,0.00460998
3062,0.00460998
3063,0.00460998
3064,0.00460998
3065,0.00460998
3066,0.00460998
3067,0.00460998
3068,0.00460998
3069,0.00460998
3070,0.00460998
3071,0.00460998
3072,0.00460998
3073,0.00460998
3074,0.00460998
3075,0.00460998
3076,0.00460998
3077,0.00460998
3078,0.00460998
3079,0.00460998
3080,0.00460998
3081,0.00460998
3082,0.00460998
3083,0.00460998
3084,0.00460998
3085,0.00460998
3086,0.00460998
3087,0.00460998
3088,0.00461558
3089,0.00461558
3090,0.00460999
3091,0.00460999
3092,0.00460999
3093,0.00460999
3094,0.00460999
3095,0.00460999
3096,0.00460999
3097,0.00460999
3098,0.00460999
3099,0.00460999
3100,0.00460999
3101,0.00460999
3102,0.00460999
3103,0.00461489
3104,0.00461489
3105,0.00461478
3106,0.00461478
3107,0.00461478
3108,0.00461478
3109,0.00461478
3110,0.00461478
3111,0.00461478
3112,0.00461478
3113,0.00461478
3114,0.00461537
3115,0.00461537
3116,0.00461537
3117,0.00461537
3118,0.00461537
3119,0.00461537
3120,0.00461562
3121,0.00461562
3122,0.00461562
3123,0.00461562
3124,0.00462297
3125,0.00462297
3126,0.00462297
3127,0.00462297
3128,0.00462297
3129,0.00462297
3130,0.00462297
3131,0.00462297
3132,0.00462297
3133,0.00462297
3134,0.00462297
3135,0.00460999
3136,0.00462297
3137,0.00460998
3138,0.00462297
3139,0.00462297
3140,0.00462297
3141,0.00461002
3142,0.00461002
3143,0.00461002
3144,0.00461002
3145,0.00461002
3146,0.00461002
3147,0.00461002
3148,0.00461002
3149,0.00462715
3150,0.00462715
3151,0.00462715
3152,0.00463223
3153,0.00464029
3154,0.0046403
3155,0.0046403
3156,0.00464085
3157,0.00464085
3158,0.00464085
3159,0.00464085
3160,0.00464085
3161,0.00464085
3162,0.00464085
3163,0.00464085
3164,0.00464084
3165,0.00464085
3166,0.00465078
3167,0.00465078
3168,0.00465078
3169,0.00465078
3170,0.00465078
3171,0.00465078
3172,0.00465078
3173,0.00465078
3174,0.00465078
3175,0.00465078
3176,0.00465078
3177,0.00465079
3178,0.00465079
3179,0.00465079
3180,0.00465078
3181,0.00465078
3182,0.00465078
3183,0.00465078
3184,0.00465078
3185,0.00465078
3186,0.00465078
3187,0.00465078
3188,0.00464498
3189,0.00464498
3190,0.00464085
3191,0.00464085
3192,0.00464085
3193,0.00464085
3194,0.00464498
3195,0.00464498
3196,0.00464498
3197,0.00464498
3198,0.00464498
3199,0.00464498
3200,0.00464498
3201,0.00464498
3202,0.00464498
3203,0.00464498
3204,0.00464498
3205,0.00464498
3206,0.00464085
3207,0.00464085
3208,0.00464499
3209,0.00464499
3210,0.00464499
3211,0.00464499
3212,0.00464499
3213,0.004659
3214,0.00466736
3215,0.00466737
3216,0.00464499
3217,0.00464499
3218,0.00464499
3219,0.00464499
3220,0.00464499
3221,0.00466736
3222,0.00466736
3223,0.00466736
3224,0.00466736
3225,0.00466736
3226,0.00467404
3227,0.00466736
3228,0.00466736
3229,0.00466736
3230,0.00466736
3231,0.00466736
3232,0.00466736
3233,0.00466736
3234,0.00466736
3235,0.00466736
3236,0.00466736
3237,0.00466736
3238,0.00466736
3239,0.00466736
3240,0.00466736
3241,0.00466736
3242,0.00466736
3243,0.00466736
3244,0.00466736
3245,0.00466736
3246,0.00466736
3247,0.00466736
3248,0.00466736
3249,0.00467558
3250,0.00467558
3251,0.00467558
3252,0.00467558
3253,0.00467558
3254,0.00467558
3255,0.00467558
3256,0.00467558
3257,0.00467558
3258,0.00466738
3259,0.00466738
3260,0.00466738
3261,0.00466738
3262,0.00466738
3263,0.00466738
3264,0.00466738
3265,0.00467558
3266,0.00467558
3267,0.00467558
3268,0.00467558
3269,0.00467558
3270,0.00467759
3271,0.00467759
3272,0.00467759
3273,0.0046776
3274,0.0046776
3275,0.0046776
3276,0.0046776
3277,0.0046776
3278,0.00467759
3279,0.0046797
3280,0.0046797
3281,0.0046776
3282,0.00467967
3283,0.00467967
3284,0.00467967
3285,0.00467967
3286,0.00467965
3287,0.00467761
3288,0.00468267
3289,0.00468267
3290,0.00467759
3291,0.00467759
3292,0.00467759
3293,0.00467759
3294,0.00467759
3295,0.00467759
3296,0.00467759
3297,0.00467758
3298,0.00467848
3299,0.00468267
3300,0.00468267
3301,0.00468267
3302,0.00467759
3303,0.00467759
3304,0.00467759
3305,0.00467758
3306,0.00467758
3307,0.00467761
3308,0.00467761
3309,0.00467761
3310,0.00467761
3311,0.00467761
3312,0.00467761
3313,0.00468309
3314,0.00468309
3315,0.00468311
3316,0.00468311
3317,0.00471078
3318,0.00468309
3319,0.00468312
3320,0.00468312
3321,0.00468312
3322,0.00469429
3323,0.00471075
3324,0.00471075
3325,0.00471075
3326,0.00471075
3327,0.00471075
3328,0.00471073
3329,0.00471073
3330,0.00469429
3331,0.00471073
3332,0.00471073
3333,0.00469429
3334,0.00469429
3335,0.00469429
3336,0.00469429
3337,0.00469429
3338,0.00469429
3339,0.00471079
3340,0.00471071
3341,0.0047107
3342,0.0047107
3343,0.0047107
3344,0.0047107
3345,0.0047107
3346,0.0047107
3347,0.0047107
3348,0.00470433
3349,0.00470433
3350,0.00470433
3351,0.00470433
3352,0.0047107
3353,0.0047107
3354,0.0047107
3355,0.0047107
3356,0.0047107
3357,0.0047107
3358,0.0047107
3359,0.0047107
3360,0.0047107
3361,0.00471069
3362,0.00471069
3363,0.00471069
3364,0.00471069
3365,0.0047107
3366,0.0047107
3367,0.0047107
3368,0.0047107
3369,0.0047107
3370,0.0047107
3371,0.0047107
3372,0.0047107
3373,0.0047107
3374,0.00470008
3375,0.00470008
3376,0.00470007
3377,0.00469536
3378,0.00469536
3379,0.00469536
3380,0.00469536
3381,0.00469536
3382,0.00469536
3383,0.00470007
3384,0.00470007
3385,0.00469536
3386,0.00469536
3387,0.00469536
3388,0.00470007
3389,0.00469539
3390,0.00469539
3391,0.00469539
3392,0.00469539
3393,0.00469539
3394,0.00469539
3395,0.00469539
3396,0.00471167
3397,0.00471167
3398,0.00473324
3399,0.00473324
3400,0.00473324
3401,0.00473324
3402,0.0047456
3403,0.00470715
3404,0.00470715
3405,0.00470715
3406,0.00470715
3407,0.0047456
3408,0.00476098
3409,0.00475997
3410,0.00475997
3411,0.00475974
3412,0.00472281
3413,0.00472289
3414,0.00475973
3415,0.00472305
3416,0.00475522
3417,0.00475416
3418,0.00475842
3419,0.00475842
3420,0.00475524
3421,0.00475524
3422,0.00475524
3423,0.00473203
3424,0.00475525
3425,0.00476098
3426,0.00476098
3427,0.00476098
3428,0.00476098
3429,0.00476098
3430,0.00476098
3431,0.00476098
3432,0.00476099
3433,0.00476099
3434,0.00476099
3435,0.004761
3436,0.004761
3437,0.004761
3438,0.004761
3439,0.004756
3440,0.0047668
3441,0.004756
3442,0.004756
3443,0.004756
3444,0.0047668
3445,0.0047668
3446,0.0047668
3447,0.0047668
3448,0.0047668
3449,0.0047668
3450,0.00476665
3451,0.0047668
3452,0.00476662
3453,0.00476662
3454,0.00476662
3455,0.00476662
3456,0.00476662
3457,0.00473547
3458,0.0047364
3459,0.00473222
3460,0.0047364
3461,0.0047364
3462,0.0047364
3463,0.0047364
3464,0.00470161
3465,0.00470161
3466,0.00470161
3467,0.00473631
3468,0.00473631
3469,0.00473631
3470,0.00473631
3471,0.00473631
3472,0.00473631
3473,0.00473631
3474,0.00473641
3475,0.00473641
3476,0.00473
3477,0.00475987
3478,0.00475987
3479,0.00475987
3480,0.00475987
3481,0.00475987
3482,0.00475987
3483,0.00475987
3484,0.00475987
3485,0.00475933
3486,0.00473
3487,0.00473
3488,0.00473
3489,0.00473
3490,0.00473
3491,0.00473
3492,0.00473
3493,0.00473
3494,0.00473
3495,0.00473
3496,0.00480964
3497,0.0047984
3498,0.0047984
3499,0.0048131
3500,0.0048131
3501,0.0048129
3502,0.0048129
3503,0.0048129
3504,0.00481311
3505,0.00481311
3506,0.0047744
3507,0.0047744
3508,0.00473948
3509,0.00476309
3510,0.00476309
3511,0.00476309
3512,0.00476309
3513,0.00476309
3514,0.00476309
3515,0.00476309
3516,0.00476309
3517,0.00478313
3518,0.00478313
3519,0.00481288
3520,0.0048129
3521,0.00481289
3522,0.00481288
3523,0.00481311
3524,0.00481311
3525,0.00481394
3526,0.00481394
3527,0.00481389
3528,0.00481389
3529,0.00481389
3530,0.00481393
3531,0.00481394
3532,0.00481447
3533,0.00481453
3534,0.00481769
3535,0.00481769
3536,0.00481769
3537,0.00481769
3538,0.00481806
3539,0.00481907
3540,0.00481999
3541,0.00482
3542,0.00482
3543,0.00482
3544,0.00481311
3545,0.00482098
3546,0.00482492
3547,0.00482492
3548,0.00482492
3549,0.00480108
3550,0.00482586
3551,0.004817
3552,0.00482586
3553,0.00483406
3554,0.00483406
3555,0.00483406
3556,0.00483406
3557,0.00483405
3558,0.00482586
3559,0.00482586
3560,0.00482585
3561,0.00481827
3562,0.00481827
3563,0.00482585
3564,0.00482585
3565,0.00482585
3566,0.00482585
3567,0.00482586
3568,0.00482586
3569,0.00482586
3570,0.00482586
3571,0.00482585
3572,0.00482585
3573,0.00482585
3574,0.00482585
3575,0.00482585
3576,0.00482585
3577,0.00482585
3578,0.00482585
3579,0.00482586
3580,0.00482586
3581,0.00482586
3582,0.00482586
3583,0.00482586
3584,0.00482586
3585,0.00482586
3586,0.00483405
3587,0.00483405
3588,0.00483405
3589,0.00483405
3590,0.00483405
3591,0.00482593
3592,0.00482593
3593,0.00482593
3594,0.00482593
3595,0.00482593
3596,0.00483405
3597,0.00483405
3598,0.00483405
3599,0.00482586
3600,0.00482585
3601,0.00482582
3602,0.00482582
3603,0.00482585
3604,0.00482584
3605,0.00482582
3606,0.00483465
3607,0.00482582
3608,0.00482582
3609,0.0048256
3610,0.004824
3611,0.004824
3612,0.004824
3613,0.00481827
3614,0.00481827
3615,0.00481827
3616,0.00481827
3617,0.00482399
3618,0.00482399
3619,0.004824
3620,0.00482399
3621,0.004824
3622,0.00482399
3623,0.004824
3624,0.00478325
3625,0.00478325
3626,0.00484202
3627,0.004824
3628,0.00482324
3629,0.00478835
3630,0.00484201
3631,0.00484201
3632,0.00484201
3633,0.00484201
3634,0.00484201
3635,0.00484201
3636,0.00484201
3637,0.00484201
3638,0.00484201
3639,0.00484111
3640,0.00484152
3641,0.00484152
3642,0.00480632
3643,0.00485876
3644,0.00485875
3645,0.00480882
3646,0.00480886
3647,0.00480886
3648,0.00485875
3649,0.00485875
3650,0.00485875
3651,0.00484
3652,0.00484
3653,0.00486524
3654,0.00485
3655,0.00485
3656,0.00484906
3657,0.00484903
3658,0.00484
3659,0.00484902
3660,0.00484902
3661,0.00484902
3662,0.00484
3663,0.00483951
3664,0.00480632
3665,0.00480408
3666,0.00480408
3667,0.00480408
3668,0.00480408
3669,0.00480411
3670,0.00480411
3671,0.00480515
3672,0.00480516
3673,0.0048059
3674,0.00481642
3675,0.00480465
3676,0.00480408
3677,0.00480408
3678,0.00480409
3679,0.00480409
3680,0.00480409
3681,0.00480409
3682,0.00480501
3683,0.00480501
3684,0.00480501
3685,0.00480501
3686,0.00480501
3687,0.00480501
3688,0.00480501
3689,0.0048273
3690,0.0048273
3691,0.0048051
3692,0.0048051
3693,0.00480409
3694,0.00480409
3695,0.00480409
3696,0.00480409
3697,0.0048051
3698,0.0048051
3699,0.00480128
3700,0.00479968
3701,0.00479968
3702,0.00479968
3703,0.00479966
3704,0.0047994
3705,0.00478312
3706,0.00479967
3707,0.00479967
3708,0.00479967
3709,0.00481289
3710,0.00481289
3711,0.00481289
3712,0.00481289
3713,0.00481289
3714,0.00481289
3715,0.00481289
3716,0.00481289
3717,0.00481289
3718,0.00481289
3719,0.00479967
3720,0.00479967
3721,0.00478169
3722,0.00478169
3723,0.00478169
3724,0.00478169
3725,0.00478169
3726,0.00479967
3727,0.00479967
3728,0.00478169
3729,0.00478169
3730,0.00479964
3731,0.00479964
3732,0.0047776
3733,0.0047776
3734,0.0047776
3735,0.0047776
3736,0.0047976
3737,0.00477632
3738,0.00477636
3739,0.00477636
3740,0.00479757
3741,0.00477629
3742,0.00477629
3743,0.00477629
3744,0.00477629
3745,0.0047718
3746,0.0047718
3747,0.0047718
3748,0.0047718
3749,0.00477008
3750,0.00477008
3751,0.0047718
3752,0.0047718
3753,0.0047718
3754,0.0047718
3755,0.0047718
3756,0.0047718
3757,0.0047718
3758,0.00477008
3759,0.00477166
3760,0.00477166
3761,0.00477166
3762,0.00473458
3763,0.00472985
3764,0.00472985
3765,0.00472985
3766,0.00472985
3767,0.00472985
3768,0.00472985
3769,0.00477122
3770,0.00477119
3771,0.00477119
3772,0.00477103
3773,0.00477103
3774,0.00477103
3775,0.00477103
3776,0.00477078
3777,0.00472299
3778,0.00471814
3779,0.00472299
3780,0.00472299
3781,0.00475099
3782,0.00475099
3783,0.00475099
3784,0.00474948
3785,0.00474948
3786,0.00474804
3787,0.00472299
3788,0.00471711
3789,0.00471711
3790,0.00471711
3791,0.00469885
3792,0.00469885
3793,0.00469885
3794,0.00469885
3795,0.00469885
3796,0.00469885
3797,0.00469885
3798,0.00469893
3799,0.00469893
3800,0.00469892
3801,0.00469793
3802,0.00469793
3803,0.00469892
3804,0.00469892
3805,0.00469892
3806,0.00469892
3807,0.00469892
3808,0.00469892
3809,0.00469892
3810,0.00469892
3811,0.00469892
3812,0.00469892
3813,0.00469892
3814,0.00469892
3815,0.00469892
3816,0.00469892
3817,0.00469892
3818,0.00469892
3819,0.00469892
3820,0.00469892
3821,0.00469892
3822,0.00469892
3823,0.00469793
3824,0.00469793
3825,0.00469792
3826,0.00469792
3827,0.00469792
3828,0.00469792
3829,0.00469792
3830,0.00469792
3831,0.00469792
3832,0.00469791
3833,0.00469792
3834,0.00469792
3835,0.00469792
3836,0.00469792
3837,0.00469792
3838,0.00469792
3839,0.00469792
3840,0.00469792
3841,0.00469792
3842,0.00469792
3843,0.00469792
3844,0.00469792
3845,0.00469792
3846,0.00469792
3847,0.00469792
3848,0.00469791
3849,0.00469792
3850,0.00469792
3851,0.00469792
3852,0.00469792
3853,0.00469792
3854,0.00469792
3855,0.00469792
3856,0.00469792
3857,0.00469656
3858,0.00469656
3859,0.00469656
3860,0.00469656
3861,0.00469656
3862,0.00469656
3863,0.00469432
3864,0.00469794
3865,0.00469794
3866,0.00469794
3867,0.00469794
3868,0.00469429
3869,0.00469429
3870,0.00469794
3871,0.00469794
3872,0.00469429
3873,0.00469429
3874,0.00469429
3875,0.00469429
3876,0.00469429
3877,0.00469429
3878,0.00469429
3879,0.00469429
3880,0.00469429
3881,0.00469429
3882,0.00469429
3883,0.00469794
3884,0.00469794
3885,0.00469794
3886,0.0046943
3887,0.00469429
3888,0.00469429
3889,0.00469429
3890,0.00469429
3891,0.00469429
3892,0.00469431
3893,0.00469431
3894,0.00469431
3895,0.00469431
3896,0.00469431
3897,0.00469794
3898,0.00469794
3899,0.00469794
3900,0.00469794
3901,0.00469794
3902,0.00469794
3903,0.00469794
3904,0.00469794
3905,0.00469433
3906,0.00469433
3907,0.00469433
3908,0.00469433
3909,0.00469433
3910,0.00469433
3911,0.00469433
3912,0.00469433
3913,0.00469433
3914,0.00469433
3915,0.00469433
3916,0.00469433
3917,0.00469433
3918,0.00469433
3919,0.00469433
3920,0.00469433
3921,0.00469433
3922,0.00469433
3923,0.00469433
3924,0.00469433
3925,0.00469433
3926,0.00469433
3927,0.00469794
3928,0.0047257
3929,0.0047257
3930,0.00472556
3931,0.00472556
3932,0.00472556
3933,0.00472556
3934,0.00472556
3935,0.0047252
3936,0.0047252
3937,0.0047252
3938,0.0047252
3939,0.0047252
3940,0.0047252
3941,0.0047252
3942,0.0047252
3943,0.0047252
3944,0.0047252
3945,0.0047252
3946,0.00473892
3947,0.00473892
3948,0.00473892
3949,0.00473892
3950,0.00471
3951,0.00471
3952,0.00471
3953,0.00471
3954,0.00471
3955,0.00471
3956,0.00471
3957,0.00471
3958,0.00471
3959,0.00471
3960,0.00471
3961,0.00471
3962,0.00471
3963,0.00471
3964,0.00471
3965,0.00471
3966,0.00471
3967,0.00470016
3968,0.00470016
3969,0.00471
3970,0.00471
3971,0.00471
3972,0.00471
3973,0.00471
3974,0.00471
3975,0.00471
3976,0.00471
3977,0.00471
3978,0.00471
3979,0.00471
3980,0.00471
3981,0.00471
3982,0.00471
3983,0.00471
3984,0.00470046
3985,0.00471
3986,0.00471
3987,0.00471
3988,0.00471
3989,0.00471
3990,0.00471
3991,0.00471
3992,0.00470023
3993,0.00473749
3994,0.00473749
3995,0.00473712
3996,0.00473712
3997,0.00473693
3998,0.00473724
3999,0.00473724
4000,0.00473724
4001,0.00473738
4002,0.00473738
4003,0.00473738
4004,0.00473738
4005,0.00473995
4006,0.00473997
4007,0.00475326
4008,0.00473723
4009,0.00475317
4010,0.00473723
4011,0.00470173
4012,0.00470173
4013,0.00470173
4014,0.00470173
4015,0.00470381
4016,0.00470381
4017,0.00470381
4018,0.00470532
4019,0.00470532
4020,0.00470532
4021,0.00470532
4022,0.0047495
4023,0.0047495
4024,0.0047495
4025,0.0047495
4026,0.00474716
4027,0.00474716
4028,0.00470021
4029,0.00470021
4030,0.00470021
4031,0.00470021
4032,0.00470021
4033,0.00470021
4034,0.00470021
4035,0.00471
4036,0.00471
4037,0.00471
4038,0.00471
4039,0.00471
4040,0.00471
4041,0.00471
4042,0.00471
4043,0.00471
4044,0.00471
4045,0.00471
4046,0.00471
4047,0.00471
4048,0.00471
4049,0.00470552
4050,0.00470552
4051,0.00470552
4052,0.00470552
4053,0.00470552
4054,0.00470552
4055,0.00470552
4056,0.00470018
4057,0.0047002
4058,0.004706
4059,0.004706
4060,0.004706
4061,0.004706
4062,0.004706
4063,0.00470015
4064,0.00470015
4065,0.00470015
4066,0.00470015
4067,0.00470015
4068,0.00470015
4069,0.0046943
4070,0.0046943
4071,0.0046943
4072,0.0046943
4073,0.0046943
4074,0.0046943
4075,0.004706
4076,0.004706
4077,0.004706
4078,0.004706
4079,0.004706
4080,0.004706
4081,0.004706
4082,0.004706
4083,0.00469429
4084,0.00469429
4085,0.00469429
4086,0.00469429
4087,0.00469429
4088,0.00469429
4089,0.00469429
4090,0.00469429
4091,0.00469429
4092,0.00469429
4093,0.00469429
4094,0.00469429
4095,0.004695
4096,0.004695
4097,0.004695
4098,0.00469429
4099,0.004695
4100,0.0046943
4101,0.0046943
4102,0.0046943
4103,0.0046943
4104,0.0046943
4105,0.0046943
4106,0.0046943
4107,0.004695
4108,0.004695
4109,0.004695
4110,0.004695
4111,0.004695
4112,0.004695
4113,0.004695
4114,0.004695
4115,0.004695
4116,0.004695
4117,0.004695
4118,0.004695
4119,0.004695
4120,0.004695
4121,0.004695
4122,0.004695
4123,0.00469429
4124,0.00469429
4125,0.00469429
4126,0.00469429
4127,0.00469429
4128,0.00469429
4129,0.00469429
4130,0.00469429
4131,0.004695
4132,0.00469429
4133,0.00469429
4134,0.00469429
4135,0.00469429
4136,0.00469429
4137,0.004695
4138,0.004695
4139,0.004695
4140,0.004695
4141,0.004695
4142,0.004695
4143,0.004695
4144,0.004695
4145,0.004695
4146,0.00469429
4147,0.00469429
4148,0.00469429
4149,0.00469429
4150,0.00469429
4151,0.00469429
4152,0.00469429
4153,0.00469429
4154,0.00469429
4155,0.00469429
4156,0.00469429
4157,0.00469429
4158,0.00469429
4159,0.00469429
4160,0.00469429
4161,0.0046943
4162,0.004695
4163,0.004694
4164,0.00469104
4165,0.00469104
4166,0.00469499
4167,0.00469449
4168,0.00469449
4169,0.004695
4170,0.004695
4171,0.004695
4172,0.004695
4173,0.00469499
4174,0.004695
4175,0.004695
4176,0.004695
4177,0.004695
4178,0.004695
4179,0.004695
4180,0.00469104
4181,0.00469104
4182,0.00469104
4183,0.0046901
4184,0.0046901
4185,0.0046901
4186,0.0046901
4187,0.0046901
4188,0.0046901
4189,0.0046901
4190,0.0046901
4191,0.0046901
4192,0.0046901
4193,0.0046901
4194,0.0046843
4195,0.0046843
4196,0.00469491
4197,0.00469491
4198,0.00470293
4199,0.00470296
4200,0.00470296
4201,0.00470296
4202,0.00470296
4203,0.00470296
4204,0.00470296
4205,0.00468429
4206,0.00468429
4207,0.00468429
4208,0.00468429
4209,0.00468429
4210,0.00468429
4211,0.00468429
4212,0.00468429
4213,0.00468429
4214,0.00468429
4215,0.00470299
4216,0.00470299
4217,0.00470299
4218,0.00470299
4219,0.00470299
4220,0.00470299
4221,0.00470299
4222,0.00470299
4223,0.00470298
4224,0.00470298
4225,0.00470298
4226,0.00470298
4227,0.00470298
4228,0.00470298
4229,0.00470298
4230,0.00470298
4231,0.00470298
4232,0.00470298
4233,0.00470298
4234,0.00470298
4235,0.00470298
4236,0.00470298
4237,0.00470298
4238,0.00470206
4239,0.00470206
4240,0.00470206
4241,0.00470206
4242,0.00470206
4243,0.00470206
4244,0.00470206
4245,0.00470206
4246,0.00470206
4247,0.00470206
4248,0.00470206
4249,0.00470206
4250,0.00470205
4251,0.00470205
4252,0.00470205
4253,0.00470205
4254,0.00470205
4255,0.00470205
4256,0.00470205
4257,0.00470205
4258,0.00470205
4259,0.00470205
4260,0.00470205
4261,0.00470205
4262,0.00470205
4263,0.00470205
4264,0.00470205
4265,0.00470205
4266,0.00470205
4267,0.00470205
4268,0.00470205
4269,0.00470205
4270,0.00470205
4271,0.00470205
4272,0.00470205
4273,0.00470205
4274,0.00470205
4275,0.00470205
4276,0.00470205
4277,0.00470205
4278,0.00470205
4279,0.00470205
4280,0.00470205
4281,0.00470205
4282,0.00470205
4283,0.00470205
