0,7e-07
1,7e-07
2,6.9e-07
3,6.9e-07
4,6.9e-07
5,6.9e-07
6,6.9e-07
7,6.9e-07
8,6.9e-07
9,6.9e-07
10,6.9e-07
11,7e-07
12,7e-07
13,6.9e-07
14,6.8e-07
15,7e-07
16,7e-07
17,7e-07
18,7e-07
19,6.8e-07
20,6.9e-07
21,6.9e-07
22,7e-07
23,6.8e-07
24,6.9e-07
25,6.9e-07
26,6.9e-07
27,6.9e-07
28,6.9e-07
29,7e-07
30,7e-07
31,7e-07
32,6.9e-07
33,6.9e-07
34,6.9e-07
35,6.8e-07
36,6.8e-07
37,6.9e-07
38,6.9e-07
39,6.9e-07
40,6.9e-07
41,6.8e-07
42,6.9e-07
43,6.9e-07
44,6.9e-07
45,6.9e-07
46,6.9e-07
47,6.9e-07
48,6.9e-07
49,6.9e-07
50,6.8e-07
51,7e-07
52,6.8e-07
53,6.8e-07
54,6.9e-07
55,6.9e-07
56,6.9e-07
57,6.9e-07
58,6.9e-07
59,6.9e-07
60,6.9e-07
61,6.9e-07
62,6.9e-07
63,6.9e-07
64,6.9e-07
65,6.9e-07
66,6.9e-07
67,6.9e-07
68,6.9e-07
69,6.9e-07
70,6.9e-07
71,6.9e-07
72,6.9e-07
73,6.8e-07
74,7e-07
75,6.8e-07
76,6.8e-07
77,6.8e-07
78,6.8e-07
79,6.8e-07
80,6.9e-07
81,6.9e-07
82,6.9e-07
83,6.9e-07
84,6.9e-07
85,6.9e-07
86,6.8e-07
87,6.8e-07
88,6.8e-07
89,6.8e-07
90,6.8e-07
91,6.9e-07
92,6.8e-07
93,6.8e-07
94,6.8e-07
95,6.8e-07
96,6.8e-07
97,6.8e-07
98,6.9e-07
99,6.9e-07
100,6.9e-07
101,6.8e-07
102,6.9e-07
103,6.8e-07
104,6.9e-07
105,6.9e-07
106,6.9e-07
107,6.9e-07
108,6.9e-07
109,6.9e-07
110,6.9e-07
111,6.9e-07
112,6.8e-07
113,6.8e-07
114,6.8e-07
115,6.8e-07
116,6.9e-07
117,6.8e-07
118,6.8e-07
119,6.8e-07
120,6.8e-07
121,6.8e-07
122,6.9e-07
123,6.9e-07
124,6.9e-07
125,6.9e-07
126,6.9e-07
127,6.9e-07
128,6.9e-07
129,6.9e-07
130,6.9e-07
131,6.9e-07
132,6.9e-07
133,6.9e-07
134,6.9e-07
135,6.9e-07
136,6.9e-07
137,6.9e-07
138,6.9e-07
139,6.9e-07
140,6.9e-07
141,6.9e-07
142,6.9e-07
143,6.9e-07
144,6.9e-07
145,6.9e-07
146,6.9e-07
147,6.9e-07
148,6.8e-07
149,6.8e-07
150,6.8e-07
151,6.8e-07
152,6.8e-07
153,6.8e-07
154,6.9e-07
155,6.9e-07
156,6.9e-07
157,6.9e-07
158,6.8e-07
159,6.8e-07
160,6.8e-07
161,6.9e-07
162,6.8e-07
163,6.8e-07
164,6.8e-07
165,6.8e-07
166,6.8e-07
167,6.8e-07
168,6.8e-07
169,6.8e-07
170,6.8e-07
171,6.8e-07
172,6.7e-07
173,6.7e-07
174,6.8e-07
175,6.8e-07
176,6.8e-07
177,6.8e-07
178,6.8e-07
179,6.7e-07
180,6.8e-07
181,6.8e-07
182,6.8e-07
183,6.8e-07
184,6.8e-07
185,6.8e-07
186,6.8e-07
187,6.8e-07
188,6.8e-07
189,6.8e-07
190,6.9e-07
191,6.9e-07
192,6.9e-07
193,6.9e-07
194,6.9e-07
195,6.8e-07
196,6.8e-07
197,6.9e-07
198,6.8e-07
199,6.8e-07
200,6.8e-07
201,6.8e-07
202,6.8e-07
203,6.8e-07
204,6.8e-07
205,6.7e-07
206,6.7e-07
207,6.8e-07
208,6.8e-07
209,6.7e-07
210,6.7e-07
211,6.7e-07
212,6.8e-07
213,6.8e-07
214,6.8e-07
215,6.8e-07
216,6.8e-07
217,6.8e-07
218,6.8e-07
219,6.8e-07
220,6.9e-07
221,6.9e-07
222,6.7e-07
223,6.7e-07
224,6.7e-07
225,6.8e-07
226,6.8e-07
227,6.8e-07
228,6.7e-07
229,6.7e-07
230,6.7e-07
231,6.7e-07
232,6.7e-07
233,6.7e-07
234,6.7e-07
235,6.8e-07
236,6.8e-07
237,6.8e-07
238,6.8e-07
239,6.7e-07
240,6.8e-07
241,6.8e-07
242,6.8e-07
243,6.8e-07
244,6.8e-07
245,6.7e-07
246,6.7e-07
247,6.7e-07
248,6.7e-07
249,6.7e-07
250,6.7e-07
251,6.7e-07
252,6.8e-07
253,6.8e-07
254,6.8e-07
255,6.7e-07
256,6.7e-07
257,6.7e-07
258,6.8e-07
259,6.8e-07
260,6.8e-07
261,6.8e-07
262,6.8e-07
263,6.8e-07
264,6.7e-07
265,6.7e-07
266,6.7e-07
267,6.7e-07
268,6.7e-07
269,6.7e-07
270,6.7e-07
271,6.7e-07
272,6.7e-07
273,6.7e-07
274,6.7e-07
275,6.7e-07
276,6.8e-07
277,6.8e-07
278,6.8e-07
279,6.8e-07
280,6.8e-07
281,6.8e-07
282,6.8e-07
283,6.7e-07
284,6.7e-07
285,6.7e-07
286,6.8e-07
287,6.8e-07
288,6.8e-07
289,6.8e-07
290,6.8e-07
291,6.8e-07
292,6.7e-07
293,6.7e-07
294,6.7e-07
295,6.7e-07
296,6.7e-07
297,6.7e-07
298,6.7e-07
299,6.7e-07
300,6.7e-07
301,6.7e-07
302,6.7e-07
303,6.7e-07
304,6.7e-07
305,6.8e-07
306,6.8e-07
307,6.8e-07
308,6.8e-07
309,6.8e-07
310,6.7e-07
311,6.7e-07
312,6.8e-07
313,6.8e-07
314,6.8e-07
315,6.8e-07
316,6.8e-07
317,6.8e-07
318,6.7e-07
319,6.7e-07
320,6.7e-07
321,6.7e-07
322,6.8e-07
323,6.8e-07
324,6.8e-07
325,6.7e-07
326,6.7e-07
327,6.7e-07
328,6.7e-07
329,6.8e-07
330,6.8e-07
331,6.8e-07
332,6.8e-07
333,6.8e-07
334,6.7e-07
335,6.8e-07
336,6.8e-07
337,6.8e-07
338,6.8e-07
339,6.8e-07
340,6.8e-07
341,6.8e-07
342,6.8e-07
343,6.8e-07
344,6.7e-07
345,6.8e-07
346,6.8e-07
347,6.8e-07
348,6.7e-07
349,6.7e-07
350,6.8e-07
351,6.8e-07
352,6.7e-07
353,6.8e-07
354,6.8e-07
355,6.7e-07
356,6.7e-07
357,6.7e-07
358,6.8e-07
359,6.8e-07
360,6.8e-07
361,6.8e-07
362,6.8e-07
363,6.8e-07
364,6.8e-07
365,6.8e-07
366,6.8e-07
367,6.8e-07
368,6.8e-07
369,6.8e-07
370,6.8e-07
371,6.8e-07
372,6.8e-07
373,6.8e-07
374,6.9e-07
375,6.8e-07
376,6.8e-07
377,6.8e-07
378,6.8e-07
379,6.8e-07
380,6.8e-07
381,6.8e-07
382,6.8e-07
383,6.8e-07
384,6.8e-07
385,6.9e-07
386,6.8e-07
387,6.8e-07
388,6.8e-07
389,6.8e-07
390,6.9e-07
391,6.9e-07
392,6.9e-07
393,6.9e-07
394,6.9e-07
395,6.9e-07
396,6.9e-07
397,6.9e-07
398,6.9e-07
399,6.9e-07
400,6.9e-07
401,6.9e-07
402,6.9e-07
403,6.9e-07
404,6.9e-07
405,6.9e-07
406,6.9e-07
407,6.9e-07
408,6.9e-07
409,6.9e-07
410,6.9e-07
411,6.8e-07
412,6.9e-07
413,6.9e-07
414,6.8e-07
415,6.8e-07
416,6.9e-07
417,6.9e-07
418,6.9e-07
419,6.8e-07
420,6.8e-07
421,6.9e-07
422,6.9e-07
423,6.9e-07
424,6.9e-07
425,6.9e-07
426,6.9e-07
427,6.9e-07
428,6.9e-07
429,6.9e-07
430,6.9e-07
431,6.8e-07
432,6.8e-07
433,6.9e-07
434,6.9e-07
435,6.9e-07
436,6.9e-07
437,6.9e-07
438,6.9e-07
439,6.9e-07
440,6.9e-07
441,6.9e-07
442,6.8e-07
443,6.9e-07
444,6.8e-07
445,6.8e-07
446,6.9e-07
447,6.9e-07
448,6.9e-07
449,6.8e-07
450,6.8e-07
451,6.8e-07
452,6.8e-07
453,6.8e-07
454,6.8e-07
455,6.8e-07
456,6.9e-07
457,6.9e-07
458,6.9e-07
459,6.9e-07
460,6.8e-07
461,6.8e-07
462,6.8e-07
463,6.8e-07
464,6.8e-07
465,6.8e-07
466,6.8e-07
467,6.8e-07
468,6.9e-07
469,6.8e-07
470,6.9e-07
471,6.9e-07
472,6.9e-07
473,6.8e-07
474,6.8e-07
475,6.9e-07
476,6.9e-07
477,6.8e-07
478,6.9e-07
479,6.9e-07
480,6.8e-07
481,6.9e-07
482,6.9e-07
483,6.8e-07
484,6.8e-07
485,6.8e-07
486,6.8e-07
487,6.8e-07
488,6.9e-07
489,6.9e-07
490,6.8e-07
491,6.8e-07
492,6.9e-07
493,6.9e-07
494,6.9e-07
495,6.9e-07
496,6.9e-07
497,6.9e-07
498,6.9e-07
499,6.8e-07
500,6.8e-07
501,6.8e-07
502,6.8e-07
503,6.8e-07
504,6.8e-07
505,6.8e-07
506,6.9e-07
507,6.9e-07
508,6.9e-07
509,6.8e-07
510,6.8e-07
511,6.8e-07
512,6.8e-07
513,6.9e-07
514,6.9e-07
515,6.9e-07
516,6.9e-07
517,6.9e-07
518,6.9e-07
519,6.9e-07
520,6.9e-07
521,6.8e-07
522,6.9e-07
523,6.9e-07
524,6.9e-07
525,6.9e-07
526,6.8e-07
527,6.8e-07
528,6.8e-07
529,6.8e-07
530,6.8e-07
531,6.8e-07
532,6.9e-07
533,6.9e-07
534,6.9e-07
535,6.9e-07
536,6.8e-07
537,6.9e-07
538,6.9e-07
539,6.8e-07
540,6.9e-07
541,6.8e-07
542,6.8e-07
543,6.8e-07
544,6.8e-07
545,6.8e-07
546,6.9e-07
547,6.9e-07
548,6.9e-07
549,6.9e-07
550,6.9e-07
551,6.9e-07
552,6.8e-07
553,6.9e-07
554,6.9e-07
555,6.9e-07
556,6.9e-07
557,6.9e-07
558,6.9e-07
559,6.8e-07
560,6.8e-07
561,6.9e-07
562,6.9e-07
563,6.9e-07
564,6.9e-07
565,6.8e-07
566,6.9e-07
567,6.9e-07
568,6.9e-07
569,6.9e-07
570,6.8e-07
571,6.9e-07
572,6.9e-07
573,6.9e-07
574,6.9e-07
575,6.9e-07
576,6.9e-07
577,6.9e-07
578,6.8e-07
579,6.8e-07
580,6.8e-07
581,6.8e-07
582,6.9e-07
583,6.9e-07
584,6.9e-07
585,6.9e-07
586,6.8e-07
587,6.9e-07
588,6.9e-07
589,6.9e-07
590,6.9e-07
591,6.9e-07
592,6.9e-07
593,6.9e-07
594,6.9e-07
595,6.9e-07
596,6.9e-07
597,6.9e-07
598,6.9e-07
599,6.9e-07
600,6.9e-07
601,6.9e-07
602,6.9e-07
603,6.9e-07
604,6.9e-07
605,6.8e-07
606,6.8e-07
607,6.8e-07
608,6.8e-07
609,6.8e-07
610,6.9e-07
611,6.9e-07
612,6.9e-07
613,6.9e-07
614,6.9e-07
615,6.9e-07
616,6.9e-07
617,6.9e-07
618,6.9e-07
619,6.9e-07
620,6.8e-07
621,6.8e-07
622,6.9e-07
623,6.9e-07
624,6.8e-07
625,6.8e-07
626,6.8e-07
627,6.8e-07
628,6.8e-07
629,6.8e-07
630,6.8e-07
631,6.9e-07
632,6.8e-07
633,6.8e-07
634,6.8e-07
635,6.8e-07
636,6.8e-07
637,6.9e-07
638,6.9e-07
639,6.9e-07
640,6.9e-07
641,6.8e-07
642,6.8e-07
643,6.8e-07
644,6.9e-07
645,6.9e-07
646,6.9e-07
647,6.9e-07
648,6.9e-07
649,6.9e-07
650,6.9e-07
651,6.9e-07
652,6.8e-07
653,6.8e-07
654,6.9e-07
655,6.9e-07
656,6.9e-07
657,6.9e-07
658,6.9e-07
659,6.9e-07
660,6.9e-07
661,6.9e-07
662,6.9e-07
663,6.9e-07
664,6.9e-07
665,6.9e-07
666,6.8e-07
667,6.8e-07
668,6.8e-07
669,6.8e-07
670,6.8e-07
671,6.8e-07
672,6.8e-07
673,6.8e-07
674,6.8e-07
675,6.8e-07
676,6.9e-07
677,6.8e-07
678,6.8e-07
679,6.9e-07
680,6.9e-07
681,6.9e-07
682,6.9e-07
683,6.9e-07
684,6.9e-07
685,6.8e-07
686,6.8e-07
687,6.8e-07
688,6.9e-07
689,6.9e-07
690,6.8e-07
691,6.8e-07
692,6.8e-07
693,6.8e-07
694,6.8e-07
695,6.8e-07
696,6.8e-07
697,6.8e-07
698,6.8e-07
699,6.8e-07
700,6.8e-07
701,6.9e-07
702,6.9e-07
703,6.9e-07
704,6.9e-07
705,6.8e-07
706,6.8e-07
707,6.9e-07
708,6.8e-07
709,6.8e-07
710,6.8e-07
711,6.8e-07
712,6.8e-07
713,6.9e-07
714,6.9e-07
715,6.9e-07
716,6.9e-07
717,6.9e-07
718,6.8e-07
719,6.8e-07
720,6.8e-07
721,6.9e-07
722,6.9e-07
723,6.9e-07
724,6.8e-07
725,6.9e-07
726,6.9e-07
727,6.9e-07
728,6.9e-07
729,6.9e-07
730,6.9e-07
731,6.9e-07
732,6.9e-07
733,6.9e-07
734,6.9e-07
735,6.9e-07
736,6.9e-07
737,6.9e-07
738,7e-07
739,6.9e-07
740,6.9e-07
741,6.9e-07
742,6.9e-07
743,6.9e-07
744,6.9e-07
745,6.8e-07
746,6.9e-07
747,7e-07
748,6.8e-07
749,7e-07
750,7e-07
751,7e-07
752,7e-07
753,7e-07
754,7e-07
755,7e-07
756,7e-07
757,7e-07
758,7e-07
759,7e-07
760,7e-07
761,7e-07
762,6.8e-07
763,6.9e-07
764,6.9e-07
765,6.9e-07
766,6.9e-07
767,6.9e-07
768,7e-07
769,6.9e-07
770,6.9e-07
771,6.8e-07
772,6.9e-07
773,6.9e-07
774,6.9e-07
775,6.9e-07
776,6.9e-07
777,6.9e-07
778,6.9e-07
779,6.9e-07
780,6.9e-07
781,6.9e-07
782,7e-07
783,7e-07
784,7e-07
785,6.9e-07
786,6.9e-07
787,6.9e-07
788,6.9e-07
789,7e-07
790,7e-07
791,7e-07
792,7e-07
793,7e-07
794,7e-07
795,7e-07
796,7e-07
797,7e-07
798,7e-07
799,7e-07
800,7e-07
801,7e-07
802,7e-07
803,7e-07
804,6.9e-07
805,7e-07
806,7e-07
807,7e-07
808,7e-07
809,6.9e-07
810,7e-07
811,7e-07
812,7e-07
813,7e-07
814,6.9e-07
815,6.9e-07
816,7e-07
817,7e-07
818,7e-07
819,7e-07
820,7e-07
821,7e-07
822,6.9e-07
823,6.9e-07
824,6.9e-07
825,6.9e-07
826,7e-07
827,7e-07
828,6.9e-07
829,6.9e-07
830,6.9e-07
831,6.9e-07
832,7e-07
833,7e-07
834,7e-07
835,7e-07
836,7e-07
837,7e-07
838,7e-07
839,7e-07
840,7e-07
841,7e-07
842,7e-07
843,7e-07
844,7e-07
845,7e-07
846,7e-07
847,7e-07
848,6.9e-07
849,6.9e-07
850,6.9e-07
851,6.9e-07
852,6.9e-07
853,6.9e-07
854,6.9e-07
855,6.9e-07
856,6.9e-07
857,7e-07
858,7e-07
859,7e-07
860,7e-07
861,7e-07
862,7e-07
863,7e-07
864,7e-07
865,7e-07
866,6.9e-07
867,6.9e-07
868,6.9e-07
869,6.9e-07
870,7e-07
871,7e-07
872,7e-07
873,7e-07
874,7e-07
875,7e-07
876,7e-07
877,7e-07
878,7e-07
879,7e-07
880,7e-07
881,7e-07
882,6.9e-07
883,7.1e-07
884,7e-07
885,6.9e-07
886,6.9e-07
887,7e-07
888,7e-07
889,6.9e-07
890,6.9e-07
891,7e-07
892,6.9e-07
893,6.9e-07
894,6.9e-07
895,6.9e-07
896,6.9e-07
897,6.9e-07
898,7e-07
899,7e-07
900,7e-07
901,7e-07
902,7e-07
903,6.9e-07
904,6.9e-07
905,7e-07
906,7e-07
907,6.9e-07
908,6.9e-07
909,6.9e-07
910,7e-07
911,7e-07
912,7e-07
913,7e-07
914,7e-07
915,7e-07
916,6.9e-07
917,6.9e-07
918,6.9e-07
919,6.9e-07
920,6.9e-07
921,6.9e-07
922,6.9e-07
923,6.9e-07
924,7e-07
925,7e-07
926,7e-07
927,7e-07
928,7e-07
929,7e-07
930,6.9e-07
931,6.9e-07
932,6.9e-07
933,6.9e-07
934,7e-07
935,7e-07
936,6.9e-07
937,6.9e-07
938,7e-07
939,6.9e-07
940,6.9e-07
941,7e-07
942,7e-07
943,6.9e-07
944,6.9e-07
945,6.9e-07
946,6.9e-07
947,7e-07
948,7e-07
949,7e-07
950,6.9e-07
951,7e-07
952,7e-07
953,7e-07
954,7e-07
955,7e-07
956,7e-07
957,7e-07
958,7e-07
959,7e-07
960,7e-07
961,6.9e-07
962,6.9e-07
963,6.9e-07
964,6.9e-07
965,7e-07
966,7e-07
967,7e-07
968,6.9e-07
969,6.9e-07
970,6.9e-07
971,6.9e-07
972,6.9e-07
973,7e-07
974,7e-07
975,7e-07
976,6.9e-07
977,7e-07
978,6.9e-07
979,7e-07
980,7e-07
981,6.9e-07
982,6.9e-07
983,6.9e-07
984,6.9e-07
985,6.9e-07
986,6.9e-07
987,6.9e-07
988,6.9e-07
989,6.9e-07
990,6.9e-07
991,6.9e-07
992,6.9e-07
993,6.9e-07
994,6.9e-07
995,6.9e-07
996,6.9e-07
997,7e-07
998,7e-07
999,7e-07
1000,7e-07
1001,6.9e-07
1002,7e-07
1003,7e-07
1004,7e-07
1005,7e-07
1006,7e-07
1007,7e-07
1008,7e-07
1009,7e-07
1010,7e-07
1011,7e-07
1012,7e-07
1013,7e-07
1014,7e-07
1015,7e-07
1016,7e-07
1017,6.9e-07
1018,6.9e-07
1019,7e-07
1020,7e-07
1021,7e-07
1022,7e-07
1023,6.9e-07
1024,7e-07
1025,7e-07
1026,7e-07
1027,7e-07
1028,6.9e-07
1029,7e-07
1030,7e-07
1031,6.9e-07
1032,6.9e-07
1033,6.9e-07
1034,6.9e-07
1035,6.9e-07
1036,7e-07
1037,7e-07
1038,7e-07
1039,7e-07
1040,7e-07
1041,7e-07
1042,6.9e-07
1043,6.9e-07
1044,6.9e-07
1045,7e-07
1046,7e-07
1047,6.9e-07
1048,7e-07
1049,7e-07
1050,7e-07
1051,7e-07
1052,7e-07
1053,7e-07
1054,6.9e-07
1055,6.9e-07
1056,6.9e-07
1057,6.9e-07
1058,6.9e-07
1059,7e-07
1060,7e-07
1061,6.9e-07
1062,7e-07
1063,7e-07
1064,7e-07
1065,7e-07
1066,7e-07
1067,7e-07
1068,6.9e-07
1069,7e-07
1070,7e-07
1071,7e-07
1072,7e-07
1073,7e-07
1074,6.9e-07
1075,6.9e-07
1076,6.9e-07
1077,7e-07
1078,7e-07
1079,7e-07
1080,7e-07
1081,7e-07
1082,7e-07
1083,6.9e-07
1084,7e-07
1085,7e-07
1086,7e-07
1087,7e-07
1088,7e-07
1089,7e-07
1090,7e-07
1091,6.9e-07
1092,6.9e-07
1093,6.9e-07
1094,6.9e-07
1095,7e-07
1096,7e-07
1097,6.9e-07
1098,6.9e-07
1099,6.9e-07
1100,7e-07
1101,7e-07
1102,7e-07
1103,7e-07
1104,7e-07
1105,6.9e-07
1106,6.9e-07
1107,6.9e-07
1108,6.9e-07
1109,6.9e-07
1110,6.9e-07
1111,7e-07
1112,7e-07
1113,7e-07
1114,7e-07
1115,6.9e-07
1116,6.9e-07
1117,7e-07
1118,7e-07
1119,7e-07
1120,7e-07
1121,6.9e-07
1122,6.9e-07
1123,6.9e-07
1124,6.9e-07
1125,7e-07
1126,7e-07
1127,7e-07
1128,7e-07
1129,7e-07
1130,7e-07
1131,7e-07
1132,7e-07
1133,7e-07
1134,7e-07
1135,7e-07
1136,7e-07
1137,6.9e-07
1138,6.9e-07
1139,6.9e-07
1140,6.9e-07
1141,7e-07
1142,7e-07
1143,6.9e-07
1144,6.9e-07
1145,6.9e-07
1146,7e-07
1147,7e-07
1148,7e-07
1149,7e-07
1150,7e-07
1151,7e-07
1152,7e-07
1153,7e-07
1154,7e-07
1155,7e-07
1156,7e-07
1157,6.9e-07
1158,6.9e-07
1159,6.9e-07
1160,6.9e-07
1161,7e-07
1162,7e-07
1163,6.9e-07
1164,7e-07
1165,6.9e-07
1166,6.9e-07
1167,6.9e-07
1168,7e-07
1169,7e-07
1170,7e-07
1171,7e-07
1172,7e-07
1173,7e-07
1174,6.9e-07
1175,6.9e-07
1176,6.9e-07
1177,7e-07
1178,6.8e-07
1179,6.9e-07
1180,6.9e-07
1181,6.9e-07
1182,6.9e-07
1183,6.9e-07
1184,6.9e-07
1185,6.9e-07
1186,6.9e-07
1187,6.9e-07
1188,6.9e-07
1189,7e-07
1190,7e-07
1191,7e-07
1192,7e-07
1193,6.9e-07
1194,6.9e-07
1195,7e-07
1196,7e-07
1197,7e-07
1198,7e-07
1199,7e-07
1200,7e-07
1201,7e-07
1202,7e-07
1203,7e-07
1204,6.9e-07
1205,6.9e-07
1206,6.9e-07
1207,6.9e-07
1208,6.9e-07
1209,7e-07
1210,7e-07
1211,6.9e-07
1212,7e-07
1213,7e-07
1214,6.9e-07
1215,6.9e-07
1216,6.9e-07
1217,6.9e-07
1218,6.9e-07
1219,6.9e-07
1220,6.9e-07
1221,7e-07
1222,6.9e-07
1223,6.9e-07
1224,6.9e-07
1225,6.9e-07
1226,6.9e-07
1227,7e-07
1228,7e-07
1229,7e-07
1230,7e-07
1231,7e-07
1232,7e-07
1233,7e-07
1234,7e-07
1235,6.8e-07
1236,7e-07
1237,6.9e-07
1238,6.9e-07
1239,7e-07
1240,6.9e-07
1241,7e-07
1242,7e-07
1243,7e-07
1244,7e-07
1245,7e-07
1246,6.9e-07
1247,6.9e-07
1248,6.9e-07
1249,7e-07
1250,7e-07
1251,6.9e-07
1252,6.9e-07
1253,6.9e-07
1254,6.9e-07
1255,6.9e-07
1256,6.9e-07
1257,6.9e-07
1258,6.9e-07
1259,7e-07
1260,7e-07
1261,7e-07
1262,7e-07
1263,7e-07
1264,7e-07
1265,6.9e-07
1266,6.9e-07
1267,6.9e-07
1268,6.9e-07
1269,6.9e-07
1270,7e-07
1271,6.9e-07
1272,6.9e-07
1273,6.9e-07
1274,6.9e-07
1275,6.9e-07
1276,6.9e-07
1277,7e-07
1278,7e-07
1279,6.9e-07
1280,6.9e-07
1281,6.9e-07
1282,7e-07
1283,7e-07
1284,7e-07
1285,7e-07
1286,7e-07
1287,7e-07
1288,7e-07
1289,7e-07
1290,7e-07
1291,7e-07
1292,7e-07
1293,7e-07
1294,7e-07
1295,7e-07
1296,7e-07
1297,7e-07
1298,7e-07
1299,7e-07
1300,7e-07
1301,7e-07
1302,7e-07
1303,6.9e-07
1304,6.9e-07
1305,7e-07
1306,6.9e-07
1307,6.9e-07
1308,6.9e-07
1309,6.9e-07
1310,6.9e-07
1311,6.9e-07
1312,6.9e-07
1313,6.9e-07
1314,6.9e-07
1315,6.9e-07
1316,6.9e-07
1317,6.9e-07
1318,6.9e-07
1319,6.9e-07
1320,6.9e-07
1321,6.9e-07
1322,6.9e-07
1323,7e-07
1324,7e-07
1325,7e-07
1326,7e-07
1327,7e-07
1328,7e-07
1329,7e-07
1330,7e-07
1331,7e-07
1332,7e-07
1333,6.9e-07
1334,6.9e-07
1335,7e-07
1336,6.9e-07
1337,6.9e-07
1338,6.9e-07
1339,6.9e-07
1340,6.9e-07
1341,6.9e-07
1342,6.9e-07
1343,7e-07
1344,7e-07
1345,6.9e-07
1346,6.9e-07
1347,6.9e-07
1348,7e-07
1349,6.9e-07
1350,6.9e-07
1351,6.9e-07
1352,6.9e-07
1353,6.9e-07
1354,6.9e-07
1355,6.9e-07
1356,6.9e-07
1357,6.9e-07
1358,6.9e-07
1359,6.9e-07
1360,6.9e-07
1361,6.9e-07
1362,6.8e-07
1363,6.8e-07
1364,6.9e-07
1365,6.8e-07
1366,6.8e-07
1367,6.8e-07
1368,6.9e-07
1369,6.9e-07
1370,6.9e-07
1371,6.9e-07
1372,6.9e-07
1373,6.8e-07
1374,6.8e-07
1375,6.8e-07
1376,6.8e-07
1377,6.8e-07
1378,6.8e-07
1379,6.8e-07
1380,6.8e-07
1381,6.8e-07
1382,6.8e-07
1383,6.8e-07
1384,6.9e-07
1385,6.9e-07
1386,6.9e-07
1387,6.9e-07
1388,6.8e-07
1389,6.8e-07
1390,6.8e-07
1391,6.9e-07
1392,6.8e-07
1393,6.8e-07
1394,6.9e-07
1395,6.8e-07
1396,6.8e-07
1397,6.8e-07
1398,6.8e-07
1399,6.9e-07
1400,6.9e-07
1401,6.9e-07
1402,6.9e-07
1403,6.9e-07
1404,6.8e-07
1405,6.8e-07
1406,6.8e-07
1407,6.8e-07
1408,6.8e-07
1409,6.8e-07
1410,6.8e-07
1411,6.9e-07
1412,6.9e-07
1413,6.9e-07
1414,6.8e-07
1415,6.8e-07
1416,6.9e-07
1417,6.9e-07
1418,6.9e-07
1419,6.8e-07
1420,6.8e-07
1421,6.9e-07
1422,6.9e-07
1423,6.8e-07
1424,6.8e-07
1425,6.8e-07
1426,6.8e-07
1427,6.8e-07
1428,6.8e-07
1429,6.8e-07
1430,6.8e-07
1431,6.8e-07
1432,6.8e-07
1433,6.8e-07
1434,6.9e-07
1435,6.9e-07
1436,6.9e-07
1437,6.9e-07
1438,6.9e-07
1439,6.9e-07
1440,6.8e-07
1441,6.8e-07
1442,6.8e-07
1443,6.8e-07
1444,6.8e-07
1445,6.8e-07
1446,6.9e-07
1447,6.9e-07
1448,6.8e-07
1449,6.8e-07
1450,6.8e-07
1451,6.9e-07
1452,6.9e-07
1453,6.8e-07
1454,6.8e-07
1455,6.8e-07
1456,6.8e-07
1457,6.9e-07
1458,6.9e-07
1459,6.9e-07
1460,6.9e-07
1461,6.9e-07
1462,6.9e-07
1463,6.9e-07
1464,6.9e-07
1465,6.9e-07
1466,6.9e-07
1467,6.9e-07
1468,6.9e-07
1469,6.9e-07
1470,6.9e-07
1471,6.9e-07
1472,6.9e-07
1473,6.9e-07
1474,6.9e-07
1475,6.9e-07
1476,6.9e-07
1477,6.8e-07
1478,6.8e-07
1479,6.8e-07
1480,6.8e-07
1481,6.9e-07
1482,6.9e-07
1483,6.9e-07
1484,6.9e-07
1485,6.8e-07
1486,6.9e-07
1487,6.9e-07
1488,6.9e-07
1489,6.9e-07
1490,6.9e-07
1491,6.8e-07
1492,6.8e-07
1493,6.8e-07
1494,6.8e-07
1495,6.8e-07
1496,6.8e-07
1497,6.8e-07
1498,6.8e-07
1499,6.8e-07
1500,6.8e-07
1501,6.8e-07
1502,6.8e-07
1503,6.8e-07
1504,6.9e-07
1505,6.9e-07
1506,6.9e-07
1507,6.9e-07
1508,6.9e-07
1509,6.9e-07
1510,6.9e-07
1511,6.9e-07
1512,6.9e-07
1513,6.9e-07
1514,6.9e-07
1515,6.8e-07
1516,6.8e-07
1517,6.8e-07
1518,6.8e-07
1519,6.8e-07
1520,6.9e-07
1521,6.9e-07
1522,6.9e-07
1523,6.9e-07
1524,6.9e-07
1525,6.9e-07
1526,6.9e-07
1527,6.9e-07
1528,6.9e-07
1529,6.9e-07
1530,6.9e-07
1531,6.9e-07
1532,6.8e-07
1533,6.8e-07
1534,6.8e-07
1535,6.8e-07
1536,6.8e-07
1537,6.8e-07
1538,6.8e-07
1539,6.9e-07
1540,6.9e-07
1541,6.9e-07
1542,6.9e-07
1543,6.9e-07
1544,6.9e-07
1545,6.9e-07
1546,6.9e-07
1547,6.9e-07
1548,6.9e-07
1549,6.9e-07
1550,6.9e-07
1551,6.9e-07
1552,6.9e-07
1553,6.8e-07
1554,6.8e-07
1555,6.8e-07
1556,6.8e-07
1557,6.9e-07
1558,6.9e-07
1559,6.8e-07
1560,6.8e-07
1561,6.8e-07
1562,6.8e-07
1563,6.8e-07
1564,6.8e-07
1565,6.9e-07
1566,6.9e-07
1567,6.9e-07
1568,6.9e-07
1569,6.9e-07
1570,6.9e-07
1571,6.8e-07
1572,6.8e-07
1573,6.8e-07
1574,6.8e-07
1575,6.8e-07
1576,6.8e-07
1577,6.8e-07
1578,6.8e-07
1579,6.8e-07
1580,6.8e-07
1581,6.7e-07
1582,6.8e-07
1583,6.8e-07
1584,6.8e-07
1585,6.7e-07
1586,6.8e-07
1587,6.7e-07
1588,6.7e-07
1589,6.7e-07
1590,6.8e-07
1591,6.8e-07
1592,6.7e-07
1593,6.8e-07
1594,6.8e-07
1595,6.7e-07
1596,6.7e-07
1597,6.7e-07
1598,6.7e-07
1599,6.7e-07
1600,6.7e-07
1601,6.7e-07
1602,6.7e-07
1603,6.7e-07
1604,6.7e-07
1605,6.7e-07
1606,6.7e-07
1607,6.7e-07
1608,6.7e-07
1609,6.7e-07
1610,6.7e-07
1611,6.7e-07
1612,6.7e-07
1613,6.7e-07
1614,6.7e-07
1615,6.7e-07
1616,6.8e-07
1617,6.7e-07
1618,6.7e-07
1619,6.7e-07
1620,6.7e-07
1621,6.7e-07
1622,6.7e-07
1623,6.7e-07
1624,6.7e-07
1625,6.8e-07
1626,6.8e-07
1627,6.7e-07
1628,6.8e-07
1629,6.8e-07
1630,6.7e-07
1631,6.7e-07
1632,6.7e-07
1633,6.7e-07
1634,6.8e-07
1635,6.8e-07
1636,6.8e-07
1637,6.7e-07
1638,6.7e-07
1639,6.7e-07
1640,6.7e-07
1641,6.7e-07
1642,6.7e-07
1643,6.7e-07
1644,6.7e-07
1645,6.7e-07
1646,6.7e-07
1647,6.7e-07
1648,6.7e-07
1649,6.7e-07
1650,6.7e-07
1651,6.7e-07
1652,6.7e-07
1653,6.7e-07
1654,6.7e-07
1655,6.7e-07
1656,6.7e-07
1657,6.7e-07
1658,6.7e-07
1659,6.7e-07
1660,6.7e-07
1661,6.8e-07
1662,6.7e-07
1663,6.7e-07
1664,6.7e-07
1665,6.7e-07
1666,6.7e-07
1667,6.7e-07
1668,6.7e-07
1669,6.8e-07
1670,6.8e-07
1671,6.8e-07
1672,6.8e-07
1673,6.7e-07
1674,6.8e-07
1675,6.7e-07
1676,6.7e-07
1677,6.7e-07
1678,6.7e-07
1679,6.7e-07
1680,6.8e-07
1681,6.8e-07
1682,6.8e-07
1683,6.7e-07
1684,6.7e-07
1685,6.7e-07
1686,6.7e-07
1687,6.8e-07
1688,6.8e-07
1689,6.7e-07
1690,6.7e-07
1691,6.7e-07
1692,6.7e-07
1693,6.8e-07
1694,6.8e-07
1695,6.7e-07
1696,6.8e-07
1697,6.8e-07
1698,6.8e-07
1699,6.7e-07
1700,6.7e-07
1701,6.7e-07
1702,6.7e-07
1703,6.7e-07
1704,6.7e-07
1705,6.7e-07
1706,6.7e-07
1707,6.7e-07
1708,6.7e-07
1709,6.7e-07
1710,6.7e-07
1711,6.7e-07
1712,6.7e-07
1713,6.7e-07
1714,6.7e-07
1715,6.7e-07
1716,6.8e-07
1717,6.8e-07
1718,6.8e-07
1719,6.8e-07
1720,6.8e-07
1721,6.8e-07
1722,6.8e-07
1723,6.7e-07
1724,6.7e-07
1725,6.7e-07
1726,6.7e-07
1727,6.7e-07
1728,6.7e-07
1729,6.7e-07
1730,6.7e-07
1731,6.7e-07
1732,6.8e-07
1733,6.7e-07
1734,6.8e-07
1735,6.8e-07
1736,6.7e-07
1737,6.7e-07
1738,6.8e-07
1739,6.8e-07
1740,6.8e-07
1741,6.8e-07
1742,6.8e-07
1743,6.8e-07
1744,6.8e-07
1745,6.7e-07
1746,6.7e-07
1747,6.8e-07
1748,6.8e-07
1749,6.7e-07
1750,6.7e-07
1751,6.8e-07
1752,6.8e-07
1753,6.8e-07
1754,6.7e-07
1755,6.7e-07
1756,6.7e-07
1757,6.7e-07
1758,6.7e-07
1759,6.8e-07
1760,6.8e-07
1761,6.8e-07
1762,6.8e-07
1763,6.8e-07
1764,6.8e-07
1765,6.8e-07
1766,6.8e-07
1767,6.8e-07
1768,6.8e-07
1769,6.8e-07
1770,6.8e-07
1771,6.8e-07
1772,6.7e-07
1773,6.7e-07
1774,6.7e-07
1775,6.7e-07
1776,6.8e-07
1777,6.8e-07
1778,6.8e-07
1779,6.8e-07
1780,6.8e-07
1781,6.8e-07
1782,6.7e-07
1783,6.8e-07
1784,6.8e-07
1785,6.8e-07
1786,6.8e-07
1787,6.8e-07
1788,6.8e-07
1789,6.7e-07
1790,6.7e-07
1791,6.8e-07
1792,6.7e-07
1793,6.8e-07
1794,6.8e-07
1795,6.8e-07
1796,6.8e-07
1797,6.8e-07
1798,6.8e-07
1799,6.8e-07
1800,6.7e-07
1801,6.7e-07
1802,6.7e-07
1803,6.8e-07
1804,6.7e-07
1805,6.8e-07
1806,6.7e-07
1807,6.8e-07
1808,6.8e-07
1809,6.7e-07
1810,6.7e-07
1811,6.7e-07
1812,6.7e-07
1813,6.7e-07
1814,6.7e-07
1815,6.7e-07
1816,6.7e-07
1817,6.7e-07
1818,6.6e-07
1819,6.6e-07
1820,6.7e-07
1821,6.7e-07
1822,6.7e-07
1823,6.7e-07
1824,6.7e-07
1825,6.7e-07
1826,6.6e-07
1827,6.7e-07
1828,6.6e-07
1829,6.6e-07
1830,6.7e-07
1831,6.7e-07
1832,6.7e-07
1833,6.7e-07
1834,6.7e-07
1835,6.7e-07
1836,6.6e-07
1837,6.6e-07
1838,6.7e-07
1839,6.7e-07
1840,6.7e-07
1841,6.7e-07
1842,6.7e-07
1843,6.7e-07
1844,6.7e-07
1845,6.7e-07
1846,6.7e-07
1847,6.6e-07
1848,6.7e-07
1849,6.7e-07
1850,6.7e-07
1851,6.7e-07
1852,6.7e-07
1853,6.7e-07
1854,6.7e-07
1855,6.7e-07
1856,6.7e-07
1857,6.7e-07
1858,6.7e-07
1859,6.7e-07
1860,6.7e-07
1861,6.7e-07
1862,6.7e-07
1863,6.7e-07
1864,6.7e-07
1865,6.7e-07
1866,6.6e-07
1867,6.6e-07
1868,6.6e-07
1869,6.6e-07
1870,6.6e-07
1871,6.7e-07
1872,6.7e-07
1873,6.7e-07
1874,6.6e-07
1875,6.7e-07
1876,6.6e-07
1877,6.7e-07
1878,6.7e-07
1879,6.7e-07
1880,6.7e-07
1881,6.7e-07
1882,6.7e-07
1883,6.6e-07
1884,6.6e-07
1885,6.6e-07
1886,6.7e-07
1887,6.6e-07
1888,6.6e-07
1889,6.6e-07
1890,6.6e-07
1891,6.6e-07
1892,6.6e-07
1893,6.6e-07
1894,6.6e-07
1895,6.7e-07
1896,6.7e-07
1897,6.7e-07
1898,6.6e-07
1899,6.6e-07
1900,6.7e-07
1901,6.6e-07
1902,6.6e-07
1903,6.6e-07
1904,6.6e-07
1905,6.6e-07
1906,6.7e-07
1907,6.7e-07
1908,6.7e-07
1909,6.6e-07
1910,6.6e-07
1911,6.6e-07
1912,6.7e-07
1913,6.6e-07
1914,6.7e-07
1915,6.6e-07
1916,6.6e-07
1917,6.7e-07
1918,6.7e-07
1919,6.6e-07
1920,6.6e-07
1921,6.6e-07
1922,6.6e-07
1923,6.6e-07
1924,6.6e-07
1925,6.7e-07
1926,6.7e-07
1927,6.6e-07
1928,6.6e-07
1929,6.7e-07
1930,6.7e-07
1931,6.7e-07
1932,6.7e-07
1933,6.7e-07
1934,6.7e-07
1935,6.6e-07
1936,6.6e-07
1937,6.6e-07
1938,6.6e-07
1939,6.6e-07
1940,6.6e-07
1941,6.6e-07
1942,6.7e-07
1943,6.6e-07
1944,6.6e-07
1945,6.6e-07
1946,6.6e-07
1947,6.6e-07
1948,6.6e-07
1949,6.6e-07
1950,6.6e-07
1951,6.6e-07
1952,6.6e-07
1953,6.7e-07
1954,6.7e-07
1955,6.7e-07
1956,6.6e-07
1957,6.6e-07
1958,6.6e-07
1959,6.6e-07
1960,6.6e-07
1961,6.6e-07
1962,6.6e-07
1963,6.6e-07
1964,6.6e-07
1965,6.6e-07
1966,6.5e-07
1967,6.5e-07
1968,6.6e-07
1969,6.6e-07
1970,6.6e-07
1971,6.7e-07
1972,6.7e-07
1973,6.6e-07
1974,6.6e-07
1975,6.6e-07
1976,6.5e-07
1977,6.6e-07
1978,6.6e-07
1979,6.6e-07
1980,6.6e-07
1981,6.6e-07
1982,6.6e-07
1983,6.6e-07
1984,6.6e-07
1985,6.6e-07
1986,6.6e-07
1987,6.6e-07
1988,6.6e-07
1989,6.6e-07
1990,6.6e-07
1991,6.6e-07
1992,6.6e-07
1993,6.6e-07
1994,6.6e-07
1995,6.6e-07
1996,6.6e-07
1997,6.6e-07
1998,6.6e-07
1999,6.5e-07
2000,6.6e-07
2001,6.6e-07
2002,6.6e-07
2003,6.6e-07
2004,6.6e-07
2005,6.6e-07
2006,6.6e-07
2007,6.6e-07
2008,6.6e-07
2009,6.6e-07
2010,6.6e-07
2011,6.5e-07
2012,6.6e-07
2013,6.6e-07
2014,6.6e-07
2015,6.6e-07
2016,6.6e-07
2017,6.5e-07
2018,6.5e-07
2019,6.6e-07
2020,6.6e-07
2021,6.6e-07
2022,6.6e-07
2023,6.6e-07
2024,6.6e-07
2025,6.7e-07
2026,6.6e-07
2027,6.7e-07
2028,6.6e-07
2029,6.7e-07
2030,6.6e-07
2031,6.7e-07
2032,6.6e-07
2033,6.6e-07
2034,6.6e-07
2035,6.6e-07
2036,6.6e-07
2037,6.6e-07
2038,6.6e-07
2039,6.6e-07
2040,6.6e-07
2041,6.7e-07
2042,6.7e-07
2043,6.6e-07
2044,6.6e-07
2045,6.6e-07
2046,6.7e-07
2047,6.6e-07
2048,6.6e-07
2049,6.7e-07
2050,6.6e-07
2051,6.6e-07
2052,6.7e-07
2053,6.6e-07
2054,6.7e-07
2055,6.7e-07
2056,6.6e-07
2057,6.6e-07
2058,6.6e-07
2059,6.6e-07
2060,6.6e-07
2061,6.6e-07
2062,6.6e-07
2063,6.6e-07
2064,6.7e-07
2065,6.6e-07
2066,6.6e-07
2067,6.6e-07
2068,6.6e-07
2069,6.7e-07
2070,6.7e-07
2071,6.7e-07
2072,6.7e-07
2073,6.7e-07
2074,6.7e-07
2075,6.7e-07
2076,6.6e-07
2077,6.7e-07
2078,6.7e-07
2079,6.6e-07
2080,6.7e-07
2081,6.7e-07
2082,6.6e-07
2083,6.7e-07
2084,6.7e-07
2085,6.7e-07
2086,6.7e-07
2087,6.7e-07
2088,6.7e-07
2089,6.7e-07
2090,6.7e-07
2091,6.7e-07
2092,6.7e-07
2093,6.7e-07
2094,6.7e-07
2095,6.7e-07
2096,6.6e-07
2097,6.6e-07
2098,6.6e-07
2099,6.6e-07
2100,6.6e-07
2101,6.6e-07
2102,6.6e-07
2103,6.7e-07
2104,6.7e-07
2105,6.6e-07
2106,6.6e-07
2107,6.6e-07
2108,6.6e-07
2109,6.6e-07
2110,6.6e-07
2111,6.6e-07
2112,6.6e-07
2113,6.7e-07
2114,6.7e-07
2115,6.7e-07
2116,6.7e-07
2117,6.7e-07
2118,6.7e-07
2119,6.7e-07
2120,6.7e-07
2121,6.7e-07
2122,6.7e-07
2123,6.7e-07
2124,6.7e-07
2125,6.7e-07
2126,6.7e-07
2127,6.7e-07
2128,6.7e-07
2129,6.7e-07
2130,6.7e-07
2131,6.7e-07
2132,6.7e-07
2133,6.7e-07
2134,6.7e-07
2135,6.7e-07
2136,6.7e-07
2137,6.7e-07
2138,6.7e-07
2139,6.7e-07
2140,6.7e-07
2141,6.7e-07
2142,6.7e-07
2143,6.7e-07
2144,6.7e-07
2145,6.7e-07
2146,6.7e-07
2147,6.7e-07
2148,6.7e-07
2149,6.7e-07
2150,6.7e-07
2151,6.7e-07
2152,6.7e-07
2153,6.6e-07
2154,6.6e-07
2155,6.7e-07
2156,6.6e-07
2157,6.6e-07
2158,6.6e-07
2159,6.7e-07
2160,6.7e-07
2161,6.7e-07
2162,6.7e-07
2163,6.7e-07
2164,6.7e-07
2165,6.7e-07
2166,6.7e-07
2167,6.7e-07
2168,6.7e-07
2169,6.7e-07
2170,6.7e-07
2171,6.6e-07
2172,6.6e-07
2173,6.7e-07
2174,6.7e-07
2175,6.7e-07
2176,6.7e-07
2177,6.7e-07
2178,6.7e-07
2179,6.7e-07
2180,6.7e-07
2181,6.7e-07
2182,6.7e-07
2183,6.7e-07
2184,6.7e-07
2185,6.6e-07
2186,6.6e-07
2187,6.6e-07
2188,6.6e-07
2189,6.6e-07
2190,6.7e-07
2191,6.7e-07
2192,6.7e-07
2193,6.7e-07
2194,6.7e-07
2195,6.6e-07
2196,6.8e-07
2197,6.8e-07
2198,6.8e-07
2199,6.8e-07
2200,6.8e-07
2201,6.8e-07
2202,6.8e-07
2203,6.8e-07
2204,6.8e-07
2205,6.8e-07
2206,6.8e-07
2207,6.8e-07
2208,6.7e-07
2209,6.7e-07
2210,6.7e-07
2211,6.7e-07
2212,6.8e-07
2213,6.8e-07
2214,6.8e-07
2215,6.8e-07
2216,6.8e-07
2217,6.8e-07
2218,6.8e-07
2219,6.8e-07
2220,6.8e-07
2221,6.7e-07
2222,6.8e-07
2223,6.8e-07
2224,6.7e-07
2225,6.6e-07
2226,6.7e-07
2227,6.7e-07
2228,6.7e-07
2229,6.7e-07
2230,6.6e-07
2231,6.6e-07
2232,6.7e-07
2233,6.6e-07
2234,6.6e-07
2235,6.7e-07
2236,6.7e-07
2237,6.7e-07
2238,6.6e-07
2239,6.7e-07
2240,6.7e-07
2241,6.7e-07
2242,6.7e-07
2243,6.7e-07
2244,6.7e-07
2245,6.8e-07
2246,6.8e-07
2247,6.8e-07
2248,6.8e-07
2249,6.8e-07
2250,6.8e-07
2251,6.8e-07
2252,6.8e-07
2253,6.8e-07
2254,6.8e-07
2255,6.8e-07
2256,6.7e-07
2257,6.7e-07
2258,6.7e-07
2259,6.8e-07
2260,6.8e-07
2261,6.8e-07
2262,6.8e-07
2263,6.8e-07
2264,6.8e-07
2265,6.8e-07
2266,6.8e-07
2267,6.8e-07
2268,6.8e-07
2269,6.8e-07
2270,6.8e-07
2271,6.8e-07
2272,6.8e-07
2273,6.8e-07
2274,6.7e-07
2275,6.7e-07
2276,6.7e-07
2277,6.7e-07
2278,6.8e-07
2279,6.8e-07
2280,6.8e-07
2281,6.7e-07
2282,6.7e-07
2283,6.7e-07
2284,6.7e-07
2285,6.7e-07
2286,6.8e-07
2287,6.8e-07
2288,6.7e-07
2289,6.7e-07
2290,6.7e-07
2291,6.7e-07
2292,6.7e-07
2293,6.8e-07
2294,6.6e-07
2295,6.6e-07
2296,6.6e-07
2297,6.8e-07
2298,6.7e-07
2299,6.7e-07
2300,6.7e-07
2301,6.7e-07
2302,6.6e-07
2303,6.6e-07
2304,6.7e-07
2305,6.6e-07
2306,6.7e-07
2307,6.6e-07
2308,6.6e-07
2309,6.6e-07
2310,6.7e-07
2311,6.7e-07
2312,6.7e-07
2313,6.7e-07
2314,6.6e-07
2315,6.6e-07
2316,6.6e-07
2317,6.7e-07
2318,6.6e-07
2319,6.7e-07
2320,6.7e-07
2321,6.7e-07
2322,6.6e-07
2323,6.6e-07
2324,6.6e-07
2325,6.7e-07
2326,6.7e-07
2327,6.7e-07
2328,6.6e-07
2329,6.6e-07
2330,6.6e-07
2331,6.8e-07
2332,6.8e-07
2333,6.6e-07
2334,6.6e-07
2335,6.7e-07
2336,6.6e-07
2337,6.6e-07
2338,6.6e-07
2339,6.7e-07
2340,6.6e-07
2341,6.7e-07
2342,6.7e-07
2343,6.7e-07
2344,6.7e-07
2345,6.8e-07
2346,6.8e-07
2347,6.6e-07
2348,6.7e-07
2349,6.7e-07
2350,6.7e-07
2351,6.7e-07
2352,6.7e-07
2353,6.7e-07
2354,6.7e-07
2355,6.7e-07
2356,6.8e-07
2357,6.8e-07
2358,6.7e-07
2359,6.7e-07
2360,6.7e-07
2361,6.8e-07
2362,6.7e-07
2363,6.8e-07
2364,6.8e-07
2365,6.8e-07
2366,6.8e-07
2367,6.8e-07
2368,6.8e-07
2369,6.8e-07
2370,6.7e-07
2371,6.7e-07
2372,6.8e-07
2373,6.8e-07
2374,6.8e-07
2375,6.8e-07
2376,6.8e-07
2377,6.8e-07
2378,6.8e-07
2379,6.8e-07
2380,6.8e-07
2381,6.8e-07
2382,6.7e-07
2383,6.9e-07
2384,6.7e-07
2385,6.7e-07
2386,6.7e-07
2387,6.7e-07
2388,6.8e-07
2389,6.8e-07
2390,6.7e-07
2391,6.9e-07
2392,6.7e-07
2393,6.7e-07
2394,6.7e-07
2395,6.7e-07
2396,6.8e-07
2397,6.8e-07
2398,6.8e-07
2399,6.8e-07
2400,6.8e-07
2401,6.7e-07
2402,6.8e-07
2403,6.8e-07
2404,6.8e-07
2405,6.9e-07
2406,6.9e-07
2407,6.8e-07
2408,6.7e-07
2409,6.8e-07
2410,6.8e-07
2411,6.7e-07
2412,6.7e-07
2413,6.7e-07
2414,6.7e-07
2415,6.7e-07
2416,6.7e-07
2417,6.7e-07
2418,6.8e-07
2419,6.8e-07
2420,6.8e-07
2421,6.8e-07
2422,6.8e-07
2423,6.8e-07
2424,6.8e-07
2425,6.8e-07
2426,6.8e-07
2427,6.8e-07
2428,6.8e-07
2429,6.8e-07
2430,6.8e-07
2431,6.7e-07
2432,6.7e-07
2433,6.7e-07
2434,6.8e-07
2435,6.8e-07
2436,6.8e-07
2437,6.8e-07
2438,6.8e-07
2439,6.8e-07
2440,6.7e-07
2441,6.7e-07
2442,6.7e-07
2443,6.8e-07
2444,6.8e-07
2445,6.8e-07
2446,6.8e-07
2447,6.8e-07
2448,6.8e-07
2449,6.8e-07
2450,6.8e-07
2451,6.8e-07
2452,6.8e-07
2453,6.8e-07
2454,6.9e-07
2455,6.9e-07
2456,6.9e-07
2457,6.8e-07
2458,6.8e-07
2459,6.8e-07
2460,6.8e-07
2461,6.8e-07
2462,6.8e-07
2463,6.8e-07
2464,6.8e-07
2465,6.9e-07
2466,6.9e-07
2467,6.8e-07
2468,6.8e-07
2469,6.8e-07
2470,6.8e-07
2471,6.9e-07
2472,6.9e-07
2473,6.9e-07
2474,6.9e-07
2475,6.9e-07
2476,6.9e-07
2477,6.9e-07
2478,6.9e-07
2479,6.9e-07
2480,6.9e-07
2481,6.9e-07
2482,6.9e-07
2483,6.9e-07
2484,6.9e-07
2485,6.8e-07
2486,6.8e-07
2487,6.8e-07
2488,6.8e-07
2489,6.8e-07
2490,6.8e-07
2491,6.8e-07
2492,6.8e-07
2493,6.8e-07
2494,6.8e-07
2495,6.8e-07
2496,6.8e-07
2497,6.8e-07
2498,6.8e-07
2499,6.8e-07
2500,6.9e-07
2501,6.8e-07
2502,6.8e-07
2503,6.8e-07
2504,6.8e-07
2505,6.8e-07
2506,6.8e-07
2507,6.9e-07
2508,6.9e-07
2509,6.9e-07
2510,6.9e-07
2511,6.9e-07
2512,6.8e-07
2513,6.8e-07
2514,6.9e-07
2515,6.8e-07
2516,6.8e-07
2517,6.8e-07
2518,6.9e-07
2519,6.8e-07
2520,6.9e-07
2521,6.9e-07
2522,6.9e-07
2523,6.9e-07
2524,6.9e-07
2525,6.9e-07
2526,6.9e-07
2527,6.9e-07
2528,6.9e-07
2529,6.9e-07
2530,6.9e-07
2531,6.8e-07
2532,6.8e-07
2533,6.8e-07
2534,6.8e-07
2535,6.8e-07
2536,6.9e-07
2537,6.9e-07
2538,6.9e-07
2539,6.9e-07
2540,6.9e-07
2541,6.8e-07
2542,6.9e-07
2543,6.9e-07
2544,6.9e-07
2545,6.9e-07
2546,6.9e-07
2547,6.9e-07
2548,6.9e-07
2549,6.9e-07
2550,6.9e-07
2551,6.9e-07
2552,6.9e-07
2553,6.9e-07
2554,6.9e-07
2555,6.9e-07
2556,6.9e-07
2557,6.9e-07
2558,6.9e-07
2559,6.9e-07
2560,6.9e-07
2561,6.9e-07
2562,6.9e-07
2563,6.8e-07
2564,6.8e-07
2565,6.9e-07
2566,6.8e-07
2567,6.8e-07
2568,6.8e-07
2569,6.8e-07
2570,6.8e-07
2571,6.9e-07
2572,6.9e-07
2573,6.9e-07
2574,6.8e-07
2575,6.8e-07
2576,6.8e-07
2577,6.8e-07
2578,6.8e-07
2579,6.8e-07
2580,6.8e-07
2581,6.8e-07
2582,6.8e-07
2583,6.7e-07
2584,6.7e-07
2585,6.8e-07
2586,6.8e-07
2587,6.7e-07
2588,6.8e-07
2589,6.7e-07
2590,6.7e-07
2591,6.7e-07
2592,6.8e-07
2593,6.8e-07
2594,6.8e-07
2595,6.8e-07
2596,6.8e-07
2597,6.8e-07
2598,6.8e-07
2599,6.8e-07
2600,6.8e-07
2601,6.8e-07
2602,6.8e-07
2603,6.8e-07
2604,6.8e-07
2605,6.8e-07
2606,6.8e-07
2607,6.8e-07
2608,6.8e-07
2609,6.8e-07
2610,6.7e-07
2611,6.8e-07
2612,6.8e-07
2613,6.8e-07
2614,6.8e-07
2615,6.8e-07
2616,6.8e-07
2617,6.8e-07
2618,6.8e-07
2619,6.8e-07
2620,6.8e-07
2621,6.8e-07
2622,6.7e-07
2623,6.7e-07
2624,6.7e-07
2625,6.8e-07
2626,6.8e-07
2627,6.8e-07
2628,6.8e-07
2629,6.8e-07
2630,6.8e-07
2631,6.8e-07
2632,6.8e-07
2633,6.8e-07
2634,6.8e-07
2635,6.8e-07
2636,6.8e-07
2637,6.8e-07
2638,6.8e-07
2639,6.8e-07
2640,6.7e-07
2641,6.7e-07
2642,6.7e-07
2643,6.7e-07
2644,6.8e-07
2645,6.8e-07
2646,6.8e-07
2647,6.8e-07
2648,6.7e-07
2649,6.7e-07
2650,6.8e-07
2651,6.7e-07
2652,6.7e-07
2653,6.8e-07
2654,6.7e-07
2655,6.7e-07
2656,6.8e-07
2657,6.8e-07
2658,6.8e-07
2659,6.8e-07
2660,6.8e-07
2661,6.8e-07
2662,6.8e-07
2663,6.8e-07
2664,6.7e-07
2665,6.8e-07
2666,6.8e-07
2667,6.8e-07
2668,6.8e-07
2669,6.8e-07
2670,6.8e-07
2671,6.8e-07
2672,6.8e-07
2673,6.8e-07
2674,6.8e-07
2675,6.8e-07
2676,6.8e-07
2677,6.8e-07
2678,6.8e-07
2679,6.8e-07
2680,6.7e-07
2681,6.8e-07
2682,6.7e-07
2683,6.7e-07
2684,6.8e-07
2685,6.8e-07
2686,6.8e-07
2687,6.8e-07
2688,6.8e-07
2689,6.8e-07
2690,6.8e-07
2691,6.7e-07
2692,6.7e-07
2693,6.7e-07
2694,6.7e-07
2695,6.7e-07
2696,6.7e-07
2697,6.7e-07
2698,6.7e-07
2699,6.7e-07
2700,6.7e-07
2701,6.7e-07
2702,6.7e-07
2703,6.7e-07
2704,6.7e-07
2705,6.7e-07
2706,6.7e-07
2707,6.7e-07
2708,6.7e-07
2709,6.7e-07
2710,6.7e-07
2711,6.8e-07
2712,6.7e-07
2713,6.7e-07
2714,6.7e-07
2715,6.7e-07
2716,6.7e-07
2717,6.7e-07
2718,6.7e-07
2719,6.7e-07
2720,6.7e-07
2721,6.7e-07
2722,6.7e-07
2723,6.7e-07
2724,6.8e-07
2725,6.8e-07
2726,6.7e-07
2727,6.7e-07
2728,6.7e-07
2729,6.7e-07
2730,6.7e-07
2731,6.7e-07
2732,6.7e-07
2733,6.7e-07
2734,6.8e-07
2735,6.8e-07
2736,6.8e-07
2737,6.8e-07
2738,6.8e-07
2739,6.8e-07
2740,6.8e-07
2741,6.8e-07
2742,6.8e-07
2743,6.8e-07
2744,6.8e-07
2745,6.8e-07
2746,6.8e-07
2747,6.7e-07
2748,6.8e-07
2749,6.8e-07
2750,6.8e-07
2751,6.8e-07
2752,6.8e-07
2753,6.8e-07
2754,6.8e-07
2755,6.8e-07
2756,6.8e-07
2757,6.7e-07
2758,6.7e-07
2759,6.7e-07
2760,6.8e-07
2761,6.7e-07
2762,6.7e-07
2763,6.7e-07
2764,6.7e-07
2765,6.8e-07
2766,6.8e-07
2767,6.8e-07
2768,6.8e-07
2769,6.8e-07
2770,6.8e-07
2771,6.8e-07
2772,6.8e-07
2773,6.8e-07
2774,6.8e-07
2775,6.8e-07
2776,6.8e-07
2777,6.7e-07
2778,6.8e-07
2779,6.7e-07
2780,6.7e-07
2781,6.7e-07
2782,6.7e-07
2783,6.7e-07
2784,6.8e-07
2785,6.8e-07
2786,6.8e-07
2787,6.8e-07
2788,6.8e-07
2789,6.8e-07
2790,6.8e-07
2791,6.8e-07
2792,6.7e-07
2793,6.7e-07
2794,6.7e-07
2795,6.7e-07
2796,6.7e-07
2797,6.6e-07
2798,6.7e-07
2799,6.7e-07
2800,6.7e-07
2801,6.7e-07
2802,6.7e-07
2803,6.7e-07
2804,6.7e-07
2805,6.7e-07
2806,6.7e-07
2807,6.7e-07
2808,6.7e-07
2809,6.7e-07
2810,6.6e-07
2811,6.6e-07
2812,6.6e-07
2813,6.6e-07
2814,6.7e-07
2815,6.7e-07
2816,6.7e-07
2817,6.7e-07
2818,6.7e-07
2819,6.6e-07
2820,6.6e-07
2821,6.6e-07
2822,6.6e-07
2823,6.6e-07
2824,6.6e-07
2825,6.6e-07
2826,6.6e-07
2827,6.6e-07
2828,6.6e-07
2829,6.7e-07
2830,6.7e-07
2831,6.7e-07
2832,6.7e-07
2833,6.8e-07
2834,6.7e-07
2835,6.7e-07
2836,6.7e-07
2837,6.7e-07
2838,6.7e-07
2839,6.7e-07
2840,6.7e-07
2841,6.7e-07
2842,6.7e-07
2843,6.7e-07
2844,6.7e-07
2845,6.6e-07
2846,6.6e-07
2847,6.6e-07
2848,6.7e-07
2849,6.7e-07
2850,6.7e-07
2851,6.6e-07
2852,6.7e-07
2853,6.6e-07
2854,6.6e-07
2855,6.7e-07
2856,6.7e-07
2857,6.7e-07
2858,6.7e-07
2859,6.7e-07
2860,6.7e-07
2861,6.7e-07
2862,6.7e-07
2863,6.7e-07
2864,6.7e-07
2865,6.7e-07
2866,6.7e-07
2867,6.7e-07
2868,6.7e-07
2869,6.6e-07
2870,6.6e-07
2871,6.6e-07
2872,6.6e-07
2873,6.6e-07
2874,6.6e-07
2875,6.6e-07
2876,6.6e-07
2877,6.7e-07
2878,6.7e-07
2879,6.7e-07
2880,6.7e-07
2881,6.7e-07
2882,6.7e-07
2883,6.7e-07
2884,6.7e-07
2885,6.7e-07
2886,6.7e-07
2887,6.7e-07
2888,6.7e-07
2889,6.7e-07
2890,6.6e-07
2891,6.6e-07
2892,6.7e-07
2893,6.7e-07
2894,6.7e-07
2895,6.7e-07
2896,6.7e-07
2897,6.7e-07
2898,6.7e-07
2899,6.7e-07
2900,6.7e-07
2901,6.7e-07
2902,6.6e-07
2903,6.6e-07
2904,6.6e-07
2905,6.6e-07
2906,6.6e-07
2907,6.6e-07
2908,6.6e-07
2909,6.6e-07
2910,6.6e-07
2911,6.6e-07
2912,6.6e-07
2913,6.6e-07
2914,6.6e-07
2915,6.6e-07
2916,6.6e-07
2917,6.6e-07
2918,6.7e-07
2919,6.7e-07
2920,6.6e-07
2921,6.6e-07
2922,6.6e-07
2923,6.6e-07
2924,6.7e-07
2925,6.7e-07
2926,6.7e-07
2927,6.7e-07
2928,6.7e-07
2929,6.7e-07
2930,6.7e-07
2931,6.7e-07
2932,6.6e-07
2933,6.6e-07
2934,6.6e-07
2935,6.6e-07
2936,6.6e-07
2937,6.7e-07
2938,6.7e-07
2939,6.7e-07
2940,6.6e-07
2941,6.6e-07
2942,6.6e-07
2943,6.6e-07
2944,6.6e-07
2945,6.6e-07
2946,6.6e-07
2947,6.6e-07
2948,6.6e-07
2949,6.6e-07
2950,6.6e-07
2951,6.6e-07
2952,6.7e-07
2953,6.7e-07
2954,6.7e-07
2955,6.7e-07
2956,6.7e-07
2957,6.7e-07
2958,6.7e-07
2959,6.7e-07
2960,6.7e-07
2961,6.7e-07
2962,6.6e-07
2963,6.6e-07
2964,6.7e-07
2965,6.7e-07
2966,6.7e-07
2967,6.7e-07
2968,6.7e-07
2969,6.7e-07
2970,6.7e-07
2971,6.7e-07
2972,6.7e-07
2973,6.7e-07
2974,6.7e-07
2975,6.6e-07
2976,6.7e-07
2977,6.7e-07
2978,6.7e-07
2979,6.7e-07
2980,6.7e-07
2981,6.7e-07
2982,6.7e-07
2983,6.7e-07
2984,6.7e-07
2985,6.6e-07
2986,6.6e-07
2987,6.6e-07
2988,6.6e-07
2989,6.7e-07
2990,6.7e-07
2991,6.7e-07
2992,6.6e-07
2993,6.6e-07
2994,6.6e-07
2995,6.6e-07
2996,6.6e-07
2997,6.6e-07
2998,6.7e-07
2999,6.7e-07
3000,6.7e-07
3001,6.7e-07
3002,6.7e-07
3003,6.6e-07
3004,6.6e-07
3005,6.6e-07
3006,6.7e-07
3007,6.7e-07
3008,6.7e-07
3009,6.7e-07
3010,6.6e-07
3011,6.6e-07
3012,6.7e-07
3013,6.7e-07
3014,6.7e-07
3015,6.7e-07
3016,6.7e-07
3017,6.7e-07
3018,6.7e-07
3019,6.7e-07
3020,6.7e-07
3021,6.7e-07
3022,6.7e-07
3023,6.7e-07
3024,6.7e-07
3025,6.7e-07
3026,6.8e-07
3027,6.8e-07
3028,6.7e-07
3029,6.7e-07
3030,6.7e-07
3031,6.7e-07
3032,6.8e-07
3033,6.8e-07
3034,6.7e-07
3035,6.7e-07
3036,6.7e-07
3037,6.7e-07
3038,6.7e-07
3039,6.7e-07
3040,6.7e-07
3041,6.6e-07
3042,6.7e-07
3043,6.7e-07
3044,6.7e-07
3045,6.7e-07
3046,6.7e-07
3047,6.6e-07
3048,6.6e-07
3049,6.6e-07
3050,6.6e-07
3051,6.6e-07
3052,6.6e-07
3053,6.7e-07
3054,6.7e-07
3055,6.7e-07
3056,6.7e-07
3057,6.7e-07
3058,6.7e-07
3059,6.7e-07
3060,6.7e-07
3061,6.6e-07
3062,6.6e-07
3063,6.6e-07
3064,6.7e-07
3065,6.7e-07
3066,6.7e-07
3067,6.7e-07
3068,6.7e-07
3069,6.6e-07
3070,6.7e-07
3071,6.7e-07
3072,6.6e-07
3073,6.6e-07
3074,6.6e-07
3075,6.7e-07
3076,6.7e-07
3077,6.7e-07
3078,6.7e-07
3079,6.7e-07
3080,6.7e-07
3081,6.7e-07
3082,6.7e-07
3083,6.7e-07
3084,6.7e-07
3085,6.6e-07
3086,6.6e-07
3087,6.6e-07
3088,6.6e-07
3089,6.7e-07
3090,6.7e-07
3091,6.7e-07
3092,6.7e-07
3093,6.7e-07
3094,6.6e-07
3095,6.6e-07
3096,6.6e-07
3097,6.6e-07
3098,6.6e-07
3099,6.6e-07
3100,6.6e-07
3101,6.6e-07
3102,6.7e-07
3103,6.7e-07
3104,6.7e-07
3105,6.7e-07
3106,6.6e-07
3107,6.6e-07
3108,6.6e-07
3109,6.7e-07
3110,6.7e-07
3111,6.7e-07
3112,6.6e-07
3113,6.6e-07
3114,6.6e-07
3115,6.6e-07
3116,6.7e-07
3117,6.7e-07
3118,6.7e-07
3119,6.7e-07
3120,6.7e-07
3121,6.7e-07
3122,6.7e-07
3123,6.7e-07
3124,6.7e-07
3125,6.7e-07
3126,6.6e-07
3127,6.6e-07
3128,6.6e-07
3129,6.6e-07
3130,6.6e-07
3131,6.7e-07
3132,6.6e-07
3133,6.6e-07
3134,6.6e-07
3135,6.6e-07
3136,6.6e-07
3137,6.6e-07
3138,6.6e-07
3139,6.6e-07
3140,6.6e-07
3141,6.6e-07
3142,6.6e-07
3143,6.6e-07
3144,6.7e-07
3145,6.7e-07
3146,6.7e-07
3147,6.7e-07
3148,6.6e-07
3149,6.6e-07
3150,6.6e-07
3151,6.6e-07
3152,6.6e-07
3153,6.6e-07
3154,6.6e-07
3155,6.6e-07
3156,6.6e-07
3157,6.6e-07
3158,6.6e-07
3159,6.6e-07
3160,6.6e-07
3161,6.6e-07
3162,6.7e-07
3163,6.6e-07
3164,6.6e-07
3165,6.7e-07
3166,6.7e-07
3167,6.7e-07
3168,6.7e-07
3169,6.7e-07
3170,6.7e-07
3171,6.7e-07
3172,6.7e-07
3173,6.7e-07
3174,6.7e-07
3175,6.7e-07
3176,6.7e-07
3177,6.6e-07
3178,6.6e-07
3179,6.6e-07
3180,6.6e-07
3181,6.6e-07
3182,6.6e-07
3183,6.6e-07
3184,6.6e-07
3185,6.6e-07
3186,6.6e-07
3187,6.6e-07
3188,6.6e-07
3189,6.6e-07
3190,6.6e-07
3191,6.6e-07
3192,6.6e-07
3193,6.6e-07
3194,6.6e-07
3195,6.6e-07
3196,6.6e-07
3197,6.6e-07
3198,6.6e-07
3199,6.6e-07
3200,6.6e-07
3201,6.7e-07
3202,6.7e-07
3203,6.7e-07
3204,6.7e-07
3205,6.7e-07
3206,6.7e-07
3207,6.7e-07
3208,6.6e-07
3209,6.7e-07
3210,6.7e-07
3211,6.6e-07
3212,6.6e-07
3213,6.6e-07
3214,6.6e-07
3215,6.6e-07
3216,6.6e-07
3217,6.6e-07
3218,6.6e-07
3219,6.7e-07
3220,6.6e-07
3221,6.6e-07
3222,6.6e-07
3223,6.6e-07
3224,6.6e-07
3225,6.6e-07
3226,6.6e-07
3227,6.6e-07
3228,6.6e-07
3229,6.6e-07
3230,6.6e-07
3231,6.6e-07
3232,6.6e-07
3233,6.6e-07
3234,6.6e-07
3235,6.7e-07
3236,6.6e-07
3237,6.6e-07
3238,6.6e-07
3239,6.6e-07
3240,6.6e-07
3241,6.6e-07
3242,6.6e-07
3243,6.6e-07
3244,6.7e-07
3245,6.6e-07
3246,6.6e-07
3247,6.6e-07
3248,6.6e-07
3249,6.7e-07
3250,6.7e-07
3251,6.7e-07
3252,6.7e-07
3253,6.7e-07
3254,6.7e-07
3255,6.7e-07
3256,6.7e-07
3257,6.7e-07
3258,6.7e-07
3259,6.7e-07
3260,6.7e-07
3261,6.7e-07
3262,6.7e-07
3263,6.7e-07
3264,6.7e-07
3265,6.6e-07
3266,6.6e-07
3267,6.6e-07
3268,6.6e-07
3269,6.6e-07
3270,6.6e-07
3271,6.6e-07
3272,6.6e-07
3273,6.7e-07
3274,6.7e-07
3275,6.7e-07
3276,6.7e-07
3277,6.6e-07
3278,6.7e-07
3279,6.7e-07
3280,6.7e-07
3281,6.7e-07
3282,6.7e-07
3283,6.7e-07
3284,6.7e-07
3285,6.7e-07
3286,6.7e-07
3287,6.6e-07
3288,6.6e-07
3289,6.6e-07
3290,6.6e-07
3291,6.6e-07
3292,6.6e-07
3293,6.7e-07
3294,6.7e-07
3295,6.7e-07
3296,6.7e-07
3297,6.7e-07
3298,6.7e-07
3299,6.7e-07
3300,6.7e-07
3301,6.7e-07
3302,6.7e-07
3303,6.7e-07
3304,6.7e-07
3305,6.7e-07
3306,6.7e-07
3307,6.6e-07
3308,6.6e-07
3309,6.6e-07
3310,6.7e-07
3311,6.7e-07
3312,6.7e-07
3313,6.7e-07
3314,6.7e-07
3315,6.7e-07
3316,6.6e-07
3317,6.6e-07
3318,6.6e-07
3319,6.7e-07
3320,6.7e-07
3321,6.7e-07
3322,6.7e-07
3323,6.6e-07
3324,6.6e-07
3325,6.6e-07
3326,6.6e-07
3327,6.6e-07
3328,6.7e-07
3329,6.7e-07
3330,6.7e-07
3331,6.7e-07
3332,6.7e-07
3333,6.7e-07
3334,6.6e-07
3335,6.6e-07
3336,6.6e-07
3337,6.6e-07
3338,6.6e-07
3339,6.6e-07
3340,6.6e-07
3341,6.7e-07
3342,6.6e-07
3343,6.6e-07
3344,6.7e-07
3345,6.7e-07
3346,6.7e-07
3347,6.7e-07
3348,6.7e-07
3349,6.7e-07
3350,6.7e-07
3351,6.7e-07
3352,6.6e-07
3353,6.7e-07
3354,6.6e-07
3355,6.7e-07
3356,6.7e-07
3357,6.7e-07
3358,6.7e-07
3359,6.7e-07
3360,6.7e-07
3361,6.6e-07
3362,6.6e-07
3363,6.6e-07
3364,6.6e-07
3365,6.6e-07
3366,6.6e-07
3367,6.7e-07
3368,6.7e-07
3369,6.7e-07
3370,6.7e-07
3371,6.6e-07
3372,6.7e-07
3373,6.6e-07
3374,6.7e-07
3375,6.7e-07
3376,6.6e-07
3377,6.6e-07
3378,6.7e-07
3379,6.7e-07
3380,6.7e-07
3381,6.7e-07
3382,6.7e-07
3383,6.7e-07
3384,6.6e-07
3385,6.6e-07
3386,6.6e-07
3387,6.6e-07
3388,6.6e-07
3389,6.6e-07
3390,6.6e-07
3391,6.6e-07
3392,6.7e-07
3393,6.7e-07
3394,6.6e-07
3395,6.6e-07
3396,6.6e-07
3397,6.6e-07
3398,6.6e-07
3399,6.7e-07
3400,6.6e-07
3401,6.6e-07
3402,6.7e-07
3403,6.7e-07
3404,6.7e-07
3405,6.7e-07
3406,6.7e-07
3407,6.7e-07
3408,6.7e-07
3409,6.7e-07
3410,6.7e-07
3411,6.7e-07
3412,6.7e-07
3413,6.7e-07
3414,6.6e-07
3415,6.6e-07
3416,6.6e-07
3417,6.6e-07
3418,6.5e-07
3419,6.5e-07
3420,6.5e-07
3421,6.5e-07
3422,6.5e-07
3423,6.5e-07
3424,6.6e-07
3425,6.6e-07
3426,6.6e-07
3427,6.5e-07
3428,6.5e-07
3429,6.5e-07
3430,6.5e-07
3431,6.6e-07
3432,6.5e-07
3433,6.5e-07
3434,6.6e-07
3435,6.5e-07
3436,6.5e-07
3437,6.6e-07
3438,6.6e-07
3439,6.6e-07
3440,6.6e-07
3441,6.6e-07
3442,6.6e-07
3443,6.6e-07
3444,6.6e-07
3445,6.6e-07
3446,6.5e-07
3447,6.5e-07
3448,6.6e-07
3449,6.5e-07
3450,6.5e-07
3451,6.5e-07
3452,6.6e-07
3453,6.6e-07
3454,6.6e-07
3455,6.6e-07
3456,6.6e-07
3457,6.6e-07
3458,6.6e-07
3459,6.6e-07
3460,6.6e-07
3461,6.6e-07
3462,6.5e-07
3463,6.5e-07
3464,6.5e-07
3465,6.5e-07
3466,6.6e-07
3467,6.6e-07
3468,6.5e-07
3469,6.5e-07
3470,6.5e-07
3471,6.6e-07
3472,6.6e-07
3473,6.6e-07
3474,6.5e-07
3475,6.5e-07
3476,6.6e-07
3477,6.6e-07
3478,6.6e-07
3479,6.6e-07
3480,6.5e-07
3481,6.6e-07
3482,6.6e-07
3483,6.6e-07
3484,6.6e-07
3485,6.5e-07
3486,6.5e-07
3487,6.5e-07
3488,6.5e-07
3489,6.5e-07
3490,6.5e-07
3491,6.5e-07
3492,6.5e-07
3493,6.5e-07
3494,6.5e-07
3495,6.6e-07
3496,6.6e-07
3497,6.5e-07
3498,6.5e-07
3499,6.5e-07
3500,6.5e-07
3501,6.5e-07
3502,6.5e-07
3503,6.5e-07
3504,6.5e-07
3505,6.5e-07
3506,6.5e-07
3507,6.5e-07
3508,6.5e-07
3509,6.5e-07
3510,6.6e-07
3511,6.5e-07
3512,6.5e-07
3513,6.6e-07
3514,6.5e-07
3515,6.5e-07
3516,6.5e-07
3517,6.5e-07
3518,6.5e-07
3519,6.5e-07
3520,6.5e-07
3521,6.5e-07
3522,6.5e-07
3523,6.5e-07
3524,6.6e-07
3525,6.6e-07
3526,6.6e-07
3527,6.6e-07
3528,6.6e-07
3529,6.5e-07
3530,6.5e-07
3531,6.6e-07
3532,6.6e-07
3533,6.6e-07
3534,6.6e-07
3535,6.6e-07
3536,6.5e-07
3537,6.6e-07
3538,6.6e-07
3539,6.6e-07
3540,6.6e-07
3541,6.6e-07
3542,6.7e-07
3543,6.5e-07
3544,6.7e-07
3545,6.6e-07
3546,6.7e-07
3547,6.7e-07
3548,6.6e-07
3549,6.6e-07
3550,6.7e-07
3551,6.7e-07
3552,6.7e-07
3553,6.6e-07
3554,6.6e-07
3555,6.6e-07
3556,6.6e-07
3557,6.6e-07
3558,6.7e-07
3559,6.7e-07
3560,6.7e-07
3561,6.7e-07
3562,6.7e-07
3563,6.7e-07
3564,6.7e-07
3565,6.7e-07
3566,6.7e-07
3567,6.7e-07
3568,6.7e-07
3569,6.7e-07
3570,6.6e-07
3571,6.6e-07
3572,6.7e-07
3573,6.7e-07
3574,6.6e-07
3575,6.6e-07
3576,6.7e-07
3577,6.6e-07
3578,6.6e-07
3579,6.6e-07
3580,6.6e-07
3581,6.7e-07
3582,6.7e-07
3583,6.7e-07
3584,6.6e-07
3585,6.6e-07
3586,6.7e-07
3587,6.7e-07
3588,6.6e-07
3589,6.6e-07
3590,6.6e-07
3591,6.6e-07
3592,6.6e-07
3593,6.6e-07
3594,6.6e-07
3595,6.6e-07
3596,6.6e-07
3597,6.6e-07
3598,6.6e-07
3599,6.6e-07
3600,6.6e-07
3601,6.6e-07
3602,6.6e-07
3603,6.6e-07
3604,6.6e-07
3605,6.6e-07
3606,6.6e-07
3607,6.7e-07
3608,6.7e-07
3609,6.7e-07
3610,6.7e-07
3611,6.6e-07
3612,6.6e-07
3613,6.6e-07
3614,6.6e-07
3615,6.6e-07
3616,6.6e-07
3617,6.6e-07
3618,6.6e-07
3619,6.6e-07
3620,6.7e-07
3621,6.6e-07
3622,6.7e-07
3623,6.7e-07
3624,6.6e-07
3625,6.6e-07
3626,6.7e-07
3627,6.7e-07
3628,6.6e-07
3629,6.6e-07
3630,6.6e-07
3631,6.6e-07
3632,6.7e-07
3633,6.6e-07
3634,6.6e-07
3635,6.6e-07
3636,6.7e-07
3637,6.7e-07
3638,6.6e-07
3639,6.6e-07
3640,6.6e-07
3641,6.6e-07
3642,6.6e-07
3643,6.6e-07
3644,6.7e-07
3645,6.6e-07
3646,6.6e-07
3647,6.6e-07
3648,6.6e-07
3649,6.6e-07
3650,6.6e-07
3651,6.6e-07
3652,6.6e-07
3653,6.6e-07
3654,6.6e-07
3655,6.6e-07
3656,6.6e-07
3657,6.6e-07
3658,6.6e-07
3659,6.6e-07
3660,6.7e-07
3661,6.6e-07
3662,6.6e-07
3663,6.6e-07
3664,6.7e-07
3665,6.7e-07
3666,6.6e-07
3667,6.7e-07
3668,6.6e-07
3669,6.6e-07
3670,6.6e-07
3671,6.6e-07
3672,6.6e-07
3673,6.6e-07
3674,6.6e-07
3675,6.6e-07
3676,6.7e-07
3677,6.7e-07
3678,6.7e-07
3679,6.7e-07
3680,6.7e-07
3681,6.7e-07
3682,6.7e-07
3683,6.7e-07
3684,6.7e-07
3685,6.7e-07
3686,6.6e-07
3687,6.7e-07
3688,6.7e-07
3689,6.7e-07
3690,6.6e-07
3691,6.6e-07
3692,6.6e-07
3693,6.6e-07
3694,6.6e-07
3695,6.6e-07
3696,6.6e-07
3697,6.6e-07
3698,6.6e-07
3699,6.6e-07
3700,6.6e-07
3701,6.6e-07
3702,6.7e-07
3703,6.6e-07
3704,6.6e-07
3705,6.6e-07
3706,6.6e-07
3707,6.6e-07
3708,6.6e-07
3709,6.6e-07
3710,6.6e-07
3711,6.6e-07
3712,6.6e-07
3713,6.6e-07
3714,6.6e-07
3715,6.6e-07
3716,6.6e-07
3717,6.6e-07
3718,6.6e-07
3719,6.6e-07
3720,6.6e-07
3721,6.7e-07
3722,6.7e-07
3723,6.7e-07
3724,6.6e-07
3725,6.6e-07
3726,6.6e-07
3727,6.6e-07
3728,6.6e-07
3729,6.7e-07
3730,6.7e-07
3731,6.7e-07
3732,6.7e-07
3733,6.7e-07
3734,6.7e-07
3735,6.7e-07
3736,6.7e-07
3737,6.7e-07
3738,6.7e-07
3739,6.6e-07
3740,6.6e-07
3741,6.6e-07
3742,6.6e-07
3743,6.6e-07
3744,6.7e-07
3745,6.7e-07
3746,6.7e-07
3747,6.7e-07
3748,6.6e-07
3749,6.6e-07
3750,6.6e-07
3751,6.6e-07
3752,6.6e-07
3753,6.6e-07
3754,6.6e-07
3755,6.6e-07
3756,6.6e-07
3757,6.6e-07
3758,6.6e-07
3759,6.6e-07
3760,6.6e-07
3761,6.6e-07
3762,6.6e-07
3763,6.6e-07
3764,6.6e-07
3765,6.6e-07
3766,6.6e-07
3767,6.6e-07
3768,6.6e-07
3769,6.6e-07
3770,6.6e-07
3771,6.6e-07
3772,6.7e-07
3773,6.7e-07
3774,6.7e-07
3775,6.7e-07
3776,6.7e-07
3777,6.7e-07
3778,6.6e-07
3779,6.6e-07
3780,6.6e-07
3781,6.7e-07
3782,6.7e-07
3783,6.7e-07
3784,6.7e-07
3785,6.7e-07
3786,6.7e-07
3787,6.6e-07
3788,6.6e-07
3789,6.6e-07
3790,6.6e-07
3791,6.6e-07
3792,6.6e-07
3793,6.7e-07
3794,6.7e-07
3795,6.7e-07
3796,6.7e-07
3797,6.7e-07
3798,6.7e-07
3799,6.6e-07
3800,6.6e-07
3801,6.6e-07
3802,6.6e-07
3803,6.6e-07
3804,6.6e-07
3805,6.6e-07
3806,6.6e-07
3807,6.6e-07
3808,6.6e-07
3809,6.6e-07
3810,6.6e-07
3811,6.6e-07
3812,6.7e-07
3813,6.6e-07
3814,6.6e-07
3815,6.6e-07
3816,6.6e-07
3817,6.7e-07
3818,6.7e-07
3819,6.7e-07
3820,6.6e-07
3821,6.6e-07
3822,6.7e-07
3823,6.6e-07
3824,6.6e-07
3825,6.6e-07
3826,6.6e-07
3827,6.6e-07
3828,6.6e-07
3829,6.7e-07
3830,6.7e-07
3831,6.6e-07
3832,6.6e-07
3833,6.6e-07
3834,6.6e-07
3835,6.6e-07
3836,6.6e-07
3837,6.7e-07
3838,6.7e-07
3839,6.7e-07
3840,6.6e-07
3841,6.7e-07
3842,6.7e-07
3843,6.7e-07
3844,6.7e-07
3845,6.7e-07
3846,6.7e-07
3847,6.7e-07
3848,6.6e-07
3849,6.6e-07
3850,6.6e-07
3851,6.7e-07
3852,6.7e-07
3853,6.7e-07
3854,6.7e-07
3855,6.7e-07
3856,6.7e-07
3857,6.7e-07
3858,6.7e-07
3859,6.7e-07
3860,6.7e-07
3861,6.7e-07
3862,6.7e-07
3863,6.7e-07
3864,6.7e-07
3865,6.7e-07
3866,6.6e-07
3867,6.6e-07
3868,6.6e-07
3869,6.6e-07
3870,6.7e-07
3871,6.7e-07
3872,6.7e-07
3873,6.7e-07
3874,6.7e-07
3875,6.7e-07
3876,6.7e-07
3877,6.7e-07
3878,6.7e-07
3879,6.7e-07
3880,6.7e-07
3881,6.6e-07
3882,6.6e-07
3883,6.7e-07
3884,6.7e-07
3885,6.7e-07
3886,6.7e-07
3887,6.7e-07
3888,6.6e-07
3889,6.6e-07
3890,6.6e-07
3891,6.6e-07
3892,6.6e-07
3893,6.6e-07
3894,6.6e-07
3895,6.6e-07
3896,6.6e-07
3897,6.6e-07
3898,6.6e-07
3899,6.6e-07
3900,6.7e-07
3901,6.7e-07
3902,6.7e-07
3903,6.7e-07
3904,6.7e-07
3905,6.6e-07
3906,6.7e-07
3907,6.7e-07
3908,6.7e-07
3909,6.6e-07
3910,6.7e-07
3911,6.7e-07
3912,6.7e-07
3913,6.7e-07
3914,6.6e-07
3915,6.6e-07
3916,6.6e-07
3917,6.7e-07
3918,6.7e-07
3919,6.7e-07
3920,6.7e-07
3921,6.6e-07
3922,6.6e-07
3923,6.7e-07
3924,6.7e-07
3925,6.7e-07
3926,6.7e-07
3927,6.7e-07
3928,6.6e-07
3929,6.6e-07
3930,6.7e-07
3931,6.7e-07
3932,6.7e-07
3933,6.7e-07
3934,6.7e-07
3935,6.7e-07
3936,6.7e-07
3937,6.7e-07
3938,6.7e-07
3939,6.7e-07
3940,6.7e-07
3941,6.7e-07
3942,6.7e-07
3943,6.7e-07
3944,6.7e-07
3945,6.6e-07
3946,6.6e-07
3947,6.6e-07
3948,6.6e-07
3949,6.6e-07
3950,6.7e-07
3951,6.7e-07
3952,6.7e-07
3953,6.7e-07
3954,6.7e-07
3955,6.7e-07
3956,6.7e-07
3957,6.6e-07
3958,6.7e-07
3959,6.7e-07
3960,6.6e-07
3961,6.6e-07
3962,6.6e-07
3963,6.6e-07
3964,6.6e-07
3965,6.6e-07
3966,6.6e-07
3967,6.6e-07
3968,6.6e-07
3969,6.6e-07
3970,6.6e-07
3971,6.6e-07
3972,6.6e-07
3973,6.6e-07
3974,6.7e-07
3975,6.7e-07
3976,6.7e-07
3977,6.6e-07
3978,6.6e-07
3979,6.6e-07
3980,6.7e-07
3981,6.5e-07
3982,6.5e-07
3983,6.6e-07
3984,6.6e-07
3985,6.6e-07
3986,6.6e-07
3987,6.6e-07
3988,6.5e-07
3989,6.6e-07
3990,6.6e-07
3991,6.6e-07
3992,6.5e-07
3993,6.6e-07
3994,6.5e-07
3995,6.5e-07
3996,6.5e-07
3997,6.6e-07
3998,6.6e-07
3999,6.5e-07
4000,6.6e-07
4001,6.6e-07
4002,6.6e-07
4003,6.6e-07
4004,6.6e-07
4005,6.6e-07
4006,6.6e-07
4007,6.5e-07
4008,6.5e-07
4009,6.5e-07
4010,6.5e-07
4011,6.5e-07
4012,6.5e-07
4013,6.5e-07
4014,6.5e-07
4015,6.5e-07
4016,6.6e-07
4017,6.6e-07
4018,6.6e-07
4019,6.6e-07
4020,6.5e-07
4021,6.5e-07
4022,6.6e-07
4023,6.5e-07
4024,6.5e-07
4025,6.5e-07
4026,6.5e-07
4027,6.5e-07
4028,6.5e-07
4029,6.4e-07
4030,6.4e-07
4031,6.5e-07
4032,6.4e-07
4033,6.4e-07
4034,6.5e-07
4035,6.5e-07
4036,6.4e-07
4037,6.4e-07
4038,6.5e-07
4039,6.5e-07
4040,6.5e-07
4041,6.4e-07
4042,6.4e-07
4043,6.4e-07
4044,6.4e-07
4045,6.5e-07
4046,6.5e-07
4047,6.5e-07
4048,6.4e-07
4049,6.4e-07
4050,6.4e-07
4051,6.4e-07
4052,6.4e-07
4053,6.4e-07
4054,6.4e-07
4055,6.4e-07
4056,6.4e-07
4057,6.5e-07
4058,6.4e-07
4059,6.4e-07
4060,6.4e-07
4061,6.3e-07
4062,6.3e-07
4063,6.4e-07
4064,6.3e-07
4065,6.3e-07
4066,6.3e-07
4067,6.4e-07
4068,6.3e-07
4069,6.4e-07
4070,6.4e-07
4071,6.3e-07
4072,6.4e-07
4073,6.3e-07
4074,6.3e-07
4075,6.4e-07
4076,6.4e-07
4077,6.4e-07
4078,6.3e-07
4079,6.3e-07
4080,6.3e-07
4081,6.3e-07
4082,6.3e-07
4083,6.3e-07
4084,6.3e-07
4085,6.4e-07
4086,6.4e-07
4087,6.3e-07
4088,6.3e-07
4089,6.3e-07
4090,6.3e-07
4091,6.3e-07
4092,6.4e-07
4093,6.4e-07
4094,6.3e-07
4095,6.4e-07
4096,6.3e-07
4097,6.4e-07
4098,6.4e-07
4099,6.3e-07
4100,6.3e-07
4101,6.3e-07
4102,6.3e-07
4103,6.3e-07
4104,6.3e-07
4105,6.4e-07
4106,6.4e-07
4107,6.4e-07
4108,6.4e-07
4109,6.3e-07
4110,6.3e-07
4111,6.3e-07
4112,6.3e-07
4113,6.3e-07
4114,6.3e-07
4115,6.3e-07
4116,6.3e-07
4117,6.4e-07
4118,6.4e-07
4119,6.4e-07
4120,6.3e-07
4121,6.3e-07
4122,6.3e-07
4123,6.3e-07
4124,6.3e-07
4125,6.3e-07
4126,6.3e-07
4127,6.3e-07
4128,6.3e-07
4129,6.3e-07
4130,6.3e-07
4131,6.3e-07
4132,6.3e-07
4133,6.3e-07
4134,6.4e-07
4135,6.4e-07
4136,6.4e-07
4137,6.3e-07
4138,6.3e-07
4139,6.3e-07
4140,6.3e-07
4141,6.3e-07
4142,6.2e-07
4143,6.2e-07
4144,6.2e-07
4145,6.2e-07
4146,6.2e-07
4147,6.2e-07
4148,6.2e-07
4149,6.3e-07
4150,6.2e-07
4151,6.2e-07
4152,6.2e-07
4153,6.2e-07
4154,6.1e-07
4155,6.1e-07
4156,6.2e-07
4157,6.2e-07
4158,6.1e-07
4159,6.1e-07
4160,6.1e-07
4161,6.1e-07
4162,6.2e-07
4163,6.2e-07
4164,6.2e-07
4165,6.2e-07
4166,6.1e-07
4167,6.1e-07
4168,6.1e-07
4169,6.1e-07
4170,6.1e-07
4171,6.2e-07
4172,6.1e-07
4173,6.1e-07
4174,6.1e-07
4175,6.1e-07
4176,6.1e-07
4177,6.1e-07
4178,6.1e-07
4179,6.2e-07
4180,6.2e-07
4181,6.1e-07
4182,6.1e-07
4183,6.1e-07
4184,6.2e-07
4185,6.2e-07
4186,6.2e-07
4187,6.1e-07
4188,6.2e-07
4189,6.2e-07
4190,6.1e-07
4191,6.1e-07
4192,6.1e-07
4193,6.1e-07
4194,6e-07
4195,6e-07
4196,6.1e-07
4197,6.1e-07
4198,6.1e-07
4199,6.1e-07
4200,6e-07
4201,6e-07
4202,6e-07
4203,6e-07
4204,6e-07
4205,6e-07
4206,6e-07
4207,6e-07
4208,6e-07
4209,6e-07
4210,6e-07
4211,5.9e-07
4212,5.9e-07
4213,5.9e-07
4214,5.9e-07
4215,6e-07
4216,5.9e-07
4217,5.9e-07
4218,5.9e-07
4219,5.8e-07
4220,5.9e-07
4221,5.8e-07
4222,5.9e-07
4223,5.8e-07
4224,5.8e-07
4225,5.7e-07
4226,5.7e-07
4227,5.9e-07
4228,5.9e-07
4229,5.7e-07
4230,5.8e-07
4231,5.8e-07
4232,5.7e-07
4233,5.9e-07
4234,5.9e-07
4235,5.9e-07
4236,5.8e-07
4237,5.8e-07
4238,5.8e-07
4239,5.7e-07
4240,5.8e-07
4241,5.8e-07
4242,5.7e-07
4243,5.9e-07
4244,5.8e-07
4245,5.7e-07
4246,5.8e-07
4247,5.9e-07
4248,5.8e-07
4249,5.8e-07
4250,5.7e-07
4251,5.7e-07
4252,5.7e-07
4253,5.7e-07
4254,5.7e-07
4255,5.8e-07
4256,5.8e-07
4257,5.8e-07
4258,5.8e-07
4259,5.8e-07
4260,5.7e-07
4261,5.7e-07
4262,5.8e-07
4263,5.7e-07
4264,5.8e-07
4265,5.7e-07
4266,5.8e-07
4267,5.7e-07
4268,5.8e-07
4269,5.7e-07
4270,5.8e-07
4271,5.8e-07
4272,5.8e-07
4273,5.8e-07
4274,5.8e-07
4275,5.8e-07
4276,5.8e-07
4277,5.8e-07
4278,5.9e-07
4279,5.9e-07
4280,6e-07
4281,6e-07
4282,5.9e-07
4283,6e-07
4284,5.9e-07
4285,5.8e-07
4286,5.7e-07
4287,5.7e-07
4288,6e-07
4289,5.8e-07
4290,5.9e-07
4291,5.8e-07
4292,5.8e-07
4293,5.8e-07
4294,5.9e-07
4295,5.9e-07
4296,6e-07
4297,6e-07
4298,5.9e-07
4299,5.8e-07
4300,5.9e-07
4301,5.8e-07
4302,5.9e-07
4303,5.9e-07
4304,5.9e-07
4305,5.9e-07
4306,5.9e-07
4307,5.9e-07
4308,5.9e-07
4309,5.9e-07
4310,6e-07
4311,6e-07
4312,6e-07
4313,6e-07
4314,5.9e-07
4315,6e-07
4316,5.9e-07
4317,6e-07
4318,5.9e-07
4319,6e-07
4320,5.9e-07
4321,5.9e-07
4322,5.9e-07
4323,6e-07
4324,5.8e-07
4325,5.9e-07
4326,5.9e-07
4327,5.9e-07
4328,5.9e-07
4329,5.9e-07
4330,5.9e-07
4331,5.9e-07
4332,6e-07
4333,6e-07
4334,6e-07
4335,5.9e-07
4336,5.9e-07
4337,5.9e-07
4338,6e-07
4339,5.9e-07
4340,5.9e-07
4341,6e-07
4342,6e-07
4343,6e-07
4344,6e-07
4345,6e-07
4346,6e-07
4347,6e-07
4348,6e-07
4349,6e-07
4350,5.9e-07
4351,5.9e-07
4352,6e-07
4353,6e-07
4354,6e-07
4355,6e-07
4356,6e-07
4357,6e-07
4358,5.9e-07
4359,6e-07
4360,6e-07
4361,6e-07
4362,5.9e-07
4363,6e-07
4364,6e-07
4365,6e-07
4366,6e-07
4367,6e-07
4368,6e-07
4369,6e-07
4370,6e-07
4371,6e-07
4372,6e-07
4373,6e-07
4374,6e-07
4375,6e-07
4376,6e-07
4377,6e-07
4378,6e-07
4379,6e-07
4380,6e-07
4381,6e-07
4382,6e-07
4383,6e-07
4384,6e-07
4385,6e-07
4386,6e-07
4387,6e-07
4388,6e-07
4389,6e-07
4390,6e-07
4391,6e-07
4392,5.9e-07
4393,6e-07
4394,5.9e-07
4395,5.9e-07
4396,6e-07
4397,6e-07
4398,5.9e-07
4399,6e-07
4400,6.1e-07
4401,6.1e-07
4402,6e-07
4403,6e-07
4404,6.1e-07
4405,6e-07
4406,6e-07
4407,6e-07
4408,6e-07
4409,6e-07
4410,6e-07
4411,6e-07
4412,6e-07
4413,6.1e-07
4414,6e-07
4415,6e-07
4416,6e-07
4417,6e-07
4418,6e-07
4419,5.9e-07
4420,5.9e-07
4421,6e-07
4422,6e-07
4423,6e-07
4424,6e-07
4425,6e-07
4426,5.9e-07
4427,5.9e-07
4428,5.9e-07
4429,5.9e-07
4430,5.9e-07
4431,5.9e-07
4432,5.8e-07
4433,5.8e-07
4434,5.8e-07
4435,5.8e-07
4436,5.8e-07
4437,5.8e-07
4438,5.8e-07
4439,5.8e-07
4440,5.8e-07
4441,5.8e-07
4442,5.8e-07
4443,5.8e-07
4444,5.8e-07
4445,5.8e-07
4446,5.8e-07
4447,5.7e-07
4448,5.8e-07
4449,5.8e-07
4450,5.8e-07
4451,5.8e-07
4452,5.8e-07
4453,5.8e-07
4454,5.8e-07
4455,5.8e-07
4456,5.8e-07
4457,5.8e-07
4458,5.8e-07
4459,5.8e-07
4460,5.8e-07
4461,5.8e-07
4462,5.8e-07
4463,5.8e-07
4464,5.8e-07
4465,5.8e-07
4466,5.8e-07
4467,5.8e-07
4468,5.9e-07
4469,5.9e-07
4470,5.8e-07
4471,5.9e-07
4472,5.9e-07
4473,5.9e-07
4474,5.9e-07
4475,5.9e-07
4476,5.9e-07
4477,5.9e-07
4478,5.9e-07
4479,5.9e-07
4480,5.8e-07
4481,5.8e-07
4482,5.8e-07
4483,5.8e-07
4484,5.8e-07
4485,5.8e-07
4486,5.9e-07
4487,5.8e-07
4488,5.8e-07
4489,5.9e-07
4490,5.9e-07
4491,5.8e-07
4492,5.8e-07
4493,5.8e-07
4494,5.8e-07
4495,5.9e-07
4496,5.8e-07
4497,5.8e-07
4498,5.8e-07
4499,5.9e-07
4500,5.8e-07
4501,5.8e-07
4502,5.8e-07
4503,5.8e-07
4504,5.8e-07
4505,5.8e-07
4506,5.9e-07
4507,5.9e-07
4508,5.9e-07
4509,5.9e-07
4510,5.8e-07
4511,5.8e-07
4512,5.8e-07
4513,5.9e-07
4514,5.9e-07
4515,5.9e-07
4516,5.7e-07
4517,5.7e-07
4518,5.8e-07
4519,5.7e-07
4520,5.7e-07
4521,5.7e-07
4522,5.7e-07
4523,5.7e-07
4524,5.9e-07
4525,5.9e-07
4526,5.9e-07
4527,5.9e-07
4528,5.9e-07
4529,5.9e-07
4530,5.9e-07
4531,5.8e-07
4532,5.8e-07
4533,5.8e-07
4534,5.8e-07
4535,5.8e-07
4536,5.8e-07
4537,5.8e-07
4538,5.8e-07
4539,5.8e-07
4540,5.8e-07
4541,5.8e-07
4542,5.8e-07
4543,5.8e-07
4544,5.9e-07
4545,5.9e-07
4546,5.9e-07
4547,6e-07
4548,5.9e-07
4549,6e-07
4550,5.8e-07
4551,5.8e-07
4552,5.8e-07
4553,5.8e-07
4554,5.9e-07
4555,5.9e-07
4556,5.9e-07
4557,5.8e-07
4558,5.8e-07
4559,5.7e-07
4560,5.8e-07
4561,5.7e-07
4562,5.8e-07
4563,5.8e-07
4564,5.7e-07
4565,5.8e-07
4566,5.8e-07
4567,5.7e-07
4568,5.7e-07
4569,5.7e-07
4570,5.8e-07
4571,5.7e-07
4572,5.8e-07
4573,5.8e-07
4574,5.8e-07
4575,5.8e-07
4576,5.7e-07
4577,5.8e-07
4578,5.8e-07
4579,5.7e-07
4580,5.7e-07
4581,5.7e-07
4582,5.7e-07
4583,5.8e-07
4584,5.8e-07
4585,5.8e-07
4586,5.7e-07
4587,5.8e-07
4588,5.8e-07
4589,5.8e-07
4590,5.8e-07
4591,5.8e-07
4592,5.7e-07
4593,5.7e-07
4594,5.7e-07
4595,5.8e-07
4596,5.7e-07
4597,5.7e-07
4598,5.8e-07
4599,5.7e-07
4600,5.7e-07
4601,5.8e-07
4602,5.7e-07
4603,5.7e-07
4604,5.7e-07
4605,5.8e-07
4606,5.8e-07
4607,5.8e-07
4608,5.7e-07
4609,5.7e-07
4610,5.7e-07
4611,5.7e-07
4612,5.7e-07
4613,5.7e-07
4614,5.7e-07
4615,5.7e-07
4616,5.7e-07
4617,5.7e-07
4618,5.7e-07
4619,5.7e-07
4620,5.6e-07
4621,5.7e-07
4622,5.7e-07
4623,5.7e-07
4624,5.6e-07
4625,5.6e-07
4626,5.6e-07
4627,5.6e-07
4628,5.7e-07
4629,5.6e-07
4630,5.7e-07
4631,5.7e-07
4632,5.8e-07
4633,5.8e-07
4634,5.7e-07
4635,5.7e-07
4636,5.7e-07
4637,5.8e-07
4638,5.7e-07
4639,5.7e-07
4640,5.8e-07
4641,5.8e-07
4642,5.8e-07
4643,5.8e-07
4644,5.7e-07
4645,5.8e-07
4646,5.8e-07
4647,5.8e-07
4648,5.8e-07
4649,5.8e-07
4650,5.8e-07
4651,5.6e-07
4652,5.6e-07
4653,5.6e-07
4654,5.6e-07
4655,5.7e-07
4656,5.7e-07
4657,5.7e-07
4658,5.6e-07
4659,5.6e-07
4660,5.6e-07
4661,5.6e-07
4662,5.6e-07
4663,5.6e-07
4664,5.7e-07
4665,5.6e-07
4666,5.6e-07
4667,5.5e-07
4668,5.6e-07
4669,5.5e-07
4670,5.5e-07
4671,5.5e-07
4672,5.5e-07
4673,5.5e-07
4674,5.5e-07
4675,5.5e-07
4676,5.4e-07
4677,5.4e-07
4678,5.4e-07
4679,5.6e-07
4680,5.6e-07
4681,5.6e-07
4682,5.5e-07
4683,5.5e-07
4684,5.5e-07
4685,5.5e-07
4686,5.6e-07
4687,5.6e-07
4688,5.5e-07
4689,5.5e-07
4690,5.6e-07
4691,5.6e-07
4692,5.6e-07
4693,5.6e-07
4694,5.6e-07
4695,5.6e-07
4696,5.6e-07
4697,5.6e-07
4698,5.6e-07
4699,5.6e-07
4700,5.5e-07
4701,5.5e-07
4702,5.5e-07
4703,5.5e-07
4704,5.5e-07
4705,5.5e-07
4706,5.5e-07
4707,5.6e-07
4708,5.5e-07
4709,5.6e-07
4710,5.6e-07
4711,5.6e-07
4712,5.6e-07
4713,5.5e-07
4714,5.5e-07
4715,5.5e-07
4716,5.5e-07
4717,5.5e-07
4718,5.5e-07
4719,5.5e-07
4720,5.5e-07
4721,5.4e-07
4722,5.4e-07
4723,5.4e-07
4724,5.5e-07
4725,5.4e-07
4726,5.4e-07
4727,5.5e-07
4728,5.5e-07
4729,5.5e-07
4730,5.4e-07
4731,5.4e-07
4732,5.4e-07
4733,5.5e-07
4734,5.4e-07
4735,5.4e-07
4736,5.4e-07
4737,5.4e-07
4738,5.5e-07
4739,5.5e-07
4740,5.5e-07
4741,5.5e-07
4742,5.4e-07
4743,5.5e-07
4744,5.5e-07
4745,5.5e-07
4746,5.4e-07
4747,5.4e-07
4748,5.5e-07
4749,5.5e-07
4750,5.5e-07
4751,5.5e-07
4752,5.6e-07
4753,5.5e-07
4754,5.5e-07
4755,5.6e-07
4756,5.5e-07
4757,5.6e-07
4758,5.5e-07
4759,5.5e-07
4760,5.5e-07
4761,5.5e-07
4762,5.6e-07
4763,5.6e-07
4764,5.6e-07
4765,5.5e-07
4766,5.5e-07
4767,5.5e-07
4768,5.5e-07
4769,5.5e-07
4770,5.6e-07
4771,5.5e-07
4772,5.5e-07
4773,5.5e-07
4774,5.5e-07
4775,5.5e-07
4776,5.6e-07
4777,5.6e-07
4778,5.7e-07
4779,5.6e-07
4780,5.6e-07
4781,5.7e-07
4782,5.6e-07
4783,5.6e-07
4784,5.7e-07
4785,5.7e-07
4786,5.7e-07
4787,5.7e-07
4788,5.7e-07
4789,5.6e-07
4790,5.6e-07
4791,5.7e-07
4792,5.6e-07
4793,5.7e-07
4794,5.7e-07
4795,5.6e-07
4796,5.7e-07
4797,5.6e-07
4798,5.6e-07
4799,5.6e-07
4800,5.6e-07
4801,5.6e-07
4802,5.6e-07
4803,5.7e-07
4804,5.7e-07
4805,5.8e-07
4806,5.8e-07
4807,5.7e-07
4808,5.7e-07
4809,5.8e-07
4810,5.8e-07
4811,5.8e-07
4812,5.8e-07
4813,5.8e-07
4814,5.8e-07
4815,5.7e-07
4816,5.7e-07
4817,5.8e-07
4818,5.8e-07
4819,5.8e-07
4820,5.8e-07
4821,5.8e-07
4822,5.8e-07
4823,5.8e-07
4824,5.7e-07
4825,5.8e-07
4826,5.8e-07
4827,5.8e-07
4828,5.8e-07
4829,5.8e-07
4830,5.7e-07
4831,5.8e-07
4832,5.7e-07
4833,5.7e-07
4834,5.8e-07
4835,5.8e-07
4836,5.8e-07
4837,5.8e-07
4838,5.7e-07
4839,5.8e-07
4840,5.7e-07
4841,5.9e-07
4842,5.7e-07
4843,5.7e-07
4844,5.8e-07
4845,5.7e-07
4846,5.8e-07
4847,5.7e-07
4848,5.7e-07
4849,5.7e-07
4850,5.7e-07
4851,5.8e-07
4852,5.7e-07
4853,5.7e-07
4854,5.7e-07
4855,5.8e-07
4856,5.8e-07
4857,5.8e-07
4858,5.8e-07
4859,5.8e-07
4860,5.7e-07
4861,5.7e-07
4862,5.8e-07
4863,5.7e-07
4864,5.6e-07
4865,5.6e-07
4866,5.8e-07
4867,5.7e-07
4868,5.8e-07
4869,5.6e-07
4870,5.7e-07
4871,5.6e-07
4872,5.7e-07
4873,5.7e-07
4874,5.7e-07
4875,5.7e-07
4876,5.7e-07
4877,5.7e-07
4878,5.6e-07
4879,5.6e-07
4880,5.7e-07
4881,5.7e-07
4882,5.7e-07
4883,5.7e-07
4884,5.7e-07
4885,5.8e-07
4886,5.7e-07
4887,5.7e-07
4888,5.7e-07
4889,5.8e-07
4890,5.8e-07
4891,5.8e-07
4892,5.7e-07
4893,5.7e-07
4894,5.8e-07
4895,5.8e-07
4896,5.8e-07
4897,5.8e-07
4898,5.8e-07
4899,5.8e-07
4900,5.8e-07
4901,5.8e-07
4902,5.8e-07
4903,5.7e-07
4904,5.8e-07
4905,5.8e-07
4906,5.9e-07
4907,5.8e-07
4908,5.9e-07
4909,5.9e-07
4910,5.9e-07
4911,5.9e-07
4912,5.8e-07
4913,5.8e-07
4914,5.8e-07
4915,5.9e-07
4916,5.8e-07
4917,5.9e-07
4918,5.9e-07
4919,5.9e-07
4920,5.9e-07
4921,5.9e-07
4922,5.9e-07
4923,5.9e-07
4924,5.8e-07
4925,5.8e-07
4926,5.9e-07
4927,5.9e-07
4928,5.9e-07
4929,5.9e-07
4930,5.9e-07
4931,5.8e-07
4932,5.9e-07
4933,5.9e-07
4934,5.9e-07
4935,6e-07
4936,6e-07
4937,6e-07
4938,6e-07
4939,6e-07
4940,5.9e-07
4941,5.9e-07
4942,5.9e-07
4943,5.9e-07
4944,6e-07
4945,6e-07
4946,6e-07
4947,5.9e-07
4948,5.9e-07
4949,6e-07
4950,6e-07
4951,6e-07
4952,5.9e-07
4953,6e-07
4954,5.9e-07
4955,5.9e-07
4956,5.9e-07
4957,5.9e-07
4958,6e-07
4959,6e-07
4960,5.9e-07
4961,6e-07
4962,5.9e-07
4963,6e-07
4964,6e-07
4965,6e-07
4966,6e-07
4967,6e-07
4968,6.1e-07
4969,6e-07
4970,6e-07
4971,5.9e-07
4972,5.9e-07
4973,6e-07
4974,5.9e-07
4975,5.9e-07
4976,5.9e-07
4977,5.9e-07
4978,5.9e-07
4979,5.9e-07
4980,5.9e-07
4981,5.9e-07
4982,5.8e-07
4983,5.8e-07
4984,5.9e-07
4985,5.9e-07
4986,5.9e-07
4987,5.8e-07
4988,5.9e-07
4989,5.9e-07
4990,5.8e-07
4991,5.8e-07
4992,5.9e-07
4993,5.9e-07
4994,5.9e-07
4995,5.9e-07
4996,5.8e-07
4997,5.8e-07
4998,5.8e-07
4999,5.9e-07
5000,5.9e-07
5001,5.9e-07
5002,5.9e-07
5003,5.8e-07
5004,5.8e-07
5005,5.8e-07
5006,5.8e-07
5007,5.8e-07
5008,5.9e-07
5009,5.9e-07
5010,5.9e-07
5011,5.9e-07
5012,5.9e-07
5013,5.8e-07
5014,5.9e-07
5015,5.9e-07
5016,5.8e-07
5017,5.9e-07
5018,5.9e-07
5019,5.9e-07
5020,5.9e-07
5021,5.9e-07
5022,5.9e-07
5023,5.8e-07
5024,5.8e-07
5025,5.8e-07
5026,5.8e-07
5027,5.9e-07
5028,5.8e-07
5029,5.8e-07
5030,5.8e-07
5031,5.8e-07
5032,5.8e-07
5033,5.9e-07
5034,5.9e-07
5035,5.9e-07
5036,5.9e-07
5037,5.9e-07
5038,5.9e-07
5039,5.8e-07
5040,5.8e-07
5041,5.8e-07
5042,5.8e-07
5043,5.8e-07
5044,5.8e-07
5045,5.8e-07
5046,5.9e-07
5047,5.9e-07
5048,5.9e-07
5049,5.9e-07
5050,5.9e-07
5051,5.9e-07
5052,5.8e-07
5053,5.7e-07
5054,5.8e-07
5055,5.8e-07
5056,5.8e-07
5057,5.9e-07
5058,5.9e-07
5059,5.7e-07
5060,5.9e-07
5061,5.9e-07
5062,5.9e-07
5063,5.8e-07
5064,5.9e-07
5065,5.9e-07
5066,5.9e-07
5067,5.9e-07
5068,5.8e-07
5069,5.9e-07
5070,5.9e-07
5071,5.9e-07
5072,5.8e-07
5073,5.9e-07
5074,5.9e-07
5075,5.9e-07
5076,5.9e-07
5077,5.9e-07
5078,5.9e-07
5079,6e-07
5080,6e-07
5081,6e-07
5082,6e-07
5083,6e-07
5084,6e-07
5085,6.1e-07
5086,6.1e-07
5087,6.1e-07
5088,6.1e-07
5089,6.1e-07
5090,6.1e-07
5091,6.1e-07
5092,6e-07
5093,6e-07
5094,6e-07
5095,6.1e-07
5096,6.1e-07
5097,6.1e-07
5098,6e-07
5099,6e-07
5100,6e-07
5101,6e-07
5102,6.1e-07
5103,6.1e-07
5104,6e-07
5105,6e-07
5106,6e-07
5107,6.1e-07
5108,6e-07
5109,6e-07
5110,6e-07
5111,6e-07
5112,6e-07
5113,6e-07
5114,6e-07
5115,6.1e-07
5116,6.1e-07
5117,6.1e-07
5118,6.1e-07
5119,6e-07
5120,6e-07
5121,6e-07
5122,6.1e-07
5123,6.1e-07
5124,6e-07
5125,6e-07
5126,5.9e-07
5127,5.9e-07
5128,6e-07
5129,5.9e-07
5130,6e-07
5131,6e-07
5132,6e-07
5133,6e-07
5134,5.9e-07
5135,6e-07
5136,5.9e-07
5137,6e-07
5138,6e-07
5139,6e-07
5140,6e-07
5141,6e-07
5142,6e-07
5143,6e-07
5144,6.1e-07
5145,6.1e-07
5146,6.1e-07
5147,6.1e-07
5148,6.1e-07
5149,6e-07
5150,6.1e-07
5151,6.1e-07
5152,6.1e-07
5153,6.1e-07
5154,6.1e-07
5155,6.1e-07
5156,6e-07
5157,6.1e-07
5158,6.1e-07
5159,6.1e-07
5160,6e-07
5161,6e-07
5162,6e-07
5163,6.1e-07
5164,6e-07
5165,6e-07
5166,6.1e-07
5167,6.1e-07
5168,6e-07
5169,6.1e-07
5170,6.1e-07
5171,6.1e-07
5172,6.1e-07
5173,6.1e-07
5174,6.1e-07
5175,6.1e-07
5176,6.1e-07
5177,6e-07
5178,6e-07
5179,6e-07
5180,6e-07
5181,6.1e-07
5182,6e-07
5183,6e-07
5184,6e-07
5185,6e-07
5186,6e-07
5187,6.1e-07
5188,6.1e-07
5189,6.1e-07
5190,6.1e-07
5191,6.1e-07
5192,6.1e-07
5193,6e-07
5194,6.1e-07
5195,6.1e-07
5196,6e-07
5197,6e-07
5198,6.1e-07
5199,6.1e-07
5200,6.1e-07
5201,6.1e-07
5202,6e-07
5203,6e-07
5204,6e-07
5205,6e-07
5206,6.1e-07
5207,6.1e-07
5208,6.1e-07
5209,6e-07
5210,6.1e-07
5211,6.1e-07
5212,6e-07
5213,6e-07
5214,6e-07
5215,6.1e-07
5216,6.1e-07
5217,6e-07
5218,6e-07
5219,6e-07
5220,6e-07
5221,6e-07
5222,6e-07
5223,6e-07
5224,6e-07
5225,6e-07
5226,6e-07
5227,6.1e-07
5228,6.1e-07
5229,6.1e-07
5230,6e-07
5231,6.1e-07
5232,6e-07
5233,6.1e-07
5234,6.1e-07
5235,6.1e-07
5236,6.1e-07
5237,6.1e-07
5238,6.1e-07
5239,6.1e-07
5240,6.1e-07
5241,6.1e-07
5242,6.1e-07
5243,6.1e-07
5244,6.1e-07
5245,6.1e-07
5246,6.1e-07
5247,6.1e-07
5248,6.1e-07
5249,6e-07
5250,6e-07
5251,6e-07
5252,6e-07
5253,6e-07
5254,6e-07
5255,6e-07
5256,6e-07
5257,6e-07
5258,6e-07
5259,6e-07
5260,6e-07
5261,6e-07
5262,6e-07
5263,6e-07
5264,6e-07
5265,6e-07
5266,6e-07
5267,6e-07
5268,6e-07
5269,5.9e-07
5270,5.9e-07
5271,5.9e-07
5272,6e-07
5273,5.9e-07
5274,5.9e-07
5275,6e-07
5276,6e-07
5277,6e-07
5278,6e-07
5279,6e-07
5280,6e-07
5281,5.9e-07
5282,6e-07
5283,6e-07
5284,6e-07
5285,5.9e-07
5286,5.9e-07
5287,5.9e-07
5288,6e-07
5289,6e-07
5290,6e-07
5291,6e-07
5292,6e-07
5293,6e-07
5294,6e-07
5295,6e-07
5296,6e-07
5297,6e-07
5298,6e-07
5299,6e-07
5300,6e-07
5301,5.9e-07
5302,6e-07
5303,6.1e-07
5304,6.1e-07
5305,6e-07
5306,6e-07
5307,6.1e-07
5308,6.1e-07
5309,6.1e-07
5310,6.1e-07
5311,6.1e-07
5312,6.1e-07
5313,6e-07
5314,6e-07
5315,6e-07
5316,6e-07
5317,6.1e-07
5318,6.1e-07
5319,6.1e-07
5320,6.1e-07
5321,6e-07
5322,6e-07
5323,6e-07
5324,5.9e-07
5325,5.9e-07
5326,5.9e-07
5327,5.9e-07
5328,5.9e-07
5329,5.9e-07
5330,6.1e-07
5331,6.1e-07
5332,6.1e-07
5333,6.1e-07
5334,6.1e-07
5335,6.1e-07
5336,6.1e-07
5337,6.1e-07
5338,6.1e-07
5339,6e-07
5340,6.1e-07
5341,6.1e-07
5342,6.1e-07
5343,6.1e-07
5344,6.1e-07
5345,6.1e-07
5346,5.9e-07
5347,5.9e-07
5348,5.9e-07
5349,6.1e-07
5350,6.1e-07
5351,5.9e-07
5352,5.9e-07
5353,5.9e-07
5354,5.9e-07
5355,6.1e-07
5356,6e-07
5357,6.1e-07
5358,6.1e-07
5359,5.9e-07
5360,6.1e-07
5361,6e-07
5362,6e-07
5363,6.1e-07
5364,6e-07
5365,6.1e-07
5366,6e-07
5367,6.1e-07
5368,6.1e-07
5369,6.1e-07
5370,6.1e-07
5371,6e-07
5372,6e-07
5373,6.1e-07
5374,6.1e-07
5375,6e-07
5376,6e-07
5377,6e-07
5378,6.1e-07
5379,6e-07
5380,6.1e-07
5381,6.1e-07
5382,6.1e-07
5383,6.1e-07
5384,6e-07
5385,6e-07
5386,6.1e-07
5387,6.1e-07
5388,6e-07
5389,6e-07
5390,6e-07
5391,5.9e-07
5392,6e-07
5393,6e-07
5394,6e-07
5395,5.9e-07
5396,5.9e-07
5397,6e-07
5398,6e-07
5399,5.9e-07
5400,5.9e-07
5401,6e-07
5402,6e-07
5403,6e-07
5404,6e-07
5405,6e-07
5406,6e-07
5407,6e-07
5408,6.1e-07
5409,6.1e-07
5410,6.1e-07
5411,6.1e-07
5412,6e-07
5413,6e-07
5414,6e-07
5415,6e-07
5416,6e-07
5417,6.1e-07
5418,6.1e-07
5419,6e-07
5420,6.1e-07
5421,6.1e-07
5422,6e-07
5423,6e-07
5424,6e-07
5425,6.1e-07
5426,6.1e-07
5427,6.1e-07
5428,6e-07
5429,6.1e-07
5430,6.1e-07
5431,6.1e-07
5432,6.1e-07
5433,6.1e-07
5434,6e-07
5435,6.1e-07
5436,6.1e-07
5437,6.1e-07
5438,6.1e-07
5439,6e-07
5440,6e-07
5441,6e-07
5442,6e-07
5443,6.1e-07
5444,6.1e-07
5445,6.1e-07
5446,6e-07
5447,6.1e-07
5448,6.1e-07
5449,6e-07
5450,6e-07
5451,6e-07
5452,6.1e-07
5453,6.1e-07
5454,6.1e-07
5455,6.1e-07
5456,6.1e-07
5457,6.1e-07
5458,6e-07
5459,6.1e-07
5460,6e-07
5461,6e-07
5462,6e-07
5463,6e-07
5464,6e-07
5465,6e-07
5466,6.1e-07
5467,6.1e-07
5468,6.1e-07
5469,6.1e-07
5470,6.1e-07
5471,6.1e-07
5472,6.1e-07
5473,6.1e-07
5474,6.1e-07
5475,6.1e-07
5476,6.1e-07
5477,6.1e-07
5478,6.1e-07
5479,6.1e-07
5480,6.1e-07
5481,6e-07
5482,6e-07
5483,6.1e-07
5484,6.1e-07
5485,6.1e-07
5486,6.1e-07
5487,6.1e-07
5488,6.1e-07
5489,6e-07
5490,6e-07
5491,6.1e-07
5492,6.1e-07
5493,6.1e-07
5494,6.1e-07
5495,6e-07
5496,6.1e-07
5497,6e-07
5498,6e-07
5499,6.1e-07
5500,6e-07
5501,6e-07
5502,6e-07
5503,6.1e-07
5504,6.1e-07
5505,6.1e-07
5506,6.1e-07
5507,6.1e-07
5508,6e-07
5509,6e-07
5510,6.1e-07
5511,6.1e-07
5512,6e-07
5513,6e-07
5514,6.1e-07
5515,6e-07
5516,6e-07
5517,6e-07
5518,6e-07
5519,6e-07
5520,6e-07
5521,6e-07
5522,6.1e-07
5523,6e-07
5524,6e-07
5525,6e-07
5526,6.1e-07
5527,6.1e-07
5528,6.1e-07
5529,6.1e-07
5530,6e-07
5531,6e-07
5532,6.1e-07
5533,6.1e-07
5534,6e-07
5535,6e-07
5536,6.1e-07
5537,6e-07
5538,6e-07
5539,6e-07
5540,6.1e-07
5541,6e-07
5542,6.1e-07
5543,6e-07
5544,5.9e-07
5545,6.1e-07
5546,6.1e-07
5547,6.1e-07
5548,6e-07
5549,6e-07
5550,6e-07
5551,6e-07
5552,6e-07
5553,6.1e-07
5554,6e-07
5555,6e-07
5556,6e-07
5557,6.1e-07
5558,6.1e-07
5559,6.1e-07
5560,6.1e-07
5561,6.1e-07
5562,6.1e-07
5563,6e-07
5564,6e-07
5565,6e-07
5566,6e-07
5567,6e-07
5568,6e-07
5569,6e-07
5570,6.1e-07
5571,6e-07
5572,6e-07
5573,6.1e-07
5574,6.1e-07
5575,6.1e-07
5576,6.1e-07
5577,6.1e-07
5578,6.1e-07
5579,6.1e-07
5580,6.1e-07
5581,6.1e-07
5582,6.1e-07
5583,6e-07
5584,6e-07
5585,6.1e-07
5586,6.1e-07
5587,6.1e-07
5588,6e-07
5589,6e-07
5590,6.1e-07
5591,6.1e-07
5592,6.1e-07
5593,6.1e-07
5594,6.1e-07
5595,6e-07
5596,6e-07
5597,6e-07
5598,6e-07
5599,6e-07
5600,6e-07
5601,6e-07
5602,6.1e-07
5603,6.1e-07
5604,6.1e-07
5605,6.1e-07
5606,6e-07
5607,6.1e-07
5608,6.1e-07
5609,6.1e-07
5610,6.1e-07
5611,6e-07
5612,6.1e-07
5613,6.1e-07
5614,6.1e-07
5615,6.1e-07
5616,6.1e-07
5617,6e-07
5618,6e-07
5619,6e-07
5620,6.1e-07
5621,6.1e-07
5622,6.1e-07
5623,6.1e-07
5624,6.1e-07
5625,6.1e-07
5626,6.1e-07
5627,6.1e-07
5628,6.1e-07
5629,6.1e-07
5630,6e-07
5631,6e-07
5632,6e-07
5633,6e-07
5634,6e-07
5635,6.1e-07
5636,6e-07
5637,6.1e-07
5638,6e-07
5639,6.1e-07
5640,6.1e-07
5641,6.1e-07
5642,6.1e-07
5643,6.1e-07
5644,6e-07
5645,6.1e-07
5646,6.1e-07
5647,6.1e-07
5648,6.1e-07
5649,6.1e-07
5650,6.1e-07
5651,6.2e-07
5652,6.1e-07
5653,6.1e-07
5654,6.1e-07
5655,6.1e-07
5656,6.1e-07
5657,6.1e-07
5658,6.1e-07
5659,6.1e-07
5660,6.1e-07
5661,6.2e-07
5662,6.2e-07
5663,6.2e-07
5664,6.1e-07
5665,6.1e-07
5666,6.1e-07
5667,6.2e-07
5668,6.2e-07
5669,6.2e-07
5670,6.1e-07
5671,6.1e-07
5672,6e-07
5673,6.2e-07
5674,6.2e-07
5675,6.1e-07
5676,6.1e-07
5677,6.1e-07
5678,6.1e-07
5679,6.1e-07
5680,6.1e-07
5681,6.1e-07
5682,6.1e-07
5683,6.1e-07
5684,6.1e-07
5685,6.1e-07
5686,6.1e-07
5687,6e-07
5688,6e-07
5689,6e-07
5690,6e-07
5691,6e-07
5692,6e-07
5693,6.1e-07
5694,6e-07
5695,6.1e-07
5696,6.1e-07
5697,6e-07
5698,6e-07
5699,6e-07
5700,6e-07
5701,6e-07
5702,6e-07
5703,6e-07
5704,6e-07
5705,6.1e-07
5706,6.1e-07
5707,6.1e-07
5708,6e-07
5709,6e-07
5710,6.1e-07
5711,6.1e-07
5712,6.1e-07
5713,6.1e-07
5714,6.1e-07
5715,6e-07
5716,6.1e-07
5717,6.1e-07
5718,6.1e-07
5719,6.1e-07
5720,6e-07
5721,6.1e-07
5722,6e-07
5723,6e-07
5724,6e-07
5725,6e-07
5726,6.1e-07
5727,6.1e-07
5728,6.1e-07
5729,6.1e-07
5730,6e-07
5731,6e-07
5732,6e-07
5733,6.1e-07
5734,6.1e-07
5735,6.1e-07
5736,6e-07
5737,6e-07
5738,6e-07
5739,6e-07
5740,6e-07
5741,6e-07
5742,6e-07
5743,6.1e-07
5744,6e-07
5745,6e-07
5746,6.1e-07
5747,6.1e-07
5748,6.1e-07
5749,6.1e-07
5750,6.1e-07
5751,6.1e-07
5752,6e-07
5753,6.1e-07
5754,6.1e-07
5755,6.1e-07
5756,6.1e-07
5757,6.1e-07
5758,6.1e-07
5759,6e-07
5760,6.1e-07
5761,6.1e-07
5762,6.1e-07
5763,6.1e-07
5764,6.1e-07
5765,6.1e-07
5766,6e-07
5767,6.1e-07
5768,6.1e-07
5769,6.1e-07
5770,6.1e-07
5771,6.1e-07
5772,6.2e-07
5773,6.1e-07
5774,6.1e-07
5775,6.1e-07
5776,6e-07
5777,6e-07
5778,6.1e-07
5779,6.1e-07
5780,6.1e-07
5781,6.1e-07
5782,6.2e-07
5783,6.1e-07
5784,6.1e-07
5785,6.1e-07
5786,6.1e-07
5787,6.2e-07
5788,6.1e-07
5789,6.1e-07
5790,6e-07
5791,6e-07
5792,6.1e-07
5793,6.1e-07
5794,6.1e-07
5795,6.2e-07
5796,6.1e-07
5797,6.1e-07
5798,6.1e-07
5799,6.1e-07
5800,6.1e-07
5801,6.1e-07
5802,6.1e-07
5803,6.1e-07
5804,6.1e-07
5805,6.1e-07
5806,6.1e-07
5807,6.1e-07
5808,6.1e-07
5809,6.1e-07
5810,6.1e-07
5811,6.1e-07
5812,6.1e-07
5813,6.1e-07
5814,6.1e-07
5815,6e-07
5816,6e-07
5817,6e-07
5818,6e-07
5819,6e-07
5820,6.1e-07
5821,6.1e-07
5822,6.1e-07
5823,6.1e-07
5824,6.1e-07
5825,6.1e-07
5826,6.1e-07
5827,6.1e-07
5828,6.1e-07
5829,6e-07
5830,6.1e-07
5831,6.1e-07
5832,6.1e-07
5833,6.1e-07
5834,6.1e-07
5835,6.1e-07
5836,6.1e-07
5837,6.1e-07
5838,6.1e-07
5839,6e-07
5840,6.1e-07
5841,6.1e-07
5842,6.1e-07
5843,6.1e-07
5844,6.1e-07
5845,6.1e-07
5846,6.1e-07
5847,6.1e-07
5848,6.1e-07
5849,6.1e-07
5850,6.1e-07
5851,6.1e-07
5852,6e-07
5853,6.1e-07
5854,6.1e-07
5855,6e-07
5856,6.1e-07
5857,6.1e-07
5858,6.1e-07
5859,6e-07
5860,6e-07
5861,6.1e-07
5862,6.1e-07
5863,6.1e-07
5864,6.1e-07
5865,6.1e-07
5866,6.1e-07
5867,6.1e-07
5868,6.1e-07
5869,6.1e-07
5870,6.1e-07
5871,6.1e-07
5872,6.1e-07
5873,6.1e-07
5874,6.1e-07
5875,6.1e-07
5876,6.1e-07
5877,6.1e-07
5878,6.1e-07
5879,6e-07
5880,6e-07
5881,6.1e-07
5882,6.1e-07
5883,6.1e-07
5884,6e-07
5885,6e-07
5886,6e-07
5887,6.1e-07
5888,6.1e-07
5889,6.1e-07
5890,6.1e-07
5891,6.1e-07
5892,6e-07
5893,6e-07
5894,6e-07
5895,6e-07
5896,6.1e-07
5897,6.1e-07
5898,6.1e-07
5899,6.1e-07
5900,6.1e-07
5901,6.1e-07
5902,6.1e-07
5903,6.1e-07
5904,6.1e-07
5905,6e-07
5906,6.1e-07
5907,6.1e-07
5908,6e-07
5909,6.1e-07
5910,6e-07
5911,6.1e-07
5912,6.1e-07
5913,6.1e-07
5914,6.1e-07
5915,6.1e-07
5916,6e-07
5917,6.1e-07
5918,6.1e-07
5919,6.1e-07
5920,6.1e-07
5921,6.1e-07
5922,6.1e-07
5923,6.1e-07
5924,6.1e-07
5925,6.1e-07
5926,6.1e-07
5927,6.1e-07
5928,6.1e-07
5929,6.1e-07
5930,6.1e-07
5931,6.1e-07
5932,6.1e-07
5933,6e-07
5934,6e-07
5935,6e-07
5936,6.1e-07
5937,6.1e-07
5938,6.1e-07
5939,6.1e-07
5940,6.1e-07
5941,6e-07
5942,6e-07
5943,6e-07
5944,6e-07
5945,6e-07
5946,6e-07
5947,6e-07
5948,6e-07
5949,6e-07
5950,6e-07
5951,5.9e-07
5952,5.9e-07
5953,5.9e-07
5954,5.9e-07
5955,5.9e-07
5956,5.9e-07
5957,5.9e-07
5958,5.9e-07
5959,5.9e-07
5960,5.8e-07
5961,5.9e-07
5962,5.9e-07
5963,5.9e-07
5964,5.9e-07
5965,5.9e-07
5966,5.9e-07
5967,5.9e-07
5968,5.9e-07
5969,5.9e-07
5970,5.9e-07
5971,5.9e-07
5972,5.9e-07
5973,5.8e-07
5974,5.8e-07
5975,5.8e-07
5976,5.9e-07
5977,5.9e-07
5978,5.9e-07
5979,5.9e-07
5980,5.9e-07
5981,5.9e-07
5982,5.9e-07
5983,5.9e-07
5984,5.9e-07
5985,5.9e-07
5986,5.9e-07
5987,5.9e-07
5988,5.9e-07
5989,5.9e-07
5990,5.9e-07
5991,5.9e-07
5992,5.9e-07
5993,5.9e-07
5994,5.9e-07
5995,5.9e-07
5996,5.9e-07
5997,5.9e-07
5998,5.9e-07
5999,5.9e-07
6000,5.9e-07
6001,5.8e-07
6002,5.8e-07
6003,5.9e-07
6004,5.9e-07
6005,5.9e-07
6006,5.9e-07
6007,5.9e-07
6008,5.9e-07
6009,5.9e-07
6010,5.9e-07
6011,5.9e-07
6012,5.8e-07
6013,5.8e-07
6014,5.8e-07
6015,5.8e-07
6016,5.9e-07
6017,5.9e-07
6018,5.9e-07
6019,5.9e-07
6020,5.9e-07
6021,5.9e-07
6022,5.8e-07
6023,5.8e-07
6024,5.8e-07
6025,5.8e-07
6026,5.8e-07
6027,5.8e-07
6028,5.8e-07
6029,5.8e-07
6030,5.8e-07
6031,5.8e-07
6032,5.8e-07
6033,5.8e-07
6034,5.8e-07
6035,5.8e-07
6036,5.8e-07
6037,5.9e-07
6038,5.9e-07
6039,5.8e-07
6040,5.9e-07
6041,5.9e-07
6042,5.9e-07
6043,5.9e-07
6044,5.9e-07
6045,5.9e-07
6046,6e-07
6047,5.9e-07
6048,6e-07
6049,6e-07
6050,6e-07
6051,5.9e-07
6052,5.9e-07
6053,5.9e-07
6054,5.9e-07
6055,5.9e-07
6056,5.9e-07
6057,6e-07
6058,6e-07
6059,6e-07
6060,6e-07
6061,6e-07
6062,5.9e-07
6063,5.9e-07
6064,5.9e-07
6065,5.9e-07
6066,5.9e-07
6067,5.9e-07
6068,5.9e-07
6069,6e-07
6070,6e-07
6071,6e-07
6072,6e-07
6073,6e-07
6074,6e-07
6075,6e-07
6076,5.9e-07
6077,5.9e-07
6078,5.9e-07
6079,5.9e-07
6080,5.9e-07
6081,6e-07
6082,5.9e-07
6083,6e-07
6084,6e-07
6085,6e-07
6086,6e-07
6087,6e-07
6088,6e-07
6089,6e-07
6090,6e-07
6091,6e-07
6092,6e-07
6093,6e-07
6094,6e-07
6095,6e-07
6096,6e-07
6097,6e-07
6098,6e-07
6099,5.9e-07
6100,6e-07
6101,6e-07
6102,6e-07
6103,6e-07
6104,6e-07
6105,6e-07
6106,6e-07
6107,6e-07
6108,5.9e-07
6109,5.9e-07
6110,5.9e-07
6111,5.9e-07
6112,5.9e-07
6113,5.9e-07
6114,5.9e-07
6115,5.9e-07
6116,5.9e-07
6117,5.9e-07
6118,6e-07
6119,6e-07
6120,6e-07
6121,5.9e-07
6122,5.9e-07
6123,5.9e-07
6124,5.9e-07
6125,5.9e-07
6126,5.9e-07
6127,5.9e-07
6128,5.9e-07
6129,5.9e-07
6130,5.9e-07
6131,6e-07
6132,6e-07
6133,6e-07
6134,5.9e-07
6135,5.9e-07
6136,6e-07
6137,6e-07
6138,6e-07
6139,6e-07
6140,5.9e-07
6141,6e-07
6142,5.9e-07
6143,5.9e-07
6144,5.9e-07
6145,5.9e-07
6146,5.9e-07
6147,5.9e-07
6148,5.9e-07
6149,5.9e-07
6150,6e-07
6151,6e-07
6152,6e-07
6153,6e-07
6154,6e-07
6155,6e-07
6156,6e-07
6157,5.9e-07
6158,5.9e-07
6159,6e-07
6160,6e-07
6161,6e-07
6162,6e-07
6163,6e-07
6164,6e-07
6165,6e-07
6166,6e-07
6167,6e-07
6168,6e-07
6169,5.9e-07
6170,5.9e-07
6171,5.9e-07
6172,5.9e-07
6173,5.9e-07
6174,5.9e-07
6175,5.9e-07
6176,6e-07
6177,6e-07
6178,5.9e-07
6179,5.9e-07
6180,5.9e-07
6181,5.9e-07
6182,5.9e-07
6183,5.9e-07
6184,5.9e-07
6185,5.9e-07
6186,6e-07
6187,6e-07
6188,6e-07
6189,6e-07
6190,6e-07
6191,6e-07
6192,6e-07
6193,6e-07
6194,6e-07
6195,6e-07
6196,6e-07
6197,6e-07
6198,6e-07
6199,6e-07
6200,5.9e-07
6201,5.9e-07
6202,5.9e-07
6203,5.9e-07
6204,6e-07
6205,6e-07
6206,6e-07
6207,5.9e-07
6208,5.9e-07
6209,6e-07
6210,6e-07
6211,5.9e-07
6212,6e-07
6213,6e-07
6214,6e-07
6215,6e-07
6216,6e-07
6217,6e-07
6218,6e-07
6219,6e-07
6220,6e-07
6221,6e-07
6222,6e-07
6223,6e-07
6224,6e-07
6225,6e-07
6226,6e-07
6227,5.9e-07
6228,5.9e-07
6229,5.9e-07
6230,6e-07
6231,6e-07
6232,6e-07
6233,6e-07
6234,6e-07
6235,6.1e-07
6236,6e-07
6237,6e-07
6238,6.1e-07
6239,6e-07
6240,6.1e-07
6241,6.1e-07
6242,6.1e-07
6243,6.1e-07
6244,6.1e-07
6245,6e-07
6246,6e-07
6247,6e-07
6248,6e-07
6249,6e-07
6250,6e-07
6251,6e-07
6252,6.1e-07
6253,6.1e-07
6254,6.1e-07
6255,6.1e-07
6256,6.1e-07
6257,6.1e-07
6258,6.1e-07
6259,6.1e-07
6260,6.1e-07
6261,6.1e-07
6262,6.1e-07
6263,6.1e-07
6264,6.1e-07
6265,6.1e-07
6266,6.1e-07
6267,6e-07
6268,6e-07
6269,6e-07
6270,6e-07
6271,6e-07
6272,6e-07
6273,6e-07
