0,4.47e-05
1,4.47e-05
2,4.47e-05
3,4.47e-05
4,4.47e-05
5,4.47e-05
6,4.47e-05
7,4.47e-05
8,4.452e-05
9,4.452e-05
10,4.452e-05
11,4.452e-05
12,4.452e-05
13,4.452e-05
14,4.452e-05
15,4.452e-05
16,4.452e-05
17,4.452e-05
18,4.452e-05
19,4.452e-05
20,4.452e-05
21,4.452e-05
22,4.452e-05
23,4.452e-05
24,4.452e-05
25,4.452e-05
26,4.452e-05
27,4.48e-05
28,4.48e-05
29,4.48e-05
30,4.48e-05
31,4.48e-05
32,4.48e-05
33,4.48e-05
34,4.48e-05
35,4.48e-05
36,4.48e-05
37,4.48e-05
38,4.48e-05
39,4.48e-05
40,4.48e-05
41,4.48e-05
42,4.48e-05
43,4.48e-05
44,4.48e-05
45,4.48e-05
46,4.48e-05
47,4.48e-05
48,4.48e-05
49,4.48e-05
50,4.48e-05
51,4.48e-05
52,4.48e-05
53,4.48e-05
54,4.48e-05
55,4.48e-05
56,4.48e-05
57,4.48e-05
58,4.48e-05
59,4.48e-05
60,4.48e-05
61,4.48e-05
62,4.48e-05
63,4.48e-05
64,4.48e-05
65,4.488e-05
66,4.488e-05
67,4.488e-05
68,4.488e-05
69,4.488e-05
70,4.488e-05
71,4.488e-05
72,4.488e-05
73,4.488e-05
74,4.488e-05
75,4.488e-05
76,4.488e-05
77,4.488e-05
78,4.488e-05
79,4.488e-05
80,4.488e-05
81,4.488e-05
82,4.488e-05
83,4.488e-05
84,4.488e-05
85,4.488e-05
86,4.487e-05
87,4.487e-05
88,4.487e-05
89,4.489e-05
90,4.489e-05
91,4.489e-05
92,4.489e-05
93,4.489e-05
94,4.489e-05
95,4.489e-05
96,4.489e-05
97,4.489e-05
98,4.489e-05
99,4.489e-05
100,4.489e-05
101,4.489e-05
102,4.489e-05
103,4.489e-05
104,4.489e-05
105,4.489e-05
106,4.489e-05
107,4.489e-05
108,4.489e-05
109,4.489e-05
110,4.489e-05
111,4.498e-05
112,4.498e-05
113,4.498e-05
114,4.498e-05
115,4.498e-05
116,4.498e-05
117,4.489e-05
118,4.489e-05
119,4.489e-05
120,4.481e-05
121,4.481e-05
122,4.48e-05
123,4.48e-05
124,4.48e-05
125,4.48e-05
126,4.48e-05
127,4.48e-05
128,4.444e-05
129,4.48e-05
130,4.48e-05
131,4.48e-05
132,4.439e-05
133,4.423e-05
134,4.423e-05
135,4.423e-05
136,4.423e-05
137,4.431e-05
138,4.42e-05
139,4.42e-05
140,4.42e-05
141,4.439e-05
142,4.415e-05
143,4.413e-05
144,4.48e-05
145,4.414e-05
146,4.395e-05
147,4.395e-05
148,4.388e-05
149,4.388e-05
150,4.388e-05
151,4.388e-05
152,4.388e-05
153,4.388e-05
154,4.388e-05
155,4.388e-05
156,4.388e-05
157,4.388e-05
158,4.388e-05
159,4.388e-05
160,4.388e-05
161,4.432e-05
162,4.432e-05
163,4.432e-05
164,4.432e-05
165,4.432e-05
166,4.432e-05
167,4.389e-05
168,4.389e-05
169,4.389e-05
170,4.389e-05
171,4.389e-05
172,4.389e-05
173,4.389e-05
174,4.389e-05
175,4.389e-05
176,4.389e-05
177,4.389e-05
178,4.389e-05
179,4.389e-05
180,4.389e-05
181,4.389e-05
182,4.403e-05
183,4.403e-05
184,4.435e-05
185,4.4e-05
186,4.4e-05
187,4.4e-05
188,4.4e-05
189,4.435e-05
190,4.4e-05
191,4.4e-05
192,4.4e-05
193,4.4e-05
194,4.4e-05
195,4.4e-05
196,4.4e-05
197,4.4e-05
198,4.4e-05
199,4.433e-05
200,4.433e-05
201,4.433e-05
202,4.433e-05
203,4.429e-05
204,4.429e-05
205,4.429e-05
206,4.428e-05
207,4.428e-05
208,4.428e-05
209,4.428e-05
210,4.428e-05
211,4.428e-05
212,4.428e-05
213,4.4e-05
214,4.4e-05
215,4.4e-05
216,4.4e-05
217,4.4e-05
218,4.4e-05
219,4.4e-05
220,4.4e-05
221,4.4e-05
222,4.402e-05
223,4.402e-05
224,4.402e-05
225,4.402e-05
226,4.426e-05
227,4.425e-05
228,4.402e-05
229,4.402e-05
230,4.402e-05
231,4.38e-05
232,4.379e-05
233,4.379e-05
234,4.379e-05
235,4.379e-05
236,4.379e-05
237,4.379e-05
238,4.379e-05
239,4.379e-05
240,4.379e-05
241,4.379e-05
242,4.379e-05
243,4.379e-05
244,4.379e-05
245,4.379e-05
246,4.379e-05
247,4.379e-05
248,4.379e-05
249,4.379e-05
250,4.379e-05
251,4.379e-05
252,4.379e-05
253,4.38e-05
254,4.38e-05
255,4.38e-05
256,4.38e-05
257,4.38e-05
258,4.38e-05
259,4.38e-05
260,4.38e-05
261,4.38e-05
262,4.38e-05
263,4.382e-05
264,4.382e-05
265,4.382e-05
266,4.382e-05
267,4.382e-05
268,4.382e-05
269,4.382e-05
270,4.382e-05
271,4.382e-05
272,4.382e-05
273,4.396e-05
274,4.396e-05
275,4.396e-05
276,4.396e-05
277,4.396e-05
278,4.396e-05
279,4.396e-05
280,4.396e-05
281,4.396e-05
282,4.396e-05
283,4.396e-05
284,4.396e-05
285,4.396e-05
286,4.396e-05
287,4.396e-05
288,4.396e-05
289,4.419e-05
290,4.419e-05
291,4.428e-05
292,4.428e-05
293,4.428e-05
294,4.428e-05
295,4.428e-05
296,4.428e-05
297,4.428e-05
298,4.428e-05
299,4.428e-05
300,4.428e-05
301,4.428e-05
302,4.381e-05
303,4.381e-05
304,4.381e-05
305,4.428e-05
306,4.428e-05
307,4.428e-05
308,4.428e-05
309,4.428e-05
310,4.428e-05
311,4.428e-05
312,4.428e-05
313,4.428e-05
314,4.428e-05
315,4.428e-05
316,4.43e-05
317,4.38e-05
318,4.363e-05
319,4.364e-05
320,4.364e-05
321,4.366e-05
322,4.371e-05
323,4.364e-05
324,4.364e-05
325,4.411e-05
326,4.365e-05
327,4.365e-05
328,4.364e-05
329,4.366e-05
330,4.366e-05
331,4.363e-05
332,4.363e-05
333,4.363e-05
334,4.363e-05
335,4.364e-05
336,4.408e-05
337,4.364e-05
338,4.364e-05
339,4.364e-05
340,4.364e-05
341,4.364e-05
342,4.366e-05
343,4.367e-05
344,4.367e-05
345,4.364e-05
346,4.364e-05
347,4.365e-05
348,4.4e-05
349,4.4e-05
350,4.405e-05
351,4.4e-05
352,4.405e-05
353,4.4e-05
354,4.4e-05
355,4.4e-05
356,4.4e-05
357,4.364e-05
358,4.364e-05
359,4.407e-05
360,4.364e-05
361,4.364e-05
362,4.364e-05
363,4.363e-05
364,4.363e-05
365,4.363e-05
366,4.363e-05
367,4.363e-05
368,4.363e-05
369,4.363e-05
370,4.363e-05
371,4.363e-05
372,4.363e-05
373,4.363e-05
374,4.363e-05
375,4.363e-05
376,4.363e-05
377,4.363e-05
378,4.363e-05
379,4.363e-05
380,4.363e-05
381,4.364e-05
382,4.364e-05
383,4.364e-05
384,4.364e-05
385,4.405e-05
386,4.405e-05
387,4.405e-05
388,4.406e-05
389,4.406e-05
390,4.406e-05
391,4.364e-05
392,4.364e-05
393,4.364e-05
394,4.364e-05
395,4.364e-05
396,4.364e-05
397,4.364e-05
398,4.364e-05
399,4.364e-05
400,4.364e-05
401,4.363e-05
402,4.363e-05
403,4.363e-05
404,4.363e-05
405,4.35e-05
406,4.35e-05
407,4.35e-05
408,4.35e-05
409,4.35e-05
410,4.363e-05
411,4.363e-05
412,4.363e-05
413,4.363e-05
414,4.363e-05
415,4.363e-05
416,4.363e-05
417,4.363e-05
418,4.363e-05
419,4.363e-05
420,4.363e-05
421,4.406e-05
422,4.363e-05
423,4.405e-05
424,4.405e-05
425,4.405e-05
426,4.363e-05
427,4.363e-05
428,4.363e-05
429,4.363e-05
430,4.407e-05
431,4.407e-05
432,4.407e-05
433,4.407e-05
434,4.407e-05
435,4.363e-05
436,4.363e-05
437,4.363e-05
438,4.363e-05
439,4.363e-05
440,4.363e-05
441,4.363e-05
442,4.363e-05
443,4.363e-05
444,4.363e-05
445,4.363e-05
446,4.363e-05
447,4.363e-05
448,4.363e-05
449,4.363e-05
450,4.363e-05
451,4.363e-05
452,4.363e-05
453,4.363e-05
454,4.363e-05
455,4.363e-05
456,4.363e-05
457,4.363e-05
458,4.363e-05
459,4.363e-05
460,4.363e-05
461,4.407e-05
462,4.407e-05
463,4.407e-05
464,4.407e-05
465,4.407e-05
466,4.407e-05
467,4.407e-05
468,4.414e-05
469,4.414e-05
470,4.414e-05
471,4.414e-05
472,4.414e-05
473,4.415e-05
474,4.415e-05
475,4.415e-05
476,4.415e-05
477,4.415e-05
478,4.415e-05
479,4.415e-05
480,4.415e-05
481,4.415e-05
482,4.415e-05
483,4.415e-05
484,4.415e-05
485,4.415e-05
486,4.415e-05
487,4.415e-05
488,4.415e-05
489,4.415e-05
490,4.415e-05
491,4.415e-05
492,4.415e-05
493,4.415e-05
494,4.415e-05
495,4.415e-05
496,4.415e-05
497,4.415e-05
498,4.415e-05
499,4.426e-05
500,4.426e-05
501,4.426e-05
502,4.426e-05
503,4.426e-05
504,4.426e-05
505,4.43e-05
506,4.43e-05
507,4.43e-05
508,4.43e-05
509,4.43e-05
510,4.43e-05
511,4.43e-05
512,4.43e-05
513,4.43e-05
514,4.43e-05
515,4.43e-05
516,4.43e-05
517,4.43e-05
518,4.43e-05
519,4.426e-05
520,4.426e-05
521,4.43e-05
522,4.43e-05
523,4.43e-05
524,4.43e-05
525,4.429e-05
526,4.429e-05
527,4.429e-05
528,4.429e-05
529,4.429e-05
530,4.429e-05
531,4.429e-05
532,4.429e-05
533,4.429e-05
534,4.429e-05
535,4.429e-05
536,4.429e-05
537,4.429e-05
538,4.429e-05
539,4.429e-05
540,4.429e-05
541,4.429e-05
542,4.429e-05
543,4.429e-05
544,4.429e-05
545,4.429e-05
546,4.429e-05
547,4.429e-05
548,4.429e-05
549,4.429e-05
550,4.429e-05
551,4.429e-05
552,4.429e-05
553,4.429e-05
554,4.429e-05
555,4.429e-05
556,4.429e-05
557,4.429e-05
558,4.429e-05
559,4.429e-05
560,4.429e-05
561,4.429e-05
562,4.429e-05
563,4.429e-05
564,4.429e-05
565,4.429e-05
566,4.429e-05
567,4.429e-05
568,4.429e-05
569,4.429e-05
570,4.429e-05
571,4.429e-05
572,4.429e-05
573,4.429e-05
574,4.429e-05
575,4.429e-05
576,4.429e-05
577,4.429e-05
578,4.429e-05
579,4.429e-05
580,4.429e-05
581,4.429e-05
582,4.429e-05
583,4.429e-05
584,4.429e-05
585,4.429e-05
586,4.429e-05
587,4.429e-05
588,4.429e-05
589,4.429e-05
590,4.429e-05
591,4.429e-05
592,4.429e-05
593,4.429e-05
594,4.429e-05
595,4.43e-05
596,4.43e-05
597,4.43e-05
598,4.43e-05
599,4.43e-05
600,4.43e-05
601,4.43e-05
602,4.43e-05
603,4.43e-05
604,4.43e-05
605,4.43e-05
606,4.43e-05
607,4.43e-05
608,4.43e-05
609,4.43e-05
610,4.43e-05
611,4.43e-05
612,4.43e-05
613,4.43e-05
614,4.43e-05
615,4.43e-05
616,4.43e-05
617,4.43e-05
618,4.43e-05
619,4.43e-05
620,4.43e-05
621,4.43e-05
622,4.43e-05
623,4.43e-05
624,4.43e-05
625,4.429e-05
626,4.429e-05
627,4.429e-05
628,4.439e-05
629,4.439e-05
630,4.439e-05
631,4.432e-05
632,4.432e-05
633,4.432e-05
634,4.432e-05
635,4.432e-05
636,4.432e-05
637,4.438e-05
638,4.438e-05
639,4.438e-05
640,4.438e-05
641,4.438e-05
642,4.438e-05
643,4.438e-05
644,4.438e-05
645,4.438e-05
646,4.438e-05
647,4.438e-05
648,4.438e-05
649,4.438e-05
650,4.438e-05
651,4.438e-05
652,4.438e-05
653,4.438e-05
654,4.405e-05
655,4.405e-05
656,4.405e-05
657,4.405e-05
658,4.405e-05
659,4.405e-05
660,4.408e-05
661,4.408e-05
662,4.408e-05
663,4.408e-05
664,4.408e-05
665,4.408e-05
666,4.408e-05
667,4.408e-05
668,4.408e-05
669,4.408e-05
670,4.439e-05
671,4.439e-05
672,4.439e-05
673,4.408e-05
674,4.408e-05
675,4.408e-05
676,4.408e-05
677,4.408e-05
678,4.408e-05
679,4.408e-05
680,4.408e-05
681,4.408e-05
682,4.408e-05
683,4.408e-05
684,4.408e-05
685,4.408e-05
686,4.408e-05
687,4.408e-05
688,4.408e-05
689,4.408e-05
690,4.408e-05
691,4.408e-05
692,4.408e-05
693,4.408e-05
694,4.408e-05
695,4.408e-05
696,4.408e-05
697,4.408e-05
698,4.408e-05
699,4.408e-05
700,4.408e-05
701,4.408e-05
702,4.408e-05
703,4.408e-05
704,4.408e-05
705,4.408e-05
706,4.408e-05
707,4.408e-05
708,4.408e-05
709,4.439e-05
710,4.439e-05
711,4.408e-05
712,4.408e-05
713,4.408e-05
714,4.408e-05
715,4.408e-05
716,4.408e-05
717,4.408e-05
718,4.408e-05
719,4.408e-05
720,4.408e-05
721,4.408e-05
722,4.408e-05
723,4.408e-05
724,4.408e-05
725,4.408e-05
726,4.408e-05
727,4.408e-05
728,4.408e-05
729,4.408e-05
730,4.408e-05
731,4.408e-05
732,4.408e-05
733,4.408e-05
734,4.408e-05
735,4.408e-05
736,4.408e-05
737,4.447e-05
738,4.447e-05
739,4.447e-05
740,4.408e-05
741,4.408e-05
742,4.408e-05
743,4.408e-05
744,4.408e-05
745,4.408e-05
746,4.408e-05
747,4.408e-05
748,4.408e-05
749,4.448e-05
750,4.448e-05
751,4.408e-05
752,4.408e-05
753,4.408e-05
754,4.408e-05
755,4.448e-05
756,4.448e-05
757,4.448e-05
758,4.448e-05
759,4.448e-05
760,4.408e-05
761,4.408e-05
762,4.408e-05
763,4.408e-05
764,4.408e-05
765,4.408e-05
766,4.408e-05
767,4.408e-05
768,4.408e-05
769,4.408e-05
770,4.408e-05
771,4.408e-05
772,4.408e-05
773,4.408e-05
774,4.408e-05
775,4.408e-05
776,4.408e-05
777,4.408e-05
778,4.448e-05
779,4.448e-05
780,4.448e-05
781,4.408e-05
782,4.408e-05
783,4.408e-05
784,4.408e-05
785,4.408e-05
786,4.408e-05
787,4.408e-05
788,4.408e-05
789,4.448e-05
790,4.448e-05
791,4.448e-05
792,4.448e-05
793,4.448e-05
794,4.448e-05
795,4.448e-05
796,4.448e-05
797,4.448e-05
798,4.448e-05
799,4.448e-05
800,4.448e-05
801,4.448e-05
802,4.448e-05
803,4.448e-05
804,4.448e-05
805,4.448e-05
806,4.448e-05
807,4.448e-05
808,4.448e-05
809,4.448e-05
810,4.448e-05
811,4.448e-05
812,4.448e-05
813,4.448e-05
814,4.448e-05
815,4.448e-05
816,4.448e-05
817,4.448e-05
818,4.448e-05
819,4.448e-05
820,4.448e-05
821,4.448e-05
822,4.448e-05
823,4.448e-05
824,4.448e-05
825,4.448e-05
826,4.448e-05
827,4.448e-05
828,4.448e-05
829,4.448e-05
830,4.448e-05
831,4.448e-05
832,4.448e-05
833,4.448e-05
834,4.448e-05
835,4.448e-05
836,4.448e-05
837,4.448e-05
838,4.408e-05
839,4.408e-05
840,4.408e-05
841,4.408e-05
842,4.408e-05
843,4.408e-05
844,4.408e-05
845,4.408e-05
846,4.408e-05
847,4.408e-05
848,4.408e-05
849,4.408e-05
850,4.408e-05
851,4.448e-05
852,4.448e-05
853,4.448e-05
854,4.448e-05
855,4.448e-05
856,4.452e-05
857,4.452e-05
858,4.452e-05
859,4.452e-05
860,4.452e-05
861,4.452e-05
862,4.452e-05
863,4.452e-05
864,4.452e-05
865,4.452e-05
866,4.452e-05
867,4.452e-05
868,4.452e-05
869,4.452e-05
870,4.452e-05
871,4.452e-05
872,4.452e-05
873,4.452e-05
874,4.457e-05
875,4.457e-05
876,4.457e-05
877,4.467e-05
878,4.467e-05
879,4.467e-05
880,4.467e-05
881,4.467e-05
882,4.467e-05
883,4.467e-05
884,4.467e-05
885,4.467e-05
886,4.467e-05
887,4.467e-05
888,4.469e-05
889,4.469e-05
890,4.469e-05
891,4.469e-05
892,4.469e-05
893,4.469e-05
894,4.469e-05
895,4.469e-05
896,4.469e-05
897,4.469e-05
898,4.469e-05
899,4.469e-05
900,4.469e-05
901,4.469e-05
902,4.469e-05
903,4.469e-05
904,4.469e-05
905,4.469e-05
906,4.469e-05
907,4.47e-05
908,4.47e-05
909,4.47e-05
910,4.47e-05
911,4.47e-05
912,4.47e-05
913,4.47e-05
914,4.47e-05
915,4.476e-05
916,4.471e-05
917,4.471e-05
918,4.471e-05
919,4.471e-05
920,4.469e-05
921,4.469e-05
922,4.469e-05
923,4.469e-05
924,4.469e-05
925,4.469e-05
926,4.469e-05
927,4.469e-05
928,4.469e-05
929,4.469e-05
930,4.469e-05
931,4.469e-05
932,4.469e-05
933,4.469e-05
934,4.469e-05
935,4.469e-05
936,4.469e-05
937,4.469e-05
938,4.469e-05
939,4.469e-05
940,4.469e-05
941,4.469e-05
942,4.469e-05
943,4.469e-05
944,4.469e-05
945,4.469e-05
946,4.469e-05
947,4.469e-05
948,4.469e-05
949,4.469e-05
950,4.469e-05
951,4.469e-05
952,4.469e-05
953,4.469e-05
954,4.469e-05
955,4.469e-05
956,4.469e-05
957,4.476e-05
958,4.476e-05
959,4.476e-05
960,4.476e-05
961,4.476e-05
962,4.476e-05
963,4.476e-05
964,4.476e-05
965,4.477e-05
966,4.477e-05
967,4.477e-05
968,4.477e-05
969,4.477e-05
970,4.483e-05
971,4.483e-05
972,4.483e-05
973,4.483e-05
974,4.484e-05
975,4.484e-05
976,4.484e-05
977,4.484e-05
978,4.484e-05
979,4.484e-05
980,4.484e-05
981,4.484e-05
982,4.484e-05
983,4.484e-05
984,4.484e-05
985,4.484e-05
986,4.484e-05
987,4.484e-05
988,4.484e-05
989,4.484e-05
990,4.484e-05
991,4.484e-05
992,4.484e-05
993,4.484e-05
994,4.484e-05
995,4.484e-05
996,4.484e-05
997,4.484e-05
998,4.484e-05
999,4.484e-05
1000,4.484e-05
1001,4.484e-05
1002,4.484e-05
1003,4.484e-05
1004,4.484e-05
1005,4.484e-05
1006,4.484e-05
1007,4.484e-05
1008,4.484e-05
1009,4.484e-05
1010,4.484e-05
1011,4.484e-05
1012,4.484e-05
1013,4.484e-05
1014,4.484e-05
1015,4.484e-05
1016,4.484e-05
1017,4.484e-05
1018,4.484e-05
1019,4.484e-05
1020,4.484e-05
1021,4.484e-05
1022,4.484e-05
1023,4.484e-05
1024,4.484e-05
1025,4.484e-05
1026,4.484e-05
1027,4.484e-05
1028,4.484e-05
1029,4.484e-05
1030,4.48e-05
1031,4.48e-05
1032,4.48e-05
1033,4.48e-05
1034,4.48e-05
1035,4.48e-05
1036,4.48e-05
1037,4.48e-05
1038,4.48e-05
1039,4.48e-05
1040,4.48e-05
1041,4.48e-05
1042,4.484e-05
1043,4.484e-05
1044,4.484e-05
1045,4.484e-05
1046,4.484e-05
1047,4.484e-05
1048,4.484e-05
1049,4.484e-05
1050,4.484e-05
1051,4.484e-05
1052,4.484e-05
1053,4.484e-05
1054,4.484e-05
1055,4.484e-05
1056,4.484e-05
1057,4.484e-05
1058,4.484e-05
1059,4.484e-05
1060,4.484e-05
1061,4.484e-05
1062,4.484e-05
1063,4.484e-05
1064,4.484e-05
1065,4.484e-05
1066,4.484e-05
1067,4.484e-05
1068,4.484e-05
1069,4.484e-05
1070,4.484e-05
1071,4.484e-05
1072,4.484e-05
1073,4.484e-05
1074,4.484e-05
1075,4.484e-05
1076,4.484e-05
1077,4.484e-05
1078,4.484e-05
1079,4.484e-05
1080,4.484e-05
1081,4.484e-05
1082,4.49e-05
1083,4.494e-05
1084,4.494e-05
1085,4.494e-05
1086,4.494e-05
1087,4.494e-05
1088,4.494e-05
1089,4.494e-05
1090,4.494e-05
1091,4.494e-05
1092,4.494e-05
1093,4.494e-05
1094,4.494e-05
1095,4.494e-05
1096,4.494e-05
1097,4.52e-05
1098,4.52e-05
1099,4.52e-05
1100,4.52e-05
1101,4.52e-05
1102,4.52e-05
1103,4.52e-05
1104,4.52e-05
1105,4.52e-05
1106,4.52e-05
1107,4.52e-05
1108,4.52e-05
1109,4.52e-05
1110,4.52e-05
1111,4.52e-05
1112,4.52e-05
1113,4.52e-05
1114,4.52e-05
1115,4.52e-05
1116,4.52e-05
1117,4.52e-05
1118,4.52e-05
1119,4.52e-05
1120,4.53e-05
1121,4.53e-05
1122,4.53e-05
1123,4.53e-05
1124,4.53e-05
1125,4.491e-05
1126,4.491e-05
1127,4.491e-05
1128,4.491e-05
1129,4.495e-05
1130,4.495e-05
1131,4.544e-05
1132,4.544e-05
1133,4.544e-05
1134,4.544e-05
1135,4.544e-05
1136,4.544e-05
1137,4.544e-05
1138,4.544e-05
1139,4.544e-05
1140,4.544e-05
1141,4.544e-05
1142,4.544e-05
1143,4.544e-05
1144,4.48e-05
1145,4.48e-05
1146,4.482e-05
1147,4.482e-05
1148,4.482e-05
1149,4.482e-05
1150,4.482e-05
1151,4.482e-05
1152,4.482e-05
1153,4.482e-05
1154,4.482e-05
1155,4.482e-05
1156,4.482e-05
1157,4.482e-05
1158,4.482e-05
1159,4.482e-05
1160,4.482e-05
1161,4.482e-05
1162,4.482e-05
1163,4.482e-05
1164,4.482e-05
1165,4.482e-05
1166,4.482e-05
1167,4.482e-05
1168,4.482e-05
1169,4.482e-05
1170,4.525e-05
1171,4.525e-05
1172,4.525e-05
1173,4.525e-05
1174,4.525e-05
1175,4.525e-05
1176,4.525e-05
1177,4.525e-05
1178,4.525e-05
1179,4.525e-05
1180,4.525e-05
1181,4.525e-05
1182,4.525e-05
1183,4.484e-05
1184,4.484e-05
1185,4.484e-05
1186,4.484e-05
1187,4.484e-05
1188,4.484e-05
1189,4.484e-05
1190,4.482e-05
1191,4.523e-05
1192,4.482e-05
1193,4.482e-05
1194,4.482e-05
1195,4.482e-05
1196,4.482e-05
1197,4.482e-05
1198,4.482e-05
1199,4.482e-05
1200,4.482e-05
1201,4.482e-05
1202,4.482e-05
1203,4.482e-05
1204,4.482e-05
1205,4.482e-05
1206,4.482e-05
1207,4.482e-05
1208,4.482e-05
1209,4.482e-05
1210,4.485e-05
1211,4.485e-05
1212,4.485e-05
1213,4.523e-05
1214,4.525e-05
1215,4.525e-05
1216,4.525e-05
1217,4.525e-05
1218,4.546e-05
1219,4.546e-05
1220,4.546e-05
1221,4.546e-05
1222,4.548e-05
1223,4.546e-05
1224,4.546e-05
1225,4.548e-05
1226,4.546e-05
1227,4.546e-05
1228,4.546e-05
1229,4.525e-05
1230,4.525e-05
1231,4.525e-05
1232,4.525e-05
1233,4.525e-05
1234,4.525e-05
1235,4.525e-05
1236,4.525e-05
1237,4.525e-05
1238,4.525e-05
1239,4.525e-05
1240,4.525e-05
1241,4.525e-05
1242,4.525e-05
1243,4.525e-05
1244,4.525e-05
1245,4.525e-05
1246,4.525e-05
1247,4.525e-05
1248,4.525e-05
1249,4.525e-05
1250,4.525e-05
1251,4.525e-05
1252,4.523e-05
1253,4.523e-05
1254,4.523e-05
1255,4.523e-05
1256,4.523e-05
1257,4.523e-05
1258,4.523e-05
1259,4.523e-05
1260,4.523e-05
1261,4.549e-05
1262,4.549e-05
1263,4.549e-05
1264,4.523e-05
1265,4.523e-05
1266,4.523e-05
1267,4.523e-05
1268,4.523e-05
1269,4.523e-05
1270,4.523e-05
1271,4.523e-05
1272,4.523e-05
1273,4.523e-05
1274,4.523e-05
1275,4.523e-05
1276,4.523e-05
1277,4.523e-05
1278,4.523e-05
1279,4.523e-05
1280,4.547e-05
1281,4.547e-05
1282,4.547e-05
1283,4.547e-05
1284,4.547e-05
1285,4.547e-05
1286,4.547e-05
1287,4.547e-05
1288,4.547e-05
1289,4.547e-05
1290,4.547e-05
1291,4.549e-05
1292,4.549e-05
1293,4.549e-05
1294,4.549e-05
1295,4.549e-05
1296,4.551e-05
1297,4.551e-05
1298,4.551e-05
1299,4.551e-05
1300,4.553e-05
1301,4.557e-05
1302,4.557e-05
1303,4.563e-05
1304,4.616e-05
1305,4.615e-05
1306,4.618e-05
1307,4.558e-05
1308,4.62e-05
1309,4.62e-05
1310,4.62e-05
1311,4.62e-05
1312,4.62e-05
1313,4.62e-05
1314,4.62e-05
1315,4.62e-05
1316,4.62e-05
1317,4.621e-05
1318,4.621e-05
1319,4.636e-05
1320,4.642e-05
1321,4.644e-05
1322,4.655e-05
1323,4.661e-05
1324,4.663e-05
1325,4.663e-05
1326,4.667e-05
1327,4.669e-05
1328,4.669e-05
1329,4.669e-05
1330,4.669e-05
1331,4.669e-05
1332,4.67e-05
1333,4.67e-05
1334,4.673e-05
1335,4.675e-05
1336,4.68e-05
1337,4.68e-05
1338,4.68e-05
1339,4.68e-05
1340,4.68e-05
1341,4.68e-05
1342,4.68e-05
1343,4.68e-05
1344,4.68e-05
1345,4.68e-05
1346,4.68e-05
1347,4.68e-05
1348,4.68e-05
1349,4.68e-05
1350,4.68e-05
1351,4.695e-05
1352,4.695e-05
1353,4.697e-05
1354,4.697e-05
1355,4.697e-05
1356,4.697e-05
1357,4.697e-05
1358,4.697e-05
1359,4.697e-05
1360,4.697e-05
1361,4.697e-05
1362,4.697e-05
1363,4.699e-05
1364,4.699e-05
1365,4.703e-05
1366,4.703e-05
1367,4.703e-05
1368,4.703e-05
1369,4.703e-05
1370,4.703e-05
1371,4.703e-05
1372,4.703e-05
1373,4.703e-05
1374,4.703e-05
1375,4.703e-05
1376,4.703e-05
1377,4.703e-05
1378,4.703e-05
1379,4.703e-05
1380,4.712e-05
1381,4.712e-05
1382,4.712e-05
1383,4.712e-05
1384,4.712e-05
1385,4.712e-05
1386,4.722e-05
1387,4.671e-05
1388,4.671e-05
1389,4.671e-05
1390,4.671e-05
1391,4.671e-05
1392,4.671e-05
1393,4.671e-05
1394,4.671e-05
1395,4.671e-05
1396,4.651e-05
1397,4.671e-05
1398,4.651e-05
1399,4.651e-05
1400,4.651e-05
1401,4.651e-05
1402,4.651e-05
1403,4.651e-05
1404,4.671e-05
1405,4.671e-05
1406,4.671e-05
1407,4.671e-05
1408,4.671e-05
1409,4.671e-05
1410,4.671e-05
1411,4.671e-05
1412,4.671e-05
1413,4.671e-05
1414,4.671e-05
1415,4.671e-05
1416,4.671e-05
1417,4.671e-05
1418,4.671e-05
1419,4.671e-05
1420,4.671e-05
1421,4.651e-05
1422,4.671e-05
1423,4.685e-05
1424,4.685e-05
1425,4.685e-05
1426,4.685e-05
1427,4.685e-05
1428,4.685e-05
1429,4.685e-05
1430,4.685e-05
1431,4.687e-05
1432,4.687e-05
1433,4.687e-05
1434,4.687e-05
1435,4.698e-05
1436,4.698e-05
1437,4.698e-05
1438,4.698e-05
1439,4.698e-05
1440,4.698e-05
1441,4.698e-05
1442,4.698e-05
1443,4.698e-05
1444,4.698e-05
1445,4.698e-05
1446,4.698e-05
1447,4.722e-05
1448,4.722e-05
1449,4.722e-05
1450,4.722e-05
1451,4.722e-05
1452,4.722e-05
1453,4.722e-05
1454,4.722e-05
1455,4.722e-05
1456,4.722e-05
1457,4.722e-05
1458,4.722e-05
1459,4.722e-05
1460,4.722e-05
1461,4.722e-05
1462,4.722e-05
1463,4.722e-05
1464,4.722e-05
1465,4.722e-05
1466,4.722e-05
1467,4.722e-05
1468,4.722e-05
1469,4.722e-05
1470,4.722e-05
1471,4.698e-05
1472,4.698e-05
1473,4.698e-05
1474,4.698e-05
1475,4.698e-05
1476,4.698e-05
1477,4.698e-05
1478,4.698e-05
1479,4.698e-05
1480,4.698e-05
1481,4.698e-05
1482,4.698e-05
1483,4.698e-05
1484,4.698e-05
1485,4.698e-05
1486,4.698e-05
1487,4.698e-05
1488,4.698e-05
1489,4.585e-05
1490,4.722e-05
1491,4.722e-05
1492,4.722e-05
1493,4.722e-05
1494,4.722e-05
1495,4.671e-05
1496,4.7e-05
1497,4.7e-05
1498,4.7e-05
1499,4.7e-05
1500,4.721e-05
1501,4.721e-05
1502,4.721e-05
1503,4.721e-05
1504,4.721e-05
1505,4.721e-05
1506,4.721e-05
1507,4.722e-05
1508,4.722e-05
1509,4.722e-05
1510,4.722e-05
1511,4.722e-05
1512,4.722e-05
1513,4.722e-05
1514,4.722e-05
1515,4.722e-05
1516,4.728e-05
1517,4.728e-05
1518,4.722e-05
1519,4.722e-05
1520,4.728e-05
1521,4.728e-05
1522,4.728e-05
1523,4.728e-05
1524,4.728e-05
1525,4.722e-05
1526,4.722e-05
1527,4.722e-05
1528,4.722e-05
1529,4.722e-05
1530,4.722e-05
1531,4.722e-05
1532,4.722e-05
1533,4.722e-05
1534,4.722e-05
1535,4.722e-05
1536,4.722e-05
1537,4.722e-05
1538,4.722e-05
1539,4.722e-05
1540,4.722e-05
1541,4.722e-05
1542,4.722e-05
1543,4.722e-05
1544,4.722e-05
1545,4.722e-05
1546,4.722e-05
1547,4.702e-05
1548,4.702e-05
1549,4.702e-05
1550,4.722e-05
1551,4.722e-05
1552,4.722e-05
1553,4.722e-05
1554,4.722e-05
1555,4.722e-05
1556,4.722e-05
1557,4.722e-05
1558,4.722e-05
1559,4.722e-05
1560,4.722e-05
1561,4.722e-05
1562,4.722e-05
1563,4.722e-05
1564,4.722e-05
1565,4.722e-05
1566,4.728e-05
1567,4.728e-05
1568,4.728e-05
1569,4.728e-05
1570,4.728e-05
1571,4.728e-05
1572,4.728e-05
1573,4.728e-05
1574,4.728e-05
1575,4.728e-05
1576,4.728e-05
1577,4.728e-05
1578,4.728e-05
1579,4.728e-05
1580,4.728e-05
1581,4.728e-05
1582,4.728e-05
1583,4.728e-05
1584,4.728e-05
1585,4.728e-05
1586,4.728e-05
1587,4.722e-05
1588,4.728e-05
1589,4.722e-05
1590,4.722e-05
1591,4.728e-05
1592,4.728e-05
1593,4.728e-05
1594,4.728e-05
1595,4.728e-05
1596,4.728e-05
1597,4.76e-05
1598,4.76e-05
1599,4.76e-05
1600,4.703e-05
1601,4.761e-05
1602,4.761e-05
1603,4.761e-05
1604,4.761e-05
1605,4.761e-05
1606,4.761e-05
1607,4.761e-05
1608,4.761e-05
1609,4.761e-05
1610,4.761e-05
1611,4.761e-05
1612,4.761e-05
1613,4.761e-05
1614,4.761e-05
1615,4.761e-05
1616,4.711e-05
1617,4.711e-05
1618,4.711e-05
1619,4.711e-05
1620,4.711e-05
1621,4.711e-05
1622,4.711e-05
1623,4.711e-05
1624,4.711e-05
1625,4.711e-05
1626,4.711e-05
1627,4.71e-05
1628,4.71e-05
1629,4.71e-05
1630,4.71e-05
1631,4.71e-05
1632,4.71e-05
1633,4.71e-05
1634,4.71e-05
1635,4.71e-05
1636,4.71e-05
1637,4.71e-05
1638,4.71e-05
1639,4.71e-05
1640,4.71e-05
1641,4.71e-05
1642,4.758e-05
1643,4.758e-05
1644,4.758e-05
1645,4.758e-05
1646,4.758e-05
1647,4.758e-05
1648,4.758e-05
1649,4.758e-05
1650,4.758e-05
1651,4.758e-05
1652,4.758e-05
1653,4.758e-05
1654,4.758e-05
1655,4.758e-05
1656,4.758e-05
1657,4.758e-05
1658,4.728e-05
1659,4.728e-05
1660,4.728e-05
1661,4.728e-05
1662,4.728e-05
1663,4.728e-05
1664,4.728e-05
1665,4.728e-05
1666,4.728e-05
1667,4.728e-05
1668,4.728e-05
1669,4.728e-05
1670,4.728e-05
1671,4.728e-05
1672,4.728e-05
1673,4.728e-05
1674,4.728e-05
1675,4.728e-05
1676,4.728e-05
1677,4.728e-05
1678,4.728e-05
1679,4.728e-05
1680,4.728e-05
1681,4.739e-05
1682,4.739e-05
1683,4.739e-05
1684,4.739e-05
1685,4.739e-05
1686,4.739e-05
1687,4.739e-05
1688,4.739e-05
1689,4.739e-05
1690,4.739e-05
1691,4.739e-05
1692,4.72e-05
1693,4.758e-05
1694,4.758e-05
1695,4.758e-05
1696,4.758e-05
1697,4.72e-05
1698,4.72e-05
1699,4.72e-05
1700,4.72e-05
1701,4.72e-05
1702,4.72e-05
1703,4.72e-05
1704,4.72e-05
1705,4.72e-05
1706,4.72e-05
1707,4.72e-05
1708,4.72e-05
1709,4.72e-05
1710,4.72e-05
1711,4.72e-05
1712,4.72e-05
1713,4.72e-05
1714,4.72e-05
1715,4.72e-05
1716,4.72e-05
1717,4.72e-05
1718,4.72e-05
1719,4.72e-05
1720,4.72e-05
1721,4.749e-05
1722,4.749e-05
1723,4.749e-05
1724,4.749e-05
1725,4.749e-05
1726,4.749e-05
1727,4.749e-05
1728,4.749e-05
1729,4.749e-05
1730,4.749e-05
1731,4.749e-05
1732,4.749e-05
1733,4.749e-05
1734,4.749e-05
1735,4.749e-05
1736,4.749e-05
1737,4.749e-05
1738,4.749e-05
1739,4.749e-05
1740,4.749e-05
1741,4.749e-05
1742,4.749e-05
1743,4.72e-05
1744,4.72e-05
1745,4.72e-05
1746,4.72e-05
1747,4.72e-05
1748,4.72e-05
1749,4.72e-05
1750,4.72e-05
1751,4.72e-05
1752,4.72e-05
1753,4.72e-05
1754,4.702e-05
1755,4.702e-05
1756,4.696e-05
1757,4.696e-05
1758,4.696e-05
1759,4.696e-05
1760,4.696e-05
1761,4.696e-05
1762,4.696e-05
1763,4.696e-05
1764,4.696e-05
1765,4.696e-05
1766,4.742e-05
1767,4.742e-05
1768,4.742e-05
1769,4.742e-05
1770,4.742e-05
1771,4.742e-05
1772,4.742e-05
1773,4.742e-05
1774,4.742e-05
1775,4.742e-05
1776,4.742e-05
1777,4.742e-05
1778,4.742e-05
1779,4.742e-05
1780,4.742e-05
1781,4.742e-05
1782,4.742e-05
1783,4.742e-05
1784,4.742e-05
1785,4.742e-05
1786,4.742e-05
1787,4.696e-05
1788,4.696e-05
1789,4.696e-05
1790,4.696e-05
1791,4.696e-05
1792,4.696e-05
1793,4.696e-05
1794,4.696e-05
1795,4.696e-05
1796,4.696e-05
1797,4.696e-05
1798,4.696e-05
1799,4.734e-05
1800,4.734e-05
1801,4.734e-05
1802,4.734e-05
1803,4.736e-05
1804,4.736e-05
1805,4.736e-05
1806,4.736e-05
1807,4.736e-05
1808,4.736e-05
1809,4.736e-05
1810,4.736e-05
1811,4.736e-05
1812,4.736e-05
1813,4.736e-05
1814,4.736e-05
1815,4.736e-05
1816,4.736e-05
1817,4.736e-05
1818,4.736e-05
1819,4.736e-05
1820,4.736e-05
1821,4.736e-05
1822,4.736e-05
1823,4.736e-05
1824,4.736e-05
1825,4.736e-05
1826,4.689e-05
1827,4.689e-05
1828,4.689e-05
1829,4.689e-05
1830,4.689e-05
1831,4.689e-05
1832,4.732e-05
1833,4.732e-05
1834,4.732e-05
1835,4.732e-05
1836,4.732e-05
1837,4.732e-05
1838,4.732e-05
1839,4.732e-05
1840,4.732e-05
1841,4.732e-05
1842,4.732e-05
1843,4.73e-05
1844,4.73e-05
1845,4.73e-05
1846,4.73e-05
1847,4.73e-05
1848,4.73e-05
1849,4.73e-05
1850,4.73e-05
1851,4.728e-05
1852,4.728e-05
1853,4.728e-05
1854,4.728e-05
1855,4.728e-05
1856,4.728e-05
1857,4.728e-05
1858,4.728e-05
1859,4.728e-05
1860,4.728e-05
1861,4.728e-05
1862,4.728e-05
1863,4.728e-05
1864,4.728e-05
1865,4.728e-05
1866,4.728e-05
1867,4.728e-05
1868,4.728e-05
1869,4.728e-05
1870,4.728e-05
1871,4.728e-05
1872,4.728e-05
1873,4.728e-05
1874,4.728e-05
1875,4.728e-05
1876,4.728e-05
1877,4.728e-05
1878,4.728e-05
1879,4.728e-05
1880,4.728e-05
1881,4.689e-05
1882,4.689e-05
1883,4.689e-05
1884,4.689e-05
1885,4.689e-05
1886,4.689e-05
1887,4.689e-05
1888,4.689e-05
1889,4.689e-05
1890,4.689e-05
1891,4.689e-05
1892,4.689e-05
1893,4.722e-05
1894,4.722e-05
1895,4.722e-05
1896,4.713e-05
1897,4.713e-05
1898,4.72e-05
1899,4.72e-05
1900,4.72e-05
1901,4.72e-05
1902,4.72e-05
1903,4.689e-05
1904,4.689e-05
1905,4.689e-05
1906,4.689e-05
1907,4.728e-05
1908,4.728e-05
1909,4.728e-05
1910,4.728e-05
1911,4.728e-05
1912,4.728e-05
1913,4.728e-05
1914,4.728e-05
1915,4.728e-05
1916,4.728e-05
1917,4.728e-05
1918,4.728e-05
1919,4.728e-05
1920,4.728e-05
1921,4.728e-05
1922,4.728e-05
1923,4.728e-05
1924,4.728e-05
1925,4.728e-05
1926,4.728e-05
1927,4.728e-05
1928,4.728e-05
1929,4.728e-05
1930,4.728e-05
1931,4.728e-05
1932,4.728e-05
1933,4.728e-05
1934,4.728e-05
1935,4.728e-05
1936,4.728e-05
1937,4.728e-05
1938,4.728e-05
1939,4.728e-05
1940,4.728e-05
1941,4.728e-05
1942,4.728e-05
1943,4.728e-05
1944,4.728e-05
1945,4.728e-05
1946,4.728e-05
1947,4.728e-05
1948,4.728e-05
1949,4.728e-05
1950,4.728e-05
1951,4.728e-05
1952,4.728e-05
1953,4.728e-05
1954,4.728e-05
1955,4.728e-05
1956,4.728e-05
1957,4.728e-05
1958,4.728e-05
1959,4.728e-05
1960,4.728e-05
1961,4.728e-05
1962,4.728e-05
1963,4.728e-05
1964,4.728e-05
1965,4.728e-05
1966,4.728e-05
1967,4.688e-05
1968,4.688e-05
1969,4.688e-05
1970,4.688e-05
1971,4.688e-05
1972,4.688e-05
1973,4.688e-05
1974,4.688e-05
1975,4.688e-05
1976,4.688e-05
1977,4.688e-05
1978,4.688e-05
1979,4.688e-05
1980,4.688e-05
1981,4.688e-05
1982,4.688e-05
1983,4.688e-05
1984,4.688e-05
1985,4.688e-05
1986,4.688e-05
1987,4.688e-05
1988,4.688e-05
1989,4.688e-05
1990,4.688e-05
1991,4.688e-05
1992,4.688e-05
1993,4.688e-05
1994,4.688e-05
1995,4.681e-05
1996,4.681e-05
1997,4.681e-05
1998,4.681e-05
1999,4.681e-05
2000,4.681e-05
2001,4.681e-05
2002,4.681e-05
2003,4.681e-05
2004,4.681e-05
2005,4.681e-05
2006,4.645e-05
2007,4.645e-05
2008,4.645e-05
2009,4.644e-05
2010,4.644e-05
2011,4.644e-05
2012,4.631e-05
2013,4.631e-05
2014,4.631e-05
2015,4.631e-05
2016,4.631e-05
2017,4.631e-05
2018,4.631e-05
2019,4.631e-05
2020,4.631e-05
2021,4.629e-05
2022,4.629e-05
2023,4.62e-05
2024,4.62e-05
2025,4.629e-05
2026,4.63e-05
2027,4.63e-05
2028,4.63e-05
2029,4.63e-05
2030,4.63e-05
2031,4.63e-05
2032,4.63e-05
2033,4.63e-05
2034,4.63e-05
2035,4.63e-05
2036,4.63e-05
2037,4.63e-05
2038,4.63e-05
2039,4.63e-05
2040,4.63e-05
2041,4.63e-05
2042,4.63e-05
2043,4.63e-05
2044,4.63e-05
2045,4.63e-05
2046,4.6e-05
2047,4.6e-05
2048,4.582e-05
2049,4.582e-05
2050,4.582e-05
2051,4.582e-05
2052,4.582e-05
2053,4.582e-05
2054,4.61e-05
2055,4.61e-05
2056,4.61e-05
2057,4.61e-05
2058,4.61e-05
2059,4.61e-05
2060,4.61e-05
2061,4.61e-05
2062,4.61e-05
2063,4.61e-05
2064,4.61e-05
2065,4.61e-05
2066,4.61e-05
2067,4.588e-05
2068,4.588e-05
2069,4.588e-05
2070,4.588e-05
2071,4.629e-05
2072,4.629e-05
2073,4.629e-05
2074,4.629e-05
2075,4.629e-05
2076,4.629e-05
2077,4.629e-05
2078,4.629e-05
2079,4.629e-05
2080,4.629e-05
2081,4.629e-05
2082,4.629e-05
2083,4.629e-05
2084,4.629e-05
2085,4.58e-05
2086,4.58e-05
2087,4.58e-05
2088,4.58e-05
2089,4.583e-05
2090,4.583e-05
2091,4.583e-05
2092,4.583e-05
2093,4.583e-05
2094,4.583e-05
2095,4.583e-05
2096,4.583e-05
2097,4.583e-05
2098,4.583e-05
2099,4.583e-05
2100,4.583e-05
2101,4.583e-05
2102,4.501e-05
2103,4.501e-05
2104,4.627e-05
2105,4.627e-05
2106,4.627e-05
2107,4.623e-05
2108,4.615e-05
2109,4.615e-05
2110,4.6e-05
2111,4.615e-05
2112,4.615e-05
2113,4.615e-05
2114,4.615e-05
2115,4.615e-05
2116,4.615e-05
2117,4.615e-05
2118,4.615e-05
2119,4.615e-05
2120,4.615e-05
2121,4.615e-05
2122,4.615e-05
2123,4.615e-05
2124,4.615e-05
2125,4.615e-05
2126,4.615e-05
2127,4.615e-05
2128,4.615e-05
2129,4.615e-05
2130,4.615e-05
2131,4.615e-05
2132,4.615e-05
2133,4.615e-05
2134,4.615e-05
2135,4.615e-05
2136,4.615e-05
2137,4.615e-05
2138,4.615e-05
2139,4.615e-05
2140,4.615e-05
2141,4.615e-05
2142,4.615e-05
2143,4.615e-05
2144,4.615e-05
2145,4.615e-05
2146,4.615e-05
2147,4.615e-05
2148,4.615e-05
2149,4.615e-05
2150,4.615e-05
2151,4.615e-05
2152,4.615e-05
2153,4.615e-05
2154,4.615e-05
2155,4.615e-05
2156,4.615e-05
2157,4.628e-05
2158,4.628e-05
2159,4.628e-05
2160,4.629e-05
2161,4.629e-05
2162,4.629e-05
2163,4.629e-05
2164,4.628e-05
2165,4.628e-05
2166,4.628e-05
2167,4.628e-05
2168,4.628e-05
2169,4.628e-05
2170,4.628e-05
2171,4.628e-05
2172,4.628e-05
2173,4.628e-05
2174,4.628e-05
2175,4.628e-05
2176,4.628e-05
2177,4.628e-05
2178,4.628e-05
2179,4.628e-05
2180,4.628e-05
2181,4.628e-05
2182,4.628e-05
2183,4.628e-05
2184,4.628e-05
2185,4.628e-05
2186,4.613e-05
2187,4.613e-05
2188,4.613e-05
2189,4.613e-05
2190,4.613e-05
2191,4.613e-05
2192,4.599e-05
2193,4.599e-05
2194,4.599e-05
2195,4.599e-05
2196,4.599e-05
2197,4.599e-05
2198,4.599e-05
2199,4.599e-05
2200,4.599e-05
2201,4.599e-05
2202,4.599e-05
2203,4.599e-05
2204,4.599e-05
2205,4.599e-05
2206,4.599e-05
2207,4.599e-05
2208,4.599e-05
2209,4.599e-05
2210,4.599e-05
2211,4.599e-05
2212,4.599e-05
2213,4.599e-05
2214,4.599e-05
2215,4.599e-05
2216,4.599e-05
2217,4.599e-05
2218,4.599e-05
2219,4.575e-05
2220,4.575e-05
2221,4.575e-05
2222,4.575e-05
2223,4.575e-05
2224,4.52e-05
2225,4.57e-05
2226,4.57e-05
2227,4.57e-05
2228,4.57e-05
2229,4.57e-05
2230,4.57e-05
2231,4.57e-05
2232,4.57e-05
2233,4.57e-05
2234,4.57e-05
2235,4.57e-05
2236,4.57e-05
2237,4.57e-05
2238,4.57e-05
2239,4.57e-05
2240,4.57e-05
2241,4.57e-05
2242,4.57e-05
2243,4.57e-05
2244,4.57e-05
2245,4.57e-05
2246,4.57e-05
2247,4.57e-05
2248,4.57e-05
2249,4.57e-05
2250,4.57e-05
2251,4.562e-05
2252,4.562e-05
2253,4.562e-05
2254,4.562e-05
2255,4.562e-05
2256,4.562e-05
2257,4.562e-05
2258,4.562e-05
2259,4.562e-05
2260,4.562e-05
2261,4.562e-05
2262,4.562e-05
2263,4.562e-05
2264,4.562e-05
2265,4.562e-05
2266,4.562e-05
2267,4.562e-05
2268,4.562e-05
2269,4.562e-05
2270,4.562e-05
2271,4.562e-05
2272,4.562e-05
2273,4.562e-05
2274,4.562e-05
2275,4.562e-05
2276,4.562e-05
2277,4.562e-05
2278,4.562e-05
2279,4.562e-05
2280,4.562e-05
2281,4.562e-05
2282,4.562e-05
2283,4.562e-05
2284,4.562e-05
2285,4.562e-05
2286,4.562e-05
2287,4.562e-05
2288,4.562e-05
2289,4.562e-05
2290,4.562e-05
2291,4.562e-05
2292,4.562e-05
2293,4.562e-05
2294,4.562e-05
2295,4.562e-05
2296,4.562e-05
2297,4.562e-05
2298,4.562e-05
2299,4.562e-05
2300,4.562e-05
2301,4.562e-05
2302,4.562e-05
2303,4.599e-05
2304,4.599e-05
2305,4.599e-05
2306,4.599e-05
2307,4.599e-05
2308,4.599e-05
2309,4.599e-05
2310,4.599e-05
2311,4.599e-05
2312,4.599e-05
2313,4.599e-05
2314,4.599e-05
2315,4.599e-05
2316,4.599e-05
2317,4.599e-05
2318,4.599e-05
2319,4.598e-05
2320,4.598e-05
2321,4.598e-05
2322,4.598e-05
2323,4.598e-05
2324,4.598e-05
2325,4.598e-05
2326,4.598e-05
2327,4.598e-05
2328,4.598e-05
2329,4.598e-05
2330,4.598e-05
2331,4.598e-05
2332,4.598e-05
2333,4.598e-05
2334,4.598e-05
2335,4.598e-05
2336,4.598e-05
2337,4.598e-05
2338,4.598e-05
2339,4.598e-05
2340,4.598e-05
2341,4.598e-05
2342,4.598e-05
2343,4.598e-05
2344,4.598e-05
2345,4.598e-05
2346,4.598e-05
2347,4.598e-05
2348,4.598e-05
2349,4.598e-05
2350,4.595e-05
2351,4.595e-05
2352,4.595e-05
2353,4.595e-05
2354,4.595e-05
2355,4.595e-05
2356,4.595e-05
2357,4.595e-05
2358,4.595e-05
2359,4.595e-05
2360,4.595e-05
2361,4.595e-05
2362,4.595e-05
2363,4.595e-05
2364,4.595e-05
2365,4.595e-05
2366,4.595e-05
2367,4.595e-05
2368,4.543e-05
2369,4.543e-05
2370,4.543e-05
2371,4.543e-05
2372,4.543e-05
2373,4.543e-05
2374,4.543e-05
2375,4.55e-05
2376,4.55e-05
2377,4.55e-05
2378,4.55e-05
2379,4.55e-05
2380,4.55e-05
2381,4.55e-05
2382,4.527e-05
2383,4.527e-05
2384,4.527e-05
2385,4.504e-05
2386,4.504e-05
2387,4.504e-05
2388,4.504e-05
2389,4.504e-05
2390,4.504e-05
2391,4.504e-05
2392,4.504e-05
2393,4.504e-05
2394,4.55e-05
2395,4.55e-05
2396,4.511e-05
2397,4.513e-05
2398,4.563e-05
2399,4.563e-05
2400,4.563e-05
2401,4.563e-05
2402,4.563e-05
2403,4.563e-05
2404,4.563e-05
2405,4.563e-05
2406,4.563e-05
2407,4.563e-05
2408,4.563e-05
2409,4.563e-05
2410,4.505e-05
2411,4.505e-05
2412,4.505e-05
2413,4.505e-05
2414,4.505e-05
2415,4.505e-05
2416,4.505e-05
2417,4.505e-05
2418,4.505e-05
2419,4.505e-05
2420,4.505e-05
2421,4.505e-05
2422,4.505e-05
2423,4.505e-05
2424,4.505e-05
2425,4.505e-05
2426,4.505e-05
2427,4.504e-05
2428,4.504e-05
2429,4.501e-05
2430,4.501e-05
2431,4.501e-05
2432,4.486e-05
2433,4.486e-05
2434,4.485e-05
2435,4.485e-05
2436,4.485e-05
2437,4.485e-05
2438,4.485e-05
2439,4.512e-05
2440,4.512e-05
2441,4.512e-05
2442,4.512e-05
2443,4.512e-05
2444,4.512e-05
2445,4.512e-05
2446,4.512e-05
2447,4.512e-05
2448,4.512e-05
2449,4.487e-05
2450,4.487e-05
2451,4.487e-05
2452,4.537e-05
2453,4.537e-05
2454,4.537e-05
2455,4.537e-05
2456,4.537e-05
2457,4.537e-05
2458,4.537e-05
2459,4.537e-05
2460,4.537e-05
2461,4.537e-05
2462,4.537e-05
2463,4.537e-05
2464,4.537e-05
2465,4.537e-05
2466,4.537e-05
2467,4.537e-05
2468,4.537e-05
2469,4.537e-05
2470,4.537e-05
2471,4.537e-05
2472,4.537e-05
2473,4.537e-05
2474,4.537e-05
2475,4.537e-05
2476,4.537e-05
2477,4.537e-05
2478,4.537e-05
2479,4.537e-05
2480,4.537e-05
2481,4.536e-05
2482,4.536e-05
2483,4.536e-05
2484,4.536e-05
2485,4.536e-05
2486,4.536e-05
2487,4.536e-05
2488,4.536e-05
2489,4.536e-05
2490,4.553e-05
2491,4.553e-05
2492,4.553e-05
2493,4.553e-05
2494,4.553e-05
2495,4.553e-05
2496,4.553e-05
2497,4.553e-05
2498,4.501e-05
2499,4.501e-05
2500,4.501e-05
2501,4.495e-05
2502,4.495e-05
2503,4.495e-05
2504,4.495e-05
2505,4.495e-05
2506,4.495e-05
2507,4.495e-05
2508,4.495e-05
2509,4.495e-05
2510,4.495e-05
2511,4.495e-05
2512,4.495e-05
2513,4.495e-05
2514,4.501e-05
2515,4.501e-05
2516,4.501e-05
2517,4.501e-05
2518,4.501e-05
2519,4.501e-05
2520,4.501e-05
2521,4.501e-05
2522,4.501e-05
2523,4.501e-05
2524,4.501e-05
2525,4.501e-05
2526,4.501e-05
2527,4.501e-05
2528,4.501e-05
2529,4.501e-05
2530,4.501e-05
2531,4.501e-05
2532,4.501e-05
2533,4.501e-05
2534,4.501e-05
2535,4.501e-05
2536,4.501e-05
2537,4.501e-05
2538,4.501e-05
2539,4.501e-05
2540,4.501e-05
2541,4.501e-05
2542,4.501e-05
2543,4.501e-05
2544,4.501e-05
2545,4.501e-05
2546,4.501e-05
2547,4.501e-05
2548,4.501e-05
2549,4.485e-05
2550,4.485e-05
2551,4.485e-05
2552,4.485e-05
2553,4.485e-05
2554,4.485e-05
2555,4.485e-05
2556,4.485e-05
2557,4.485e-05
2558,4.485e-05
2559,4.485e-05
2560,4.501e-05
2561,4.501e-05
2562,4.501e-05
2563,4.501e-05
2564,4.501e-05
2565,4.501e-05
2566,4.501e-05
2567,4.501e-05
2568,4.501e-05
2569,4.501e-05
2570,4.501e-05
2571,4.501e-05
2572,4.501e-05
2573,4.501e-05
2574,4.501e-05
2575,4.501e-05
2576,4.501e-05
2577,4.501e-05
2578,4.501e-05
2579,4.501e-05
2580,4.501e-05
2581,4.501e-05
2582,4.501e-05
2583,4.501e-05
2584,4.501e-05
2585,4.501e-05
2586,4.501e-05
2587,4.501e-05
2588,4.501e-05
2589,4.501e-05
2590,4.501e-05
2591,4.501e-05
2592,4.501e-05
2593,4.501e-05
2594,4.501e-05
2595,4.501e-05
2596,4.501e-05
2597,4.501e-05
2598,4.501e-05
2599,4.501e-05
2600,4.501e-05
2601,4.501e-05
2602,4.501e-05
2603,4.501e-05
2604,4.501e-05
2605,4.501e-05
2606,4.501e-05
2607,4.501e-05
2608,4.501e-05
2609,4.501e-05
2610,4.501e-05
2611,4.501e-05
2612,4.501e-05
2613,4.501e-05
2614,4.501e-05
2615,4.501e-05
2616,4.501e-05
2617,4.501e-05
2618,4.501e-05
2619,4.501e-05
2620,4.501e-05
2621,4.501e-05
2622,4.501e-05
2623,4.501e-05
2624,4.501e-05
2625,4.501e-05
2626,4.482e-05
2627,4.482e-05
2628,4.482e-05
2629,4.482e-05
2630,4.482e-05
2631,4.482e-05
2632,4.482e-05
2633,4.482e-05
2634,4.482e-05
2635,4.482e-05
2636,4.482e-05
2637,4.482e-05
2638,4.501e-05
2639,4.501e-05
2640,4.501e-05
2641,4.501e-05
2642,4.501e-05
2643,4.501e-05
2644,4.501e-05
2645,4.501e-05
2646,4.501e-05
2647,4.501e-05
2648,4.501e-05
2649,4.501e-05
2650,4.501e-05
2651,4.501e-05
2652,4.501e-05
2653,4.501e-05
2654,4.501e-05
2655,4.501e-05
2656,4.501e-05
2657,4.501e-05
2658,4.501e-05
2659,4.501e-05
2660,4.501e-05
2661,4.501e-05
2662,4.501e-05
2663,4.501e-05
2664,4.501e-05
2665,4.501e-05
2666,4.501e-05
2667,4.501e-05
2668,4.501e-05
2669,4.501e-05
2670,4.501e-05
2671,4.501e-05
2672,4.501e-05
2673,4.501e-05
2674,4.501e-05
2675,4.501e-05
2676,4.501e-05
2677,4.501e-05
2678,4.501e-05
2679,4.501e-05
2680,4.501e-05
2681,4.501e-05
2682,4.501e-05
2683,4.501e-05
2684,4.501e-05
2685,4.501e-05
2686,4.501e-05
2687,4.501e-05
2688,4.501e-05
2689,4.501e-05
2690,4.501e-05
2691,4.501e-05
2692,4.501e-05
2693,4.501e-05
2694,4.501e-05
2695,4.501e-05
2696,4.501e-05
2697,4.501e-05
2698,4.501e-05
2699,4.501e-05
2700,4.501e-05
2701,4.501e-05
2702,4.501e-05
2703,4.484e-05
2704,4.484e-05
2705,4.484e-05
2706,4.484e-05
2707,4.484e-05
2708,4.484e-05
2709,4.484e-05
2710,4.484e-05
2711,4.484e-05
2712,4.484e-05
2713,4.484e-05
2714,4.484e-05
2715,4.484e-05
2716,4.484e-05
2717,4.484e-05
2718,4.484e-05
2719,4.484e-05
2720,4.484e-05
2721,4.484e-05
2722,4.484e-05
2723,4.484e-05
2724,4.484e-05
2725,4.484e-05
2726,4.484e-05
2727,4.484e-05
2728,4.482e-05
2729,4.482e-05
2730,4.482e-05
2731,4.482e-05
2732,4.482e-05
2733,4.482e-05
2734,4.482e-05
2735,4.482e-05
2736,4.482e-05
2737,4.482e-05
2738,4.482e-05
2739,4.482e-05
2740,4.482e-05
2741,4.482e-05
2742,4.482e-05
2743,4.482e-05
2744,4.482e-05
2745,4.482e-05
2746,4.482e-05
2747,4.482e-05
2748,4.482e-05
2749,4.482e-05
2750,4.482e-05
2751,4.482e-05
2752,4.482e-05
2753,4.482e-05
2754,4.482e-05
2755,4.482e-05
2756,4.482e-05
2757,4.482e-05
2758,4.482e-05
2759,4.482e-05
2760,4.482e-05
2761,4.482e-05
2762,4.482e-05
2763,4.482e-05
2764,4.482e-05
2765,4.482e-05
2766,4.482e-05
2767,4.482e-05
2768,4.482e-05
2769,4.482e-05
2770,4.482e-05
2771,4.482e-05
2772,4.482e-05
2773,4.482e-05
2774,4.482e-05
2775,4.482e-05
2776,4.482e-05
2777,4.484e-05
2778,4.484e-05
2779,4.484e-05
2780,4.484e-05
2781,4.484e-05
2782,4.484e-05
2783,4.484e-05
2784,4.484e-05
2785,4.484e-05
2786,4.484e-05
2787,4.484e-05
2788,4.484e-05
2789,4.484e-05
2790,4.484e-05
2791,4.484e-05
2792,4.484e-05
2793,4.484e-05
2794,4.484e-05
2795,4.484e-05
2796,4.484e-05
2797,4.484e-05
2798,4.484e-05
2799,4.484e-05
2800,4.484e-05
2801,4.484e-05
2802,4.484e-05
2803,4.484e-05
2804,4.484e-05
2805,4.484e-05
2806,4.484e-05
2807,4.484e-05
2808,4.484e-05
2809,4.484e-05
2810,4.484e-05
2811,4.484e-05
2812,4.484e-05
2813,4.484e-05
2814,4.484e-05
2815,4.484e-05
2816,4.484e-05
2817,4.484e-05
2818,4.484e-05
2819,4.484e-05
2820,4.484e-05
2821,4.484e-05
2822,4.484e-05
2823,4.484e-05
2824,4.484e-05
2825,4.484e-05
2826,4.484e-05
2827,4.484e-05
2828,4.484e-05
2829,4.484e-05
2830,4.484e-05
2831,4.484e-05
2832,4.484e-05
2833,4.484e-05
2834,4.484e-05
2835,4.484e-05
2836,4.484e-05
2837,4.483e-05
2838,4.483e-05
2839,4.483e-05
2840,4.483e-05
2841,4.483e-05
2842,4.483e-05
2843,4.483e-05
2844,4.483e-05
2845,4.483e-05
2846,4.483e-05
2847,4.483e-05
2848,4.483e-05
2849,4.483e-05
2850,4.483e-05
2851,4.483e-05
2852,4.483e-05
2853,4.483e-05
2854,4.483e-05
2855,4.483e-05
2856,4.483e-05
2857,4.483e-05
2858,4.483e-05
2859,4.483e-05
2860,4.483e-05
2861,4.483e-05
2862,4.483e-05
2863,4.483e-05
2864,4.483e-05
2865,4.483e-05
2866,4.483e-05
2867,4.483e-05
2868,4.483e-05
2869,4.501e-05
2870,4.501e-05
2871,4.501e-05
2872,4.501e-05
2873,4.501e-05
2874,4.501e-05
2875,4.501e-05
2876,4.501e-05
2877,4.501e-05
2878,4.501e-05
2879,4.501e-05
2880,4.501e-05
2881,4.501e-05
2882,4.501e-05
2883,4.501e-05
2884,4.501e-05
2885,4.501e-05
2886,4.501e-05
2887,4.501e-05
2888,4.501e-05
2889,4.501e-05
2890,4.501e-05
2891,4.501e-05
2892,4.501e-05
2893,4.501e-05
2894,4.501e-05
2895,4.501e-05
2896,4.501e-05
2897,4.501e-05
2898,4.501e-05
2899,4.501e-05
2900,4.501e-05
2901,4.501e-05
2902,4.501e-05
2903,4.501e-05
2904,4.5e-05
2905,4.5e-05
2906,4.5e-05
2907,4.5e-05
2908,4.5e-05
2909,4.5e-05
2910,4.5e-05
2911,4.5e-05
2912,4.5e-05
2913,4.5e-05
2914,4.5e-05
2915,4.484e-05
2916,4.483e-05
2917,4.482e-05
2918,4.482e-05
2919,4.482e-05
2920,4.482e-05
2921,4.482e-05
2922,4.482e-05
2923,4.482e-05
2924,4.482e-05
2925,4.482e-05
2926,4.482e-05
2927,4.482e-05
2928,4.482e-05
2929,4.482e-05
2930,4.482e-05
2931,4.482e-05
2932,4.482e-05
2933,4.482e-05
2934,4.482e-05
2935,4.482e-05
2936,4.482e-05
2937,4.482e-05
2938,4.482e-05
2939,4.501e-05
2940,4.501e-05
2941,4.501e-05
2942,4.501e-05
2943,4.501e-05
2944,4.501e-05
2945,4.501e-05
2946,4.501e-05
2947,4.501e-05
2948,4.501e-05
2949,4.501e-05
2950,4.501e-05
2951,4.501e-05
2952,4.501e-05
2953,4.501e-05
2954,4.501e-05
2955,4.501e-05
2956,4.501e-05
2957,4.501e-05
2958,4.501e-05
2959,4.501e-05
2960,4.501e-05
2961,4.501e-05
2962,4.501e-05
2963,4.501e-05
2964,4.501e-05
2965,4.501e-05
2966,4.501e-05
2967,4.501e-05
2968,4.501e-05
2969,4.501e-05
2970,4.501e-05
2971,4.501e-05
2972,4.501e-05
2973,4.501e-05
2974,4.501e-05
2975,4.501e-05
2976,4.501e-05
2977,4.501e-05
2978,4.501e-05
2979,4.501e-05
2980,4.501e-05
2981,4.501e-05
2982,4.501e-05
2983,4.501e-05
2984,4.501e-05
2985,4.501e-05
2986,4.501e-05
2987,4.501e-05
2988,4.501e-05
2989,4.501e-05
2990,4.501e-05
2991,4.501e-05
2992,4.501e-05
2993,4.501e-05
2994,4.501e-05
2995,4.501e-05
2996,4.501e-05
2997,4.501e-05
2998,4.501e-05
2999,4.501e-05
3000,4.501e-05
3001,4.501e-05
3002,4.501e-05
3003,4.501e-05
3004,4.501e-05
3005,4.501e-05
3006,4.501e-05
3007,4.501e-05
3008,4.501e-05
3009,4.501e-05
3010,4.501e-05
3011,4.501e-05
3012,4.501e-05
3013,4.501e-05
3014,4.501e-05
3015,4.501e-05
3016,4.501e-05
3017,4.501e-05
3018,4.501e-05
3019,4.501e-05
3020,4.501e-05
3021,4.501e-05
3022,4.501e-05
3023,4.501e-05
3024,4.501e-05
3025,4.501e-05
3026,4.501e-05
3027,4.501e-05
3028,4.501e-05
3029,4.501e-05
3030,4.501e-05
3031,4.501e-05
3032,4.501e-05
3033,4.501e-05
3034,4.501e-05
3035,4.501e-05
3036,4.501e-05
3037,4.501e-05
3038,4.501e-05
3039,4.501e-05
3040,4.501e-05
3041,4.501e-05
3042,4.501e-05
3043,4.501e-05
3044,4.501e-05
3045,4.501e-05
3046,4.501e-05
3047,4.501e-05
3048,4.501e-05
3049,4.501e-05
3050,4.501e-05
3051,4.501e-05
3052,4.501e-05
3053,4.501e-05
3054,4.501e-05
3055,4.501e-05
3056,4.501e-05
3057,4.501e-05
3058,4.501e-05
3059,4.501e-05
3060,4.501e-05
3061,4.501e-05
3062,4.501e-05
3063,4.501e-05
3064,4.501e-05
3065,4.501e-05
3066,4.501e-05
3067,4.501e-05
3068,4.489e-05
3069,4.489e-05
3070,4.489e-05
3071,4.489e-05
3072,4.489e-05
3073,4.489e-05
3074,4.489e-05
3075,4.489e-05
3076,4.489e-05
3077,4.489e-05
3078,4.489e-05
3079,4.489e-05
3080,4.489e-05
3081,4.489e-05
3082,4.489e-05
3083,4.489e-05
3084,4.489e-05
3085,4.489e-05
3086,4.489e-05
3087,4.489e-05
3088,4.489e-05
3089,4.489e-05
3090,4.489e-05
3091,4.489e-05
3092,4.489e-05
3093,4.489e-05
3094,4.489e-05
3095,4.489e-05
3096,4.489e-05
3097,4.489e-05
3098,4.489e-05
3099,4.489e-05
3100,4.489e-05
3101,4.489e-05
3102,4.489e-05
3103,4.489e-05
3104,4.489e-05
3105,4.489e-05
3106,4.489e-05
3107,4.489e-05
3108,4.489e-05
3109,4.489e-05
3110,4.489e-05
3111,4.489e-05
3112,4.489e-05
3113,4.489e-05
3114,4.489e-05
3115,4.489e-05
3116,4.489e-05
3117,4.489e-05
3118,4.489e-05
3119,4.489e-05
3120,4.489e-05
3121,4.489e-05
3122,4.489e-05
3123,4.489e-05
3124,4.489e-05
3125,4.489e-05
3126,4.489e-05
3127,4.489e-05
3128,4.489e-05
3129,4.489e-05
3130,4.489e-05
3131,4.489e-05
3132,4.489e-05
3133,4.489e-05
3134,4.489e-05
3135,4.489e-05
3136,4.489e-05
3137,4.489e-05
3138,4.489e-05
3139,4.489e-05
3140,4.489e-05
3141,4.489e-05
3142,4.489e-05
3143,4.489e-05
3144,4.489e-05
3145,4.489e-05
3146,4.489e-05
3147,4.489e-05
3148,4.489e-05
3149,4.489e-05
3150,4.489e-05
3151,4.489e-05
3152,4.489e-05
3153,4.489e-05
3154,4.489e-05
3155,4.489e-05
3156,4.489e-05
3157,4.489e-05
3158,4.489e-05
3159,4.489e-05
3160,4.489e-05
3161,4.489e-05
3162,4.489e-05
3163,4.489e-05
3164,4.489e-05
3165,4.501e-05
3166,4.501e-05
3167,4.501e-05
3168,4.501e-05
3169,4.501e-05
3170,4.501e-05
3171,4.501e-05
3172,4.501e-05
3173,4.501e-05
3174,4.501e-05
3175,4.501e-05
3176,4.501e-05
3177,4.501e-05
3178,4.501e-05
3179,4.501e-05
3180,4.501e-05
3181,4.501e-05
3182,4.501e-05
3183,4.501e-05
3184,4.501e-05
3185,4.501e-05
3186,4.501e-05
3187,4.501e-05
3188,4.501e-05
3189,4.501e-05
3190,4.501e-05
3191,4.501e-05
3192,4.501e-05
3193,4.501e-05
3194,4.501e-05
3195,4.501e-05
3196,4.501e-05
3197,4.501e-05
3198,4.501e-05
3199,4.501e-05
3200,4.501e-05
3201,4.501e-05
3202,4.501e-05
3203,4.501e-05
3204,4.501e-05
3205,4.501e-05
3206,4.501e-05
3207,4.501e-05
3208,4.501e-05
3209,4.501e-05
3210,4.501e-05
3211,4.501e-05
3212,4.501e-05
3213,4.5e-05
3214,4.5e-05
3215,4.5e-05
3216,4.5e-05
3217,4.5e-05
3218,4.5e-05
3219,4.5e-05
3220,4.5e-05
3221,4.5e-05
3222,4.5e-05
3223,4.5e-05
3224,4.5e-05
3225,4.5e-05
3226,4.5e-05
3227,4.5e-05
3228,4.5e-05
3229,4.5e-05
3230,4.5e-05
3231,4.5e-05
3232,4.501e-05
3233,4.49e-05
3234,4.49e-05
3235,4.49e-05
3236,4.489e-05
3237,4.489e-05
3238,4.489e-05
3239,4.489e-05
3240,4.489e-05
3241,4.489e-05
3242,4.489e-05
3243,4.489e-05
3244,4.489e-05
3245,4.501e-05
3246,4.501e-05
3247,4.501e-05
3248,4.501e-05
3249,4.501e-05
3250,4.501e-05
3251,4.501e-05
3252,4.501e-05
3253,4.501e-05
3254,4.501e-05
3255,4.501e-05
3256,4.501e-05
3257,4.501e-05
3258,4.501e-05
3259,4.501e-05
3260,4.501e-05
3261,4.501e-05
3262,4.501e-05
3263,4.501e-05
3264,4.501e-05
3265,4.489e-05
3266,4.489e-05
3267,4.489e-05
3268,4.489e-05
3269,4.501e-05
3270,4.501e-05
3271,4.501e-05
3272,4.501e-05
3273,4.501e-05
3274,4.501e-05
3275,4.501e-05
3276,4.501e-05
3277,4.501e-05
3278,4.501e-05
3279,4.501e-05
3280,4.501e-05
3281,4.501e-05
3282,4.501e-05
3283,4.501e-05
3284,4.501e-05
3285,4.501e-05
3286,4.501e-05
3287,4.501e-05
3288,4.501e-05
3289,4.501e-05
3290,4.501e-05
3291,4.501e-05
3292,4.501e-05
3293,4.501e-05
3294,4.501e-05
3295,4.501e-05
3296,4.501e-05
3297,4.501e-05
3298,4.501e-05
3299,4.501e-05
3300,4.501e-05
3301,4.501e-05
3302,4.501e-05
3303,4.499e-05
3304,4.499e-05
3305,4.499e-05
3306,4.499e-05
3307,4.499e-05
3308,4.499e-05
3309,4.499e-05
3310,4.499e-05
3311,4.499e-05
3312,4.499e-05
3313,4.499e-05
3314,4.499e-05
3315,4.499e-05
3316,4.499e-05
3317,4.499e-05
3318,4.499e-05
3319,4.499e-05
3320,4.499e-05
3321,4.499e-05
3322,4.499e-05
3323,4.499e-05
3324,4.499e-05
3325,4.499e-05
3326,4.499e-05
3327,4.499e-05
3328,4.499e-05
3329,4.499e-05
3330,4.499e-05
3331,4.499e-05
3332,4.499e-05
3333,4.499e-05
3334,4.499e-05
3335,4.499e-05
3336,4.499e-05
3337,4.499e-05
3338,4.499e-05
3339,4.499e-05
3340,4.499e-05
3341,4.499e-05
3342,4.499e-05
3343,4.499e-05
3344,4.499e-05
3345,4.499e-05
3346,4.499e-05
3347,4.499e-05
3348,4.499e-05
3349,4.499e-05
3350,4.499e-05
3351,4.499e-05
3352,4.499e-05
3353,4.499e-05
3354,4.499e-05
3355,4.499e-05
3356,4.499e-05
3357,4.499e-05
3358,4.499e-05
3359,4.499e-05
3360,4.499e-05
3361,4.499e-05
3362,4.499e-05
3363,4.499e-05
3364,4.499e-05
3365,4.499e-05
3366,4.501e-05
3367,4.501e-05
3368,4.501e-05
3369,4.501e-05
3370,4.501e-05
3371,4.501e-05
3372,4.501e-05
3373,4.501e-05
3374,4.501e-05
3375,4.501e-05
3376,4.501e-05
3377,4.501e-05
3378,4.49e-05
3379,4.49e-05
3380,4.49e-05
3381,4.49e-05
3382,4.49e-05
3383,4.49e-05
3384,4.49e-05
3385,4.49e-05
3386,4.49e-05
3387,4.482e-05
3388,4.482e-05
3389,4.482e-05
3390,4.482e-05
3391,4.49e-05
3392,4.49e-05
3393,4.49e-05
3394,4.49e-05
3395,4.49e-05
3396,4.49e-05
3397,4.49e-05
3398,4.49e-05
3399,4.49e-05
3400,4.49e-05
3401,4.49e-05
3402,4.49e-05
3403,4.49e-05
3404,4.49e-05
3405,4.49e-05
3406,4.49e-05
3407,4.49e-05
3408,4.49e-05
3409,4.49e-05
3410,4.49e-05
3411,4.49e-05
3412,4.49e-05
3413,4.49e-05
3414,4.49e-05
3415,4.49e-05
3416,4.49e-05
3417,4.49e-05
3418,4.49e-05
3419,4.49e-05
3420,4.49e-05
3421,4.49e-05
3422,4.49e-05
3423,4.49e-05
3424,4.49e-05
3425,4.49e-05
3426,4.49e-05
3427,4.49e-05
3428,4.501e-05
3429,4.501e-05
3430,4.501e-05
3431,4.501e-05
3432,4.501e-05
3433,4.501e-05
3434,4.501e-05
3435,4.501e-05
3436,4.501e-05
3437,4.501e-05
3438,4.501e-05
3439,4.501e-05
3440,4.501e-05
3441,4.501e-05
3442,4.501e-05
3443,4.501e-05
3444,4.501e-05
3445,4.501e-05
3446,4.501e-05
3447,4.501e-05
3448,4.501e-05
3449,4.501e-05
3450,4.482e-05
3451,4.482e-05
3452,4.482e-05
3453,4.482e-05
3454,4.482e-05
3455,4.482e-05
3456,4.482e-05
3457,4.482e-05
3458,4.482e-05
3459,4.482e-05
3460,4.482e-05
3461,4.482e-05
3462,4.482e-05
3463,4.482e-05
3464,4.482e-05
3465,4.482e-05
3466,4.482e-05
3467,4.482e-05
3468,4.482e-05
3469,4.482e-05
3470,4.482e-05
3471,4.482e-05
3472,4.482e-05
3473,4.482e-05
3474,4.482e-05
3475,4.482e-05
3476,4.482e-05
3477,4.482e-05
3478,4.482e-05
3479,4.482e-05
3480,4.482e-05
3481,4.482e-05
3482,4.482e-05
3483,4.482e-05
3484,4.482e-05
3485,4.482e-05
3486,4.482e-05
3487,4.482e-05
3488,4.482e-05
3489,4.482e-05
3490,4.482e-05
3491,4.482e-05
3492,4.482e-05
3493,4.482e-05
3494,4.482e-05
3495,4.482e-05
3496,4.482e-05
3497,4.482e-05
3498,4.482e-05
3499,4.482e-05
3500,4.482e-05
3501,4.482e-05
3502,4.482e-05
3503,4.482e-05
3504,4.482e-05
3505,4.482e-05
3506,4.482e-05
3507,4.482e-05
3508,4.482e-05
3509,4.501e-05
3510,4.501e-05
3511,4.501e-05
3512,4.501e-05
3513,4.501e-05
3514,4.501e-05
3515,4.501e-05
3516,4.501e-05
3517,4.501e-05
3518,4.501e-05
3519,4.501e-05
3520,4.501e-05
3521,4.501e-05
3522,4.501e-05
3523,4.501e-05
3524,4.501e-05
3525,4.501e-05
3526,4.501e-05
3527,4.501e-05
3528,4.501e-05
3529,4.501e-05
3530,4.501e-05
3531,4.501e-05
3532,4.501e-05
3533,4.501e-05
3534,4.501e-05
3535,4.501e-05
3536,4.501e-05
3537,4.501e-05
3538,4.501e-05
3539,4.501e-05
3540,4.501e-05
3541,4.501e-05
3542,4.501e-05
3543,4.501e-05
3544,4.501e-05
3545,4.482e-05
3546,4.482e-05
3547,4.482e-05
3548,4.482e-05
3549,4.482e-05
3550,4.482e-05
3551,4.482e-05
3552,4.482e-05
3553,4.482e-05
3554,4.482e-05
3555,4.482e-05
3556,4.482e-05
3557,4.482e-05
3558,4.482e-05
3559,4.482e-05
3560,4.482e-05
3561,4.482e-05
3562,4.482e-05
3563,4.482e-05
3564,4.482e-05
3565,4.482e-05
3566,4.482e-05
3567,4.482e-05
3568,4.482e-05
3569,4.482e-05
3570,4.482e-05
3571,4.482e-05
3572,4.482e-05
3573,4.482e-05
3574,4.482e-05
3575,4.482e-05
3576,4.482e-05
3577,4.482e-05
3578,4.482e-05
3579,4.482e-05
3580,4.482e-05
3581,4.482e-05
3582,4.482e-05
3583,4.482e-05
3584,4.482e-05
3585,4.482e-05
3586,4.482e-05
3587,4.482e-05
3588,4.482e-05
3589,4.482e-05
3590,4.482e-05
3591,4.48e-05
3592,4.48e-05
3593,4.48e-05
3594,4.48e-05
3595,4.48e-05
3596,4.48e-05
3597,4.48e-05
3598,4.48e-05
3599,4.48e-05
3600,4.48e-05
3601,4.48e-05
3602,4.48e-05
3603,4.48e-05
3604,4.48e-05
3605,4.48e-05
3606,4.48e-05
3607,4.48e-05
3608,4.48e-05
3609,4.48e-05
3610,4.48e-05
3611,4.48e-05
3612,4.48e-05
3613,4.48e-05
3614,4.48e-05
3615,4.48e-05
3616,4.48e-05
3617,4.48e-05
3618,4.48e-05
3619,4.48e-05
3620,4.48e-05
3621,4.48e-05
3622,4.48e-05
3623,4.48e-05
3624,4.48e-05
3625,4.48e-05
3626,4.48e-05
3627,4.48e-05
3628,4.48e-05
3629,4.48e-05
3630,4.48e-05
3631,4.48e-05
3632,4.48e-05
3633,4.48e-05
3634,4.48e-05
3635,4.48e-05
3636,4.48e-05
3637,4.48e-05
3638,4.48e-05
3639,4.48e-05
3640,4.48e-05
3641,4.48e-05
3642,4.48e-05
3643,4.482e-05
3644,4.482e-05
3645,4.482e-05
3646,4.482e-05
3647,4.482e-05
3648,4.482e-05
3649,4.482e-05
3650,4.482e-05
3651,4.482e-05
3652,4.482e-05
3653,4.482e-05
3654,4.482e-05
3655,4.482e-05
3656,4.482e-05
3657,4.482e-05
3658,4.482e-05
3659,4.482e-05
3660,4.482e-05
3661,4.482e-05
3662,4.482e-05
3663,4.482e-05
3664,4.482e-05
3665,4.482e-05
3666,4.482e-05
3667,4.482e-05
3668,4.482e-05
3669,4.482e-05
3670,4.482e-05
3671,4.482e-05
3672,4.482e-05
3673,4.482e-05
3674,4.482e-05
3675,4.482e-05
3676,4.482e-05
3677,4.482e-05
3678,4.482e-05
3679,4.482e-05
3680,4.482e-05
3681,4.482e-05
3682,4.482e-05
3683,4.482e-05
3684,4.482e-05
3685,4.482e-05
3686,4.482e-05
3687,4.482e-05
3688,4.482e-05
3689,4.482e-05
3690,4.482e-05
3691,4.482e-05
3692,4.482e-05
3693,4.482e-05
3694,4.482e-05
3695,4.482e-05
3696,4.482e-05
3697,4.482e-05
3698,4.482e-05
3699,4.482e-05
3700,4.482e-05
3701,4.482e-05
3702,4.482e-05
3703,4.482e-05
3704,4.482e-05
3705,4.482e-05
3706,4.482e-05
3707,4.482e-05
3708,4.482e-05
3709,4.482e-05
3710,4.482e-05
3711,4.482e-05
3712,4.482e-05
3713,4.482e-05
3714,4.482e-05
3715,4.482e-05
3716,4.482e-05
3717,4.482e-05
3718,4.482e-05
3719,4.482e-05
3720,4.482e-05
3721,4.482e-05
3722,4.482e-05
3723,4.482e-05
3724,4.482e-05
3725,4.482e-05
3726,4.482e-05
3727,4.482e-05
3728,4.482e-05
3729,4.482e-05
3730,4.482e-05
3731,4.48e-05
3732,4.48e-05
3733,4.48e-05
3734,4.48e-05
3735,4.48e-05
3736,4.482e-05
3737,4.482e-05
3738,4.482e-05
3739,4.482e-05
3740,4.482e-05
3741,4.482e-05
3742,4.482e-05
3743,4.482e-05
3744,4.482e-05
3745,4.482e-05
3746,4.482e-05
3747,4.48e-05
3748,4.48e-05
3749,4.48e-05
3750,4.48e-05
3751,4.48e-05
3752,4.48e-05
3753,4.48e-05
3754,4.48e-05
3755,4.48e-05
3756,4.48e-05
3757,4.48e-05
3758,4.48e-05
3759,4.482e-05
3760,4.482e-05
3761,4.482e-05
3762,4.482e-05
3763,4.482e-05
3764,4.482e-05
3765,4.482e-05
3766,4.482e-05
3767,4.482e-05
3768,4.482e-05
3769,4.482e-05
3770,4.482e-05
3771,4.482e-05
3772,4.482e-05
3773,4.482e-05
3774,4.482e-05
3775,4.482e-05
3776,4.482e-05
3777,4.482e-05
3778,4.482e-05
3779,4.482e-05
3780,4.482e-05
3781,4.482e-05
3782,4.482e-05
3783,4.482e-05
3784,4.482e-05
3785,4.482e-05
3786,4.482e-05
3787,4.482e-05
3788,4.482e-05
3789,4.482e-05
3790,4.482e-05
3791,4.482e-05
3792,4.482e-05
3793,4.482e-05
3794,4.482e-05
3795,4.482e-05
3796,4.482e-05
3797,4.482e-05
3798,4.482e-05
3799,4.482e-05
3800,4.482e-05
3801,4.482e-05
3802,4.482e-05
3803,4.482e-05
3804,4.482e-05
3805,4.482e-05
3806,4.482e-05
3807,4.482e-05
3808,4.482e-05
3809,4.482e-05
3810,4.482e-05
3811,4.482e-05
3812,4.482e-05
3813,4.482e-05
3814,4.482e-05
3815,4.482e-05
3816,4.482e-05
3817,4.482e-05
3818,4.482e-05
3819,4.482e-05
3820,4.482e-05
3821,4.482e-05
3822,4.482e-05
3823,4.482e-05
3824,4.482e-05
3825,4.482e-05
3826,4.482e-05
3827,4.482e-05
3828,4.482e-05
3829,4.482e-05
3830,4.482e-05
3831,4.482e-05
3832,4.482e-05
3833,4.482e-05
3834,4.482e-05
3835,4.482e-05
3836,4.482e-05
3837,4.482e-05
3838,4.482e-05
3839,4.482e-05
3840,4.482e-05
3841,4.482e-05
3842,4.482e-05
3843,4.482e-05
3844,4.482e-05
3845,4.482e-05
3846,4.482e-05
3847,4.482e-05
3848,4.482e-05
3849,4.482e-05
3850,4.482e-05
3851,4.482e-05
3852,4.482e-05
3853,4.482e-05
3854,4.482e-05
3855,4.482e-05
3856,4.482e-05
3857,4.482e-05
3858,4.482e-05
3859,4.482e-05
3860,4.482e-05
3861,4.482e-05
3862,4.482e-05
3863,4.482e-05
3864,4.482e-05
3865,4.482e-05
3866,4.482e-05
3867,4.482e-05
3868,4.482e-05
3869,4.482e-05
3870,4.482e-05
3871,4.482e-05
3872,4.482e-05
3873,4.482e-05
3874,4.482e-05
3875,4.482e-05
3876,4.482e-05
3877,4.482e-05
3878,4.482e-05
3879,4.482e-05
3880,4.482e-05
3881,4.482e-05
3882,4.482e-05
3883,4.482e-05
3884,4.482e-05
3885,4.482e-05
3886,4.48e-05
3887,4.48e-05
3888,4.464e-05
3889,4.464e-05
3890,4.464e-05
3891,4.464e-05
3892,4.464e-05
3893,4.464e-05
3894,4.464e-05
3895,4.464e-05
3896,4.464e-05
3897,4.464e-05
3898,4.464e-05
3899,4.464e-05
3900,4.464e-05
3901,4.464e-05
3902,4.463e-05
3903,4.463e-05
3904,4.463e-05
3905,4.463e-05
3906,4.463e-05
3907,4.463e-05
3908,4.463e-05
3909,4.463e-05
3910,4.463e-05
3911,4.463e-05
3912,4.463e-05
3913,4.463e-05
3914,4.48e-05
3915,4.48e-05
3916,4.48e-05
3917,4.48e-05
3918,4.476e-05
3919,4.476e-05
3920,4.476e-05
3921,4.476e-05
3922,4.476e-05
3923,4.476e-05
3924,4.476e-05
3925,4.476e-05
3926,4.463e-05
3927,4.463e-05
3928,4.463e-05
3929,4.463e-05
3930,4.463e-05
3931,4.463e-05
3932,4.463e-05
3933,4.463e-05
3934,4.463e-05
3935,4.463e-05
3936,4.463e-05
3937,4.463e-05
3938,4.463e-05
3939,4.463e-05
3940,4.463e-05
3941,4.463e-05
3942,4.463e-05
3943,4.463e-05
3944,4.463e-05
3945,4.463e-05
3946,4.463e-05
3947,4.463e-05
3948,4.463e-05
3949,4.463e-05
3950,4.463e-05
3951,4.463e-05
3952,4.463e-05
3953,4.463e-05
3954,4.463e-05
3955,4.463e-05
3956,4.463e-05
3957,4.463e-05
3958,4.45e-05
3959,4.45e-05
3960,4.45e-05
3961,4.45e-05
3962,4.45e-05
3963,4.45e-05
3964,4.45e-05
3965,4.45e-05
3966,4.45e-05
3967,4.45e-05
3968,4.45e-05
3969,4.45e-05
3970,4.48e-05
3971,4.48e-05
3972,4.48e-05
3973,4.48e-05
3974,4.48e-05
3975,4.48e-05
3976,4.48e-05
3977,4.48e-05
3978,4.48e-05
3979,4.48e-05
3980,4.48e-05
3981,4.48e-05
3982,4.48e-05
3983,4.48e-05
3984,4.48e-05
3985,4.48e-05
3986,4.48e-05
3987,4.48e-05
3988,4.48e-05
3989,4.48e-05
3990,4.48e-05
3991,4.48e-05
3992,4.48e-05
3993,4.48e-05
3994,4.48e-05
3995,4.48e-05
3996,4.48e-05
3997,4.48e-05
3998,4.48e-05
3999,4.48e-05
4000,4.48e-05
4001,4.48e-05
4002,4.48e-05
4003,4.48e-05
4004,4.48e-05
4005,4.48e-05
4006,4.48e-05
4007,4.48e-05
4008,4.48e-05
4009,4.48e-05
4010,4.48e-05
4011,4.48e-05
4012,4.48e-05
4013,4.48e-05
4014,4.48e-05
4015,4.48e-05
4016,4.48e-05
4017,4.48e-05
4018,4.48e-05
4019,4.48e-05
4020,4.48e-05
4021,4.48e-05
4022,4.48e-05
4023,4.48e-05
4024,4.48e-05
4025,4.48e-05
4026,4.48e-05
4027,4.48e-05
4028,4.48e-05
4029,4.48e-05
4030,4.48e-05
4031,4.48e-05
4032,4.45e-05
4033,4.45e-05
4034,4.45e-05
4035,4.45e-05
4036,4.45e-05
4037,4.45e-05
4038,4.45e-05
4039,4.45e-05
4040,4.45e-05
4041,4.45e-05
4042,4.45e-05
4043,4.45e-05
4044,4.45e-05
4045,4.45e-05
4046,4.45e-05
4047,4.45e-05
4048,4.45e-05
4049,4.45e-05
4050,4.45e-05
4051,4.45e-05
4052,4.45e-05
4053,4.45e-05
4054,4.45e-05
4055,4.45e-05
4056,4.45e-05
4057,4.45e-05
4058,4.45e-05
4059,4.45e-05
4060,4.45e-05
4061,4.45e-05
4062,4.45e-05
4063,4.45e-05
4064,4.45e-05
4065,4.45e-05
4066,4.45e-05
4067,4.45e-05
4068,4.45e-05
4069,4.45e-05
4070,4.45e-05
4071,4.45e-05
4072,4.45e-05
4073,4.45e-05
4074,4.45e-05
4075,4.45e-05
4076,4.45e-05
4077,4.45e-05
4078,4.45e-05
4079,4.45e-05
4080,4.45e-05
4081,4.45e-05
4082,4.45e-05
4083,4.45e-05
4084,4.45e-05
4085,4.45e-05
4086,4.45e-05
4087,4.45e-05
4088,4.45e-05
4089,4.45e-05
4090,4.45e-05
4091,4.45e-05
4092,4.45e-05
4093,4.45e-05
4094,4.45e-05
4095,4.45e-05
4096,4.45e-05
4097,4.45e-05
4098,4.45e-05
4099,4.45e-05
4100,4.45e-05
4101,4.45e-05
4102,4.45e-05
4103,4.45e-05
4104,4.45e-05
4105,4.48e-05
4106,4.482e-05
4107,4.482e-05
4108,4.482e-05
4109,4.482e-05
4110,4.482e-05
4111,4.482e-05
4112,4.482e-05
4113,4.482e-05
4114,4.482e-05
4115,4.482e-05
4116,4.482e-05
4117,4.482e-05
4118,4.482e-05
4119,4.482e-05
4120,4.482e-05
4121,4.482e-05
4122,4.482e-05
4123,4.482e-05
4124,4.482e-05
4125,4.482e-05
4126,4.482e-05
4127,4.482e-05
4128,4.482e-05
4129,4.482e-05
4130,4.482e-05
4131,4.482e-05
4132,4.482e-05
4133,4.482e-05
4134,4.45e-05
4135,4.45e-05
4136,4.45e-05
4137,4.45e-05
4138,4.45e-05
4139,4.45e-05
4140,4.45e-05
4141,4.45e-05
4142,4.45e-05
4143,4.45e-05
4144,4.45e-05
4145,4.45e-05
4146,4.45e-05
4147,4.45e-05
4148,4.45e-05
4149,4.45e-05
4150,4.45e-05
4151,4.45e-05
4152,4.45e-05
4153,4.45e-05
4154,4.45e-05
4155,4.482e-05
4156,4.482e-05
4157,4.482e-05
4158,4.482e-05
4159,4.482e-05
4160,4.482e-05
4161,4.482e-05
4162,4.482e-05
4163,4.482e-05
4164,4.482e-05
4165,4.482e-05
4166,4.482e-05
4167,4.482e-05
4168,4.482e-05
4169,4.482e-05
4170,4.482e-05
4171,4.482e-05
4172,4.482e-05
4173,4.482e-05
4174,4.482e-05
4175,4.482e-05
4176,4.482e-05
4177,4.482e-05
4178,4.482e-05
4179,4.482e-05
4180,4.482e-05
4181,4.482e-05
4182,4.482e-05
4183,4.482e-05
4184,4.482e-05
4185,4.482e-05
4186,4.482e-05
4187,4.482e-05
4188,4.482e-05
4189,4.482e-05
4190,4.482e-05
4191,4.482e-05
4192,4.482e-05
4193,4.482e-05
4194,4.482e-05
4195,4.482e-05
4196,4.482e-05
4197,4.482e-05
4198,4.482e-05
4199,4.482e-05
4200,4.482e-05
4201,4.482e-05
4202,4.482e-05
4203,4.482e-05
4204,4.482e-05
4205,4.482e-05
4206,4.482e-05
4207,4.482e-05
4208,4.482e-05
4209,4.482e-05
4210,4.482e-05
4211,4.482e-05
4212,4.482e-05
4213,4.482e-05
4214,4.482e-05
4215,4.482e-05
4216,4.482e-05
4217,4.482e-05
4218,4.482e-05
4219,4.482e-05
4220,4.482e-05
4221,4.482e-05
4222,4.482e-05
4223,4.482e-05
4224,4.482e-05
4225,4.482e-05
4226,4.482e-05
4227,4.482e-05
4228,4.482e-05
4229,4.482e-05
4230,4.482e-05
4231,4.482e-05
4232,4.482e-05
4233,4.482e-05
4234,4.482e-05
4235,4.482e-05
4236,4.482e-05
4237,4.482e-05
4238,4.482e-05
4239,4.479e-05
4240,4.479e-05
4241,4.482e-05
4242,4.482e-05
4243,4.482e-05
4244,4.482e-05
4245,4.482e-05
4246,4.482e-05
4247,4.482e-05
4248,4.482e-05
4249,4.482e-05
4250,4.482e-05
4251,4.482e-05
4252,4.482e-05
4253,4.482e-05
4254,4.482e-05
4255,4.482e-05
4256,4.482e-05
4257,4.482e-05
4258,4.482e-05
4259,4.482e-05
4260,4.482e-05
4261,4.482e-05
4262,4.482e-05
4263,4.482e-05
4264,4.482e-05
4265,4.482e-05
4266,4.482e-05
4267,4.482e-05
4268,4.482e-05
4269,4.482e-05
4270,4.482e-05
4271,4.482e-05
4272,4.501e-05
4273,4.501e-05
4274,4.501e-05
4275,4.501e-05
4276,4.501e-05
4277,4.501e-05
4278,4.501e-05
4279,4.501e-05
4280,4.501e-05
4281,4.5e-05
4282,4.5e-05
4283,4.5e-05
