0,0.000138
1,0.000138
2,0.0001384
3,0.0001384
4,0.0001384
5,0.0001384
6,0.0001384
7,0.0001384
8,0.0001384
9,0.0001384
10,0.00013902
11,0.00013903
12,0.00013903
13,0.00013903
14,0.00013903
15,0.00013903
16,0.00013953
17,0.00013953
18,0.00013907
19,0.00013907
20,0.00013907
21,0.00013908
22,0.00013908
23,0.00013908
24,0.00013908
25,0.00013907
26,0.00013907
27,0.00013907
28,0.00013907
29,0.00013907
30,0.00013907
31,0.00013907
32,0.000137
33,0.000137
34,0.000137
35,0.000137
36,0.00013956
37,0.00013956
38,0.00013956
39,0.00013956
40,0.00013723
41,0.00013723
42,0.00013723
43,0.00013723
44,0.00013723
45,0.00013723
46,0.00013723
47,0.00013723
48,0.00013723
49,0.00013723
50,0.00013723
51,0.00013723
52,0.00013723
53,0.00013723
54,0.00013723
55,0.00013723
56,0.00013723
57,0.00013723
58,0.00013723
59,0.00013723
60,0.00013723
61,0.00013723
62,0.00013723
63,0.00013723
64,0.00013723
65,0.00013723
66,0.00013723
67,0.00013723
68,0.00013723
69,0.00013723
70,0.00013864
71,0.00013864
72,0.00013864
73,0.00013864
74,0.00013864
75,0.00013864
76,0.00013864
77,0.00013864
78,0.0001386
79,0.00013745
80,0.00013745
81,0.00013745
82,0.00013745
83,0.00013745
84,0.00013745
85,0.00013745
86,0.00013745
87,0.00013745
88,0.00013745
89,0.00013745
90,0.00013745
91,0.0001386
92,0.0001386
93,0.0001386
94,0.0001386
95,0.0001386
96,0.0001386
97,0.0001386
98,0.0001386
99,0.0001386
100,0.0001386
101,0.0001386
102,0.0001386
103,0.0001386
104,0.0001386
105,0.0001386
106,0.0001386
107,0.0001386
108,0.0001386
109,0.0001386
110,0.0001386
111,0.0001386
112,0.0001386
113,0.0001386
114,0.0001386
115,0.0001386
116,0.0001386
117,0.0001386
118,0.0001386
119,0.0001386
120,0.0001386
121,0.0001386
122,0.0001386
123,0.0001386
124,0.0001386
125,0.0001386
126,0.0001386
127,0.0001386
128,0.0001386
129,0.0001386
130,0.0001386
131,0.0001386
132,0.0001386
133,0.0001386
134,0.0001386
135,0.0001386
136,0.0001386
137,0.0001386
138,0.0001386
139,0.0001386
140,0.0001386
141,0.0001386
142,0.0001386
143,0.0001386
144,0.0001386
145,0.0001386
146,0.0001386
147,0.0001386
148,0.0001386
149,0.0001386
150,0.0001386
151,0.0001386
152,0.0001386
153,0.0001386
154,0.0001386
155,0.0001386
156,0.0001386
157,0.0001386
158,0.0001386
159,0.0001386
160,0.0001386
161,0.0001386
162,0.0001386
163,0.0001386
164,0.0001386
165,0.0001386
166,0.0001386
167,0.0001386
168,0.0001386
169,0.0001386
170,0.0001386
171,0.0001386
172,0.0001386
173,0.0001386
174,0.0001386
175,0.0001386
176,0.0001386
177,0.0001386
178,0.0001386
179,0.00013756
180,0.00013723
181,0.00013723
182,0.00013723
183,0.00013723
184,0.00013742
185,0.00013742
186,0.00013742
187,0.00013742
188,0.00013742
189,0.00013742
190,0.00013742
191,0.00013742
192,0.00013755
193,0.00013755
194,0.00013755
195,0.00013742
196,0.00013742
197,0.00013742
198,0.00013756
199,0.00013756
200,0.00013756
201,0.00013756
202,0.00013756
203,0.00013756
204,0.00013756
205,0.00013756
206,0.00013756
207,0.00013756
208,0.00013756
209,0.00013756
210,0.00013756
211,0.00013756
212,0.00013756
213,0.00013756
214,0.00013756
215,0.00013756
216,0.00013824
217,0.00013824
218,0.00013824
219,0.00013824
220,0.00013824
221,0.00013824
222,0.00013824
223,0.00013899
224,0.00013899
225,0.00013899
226,0.00013899
227,0.00013899
228,0.00013899
229,0.00013899
230,0.00013899
231,0.00013899
232,0.00013899
233,0.00013899
234,0.00013899
235,0.00013899
236,0.00013899
237,0.00013961
238,0.00013961
239,0.00013961
240,0.00013961
241,0.00013961
242,0.00013898
243,0.00013898
244,0.00013898
245,0.00013898
246,0.00013898
247,0.00013898
248,0.00013898
249,0.00013898
250,0.00013898
251,0.00013898
252,0.00013898
253,0.00013898
254,0.00013898
255,0.00013898
256,0.00013898
257,0.00013898
258,0.00013898
259,0.00013898
260,0.00013898
261,0.00013898
262,0.00013898
263,0.00013898
264,0.00013898
265,0.00013898
266,0.00013898
267,0.00013898
268,0.00013898
269,0.00013898
270,0.00013898
271,0.00013898
272,0.00013898
273,0.00013898
274,0.00013898
275,0.00013898
276,0.00013898
277,0.0001389
278,0.0001389
279,0.0001389
280,0.0001389
281,0.0001389
282,0.0001389
283,0.0001389
284,0.0001389
285,0.0001389
286,0.0001389
287,0.0001389
288,0.0001389
289,0.0001389
290,0.0001389
291,0.0001389
292,0.0001389
293,0.00013824
294,0.00013824
295,0.00013824
296,0.00013824
297,0.00013824
298,0.00013824
299,0.00013824
300,0.00013824
301,0.00013824
302,0.00013824
303,0.00013824
304,0.00013824
305,0.00013824
306,0.00013824
307,0.00013824
308,0.00013824
309,0.00013824
310,0.00013824
311,0.00013824
312,0.00013824
313,0.00013824
314,0.00013824
315,0.00013824
316,0.00013824
317,0.00013824
318,0.00013824
319,0.00013824
320,0.00013824
321,0.00013824
322,0.00013824
323,0.00013824
324,0.00013824
325,0.00013824
326,0.00013824
327,0.00013824
328,0.00013824
329,0.00013824
330,0.00013824
331,0.00013824
332,0.00013824
333,0.00013824
334,0.00013824
335,0.00013824
336,0.00013824
337,0.00013824
338,0.00013824
339,0.00013824
340,0.00013824
341,0.00013824
342,0.00013959
343,0.00013959
344,0.00013959
345,0.00013824
346,0.00013824
347,0.00013824
348,0.00013824
349,0.00013824
350,0.00013824
351,0.00013824
352,0.00013824
353,0.00013824
354,0.00013824
355,0.00013824
356,0.00013824
357,0.00013824
358,0.00013824
359,0.0001377
360,0.0001377
361,0.0001377
362,0.0001377
363,0.0001377
364,0.0001377
365,0.0001377
366,0.0001377
367,0.0001377
368,0.0001377
369,0.0001377
370,0.0001377
371,0.0001377
372,0.0001377
373,0.00013824
374,0.00013824
375,0.00013824
376,0.00013824
377,0.00013824
378,0.00013824
379,0.00013824
380,0.00013824
381,0.00013824
382,0.00013824
383,0.00013824
384,0.00013824
385,0.00013824
386,0.00013824
387,0.00013824
388,0.00013824
389,0.00013824
390,0.00013824
391,0.00013824
392,0.00013824
393,0.00013824
394,0.00013824
395,0.00013824
396,0.00013824
397,0.00013824
398,0.00013824
399,0.00013824
400,0.00013824
401,0.00013824
402,0.00013824
403,0.00013824
404,0.00013824
405,0.00013824
406,0.00013824
407,0.00013824
408,0.00013824
409,0.00013824
410,0.00013824
411,0.00013824
412,0.00013824
413,0.00013824
414,0.00013824
415,0.00013824
416,0.00013824
417,0.00013824
418,0.00013824
419,0.00013824
420,0.00013824
421,0.00013824
422,0.00013824
423,0.00013824
424,0.00013824
425,0.00013824
426,0.00013824
427,0.00013824
428,0.00013824
429,0.00013824
430,0.00013824
431,0.00013824
432,0.00013824
433,0.00013824
434,0.00013824
435,0.0001377
436,0.0001377
437,0.0001377
438,0.0001377
439,0.0001377
440,0.0001377
441,0.0001377
442,0.0001377
443,0.0001377
444,0.0001377
445,0.0001377
446,0.0001377
447,0.0001377
448,0.0001377
449,0.0001377
450,0.0001377
451,0.0001377
452,0.0001377
453,0.0001377
454,0.0001377
455,0.0001377
456,0.0001377
457,0.0001377
458,0.0001377
459,0.0001377
460,0.0001377
461,0.0001377
462,0.0001377
463,0.0001377
464,0.0001377
465,0.0001377
466,0.0001377
467,0.0001377
468,0.0001377
469,0.0001377
470,0.0001377
471,0.0001377
472,0.0001377
473,0.0001377
474,0.0001377
475,0.0001377
476,0.000137
477,0.000137
478,0.000137
479,0.000137
480,0.000137
481,0.000137
482,0.000137
483,0.000137
484,0.000137
485,0.000137
486,0.000137
487,0.000137
488,0.0001377
489,0.0001377
490,0.0001377
491,0.0001377
492,0.0001377
493,0.0001377
494,0.0001377
495,0.0001377
496,0.0001377
497,0.0001377
498,0.0001377
499,0.0001377
500,0.0001377
501,0.0001377
502,0.0001377
503,0.0001377
504,0.0001377
505,0.0001377
506,0.0001377
507,0.0001377
508,0.00013824
509,0.00013824
510,0.00013824
511,0.00013824
512,0.00013824
513,0.00013824
514,0.00013824
515,0.00013824
516,0.00013824
517,0.00013824
518,0.00013824
519,0.00013824
520,0.00013824
521,0.00013824
522,0.00013824
523,0.00013824
524,0.00013824
525,0.00013824
526,0.00013824
527,0.00013824
528,0.00013824
529,0.00013824
530,0.00013824
531,0.00013824
532,0.00013824
533,0.00013824
534,0.00013824
535,0.00013824
536,0.00013824
537,0.00013824
538,0.000138
539,0.000138
540,0.000138
541,0.000138
542,0.000138
543,0.000138
544,0.000138
545,0.000138
546,0.000138
547,0.000138
548,0.000138
549,0.000138
550,0.000138
551,0.000138
552,0.000138
553,0.000138
554,0.000138
555,0.000138
556,0.000138
557,0.000138
558,0.000138
559,0.000138
560,0.000138
561,0.000138
562,0.000138
563,0.000138
564,0.000138
565,0.000138
566,0.000138
567,0.000138
568,0.000138
569,0.000138
570,0.000138
571,0.00013959
572,0.00013796
573,0.00013773
574,0.00014002
575,0.00014002
576,0.00014002
577,0.00014002
578,0.00014002
579,0.00014002
580,0.00014002
581,0.00014002
582,0.00014002
583,0.00014002
584,0.00014002
585,0.00014002
586,0.00014002
587,0.00014002
588,0.00014002
589,0.00014002
590,0.00014002
591,0.00014002
592,0.00014002
593,0.00014002
594,0.00014002
595,0.00014002
596,0.00014002
597,0.00014002
598,0.00014002
599,0.00014002
600,0.00014002
601,0.00014002
602,0.00014002
603,0.00014002
604,0.00014002
605,0.00014002
606,0.00014002
607,0.00014002
608,0.00014002
609,0.00014002
610,0.00014002
611,0.00014002
612,0.00014002
613,0.00014002
614,0.00014002
615,0.00014002
616,0.00014002
617,0.00014002
618,0.00014002
619,0.00014002
620,0.00014002
621,0.00014002
622,0.00014002
623,0.00014002
624,0.00014002
625,0.00014002
626,0.00014002
627,0.00014001
628,0.00014001
629,0.00013827
630,0.00013827
631,0.00013827
632,0.00013827
633,0.00013827
634,0.00013827
635,0.00013827
636,0.00013827
637,0.00013827
638,0.00013827
639,0.00013827
640,0.00013827
641,0.00013827
642,0.00013827
643,0.00013827
644,0.00013827
645,0.00013827
646,0.00013827
647,0.00013827
648,0.00013827
649,0.00013827
650,0.00013827
651,0.00013827
652,0.00013827
653,0.00013827
654,0.00013827
655,0.00013827
656,0.00013827
657,0.00013827
658,0.00013827
659,0.00013827
660,0.00013827
661,0.00013827
662,0.00013827
663,0.00013827
664,0.00013827
665,0.00013827
666,0.00013827
667,0.00013827
668,0.00013827
669,0.00013827
670,0.00013827
671,0.00013827
672,0.00013827
673,0.00013827
674,0.00013827
675,0.00013827
676,0.00013827
677,0.00013827
678,0.00013827
679,0.00013827
680,0.00013827
681,0.00013827
682,0.00013827
683,0.00013827
684,0.00013827
685,0.00013827
686,0.00013827
687,0.00013827
688,0.00013827
689,0.00013827
690,0.00013827
691,0.00013827
692,0.00013827
693,0.00013827
694,0.00013827
695,0.00013827
696,0.00013827
697,0.00013827
698,0.00013827
699,0.00013827
700,0.00013827
701,0.00013827
702,0.00013827
703,0.00013827
704,0.00013827
705,0.00013827
706,0.00013827
707,0.00013827
708,0.00013827
709,0.00013827
710,0.00013827
711,0.00013827
712,0.00013827
713,0.00013827
714,0.00013827
715,0.00013827
716,0.00013827
717,0.00013827
718,0.00013827
719,0.00013827
720,0.00013827
721,0.00013827
722,0.00013827
723,0.00013827
724,0.00013827
725,0.00013827
726,0.00013827
727,0.00013827
728,0.00013827
729,0.00013827
730,0.00013827
731,0.00013827
732,0.00013827
733,0.00013827
734,0.00013827
735,0.00013827
736,0.00013827
737,0.00013837
738,0.00013837
739,0.00013837
740,0.00013837
741,0.00013837
742,0.00013837
743,0.00013837
744,0.00013837
745,0.00013837
746,0.00013837
747,0.00013837
748,0.00013837
749,0.00013837
750,0.00013837
751,0.00013851
752,0.00013851
753,0.00013851
754,0.00013851
755,0.00013851
756,0.00013851
757,0.00013851
758,0.00013851
759,0.00013851
760,0.00013851
761,0.00013851
762,0.00013851
763,0.00013851
764,0.00013851
765,0.00013851
766,0.00013851
767,0.00013851
768,0.00013851
769,0.00013851
770,0.00013851
771,0.00013851
772,0.00013851
773,0.00013851
774,0.00013851
775,0.00013851
776,0.00013851
777,0.00013851
778,0.00013851
779,0.00013851
780,0.00013851
781,0.00013851
782,0.00013851
783,0.00013851
784,0.00013851
785,0.00013851
786,0.00013851
787,0.00013851
788,0.00013851
789,0.00013851
790,0.00013851
791,0.00013851
792,0.00013851
793,0.00013851
794,0.00013851
795,0.00013851
796,0.00013851
797,0.00013851
798,0.00013851
799,0.00013851
800,0.00013989
801,0.00013989
802,0.00013989
803,0.00013989
804,0.00013989
805,0.00013989
806,0.00013989
807,0.00013989
808,0.00013989
809,0.00013989
810,0.00013989
811,0.00013989
812,0.00013989
813,0.00013989
814,0.00013989
815,0.00013989
816,0.00013989
817,0.00013989
818,0.00013989
819,0.00013989
820,0.00013989
821,0.00013989
822,0.00013989
823,0.00013989
824,0.00013989
825,0.00013989
826,0.00013989
827,0.00013961
828,0.00013961
829,0.00013961
830,0.00013961
831,0.00013961
832,0.00013961
833,0.00013961
834,0.00013961
835,0.00013961
836,0.00013961
837,0.00013961
838,0.00013961
839,0.00013961
840,0.00013961
841,0.00013961
842,0.00013961
843,0.00013961
844,0.00013961
845,0.00013961
846,0.00013961
847,0.00013961
848,0.00013961
849,0.00013961
850,0.00013961
851,0.00013961
852,0.00013961
853,0.00013961
854,0.00013961
855,0.00013961
856,0.00013961
857,0.00013961
858,0.00013961
859,0.00013961
860,0.00013961
861,0.00013961
862,0.00013961
863,0.00013961
864,0.00013961
865,0.00013961
866,0.00013961
867,0.00013961
868,0.00013961
869,0.00013961
870,0.00013961
871,0.00013961
872,0.00013961
873,0.00013961
874,0.00013961
875,0.00013961
876,0.00013961
877,0.00013961
878,0.00013961
879,0.00013961
880,0.00013961
881,0.00013961
882,0.00013961
883,0.00013961
884,0.00013961
885,0.00013961
886,0.00013961
887,0.00013961
888,0.00013961
889,0.00013961
890,0.00013961
891,0.00013961
892,0.00013961
893,0.00013961
894,0.00013961
895,0.00013961
896,0.00013961
897,0.00013961
898,0.00013961
899,0.00013961
900,0.00013961
901,0.00013961
902,0.00013961
903,0.00013961
904,0.00013961
905,0.00013961
906,0.00013961
907,0.00013961
908,0.00013961
909,0.00013961
910,0.00013961
911,0.00013961
912,0.00013902
913,0.00013902
914,0.00013902
915,0.00013902
916,0.00013902
917,0.00013902
918,0.00013902
919,0.00013902
920,0.00013902
921,0.00013902
922,0.00013902
923,0.00013902
924,0.00013902
925,0.00013902
926,0.00013902
927,0.00013902
928,0.00013902
929,0.00013902
930,0.00013902
931,0.00013902
932,0.00013902
933,0.00013902
934,0.00013902
935,0.00013902
936,0.00013902
937,0.00013902
938,0.00013902
939,0.00013902
940,0.00013902
941,0.00013902
942,0.00013902
943,0.00013902
944,0.00013902
945,0.00013902
946,0.00013902
947,0.00013902
948,0.00013902
949,0.00013902
950,0.00013902
951,0.00013902
952,0.00013902
953,0.00013902
954,0.00013902
955,0.00013902
956,0.00013902
957,0.00013902
958,0.00013902
959,0.00013902
960,0.00013902
961,0.0001401
962,0.0001401
963,0.0001401
964,0.0001401
965,0.0001401
966,0.0001401
967,0.0001401
968,0.0001401
969,0.0001401
970,0.0001401
971,0.0001401
972,0.0001401
973,0.0001401
974,0.0001401
975,0.0001401
976,0.00013998
977,0.00013897
978,0.00013897
979,0.00013897
980,0.00013897
981,0.00013897
982,0.00013897
983,0.00013897
984,0.00013897
985,0.00013897
986,0.00013897
987,0.00013897
988,0.00013897
989,0.00013897
990,0.00013897
991,0.00013897
992,0.00013897
993,0.00013897
994,0.00013897
995,0.00013897
996,0.00013897
997,0.00013897
998,0.00013897
999,0.00013897
1000,0.00013897
1001,0.00013897
1002,0.00013897
1003,0.00013897
1004,0.00013897
1005,0.00013897
1006,0.00013897
1007,0.00013897
1008,0.00013897
1009,0.00013897
1010,0.00013897
1011,0.00013897
1012,0.00013897
1013,0.00013897
1014,0.00013897
1015,0.00013897
1016,0.00013897
1017,0.00013897
1018,0.00013897
1019,0.00013897
1020,0.00013897
1021,0.00013897
1022,0.00013897
1023,0.00013897
1024,0.00013897
1025,0.00013897
1026,0.00013897
1027,0.00013897
1028,0.00013897
1029,0.00013897
1030,0.00013897
1031,0.00013897
1032,0.00013897
1033,0.00013897
1034,0.00013897
1035,0.00013897
1036,0.00013897
1037,0.00013897
1038,0.00013897
1039,0.00013897
1040,0.00013897
1041,0.00013897
1042,0.00013897
1043,0.00013897
1044,0.00013897
1045,0.00013897
1046,0.00013897
1047,0.00013897
1048,0.00013897
1049,0.00013897
1050,0.00013869
1051,0.00013869
1052,0.00013869
1053,0.00013869
1054,0.00013869
1055,0.00013869
1056,0.00013869
1057,0.00013869
1058,0.00013869
1059,0.00013869
1060,0.00013869
1061,0.00013869
1062,0.00013869
1063,0.00013869
1064,0.00013869
1065,0.00014009
1066,0.00014009
1067,0.00014009
1068,0.00014009
1069,0.00014008
1070,0.00014008
1071,0.00014008
1072,0.00014008
1073,0.00014008
1074,0.00014008
1075,0.00014008
1076,0.00014008
1077,0.00014009
1078,0.00014009
1079,0.00014009
1080,0.00014009
1081,0.00014009
1082,0.00014009
1083,0.00014009
1084,0.00014009
1085,0.00014009
1086,0.00014009
1087,0.00014009
1088,0.00014009
1089,0.00014009
1090,0.00014009
1091,0.00014009
1092,0.00014009
1093,0.00014009
1094,0.00014009
1095,0.00014009
1096,0.00014009
1097,0.00014009
1098,0.00014009
1099,0.00014009
1100,0.00013874
1101,0.00013874
1102,0.00013874
1103,0.00013874
1104,0.00013874
1105,0.00013874
1106,0.00013836
1107,0.00013836
1108,0.00013836
1109,0.00013836
1110,0.00013836
1111,0.00013836
1112,0.00013843
1113,0.00013843
1114,0.00013843
1115,0.00013843
1116,0.0001383
1117,0.0001383
1118,0.0001377
1119,0.0001377
1120,0.00013771
1121,0.00013771
1122,0.00013771
1123,0.00013771
1124,0.00013771
1125,0.00013771
1126,0.00013771
1127,0.00013771
1128,0.00013771
1129,0.00013771
1130,0.00013771
1131,0.00013771
1132,0.00013771
1133,0.00013771
1134,0.00013771
1135,0.00013771
1136,0.00013875
1137,0.00013875
1138,0.00013875
1139,0.00013875
1140,0.00013875
1141,0.00013875
1142,0.00013875
1143,0.00013875
1144,0.00013875
1145,0.00013875
1146,0.00013875
1147,0.00013875
1148,0.00013875
1149,0.00013875
1150,0.00013875
1151,0.00013875
1152,0.00013875
1153,0.00013875
1154,0.00013839
1155,0.00013839
1156,0.00013844
1157,0.00013844
1158,0.00013997
1159,0.00014442
1160,0.00014298
1161,0.00013781
1162,0.00013781
1163,0.00013793
1164,0.00013793
1165,0.00013793
1166,0.00013793
1167,0.00013793
1168,0.00013793
1169,0.00013793
1170,0.00013793
1171,0.00013793
1172,0.00013793
1173,0.00014108
1174,0.00014108
1175,0.00014108
1176,0.00014108
1177,0.00014108
1178,0.00014108
1179,0.00014108
1180,0.00014108
1181,0.00014108
1182,0.00014108
1183,0.00014108
1184,0.00013799
1185,0.00013799
1186,0.00013799
1187,0.00013799
1188,0.00013799
1189,0.00013973
1190,0.0001397
1191,0.0001397
1192,0.0001397
1193,0.0001397
1194,0.0001397
1195,0.0001397
1196,0.0001397
1197,0.0001397
1198,0.0001397
1199,0.0001397
1200,0.0001397
1201,0.0001397
1202,0.0001397
1203,0.0001397
1204,0.0001397
1205,0.0001397
1206,0.0001397
1207,0.0001397
1208,0.0001397
1209,0.0001397
1210,0.0001397
1211,0.00013816
1212,0.00013816
1213,0.00013816
1214,0.00013816
1215,0.00013816
1216,0.00013816
1217,0.00013816
1218,0.00013818
1219,0.00013818
1220,0.00013818
1221,0.00013818
1222,0.00013956
1223,0.00013956
1224,0.00013816
1225,0.00013816
1226,0.00013816
1227,0.00013816
1228,0.00013816
1229,0.00013816
1230,0.00013816
1231,0.00013816
1232,0.00013816
1233,0.00013816
1234,0.00013816
1235,0.00013816
1236,0.00013816
1237,0.00013816
1238,0.00013816
1239,0.00013816
1240,0.00013816
1241,0.00013816
1242,0.00013816
1243,0.00013955
1244,0.00013955
1245,0.00013955
1246,0.00013955
1247,0.00013955
1248,0.00013955
1249,0.00013955
1250,0.00013955
1251,0.00013955
1252,0.00013955
1253,0.00013955
1254,0.00013955
1255,0.00013955
1256,0.00013955
1257,0.00013847
1258,0.00013847
1259,0.00013847
1260,0.00013847
1261,0.00013847
1262,0.00013847
1263,0.00013847
1264,0.00013847
1265,0.00013847
1266,0.00013847
1267,0.00013847
1268,0.00013839
1269,0.00013839
1270,0.00013839
1271,0.00013839
1272,0.00013839
1273,0.00013839
1274,0.00013839
1275,0.00013839
1276,0.00013839
1277,0.00013839
1278,0.00013839
1279,0.00013839
1280,0.00013839
1281,0.00013839
1282,0.00013839
1283,0.00013839
1284,0.00013839
1285,0.00013839
1286,0.00013839
1287,0.00013839
1288,0.00013839
1289,0.00013839
1290,0.00013839
1291,0.00013839
1292,0.00013839
1293,0.00013839
1294,0.00013839
1295,0.00013955
1296,0.00013955
1297,0.00013955
1298,0.00013955
1299,0.00013772
1300,0.00013772
1301,0.00013772
1302,0.00013772
1303,0.00013772
1304,0.00013772
1305,0.00013772
1306,0.00013772
1307,0.00013772
1308,0.00013772
1309,0.00013772
1310,0.00013772
1311,0.00013772
1312,0.00013772
1313,0.00013772
1314,0.00013772
1315,0.00013943
1316,0.00013943
1317,0.00013943
1318,0.00013943
1319,0.00013943
1320,0.00013943
1321,0.00013943
1322,0.00013943
1323,0.00013943
1324,0.00013943
1325,0.00013943
1326,0.00013783
1327,0.00013783
1328,0.00013783
1329,0.00013783
1330,0.00013783
1331,0.00013783
1332,0.00013783
1333,0.00013925
1334,0.00013925
1335,0.00013925
1336,0.00013925
1337,0.00013925
1338,0.00013925
1339,0.00013925
1340,0.00013902
1341,0.00013902
1342,0.00013902
1343,0.00013902
1344,0.00013902
1345,0.00013942
1346,0.00013942
1347,0.00013942
1348,0.00013942
1349,0.00013942
1350,0.00013942
1351,0.00013942
1352,0.00013942
1353,0.00013942
1354,0.00013931
1355,0.00013931
1356,0.00013931
1357,0.00013931
1358,0.00013931
1359,0.00013931
1360,0.00013931
1361,0.00013931
1362,0.00013931
1363,0.00013931
1364,0.00013931
1365,0.00013931
1366,0.00013931
1367,0.00013931
1368,0.00013791
1369,0.00013791
1370,0.00013791
1371,0.00013791
1372,0.00013791
1373,0.00013791
1374,0.00013791
1375,0.00013791
1376,0.00013791
1377,0.00013791
1378,0.00013791
1379,0.00013791
1380,0.00013791
1381,0.00013791
1382,0.00013791
1383,0.00013791
1384,0.00013791
1385,0.00013791
1386,0.00013782
1387,0.00013782
1388,0.00013782
1389,0.00013782
1390,0.00013782
1391,0.00013782
1392,0.00013782
1393,0.00013782
1394,0.00013782
1395,0.00013781
1396,0.00013781
1397,0.00013781
1398,0.00013925
1399,0.00013925
1400,0.00013925
1401,0.00013925
1402,0.00013925
1403,0.00013925
1404,0.00013951
1405,0.00013951
1406,0.00013951
1407,0.00013947
1408,0.00013947
1409,0.00013779
1410,0.00013779
1411,0.00013779
1412,0.00013779
1413,0.00013779
1414,0.00013779
1415,0.00013779
1416,0.00013779
1417,0.00013779
1418,0.00013779
1419,0.00013779
1420,0.00013779
1421,0.00013779
1422,0.00013779
1423,0.00013779
1424,0.00013771
1425,0.00013771
1426,0.00013771
1427,0.00013771
1428,0.00013771
1429,0.00013771
1430,0.00013771
1431,0.00013771
1432,0.00013771
1433,0.00013771
1434,0.00013771
1435,0.00013771
1436,0.00013771
1437,0.00013771
1438,0.00013771
1439,0.00013771
1440,0.00013779
1441,0.00013771
1442,0.0001377
1443,0.0001377
1444,0.0001377
1445,0.0001377
1446,0.0001377
1447,0.0001377
1448,0.0001377
1449,0.0001377
1450,0.0001377
1451,0.0001377
1452,0.0001377
1453,0.0001377
1454,0.0001377
1455,0.0001377
1456,0.0001377
1457,0.0001377
1458,0.0001377
1459,0.0001377
1460,0.0001377
1461,0.0001377
1462,0.0001377
1463,0.0001377
1464,0.0001377
1465,0.0001377
1466,0.0001377
1467,0.0001377
1468,0.0001377
1469,0.0001377
1470,0.0001377
1471,0.0001377
1472,0.0001377
1473,0.0001377
1474,0.00013758
1475,0.00013758
1476,0.00013758
1477,0.00013758
1478,0.00013758
1479,0.00013758
1480,0.00013758
1481,0.00013758
1482,0.00013758
1483,0.00013758
1484,0.00013758
1485,0.00013758
1486,0.00013758
1487,0.00013758
1488,0.00013758
1489,0.00013758
1490,0.00013758
1491,0.00013758
1492,0.00013758
1493,0.00013758
1494,0.00013758
1495,0.00013758
1496,0.00013758
1497,0.00013758
1498,0.00013758
1499,0.00013758
1500,0.00013758
1501,0.00013758
1502,0.0001372
1503,0.0001372
1504,0.0001372
1505,0.0001372
1506,0.0001372
1507,0.0001372
1508,0.0001372
1509,0.0001372
1510,0.00013758
1511,0.00013758
1512,0.00013758
1513,0.00013758
1514,0.00013758
1515,0.00013758
1516,0.00013758
1517,0.00013758
1518,0.00013758
1519,0.00013758
1520,0.00013758
1521,0.00013758
1522,0.00013758
1523,0.00013758
1524,0.00013758
1525,0.00013758
1526,0.00013758
1527,0.00013758
1528,0.00013758
1529,0.00013758
1530,0.00013758
1531,0.00013758
1532,0.00013668
1533,0.00013668
1534,0.00013668
1535,0.00013668
1536,0.00013668
1537,0.00013668
1538,0.00013668
1539,0.00013668
1540,0.00013668
1541,0.00013668
1542,0.00013668
1543,0.00013668
1544,0.00013668
1545,0.00013668
1546,0.00013668
1547,0.00013668
1548,0.00013625
1549,0.00013625
1550,0.00013625
1551,0.00013625
1552,0.00013625
1553,0.00013625
1554,0.00013627
1555,0.00013627
1556,0.00013617
1557,0.00013617
1558,0.00013617
1559,0.00013617
1560,0.00013617
1561,0.00013617
1562,0.00013617
1563,0.00013613
1564,0.00013613
1565,0.00013754
1566,0.00013754
1567,0.00013754
1568,0.00013754
1569,0.00013754
1570,0.00013754
1571,0.00013583
1572,0.00013583
1573,0.00013515
1574,0.00013515
1575,0.00013515
1576,0.00013515
1577,0.00013515
1578,0.00013444
1579,0.00013444
1580,0.00013444
1581,0.00013444
1582,0.00013444
1583,0.00013444
1584,0.00013698
1585,0.00013698
1586,0.0001369
1587,0.0001369
1588,0.0001369
1589,0.00013674
1590,0.00013674
1591,0.00013668
1592,0.00013668
1593,0.0001367
1594,0.0001367
1595,0.00013479
1596,0.0001344
1597,0.0001344
1598,0.0001363
1599,0.0001363
1600,0.0001363
1601,0.00013608
1602,0.00013608
1603,0.00013608
1604,0.00013608
1605,0.00013608
1606,0.00013608
1607,0.00013608
1608,0.00013608
1609,0.00013446
1610,0.00013452
1611,0.00013452
1612,0.00013452
1613,0.00013452
1614,0.00013452
1615,0.00013669
1616,0.00013669
1617,0.00013669
1618,0.00013669
1619,0.00013474
1620,0.00013474
1621,0.00013396
1622,0.00013394
1623,0.0001338
1624,0.0001338
1625,0.00013253
1626,0.00013301
1627,0.0001334
1628,0.0001334
1629,0.0001334
1630,0.0001334
1631,0.00013251
1632,0.00013251
1633,0.00013251
1634,0.00013332
1635,0.00013332
1636,0.00013332
1637,0.00013332
1638,0.00013332
1639,0.00013385
1640,0.00013329
1641,0.00013329
1642,0.00013384
1643,0.00013384
1644,0.00013384
1645,0.00013384
1646,0.00013384
1647,0.00013382
1648,0.00013251
1649,0.00013251
1650,0.00013251
1651,0.00013247
1652,0.00013241
1653,0.00013241
1654,0.00013241
1655,0.00013241
1656,0.00013225
1657,0.00013107
1658,0.00013106
1659,0.00013106
1660,0.00013231
1661,0.00013231
1662,0.00013231
1663,0.0001318
1664,0.0001318
1665,0.0001318
1666,0.0001318
1667,0.0001318
1668,0.00013171
1669,0.00013109
1670,0.0001309
1671,0.00013072
1672,0.00013052
1673,0.00013073
1674,0.00013207
1675,0.00013202
1676,0.00013202
1677,0.00013202
1678,0.00013202
1679,0.00013202
1680,0.00013202
1681,0.00013053
1682,0.00013052
1683,0.00012972
1684,0.00012988
1685,0.00012989
1686,0.00012988
1687,0.00012988
1688,0.00012988
1689,0.00012988
1690,0.00012989
1691,0.0001299
1692,0.0001299
1693,0.0001299
1694,0.0001299
1695,0.0001299
1696,0.0001299
1697,0.0001299
1698,0.0001299
1699,0.0001299
1700,0.0001299
1701,0.0001299
1702,0.0001299
1703,0.0001299
1704,0.0001299
1705,0.0001299
1706,0.00012989
1707,0.00012989
1708,0.00012989
1709,0.00012989
1710,0.00012989
1711,0.00012989
1712,0.00012989
1713,0.00012989
1714,0.00012989
1715,0.00012989
1716,0.0001301
1717,0.0001301
1718,0.0001301
1719,0.0001301
1720,0.0001301
1721,0.0001301
1722,0.0001301
1723,0.0001301
1724,0.0001301
1725,0.0001301
1726,0.0001301
1727,0.0001301
1728,0.0001301
1729,0.0001301
1730,0.0001301
1731,0.0001301
1732,0.0001301
1733,0.0001301
1734,0.00013123
1735,0.00013122
1736,0.00013122
1737,0.00013117
1738,0.00013011
1739,0.00013117
1740,0.00013117
1741,0.00013117
1742,0.00013117
1743,0.00013117
1744,0.00013117
1745,0.00013117
1746,0.00013117
1747,0.00013116
1748,0.00013116
1749,0.00013116
1750,0.00013116
1751,0.00013146
1752,0.00013145
1753,0.00013145
1754,0.00013145
1755,0.0001314
1756,0.00013139
1757,0.00013139
1758,0.00013139
1759,0.00013139
1760,0.00013139
1761,0.00013127
1762,0.00013156
1763,0.00013166
1764,0.00013153
1765,0.00013166
1766,0.00013166
1767,0.00013163
1768,0.00013018
1769,0.00013018
1770,0.00013157
1771,0.00013157
1772,0.00013157
1773,0.00013157
1774,0.00013157
1775,0.00013157
1776,0.00013157
1777,0.00013157
1778,0.00013165
1779,0.00013162
1780,0.00013162
1781,0.00013162
1782,0.00013162
1783,0.00013162
1784,0.00013162
1785,0.00013162
1786,0.00013162
1787,0.00013162
1788,0.00013162
1789,0.00013162
1790,0.00013162
1791,0.00013162
1792,0.00013158
1793,0.00013157
1794,0.00013152
1795,0.00013151
1796,0.0001316
1797,0.0001316
1798,0.00013167
1799,0.0001316
1800,0.0001316
1801,0.00013167
1802,0.00013167
1803,0.0001301
1804,0.0001301
1805,0.0001301
1806,0.00013013
1807,0.00013013
1808,0.00013013
1809,0.00013013
1810,0.00013013
1811,0.00013013
1812,0.00013013
1813,0.00013013
1814,0.00013011
1815,0.00013011
1816,0.0001301
1817,0.0001301
1818,0.0001301
1819,0.0001301
1820,0.0001301
1821,0.0001301
1822,0.0001301
1823,0.0001301
1824,0.0001301
1825,0.0001301
1826,0.0001301
1827,0.0001301
1828,0.00013
1829,0.00013
1830,0.00013
1831,0.00013
1832,0.00013
1833,0.00013
1834,0.00013
1835,0.00013
1836,0.00013
1837,0.00013
1838,0.00012989
1839,0.00012989
1840,0.00012989
1841,0.00012989
1842,0.00012989
1843,0.00012989
1844,0.00012989
1845,0.00012989
1846,0.00012989
1847,0.00012989
1848,0.00012989
1849,0.00012989
1850,0.00012989
1851,0.00012989
1852,0.00012988
1853,0.00013139
1854,0.0001297
1855,0.0001297
1856,0.0001297
1857,0.0001297
1858,0.0001297
1859,0.0001296
1860,0.00012958
1861,0.00012958
1862,0.00012958
1863,0.00012958
1864,0.00012958
1865,0.00012958
1866,0.00012958
1867,0.00012958
1868,0.00012951
1869,0.0001295
1870,0.0001295
1871,0.00012952
1872,0.00012952
1873,0.00012951
1874,0.00012951
1875,0.00012951
1876,0.00012951
1877,0.00012951
1878,0.00012951
1879,0.00012951
1880,0.00012951
1881,0.00012951
1882,0.00012951
1883,0.00012951
1884,0.00012951
1885,0.00012951
1886,0.00012951
1887,0.00012951
1888,0.00012951
1889,0.00013098
1890,0.00012953
1891,0.00012953
1892,0.00012953
1893,0.00012953
1894,0.00012952
1895,0.00012952
1896,0.00012952
1897,0.00012953
1898,0.00012953
1899,0.00012953
1900,0.00012952
1901,0.00012952
1902,0.00012952
1903,0.00013083
1904,0.00013083
1905,0.00013083
1906,0.00013083
1907,0.00013083
1908,0.00013083
1909,0.00013083
1910,0.00013083
1911,0.00013083
1912,0.00013083
1913,0.00013083
1914,0.00013062
1915,0.00013062
1916,0.00013062
1917,0.00013062
1918,0.00013062
1919,0.00013083
1920,0.00013083
1921,0.00013083
1922,0.00013123
1923,0.00012951
1924,0.00012951
1925,0.00012951
1926,0.0001311
1927,0.0001311
1928,0.0001311
1929,0.0001311
1930,0.0001311
1931,0.0001311
1932,0.0001311
1933,0.0001311
1934,0.0001311
1935,0.00012961
1936,0.00012961
1937,0.00012961
1938,0.00012961
1939,0.00012961
1940,0.00012961
1941,0.00012956
1942,0.00012956
1943,0.00012956
1944,0.00012956
1945,0.00012956
1946,0.00012956
1947,0.00012956
1948,0.0001303
1949,0.0001303
1950,0.0001303
1951,0.0001303
1952,0.00012955
1953,0.00012955
1954,0.00012925
1955,0.00012925
1956,0.00012901
1957,0.00012901
1958,0.00012901
1959,0.00012901
1960,0.00012901
1961,0.00012901
1962,0.00012901
1963,0.00012901
1964,0.00012901
1965,0.00012901
1966,0.00013122
1967,0.00013122
1968,0.00013122
1969,0.00013122
1970,0.00013122
1971,0.00013122
1972,0.00013122
1973,0.00013122
1974,0.0001312
1975,0.0001312
1976,0.0001312
1977,0.0001312
1978,0.0001312
1979,0.0001312
1980,0.00013122
1981,0.00013122
1982,0.00013122
1983,0.00013122
1984,0.00013122
1985,0.00013122
1986,0.00013122
1987,0.00013122
1988,0.00013122
1989,0.00013122
1990,0.00013122
1991,0.00013122
1992,0.00013122
1993,0.00013122
1994,0.00013122
1995,0.00013122
1996,0.00013122
1997,0.00013122
1998,0.00013122
1999,0.00013121
2000,0.00013121
2001,0.00012801
2002,0.00012801
2003,0.00012801
2004,0.00012801
2005,0.00012801
2006,0.00012801
2007,0.00012801
2008,0.00012801
2009,0.00012801
2010,0.00012801
2011,0.00012801
2012,0.00012801
2013,0.00012801
2014,0.00012801
2015,0.00012801
2016,0.00012801
2017,0.00012801
2018,0.00012801
2019,0.00012801
2020,0.00012801
2021,0.00012801
2022,0.00012801
2023,0.00012801
2024,0.00012801
2025,0.00012801
2026,0.00012801
2027,0.00012909
2028,0.00012857
2029,0.00012857
2030,0.00012909
2031,0.00012909
2032,0.00012909
2033,0.00012909
2034,0.00012909
2035,0.00012909
2036,0.00012909
2037,0.00012909
2038,0.00012909
2039,0.00012909
2040,0.00012909
2041,0.00012909
2042,0.00012909
2043,0.00012909
2044,0.00012909
2045,0.00012909
2046,0.00012909
2047,0.0001296
2048,0.00012961
2049,0.00012961
2050,0.00012961
2051,0.00012961
2052,0.00012961
2053,0.00012961
2054,0.00012961
2055,0.00012961
2056,0.0001291
2057,0.0001291
2058,0.0001291
2059,0.00012909
2060,0.00012909
2061,0.00012912
2062,0.00012912
2063,0.00012912
2064,0.00012912
2065,0.00012912
2066,0.00012912
2067,0.00012912
2068,0.00012912
2069,0.00012912
2070,0.00012912
2071,0.00012912
2072,0.00012913
2073,0.00012913
2074,0.00012913
2075,0.00012913
2076,0.00012913
2077,0.00012913
2078,0.00012913
2079,0.00012913
2080,0.00012913
2081,0.00012913
2082,0.00012913
2083,0.00012913
2084,0.00012913
2085,0.00012913
2086,0.00012913
2087,0.00012913
2088,0.00012913
2089,0.00013052
2090,0.00013052
2091,0.00013052
2092,0.00013052
2093,0.00013052
2094,0.00012857
2095,0.00012857
2096,0.00012857
2097,0.00012857
2098,0.00012857
2099,0.00012857
2100,0.00012857
2101,0.00013033
2102,0.00013033
2103,0.00013033
2104,0.00013033
2105,0.00013033
2106,0.00013033
2107,0.00013033
2108,0.00013033
2109,0.00013033
2110,0.00013033
2111,0.00013033
2112,0.00013033
2113,0.00013033
2114,0.00013033
2115,0.00013033
2116,0.00013033
2117,0.00013033
2118,0.00013033
2119,0.00013033
2120,0.00013033
2121,0.00013033
2122,0.00013033
2123,0.00013033
2124,0.00013033
2125,0.00013033
2126,0.00013033
2127,0.00013033
2128,0.00013033
2129,0.00013033
2130,0.00013033
2131,0.00013033
2132,0.00013033
2133,0.00013033
2134,0.00013033
2135,0.00013033
2136,0.00013033
2137,0.00012975
2138,0.00012975
2139,0.00012975
2140,0.00012975
2141,0.00012975
2142,0.00012975
2143,0.00012975
2144,0.00012975
2145,0.00012975
2146,0.00012975
2147,0.00012975
2148,0.00012975
2149,0.00012909
2150,0.00012909
2151,0.00012909
2152,0.00012909
2153,0.00012909
2154,0.00012909
2155,0.00012909
2156,0.00012909
2157,0.00012909
2158,0.00012909
2159,0.00012909
2160,0.00012909
2161,0.00012909
2162,0.00012909
2163,0.00012909
2164,0.00012909
2165,0.00012909
2166,0.00012909
2167,0.00012909
2168,0.00012909
2169,0.00012909
2170,0.00012909
2171,0.00012909
2172,0.00012909
2173,0.00012909
2174,0.00012909
2175,0.00012909
2176,0.00012909
2177,0.00012858
2178,0.00012858
2179,0.00012981
2180,0.00012981
2181,0.00012981
2182,0.00012981
2183,0.00012981
2184,0.00012981
2185,0.00012981
2186,0.00012981
2187,0.00012981
2188,0.00012984
2189,0.00012984
2190,0.00012984
2191,0.00012984
2192,0.00012984
2193,0.00012984
2194,0.00012984
2195,0.00012984
2196,0.00012984
2197,0.00012984
2198,0.00012981
2199,0.00012981
2200,0.00012981
2201,0.00012981
2202,0.00012981
2203,0.00012981
2204,0.00012981
2205,0.00012981
2206,0.00012981
2207,0.00012981
2208,0.00012981
2209,0.00013039
2210,0.00013039
2211,0.00013039
2212,0.00012981
2213,0.00013079
2214,0.00013079
2215,0.00013079
2216,0.00013079
2217,0.00013079
2218,0.00013079
2219,0.00013079
2220,0.00013079
2221,0.00013079
2222,0.00013079
2223,0.00013079
2224,0.00013079
2225,0.00013079
2226,0.00013079
2227,0.00013062
2228,0.00013062
2229,0.00013062
2230,0.00013062
2231,0.00013226
2232,0.00013226
2233,0.00013226
2234,0.00013226
2235,0.00013226
2236,0.00013226
2237,0.00013226
2238,0.00013226
2239,0.00013226
2240,0.00013226
2241,0.00013226
2242,0.00013226
2243,0.00013226
2244,0.00013226
2245,0.00013226
2246,0.00013226
2247,0.00013226
2248,0.00013226
2249,0.00013226
2250,0.00013226
2251,0.00013226
2252,0.00013226
2253,0.00013226
2254,0.00013226
2255,0.00013226
2256,0.00013226
2257,0.00013226
2258,0.00013226
2259,0.00013018
2260,0.00013018
2261,0.00013018
2262,0.00013018
2263,0.00013018
2264,0.00013018
2265,0.00013018
2266,0.00013018
2267,0.00013018
2268,0.00013018
2269,0.00013018
2270,0.00013018
2271,0.00013018
2272,0.00013018
2273,0.00013018
2274,0.00013018
2275,0.00013018
2276,0.00013039
2277,0.00013039
2278,0.00013039
2279,0.00013039
2280,0.00013039
2281,0.00013039
2282,0.0001294
2283,0.00012907
2284,0.00012907
2285,0.00012907
2286,0.00012907
2287,0.00012907
2288,0.00012907
2289,0.00012908
2290,0.00012908
2291,0.00012908
2292,0.00012908
2293,0.00012908
2294,0.00012908
2295,0.00012908
2296,0.00012908
2297,0.00012908
2298,0.00012908
2299,0.00012908
2300,0.00012925
2301,0.00012925
2302,0.00012925
2303,0.00012925
2304,0.00012925
2305,0.00012925
2306,0.00012916
2307,0.00012916
2308,0.00012916
2309,0.00012916
2310,0.00012916
2311,0.00012916
2312,0.00012916
2313,0.00012916
2314,0.00012916
2315,0.0001294
2316,0.00012943
2317,0.00012943
2318,0.00012943
2319,0.00012943
2320,0.00012943
2321,0.00012943
2322,0.00012943
2323,0.00012943
2324,0.00012943
2325,0.00012943
2326,0.00012943
2327,0.00012943
2328,0.00012943
2329,0.00012943
2330,0.00012943
2331,0.00012943
2332,0.00012943
2333,0.00012943
2334,0.00012943
2335,0.00012943
2336,0.00012943
2337,0.00012943
2338,0.00012943
2339,0.00012943
2340,0.00012943
2341,0.00012943
2342,0.00012943
2343,0.00012943
2344,0.00012943
2345,0.00012943
2346,0.00012943
2347,0.00012943
2348,0.00012943
2349,0.00012943
2350,0.00012943
2351,0.00012943
2352,0.00012943
2353,0.00012943
2354,0.00012943
2355,0.00012943
2356,0.00012943
2357,0.00012943
2358,0.00012943
2359,0.00012943
2360,0.00012943
2361,0.00012943
2362,0.00013164
2363,0.00013164
2364,0.00013164
2365,0.00013164
2366,0.00013164
2367,0.00013164
2368,0.00012967
2369,0.00012967
2370,0.00012967
2371,0.00012967
2372,0.00012978
2373,0.0001298
2374,0.0001298
2375,0.0001298
2376,0.0001298
2377,0.00013211
2378,0.00013225
2379,0.00013225
2380,0.00013225
2381,0.00013225
2382,0.00013012
2383,0.00013016
2384,0.00013016
2385,0.00013016
2386,0.00013016
2387,0.00013016
2388,0.00013016
2389,0.00013019
2390,0.00013019
2391,0.00013019
2392,0.00013019
2393,0.00013019
2394,0.00013019
2395,0.00013019
2396,0.00013019
2397,0.00013019
2398,0.00013019
2399,0.00013019
2400,0.00013019
2401,0.00013019
2402,0.00013019
2403,0.00013019
2404,0.00013019
2405,0.00013019
2406,0.00013019
2407,0.00013019
2408,0.00013019
2409,0.00013019
2410,0.00013019
2411,0.00013019
2412,0.00013019
2413,0.00013019
2414,0.00013019
2415,0.00013019
2416,0.00013019
2417,0.00013019
2418,0.00013019
2419,0.00013019
2420,0.00013019
2421,0.00013019
2422,0.00013019
2423,0.00013019
2424,0.00013019
2425,0.00013019
2426,0.00013019
2427,0.00013019
2428,0.00013019
2429,0.00013
2430,0.00013
2431,0.00013
2432,0.00013118
2433,0.00013004
2434,0.00013004
2435,0.00013004
2436,0.00013004
2437,0.00013004
2438,0.00013004
2439,0.00013004
2440,0.00013004
2441,0.00013004
2442,0.00013004
2443,0.00013004
2444,0.00013004
2445,0.00013004
2446,0.00013004
2447,0.00013004
2448,0.00013059
2449,0.00013059
2450,0.00013059
2451,0.00013059
2452,0.00013059
2453,0.00013059
2454,0.00013059
2455,0.00013059
2456,0.00012964
2457,0.00012964
2458,0.00012956
2459,0.00012956
2460,0.00012956
2461,0.00012956
2462,0.00012956
2463,0.00012956
2464,0.00012956
2465,0.00012956
2466,0.00012956
2467,0.00012956
2468,0.00012956
2469,0.00012956
2470,0.00012956
2471,0.00012956
2472,0.00012956
2473,0.00012956
2474,0.00012956
2475,0.00012964
2476,0.00012964
2477,0.00012964
2478,0.00012964
2479,0.00012964
2480,0.00012964
2481,0.00012964
2482,0.00012964
2483,0.00012964
2484,0.00012964
2485,0.00012964
2486,0.00012964
2487,0.00012964
2488,0.00012964
2489,0.00012964
2490,0.00012964
2491,0.00012964
2492,0.00012964
2493,0.00012964
2494,0.00012964
2495,0.00012964
2496,0.00013066
2497,0.00013066
2498,0.00013066
2499,0.00013066
2500,0.00013066
2501,0.00013066
2502,0.00013066
2503,0.00013066
2504,0.00013066
2505,0.00013066
2506,0.00013064
2507,0.00013064
2508,0.00013064
2509,0.00013064
2510,0.00013064
2511,0.00013064
2512,0.00013064
2513,0.00013064
2514,0.00013064
2515,0.00013064
2516,0.00013064
2517,0.00013064
2518,0.00013064
2519,0.00013064
2520,0.00013064
2521,0.00013064
2522,0.00013064
2523,0.00013064
2524,0.00013064
2525,0.00013064
2526,0.00013064
2527,0.00013064
2528,0.00013064
2529,0.00013064
2530,0.00013064
2531,0.00013064
2532,0.00013064
2533,0.00013064
2534,0.00013064
2535,0.00013064
2536,0.00013064
2537,0.00013064
2538,0.00013064
2539,0.00013064
2540,0.00013064
2541,0.00013064
2542,0.00013064
2543,0.00013064
2544,0.00013084
2545,0.00013084
2546,0.00013084
2547,0.00013084
2548,0.00013084
2549,0.00013084
2550,0.00013084
2551,0.00013084
2552,0.00013084
2553,0.00013084
2554,0.00013013
2555,0.00013013
2556,0.00013013
2557,0.00013013
2558,0.00013013
2559,0.00013013
2560,0.00013013
2561,0.00013013
2562,0.00013013
2563,0.00013013
2564,0.00013013
2565,0.00013013
2566,0.00013013
2567,0.00013013
2568,0.00013013
2569,0.00013013
2570,0.00013013
2571,0.00013013
2572,0.00013013
2573,0.00013013
2574,0.00013013
2575,0.00013013
2576,0.00013013
2577,0.00013013
2578,0.00013013
2579,0.00013013
2580,0.00013013
2581,0.00013013
2582,0.00013013
2583,0.00013013
2584,0.00013013
2585,0.00013013
2586,0.00013013
2587,0.00013013
2588,0.00013013
2589,0.00013013
2590,0.00013013
2591,0.00013013
2592,0.00013013
2593,0.00013013
2594,0.00013013
2595,0.00013013
2596,0.00013013
2597,0.00013013
2598,0.00013013
2599,0.00013013
2600,0.00013013
2601,0.00013119
2602,0.00013119
2603,0.00013119
2604,0.00013119
2605,0.00013119
2606,0.00013119
2607,0.00013119
2608,0.00013119
2609,0.00013105
2610,0.00013105
2611,0.00013105
2612,0.00013105
2613,0.00013105
2614,0.00013055
2615,0.00013055
2616,0.00013055
2617,0.00013055
2618,0.00013055
2619,0.00013055
2620,0.00013055
2621,0.00012951
2622,0.0001295
2623,0.0001295
2624,0.0001295
2625,0.0001295
2626,0.0001295
2627,0.0001295
2628,0.0001295
2629,0.0001295
2630,0.0001295
2631,0.0001295
2632,0.0001295
2633,0.0001295
2634,0.0001295
2635,0.00012951
2636,0.00012951
2637,0.00012951
2638,0.00013201
2639,0.00013201
2640,0.00013201
2641,0.00013201
2642,0.00013201
2643,0.00013201
2644,0.00013201
2645,0.00013201
2646,0.00013201
2647,0.00013201
2648,0.00013201
2649,0.00013201
2650,0.00013201
2651,0.00013201
2652,0.00013201
2653,0.00013201
2654,0.00013201
2655,0.00013201
2656,0.00013201
2657,0.00013201
2658,0.00013201
2659,0.00013201
2660,0.00013201
2661,0.00013201
2662,0.00013201
2663,0.00013201
2664,0.00013201
2665,0.00013201
2666,0.00013201
2667,0.00013201
2668,0.00013201
2669,0.00013201
2670,0.00013201
2671,0.00013201
2672,0.00013201
2673,0.00013201
2674,0.00013201
2675,0.00013201
2676,0.00013201
2677,0.00013013
2678,0.00013013
2679,0.00013013
2680,0.00013013
2681,0.00013013
2682,0.00013185
2683,0.00013185
2684,0.00013185
2685,0.00013185
2686,0.00013185
2687,0.00013185
2688,0.00013185
2689,0.0001303
2690,0.0001303
2691,0.0001303
2692,0.0001303
2693,0.0001303
2694,0.0001303
2695,0.0001303
2696,0.0001303
2697,0.0001303
2698,0.0001303
2699,0.0001303
2700,0.0001303
2701,0.0001303
2702,0.0001303
2703,0.0001303
2704,0.0001303
2705,0.0001303
2706,0.0001303
2707,0.0001303
2708,0.0001303
2709,0.0001303
2710,0.0001303
2711,0.0001303
2712,0.0001303
2713,0.0001303
2714,0.0001303
2715,0.0001303
2716,0.0001303
2717,0.0001303
2718,0.0001303
2719,0.00013152
2720,0.00013152
2721,0.00013152
2722,0.00013152
2723,0.00013152
2724,0.00012974
2725,0.00012974
2726,0.00012974
2727,0.00012974
2728,0.00012974
2729,0.00012974
2730,0.00012974
2731,0.00012974
2732,0.00012974
2733,0.00012974
2734,0.00012974
2735,0.00012974
2736,0.00012974
2737,0.00012974
2738,0.00012974
2739,0.00012974
2740,0.00012974
2741,0.00012974
2742,0.00012974
2743,0.00012974
2744,0.00012974
2745,0.00012974
2746,0.00012974
2747,0.00012974
2748,0.00012974
2749,0.00012974
2750,0.00012974
2751,0.00012974
2752,0.00012974
2753,0.00012974
2754,0.00012974
2755,0.0001294
2756,0.0001294
2757,0.0001294
2758,0.0001294
2759,0.0001294
2760,0.0001294
2761,0.0001294
2762,0.0001294
2763,0.0001294
2764,0.0001294
2765,0.0001294
2766,0.0001294
2767,0.0001294
2768,0.00012974
2769,0.00012974
2770,0.00012974
2771,0.00012974
2772,0.00012974
2773,0.00012974
2774,0.00012974
2775,0.00012974
2776,0.00012974
2777,0.00012974
2778,0.00012974
2779,0.00012974
2780,0.00012974
2781,0.00012974
2782,0.00012974
2783,0.00012974
2784,0.00012974
2785,0.00012974
2786,0.00012974
2787,0.00013124
2788,0.00013124
2789,0.00013124
2790,0.00013124
2791,0.00013124
2792,0.00013124
2793,0.00013124
2794,0.00013124
2795,0.00013124
2796,0.00013124
2797,0.00013124
2798,0.00013124
2799,0.00013124
2800,0.00013124
2801,0.00013124
2802,0.00013124
2803,0.00013124
2804,0.00013124
2805,0.00013124
2806,0.00013124
2807,0.00013124
2808,0.00013124
2809,0.00013124
2810,0.00013124
2811,0.00013124
2812,0.00013124
2813,0.00013124
2814,0.00013124
2815,0.00013124
2816,0.00013124
2817,0.00013124
2818,0.00013124
2819,0.00013124
2820,0.00013124
2821,0.00013124
2822,0.00013124
2823,0.00013124
2824,0.00013124
2825,0.00013124
2826,0.00013124
2827,0.00013124
2828,0.00013124
2829,0.00013124
2830,0.00013124
2831,0.00013124
2832,0.00013
2833,0.00013
2834,0.00013
2835,0.00013
2836,0.00013
2837,0.00013
2838,0.00013
2839,0.00013
2840,0.00013
2841,0.00013
2842,0.00013
2843,0.00013
2844,0.00013
2845,0.00013
2846,0.00013
2847,0.00013
2848,0.00012925
2849,0.00012925
2850,0.00012925
2851,0.00012925
2852,0.00012925
2853,0.00013085
2854,0.00013085
2855,0.00013085
2856,0.00013085
2857,0.00012929
2858,0.00012929
2859,0.00012929
2860,0.00012929
2861,0.00012929
2862,0.00012929
2863,0.00012929
2864,0.00012929
2865,0.00012929
2866,0.00012929
2867,0.00012929
2868,0.00012929
2869,0.00012929
2870,0.00012929
2871,0.00012929
2872,0.00012929
2873,0.00012929
2874,0.00012929
2875,0.00012929
2876,0.00012929
2877,0.00012929
2878,0.00012929
2879,0.00012929
2880,0.00012929
2881,0.00012929
2882,0.00012929
2883,0.00012929
2884,0.00012929
2885,0.00012929
2886,0.00013092
2887,0.00013092
2888,0.00013092
2889,0.00013092
2890,0.00012926
2891,0.00012926
2892,0.00012926
2893,0.00012926
2894,0.00012926
2895,0.00012926
2896,0.00012926
2897,0.00012926
2898,0.00012926
2899,0.00012926
2900,0.00012926
2901,0.00012926
2902,0.00012926
2903,0.00012926
2904,0.00012926
2905,0.00012926
2906,0.00012926
2907,0.00012926
2908,0.00012926
2909,0.00012926
2910,0.00012926
2911,0.00012926
2912,0.00012926
2913,0.00012926
2914,0.00012926
2915,0.00012926
2916,0.00012926
2917,0.00012926
2918,0.00012926
2919,0.00012925
2920,0.00012925
2921,0.00012925
2922,0.00012925
2923,0.00012925
2924,0.00012925
2925,0.00012925
2926,0.00012925
2927,0.00012925
2928,0.00012925
2929,0.00012925
2930,0.00012925
2931,0.00012925
2932,0.00012925
2933,0.00012925
2934,0.00012925
2935,0.00012925
2936,0.00012925
2937,0.00012925
2938,0.00012925
2939,0.00012925
2940,0.00012925
2941,0.00012925
2942,0.00012925
2943,0.00012925
2944,0.00012925
2945,0.00012925
2946,0.00012925
2947,0.00012925
2948,0.00012925
2949,0.00012925
2950,0.00012925
2951,0.00012925
2952,0.00012925
2953,0.00012925
2954,0.00012925
2955,0.00012851
2956,0.00012851
2957,0.00012851
2958,0.00012851
2959,0.00012851
2960,0.00012851
2961,0.00012851
2962,0.00012851
2963,0.00012851
2964,0.00012851
2965,0.00012851
2966,0.00012851
2967,0.0001286
2968,0.0001286
2969,0.0001286
2970,0.0001286
2971,0.0001286
2972,0.0001286
2973,0.0001286
2974,0.0001286
2975,0.0001286
2976,0.0001286
2977,0.00012983
2978,0.00012983
2979,0.00012983
2980,0.00012983
2981,0.00012983
2982,0.00012983
2983,0.00012983
2984,0.00012983
2985,0.00012983
2986,0.00012983
2987,0.00012983
2988,0.00012983
2989,0.00012983
2990,0.00012983
2991,0.00012983
2992,0.00012983
2993,0.00012983
2994,0.00012983
2995,0.00012983
2996,0.00012983
2997,0.00012983
2998,0.00012983
2999,0.00012983
3000,0.00012983
3001,0.00012983
3002,0.00012983
3003,0.00012983
3004,0.00012983
3005,0.00012983
3006,0.00012983
3007,0.00012983
3008,0.00012983
3009,0.00012983
3010,0.00012983
3011,0.00013012
3012,0.00013012
3013,0.00013012
3014,0.00013012
3015,0.00013012
3016,0.00013012
3017,0.00013012
3018,0.00013012
3019,0.00013012
3020,0.00013012
3021,0.00013012
3022,0.00013012
3023,0.00013012
3024,0.00013012
3025,0.00013012
3026,0.00013012
3027,0.00012866
3028,0.00012866
3029,0.00012873
3030,0.00012873
3031,0.00012876
3032,0.00012875
3033,0.00012875
3034,0.00012875
3035,0.00012875
3036,0.00012875
3037,0.00012875
3038,0.00012875
3039,0.00012875
3040,0.00012875
3041,0.00012875
3042,0.0001285
3043,0.00012795
3044,0.000128
3045,0.00012844
3046,0.00012844
3047,0.00012844
3048,0.00012844
3049,0.00012844
3050,0.00012844
3051,0.00012844
3052,0.00012844
3053,0.00012844
3054,0.00012844
3055,0.00012844
3056,0.00012844
3057,0.00012844
3058,0.00012838
3059,0.00012837
3060,0.00012837
3061,0.00012837
3062,0.00012837
3063,0.00012837
3064,0.00012837
3065,0.00012837
3066,0.00012837
3067,0.00012837
3068,0.00012837
3069,0.00012837
3070,0.00012837
3071,0.00012837
3072,0.00012837
3073,0.00012837
3074,0.00012837
3075,0.00012793
3076,0.00012791
3077,0.0001279
3078,0.0001279
3079,0.0001279
3080,0.0001279
3081,0.0001279
3082,0.0001279
3083,0.00012791
3084,0.00012791
3085,0.00012791
3086,0.00012791
3087,0.00012791
3088,0.00012791
3089,0.00012791
3090,0.0001273
3091,0.0001273
3092,0.0001273
3093,0.0001273
3094,0.0001273
3095,0.0001273
3096,0.0001273
3097,0.00012838
3098,0.00012838
3099,0.0001273
3100,0.000127
3101,0.000127
3102,0.000127
3103,0.00012642
3104,0.00012642
3105,0.0001265
3106,0.0001265
3107,0.0001265
3108,0.00012826
3109,0.00012826
3110,0.00012815
3111,0.00012815
3112,0.00012815
3113,0.00012651
3114,0.00012651
3115,0.00012651
3116,0.00012651
3117,0.00012651
3118,0.00012782
3119,0.00012782
3120,0.00012782
3121,0.0001265
3122,0.0001265
3123,0.0001265
3124,0.00012759
3125,0.00012759
3126,0.00012759
3127,0.00012759
3128,0.0001265
3129,0.0001265
3130,0.0001265
3131,0.0001265
3132,0.0001265
3133,0.0001265
3134,0.0001265
3135,0.0001265
3136,0.0001265
3137,0.0001265
3138,0.0001265
3139,0.0001273
3140,0.0001273
3141,0.0001273
3142,0.0001273
3143,0.0001273
3144,0.0001273
3145,0.0001273
3146,0.0001273
3147,0.0001273
3148,0.0001273
3149,0.0001273
3150,0.0001273
3151,0.0001273
3152,0.0001277
3153,0.0001277
3154,0.0001277
3155,0.0001277
3156,0.0001277
3157,0.0001277
3158,0.0001277
3159,0.0001277
3160,0.0001277
3161,0.0001277
3162,0.0001277
3163,0.0001277
3164,0.0001277
3165,0.00012737
3166,0.00012737
3167,0.00012737
3168,0.00012737
3169,0.00012737
3170,0.00012737
3171,0.00012737
3172,0.00012737
3173,0.00012737
3174,0.00012737
3175,0.00012747
3176,0.00012747
3177,0.00012761
3178,0.00012761
3179,0.00012761
3180,0.00012761
3181,0.00012761
3182,0.00012761
3183,0.00012761
3184,0.00012761
3185,0.00012761
3186,0.00012761
3187,0.00012761
3188,0.00012761
3189,0.00012761
3190,0.00012761
3191,0.00012761
3192,0.00012761
3193,0.00012761
3194,0.00012761
3195,0.00012761
3196,0.00012761
3197,0.00012761
3198,0.00012761
3199,0.00012761
3200,0.00012761
3201,0.00012761
3202,0.00012761
3203,0.00012715
3204,0.00012715
3205,0.00012715
3206,0.00012715
3207,0.00012715
3208,0.00012715
3209,0.00012715
3210,0.00012715
3211,0.00012715
3212,0.00012715
3213,0.00012715
3214,0.00012715
3215,0.00012715
3216,0.00012717
3217,0.00012717
3218,0.00012717
3219,0.00012717
3220,0.00012717
3221,0.00012717
3222,0.00012717
3223,0.00012717
3224,0.00012717
3225,0.00012717
3226,0.00012717
3227,0.00012717
3228,0.00012717
3229,0.00012717
3230,0.00012717
3231,0.00012701
3232,0.00012701
3233,0.00012701
3234,0.00012701
3235,0.00012701
3236,0.00012701
3237,0.00012701
3238,0.00012701
3239,0.00012701
3240,0.00012701
3241,0.00012701
3242,0.00012701
3243,0.00012723
3244,0.00012723
3245,0.00012723
3246,0.00012711
3247,0.00012711
3248,0.00012711
3249,0.00012711
3250,0.00012689
3251,0.000126
3252,0.000126
3253,0.000126
3254,0.000126
3255,0.000126
3256,0.000126
3257,0.000126
3258,0.000126
3259,0.000126
3260,0.000126
3261,0.000126
3262,0.000126
3263,0.000126
3264,0.00012682
3265,0.00012581
3266,0.00012583
3267,0.0001264
3268,0.0001264
3269,0.0001264
3270,0.0001264
3271,0.0001264
3272,0.00012635
3273,0.00012635
3274,0.00012635
3275,0.00012635
3276,0.00012635
3277,0.00012579
3278,0.00012579
3279,0.00012579
3280,0.00012579
3281,0.00012579
3282,0.00012579
3283,0.00012579
3284,0.00012579
3285,0.00012579
3286,0.00012579
3287,0.00012579
3288,0.00012579
3289,0.00012579
3290,0.00012579
3291,0.00012579
3292,0.00012579
3293,0.00012579
3294,0.00012579
3295,0.00012579
3296,0.00012579
3297,0.00012579
3298,0.00012579
3299,0.00012579
3300,0.00012579
3301,0.00012579
3302,0.00012579
3303,0.00012579
3304,0.00012579
3305,0.00012579
3306,0.00012581
3307,0.00012581
3308,0.00012581
3309,0.00012581
3310,0.00012581
3311,0.00012581
3312,0.00012603
3313,0.00012603
3314,0.00012603
3315,0.00012603
3316,0.00012629
3317,0.00012583
3318,0.00012583
3319,0.00012583
3320,0.00012583
3321,0.00012583
3322,0.00012583
3323,0.00012583
3324,0.00012583
3325,0.00012583
3326,0.00012583
3327,0.00012583
3328,0.00012583
3329,0.00012583
3330,0.00012583
3331,0.00012583
3332,0.00012583
3333,0.00012583
3334,0.00012583
3335,0.00012583
3336,0.00012583
3337,0.00012583
3338,0.00012583
3339,0.00012583
3340,0.00012583
3341,0.00012583
3342,0.00012583
3343,0.00012583
3344,0.00012583
3345,0.00012626
3346,0.00012626
3347,0.00012626
3348,0.00012626
3349,0.00012626
3350,0.00012626
3351,0.00012626
3352,0.00012626
3353,0.00012626
3354,0.00012626
3355,0.00012625
3356,0.00012625
3357,0.00012625
3358,0.00012625
3359,0.00012625
3360,0.00012579
3361,0.00012579
3362,0.00012579
3363,0.00012579
3364,0.00012579
3365,0.00012579
3366,0.00012579
3367,0.00012579
3368,0.00012579
3369,0.00012579
3370,0.00012579
3371,0.00012579
3372,0.00012579
3373,0.00012579
3374,0.00012579
3375,0.00012579
3376,0.00012579
3377,0.00012579
3378,0.00012579
3379,0.00012579
3380,0.00012579
3381,0.00012579
3382,0.00012579
3383,0.00012579
3384,0.00012579
3385,0.00012579
3386,0.00012579
3387,0.00012579
3388,0.00012579
3389,0.00012579
3390,0.00012579
3391,0.00012579
3392,0.00012579
3393,0.00012579
3394,0.00012579
3395,0.00012579
3396,0.00012579
3397,0.00012579
3398,0.00012579
3399,0.00012579
3400,0.00012579
3401,0.00012579
3402,0.00012579
3403,0.00012579
3404,0.00012579
3405,0.00012579
3406,0.00012579
3407,0.00012579
3408,0.00012579
3409,0.00012579
3410,0.00012579
3411,0.00012579
3412,0.00012579
3413,0.00012579
3414,0.00012579
3415,0.00012579
3416,0.00012533
3417,0.00012527
3418,0.00012527
3419,0.00012527
3420,0.00012527
3421,0.00012527
3422,0.00012527
3423,0.00012527
3424,0.00012527
3425,0.0001259
3426,0.0001259
3427,0.0001259
3428,0.0001259
3429,0.0001259
3430,0.0001259
3431,0.0001259
3432,0.0001259
3433,0.0001259
3434,0.0001259
3435,0.0001259
3436,0.0001259
3437,0.0001259
3438,0.0001256
3439,0.0001256
3440,0.0001256
3441,0.0001256
3442,0.0001256
3443,0.0001256
3444,0.0001256
3445,0.0001256
3446,0.0001256
3447,0.0001256
3448,0.0001256
3449,0.0001256
3450,0.0001256
3451,0.0001256
3452,0.0001256
3453,0.0001256
3454,0.0001256
3455,0.0001256
3456,0.0001256
3457,0.0001256
3458,0.0001256
3459,0.0001256
3460,0.0001256
3461,0.0001256
3462,0.0001256
3463,0.00012529
3464,0.00012529
3465,0.00012529
3466,0.00012527
3467,0.00012527
3468,0.00012527
3469,0.00012527
3470,0.00012527
3471,0.00012527
3472,0.00012527
3473,0.00012527
3474,0.00012527
3475,0.00012527
3476,0.00012527
3477,0.00012527
3478,0.00012527
3479,0.00012527
3480,0.00012527
3481,0.00012527
3482,0.00012527
3483,0.00012527
3484,0.00012527
3485,0.00012527
3486,0.00012544
3487,0.00012544
3488,0.00012544
3489,0.00012544
3490,0.00012544
3491,0.00012525
3492,0.00012527
3493,0.00012503
3494,0.00012503
3495,0.00012505
3496,0.00012505
3497,0.00012505
3498,0.00012505
3499,0.00012505
3500,0.00012505
3501,0.00012505
3502,0.00012505
3503,0.00012505
3504,0.00012505
3505,0.00012505
3506,0.00012505
3507,0.00012507
3508,0.00012507
3509,0.00012507
3510,0.00012507
3511,0.00012507
3512,0.00012507
3513,0.00012507
3514,0.00012507
3515,0.00012507
3516,0.00012503
3517,0.00012503
3518,0.00012503
3519,0.00012503
3520,0.00012503
3521,0.00012503
3522,0.00012503
3523,0.00012503
3524,0.00012503
3525,0.00012503
3526,0.00012503
3527,0.00012503
3528,0.00012503
3529,0.00012503
3530,0.00012503
3531,0.00012503
3532,0.00012503
3533,0.00012527
3534,0.00012527
3535,0.00012527
3536,0.00012527
3537,0.00012527
3538,0.00012527
3539,0.00012527
3540,0.00012527
3541,0.00012527
3542,0.00012527
3543,0.00012527
3544,0.00012527
3545,0.00012527
3546,0.00012527
3547,0.00012527
3548,0.00012527
3549,0.00012527
3550,0.00012527
3551,0.00012527
3552,0.00012527
3553,0.00012527
3554,0.00012527
3555,0.00012527
3556,0.00012527
3557,0.00012507
3558,0.00012507
3559,0.00012507
3560,0.00012507
3561,0.00012507
3562,0.00012507
3563,0.00012507
3564,0.00012507
3565,0.00012507
3566,0.00012507
3567,0.00012507
3568,0.00012507
3569,0.00012507
3570,0.00012507
3571,0.00012507
3572,0.00012507
3573,0.00012507
3574,0.00012507
3575,0.00012507
3576,0.00012507
3577,0.00012507
3578,0.00012507
3579,0.00012507
3580,0.00012507
3581,0.00012507
3582,0.00012507
3583,0.00012507
3584,0.00012507
3585,0.00012507
3586,0.00012507
3587,0.00012507
3588,0.00012527
3589,0.00012527
3590,0.00012527
3591,0.00012527
3592,0.00012527
3593,0.00012527
3594,0.00012541
3595,0.00012541
3596,0.00012527
3597,0.000125
3598,0.000125
3599,0.000125
3600,0.000125
3601,0.000125
3602,0.00012499
3603,0.00012499
3604,0.00012499
3605,0.00012499
3606,0.00012499
3607,0.00012499
3608,0.00012499
3609,0.00012499
3610,0.00012499
3611,0.00012499
3612,0.0001248
3613,0.0001248
3614,0.0001248
3615,0.00012499
3616,0.00012499
3617,0.00012499
3618,0.00012499
3619,0.00012499
3620,0.00012499
3621,0.00012499
3622,0.00012499
3623,0.00012499
3624,0.00012401
3625,0.00012382
3626,0.00012496
3627,0.00012496
3628,0.00012496
3629,0.00012496
3630,0.00012496
3631,0.00012496
3632,0.00012496
3633,0.00012496
3634,0.00012496
3635,0.00012496
3636,0.00012496
3637,0.00012496
3638,0.00012496
3639,0.00012496
3640,0.00012496
3641,0.00012496
3642,0.00012496
3643,0.00012496
3644,0.00012496
3645,0.00012496
3646,0.00012496
3647,0.00012496
3648,0.00012496
3649,0.00012496
3650,0.00012496
3651,0.00012496
3652,0.00012496
3653,0.00012496
3654,0.00012494
3655,0.00012494
3656,0.00012494
3657,0.00012494
3658,0.00012494
3659,0.00012494
3660,0.00012494
3661,0.00012494
3662,0.00012494
3663,0.00012494
3664,0.00012494
3665,0.00012494
3666,0.00012494
3667,0.00012494
3668,0.00012494
3669,0.00012494
3670,0.00012494
3671,0.00012494
3672,0.00012494
3673,0.00012494
3674,0.00012494
3675,0.00012494
3676,0.00012494
3677,0.00012494
3678,0.00012494
3679,0.00012494
3680,0.00012494
3681,0.00012494
3682,0.00012494
3683,0.00012494
3684,0.00012494
3685,0.00012444
3686,0.00012444
3687,0.00012444
3688,0.00012444
3689,0.00012444
3690,0.00012444
3691,0.00012444
3692,0.00012444
3693,0.00012444
3694,0.00012444
3695,0.00012444
3696,0.00012444
3697,0.00012444
3698,0.00012444
3699,0.00012444
3700,0.00012444
3701,0.00012444
3702,0.00012444
3703,0.00012444
3704,0.00012444
3705,0.00012444
3706,0.00012444
3707,0.00012444
3708,0.00012444
3709,0.00012444
3710,0.00012444
3711,0.00012444
3712,0.00012444
3713,0.00012444
3714,0.00012444
3715,0.00012444
3716,0.00012444
3717,0.00012444
3718,0.00012444
3719,0.00012444
3720,0.00012444
3721,0.00012444
3722,0.00012444
3723,0.00012444
3724,0.00012444
3725,0.00012444
3726,0.00012444
3727,0.00012444
3728,0.00012444
3729,0.00012444
3730,0.00012444
3731,0.00012444
3732,0.00012444
3733,0.00012444
3734,0.00012444
3735,0.00012444
3736,0.00012444
3737,0.00012444
3738,0.00012444
3739,0.00012444
3740,0.00012384
3741,0.00012384
3742,0.00012384
3743,0.00012384
3744,0.00012384
3745,0.00012384
3746,0.00012384
3747,0.00012384
3748,0.00012384
3749,0.00012384
3750,0.00012384
3751,0.00012384
3752,0.00012384
3753,0.00012384
3754,0.00012384
3755,0.00012384
3756,0.00012384
3757,0.00012384
3758,0.00012384
3759,0.00012384
3760,0.00012384
3761,0.00012384
3762,0.00012384
3763,0.00012384
3764,0.00012384
3765,0.00012445
3766,0.00012445
3767,0.00012445
3768,0.00012445
3769,0.00012445
3770,0.00012445
3771,0.00012449
3772,0.00012449
3773,0.00012449
3774,0.00012449
3775,0.00012449
3776,0.00012449
3777,0.00012449
3778,0.00012449
3779,0.00012449
3780,0.00012449
3781,0.00012449
3782,0.00012449
3783,0.00012449
3784,0.00012449
3785,0.00012449
3786,0.00012449
3787,0.00012449
3788,0.00012449
3789,0.00012449
3790,0.00012449
3791,0.00012449
3792,0.00012449
3793,0.00012449
3794,0.00012449
3795,0.00012449
3796,0.00012449
3797,0.00012449
3798,0.00012449
3799,0.00012449
3800,0.00012449
3801,0.00012449
3802,0.00012449
3803,0.00012449
3804,0.00012449
3805,0.00012449
3806,0.00012449
3807,0.00012449
3808,0.00012449
3809,0.00012449
3810,0.00012449
3811,0.00012449
3812,0.00012449
3813,0.00012449
3814,0.00012449
3815,0.00012449
3816,0.00012449
3817,0.000125
3818,0.000125
3819,0.000125
3820,0.000125
3821,0.00012449
3822,0.00012449
3823,0.00012449
3824,0.00012449
3825,0.00012449
3826,0.00012449
3827,0.00012449
3828,0.00012449
3829,0.00012449
3830,0.00012449
3831,0.00012449
3832,0.00012449
3833,0.00012449
3834,0.00012449
3835,0.00012449
3836,0.00012449
3837,0.00012449
3838,0.00012493
3839,0.00012493
3840,0.00012493
3841,0.00012493
3842,0.00012493
3843,0.00012493
3844,0.00012493
3845,0.00012493
3846,0.00012493
3847,0.00012493
3848,0.0001238
3849,0.0001238
3850,0.0001238
3851,0.0001238
3852,0.0001238
3853,0.0001238
3854,0.0001238
3855,0.00012381
3856,0.0001238
3857,0.0001238
3858,0.0001238
3859,0.0001238
3860,0.0001238
3861,0.0001238
3862,0.0001238
3863,0.0001238
3864,0.0001238
3865,0.0001238
3866,0.0001238
3867,0.0001238
3868,0.0001238
3869,0.0001238
3870,0.00012476
3871,0.00012476
3872,0.00012476
3873,0.00012476
3874,0.00012476
3875,0.00012476
3876,0.00012476
3877,0.00012476
3878,0.00012476
3879,0.00012476
3880,0.00012487
3881,0.00012487
3882,0.00012487
3883,0.00012487
3884,0.00012487
3885,0.00012487
3886,0.00012487
3887,0.00012487
3888,0.00012487
3889,0.00012487
3890,0.00012487
3891,0.00012487
3892,0.00012487
3893,0.00012487
3894,0.00012487
3895,0.00012487
3896,0.00012487
3897,0.00012487
3898,0.00012487
3899,0.00012487
3900,0.00012487
3901,0.00012526
3902,0.00012526
3903,0.00012526
3904,0.00012526
3905,0.00012526
3906,0.00012526
3907,0.0001249
3908,0.0001249
3909,0.0001249
3910,0.0001249
3911,0.0001249
3912,0.0001249
3913,0.0001249
3914,0.0001249
3915,0.0001249
3916,0.0001249
3917,0.0001249
3918,0.0001249
3919,0.0001249
3920,0.0001249
3921,0.0001249
3922,0.0001249
3923,0.0001249
3924,0.0001249
3925,0.0001249
3926,0.0001249
3927,0.0001249
3928,0.0001249
3929,0.0001249
3930,0.0001249
3931,0.0001249
3932,0.0001249
3933,0.0001249
3934,0.0001249
3935,0.0001249
3936,0.0001249
3937,0.0001249
3938,0.00012381
3939,0.00012381
3940,0.00012381
3941,0.00012381
3942,0.00012381
3943,0.00012381
3944,0.00012381
3945,0.00012381
3946,0.00012381
3947,0.0001238
3948,0.0001238
3949,0.0001238
3950,0.0001238
3951,0.0001238
3952,0.0001238
3953,0.0001238
3954,0.0001238
3955,0.0001238
3956,0.0001238
3957,0.0001238
3958,0.0001238
3959,0.0001238
3960,0.0001238
3961,0.0001238
3962,0.0001238
3963,0.0001238
3964,0.0001238
3965,0.0001238
3966,0.0001238
3967,0.00012381
3968,0.00012381
3969,0.00012381
3970,0.00012381
3971,0.00012381
3972,0.00012381
3973,0.00012381
3974,0.00012381
3975,0.00012381
3976,0.00012381
3977,0.00012381
3978,0.00012381
3979,0.00012381
3980,0.00012381
3981,0.00012382
3982,0.00012382
3983,0.00012451
3984,0.00012451
3985,0.00012451
3986,0.00012451
3987,0.00012451
3988,0.00012451
3989,0.00012451
3990,0.00012451
3991,0.00012451
3992,0.00012381
3993,0.00012381
3994,0.00012451
3995,0.00012451
3996,0.00012451
3997,0.00012451
3998,0.00012451
3999,0.00012451
4000,0.00012451
4001,0.00012451
4002,0.00012451
4003,0.00012451
4004,0.00012451
4005,0.00012451
4006,0.00012451
4007,0.00012451
4008,0.00012451
4009,0.00012451
4010,0.00012451
4011,0.00012451
4012,0.00012451
4013,0.00012381
4014,0.00012381
4015,0.00012381
4016,0.00012381
4017,0.00012381
4018,0.0001238
4019,0.0001238
4020,0.0001238
4021,0.00012379
4022,0.00012379
4023,0.0001238
4024,0.0001238
4025,0.000123
4026,0.000123
4027,0.000123
4028,0.000123
4029,0.000123
4030,0.000123
4031,0.000123
4032,0.000123
4033,0.000123
4034,0.000123
4035,0.000123
4036,0.000123
4037,0.000123
4038,0.000123
4039,0.000123
4040,0.000123
4041,0.000123
4042,0.000123
4043,0.000123
4044,0.000123
4045,0.000123
4046,0.000123
4047,0.000123
4048,0.000123
4049,0.000123
4050,0.000123
4051,0.00012263
4052,0.00012263
4053,0.00012263
4054,0.00012263
4055,0.00012288
4056,0.00012263
4057,0.00012263
4058,0.0001223
4059,0.0001223
4060,0.0001223
4061,0.00012312
4062,0.0001223
4063,0.0001223
4064,0.0001223
4065,0.0001223
4066,0.0001222
4067,0.000122
4068,0.000122
4069,0.0001212
4070,0.00012222
4071,0.00012222
4072,0.00012222
4073,0.00012222
4074,0.00012222
4075,0.00012222
4076,0.00012222
4077,0.00012222
4078,0.00012222
4079,0.00012222
4080,0.00012222
4081,0.00012222
4082,0.00012222
4083,0.00012222
4084,0.00012222
4085,0.00012222
4086,0.00012222
4087,0.00012222
4088,0.00012222
4089,0.00012222
4090,0.00012222
4091,0.00012199
4092,0.00012199
4093,0.00012199
4094,0.00012199
4095,0.00012199
4096,0.00012199
4097,0.00012219
4098,0.0001211
4099,0.0001211
4100,0.0001211
4101,0.0001211
4102,0.0001211
4103,0.0001211
4104,0.0001211
4105,0.0001211
4106,0.0001211
4107,0.0001211
4108,0.0001211
4109,0.0001211
4110,0.0001211
4111,0.0001211
4112,0.000121
4113,0.000121
4114,0.000121
4115,0.000121
4116,0.000121
4117,0.000121
4118,0.000121
4119,0.00012063
4120,0.00012042
4121,0.00012042
4122,0.00012042
4123,0.00012042
4124,0.00012042
4125,0.00012042
4126,0.00012042
4127,0.00012042
4128,0.00012042
4129,0.00012042
4130,0.00012042
4131,0.00012042
4132,0.00012042
4133,0.00012042
4134,0.00012042
4135,0.00012042
4136,0.00012042
4137,0.00012042
4138,0.0001211
4139,0.00012092
4140,0.00012092
4141,0.00012092
4142,0.00012092
4143,0.00012092
4144,0.00012092
4145,0.00012092
4146,0.00012043
4147,0.00012043
4148,0.00012
4149,0.00012
4150,0.00012092
4151,0.00012092
4152,0.00012092
4153,0.00012001
4154,0.00012001
4155,0.00012001
4156,0.00012001
4157,0.00012
4158,0.00012
4159,0.00012
4160,0.00012
4161,0.00012
4162,0.00012
4163,0.00012092
4164,0.00012
4165,0.00011814
4166,0.00011801
4167,0.00011801
4168,0.00011801
4169,0.00011801
4170,0.00011801
4171,0.00011801
4172,0.00011801
4173,0.00011801
4174,0.00011801
4175,0.00011802
4176,0.00011802
4177,0.00011801
4178,0.00011801
4179,0.00011801
4180,0.00011801
4181,0.00011801
4182,0.00011801
4183,0.00011801
4184,0.00011801
4185,0.000118
4186,0.000118
4187,0.00011749
4188,0.00011749
4189,0.00011749
4190,0.00011749
4191,0.00011563
4192,0.00011748
4193,0.00011748
4194,0.00011724
4195,0.00011724
4196,0.00011701
4197,0.000117
4198,0.000117
4199,0.000117
4200,0.000117
4201,0.000117
4202,0.000117
4203,0.000117
4204,0.00011707
4205,0.00011707
4206,0.00011707
4207,0.000117
4208,0.000117
4209,0.000117
4210,0.000117
4211,0.000117
4212,0.000117
4213,0.000117
4214,0.000117
4215,0.000117
4216,0.000117
4217,0.000116
4218,0.00011564
4219,0.00011564
4220,0.00011566
4221,0.00011566
4222,0.00011566
4223,0.00011566
4224,0.0001158
4225,0.0001158
4226,0.0001158
4227,0.0001158
4228,0.0001158
4229,0.0001158
4230,0.0001158
4231,0.0001158
4232,0.00011658
4233,0.00011658
4234,0.00011576
4235,0.00011576
4236,0.00011576
4237,0.00011576
4238,0.00011576
4239,0.00011576
4240,0.00011576
4241,0.00011576
4242,0.00011576
4243,0.00011715
4244,0.00011715
4245,0.00011715
4246,0.00011715
4247,0.00011715
4248,0.00011715
4249,0.00011715
4250,0.00011573
4251,0.0001156
4252,0.0001156
4253,0.0001156
4254,0.0001156
4255,0.00011642
4256,0.00011642
4257,0.00011642
4258,0.00011352
4259,0.00011354
4260,0.00011354
4261,0.000116
4262,0.00011388
4263,0.00011388
4264,0.00011388
4265,0.00011388
4266,0.00011388
4267,0.00011388
4268,0.00011388
4269,0.00011394
4270,0.00011394
4271,0.00011394
4272,0.00011394
4273,0.000113
4274,0.00011309
4275,0.00011303
4276,0.00011303
4277,0.00011303
4278,0.00011303
4279,0.00011576
4280,0.00011576
4281,0.00011576
4282,0.00011576
4283,0.00011576
4284,0.00011563
4285,0.00011562
4286,0.00011559
4287,0.00011559
4288,0.00011302
4289,0.00011302
4290,0.0001131
4291,0.0001131
4292,0.00011545
4293,0.000115
4294,0.000115
4295,0.000115
4296,0.000115
4297,0.000115
4298,0.00011531
4299,0.00011531
4300,0.00011526
4301,0.00011526
4302,0.00011526
4303,0.00011526
4304,0.00011526
4305,0.00011526
4306,0.000115
4307,0.000115
4308,0.000115
4309,0.000115
4310,0.00011526
4311,0.00011525
4312,0.00011525
4313,0.00011524
4314,0.00011524
4315,0.00011524
4316,0.00011524
4317,0.00011524
4318,0.00011524
4319,0.00011551
4320,0.00011551
4321,0.00011551
4322,0.00011551
4323,0.00011551
4324,0.00011638
4325,0.00011638
4326,0.00011698
4327,0.00011698
4328,0.00011697
4329,0.00011697
4330,0.00011697
4331,0.00011697
4332,0.00011551
4333,0.00011551
4334,0.00011687
4335,0.00011686
4336,0.00011686
4337,0.00011692
4338,0.00011692
4339,0.00011692
4340,0.00011692
4341,0.00011692
4342,0.00011692
4343,0.00011692
4344,0.0001173
4345,0.0001173
4346,0.00011803
4347,0.00011803
4348,0.00011803
4349,0.00011861
4350,0.00011861
4351,0.00011861
4352,0.00011861
4353,0.00011861
4354,0.00011861
4355,0.00011861
4356,0.00011861
4357,0.0001169
4358,0.0001169
4359,0.0001169
4360,0.0001169
4361,0.00011706
4362,0.00011706
4363,0.0001174
4364,0.0001174
4365,0.00011858
4366,0.00011858
4367,0.00011858
4368,0.00011858
4369,0.00011858
4370,0.00011858
4371,0.00011858
4372,0.00011858
4373,0.00011858
4374,0.00011839
4375,0.00011839
4376,0.00011768
4377,0.00011768
4378,0.00011768
4379,0.00011768
4380,0.00011768
4381,0.00011768
4382,0.00011768
4383,0.00011768
4384,0.00011768
4385,0.00011409
4386,0.00011409
4387,0.00011409
4388,0.00011409
4389,0.00011714
4390,0.00011714
4391,0.00011714
4392,0.00011714
4393,0.00011714
4394,0.00011714
4395,0.00011714
4396,0.00011714
4397,0.00011463
4398,0.00011463
4399,0.00011463
4400,0.00011463
4401,0.00011511
4402,0.00011511
4403,0.00011511
4404,0.00011511
4405,0.00011511
4406,0.00011511
4407,0.00011511
4408,0.00011511
4409,0.00011511
4410,0.00011511
4411,0.00011511
4412,0.00011511
4413,0.00011511
4414,0.00011511
4415,0.00011604
4416,0.00011604
4417,0.00011604
4418,0.00011604
4419,0.00011604
4420,0.00011604
4421,0.00011604
4422,0.00011604
4423,0.00011604
4424,0.00011604
4425,0.00011604
4426,0.00011604
4427,0.00011604
4428,0.00011604
4429,0.00011604
4430,0.00011604
4431,0.00011604
4432,0.00011604
4433,0.00011604
4434,0.00011604
4435,0.00011604
4436,0.00011604
4437,0.00011604
4438,0.00011604
4439,0.00011604
4440,0.00011604
4441,0.00011604
4442,0.00011604
4443,0.00011604
4444,0.00011652
4445,0.00011652
4446,0.00011652
4447,0.00011652
4448,0.00011652
4449,0.00011652
4450,0.00011652
4451,0.00011652
4452,0.00011652
4453,0.00011652
4454,0.00011652
4455,0.00011652
4456,0.00011652
4457,0.00011652
4458,0.00011652
4459,0.00011652
4460,0.00011652
4461,0.00011652
4462,0.00011652
4463,0.00011467
4464,0.00011467
4465,0.00011467
4466,0.00011639
4467,0.00011639
4468,0.00011639
4469,0.00011639
4470,0.00011639
4471,0.00011656
4472,0.00011656
4473,0.00011656
4474,0.00011656
4475,0.00011656
4476,0.00011656
4477,0.00011513
4478,0.00011513
4479,0.00011657
4480,0.00011657
4481,0.00011657
4482,0.00011657
4483,0.00011657
4484,0.00011505
4485,0.00011507
4486,0.00011507
4487,0.00011507
4488,0.00011513
4489,0.00011513
4490,0.00011513
4491,0.00011518
4492,0.00011518
4493,0.00011518
4494,0.00011518
4495,0.00011525
4496,0.00011525
4497,0.00011525
4498,0.00011525
4499,0.00011573
4500,0.000116
4501,0.000116
4502,0.000116
4503,0.00011658
4504,0.00011655
4505,0.00011655
4506,0.00011655
4507,0.00011655
4508,0.00011655
4509,0.00011655
4510,0.000116
4511,0.000116
4512,0.00011468
4513,0.00011468
4514,0.00011468
4515,0.00011468
4516,0.00011468
4517,0.00011468
4518,0.00011468
4519,0.00011468
4520,0.00011468
4521,0.00011468
4522,0.00011468
4523,0.00011468
4524,0.00011468
4525,0.00011468
4526,0.00011468
4527,0.00011468
4528,0.00011467
4529,0.00011467
4530,0.00011467
4531,0.00011467
4532,0.00011467
4533,0.00011467
4534,0.00011467
4535,0.00011467
4536,0.00011467
4537,0.00011467
4538,0.00011467
4539,0.00011467
4540,0.00011467
4541,0.00011467
4542,0.00011467
4543,0.00011467
4544,0.00011467
4545,0.00011467
4546,0.00011467
4547,0.00011467
4548,0.00011467
4549,0.00011467
4550,0.00011467
4551,0.00011467
4552,0.00011589
4553,0.00011589
4554,0.00011589
4555,0.00011589
4556,0.00011589
4557,0.00011598
4558,0.00011598
4559,0.00011598
4560,0.00011598
4561,0.00011598
4562,0.00011598
4563,0.00011596
4564,0.00011568
4565,0.00011568
4566,0.00011568
4567,0.00011571
4568,0.00011571
4569,0.000114
4570,0.000114
4571,0.000114
4572,0.000114
4573,0.000114
4574,0.0001139
4575,0.00011569
4576,0.00011571
4577,0.00011599
4578,0.00011599
4579,0.00011692
4580,0.00011692
4581,0.00011692
4582,0.00011692
4583,0.00011692
4584,0.00011692
4585,0.00011692
4586,0.00011692
4587,0.00011692
4588,0.00011692
4589,0.00011692
4590,0.00011692
4591,0.00011692
4592,0.00011692
4593,0.00011692
4594,0.00011692
4595,0.00011692
4596,0.00011692
4597,0.00011692
4598,0.00011692
4599,0.00011692
4600,0.00011692
4601,0.00011692
4602,0.00011692
4603,0.00011692
4604,0.00011692
4605,0.00011692
4606,0.00011692
4607,0.00011692
4608,0.00011692
4609,0.00011692
4610,0.00011692
4611,0.00011692
4612,0.00011597
4613,0.00011597
4614,0.00011597
4615,0.00011597
4616,0.00011597
4617,0.00011597
4618,0.00011597
4619,0.00011597
4620,0.00011571
4621,0.00011571
4622,0.00011571
4623,0.00011571
4624,0.00011571
4625,0.00011554
4626,0.00011554
4627,0.00011554
4628,0.00011554
4629,0.00011554
4630,0.00011554
4631,0.00011554
4632,0.00011554
4633,0.00011554
4634,0.00011554
4635,0.00011416
4636,0.00011416
4637,0.000112
4638,0.000112
4639,0.000112
4640,0.000112
4641,0.000112
4642,0.00011236
4643,0.00011236
4644,0.00011236
4645,0.00011236
4646,0.00011236
4647,0.00011236
4648,0.00011236
4649,0.00011236
4650,0.00011236
4651,0.00011236
4652,0.00011442
4653,0.00011442
4654,0.00011442
4655,0.00011442
4656,0.00011442
4657,0.00011485
4658,0.00011485
4659,0.00011485
4660,0.00011485
4661,0.00011482
4662,0.00011482
4663,0.00011482
4664,0.00011482
4665,0.00011482
4666,0.00011482
4667,0.00011471
4668,0.00011471
4669,0.00011471
4670,0.00011471
4671,0.00011471
4672,0.00011236
4673,0.00011236
4674,0.00011236
4675,0.00011236
4676,0.00011236
4677,0.00011236
4678,0.000113
4679,0.00011239
4680,0.00011239
4681,0.00011239
4682,0.00011239
4683,0.00011237
4684,0.00011237
4685,0.00011237
4686,0.00011237
4687,0.00011237
4688,0.00011036
4689,0.00011038
4690,0.00011038
4691,0.00011038
4692,0.00011046
4693,0.00011047
4694,0.00011047
4695,0.00011047
4696,0.00011047
4697,0.00011047
4698,0.00011047
4699,0.00011047
4700,0.00011047
4701,0.00011047
4702,0.00011058
4703,0.00011201
4704,0.00011249
4705,0.00011249
4706,0.00011053
4707,0.00011053
4708,0.00011053
4709,0.00011053
4710,0.00011053
4711,0.00011053
4712,0.00011163
4713,0.00011163
4714,0.00011163
4715,0.00011163
4716,0.00011163
4717,0.00011053
4718,0.00011053
4719,0.00011053
4720,0.00011053
4721,0.00011053
4722,0.00011053
4723,0.00011165
4724,0.00011165
4725,0.00011187
4726,0.00011187
4727,0.00011187
4728,0.00011187
4729,0.00011165
4730,0.0001118
4731,0.0001118
4732,0.0001118
4733,0.0001118
4734,0.0001118
4735,0.00011054
4736,0.00011187
4737,0.00011187
4738,0.00011187
4739,0.00011187
4740,0.00011187
4741,0.00011187
4742,0.00011187
4743,0.00011187
4744,0.00011233
4745,0.00011233
4746,0.00011244
4747,0.00011244
4748,0.00011249
4749,0.00011249
4750,0.00011249
4751,0.00011249
4752,0.00011249
4753,0.00011249
4754,0.00011129
4755,0.00011129
4756,0.00011305
4757,0.00011331
4758,0.00011381
4759,0.00011381
4760,0.00011381
4761,0.00011397
4762,0.000114
4763,0.000114
4764,0.000114
4765,0.000114
4766,0.00011401
4767,0.000114
4768,0.00011406
4769,0.00011405
4770,0.000114
4771,0.000114
4772,0.000114
4773,0.000114
4774,0.000114
4775,0.00011401
4776,0.00011401
4777,0.00011401
4778,0.00011401
4779,0.000114
4780,0.000114
4781,0.000114
4782,0.00011331
4783,0.00011331
4784,0.00011331
4785,0.00011331
4786,0.00011331
4787,0.00011331
4788,0.00011331
4789,0.00011331
4790,0.00011331
4791,0.00011331
4792,0.00011331
4793,0.000114
4794,0.000114
4795,0.000114
4796,0.00011256
4797,0.00011255
4798,0.00011255
4799,0.00011255
4800,0.00011255
4801,0.00011255
4802,0.00011255
4803,0.00011255
4804,0.00011255
4805,0.00011255
4806,0.00011255
4807,0.00011255
4808,0.00011255
4809,0.00011255
4810,0.00011255
4811,0.00011255
4812,0.00011255
4813,0.00011255
4814,0.00011255
4815,0.00011255
4816,0.00011255
4817,0.00011255
4818,0.00011329
4819,0.00011329
4820,0.00011329
4821,0.00011327
4822,0.00011266
4823,0.00011266
4824,0.00011266
4825,0.00011266
4826,0.00011266
4827,0.00011266
4828,0.00011266
4829,0.00011266
4830,0.00011266
4831,0.00011266
4832,0.00011266
4833,0.00011266
4834,0.00011266
4835,0.00011266
4836,0.00011266
4837,0.00011266
4838,0.00011266
4839,0.00011266
4840,0.0001152
4841,0.0001152
4842,0.0001152
4843,0.0001152
4844,0.0001152
4845,0.0001152
4846,0.0001152
4847,0.0001152
4848,0.0001152
4849,0.0001152
4850,0.0001152
4851,0.00011501
4852,0.00011501
4853,0.00011501
4854,0.00011501
4855,0.00011501
4856,0.00011501
4857,0.00011501
4858,0.00011501
4859,0.00011501
4860,0.00011501
4861,0.00011501
4862,0.00011501
4863,0.00011352
4864,0.00011352
4865,0.00011352
4866,0.00011328
4867,0.00011328
4868,0.00011328
4869,0.00011328
4870,0.00011283
4871,0.00011283
4872,0.00011279
4873,0.00011279
4874,0.00011277
4875,0.00011277
4876,0.00011277
4877,0.00011277
4878,0.00011391
4879,0.0001139
4880,0.00011392
4881,0.00011392
4882,0.00011392
4883,0.00011392
4884,0.00011392
4885,0.00011392
4886,0.00011392
4887,0.00011392
4888,0.00011392
4889,0.00011392
4890,0.00011392
4891,0.00011392
4892,0.00011498
4893,0.00011498
4894,0.00011498
4895,0.00011498
4896,0.00011498
4897,0.00011498
4898,0.00011498
4899,0.00011498
4900,0.00011498
4901,0.00011498
4902,0.00011498
4903,0.00011498
4904,0.00011498
4905,0.00011498
4906,0.00011498
4907,0.00011498
4908,0.00011498
4909,0.00011498
4910,0.00011498
4911,0.00011498
4912,0.00011498
4913,0.00011498
4914,0.00011498
4915,0.00011498
4916,0.00011498
4917,0.00011498
4918,0.00011498
4919,0.00011498
4920,0.00011498
4921,0.00011498
4922,0.00011498
4923,0.00011498
4924,0.00011498
4925,0.00011498
4926,0.00011498
4927,0.0001154
4928,0.00011558
4929,0.00011558
4930,0.00011558
4931,0.00011558
4932,0.00011558
4933,0.00011562
4934,0.00011562
4935,0.00011562
4936,0.00011562
4937,0.00011562
4938,0.00011562
4939,0.00011562
4940,0.00011562
4941,0.00011562
4942,0.00011562
4943,0.00011562
4944,0.00011562
4945,0.00011562
4946,0.00011562
4947,0.00011562
4948,0.00011562
4949,0.00011563
4950,0.00011563
4951,0.00011563
4952,0.00011563
4953,0.00011563
4954,0.00011564
4955,0.00011599
4956,0.00011599
4957,0.00011599
4958,0.00011599
4959,0.00011599
4960,0.00011599
4961,0.00011599
4962,0.00011714
4963,0.00011714
4964,0.00011714
4965,0.00011714
4966,0.00011714
4967,0.00011714
4968,0.00011714
4969,0.00011602
4970,0.00011602
4971,0.00011602
4972,0.00011602
4973,0.00011602
4974,0.00011602
4975,0.00011602
4976,0.00011602
4977,0.00011602
4978,0.00011602
4979,0.00011602
4980,0.00011602
4981,0.00011602
4982,0.00011602
4983,0.00011602
4984,0.00011602
4985,0.00011602
4986,0.00012
4987,0.00012
4988,0.00012
4989,0.00012
4990,0.00012
4991,0.00012
4992,0.00012
4993,0.00012
4994,0.00012
4995,0.00012
4996,0.00012
4997,0.00012
4998,0.00012
4999,0.00011676
5000,0.00011679
5001,0.0001168
5002,0.0001168
5003,0.0001168
5004,0.0001168
5005,0.0001168
5006,0.0001168
5007,0.0001168
5008,0.0001168
5009,0.0001168
5010,0.0001168
5011,0.0001168
5012,0.0001168
5013,0.0001168
5014,0.0001168
5015,0.0001168
5016,0.0001168
5017,0.00011682
5018,0.00011609
5019,0.00011609
5020,0.00011612
5021,0.00011612
5022,0.00011612
5023,0.00011612
5024,0.00011612
5025,0.00011612
5026,0.00011612
5027,0.00011629
5028,0.00011629
5029,0.00011629
5030,0.00011629
5031,0.00011629
5032,0.00011629
5033,0.00012053
5034,0.00012053
5035,0.00012053
5036,0.00012053
5037,0.00012053
5038,0.00012052
5039,0.00012052
5040,0.00012052
5041,0.00011718
5042,0.00011718
5043,0.00011739
5044,0.00011739
5045,0.00011739
5046,0.00011835
5047,0.00011837
5048,0.00011838
5049,0.00011838
5050,0.00011838
5051,0.00011739
5052,0.00011739
5053,0.00011739
5054,0.00011739
5055,0.00011739
5056,0.00011723
5057,0.00011723
5058,0.00011723
5059,0.00011723
5060,0.00011723
5061,0.00011723
5062,0.00011723
5063,0.00011723
5064,0.00011723
5065,0.00011723
5066,0.00011723
5067,0.00011723
5068,0.00011723
5069,0.00011723
5070,0.00011723
5071,0.00011723
5072,0.00011721
5073,0.00011721
5074,0.00011721
5075,0.00011711
5076,0.00011711
5077,0.00011845
5078,0.00011845
5079,0.00011845
5080,0.00011845
5081,0.00011845
5082,0.00011845
5083,0.00011845
5084,0.00011845
5085,0.00011727
5086,0.00011727
5087,0.00011727
5088,0.00011727
5089,0.00011727
5090,0.00011839
5091,0.00012013
5092,0.00012013
5093,0.00012013
5094,0.00012013
5095,0.00012013
5096,0.00011802
5097,0.00011801
5098,0.00011801
5099,0.00011801
5100,0.00011801
5101,0.00011801
5102,0.00011801
5103,0.00011839
5104,0.00011839
5105,0.00011839
5106,0.00011839
5107,0.00011839
5108,0.00011839
5109,0.00011839
5110,0.00011839
5111,0.00011839
5112,0.00011839
5113,0.00011839
5114,0.00011839
5115,0.00011839
5116,0.00011839
5117,0.00011839
5118,0.000118
5119,0.000118
5120,0.000122
5121,0.00011755
5122,0.0001221
5123,0.0001221
5124,0.00011807
5125,0.00011807
5126,0.00011807
5127,0.00011807
5128,0.00011807
5129,0.00011807
5130,0.00011807
5131,0.00011807
5132,0.00012177
5133,0.00012091
5134,0.00012091
5135,0.00012092
5136,0.00012092
5137,0.00012092
5138,0.00012055
5139,0.00012055
5140,0.00012055
5141,0.00012055
5142,0.00012055
5143,0.00012055
5144,0.00012055
5145,0.00012188
5146,0.00012188
5147,0.00011937
5148,0.00011942
5149,0.00011943
5150,0.00011943
5151,0.00011943
5152,0.00012203
5153,0.00012199
5154,0.0001209
5155,0.0001209
5156,0.0001209
5157,0.00012189
5158,0.00012189
5159,0.00012189
5160,0.00012189
5161,0.00012189
5162,0.00012165
5163,0.00012165
5164,0.00012165
5165,0.00012165
5166,0.00012165
5167,0.00012165
5168,0.00012165
5169,0.00012165
5170,0.00012134
5171,0.00012134
5172,0.00012134
5173,0.00012134
5174,0.00012134
5175,0.00012134
5176,0.00012107
5177,0.00012107
5178,0.000121
5179,0.000121
5180,0.000121
5181,0.000121
5182,0.000121
5183,0.000121
5184,0.000121
5185,0.000121
5186,0.000121
5187,0.000121
5188,0.000121
5189,0.000121
5190,0.00012074
5191,0.00012074
5192,0.00012074
5193,0.00012074
5194,0.00012074
5195,0.00012074
5196,0.00012074
5197,0.00012074
5198,0.00012074
5199,0.00012074
5200,0.00012074
5201,0.00012074
5202,0.00012074
5203,0.00012074
5204,0.00012061
5205,0.0001206
5206,0.0001206
5207,0.0001206
5208,0.0001206
5209,0.00012058
5210,0.00012058
5211,0.00012058
5212,0.00012058
5213,0.00012058
5214,0.00012058
5215,0.00012058
5216,0.00012058
5217,0.00012164
5218,0.00012164
5219,0.00012164
5220,0.00012164
5221,0.00012162
5222,0.00012162
5223,0.00012162
5224,0.00012162
5225,0.00012162
5226,0.00011965
5227,0.00011965
5228,0.00011965
5229,0.00012001
5230,0.00012001
5231,0.00012001
5232,0.00012162
5233,0.00012186
5234,0.00012186
5235,0.00012186
5236,0.00012184
5237,0.00012184
5238,0.00012184
5239,0.00012184
5240,0.00012184
5241,0.00012184
5242,0.00012184
5243,0.00012184
5244,0.00012184
5245,0.00012184
5246,0.00012184
5247,0.00012184
5248,0.00012184
5249,0.00012184
5250,0.00012184
5251,0.00012184
5252,0.00012184
5253,0.00012184
5254,0.00012184
5255,0.00012184
5256,0.00012184
5257,0.00012184
5258,0.00012053
5259,0.00012053
5260,0.00012053
5261,0.00012053
5262,0.00012053
5263,0.00012053
5264,0.00012053
5265,0.00012053
5266,0.00012053
5267,0.00012053
5268,0.00012053
5269,0.00012053
5270,0.00012053
5271,0.00012053
5272,0.00012175
5273,0.00012175
5274,0.00012175
5275,0.00012175
5276,0.00012175
5277,0.00012175
5278,0.00012175
5279,0.00012175
5280,0.00012175
5281,0.00012175
5282,0.00012175
5283,0.00012175
5284,0.00012175
5285,0.00012175
5286,0.00012175
5287,0.00012175
5288,0.00012175
5289,0.00012175
5290,0.00012175
5291,0.00012175
5292,0.00012175
5293,0.00012175
5294,0.00012175
5295,0.00012175
5296,0.00012175
5297,0.00012175
5298,0.00012175
5299,0.00012175
5300,0.00012175
5301,0.00012175
5302,0.00012175
5303,0.00012175
5304,0.00012175
5305,0.00012022
5306,0.00012022
5307,0.00012022
5308,0.00012022
5309,0.00012022
5310,0.00012022
5311,0.00012022
5312,0.00012022
5313,0.00012022
5314,0.00012022
5315,0.00012022
5316,0.00012022
5317,0.00012022
5318,0.00012022
5319,0.00012022
5320,0.00012052
5321,0.00012052
5322,0.00012052
5323,0.00012052
5324,0.00012052
5325,0.00012052
5326,0.00012052
5327,0.00012052
5328,0.00012052
5329,0.00012052
5330,0.00012052
5331,0.00012052
5332,0.00012052
5333,0.00012052
5334,0.00012052
5335,0.00012187
5336,0.00012187
5337,0.00012187
5338,0.00012187
5339,0.00012187
5340,0.00012187
5341,0.00012187
5342,0.00012187
5343,0.00012187
5344,0.00012187
5345,0.00012187
5346,0.00012187
5347,0.00012187
5348,0.00012187
5349,0.00012187
5350,0.00012187
5351,0.00012187
5352,0.00012187
5353,0.00012187
5354,0.00012187
5355,0.00012187
5356,0.00012187
5357,0.00012187
5358,0.00012187
5359,0.00012187
5360,0.00012187
5361,0.00012187
5362,0.00012187
5363,0.00012194
5364,0.0001219
5365,0.0001219
5366,0.0001219
5367,0.0001219
5368,0.0001219
5369,0.0001219
5370,0.0001219
5371,0.00012187
5372,0.00012187
5373,0.00012187
5374,0.00012187
5375,0.00012187
5376,0.00012187
5377,0.00012187
5378,0.00012187
5379,0.00012187
5380,0.00012187
5381,0.00012187
5382,0.00012187
5383,0.00012187
5384,0.00012187
5385,0.00012187
5386,0.00012187
5387,0.00012187
5388,0.00012187
5389,0.00012187
5390,0.00012187
5391,0.00012187
5392,0.00012187
5393,0.00012187
5394,0.00012187
5395,0.00012187
5396,0.00012187
5397,0.00012187
5398,0.00012187
5399,0.00012187
5400,0.00012187
5401,0.00012187
5402,0.00012187
5403,0.00012187
5404,0.00012187
5405,0.00012187
5406,0.00012187
5407,0.00012187
5408,0.00012187
5409,0.00012187
5410,0.00012187
5411,0.00012121
5412,0.00012121
5413,0.00012121
5414,0.00012121
5415,0.00012187
5416,0.00012187
5417,0.00012187
5418,0.00012187
5419,0.00012187
5420,0.00012187
5421,0.00012187
5422,0.00012187
5423,0.00012187
5424,0.00012187
5425,0.00012187
5426,0.00012187
5427,0.00012187
5428,0.00012187
5429,0.00012187
5430,0.00012187
5431,0.00012187
5432,0.00012187
5433,0.00012187
5434,0.00012187
5435,0.00012187
5436,0.00012187
5437,0.00012187
5438,0.00012187
5439,0.00012187
5440,0.00012187
5441,0.00012187
5442,0.00012187
5443,0.00012187
5444,0.00012187
5445,0.00012187
5446,0.00012187
5447,0.00012187
5448,0.00012187
5449,0.00012187
5450,0.00012187
5451,0.00012187
5452,0.00012187
5453,0.00012187
5454,0.00012187
5455,0.00012187
5456,0.00012187
5457,0.00012187
5458,0.00012187
5459,0.00012187
5460,0.00012187
5461,0.00012187
5462,0.00012187
5463,0.00012187
5464,0.00012187
5465,0.00012187
5466,0.00012187
5467,0.00012187
5468,0.00012187
5469,0.00012187
5470,0.00012187
5471,0.00012187
5472,0.00012187
5473,0.00012187
5474,0.00012187
5475,0.00012187
5476,0.00012187
5477,0.00012187
5478,0.00012187
5479,0.00012187
5480,0.00012187
5481,0.00012187
5482,0.00012187
5483,0.00012187
5484,0.00012187
5485,0.00012187
5486,0.00012187
5487,0.00012187
5488,0.00012187
5489,0.00012187
5490,0.00012187
5491,0.00012187
5492,0.00012187
5493,0.00012187
5494,0.00012187
5495,0.00012187
5496,0.00012187
5497,0.00012187
5498,0.00012187
5499,0.00012187
5500,0.00012187
5501,0.00012187
5502,0.00012187
5503,0.00012187
5504,0.00012187
5505,0.00012187
5506,0.00012187
5507,0.00012187
5508,0.00012187
5509,0.00012187
5510,0.00012187
5511,0.00012187
5512,0.00012187
5513,0.00012187
5514,0.00012187
5515,0.00012187
5516,0.00012187
5517,0.00012187
5518,0.00012187
5519,0.00012187
5520,0.00012187
5521,0.00012187
5522,0.00012187
5523,0.00012187
5524,0.00012187
5525,0.00012187
5526,0.00012187
5527,0.00012187
5528,0.00012187
5529,0.00012186
5530,0.00012186
5531,0.00012186
5532,0.00012186
5533,0.00012186
5534,0.00012154
5535,0.00012154
5536,0.00012154
5537,0.00012154
5538,0.00012154
5539,0.00012154
5540,0.00012154
5541,0.00012154
5542,0.00012121
5543,0.00012121
5544,0.00012121
5545,0.00012121
5546,0.00012121
5547,0.00012121
5548,0.00012121
5549,0.00012121
5550,0.00012121
5551,0.00012121
5552,0.00012121
5553,0.00012121
5554,0.00012121
5555,0.00012121
5556,0.00012121
5557,0.0001212
5558,0.0001212
5559,0.00012218
5560,0.00012218
5561,0.0001205
5562,0.0001205
5563,0.0001205
5564,0.0001205
5565,0.00012061
5566,0.00012061
5567,0.00012061
5568,0.00012061
5569,0.00012207
5570,0.00012207
5571,0.00012207
5572,0.00012269
5573,0.00012269
5574,0.00012321
5575,0.00012325
5576,0.00012325
5577,0.00012325
5578,0.00012325
5579,0.00012325
5580,0.00012325
5581,0.00012325
5582,0.00012325
5583,0.00012325
5584,0.00012325
5585,0.00012325
5586,0.00012325
5587,0.00012325
5588,0.00012325
5589,0.00012325
5590,0.00012325
5591,0.00012325
5592,0.00012325
5593,0.00012325
5594,0.00012325
5595,0.00012325
5596,0.00012325
5597,0.00012325
5598,0.00012325
5599,0.00012327
5600,0.00012327
5601,0.00012327
5602,0.00012333
5603,0.00012333
5604,0.00012333
5605,0.00012333
5606,0.00012333
5607,0.00012333
5608,0.00012333
5609,0.00012333
5610,0.00012333
5611,0.00012333
5612,0.00012333
5613,0.00012333
5614,0.00012333
5615,0.00012348
5616,0.00012348
5617,0.00012348
5618,0.00012348
5619,0.00012348
5620,0.00012348
5621,0.00012348
5622,0.00012348
5623,0.00012348
5624,0.00012348
5625,0.00012348
5626,0.00012348
5627,0.00012348
5628,0.00012334
5629,0.00012334
5630,0.00012334
5631,0.00012334
5632,0.00012334
5633,0.00012334
5634,0.00012334
5635,0.00012334
5636,0.00012334
5637,0.00012334
5638,0.00012334
5639,0.00012334
5640,0.00012334
5641,0.00012334
5642,0.00012334
5643,0.00012334
5644,0.00012334
5645,0.00012334
5646,0.00012334
5647,0.00012334
5648,0.00012334
5649,0.00012334
5650,0.00012334
5651,0.00012334
5652,0.00012334
5653,0.00012334
5654,0.00012334
5655,0.00012334
5656,0.00012334
5657,0.00012334
5658,0.00012334
5659,0.00012334
5660,0.00012334
5661,0.00012334
5662,0.00012334
5663,0.00012334
5664,0.00012334
5665,0.00012334
5666,0.00012334
5667,0.00012334
5668,0.00012334
5669,0.00012334
5670,0.00012334
5671,0.00012334
5672,0.00012334
5673,0.00012334
5674,0.00012334
5675,0.00012334
5676,0.00012334
5677,0.00012334
5678,0.00012334
5679,0.00012334
5680,0.00012334
5681,0.00012334
5682,0.00012334
5683,0.00012327
5684,0.00012327
5685,0.00012327
5686,0.00012327
5687,0.00012327
5688,0.00012327
5689,0.00012327
5690,0.00012327
5691,0.00012327
5692,0.00012327
5693,0.00012413
5694,0.00012413
5695,0.00012413
5696,0.00012413
5697,0.00012413
5698,0.00012413
5699,0.00012413
5700,0.0001233
5701,0.0001233
5702,0.0001233
5703,0.0001233
5704,0.0001233
5705,0.0001233
5706,0.0001233
5707,0.0001233
5708,0.0001233
5709,0.0001233
5710,0.0001233
5711,0.0001233
5712,0.00012447
5713,0.00012447
5714,0.00012447
5715,0.00012447
5716,0.00012447
5717,0.00012447
5718,0.00012328
5719,0.00012328
5720,0.00012328
5721,0.00012328
5722,0.00012328
5723,0.00012328
5724,0.00012328
5725,0.00012328
5726,0.00012328
5727,0.00012328
5728,0.00012329
5729,0.00012328
5730,0.00012329
5731,0.00012329
5732,0.0001233
5733,0.0001233
5734,0.0001233
5735,0.0001233
5736,0.0001233
5737,0.0001233
5738,0.0001233
5739,0.0001233
5740,0.0001233
5741,0.0001233
5742,0.0001233
5743,0.0001233
5744,0.0001233
5745,0.00012327
5746,0.00012327
5747,0.00012327
5748,0.00012327
5749,0.00012327
5750,0.00012327
5751,0.00012327
5752,0.00012327
5753,0.00012327
5754,0.00012327
5755,0.00012327
5756,0.00012327
5757,0.00012327
5758,0.00012325
5759,0.00012325
5760,0.00012325
5761,0.00012325
5762,0.00012325
5763,0.00012325
5764,0.00012325
5765,0.00012325
5766,0.00012263
5767,0.00012263
5768,0.00012263
5769,0.00012263
5770,0.00012263
5771,0.00012263
5772,0.00012263
5773,0.00012263
5774,0.00012219
5775,0.00012219
5776,0.00012329
5777,0.00012219
5778,0.00012087
5779,0.00012087
5780,0.00012087
5781,0.00012087
5782,0.00012087
5783,0.00012087
5784,0.00012054
5785,0.00012054
5786,0.0001203
5787,0.0001203
5788,0.0001203
5789,0.00012014
5790,0.00012014
5791,0.00012013
5792,0.00012
5793,0.00011964
5794,0.00011949
5795,0.00011949
5796,0.00011948
5797,0.00011948
5798,0.00011948
5799,0.00011948
5800,0.00011905
5801,0.00011905
5802,0.000119
5803,0.00011905
5804,0.000119
5805,0.00011853
5806,0.00011853
5807,0.000119
5808,0.000119
5809,0.000119
5810,0.000119
5811,0.000119
5812,0.000119
5813,0.000119
5814,0.000119
5815,0.000119
5816,0.00011857
5817,0.0001186
5818,0.0001186
5819,0.0001186
5820,0.0001186
5821,0.0001186
5822,0.0001186
5823,0.000119
5824,0.000119
5825,0.000119
5826,0.000119
5827,0.000119
5828,0.00011862
5829,0.00011862
5830,0.00011864
5831,0.00011864
5832,0.00011864
5833,0.00011864
5834,0.00011886
5835,0.00011886
5836,0.00011886
5837,0.00011886
5838,0.00011886
5839,0.00011886
5840,0.00011886
5841,0.00011888
5842,0.00011888
5843,0.00011888
5844,0.00011888
5845,0.00011892
5846,0.00011892
5847,0.00011892
5848,0.00011892
5849,0.00011892
5850,0.00011892
5851,0.00011892
5852,0.00011907
5853,0.00011907
5854,0.00011907
5855,0.00011907
5856,0.00011907
5857,0.00011907
5858,0.000119
5859,0.000119
5860,0.000119
5861,0.000119
5862,0.000119
5863,0.000119
5864,0.000119
5865,0.00011912
5866,0.00011912
5867,0.00011912
5868,0.00011912
5869,0.00011912
5870,0.00011912
5871,0.00011912
5872,0.00011912
5873,0.00011912
5874,0.00011912
5875,0.00011912
5876,0.00011912
5877,0.00011912
5878,0.00011912
5879,0.00011912
5880,0.00011912
5881,0.00011912
5882,0.00012018
5883,0.00011943
5884,0.00011943
5885,0.00011943
5886,0.00011943
5887,0.00011943
5888,0.00012019
5889,0.00012019
5890,0.00012019
5891,0.00012019
5892,0.00012019
5893,0.00012019
5894,0.00012019
5895,0.00012019
5896,0.00012019
5897,0.00012019
5898,0.00012019
5899,0.00012019
5900,0.00012019
5901,0.00012019
5902,0.00012019
5903,0.00012019
5904,0.00012019
5905,0.00012019
5906,0.00012019
5907,0.00012019
5908,0.00012019
5909,0.00012019
5910,0.00012019
5911,0.00012019
5912,0.00012019
5913,0.00012019
5914,0.00012019
5915,0.00012019
5916,0.00012019
5917,0.00012019
5918,0.00012019
5919,0.00012019
5920,0.00012019
5921,0.00012019
5922,0.00012019
5923,0.00012019
5924,0.00012019
5925,0.00012019
5926,0.00012019
5927,0.00012019
5928,0.00012019
5929,0.00012019
5930,0.00012019
5931,0.00012019
5932,0.00012019
5933,0.00012028
5934,0.00012028
5935,0.00012028
5936,0.00012028
5937,0.00012028
5938,0.00012028
5939,0.00012028
5940,0.00012028
5941,0.00012028
5942,0.00012028
5943,0.00012028
5944,0.00012028
5945,0.00012028
5946,0.00012028
5947,0.00012028
5948,0.00012028
5949,0.00012028
5950,0.00012028
5951,0.00012028
5952,0.00012028
5953,0.00012028
5954,0.00012028
5955,0.00012028
5956,0.00012028
5957,0.00012028
5958,0.00012028
5959,0.00012028
5960,0.00012028
5961,0.00012028
5962,0.00012028
5963,0.00012028
5964,0.00012028
5965,0.00012028
5966,0.00012028
5967,0.00012028
5968,0.00012028
5969,0.00012028
5970,0.00012028
5971,0.00012028
5972,0.00012028
5973,0.00012028
5974,0.00012028
5975,0.00012028
5976,0.00012214
5977,0.00012214
5978,0.00012214
5979,0.00012028
5980,0.00012028
5981,0.00012028
5982,0.00012028
5983,0.00012028
5984,0.00012028
5985,0.00012028
5986,0.00012028
5987,0.00012028
5988,0.00012028
5989,0.00012028
5990,0.00012028
5991,0.00011865
5992,0.00011865
5993,0.00011865
5994,0.00011865
5995,0.00011862
5996,0.00011862
5997,0.00011861
5998,0.00011861
5999,0.00011861
6000,0.00011861
6001,0.00011861
6002,0.00011861
6003,0.00011861
6004,0.00011861
6005,0.00011861
6006,0.00011861
6007,0.00011861
6008,0.00011861
6009,0.00011861
6010,0.00011861
6011,0.00011861
6012,0.00011861
6013,0.00011972
6014,0.00011972
6015,0.00011972
6016,0.00011972
6017,0.00011861
6018,0.00011861
6019,0.00011861
6020,0.00011861
6021,0.00011861
6022,0.00011861
6023,0.00011861
6024,0.00011861
6025,0.00011861
6026,0.00011861
6027,0.00011846
6028,0.00011846
6029,0.00011846
6030,0.00011846
6031,0.00011846
6032,0.00011846
6033,0.00011846
6034,0.00011846
6035,0.00011846
6036,0.00011801
6037,0.00011801
6038,0.00011801
6039,0.00011801
6040,0.00011801
6041,0.00011801
6042,0.00011801
6043,0.00011801
6044,0.00011801
6045,0.00011801
6046,0.00011801
6047,0.00011801
6048,0.00011801
6049,0.00011801
6050,0.00011801
6051,0.00011801
6052,0.00011801
6053,0.00011801
6054,0.00011801
6055,0.00011801
6056,0.00011801
6057,0.00011801
6058,0.00011801
6059,0.00011801
6060,0.00011801
6061,0.00011801
6062,0.00011801
6063,0.00011801
6064,0.00011801
6065,0.00011801
6066,0.00011801
6067,0.00011801
6068,0.00011801
6069,0.00011801
6070,0.00011801
6071,0.00011801
6072,0.00011801
6073,0.00011801
6074,0.00011801
6075,0.00011801
6076,0.00011801
6077,0.00011801
6078,0.00011801
6079,0.00011801
6080,0.00011801
6081,0.00011801
6082,0.00011813
6083,0.00011813
6084,0.00011813
6085,0.00011813
6086,0.00011813
6087,0.00011813
6088,0.00011813
6089,0.00011813
6090,0.00011813
6091,0.00011813
6092,0.00011813
6093,0.00011813
6094,0.00011813
6095,0.00011813
6096,0.00011813
6097,0.00011813
6098,0.00011813
6099,0.00011813
6100,0.00011813
6101,0.00011907
6102,0.00011907
6103,0.00011907
6104,0.00011909
6105,0.00011909
6106,0.00011909
6107,0.00011909
6108,0.00011908
6109,0.00011801
6110,0.00011801
6111,0.00011801
6112,0.00011801
6113,0.00011801
6114,0.00011801
6115,0.00011718
6116,0.00011718
6117,0.00011718
6118,0.00011718
6119,0.00011718
6120,0.00011888
6121,0.00011888
6122,0.00011888
6123,0.00011888
6124,0.00011888
6125,0.00011888
6126,0.00011719
6127,0.00011718
6128,0.00011716
6129,0.00011715
6130,0.00011715
6131,0.00011714
6132,0.00011714
6133,0.00011714
6134,0.00011714
6135,0.00011714
6136,0.00011714
6137,0.00011714
6138,0.00011714
6139,0.00011714
6140,0.00011714
6141,0.00011714
6142,0.00011714
6143,0.00011714
6144,0.00011714
6145,0.00011718
6146,0.00011718
6147,0.00011718
6148,0.00011718
6149,0.00011718
6150,0.00011718
6151,0.00011718
6152,0.00011718
6153,0.00011718
6154,0.00011718
6155,0.00011718
6156,0.00011718
6157,0.00011718
6158,0.00011718
6159,0.00011718
6160,0.00011718
6161,0.00011718
6162,0.00011718
6163,0.00011718
6164,0.00011718
6165,0.00011718
6166,0.00011718
6167,0.00011714
6168,0.00011714
6169,0.00011714
6170,0.00011714
6171,0.00011714
6172,0.00011714
6173,0.00011714
6174,0.00011711
6175,0.00011711
6176,0.00011711
6177,0.00011711
6178,0.00011711
6179,0.00011711
6180,0.00011711
6181,0.00011711
6182,0.00011711
6183,0.000117
6184,0.000117
6185,0.000117
6186,0.000117
6187,0.000117
6188,0.00011712
6189,0.00011712
6190,0.00011712
6191,0.00011712
6192,0.00011712
6193,0.00011712
6194,0.00011712
6195,0.00011712
6196,0.00011712
6197,0.00011719
6198,0.00011719
6199,0.00011719
6200,0.00011719
6201,0.00011719
6202,0.00011719
6203,0.00011719
6204,0.00011719
6205,0.00011719
6206,0.00011719
6207,0.00011719
6208,0.00011719
6209,0.00011719
6210,0.00011719
6211,0.00011719
6212,0.00011719
6213,0.00011719
6214,0.00011719
6215,0.00011718
6216,0.00011719
6217,0.000117
6218,0.000117
6219,0.000117
6220,0.000117
6221,0.000117
6222,0.000117
6223,0.000117
6224,0.000117
6225,0.000117
6226,0.000117
6227,0.000117
6228,0.000117
6229,0.000117
6230,0.000117
6231,0.000117
6232,0.000117
6233,0.000117
6234,0.00011811
6235,0.00011811
6236,0.00011811
6237,0.00011811
6238,0.00011811
6239,0.00011811
6240,0.00011719
6241,0.00011719
6242,0.00011719
6243,0.00011719
6244,0.00011719
6245,0.00011719
6246,0.00011719
6247,0.00011719
6248,0.00011719
6249,0.00011719
6250,0.00011719
6251,0.0001175
6252,0.00011793
6253,0.00011793
6254,0.00011793
6255,0.00011793
6256,0.00011793
6257,0.00011793
6258,0.00011793
6259,0.00011793
6260,0.00011793
6261,0.00011793
6262,0.00011793
6263,0.00011793
6264,0.00011793
6265,0.00011793
6266,0.00011793
6267,0.00011793
6268,0.00011793
6269,0.00011793
6270,0.00011793
6271,0.00011793
6272,0.00011793
6273,0.00011793
