0,0.04968949
1,0.04968949
2,0.04968949
3,0.04968949
4,0.04968949
5,0.04968949
6,0.04954105
7,0.04954109
8,0.04954109
9,0.0495413
10,0.0495413
11,0.0495413
12,0.0495413
13,0.0495413
14,0.0495413
15,0.0495413
16,0.0495413
17,0.04954223
18,0.04954223
19,0.04954223
20,0.04954223
21,0.04954223
22,0.04954265
23,0.04954265
24,0.04954265
25,0.04954289
26,0.04954289
27,0.04954308
28,0.04954321
29,0.04954321
30,0.04969
31,0.04969
32,0.04969
33,0.04968999
34,0.04968999
35,0.04969
36,0.04969
37,0.04969015
38,0.04969018
39,0.04969018
40,0.04969018
41,0.04969018
42,0.04969018
43,0.04969015
44,0.04969015
45,0.04969722
46,0.04970999
47,0.04970999
48,0.04970999
49,0.04970999
50,0.04970999
51,0.04970999
52,0.04970999
53,0.04970999
54,0.04970999
55,0.04970999
56,0.04970999
57,0.04971
58,0.04971003
59,0.04971003
60,0.04971003
61,0.04971033
62,0.04971033
63,0.04971033
64,0.04971033
65,0.04979858
66,0.04971069
67,0.04971069
68,0.04971069
69,0.04971069
70,0.04971069
71,0.04971069
72,0.04971069
73,0.04978974
74,0.04978974
75,0.04978965
76,0.04978965
77,0.04978965
78,0.04978965
79,0.04969176
80,0.0498
81,0.0498
82,0.0498
83,0.0498
84,0.0498
85,0.0498
86,0.0498
87,0.0498
88,0.0497899
89,0.0497899
90,0.0497899
91,0.04979009
92,0.04979009
93,0.04980001
94,0.04980001
95,0.05
96,0.05
97,0.05
98,0.05
99,0.05
100,0.05
101,0.05
102,0.05
103,0.04979951
104,0.04979963
105,0.04979963
106,0.05024848
107,0.05028628
108,0.05029773
109,0.05027119
110,0.04980734
111,0.05022
112,0.05022
113,0.05022
114,0.05022
115,0.05009455
116,0.0502
117,0.0500694
118,0.0500694
119,0.05022
120,0.05022
121,0.0502
122,0.0502
123,0.05015013
124,0.05011983
125,0.05011983
126,0.05015019
127,0.05015019
128,0.05015019
129,0.05015019
130,0.05011986
131,0.05011986
132,0.05011986
133,0.05011986
134,0.05011986
135,0.05011986
136,0.05011986
137,0.05011986
138,0.0501198
139,0.05006937
140,0.05006937
141,0.05006939
142,0.05006939
143,0.05006937
144,0.05006937
145,0.05006937
146,0.05006938
147,0.05006938
148,0.05006938
149,0.05006938
150,0.05005661
151,0.05005661
152,0.05005661
153,0.05005658
154,0.05005658
155,0.05002324
156,0.05002324
157,0.05002324
158,0.05003009
159,0.05003009
160,0.05003009
161,0.05003009
162,0.05003003
163,0.05003003
164,0.05003015
165,0.05003022
166,0.05003022
167,0.05003022
168,0.05004002
169,0.05004002
170,0.05005657
171,0.05005657
172,0.05004021
173,0.05004025
174,0.05004025
175,0.05004034
176,0.05004
177,0.05004
178,0.05004
179,0.05004
180,0.05004
181,0.05004
182,0.05004
183,0.05004
184,0.05004
185,0.05004
186,0.05004
187,0.05004004
188,0.05004004
189,0.05004004
190,0.05004004
191,0.05004007
192,0.05004005
193,0.05004005
194,0.05004005
195,0.05004005
196,0.05008873
197,0.05008873
198,0.05008873
199,0.05008873
200,0.05008873
201,0.05008873
202,0.05008873
203,0.05008873
204,0.05008875
205,0.05008876
206,0.05008876
207,0.05008876
208,0.05008876
209,0.05008876
210,0.05011972
211,0.05011972
212,0.05011972
213,0.05011972
214,0.05008879
215,0.0501198
216,0.0501198
217,0.05018513
218,0.05008894
219,0.05008894
220,0.05008912
221,0.05008912
222,0.05008912
223,0.05009009
224,0.05009009
225,0.05009009
226,0.05009009
227,0.050093
228,0.05027141
229,0.05027141
230,0.05027141
231,0.05027141
232,0.05029019
233,0.05027141
234,0.05011931
235,0.05029801
236,0.05029801
237,0.05029801
238,0.05011965
239,0.05011965
240,0.05011965
241,0.05011965
242,0.05009439
243,0.05009439
244,0.0502197
245,0.0502197
246,0.0502197
247,0.0502197
248,0.05021996
249,0.05009441
250,0.05009441
251,0.05009453
252,0.05009459
253,0.05009459
254,0.05009512
255,0.05009515
256,0.05009524
257,0.0502
258,0.0502
259,0.050092
260,0.050092
261,0.050092
262,0.0501053
263,0.0501053
264,0.05019956
265,0.05019956
266,0.05008879
267,0.05003044
268,0.04992129
269,0.05004004
270,0.05004004
271,0.05003992
272,0.05003992
273,0.05003992
274,0.04992129
275,0.04992129
276,0.04992129
277,0.04991476
278,0.04999948
279,0.04991473
280,0.04991473
281,0.04991473
282,0.04987547
283,0.04987547
284,0.04987547
285,0.0498755
286,0.04991473
287,0.04991476
288,0.04991476
289,0.04991479
290,0.05
291,0.04999996
292,0.04999996
293,0.04999996
294,0.04991482
295,0.04991485
296,0.04991479
297,0.04991479
298,0.04991479
299,0.04991479
300,0.04991479
301,0.04991479
302,0.0499148
303,0.0499148
304,0.04991481
305,0.04999959
306,0.04999959
307,0.04999959
308,0.04991486
309,0.04991486
310,0.04991486
311,0.04999913
312,0.04999913
313,0.04991499
314,0.04991499
315,0.04991499
316,0.04991513
317,0.04991513
318,0.04991513
319,0.04991536
320,0.04991536
321,0.04991536
322,0.04991536
323,0.04991536
324,0.04999942
325,0.04991479
326,0.04991479
327,0.04991479
328,0.04991473
329,0.04984918
330,0.04984918
331,0.04984918
332,0.04984918
333,0.04984918
334,0.04984918
335,0.04984921
336,0.04984921
337,0.04999851
338,0.04999847
339,0.04984936
340,0.04984936
341,0.04984936
342,0.04984962
343,0.04984962
344,0.04984962
345,0.04984962
346,0.04984962
347,0.04985001
348,0.04985001
349,0.04985001
350,0.04985001
351,0.04985001
352,0.04985001
353,0.04985001
354,0.0498505
355,0.04999749
356,0.04985068
357,0.04985068
358,0.04985068
359,0.04985074
360,0.04985077
361,0.0498508
362,0.0498508
363,0.0498508
364,0.04985083
365,0.04999657
366,0.04999657
367,0.04999657
368,0.04985109
369,0.04985115
370,0.04999627
371,0.04999627
372,0.04999627
373,0.04999627
374,0.04999627
375,0.04999627
376,0.04999627
377,0.04999578
378,0.0499956
379,0.04999559
380,0.04999559
381,0.04999559
382,0.04985074
383,0.04985077
384,0.04985077
385,0.04985077
386,0.04985074
387,0.04985074
388,0.04985074
389,0.04985074
390,0.04985073
391,0.04985073
392,0.04985073
393,0.04985074
394,0.0498497
395,0.04984973
396,0.04984973
397,0.04985074
398,0.04985074
399,0.04985103
400,0.04985109
401,0.04985112
402,0.04985112
403,0.04989999
404,0.0499
405,0.0499
406,0.0499
407,0.04990008
408,0.04990012
409,0.04999701
410,0.04985112
411,0.04985112
412,0.0498513
413,0.0498513
414,0.04985133
415,0.04985139
416,0.04985139
417,0.04999648
418,0.04999648
419,0.04999629
420,0.04999623
421,0.04985195
422,0.04985203
423,0.04999616
424,0.04999616
425,0.04999611
426,0.04999611
427,0.04999611
428,0.04999611
429,0.04999611
430,0.04999611
431,0.04999595
432,0.04999595
433,0.04985293
434,0.04985296
435,0.04985296
436,0.04985322
437,0.04985322
438,0.04985322
439,0.04985322
440,0.04985322
441,0.04985322
442,0.04999697
443,0.04999697
444,0.04985398
445,0.04985398
446,0.04998993
447,0.04998993
448,0.04985423
449,0.04985423
450,0.04985423
451,0.04985442
452,0.04985442
453,0.04985442
454,0.04985442
455,0.04985442
456,0.04985489
457,0.04985489
458,0.04985489
459,0.04985489
460,0.04985489
461,0.04985489
462,0.04985537
463,0.04985537
464,0.04985537
465,0.04985558
466,0.04985558
467,0.04985558
468,0.04985558
469,0.04985558
470,0.04985607
471,0.04985607
472,0.04985607
473,0.04985631
474,0.04985637
475,0.04985643
476,0.04985643
477,0.04985643
478,0.04985643
479,0.04998866
480,0.04998866
481,0.04985682
482,0.04985682
483,0.04985682
484,0.04985682
485,0.04985637
486,0.04985637
487,0.04983145
488,0.0497
489,0.04965213
490,0.04965213
491,0.04964731
492,0.04964731
493,0.04963363
494,0.04963363
495,0.04964718
496,0.04964706
497,0.04963364
498,0.04963364
499,0.04963364
500,0.04964731
501,0.04964731
502,0.04963371
503,0.04963371
504,0.04963371
505,0.04963367
506,0.04964731
507,0.04964731
508,0.04964731
509,0.04963391
510,0.04963391
511,0.0495097
512,0.0495835
513,0.04958349
514,0.04950001
515,0.04950001
516,0.04963386
517,0.04963386
518,0.04950024
519,0.04978385
520,0.04950048
521,0.04950064
522,0.04950072
523,0.04950072
524,0.04950072
525,0.04950072
526,0.04950105
527,0.04950105
528,0.04985586
529,0.04950136
530,0.04950143
531,0.04985549
532,0.04985549
533,0.04985549
534,0.04985549
535,0.04985549
536,0.04985549
537,0.04985549
538,0.04985549
539,0.04985549
540,0.04950259
541,0.04950259
542,0.04967746
543,0.04950287
544,0.04967741
545,0.04967741
546,0.04967741
547,0.04967741
548,0.04967741
549,0.04967741
550,0.04967741
551,0.04967717
552,0.04967717
553,0.04967717
554,0.04967746
555,0.04967746
556,0.04967746
557,0.04967746
558,0.04967746
559,0.04967746
560,0.04967745
561,0.04967745
562,0.04967745
563,0.04967745
564,0.04967745
565,0.04967745
566,0.04967745
567,0.04967745
568,0.04967746
569,0.04967746
570,0.04967767
571,0.04967767
572,0.04967767
573,0.04967767
574,0.04967767
575,0.04967767
576,0.04967767
577,0.04985247
578,0.04985247
579,0.04985247
580,0.04985247
581,0.04967781
582,0.04967781
583,0.04967781
584,0.04967781
585,0.04967803
586,0.04967803
587,0.04967803
588,0.04967803
589,0.04967806
590,0.04967809
591,0.04967809
592,0.04967809
593,0.04967812
594,0.04967815
595,0.04967815
596,0.04985025
597,0.04985025
598,0.04985025
599,0.04985025
600,0.04985025
601,0.04967816
602,0.04967816
603,0.04967745
604,0.04967745
605,0.04967745
606,0.04967745
607,0.04967771
608,0.04967777
609,0.04953561
610,0.04967777
611,0.0495357
612,0.0495357
613,0.04953589
614,0.04967777
615,0.04953601
616,0.04953601
617,0.04953605
618,0.04953605
619,0.04953613
620,0.04953613
621,0.04953613
622,0.04953613
623,0.04953614
624,0.04953614
625,0.04953614
626,0.04953616
627,0.04953614
628,0.04953614
629,0.04953614
630,0.04953613
631,0.04953613
632,0.04953613
633,0.04953613
634,0.04953613
635,0.04953614
636,0.04953614
637,0.04953613
638,0.04953613
639,0.04959999
640,0.04959999
641,0.04959999
642,0.04958888
643,0.04958888
644,0.04958888
645,0.04958888
646,0.04958888
647,0.04959999
648,0.04959999
649,0.04959997
650,0.04959997
651,0.04967586
652,0.04967586
653,0.04967815
654,0.04967815
655,0.04967815
656,0.04967815
657,0.04967815
658,0.04967815
659,0.04967815
660,0.04967815
661,0.04967815
662,0.04967815
663,0.04967815
664,0.04958893
665,0.04958896
666,0.04958896
667,0.04958896
668,0.04958896
669,0.04958896
670,0.04958899
671,0.04958899
672,0.04958902
673,0.04958902
674,0.04958902
675,0.04958905
676,0.04967814
677,0.04967815
678,0.04967815
679,0.04967815
680,0.04967818
681,0.04967815
682,0.04967815
683,0.04967815
684,0.04967815
685,0.04967815
686,0.04967814
687,0.04959876
688,0.04967806
689,0.04967806
690,0.04967806
691,0.04967806
692,0.04958905
693,0.04958905
694,0.04958905
695,0.04958905
696,0.04958905
697,0.04958911
698,0.04967749
699,0.04967749
700,0.04967749
701,0.04967749
702,0.04958918
703,0.04958918
704,0.04967745
705,0.04958938
706,0.04958938
707,0.04967814
708,0.04967814
709,0.04967761
710,0.04967814
711,0.04967814
712,0.04967814
713,0.04967814
714,0.04967814
715,0.04967814
716,0.04967807
717,0.04967813
718,0.04981216
719,0.04981216
720,0.04981216
721,0.04981216
722,0.04981216
723,0.04981216
724,0.04981216
725,0.04967854
726,0.04967854
727,0.04967861
728,0.04967861
729,0.04967861
730,0.04967861
731,0.04967861
732,0.04967861
733,0.04967861
734,0.04967861
735,0.04967917
736,0.04967917
737,0.04967917
738,0.04967917
739,0.04984981
740,0.04984981
741,0.04984981
742,0.04967969
743,0.04967969
744,0.04967969
745,0.04967994
746,0.04967994
747,0.04967994
748,0.04967994
749,0.049849
750,0.04968021
751,0.04968021
752,0.04968021
753,0.04979996
754,0.04979996
755,0.04979996
756,0.04979996
757,0.04979996
758,0.04967823
759,0.04967823
760,0.04967823
761,0.04967823
762,0.04967823
763,0.04963165
764,0.04963165
765,0.04963165
766,0.04963165
767,0.04962578
768,0.04962578
769,0.04962591
770,0.04962591
771,0.04962591
772,0.04962591
773,0.04962591
774,0.0496073
775,0.0496073
776,0.0496073
777,0.0497
778,0.0497
779,0.04960753
780,0.04960753
781,0.04960753
782,0.0496077
783,0.0496077
784,0.04960781
785,0.04960781
786,0.04960801
787,0.04960801
788,0.04960801
789,0.04960814
790,0.04960814
791,0.04960825
792,0.04960825
793,0.04960825
794,0.04963
795,0.04958938
796,0.04958938
797,0.04958938
798,0.04958938
799,0.04958938
800,0.04958938
801,0.04958938
802,0.04958938
803,0.04958938
804,0.04958938
805,0.0495895
806,0.0495895
807,0.0495895
808,0.0496697
809,0.0496697
810,0.04966946
811,0.04966946
812,0.04966946
813,0.04966946
814,0.04958939
815,0.04958939
816,0.04958939
817,0.04958939
818,0.04966882
819,0.04966882
820,0.04966882
821,0.04966882
822,0.04966882
823,0.04966882
824,0.04966822
825,0.04977996
826,0.04966847
827,0.04966847
828,0.04966861
829,0.04966864
830,0.04966875
831,0.04966875
832,0.04966882
833,0.04966885
834,0.04966888
835,0.04966888
836,0.04976893
837,0.04966897
838,0.04966897
839,0.049762
840,0.049762
841,0.049762
842,0.0496695
843,0.0496695
844,0.04966968
845,0.04966968
846,0.04966971
847,0.04966971
848,0.04966971
849,0.04966971
850,0.04976893
851,0.04976893
852,0.04976893
853,0.04967022
854,0.04967022
855,0.04967022
856,0.04967022
857,0.04967022
858,0.04967055
859,0.04967059
860,0.0496707
861,0.0496707
862,0.04976896
863,0.04967103
864,0.04967103
865,0.04967123
866,0.04967123
867,0.04967405
868,0.04976897
869,0.04967428
870,0.04976893
871,0.04976893
872,0.04976887
873,0.04976887
874,0.04976887
875,0.04967524
876,0.04967524
877,0.04967515
878,0.04967521
879,0.04967527
880,0.04967527
881,0.0496106
882,0.0496106
883,0.0496106
884,0.04961043
885,0.04961043
886,0.04961043
887,0.04967499
888,0.04967487
889,0.04967487
890,0.04967487
891,0.04976817
892,0.0495891
893,0.0495891
894,0.0495891
895,0.04958922
896,0.04958922
897,0.04958922
898,0.04958922
899,0.04958922
900,0.0495893
901,0.04958933
902,0.04958933
903,0.04958933
904,0.04958933
905,0.04958933
906,0.04958933
907,0.04958933
908,0.04958933
909,0.0496
910,0.0496
911,0.0496
912,0.04959999
913,0.04959999
914,0.04959999
915,0.04959999
916,0.04959999
917,0.04959999
918,0.04959999
919,0.04959999
920,0.04959999
921,0.04959999
922,0.04959999
923,0.04958902
924,0.04958902
925,0.04958889
926,0.04958887
927,0.04958887
928,0.04950002
929,0.04950002
930,0.04950002
931,0.04950002
932,0.04950009
933,0.04958887
934,0.04958887
935,0.04958887
936,0.04958887
937,0.0495001
938,0.0495001
939,0.0495001
940,0.04950011
941,0.04950011
942,0.04958887
943,0.04950002
944,0.04950002
945,0.04950002
946,0.04950002
947,0.04950002
948,0.04950002
949,0.04950003
950,0.04950003
951,0.04950003
952,0.04950003
953,0.04950003
954,0.04950003
955,0.04958905
956,0.0496
957,0.0496
958,0.0496
959,0.0496
960,0.0496
961,0.04960001
962,0.04960001
963,0.04960001
964,0.04979598
965,0.04979598
966,0.04979586
967,0.04979586
968,0.04979586
969,0.04979586
970,0.0497955
971,0.04979537
972,0.04960095
973,0.04960095
974,0.04960095
975,0.04960095
976,0.04960095
977,0.04979495
978,0.04979495
979,0.04979483
980,0.04979471
981,0.04979471
982,0.04979453
983,0.04979927
984,0.04979927
985,0.04979453
986,0.04979453
987,0.04979453
988,0.04979797
989,0.04979797
990,0.04979797
991,0.04979453
992,0.04979453
993,0.04979453
994,0.04979453
995,0.04979453
996,0.04979453
997,0.04979799
998,0.04972384
999,0.04972384
1000,0.04972384
1001,0.04979782
1002,0.04968455
1003,0.04968455
1004,0.04968456
1005,0.04979771
1006,0.04968467
1007,0.04968467
1008,0.04968479
1009,0.04968479
1010,0.04968489
1011,0.04968489
1012,0.04968489
1013,0.04968489
1014,0.04968489
1015,0.04968489
1016,0.04968546
1017,0.04968546
1018,0.04968557
1019,0.0496856
1020,0.0496856
1021,0.0496856
1022,0.0496856
1023,0.0496856
1024,0.0496886
1025,0.0496886
1026,0.0496886
1027,0.0496886
1028,0.0496886
1029,0.0496886
1030,0.0496886
1031,0.0496886
1032,0.0496886
1033,0.0496886
1034,0.0496886
1035,0.0496886
1036,0.0496886
1037,0.04965964
1038,0.04965964
1039,0.04965964
1040,0.04965964
1041,0.04979285
1042,0.04979285
1043,0.04979285
1044,0.04979285
1045,0.04979285
1046,0.0496597
1047,0.0496597
1048,0.0496597
1049,0.0496597
1050,0.04965973
1051,0.04965973
1052,0.04965973
1053,0.04979183
1054,0.04965994
1055,0.04979159
1056,0.04979159
1057,0.04979159
1058,0.04966024
1059,0.04966024
1060,0.04966024
1061,0.04966024
1062,0.04966048
1063,0.04966048
1064,0.04967469
1065,0.04967469
1066,0.04965
1067,0.04965
1068,0.04978936
1069,0.04978936
1070,0.04965
1071,0.04965
1072,0.04965001
1073,0.04965002
1074,0.04965002
1075,0.04965001
1076,0.04965001
1077,0.04965001
1078,0.04965001
1079,0.04965001
1080,0.04965001
1081,0.04965001
1082,0.04965001
1083,0.04965001
1084,0.04960221
1085,0.04960221
1086,0.04960221
1087,0.04960221
1088,0.04960221
1089,0.04960221
1090,0.0496022
1091,0.0496022
1092,0.0496022
1093,0.0496022
1094,0.0496022
1095,0.0496022
1096,0.0496022
1097,0.0496022
1098,0.0496022
1099,0.0496022
1100,0.04960218
1101,0.04960218
1102,0.04960218
1103,0.04959793
1104,0.04959793
1105,0.04959243
1106,0.04959243
1107,0.04959243
1108,0.04959243
1109,0.0495
1110,0.0495
1111,0.0495
1112,0.0495
1113,0.04959216
1114,0.0495
1115,0.0495
1116,0.0495
1117,0.0495
1118,0.0495
1119,0.0495
1120,0.04954985
1121,0.04954985
1122,0.04954985
1123,0.04951248
1124,0.04951248
1125,0.04951248
1126,0.04942641
1127,0.04942641
1128,0.04942641
1129,0.04940828
1130,0.04942643
1131,0.04942643
1132,0.0494083
1133,0.0494083
1134,0.0495
1135,0.0495
1136,0.0495
1137,0.0495
1138,0.04940831
1139,0.04940831
1140,0.04940831
1141,0.04940831
1142,0.0494083
1143,0.04940831
1144,0.04940831
1145,0.04940831
1146,0.0494083
1147,0.0494083
1148,0.0494083
1149,0.04940831
1150,0.04940831
1151,0.04940831
1152,0.04940831
1153,0.04940831
1154,0.04940831
1155,0.04940831
1156,0.04940831
1157,0.04940831
1158,0.04940831
1159,0.04940831
1160,0.04950997
1161,0.04940848
1162,0.04940848
1163,0.04940848
1164,0.04940856
1165,0.04940856
1166,0.04940856
1167,0.04945673
1168,0.04945673
1169,0.04945673
1170,0.04945673
1171,0.04945691
1172,0.04951
1173,0.04954989
1174,0.04954989
1175,0.04954989
1176,0.04955
1177,0.04955
1178,0.04955
1179,0.04955
1180,0.04955001
1181,0.04958996
1182,0.04955
1183,0.04955
1184,0.04958965
1185,0.04955
1186,0.04955
1187,0.04955
1188,0.04955
1189,0.04955
1190,0.04955
1191,0.04955
1192,0.04955
1193,0.04955
1194,0.04955001
1195,0.04964495
1196,0.04964495
1197,0.04964495
1198,0.04964495
1199,0.04964495
1200,0.04959738
1201,0.04959738
1202,0.04959738
1203,0.04952761
1204,0.04952767
1205,0.04952778
1206,0.04952785
1207,0.04952803
1208,0.04952803
1209,0.04952803
1210,0.04952803
1211,0.04952803
1212,0.04952838
1213,0.04952841
1214,0.04952841
1215,0.04952841
1216,0.04952841
1217,0.04952841
1218,0.04952841
1219,0.04952841
1220,0.04940899
1221,0.04940899
1222,0.04940899
1223,0.04940899
1224,0.04940899
1225,0.04945665
1226,0.04945665
1227,0.04945672
1228,0.04963808
1229,0.04963808
1230,0.04963808
1231,0.04993836
1232,0.04945715
1233,0.04945715
1234,0.04945737
1235,0.04945737
1236,0.04946012
1237,0.04946017
1238,0.04946017
1239,0.04946017
1240,0.04946225
1241,0.04946235
1242,0.04946235
1243,0.04946235
1244,0.04946321
1245,0.04946339
1246,0.04946339
1247,0.04946339
1248,0.04985
1249,0.04946379
1250,0.04946383
1251,0.04946383
1252,0.04984998
1253,0.04984998
1254,0.04984998
1255,0.049466
1256,0.04946609
1257,0.04946609
1258,0.04946626
1259,0.04946626
1260,0.0497027
1261,0.0497027
1262,0.0497027
1263,0.0497027
1264,0.0497027
1265,0.04946686
1266,0.04946698
1267,0.04946704
1268,0.04946704
1269,0.04946713
1270,0.04946713
1271,0.04946713
1272,0.04946713
1273,0.04946746
1274,0.04960241
1275,0.04946758
1276,0.04946761
1277,0.0494677
1278,0.04946373
1279,0.04960213
1280,0.04946373
1281,0.04946373
1282,0.0495
1283,0.0495
1284,0.0495
1285,0.0495
1286,0.0495
1287,0.0495
1288,0.0495
1289,0.0495
1290,0.0495
1291,0.0495
1292,0.04960125
1293,0.0495
1294,0.0495
1295,0.0495
1296,0.04945665
1297,0.04945665
1298,0.04945665
1299,0.04945665
1300,0.04945665
1301,0.04945665
1302,0.04945665
1303,0.04945665
1304,0.04945665
1305,0.04945665
1306,0.04945665
1307,0.04949998
1308,0.04945664
1309,0.04945664
1310,0.04945664
1311,0.04940828
1312,0.04940828
1313,0.04940828
1314,0.04940801
1315,0.04940801
1316,0.0494
1317,0.0494
1318,0.0494
1319,0.0494
1320,0.0494
1321,0.0494
1322,0.0494
1323,0.04939999
1324,0.04939999
1325,0.04939999
1326,0.04939999
1327,0.04939999
1328,0.04937301
1329,0.04937301
1330,0.04937301
1331,0.04937301
1332,0.04937302
1333,0.04930997
1334,0.04930206
1335,0.0493021
1336,0.0493021
1337,0.0493021
1338,0.0493023
1339,0.0493023
1340,0.0494
1341,0.0494
1342,0.0494
1343,0.04940023
1344,0.04960197
1345,0.04960197
1346,0.04960197
1347,0.0494568
1348,0.0494568
1349,0.04960215
1350,0.04960215
1351,0.04945694
1352,0.0496023
1353,0.0496023
1354,0.0493025
1355,0.0493025
1356,0.0493025
1357,0.0493025
1358,0.0493025
1359,0.04963949
1360,0.04963949
1361,0.04963949
1362,0.04930264
1363,0.04963917
1364,0.04963917
1365,0.04959692
1366,0.04947846
1367,0.04959673
1368,0.04959673
1369,0.04959673
1370,0.04959673
1371,0.04959673
1372,0.04959673
1373,0.0495965
1374,0.0495965
1375,0.0495965
1376,0.0495965
1377,0.0495965
1378,0.0495965
1379,0.0495965
1380,0.04959646
1381,0.04959646
1382,0.04947866
1383,0.04959647
1384,0.0494784
1385,0.0494784
1386,0.0494784
1387,0.0494784
1388,0.0494784
1389,0.0494784
1390,0.0494784
1391,0.0494784
1392,0.0494784
1393,0.0494784
1394,0.0494784
1395,0.0494784
1396,0.0494784
1397,0.04930265
1398,0.04947843
1399,0.04930265
1400,0.04930265
1401,0.04930265
1402,0.04930265
1403,0.04930264
1404,0.04930265
1405,0.04930265
1406,0.04930265
1407,0.04930264
1408,0.04930264
1409,0.0493
1410,0.04930265
1411,0.04930265
1412,0.04930265
1413,0.04928152
1414,0.04920111
1415,0.04921
1416,0.04921
1417,0.0493
1418,0.04919138
1419,0.04919138
1420,0.04919138
1421,0.04930261
1422,0.04919139
1423,0.04919139
1424,0.04919139
1425,0.04919138
1426,0.04919138
1427,0.04919138
1428,0.04919138
1429,0.04919138
1430,0.04924635
1431,0.04919138
1432,0.04919138
1433,0.04919138
1434,0.04919138
1435,0.04924606
1436,0.049246
1437,0.04919138
1438,0.04919999
1439,0.04917786
1440,0.04917786
1441,0.04917783
1442,0.04917783
1443,0.04917779
1444,0.04917779
1445,0.04917779
1446,0.04913557
1447,0.04913557
1448,0.04926073
1449,0.04948536
1450,0.04948536
1451,0.04913595
1452,0.0496064
1453,0.04913902
1454,0.04913902
1455,0.04913902
1456,0.04913902
1457,0.04913902
1458,0.04913902
1459,0.04913902
1460,0.04913902
1461,0.04947588
1462,0.04947588
1463,0.04959985
1464,0.04959985
1465,0.04959985
1466,0.04917831
1467,0.04959981
1468,0.04959981
1469,0.04917867
1470,0.04917867
1471,0.04917867
1472,0.04917867
1473,0.04917867
1474,0.04917867
1475,0.04917912
1476,0.04917912
1477,0.04917912
1478,0.04917912
1479,0.04917912
1480,0.04917912
1481,0.04917912
1482,0.04917912
1483,0.04959975
1484,0.04959975
1485,0.04959975
1486,0.04959975
1487,0.04959971
1488,0.04959971
1489,0.04959971
1490,0.04959971
1491,0.04959971
1492,0.04959971
1493,0.04919072
1494,0.04919072
1495,0.04919072
1496,0.04923008
1497,0.04923008
1498,0.04923008
1499,0.04923036
1500,0.04923036
1501,0.04923036
1502,0.04942455
1503,0.04942455
1504,0.04942455
1505,0.04923076
1506,0.04923076
1507,0.04923076
1508,0.04923076
1509,0.04942447
1510,0.04942447
1511,0.04942447
1512,0.04923139
1513,0.04923139
1514,0.04923139
1515,0.04923166
1516,0.04923175
1517,0.04923175
1518,0.04923191
1519,0.04923191
1520,0.04923206
1521,0.04923206
1522,0.04923227
1523,0.0492323
1524,0.04942357
1525,0.04923242
1526,0.04923242
1527,0.0492326
1528,0.0492326
1529,0.04923269
1530,0.04923269
1531,0.04923269
1532,0.04923275
1533,0.04923275
1534,0.04923281
1535,0.04923284
1536,0.04923284
1537,0.04923284
1538,0.04923284
1539,0.04923
1540,0.04942188
1541,0.04923
1542,0.04923
1543,0.04923
1544,0.04942149
1545,0.04942149
1546,0.04942149
1547,0.04942149
1548,0.04942149
1549,0.04942149
1550,0.04942149
1551,0.04939997
1552,0.04939997
1553,0.04939997
1554,0.04939997
1555,0.04941004
1556,0.04941007
1557,0.04949897
1558,0.04926804
1559,0.04926804
1560,0.04926804
1561,0.04926804
1562,0.04926804
1563,0.0492375
1564,0.0492375
1565,0.0492375
1566,0.04949843
1567,0.04949843
1568,0.04949843
1569,0.04949843
1570,0.04949812
1571,0.04949809
1572,0.04924001
1573,0.04924002
1574,0.04924002
1575,0.04924002
1576,0.04924002
1577,0.04939891
1578,0.04939891
1579,0.04939891
1580,0.04939891
1581,0.04939854
1582,0.04924032
1583,0.04924032
1584,0.04924032
1585,0.04924032
1586,0.04924032
1587,0.04924065
1588,0.04924065
1589,0.04924065
1590,0.04924065
1591,0.04924065
1592,0.04924065
1593,0.04958983
1594,0.04958971
1595,0.04958971
1596,0.04958965
1597,0.0495895
1598,0.0495895
1599,0.04924191
1600,0.04959978
1601,0.04924207
1602,0.04959978
1603,0.04924235
1604,0.04924235
1605,0.04924235
1606,0.04924235
1607,0.04924235
1608,0.0494
1609,0.04945667
1610,0.04945667
1611,0.04945667
1612,0.04945667
1613,0.04945667
1614,0.04945667
1615,0.04945712
1616,0.04945712
1617,0.04945712
1618,0.04945712
1619,0.04945712
1620,0.04946001
1621,0.04946001
1622,0.0494601
1623,0.0494601
1624,0.04946023
1625,0.04946023
1626,0.04946023
1627,0.04946023
1628,0.04946023
1629,0.04946023
1630,0.04946023
1631,0.04946023
1632,0.04946023
1633,0.04946023
1634,0.04946023
1635,0.04946099
1636,0.04946161
1637,0.04946161
1638,0.04946944
1639,0.04946944
1640,0.04976641
1641,0.04976641
1642,0.0495
1643,0.0495
1644,0.0495
1645,0.04946226
1646,0.0495
1647,0.04946242
1648,0.04946249
1649,0.04976129
1650,0.04976129
1651,0.04976129
1652,0.0495125
1653,0.04968182
1654,0.04968186
1655,0.04979997
1656,0.04979997
1657,0.04965113
1658,0.04965119
1659,0.04965119
1660,0.04965119
1661,0.04965143
1662,0.04965149
1663,0.04979997
1664,0.04979997
1665,0.04965149
1666,0.04965149
1667,0.0497
1668,0.04961922
1669,0.04961922
1670,0.04961922
1671,0.04961922
1672,0.0496192
1673,0.0496192
1674,0.0496192
1675,0.0496192
1676,0.0496192
1677,0.0496192
1678,0.0496192
1679,0.0496192
1680,0.0496192
1681,0.0496192
1682,0.0496192
1683,0.0496192
1684,0.04961916
1685,0.04961919
1686,0.04961919
1687,0.0496192
1688,0.0496192
1689,0.0498777
1690,0.04987758
1691,0.04987758
1692,0.04987758
1693,0.04987758
1694,0.04987758
1695,0.04987758
1696,0.04987758
1697,0.0496198
1698,0.0496198
1699,0.04961997
1700,0.04961997
1701,0.04961997
1702,0.04961997
1703,0.04961997
1704,0.04961997
1705,0.04961997
1706,0.04961997
1707,0.04962019
1708,0.04962022
1709,0.04962022
1710,0.04962022
1711,0.04979997
1712,0.04979994
1713,0.04962066
1714,0.04962066
1715,0.04962082
1716,0.04979994
1717,0.04979994
1718,0.04979994
1719,0.04979994
1720,0.04979994
1721,0.04966855
1722,0.04966855
1723,0.0497999
1724,0.0497999
1725,0.04966886
1726,0.04966889
1727,0.04966901
1728,0.0496691
1729,0.0496691
1730,0.04966923
1731,0.04966923
1732,0.04966944
1733,0.04966944
1734,0.04966956
1735,0.04966962
1736,0.04966962
1737,0.04966984
1738,0.04966984
1739,0.04979987
1740,0.04960577
1741,0.04960586
1742,0.04960589
1743,0.04960595
1744,0.04960607
1745,0.04960607
1746,0.04960616
1747,0.04960624
1748,0.04961894
1749,0.04960639
1750,0.04960639
1751,0.04960655
1752,0.04960662
1753,0.04960674
1754,0.04979917
1755,0.04961901
1756,0.04961911
1757,0.04961908
1758,0.04961908
1759,0.04979893
1760,0.0497989
1761,0.0497989
1762,0.0497989
1763,0.0497989
1764,0.04979988
1765,0.04979988
1766,0.04979943
1767,0.04979961
1768,0.04979967
1769,0.0497997
1770,0.0497997
1771,0.0497997
1772,0.0497997
1773,0.04979988
1774,0.04979988
1775,0.04979988
1776,0.04979988
1777,0.04979987
1778,0.04979987
1779,0.04979989
1780,0.04979988
1781,0.04979988
1782,0.04979989
1783,0.04979989
1784,0.04979948
1785,0.04970028
1786,0.04979987
1787,0.04970043
1788,0.04970043
1789,0.04970043
1790,0.04970073
1791,0.04979987
1792,0.04979987
1793,0.0497999
1794,0.0497999
1795,0.0497999
1796,0.04980002
1797,0.04980002
1798,0.04986057
1799,0.04980029
1800,0.04980029
1801,0.04986099
1802,0.04986099
1803,0.04980042
1804,0.04980045
1805,0.04980045
1806,0.04980045
1807,0.04980045
1808,0.04979999
1809,0.04980045
1810,0.04980045
1811,0.04980045
1812,0.04980045
1813,0.04980045
1814,0.04987935
1815,0.04980091
1816,0.04980097
1817,0.04980097
1818,0.04980097
1819,0.04980097
1820,0.04982122
1821,0.04982122
1822,0.04987894
1823,0.04987894
1824,0.04987894
1825,0.04992567
1826,0.04997392
1827,0.04997392
1828,0.04982175
1829,0.04982175
1830,0.04982175
1831,0.05
1832,0.04989024
1833,0.04989027
1834,0.05
1835,0.05
1836,0.05
1837,0.05
1838,0.05000001
1839,0.05000001
1840,0.05
1841,0.05
1842,0.05
1843,0.05001689
1844,0.05001689
1845,0.05001689
1846,0.0500394
1847,0.05004217
1848,0.05004217
1849,0.05004217
1850,0.05004217
1851,0.05004217
1852,0.05004217
1853,0.05004217
1854,0.05004217
1855,0.05004217
1856,0.05004217
1857,0.05004651
1858,0.05004217
1859,0.05004217
1860,0.05008873
1861,0.05008873
1862,0.05008916
1863,0.05008873
1864,0.05008873
1865,0.05008873
1866,0.04992254
1867,0.04990996
1868,0.04992254
1869,0.04989185
1870,0.04989185
1871,0.04989185
1872,0.04989185
1873,0.04989185
1874,0.04989185
1875,0.04989185
1876,0.04992254
1877,0.04992254
1878,0.04992254
1879,0.04992254
1880,0.04992254
1881,0.04992254
1882,0.04992254
1883,0.04992254
1884,0.04992254
1885,0.04992254
1886,0.04992254
1887,0.04992254
1888,0.04992254
1889,0.04992275
1890,0.04992275
1891,0.04992275
1892,0.04992275
1893,0.04992295
1894,0.04993299
1895,0.04993305
1896,0.04993305
1897,0.04993305
1898,0.04975303
1899,0.04975303
1900,0.04975303
1901,0.04975303
1902,0.04975303
1903,0.05001284
1904,0.05001284
1905,0.05001284
1906,0.04975331
1907,0.04975331
1908,0.04975331
1909,0.04987978
1910,0.04987978
1911,0.04987978
1912,0.04987978
1913,0.04987978
1914,0.04987978
1915,0.04987978
1916,0.04987978
1917,0.04987978
1918,0.04987978
1919,0.04987978
1920,0.04999897
1921,0.04990503
1922,0.04990503
1923,0.04992483
1924,0.04992483
1925,0.04992483
1926,0.04995523
1927,0.04995523
1928,0.04995523
1929,0.04999892
1930,0.04999892
1931,0.04999892
1932,0.04998189
1933,0.04998189
1934,0.04999866
1935,0.04999866
1936,0.04999855
1937,0.04999855
1938,0.04999855
1939,0.0499984
1940,0.04974825
1941,0.04974825
1942,0.04999816
1943,0.04999816
1944,0.04999816
1945,0.04999804
1946,0.04999804
1947,0.04999804
1948,0.04999804
1949,0.04974879
1950,0.04962101
1951,0.04962101
1952,0.04962101
1953,0.04962101
1954,0.04962101
1955,0.04962101
1956,0.04962104
1957,0.04962104
1958,0.04962104
1959,0.04974835
1960,0.04974835
1961,0.04974835
1962,0.04974835
1963,0.04974801
1964,0.04961908
1965,0.04961906
1966,0.04961906
1967,0.04961907
1968,0.04961907
1969,0.04961907
1970,0.04961907
1971,0.04961907
1972,0.04955228
1973,0.04955228
1974,0.04974774
1975,0.04974772
1976,0.04974772
1977,0.04974772
1978,0.04974772
1979,0.04955175
1980,0.04955166
1981,0.04955166
1982,0.04955173
1983,0.04955173
1984,0.04974752
1985,0.04974752
1986,0.04974752
1987,0.04974752
1988,0.04974752
1989,0.04974716
1990,0.04974716
1991,0.04974716
1992,0.04974695
1993,0.04974689
1994,0.04974689
1995,0.04974689
1996,0.04955182
1997,0.04955182
1998,0.04955182
1999,0.04955182
2000,0.04955182
2001,0.04974639
2002,0.04974639
2003,0.04955194
2004,0.04955194
2005,0.04955194
2006,0.04959245
2007,0.04959245
2008,0.04959263
2009,0.04959266
2010,0.04959266
2011,0.04959266
2012,0.04959266
2013,0.04959296
2014,0.04962651
2015,0.04962654
2016,0.04962654
2017,0.04962672
2018,0.04962681
2019,0.04962681
2020,0.04962681
2021,0.04962681
2022,0.04962681
2023,0.04962681
2024,0.04962681
2025,0.04962681
2026,0.04962733
2027,0.04962745
2028,0.04962745
2029,0.04962745
2030,0.04986602
2031,0.04986602
2032,0.04962779
2033,0.04962779
2034,0.04962779
2035,0.049498
2036,0.04949904
2037,0.04949904
2038,0.04949904
2039,0.04949904
2040,0.0496275
2041,0.04962739
2042,0.04962737
2043,0.04962736
2044,0.04962736
2045,0.04962736
2046,0.04962737
2047,0.04962737
2048,0.04962737
2049,0.04962737
2050,0.04962737
2051,0.04962737
2052,0.04947918
2053,0.04947918
2054,0.0494793
2055,0.0494793
2056,0.0494793
2057,0.0494793
2058,0.0494793
2059,0.04947979
2060,0.04947979
2061,0.04947988
2062,0.04947988
2063,0.04947988
2064,0.04948013
2065,0.04948013
2066,0.04948013
2067,0.04948013
2068,0.04948043
2069,0.04948043
2070,0.04948043
2071,0.04948047
2072,0.04948047
2073,0.0494805
2074,0.04962649
2075,0.04948044
2076,0.04948044
2077,0.04948044
2078,0.04948044
2079,0.04948044
2080,0.04947852
2081,0.04947852
2082,0.04947852
2083,0.04947852
2084,0.04947851
2085,0.0494785
2086,0.0494785
2087,0.0494785
2088,0.0494785
2089,0.0494785
2090,0.04945665
2091,0.04924309
2092,0.04924309
2093,0.04924309
2094,0.04934312
2095,0.04934312
2096,0.04934312
2097,0.04934312
2098,0.04934312
2099,0.04934312
2100,0.04934312
2101,0.04924322
2102,0.04924322
2103,0.04934309
2104,0.04934309
2105,0.04927006
2106,0.04927006
2107,0.04934308
2108,0.04934308
2109,0.04934308
2110,0.04934308
2111,0.04928003
2112,0.04928006
2113,0.04928006
2114,0.04928006
2115,0.04928006
2116,0.04928006
2117,0.04934322
2118,0.04934322
2119,0.04934322
2120,0.04934322
2121,0.04934322
2122,0.04934322
2123,0.04934322
2124,0.04934322
2125,0.04934322
2126,0.04924404
2127,0.04924404
2128,0.04929997
2129,0.04929799
2130,0.04925001
2131,0.049298
2132,0.04934319
2133,0.04934319
2134,0.04929799
2135,0.04929799
2136,0.04929799
2137,0.0493
2138,0.04929799
2139,0.04934313
2140,0.04934313
2141,0.04934313
2142,0.04934312
2143,0.04934312
2144,0.04934322
2145,0.04934322
2146,0.04934322
2147,0.0493999
2148,0.04934311
2149,0.04934307
2150,0.04934307
2151,0.04934307
2152,0.04934291
2153,0.04934291
2154,0.04934291
2155,0.04934306
2156,0.04934306
2157,0.04934306
2158,0.04934294
2159,0.04934294
2160,0.04934291
2161,0.04934291
2162,0.04934291
2163,0.04934291
2164,0.04934291
2165,0.04934291
2166,0.04934291
2167,0.04934291
2168,0.04934291
2169,0.04934291
2170,0.04934291
2171,0.04934291
2172,0.04934291
2173,0.04934291
2174,0.04934291
2175,0.04934291
2176,0.04934291
2177,0.04934292
2178,0.04934292
2179,0.04934292
2180,0.04934298
2181,0.04934298
2182,0.04934311
2183,0.04934311
2184,0.04934311
2185,0.04934311
2186,0.04934291
2187,0.04934291
2188,0.04925001
2189,0.04925
2190,0.04920002
2191,0.04905288
2192,0.04916037
2193,0.04916037
2194,0.04916037
2195,0.04916037
2196,0.04916037
2197,0.04916037
2198,0.0493992
2199,0.0493992
2200,0.04939917
2201,0.0494
2202,0.04947842
2203,0.04944293
2204,0.04944305
2205,0.04944305
2206,0.04944305
2207,0.04944305
2208,0.04944329
2209,0.04944329
2210,0.04947836
2211,0.04929452
2212,0.04947845
2213,0.04947845
2214,0.04947845
2215,0.04947845
2216,0.04947845
2217,0.04939533
2218,0.04939539
2219,0.04939539
2220,0.04939539
2221,0.04939539
2222,0.04939539
2223,0.04919755
2224,0.04919755
2225,0.04919755
2226,0.04919755
2227,0.04919755
2228,0.04919755
2229,0.04919761
2230,0.04919761
2231,0.04919761
2232,0.04919761
2233,0.04919761
2234,0.0492
2235,0.0492
2236,0.04920007
2237,0.04920012
2238,0.04920012
2239,0.04920012
2240,0.04920027
2241,0.04930126
2242,0.04930126
2243,0.04930126
2244,0.04920049
2245,0.04920049
2246,0.04920049
2247,0.04920049
2248,0.04927916
2249,0.0493
2250,0.0493
2251,0.0493
2252,0.0493
2253,0.0493
2254,0.0493
2255,0.0493
2256,0.04947631
2257,0.04947631
2258,0.04947631
2259,0.04947631
2260,0.04947631
2261,0.04947631
2262,0.04947631
2263,0.04947631
2264,0.04947564
2265,0.04947564
2266,0.04930108
2267,0.04930075
2268,0.04920004
2269,0.04920017
2270,0.04920017
2271,0.04930108
2272,0.04920035
2273,0.04920035
2274,0.04920044
2275,0.04920044
2276,0.04920044
2277,0.04920044
2278,0.04930108
2279,0.04920092
2280,0.04920092
2281,0.04920092
2282,0.04920092
2283,0.04930108
2284,0.04930108
2285,0.04930109
2286,0.04930115
2287,0.04931108
2288,0.04931108
2289,0.04931108
2290,0.04931108
2291,0.04931108
2292,0.04931109
2293,0.04931108
2294,0.04931108
2295,0.04931108
2296,0.04931108
2297,0.04931108
2298,0.04931108
2299,0.04931108
2300,0.04931108
2301,0.04943854
2302,0.04943848
2303,0.04947631
2304,0.04947631
2305,0.04931135
2306,0.04947631
2307,0.04947631
2308,0.04931164
2309,0.04931164
2310,0.04931164
2311,0.04931164
2312,0.04931164
2313,0.04931164
2314,0.04947851
2315,0.04947851
2316,0.04947851
2317,0.04947851
2318,0.04947851
2319,0.04955612
2320,0.04955612
2321,0.04955612
2322,0.04955612
2323,0.04955612
2324,0.04955612
2325,0.04931311
2326,0.04931311
2327,0.049211
2328,0.049211
2329,0.0492
2330,0.04930297
2331,0.04930297
2332,0.049293
2333,0.04928794
2334,0.04920003
2335,0.04928494
2336,0.04928487
2337,0.04928484
2338,0.0491604
2339,0.04930294
2340,0.04930294
2341,0.04929797
2342,0.04916053
2343,0.04916061
2344,0.04916061
2345,0.04923638
2346,0.04923637
2347,0.04907901
2348,0.04923097
2349,0.04922597
2350,0.04923085
2351,0.0491
2352,0.04923068
2353,0.0491
2354,0.049079
2355,0.049
2356,0.049
2357,0.04923015
2358,0.049
2359,0.049
2360,0.049049
2361,0.049049
2362,0.04919603
2363,0.04888047
2364,0.04919589
2365,0.04919586
2366,0.04931308
2367,0.04934111
2368,0.04934121
2369,0.04934121
2370,0.04934374
2371,0.04934412
2372,0.049556
2373,0.049556
2374,0.0496
2375,0.0496
2376,0.0496
2377,0.0496
2378,0.0496
2379,0.04929907
2380,0.04929907
2381,0.04962693
2382,0.04962693
2383,0.04962693
2384,0.04971059
2385,0.04971059
2386,0.04971059
2387,0.04971059
2388,0.04971059
2389,0.04971059
2390,0.04971057
2391,0.04971057
2392,0.04931402
2393,0.04931402
2394,0.04971057
2395,0.04979489
2396,0.04979489
2397,0.04979489
2398,0.04931464
2399,0.04961051
2400,0.04961039
2401,0.04961039
2402,0.04961039
2403,0.04961028
2404,0.04961028
2405,0.04959997
2406,0.04959997
2407,0.04959997
2408,0.04959997
2409,0.04931542
2410,0.04931557
2411,0.04959985
2412,0.04931579
2413,0.04931579
2414,0.04931598
2415,0.04931598
2416,0.04931598
2417,0.04931598
2418,0.04931598
2419,0.04931814
2420,0.04932004
2421,0.04932004
2422,0.04932023
2423,0.04932023
2424,0.04937519
2425,0.0493752
2426,0.04937522
2427,0.04937522
2428,0.04937522
2429,0.04937522
2430,0.04956099
2431,0.04956099
2432,0.04956109
2433,0.04956118
2434,0.0495848
2435,0.04958486
2436,0.0496
2437,0.04958495
2438,0.04958495
2439,0.04947388
2440,0.0493141
2441,0.0493141
2442,0.04939988
2443,0.04939988
2444,0.04939988
2445,0.04931409
2446,0.04931409
2447,0.04939951
2448,0.04906505
2449,0.04906505
2450,0.04939927
2451,0.04939927
2452,0.04926136
2453,0.04926136
2454,0.0492613
2455,0.04926127
2456,0.04926127
2457,0.04926148
2458,0.04926142
2459,0.04926142
2460,0.04926142
2461,0.04900357
2462,0.04900371
2463,0.04900371
2464,0.04926148
2465,0.04926148
2466,0.04926148
2467,0.0490582
2468,0.04939969
2469,0.04939969
2470,0.04939969
2471,0.04939969
2472,0.0492618
2473,0.0492618
2474,0.0492618
2475,0.0492618
2476,0.0494
2477,0.0494
2478,0.04926225
2479,0.04955759
2480,0.04955759
2481,0.04955752
2482,0.04927442
2483,0.04927452
2484,0.04927452
2485,0.04927452
2486,0.04952153
2487,0.04952139
2488,0.04952139
2489,0.04952139
2490,0.04951136
2491,0.04951136
2492,0.04939984
2493,0.04939991
2494,0.04939991
2495,0.04939997
2496,0.04951097
2497,0.04951097
2498,0.04951097
2499,0.04951097
2500,0.04951097
2501,0.04951084
2502,0.04951084
2503,0.04951084
2504,0.04951084
2505,0.04940025
2506,0.04940033
2507,0.04940033
2508,0.04940049
2509,0.04951041
2510,0.04951041
2511,0.04951041
2512,0.04951038
2513,0.04951038
2514,0.04940012
2515,0.0494002
2516,0.04940032
2517,0.04940032
2518,0.04940032
2519,0.04940032
2520,0.04940032
2521,0.04940032
2522,0.04940032
2523,0.04940032
2524,0.04940032
2525,0.04940032
2526,0.04951038
2527,0.04951038
2528,0.04951038
2529,0.04951039
2530,0.04951038
2531,0.04951038
2532,0.04951039
2533,0.04951038
2534,0.04951038
2535,0.04946086
2536,0.04946086
2537,0.0494
2538,0.0494
2539,0.0494
2540,0.0494
2541,0.0494
2542,0.04939968
2543,0.04938425
2544,0.04938425
2545,0.04937436
2546,0.04937436
2547,0.04929861
2548,0.04929861
2549,0.04937425
2550,0.0494362
2551,0.0494362
2552,0.0494362
2553,0.0494362
2554,0.0493568
2555,0.04926802
2556,0.04926802
2557,0.04926818
2558,0.04926824
2559,0.04926824
2560,0.04926824
2561,0.04926824
2562,0.04926824
2563,0.04931182
2564,0.04931182
2565,0.04931182
2566,0.04931182
2567,0.04931182
2568,0.0492691
2569,0.04931188
2570,0.04931188
2571,0.04931204
2572,0.04931182
2573,0.04931182
2574,0.04931182
2575,0.04931182
2576,0.04931182
2577,0.04931182
2578,0.04926766
2579,0.04926766
2580,0.04926766
2581,0.04926766
2582,0.04926766
2583,0.04926766
2584,0.04926766
2585,0.04926767
2586,0.04926767
2587,0.04889607
2588,0.04889607
2589,0.04926763
2590,0.04926763
2591,0.04889624
2592,0.04889624
2593,0.04889624
2594,0.04889624
2595,0.04889624
2596,0.04889632
2597,0.04909201
2598,0.04889636
2599,0.04889636
2600,0.049
2601,0.049
2602,0.04909202
2603,0.04919017
2604,0.04919017
2605,0.04919017
2606,0.04902281
2607,0.04902284
2608,0.04902287
2609,0.04902287
2610,0.04902275
2611,0.04902275
2612,0.04902275
2613,0.04902275
2614,0.04918968
2615,0.04918968
2616,0.04918956
2617,0.04918956
2618,0.0492
2619,0.04926757
2620,0.04926757
2621,0.04923349
2622,0.04923349
2623,0.04923349
2624,0.04923349
2625,0.04923349
2626,0.04925036
2627,0.0493931
2628,0.04926723
2629,0.04926723
2630,0.04926723
2631,0.04939309
2632,0.04939309
2633,0.04948593
2634,0.0492678
2635,0.04945664
2636,0.04945664
2637,0.0492681
2638,0.04926814
2639,0.04926825
2640,0.04926825
2641,0.04930007
2642,0.04930007
2643,0.04948593
2644,0.04948593
2645,0.04948593
2646,0.04955424
2647,0.04955424
2648,0.04939003
2649,0.04939003
2650,0.04955752
2651,0.04955752
2652,0.04955752
2653,0.04955752
2654,0.04939056
2655,0.04939068
2656,0.04955791
2657,0.04955791
2658,0.04955791
2659,0.04939092
2660,0.049391
2661,0.049391
2662,0.049391
2663,0.04926791
2664,0.04926791
2665,0.0492681
2666,0.0492681
2667,0.04939103
2668,0.04939112
2669,0.04939112
2670,0.04939112
2671,0.04955782
2672,0.04955782
2673,0.04955782
2674,0.04955782
2675,0.04955782
2676,0.04926795
2677,0.04939145
2678,0.04926809
2679,0.04926809
2680,0.04926822
2681,0.04926834
2682,0.04926834
2683,0.04926834
2684,0.04929012
2685,0.04929012
2686,0.04929012
2687,0.04929012
2688,0.04926727
2689,0.04926733
2690,0.04926733
2691,0.04926733
2692,0.04926733
2693,0.04926733
2694,0.04926772
2695,0.04927248
2696,0.04927247
2697,0.0493
2698,0.0493
2699,0.04927275
2700,0.04927275
2701,0.04927275
2702,0.0493
2703,0.0493
2704,0.0493
2705,0.04930007
2706,0.04930007
2707,0.04955702
2708,0.04955702
2709,0.04955702
2710,0.04955702
2711,0.04930053
2712,0.04930053
2713,0.04930065
2714,0.04931414
2715,0.0493142
2716,0.0493142
2717,0.0493142
2718,0.0493142
2719,0.0493142
2720,0.04931462
2721,0.04931462
2722,0.04931462
2723,0.04931486
2724,0.04931492
2725,0.04927247
2726,0.04927247
2727,0.04927247
2728,0.04926715
2729,0.04926715
2730,0.04943218
2731,0.04943195
2732,0.04925
2733,0.04925
2734,0.04925
2735,0.04925
2736,0.04925
2737,0.04925
2738,0.04925001
2739,0.04925001
2740,0.04925001
2741,0.04925
2742,0.04925
2743,0.04913863
2744,0.04910287
2745,0.0491028
2746,0.04902688
2747,0.04902688
2748,0.04902689
2749,0.04913834
2750,0.04902692
2751,0.04902692
2752,0.04902692
2753,0.04902692
2754,0.04902692
2755,0.049138
2756,0.04902692
2757,0.04902692
2758,0.04902278
2759,0.04902278
2760,0.04902279
2761,0.04902279
2762,0.04902279
2763,0.04902278
2764,0.04902276
2765,0.04902276
2766,0.04902276
2767,0.04902275
2768,0.04901991
2769,0.04901978
2770,0.04900999
2771,0.04900934
2772,0.04900934
2773,0.04900934
2774,0.04900934
2775,0.04900934
2776,0.04893538
2777,0.0489998
2778,0.04899976
2779,0.04889589
2780,0.0488959
2781,0.04893537
2782,0.04887813
2783,0.04889589
2784,0.0488
2785,0.0488
2786,0.0488
2787,0.0488
2788,0.0488976
2789,0.04899525
2790,0.04899509
2791,0.04899509
2792,0.04899509
2793,0.0489949
2794,0.04899483
2795,0.04899483
2796,0.04899483
2797,0.04899483
2798,0.04899487
2799,0.04899487
2800,0.04899487
2801,0.04904732
2802,0.04904732
2803,0.04909339
2804,0.04909339
2805,0.049
2806,0.049
2807,0.04899505
2808,0.04899505
2809,0.04899743
2810,0.04899743
2811,0.04899758
2812,0.04899758
2813,0.04899758
2814,0.04899788
2815,0.04899788
2816,0.04899788
2817,0.049
2818,0.049
2819,0.04900007
2820,0.0490095
2821,0.0490095
2822,0.0490095
2823,0.04900954
2824,0.04892049
2825,0.04892054
2826,0.04892054
2827,0.04892054
2828,0.04892054
2829,0.04892054
2830,0.04892054
2831,0.0491291
2832,0.0491291
2833,0.0491291
2834,0.04892503
2835,0.04912877
2836,0.04912869
2837,0.04912857
2838,0.04892522
2839,0.04912841
2840,0.04912841
2841,0.04912841
2842,0.04912821
2843,0.04912821
2844,0.04912821
2845,0.04912799
2846,0.04884812
2847,0.04884812
2848,0.04884812
2849,0.04884812
2850,0.04884812
2851,0.04884822
2852,0.04884822
2853,0.04910986
2854,0.04909996
2855,0.04909997
2856,0.04909991
2857,0.04909994
2858,0.04913
2859,0.04913812
2860,0.04913812
2861,0.04913812
2862,0.04912169
2863,0.04913812
2864,0.04919146
2865,0.0491285
2866,0.04913815
2867,0.04913815
2868,0.04917939
2869,0.04917939
2870,0.04919158
2871,0.04917936
2872,0.04922062
2873,0.04913815
2874,0.04913815
2875,0.04913813
2876,0.04913812
2877,0.04913813
2878,0.04913813
2879,0.04896248
2880,0.04896252
2881,0.04896252
2882,0.04896261
2883,0.04896274
2884,0.04896274
2885,0.04896274
2886,0.04896274
2887,0.0489628
2888,0.0489628
2889,0.0489628
2890,0.0489628
2891,0.0489628
2892,0.04896286
2893,0.0489629
2894,0.04896291
2895,0.04913171
2896,0.04913171
2897,0.04913171
2898,0.04913171
2899,0.04913171
2900,0.04913171
2901,0.04900003
2902,0.04900003
2903,0.04900003
2904,0.04900003
2905,0.04900003
2906,0.04900003
2907,0.04900003
2908,0.04897499
2909,0.04897499
2910,0.04896355
2911,0.04896356
2912,0.04896356
2913,0.04896356
2914,0.04900003
2915,0.04900003
2916,0.04896298
2917,0.04896298
2918,0.04896297
2919,0.04896297
2920,0.04896297
2921,0.04896274
2922,0.04899994
2923,0.04899994
2924,0.04899979
2925,0.04899979
2926,0.04899979
2927,0.04899979
2928,0.04899979
2929,0.04899939
2930,0.04899939
2931,0.04899939
2932,0.04899913
2933,0.0489991
2934,0.0489991
2935,0.04885006
2936,0.04885009
2937,0.04885013
2938,0.04885
2939,0.04885
2940,0.04885
2941,0.04899853
2942,0.04899853
2943,0.04899841
2944,0.04899841
2945,0.04899841
2946,0.04899841
2947,0.04899855
2948,0.04899855
2949,0.04899855
2950,0.04899855
2951,0.04899855
2952,0.04899855
2953,0.04899855
2954,0.04899855
2955,0.04899839
2956,0.04899835
2957,0.04899835
2958,0.04899835
2959,0.04899835
2960,0.04899854
2961,0.049
2962,0.04900103
2963,0.049001
2964,0.049001
2965,0.049001
2966,0.049001
2967,0.049001
2968,0.049001
2969,0.04885
2970,0.04885
2971,0.04885
2972,0.04900011
2973,0.04885
2974,0.04885
2975,0.04885
2976,0.04885
2977,0.04885
2978,0.04885
2979,0.04885
2980,0.04885
2981,0.04885
2982,0.04885
2983,0.0488
2984,0.04884792
2985,0.04884792
2986,0.04885
2987,0.04885
2988,0.04885
2989,0.04880001
2990,0.04880001
2991,0.04880001
2992,0.04900042
2993,0.04882747
2994,0.04882755
2995,0.04882755
2996,0.04882774
2997,0.04882774
2998,0.0490934
2999,0.0490934
3000,0.04907785
3001,0.04907785
3002,0.04907785
3003,0.04890835
3004,0.04890838
3005,0.04890838
3006,0.04890838
3007,0.0490934
3008,0.0490934
3009,0.0490934
3010,0.0490934
3011,0.04890895
3012,0.04890895
3013,0.04890902
3014,0.04890902
3015,0.04890902
3016,0.04890902
3017,0.0491
3018,0.0491
3019,0.04919156
3020,0.04919156
3021,0.04900003
3022,0.04900003
3023,0.04900003
3024,0.04900003
3025,0.049
3026,0.049
3027,0.049
3028,0.049
3029,0.049
3030,0.0489216
3031,0.0489216
3032,0.04892166
3033,0.04892166
3034,0.04892166
3035,0.04892166
3036,0.04892166
3037,0.04892166
3038,0.04892166
3039,0.04892166
3040,0.04892166
3041,0.04882747
3042,0.04882747
3043,0.04882747
3044,0.04882747
3045,0.04882747
3046,0.04882747
3047,0.04882747
3048,0.04882747
3049,0.04892157
3050,0.04892157
3051,0.04882747
3052,0.04882747
3053,0.04882747
3054,0.04882747
3055,0.0488
3056,0.0488
3057,0.0488
3058,0.0488
3059,0.0488
3060,0.04882747
3061,0.0488
3062,0.0488
3063,0.0488
3064,0.0488
3065,0.0488
3066,0.0488
3067,0.0488
3068,0.0488394
3069,0.04878662
3070,0.04878662
3071,0.04878663
3072,0.0488
3073,0.0488
3074,0.0488
3075,0.0488
3076,0.04877809
3077,0.04877809
3078,0.04877395
3079,0.04877395
3080,0.04877395
3081,0.04878662
3082,0.04878662
3083,0.04878662
3084,0.04874792
3085,0.04874792
3086,0.0487
3087,0.0487
3088,0.0487
3089,0.0487
3090,0.04869723
3091,0.04869723
3092,0.04868838
3093,0.04874792
3094,0.04864315
3095,0.04864315
3096,0.04864315
3097,0.04869179
3098,0.04864316
3099,0.04864316
3100,0.04869173
3101,0.04869179
3102,0.04873997
3103,0.04873997
3104,0.04869179
3105,0.04871868
3106,0.04855077
3107,0.04855077
3108,0.04859932
3109,0.04869156
3110,0.04869156
3111,0.04869156
3112,0.04869156
3113,0.04869156
3114,0.04859932
3115,0.04869144
3116,0.04859932
3117,0.04859938
3118,0.04859933
3119,0.04869126
3120,0.04859932
3121,0.04859933
3122,0.04859933
3123,0.04859933
3124,0.04859933
3125,0.04869147
3126,0.04869147
3127,0.04869147
3128,0.04874509
3129,0.04874509
3130,0.04874509
3131,0.04868122
3132,0.04868122
3133,0.04868122
3134,0.04859932
3135,0.04859932
3136,0.04853669
3137,0.0485367
3138,0.0485367
3139,0.04859933
3140,0.04859933
3141,0.04853
3142,0.04853
3143,0.04852815
3144,0.04852815
3145,0.04859933
3146,0.04864746
3147,0.04864746
3148,0.04864746
3149,0.04859935
3150,0.04852272
3151,0.04852272
3152,0.04852272
3153,0.04859931
3154,0.04859934
3155,0.04859934
3156,0.04859934
3157,0.04859934
3158,0.04856632
3159,0.04859931
3160,0.04859934
3161,0.04864761
3162,0.04852279
3163,0.04864767
3164,0.04868112
3165,0.04868112
3166,0.04868112
3167,0.04864768
3168,0.04864768
3169,0.04864768
3170,0.04864768
3171,0.04864768
3172,0.04864768
3173,0.04864767
3174,0.04864767
3175,0.04864767
3176,0.04867997
3177,0.04867387
3178,0.04867387
3179,0.04866736
3180,0.04863247
3181,0.04863247
3182,0.04863247
3183,0.04863247
3184,0.04863247
3185,0.04863247
3186,0.04863236
3187,0.04863247
3188,0.04863244
3189,0.04863238
3190,0.04863238
3191,0.04863238
3192,0.04863238
3193,0.04863238
3194,0.04863238
3195,0.04863238
3196,0.04863238
3197,0.04863236
3198,0.04863237
3199,0.04851937
3200,0.04851937
3201,0.04851943
3202,0.04851943
3203,0.04851943
3204,0.04851938
3205,0.04851938
3206,0.04851938
3207,0.04851938
3208,0.04851938
3209,0.04851938
3210,0.04851938
3211,0.04851938
3212,0.04851934
3213,0.04863236
3214,0.04851934
3215,0.04851663
3216,0.04852201
3217,0.04852202
3218,0.04852202
3219,0.04852202
3220,0.04852202
3221,0.048632
3222,0.048632
3223,0.04852202
3224,0.04863197
3225,0.0485221
3226,0.0487937
3227,0.04879997
3228,0.04879993
3229,0.04879993
3230,0.04879992
3231,0.04879992
3232,0.048636
3233,0.04870551
3234,0.04870551
3235,0.04870551
3236,0.04870551
3237,0.0488
3238,0.0487058
3239,0.0487058
3240,0.04894999
3241,0.04894999
3242,0.04894999
3243,0.04887587
3244,0.04887587
3245,0.04887587
3246,0.04894998
3247,0.04894998
3248,0.04894998
3249,0.04894998
3250,0.04887097
3251,0.04887097
3252,0.04887097
3253,0.048945
3254,0.048945
3255,0.048945
3256,0.048945
3257,0.04887097
3258,0.04887098
3259,0.04887097
3260,0.04887101
3261,0.04887101
3262,0.04887101
3263,0.04887101
3264,0.04887103
3265,0.04887103
3266,0.04887108
3267,0.04887108
3268,0.04887098
3269,0.04887097
3270,0.04880044
3271,0.04880044
3272,0.04880044
3273,0.04887104
3274,0.04887104
3275,0.04887105
3276,0.04893897
3277,0.04894399
3278,0.04894399
3279,0.04889
3280,0.04889
3281,0.04889001
3282,0.04889001
3283,0.04889001
3284,0.048945
3285,0.04889001
3286,0.04889001
3287,0.04889001
3288,0.04889001
3289,0.04880101
3290,0.04892197
3291,0.04880111
3292,0.04880111
3293,0.04880111
3294,0.04880126
3295,0.04880135
3296,0.04880135
3297,0.04880135
3298,0.04880135
3299,0.04885747
3300,0.04885747
3301,0.04885747
3302,0.04879993
3303,0.04879993
3304,0.04879993
3305,0.04867422
3306,0.04878
3307,0.04878
3308,0.04878
3309,0.04878001
3310,0.04878003
3311,0.04878003
3312,0.048797
3313,0.048797
3314,0.048797
3315,0.048797
3316,0.04879699
3317,0.04879699
3318,0.04879706
3319,0.04879709
3320,0.04879709
3321,0.04880159
3322,0.0489216
3323,0.0489216
3324,0.04880172
3325,0.04880172
3326,0.04880172
3327,0.04880196
3328,0.04892116
3329,0.0488021
3330,0.04880217
3331,0.04880217
3332,0.04880217
3333,0.04880217
3334,0.04880248
3335,0.04880254
3336,0.04880254
3337,0.04880254
3338,0.04892092
3339,0.04892092
3340,0.04892092
3341,0.04892092
3342,0.04885747
3343,0.04885747
3344,0.04885747
3345,0.04880339
3346,0.04880345
3347,0.04880348
3348,0.04880348
3349,0.04880348
3350,0.04880348
3351,0.04880348
3352,0.04880348
3353,0.04880348
3354,0.04880348
3355,0.04880348
3356,0.04880348
3357,0.04880348
3358,0.04885707
3359,0.04885707
3360,0.04880306
3361,0.04880305
3362,0.04880305
3363,0.04880305
3364,0.04880305
3365,0.04880304
3366,0.04871042
3367,0.04871042
3368,0.04885617
3369,0.04885617
3370,0.04857803
3371,0.04885591
3372,0.04885587
3373,0.04885587
3374,0.04885587
3375,0.04857816
3376,0.04857819
3377,0.04885529
3378,0.04885529
3379,0.04885529
3380,0.04857826
3381,0.04857829
3382,0.04857826
3383,0.04857826
3384,0.04857826
3385,0.04857827
3386,0.04857827
3387,0.04857828
3388,0.04857828
3389,0.04857828
3390,0.04857828
3391,0.04857805
3392,0.04857805
3393,0.04857808
3394,0.04877229
3395,0.04877277
3396,0.04857831
3397,0.04857831
3398,0.04857848
3399,0.04857862
3400,0.04857862
3401,0.04877259
3402,0.04857867
3403,0.04857867
3404,0.04857899
3405,0.04894558
3406,0.04894558
3407,0.0486844
3408,0.0486844
3409,0.0486844
3410,0.0486847
3411,0.04868477
3412,0.04868479
3413,0.04868479
3414,0.04868479
3415,0.04868479
3416,0.04894558
3417,0.04894558
3418,0.04894558
3419,0.04900947
3420,0.04871762
3421,0.04871762
3422,0.04871762
3423,0.04871792
3424,0.04871792
3425,0.04871792
3426,0.04871815
3427,0.04871815
3428,0.04871839
3429,0.04871839
3430,0.04871839
3431,0.04871866
3432,0.04871875
3433,0.04871894
3434,0.04900938
3435,0.04900938
3436,0.04871932
3437,0.04871932
3438,0.04900937
3439,0.0487195
3440,0.0487195
3441,0.04871983
3442,0.04871983
3443,0.04871995
3444,0.04872007
3445,0.0487202
3446,0.04900944
3447,0.04872037
3448,0.04872037
3449,0.04872054
3450,0.04872054
3451,0.04872054
3452,0.04872079
3453,0.04872079
3454,0.04872079
3455,0.04872079
3456,0.04872079
3457,0.04872079
3458,0.04872079
3459,0.04872079
3460,0.04872079
3461,0.04872079
3462,0.04872079
3463,0.04900932
3464,0.04882134
3465,0.04900932
3466,0.04900932
3467,0.04900932
3468,0.04900932
3469,0.04900932
3470,0.04900932
3471,0.04900932
3472,0.04900913
3473,0.04900913
3474,0.04900913
3475,0.04900913
3476,0.04900913
3477,0.04900913
3478,0.04881361
3479,0.048822
3480,0.0488138
3481,0.04881383
3482,0.04917155
3483,0.04913628
3484,0.04913628
3485,0.04881406
3486,0.04900946
3487,0.04900946
3488,0.04900946
3489,0.04900946
3490,0.04900946
3491,0.04881446
3492,0.04881446
3493,0.04882201
3494,0.04882209
3495,0.04882209
3496,0.04892982
3497,0.04892982
3498,0.04892982
3499,0.04882204
3500,0.04882204
3501,0.04882204
3502,0.04882204
3503,0.04900884
3504,0.04900884
3505,0.04900884
3506,0.04900884
3507,0.04900884
3508,0.04900884
3509,0.04900452
3510,0.04900452
3511,0.04900452
3512,0.04900421
3513,0.04900421
3514,0.04900421
3515,0.049
3516,0.049
3517,0.049
3518,0.04900097
3519,0.049
3520,0.049
3521,0.049
3522,0.04882201
3523,0.04882201
3524,0.04882201
3525,0.04882201
3526,0.04882201
3527,0.04882201
3528,0.04882205
3529,0.04882213
3530,0.04882213
3531,0.04882213
3532,0.04882213
3533,0.04882213
3534,0.0488224
3535,0.0488224
3536,0.0488224
3537,0.0488224
3538,0.0488224
3539,0.0488224
3540,0.04899891
3541,0.04899891
3542,0.04895
3543,0.04882299
3544,0.04882299
3545,0.04882299
3546,0.04882326
3547,0.04882326
3548,0.04882326
3549,0.04882352
3550,0.04882352
3551,0.04882352
3552,0.04882352
3553,0.04882383
3554,0.04900402
3555,0.04900402
3556,0.04882404
3557,0.04882416
3558,0.04882416
3559,0.04882439
3560,0.04882439
3561,0.04882439
3562,0.04882465
3563,0.04882465
3564,0.04882482
3565,0.04900279
3566,0.048825
3567,0.048825
3568,0.048825
3569,0.048825
3570,0.048825
3571,0.048825
3572,0.048825
3573,0.048825
3574,0.048825
3575,0.04882572
3576,0.04882572
3577,0.049003
3578,0.049003
3579,0.04882613
3580,0.04882613
3581,0.04882613
3582,0.04882613
3583,0.04882613
3584,0.04882613
3585,0.04882613
3586,0.04882613
3587,0.0489999
3588,0.0489999
3589,0.049
3590,0.049
3591,0.049
3592,0.049
3593,0.049
3594,0.049
3595,0.049
3596,0.04882468
3597,0.04882468
3598,0.04882468
3599,0.049
3600,0.048825
3601,0.048825
3602,0.048825
3603,0.048825
3604,0.048825
3605,0.048825
3606,0.048825
3607,0.048825
3608,0.048825
3609,0.048825
3610,0.048825
3611,0.048825
3612,0.048825
3613,0.048825
3614,0.048825
3615,0.048825
3616,0.048825
3617,0.04882628
3618,0.04882628
3619,0.04882628
3620,0.04882628
3621,0.04882647
3622,0.04892989
3623,0.04882662
3624,0.04882665
3625,0.04882665
3626,0.04889984
3627,0.04889984
3628,0.04882683
3629,0.04883
3630,0.04883003
3631,0.04883003
3632,0.04883003
3633,0.04883003
3634,0.04883042
3635,0.04883042
3636,0.04883054
3637,0.04883054
3638,0.04883054
3639,0.04883054
3640,0.04888787
3641,0.04888787
3642,0.0488879
3643,0.0488879
3644,0.0488313
3645,0.0488313
3646,0.0488313
3647,0.0488313
3648,0.0488313
3649,0.0488313
3650,0.0488313
3651,0.0488313
3652,0.0488313
3653,0.04883211
3654,0.04883228
3655,0.0488879
3656,0.04883251
3657,0.04892994
3658,0.04892994
3659,0.04892993
3660,0.04892993
3661,0.04892993
3662,0.04892996
3663,0.04892996
3664,0.04892995
3665,0.04892995
3666,0.04892996
3667,0.04892996
3668,0.049
3669,0.049
3670,0.04892997
3671,0.04892997
3672,0.04892997
3673,0.04892996
3674,0.04892996
3675,0.04893006
3676,0.04892997
3677,0.04892997
3678,0.04892997
3679,0.04892997
3680,0.049
3681,0.049
3682,0.04892997
3683,0.04892997
3684,0.04892997
3685,0.04892997
3686,0.04892996
3687,0.04892997
3688,0.04892997
3689,0.04892997
3690,0.04883539
3691,0.04883539
3692,0.04883539
3693,0.04883539
3694,0.04883539
3695,0.04883577
3696,0.04883577
3697,0.04892997
3698,0.04892997
3699,0.04883605
3700,0.04883605
3701,0.04893504
3702,0.049
3703,0.049
3704,0.049
3705,0.049
3706,0.049
3707,0.049
3708,0.049
3709,0.049
3710,0.049
3711,0.049
3712,0.04883602
3713,0.04899999
3714,0.04883609
3715,0.04883609
3716,0.04883609
3717,0.04883609
3718,0.04883609
3719,0.04883609
3720,0.04899999
3721,0.04899999
3722,0.049
3723,0.049
3724,0.049
3725,0.049
3726,0.049
3727,0.049
3728,0.0488999
3729,0.04889989
3730,0.049
3731,0.049
3732,0.049
3733,0.049
3734,0.049
3735,0.049
3736,0.049
3737,0.049
3738,0.049
3739,0.049
3740,0.04898179
3741,0.049
3742,0.049
3743,0.049
3744,0.049
3745,0.049
3746,0.04887939
3747,0.04887939
3748,0.04887939
3749,0.04887939
3750,0.04887968
3751,0.04887976
3752,0.04887976
3753,0.04887976
3754,0.04887976
3755,0.04887976
3756,0.04887976
3757,0.04888032
3758,0.04888037
3759,0.04892997
3760,0.04892997
3761,0.04892998
3762,0.04892998
3763,0.04892998
3764,0.04892998
3765,0.04888092
3766,0.04888092
3767,0.04892997
3768,0.04892998
3769,0.04892998
3770,0.04892998
3771,0.04892998
3772,0.04892998
3773,0.0488816
3774,0.04892997
3775,0.04892997
3776,0.04892997
3777,0.04892997
3778,0.04892997
3779,0.04892997
3780,0.04892997
3781,0.04892997
3782,0.04892997
3783,0.04892997
3784,0.04888238
3785,0.04888238
3786,0.04888266
3787,0.04892998
3788,0.04892998
3789,0.04888286
3790,0.04892998
3791,0.04892998
3792,0.04892998
3793,0.04888324
3794,0.04888324
3795,0.04888324
3796,0.04888324
3797,0.04888324
3798,0.04888324
3799,0.04888324
3800,0.049
3801,0.049
3802,0.049
3803,0.04888412
3804,0.049
3805,0.0488843
3806,0.0488843
3807,0.0488843
3808,0.0488843
3809,0.0488843
3810,0.0488843
3811,0.0488843
3812,0.04890003
3813,0.04890003
3814,0.04890003
3815,0.04890003
3816,0.04890028
3817,0.04890028
3818,0.04894342
3819,0.04894342
3820,0.04890058
3821,0.04890058
3822,0.04890003
3823,0.0489433
3824,0.0489433
3825,0.04890012
3826,0.04890018
3827,0.04890027
3828,0.04894342
3829,0.04894342
3830,0.04883003
3831,0.04883003
3832,0.04883003
3833,0.04883003
3834,0.04883003
3835,0.04883003
3836,0.04889956
3837,0.04883
3838,0.04886506
3839,0.04886506
3840,0.04882988
3841,0.04882988
3842,0.04882988
3843,0.04882988
3844,0.04882988
3845,0.04882988
3846,0.04882988
3847,0.0487366
3848,0.0487366
3849,0.0487366
3850,0.0487366
3851,0.04858112
3852,0.04858112
3853,0.04858112
3854,0.04858112
3855,0.04882893
3856,0.04882893
3857,0.04882893
3858,0.04882893
3859,0.04882893
3860,0.04882899
3861,0.04882899
3862,0.04871499
3863,0.04871499
3864,0.04871499
3865,0.04871499
3866,0.04871499
3867,0.04871524
3868,0.0487506
3869,0.0487506
3870,0.0487506
3871,0.0487506
3872,0.0487506
3873,0.0487506
3874,0.0487506
3875,0.0487506
3876,0.04875061
3877,0.04878453
3878,0.04878453
3879,0.0489
3880,0.0489
3881,0.0488291
3882,0.04882923
3883,0.04882923
3884,0.04882923
3885,0.0489
3886,0.0489
3887,0.0489
3888,0.0489
3889,0.0489
3890,0.04882996
3891,0.04883003
3892,0.04883003
3893,0.04883015
3894,0.04883024
3895,0.04883019
3896,0.04883019
3897,0.0488138
3898,0.0488138
3899,0.04883021
3900,0.04883021
3901,0.04883021
3902,0.04883021
3903,0.04883021
3904,0.04883021
3905,0.0488302
3906,0.0488138
3907,0.0488138
3908,0.0488138
3909,0.0488138
3910,0.0488138
3911,0.04881395
3912,0.04881395
3913,0.0488302
3914,0.0488302
3915,0.0488302
3916,0.04881419
3917,0.04881419
3918,0.04881419
3919,0.04881435
3920,0.04881435
3921,0.04881435
3922,0.04881435
3923,0.04881435
3924,0.04881435
3925,0.04881435
3926,0.04881435
3927,0.04881435
3928,0.04881435
3929,0.04881435
3930,0.04881388
3931,0.04881388
3932,0.04892656
3933,0.04881387
3934,0.04881387
3935,0.04881387
3936,0.04881387
3937,0.04881387
3938,0.04892656
3939,0.04892656
3940,0.04892656
3941,0.04892656
3942,0.04892656
3943,0.04892656
3944,0.04892656
3945,0.04892656
3946,0.04892656
3947,0.04892656
3948,0.04892622
3949,0.04892622
3950,0.04892622
3951,0.04892604
3952,0.04892604
3953,0.04892604
3954,0.04892604
3955,0.04881388
3956,0.04892588
3957,0.04881388
3958,0.04881388
3959,0.04881388
3960,0.04881388
3961,0.04881388
3962,0.04881388
3963,0.04892538
3964,0.04881388
3965,0.04881388
3966,0.04881388
3967,0.0489254
3968,0.0489254
3969,0.0489254
3970,0.0489254
3971,0.0489254
3972,0.0489254
3973,0.0489254
3974,0.0489254
3975,0.04892659
3976,0.04892665
3977,0.04892665
3978,0.04892674
3979,0.04892674
3980,0.04889724
3981,0.04889724
3982,0.04889724
3983,0.04889192
3984,0.04889192
3985,0.04889192
3986,0.04881385
3987,0.04881385
3988,0.04881385
3989,0.04881385
3990,0.04881385
3991,0.04881385
3992,0.04881385
3993,0.04881385
3994,0.04881385
3995,0.04881385
3996,0.04881385
3997,0.04881388
3998,0.04881385
3999,0.04881385
4000,0.04881385
4001,0.04881385
4002,0.04881385
4003,0.04893994
4004,0.04893994
4005,0.04893994
4006,0.0489
4007,0.0489
4008,0.0489
4009,0.0489
4010,0.0489
4011,0.0489
4012,0.0489
4013,0.0489
4014,0.0489
4015,0.04881412
4016,0.04881412
4017,0.04881412
4018,0.04893999
4019,0.04893999
4020,0.04893981
4021,0.04893981
4022,0.04893974
4023,0.04893974
4024,0.04893974
4025,0.04893974
4026,0.04893974
4027,0.04893974
4028,0.04893974
4029,0.04893974
4030,0.04893974
4031,0.04893974
4032,0.04893971
4033,0.04893971
4034,0.04893971
4035,0.04893968
4036,0.04893968
4037,0.04876441
4038,0.04876441
4039,0.04893954
4040,0.04893954
4041,0.04893954
4042,0.04893954
4043,0.04893954
4044,0.04893954
4045,0.0489
4046,0.0489
4047,0.0489
4048,0.04876774
4049,0.04876777
4050,0.04875072
4051,0.04875081
4052,0.04875075
4053,0.04875078
4054,0.04875078
4055,0.04875081
4056,0.04875087
4057,0.0487506
4058,0.0487506
4059,0.04868362
4060,0.04858366
4061,0.04860689
4062,0.04852203
4063,0.0485221
4064,0.04852214
4065,0.04852223
4066,0.04852226
4067,0.04855004
4068,0.04855003
4069,0.04855007
4070,0.04855016
4071,0.0485502
4072,0.04855024
4073,0.04856
4074,0.04856006
4075,0.0485601
4076,0.04856016
4077,0.04856019
4078,0.04856025
4079,0.04856028
4080,0.04856034
4081,0.04856039
4082,0.04856042
4083,0.04856
4084,0.04855
4085,0.04852
4086,0.04852
4087,0.04852
4088,0.04851211
4089,0.04851211
4090,0.04851211
4091,0.04851218
4092,0.04851226
4093,0.0485123
4094,0.04851239
4095,0.04851243
4096,0.04851252
4097,0.04851256
4098,0.04851264
4099,0.04851269
4100,0.04851272
4101,0.04851288
4102,0.04851292
4103,0.04851297
4104,0.04851305
4105,0.0485131
4106,0.04851318
4107,0.0487101
4108,0.04871016
4109,0.04871025
4110,0.04871031
4111,0.04871037
4112,0.04871043
4113,0.04871049
4114,0.04871058
4115,0.04871061
4116,0.04871064
4117,0.04871067
4118,0.04871076
4119,0.04871082
4120,0.04871088
4121,0.04871088
4122,0.04871088
4123,0.04871088
4124,0.04871088
4125,0.04871088
4126,0.04871135
4127,0.04871135
4128,0.04871135
4129,0.04871135
4130,0.04871174
4131,0.04871174
4132,0.04871174
4133,0.04871197
4134,0.04871197
4135,0.04881335
4136,0.04881335
4137,0.04873836
4138,0.04873836
4139,0.04873851
4140,0.04881335
4141,0.04881335
4142,0.04873875
4143,0.04873875
4144,0.04881326
4145,0.04881326
4146,0.04881326
4147,0.04881326
4148,0.04881326
4149,0.04881326
4150,0.04881326
4151,0.04881326
4152,0.04881326
4153,0.04881256
4154,0.04881256
4155,0.04871011
4156,0.04871011
4157,0.04871011
4158,0.04871011
4159,0.04871011
4160,0.04881195
4161,0.04881195
4162,0.04871023
4163,0.04871023
4164,0.04871023
4165,0.04871011
4166,0.04871011
4167,0.04878967
4168,0.04878961
4169,0.04878961
4170,0.04878961
4171,0.04871042
4172,0.04871048
4173,0.04871048
4174,0.04871048
4175,0.04871048
4176,0.0487108
4177,0.04871096
4178,0.04871096
4179,0.04871096
4180,0.04871096
4181,0.04872003
4182,0.04872003
4183,0.04872003
4184,0.04872027
4185,0.04872027
4186,0.04872039
4187,0.04872042
4188,0.04872054
4189,0.04872054
4190,0.04872054
4191,0.04879978
4192,0.04879978
4193,0.04879978
4194,0.04879978
4195,0.04872076
4196,0.04872012
4197,0.04872012
4198,0.04881036
4199,0.04881036
4200,0.04881036
4201,0.04881036
4202,0.04872054
4203,0.04872054
4204,0.04872054
4205,0.04872054
4206,0.04872054
4207,0.04872054
4208,0.04872054
4209,0.04872054
4210,0.04881295
4211,0.04881295
4212,0.04872156
4213,0.04872162
4214,0.04872162
4215,0.04872162
4216,0.0487218
4217,0.04872192
4218,0.04872192
4219,0.04872153
4220,0.04872
4221,0.04872153
4222,0.04872153
4223,0.04872153
4224,0.04872153
4225,0.04872153
4226,0.04872153
4227,0.04872153
4228,0.04872153
4229,0.04872153
4230,0.04872153
4231,0.04872153
4232,0.04872153
4233,0.04872153
4234,0.04872153
4235,0.04872152
4236,0.04872153
4237,0.04872152
4238,0.04872152
4239,0.04872152
4240,0.04872152
4241,0.04872152
4242,0.04872152
4243,0.04872152
4244,0.04872152
4245,0.04872152
4246,0.04872152
4247,0.04872152
4248,0.04872152
4249,0.04872053
4250,0.04872134
4251,0.04872053
4252,0.04872053
4253,0.04872053
4254,0.04872053
4255,0.04872059
4256,0.04872059
4257,0.04872059
4258,0.04872076
4259,0.04872076
4260,0.04872076
4261,0.04872076
4262,0.04872076
4263,0.04872076
4264,0.04872076
4265,0.04872114
4266,0.04872117
4267,0.04872124
4268,0.04872124
4269,0.04872152
4270,0.04872152
4271,0.04872136
4272,0.04872136
4273,0.0487215
4274,0.0487215
4275,0.04872152
4276,0.04872151
4277,0.04872151
4278,0.04872151
4279,0.04872151
4280,0.04872151
4281,0.04872151
4282,0.04872151
4283,0.04872151
