0,5.49e-06
1,5.49e-06
2,5.49e-06
3,5.49e-06
4,5.49e-06
5,5.49e-06
6,5.49e-06
7,5.49e-06
8,5.49e-06
9,5.49e-06
10,5.49e-06
11,5.49e-06
12,5.49e-06
13,5.49e-06
14,5.49e-06
15,5.49e-06
16,5.49e-06
17,5.49e-06
18,5.49e-06
19,5.49e-06
20,5.49e-06
21,5.49e-06
22,5.49e-06
23,5.49e-06
24,5.48e-06
25,5.48e-06
26,5.48e-06
27,5.48e-06
28,5.48e-06
29,5.48e-06
30,5.48e-06
31,5.48e-06
32,5.48e-06
33,5.48e-06
34,5.48e-06
35,5.48e-06
36,5.48e-06
37,5.48e-06
38,5.48e-06
39,5.43e-06
40,5.43e-06
41,5.43e-06
42,5.48e-06
43,5.48e-06
44,5.42e-06
45,5.42e-06
46,5.42e-06
47,5.42e-06
48,5.42e-06
49,5.42e-06
50,5.42e-06
51,5.42e-06
52,5.42e-06
53,5.42e-06
54,5.45e-06
55,5.45e-06
56,5.45e-06
57,5.45e-06
58,5.45e-06
59,5.45e-06
60,5.42e-06
61,5.45e-06
62,5.42e-06
63,5.42e-06
64,5.42e-06
65,5.42e-06
66,5.48e-06
67,5.48e-06
68,5.48e-06
69,5.48e-06
70,5.48e-06
71,5.48e-06
72,5.48e-06
73,5.48e-06
74,5.48e-06
75,5.48e-06
76,5.48e-06
77,5.46e-06
78,5.46e-06
79,5.46e-06
80,5.46e-06
81,5.47e-06
82,5.47e-06
83,5.47e-06
84,5.47e-06
85,5.47e-06
86,5.47e-06
87,5.47e-06
88,5.47e-06
89,5.47e-06
90,5.47e-06
91,5.47e-06
92,5.47e-06
93,5.47e-06
94,5.47e-06
95,5.47e-06
96,5.47e-06
97,5.47e-06
98,5.47e-06
99,5.47e-06
100,5.47e-06
101,5.47e-06
102,5.47e-06
103,5.47e-06
104,5.47e-06
105,5.47e-06
106,5.47e-06
107,5.47e-06
108,5.47e-06
109,5.47e-06
110,5.47e-06
111,5.47e-06
112,5.47e-06
113,5.47e-06
114,5.47e-06
115,5.47e-06
116,5.47e-06
117,5.47e-06
118,5.47e-06
119,5.48e-06
120,5.48e-06
121,5.48e-06
122,5.48e-06
123,5.48e-06
124,5.48e-06
125,5.48e-06
126,5.46e-06
127,5.46e-06
128,5.46e-06
129,5.46e-06
130,5.46e-06
131,5.46e-06
132,5.46e-06
133,5.46e-06
134,5.46e-06
135,5.46e-06
136,5.46e-06
137,5.46e-06
138,5.41e-06
139,5.41e-06
140,5.41e-06
141,5.41e-06
142,5.46e-06
143,5.46e-06
144,5.46e-06
145,5.46e-06
146,5.46e-06
147,5.46e-06
148,5.46e-06
149,5.46e-06
150,5.46e-06
151,5.46e-06
152,5.46e-06
153,5.46e-06
154,5.46e-06
155,5.46e-06
156,5.46e-06
157,5.46e-06
158,5.46e-06
159,5.46e-06
160,5.46e-06
161,5.46e-06
162,5.46e-06
163,5.46e-06
164,5.46e-06
165,5.46e-06
166,5.46e-06
167,5.46e-06
168,5.46e-06
169,5.46e-06
170,5.46e-06
171,5.46e-06
172,5.46e-06
173,5.46e-06
174,5.46e-06
175,5.46e-06
176,5.46e-06
177,5.46e-06
178,5.46e-06
179,5.46e-06
180,5.46e-06
181,5.46e-06
182,5.46e-06
183,5.46e-06
184,5.46e-06
185,5.46e-06
186,5.46e-06
187,5.46e-06
188,5.46e-06
189,5.43e-06
190,5.43e-06
191,5.43e-06
192,5.43e-06
193,5.43e-06
194,5.43e-06
195,5.43e-06
196,5.42e-06
197,5.42e-06
198,5.42e-06
199,5.42e-06
200,5.42e-06
201,5.42e-06
202,5.42e-06
203,5.42e-06
204,5.42e-06
205,5.42e-06
206,5.42e-06
207,5.42e-06
208,5.42e-06
209,5.42e-06
210,5.42e-06
211,5.42e-06
212,5.41e-06
213,5.42e-06
214,5.42e-06
215,5.42e-06
216,5.42e-06
217,5.42e-06
218,5.42e-06
219,5.41e-06
220,5.41e-06
221,5.41e-06
222,5.41e-06
223,5.41e-06
224,5.41e-06
225,5.47e-06
226,5.47e-06
227,5.47e-06
228,5.47e-06
229,5.47e-06
230,5.47e-06
231,5.47e-06
232,5.47e-06
233,5.47e-06
234,5.47e-06
235,5.47e-06
236,5.47e-06
237,5.47e-06
238,5.47e-06
239,5.47e-06
240,5.47e-06
241,5.47e-06
242,5.47e-06
243,5.48e-06
244,5.48e-06
245,5.48e-06
246,5.48e-06
247,5.45e-06
248,5.45e-06
249,5.45e-06
250,5.45e-06
251,5.45e-06
252,5.45e-06
253,5.45e-06
254,5.45e-06
255,5.45e-06
256,5.45e-06
257,5.45e-06
258,5.45e-06
259,5.45e-06
260,5.45e-06
261,5.44e-06
262,5.44e-06
263,5.44e-06
264,5.44e-06
265,5.44e-06
266,5.44e-06
267,5.42e-06
268,5.42e-06
269,5.42e-06
270,5.45e-06
271,5.45e-06
272,5.45e-06
273,5.45e-06
274,5.45e-06
275,5.45e-06
276,5.45e-06
277,5.45e-06
278,5.45e-06
279,5.45e-06
280,5.45e-06
281,5.45e-06
282,5.45e-06
283,5.45e-06
284,5.45e-06
285,5.45e-06
286,5.45e-06
287,5.45e-06
288,5.45e-06
289,5.45e-06
290,5.45e-06
291,5.45e-06
292,5.45e-06
293,5.45e-06
294,5.45e-06
295,5.45e-06
296,5.45e-06
297,5.45e-06
298,5.45e-06
299,5.45e-06
300,5.45e-06
301,5.45e-06
302,5.45e-06
303,5.45e-06
304,5.45e-06
305,5.45e-06
306,5.45e-06
307,5.45e-06
308,5.43e-06
309,5.43e-06
310,5.45e-06
311,5.43e-06
312,5.47e-06
313,5.47e-06
314,5.5e-06
315,5.5e-06
316,5.5e-06
317,5.5e-06
318,5.5e-06
319,5.5e-06
320,5.5e-06
321,5.5e-06
322,5.5e-06
323,5.5e-06
324,5.5e-06
325,5.5e-06
326,5.5e-06
327,5.5e-06
328,5.5e-06
329,5.5e-06
330,5.5e-06
331,5.5e-06
332,5.5e-06
333,5.5e-06
334,5.5e-06
335,5.5e-06
336,5.5e-06
337,5.5e-06
338,5.5e-06
339,5.5e-06
340,5.5e-06
341,5.5e-06
342,5.5e-06
343,5.5e-06
344,5.5e-06
345,5.5e-06
346,5.5e-06
347,5.5e-06
348,5.5e-06
349,5.5e-06
350,5.5e-06
351,5.5e-06
352,5.5e-06
353,5.5e-06
354,5.5e-06
355,5.5e-06
356,5.5e-06
357,5.5e-06
358,5.5e-06
359,5.5e-06
360,5.5e-06
361,5.5e-06
362,5.44e-06
363,5.44e-06
364,5.44e-06
365,5.44e-06
366,5.44e-06
367,5.44e-06
368,5.44e-06
369,5.44e-06
370,5.44e-06
371,5.44e-06
372,5.44e-06
373,5.44e-06
374,5.44e-06
375,5.44e-06
376,5.44e-06
377,5.44e-06
378,5.44e-06
379,5.44e-06
380,5.44e-06
381,5.44e-06
382,5.44e-06
383,5.44e-06
384,5.44e-06
385,5.44e-06
386,5.44e-06
387,5.44e-06
388,5.44e-06
389,5.44e-06
390,5.44e-06
391,5.44e-06
392,5.44e-06
393,5.44e-06
394,5.44e-06
395,5.44e-06
396,5.44e-06
397,5.44e-06
398,5.44e-06
399,5.44e-06
400,5.44e-06
401,5.44e-06
402,5.44e-06
403,5.44e-06
404,5.44e-06
405,5.44e-06
406,5.44e-06
407,5.44e-06
408,5.44e-06
409,5.44e-06
410,5.44e-06
411,5.47e-06
412,5.47e-06
413,5.47e-06
414,5.47e-06
415,5.47e-06
416,5.47e-06
417,5.47e-06
418,5.47e-06
419,5.47e-06
420,5.47e-06
421,5.5e-06
422,5.5e-06
423,5.5e-06
424,5.5e-06
425,5.5e-06
426,5.5e-06
427,5.5e-06
428,5.5e-06
429,5.5e-06
430,5.5e-06
431,5.5e-06
432,5.45e-06
433,5.45e-06
434,5.45e-06
435,5.45e-06
436,5.45e-06
437,5.5e-06
438,5.5e-06
439,5.5e-06
440,5.5e-06
441,5.5e-06
442,5.5e-06
443,5.5e-06
444,5.5e-06
445,5.5e-06
446,5.5e-06
447,5.5e-06
448,5.5e-06
449,5.5e-06
450,5.5e-06
451,5.41e-06
452,5.48e-06
453,5.48e-06
454,5.47e-06
455,5.47e-06
456,5.47e-06
457,5.46e-06
458,5.42e-06
459,5.42e-06
460,5.42e-06
461,5.42e-06
462,5.43e-06
463,5.41e-06
464,5.41e-06
465,5.45e-06
466,5.45e-06
467,5.45e-06
468,5.45e-06
469,5.45e-06
470,5.5e-06
471,5.47e-06
472,5.47e-06
473,5.47e-06
474,5.47e-06
475,5.47e-06
476,5.47e-06
477,5.47e-06
478,5.48e-06
479,5.48e-06
480,5.48e-06
481,5.48e-06
482,5.48e-06
483,5.48e-06
484,5.48e-06
485,5.48e-06
486,5.48e-06
487,5.48e-06
488,5.47e-06
489,5.47e-06
490,5.47e-06
491,5.47e-06
492,5.47e-06
493,5.47e-06
494,5.47e-06
495,5.47e-06
496,5.47e-06
497,5.47e-06
498,5.47e-06
499,5.47e-06
500,5.47e-06
501,5.47e-06
502,5.47e-06
503,5.47e-06
504,5.47e-06
505,5.48e-06
506,5.48e-06
507,5.48e-06
508,5.48e-06
509,5.48e-06
510,5.47e-06
511,5.47e-06
512,5.47e-06
513,5.47e-06
514,5.47e-06
515,5.47e-06
516,5.47e-06
517,5.47e-06
518,5.47e-06
519,5.47e-06
520,5.47e-06
521,5.47e-06
522,5.47e-06
523,5.42e-06
524,5.47e-06
525,5.47e-06
526,5.47e-06
527,5.47e-06
528,5.42e-06
529,5.42e-06
530,5.42e-06
531,5.42e-06
532,5.42e-06
533,5.42e-06
534,5.42e-06
535,5.42e-06
536,5.42e-06
537,5.45e-06
538,5.45e-06
539,5.45e-06
540,5.45e-06
541,5.45e-06
542,5.41e-06
543,5.41e-06
544,5.45e-06
545,5.45e-06
546,5.45e-06
547,5.45e-06
548,5.45e-06
549,5.45e-06
550,5.45e-06
551,5.45e-06
552,5.45e-06
553,5.47e-06
554,5.47e-06
555,5.47e-06
556,5.45e-06
557,5.45e-06
558,5.45e-06
559,5.45e-06
560,5.45e-06
561,5.45e-06
562,5.45e-06
563,5.45e-06
564,5.45e-06
565,5.45e-06
566,5.45e-06
567,5.45e-06
568,5.45e-06
569,5.45e-06
570,5.45e-06
571,5.45e-06
572,5.42e-06
573,5.42e-06
574,5.42e-06
575,5.47e-06
576,5.47e-06
577,5.43e-06
578,5.47e-06
579,5.47e-06
580,5.47e-06
581,5.47e-06
582,5.43e-06
583,5.43e-06
584,5.43e-06
585,5.43e-06
586,5.43e-06
587,5.43e-06
588,5.43e-06
589,5.43e-06
590,5.43e-06
591,5.43e-06
592,5.43e-06
593,5.43e-06
594,5.43e-06
595,5.43e-06
596,5.43e-06
597,5.43e-06
598,5.43e-06
599,5.43e-06
600,5.43e-06
601,5.43e-06
602,5.43e-06
603,5.43e-06
604,5.43e-06
605,5.43e-06
606,5.42e-06
607,5.42e-06
608,5.42e-06
609,5.42e-06
610,5.42e-06
611,5.42e-06
612,5.42e-06
613,5.42e-06
614,5.42e-06
615,5.43e-06
616,5.43e-06
617,5.43e-06
618,5.43e-06
619,5.43e-06
620,5.42e-06
621,5.42e-06
622,5.42e-06
623,5.42e-06
624,5.42e-06
625,5.42e-06
626,5.42e-06
627,5.42e-06
628,5.42e-06
629,5.42e-06
630,5.42e-06
631,5.42e-06
632,5.42e-06
633,5.42e-06
634,5.42e-06
635,5.42e-06
636,5.42e-06
637,5.42e-06
638,5.42e-06
639,5.42e-06
640,5.42e-06
641,5.42e-06
642,5.42e-06
643,5.42e-06
644,5.42e-06
645,5.42e-06
646,5.45e-06
647,5.45e-06
648,5.45e-06
649,5.45e-06
650,5.45e-06
651,5.45e-06
652,5.45e-06
653,5.45e-06
654,5.42e-06
655,5.42e-06
656,5.42e-06
657,5.42e-06
658,5.42e-06
659,5.42e-06
660,5.42e-06
661,5.45e-06
662,5.45e-06
663,5.45e-06
664,5.45e-06
665,5.45e-06
666,5.45e-06
667,5.45e-06
668,5.45e-06
669,5.45e-06
670,5.45e-06
671,5.45e-06
672,5.45e-06
673,5.45e-06
674,5.45e-06
675,5.45e-06
676,5.45e-06
677,5.45e-06
678,5.45e-06
679,5.45e-06
680,5.45e-06
681,5.45e-06
682,5.45e-06
683,5.45e-06
684,5.45e-06
685,5.42e-06
686,5.45e-06
687,5.45e-06
688,5.45e-06
689,5.45e-06
690,5.44e-06
691,5.44e-06
692,5.44e-06
693,5.44e-06
694,5.42e-06
695,5.42e-06
696,5.42e-06
697,5.42e-06
698,5.42e-06
699,5.42e-06
700,5.42e-06
701,5.42e-06
702,5.42e-06
703,5.41e-06
704,5.41e-06
705,5.41e-06
706,5.41e-06
707,5.41e-06
708,5.41e-06
709,5.41e-06
710,5.41e-06
711,5.41e-06
712,5.41e-06
713,5.44e-06
714,5.44e-06
715,5.44e-06
716,5.44e-06
717,5.44e-06
718,5.44e-06
719,5.44e-06
720,5.44e-06
721,5.44e-06
722,5.44e-06
723,5.44e-06
724,5.44e-06
725,5.44e-06
726,5.44e-06
727,5.44e-06
728,5.44e-06
729,5.44e-06
730,5.44e-06
731,5.44e-06
732,5.44e-06
733,5.44e-06
734,5.44e-06
735,5.44e-06
736,5.44e-06
737,5.44e-06
738,5.44e-06
739,5.44e-06
740,5.44e-06
741,5.44e-06
742,5.44e-06
743,5.44e-06
744,5.44e-06
745,5.44e-06
746,5.44e-06
747,5.44e-06
748,5.44e-06
749,5.44e-06
750,5.44e-06
751,5.43e-06
752,5.43e-06
753,5.41e-06
754,5.43e-06
755,5.43e-06
756,5.43e-06
757,5.43e-06
758,5.43e-06
759,5.43e-06
760,5.43e-06
761,5.43e-06
762,5.43e-06
763,5.43e-06
764,5.43e-06
765,5.43e-06
766,5.43e-06
767,5.43e-06
768,5.43e-06
769,5.43e-06
770,5.43e-06
771,5.43e-06
772,5.43e-06
773,5.43e-06
774,5.43e-06
775,5.43e-06
776,5.42e-06
777,5.42e-06
778,5.42e-06
779,5.42e-06
780,5.42e-06
781,5.42e-06
782,5.42e-06
783,5.42e-06
784,5.42e-06
785,5.42e-06
786,5.42e-06
787,5.42e-06
788,5.42e-06
789,5.42e-06
790,5.42e-06
791,5.42e-06
792,5.42e-06
793,5.42e-06
794,5.42e-06
795,5.42e-06
796,5.42e-06
797,5.42e-06
798,5.44e-06
799,5.44e-06
800,5.44e-06
801,5.44e-06
802,5.44e-06
803,5.44e-06
804,5.44e-06
805,5.44e-06
806,5.42e-06
807,5.42e-06
808,5.44e-06
809,5.44e-06
810,5.44e-06
811,5.44e-06
812,5.44e-06
813,5.44e-06
814,5.44e-06
815,5.44e-06
816,5.44e-06
817,5.44e-06
818,5.44e-06
819,5.44e-06
820,5.44e-06
821,5.44e-06
822,5.44e-06
823,5.44e-06
824,5.47e-06
825,5.53e-06
826,5.48e-06
827,5.46e-06
828,5.46e-06
829,5.46e-06
830,5.49e-06
831,5.49e-06
832,5.5e-06
833,5.5e-06
834,5.5e-06
835,5.5e-06
836,5.5e-06
837,5.5e-06
838,5.5e-06
839,5.51e-06
840,5.57e-06
841,5.57e-06
842,5.51e-06
843,5.51e-06
844,5.51e-06
845,5.49e-06
846,5.49e-06
847,5.57e-06
848,5.57e-06
849,5.57e-06
850,5.57e-06
851,5.57e-06
852,5.57e-06
853,5.57e-06
854,5.57e-06
855,5.56e-06
856,5.56e-06
857,5.46e-06
858,5.46e-06
859,5.46e-06
860,5.54e-06
861,5.54e-06
862,5.54e-06
863,5.48e-06
864,5.48e-06
865,5.48e-06
866,5.48e-06
867,5.48e-06
868,5.48e-06
869,5.48e-06
870,5.46e-06
871,5.46e-06
872,5.46e-06
873,5.46e-06
874,5.46e-06
875,5.46e-06
876,5.46e-06
877,5.46e-06
878,5.46e-06
879,5.46e-06
880,5.46e-06
881,5.46e-06
882,5.46e-06
883,5.44e-06
884,5.46e-06
885,5.46e-06
886,5.46e-06
887,5.46e-06
888,5.46e-06
889,5.46e-06
890,5.46e-06
891,5.44e-06
892,5.42e-06
893,5.46e-06
894,5.45e-06
895,5.45e-06
896,5.45e-06
897,5.45e-06
898,5.45e-06
899,5.46e-06
900,5.46e-06
901,5.46e-06
902,5.46e-06
903,5.46e-06
904,5.46e-06
905,5.46e-06
906,5.46e-06
907,5.46e-06
908,5.46e-06
909,5.46e-06
910,5.46e-06
911,5.46e-06
912,5.46e-06
913,5.46e-06
914,5.46e-06
915,5.46e-06
916,5.46e-06
917,5.46e-06
918,5.46e-06
919,5.46e-06
920,5.46e-06
921,5.46e-06
922,5.46e-06
923,5.46e-06
924,5.46e-06
925,5.46e-06
926,5.46e-06
927,5.46e-06
928,5.46e-06
929,5.46e-06
930,5.46e-06
931,5.46e-06
932,5.46e-06
933,5.46e-06
934,5.46e-06
935,5.46e-06
936,5.46e-06
937,5.46e-06
938,5.46e-06
939,5.46e-06
940,5.46e-06
941,5.46e-06
942,5.43e-06
943,5.43e-06
944,5.43e-06
945,5.43e-06
946,5.43e-06
947,5.42e-06
948,5.42e-06
949,5.42e-06
950,5.42e-06
951,5.42e-06
952,5.42e-06
953,5.42e-06
954,5.42e-06
955,5.42e-06
956,5.41e-06
957,5.41e-06
958,5.41e-06
959,5.41e-06
960,5.41e-06
961,5.41e-06
962,5.41e-06
963,5.41e-06
964,5.41e-06
965,5.41e-06
966,5.41e-06
967,5.41e-06
968,5.41e-06
969,5.41e-06
970,5.43e-06
971,5.43e-06
972,5.43e-06
973,5.43e-06
974,5.43e-06
975,5.43e-06
976,5.43e-06
977,5.41e-06
978,5.41e-06
979,5.41e-06
980,5.41e-06
981,5.41e-06
982,5.41e-06
983,5.41e-06
984,5.43e-06
985,5.43e-06
986,5.41e-06
987,5.41e-06
988,5.41e-06
989,5.41e-06
990,5.41e-06
991,5.41e-06
992,5.41e-06
993,5.41e-06
994,5.41e-06
995,5.41e-06
996,5.41e-06
997,5.41e-06
998,5.41e-06
999,5.41e-06
1000,5.41e-06
1001,5.41e-06
1002,5.41e-06
1003,5.46e-06
1004,5.45e-06
1005,5.45e-06
1006,5.45e-06
1007,5.45e-06
1008,5.45e-06
1009,5.45e-06
1010,5.45e-06
1011,5.45e-06
1012,5.46e-06
1013,5.46e-06
1014,5.46e-06
1015,5.46e-06
1016,5.46e-06
1017,5.46e-06
1018,5.46e-06
1019,5.46e-06
1020,5.46e-06
1021,5.46e-06
1022,5.46e-06
1023,5.47e-06
1024,5.48e-06
1025,5.48e-06
1026,5.46e-06
1027,5.46e-06
1028,5.49e-06
1029,5.49e-06
1030,5.49e-06
1031,5.49e-06
1032,5.47e-06
1033,5.47e-06
1034,5.47e-06
1035,5.49e-06
1036,5.5e-06
1037,5.5e-06
1038,5.5e-06
1039,5.5e-06
1040,5.5e-06
1041,5.49e-06
1042,5.49e-06
1043,5.5e-06
1044,5.5e-06
1045,5.5e-06
1046,5.5e-06
1047,5.5e-06
1048,5.5e-06
1049,5.5e-06
1050,5.5e-06
1051,5.5e-06
1052,5.51e-06
1053,5.51e-06
1054,5.62e-06
1055,5.47e-06
1056,5.59e-06
1057,5.55e-06
1058,5.52e-06
1059,5.53e-06
1060,5.53e-06
1061,5.54e-06
1062,5.48e-06
1063,5.48e-06
1064,5.5e-06
1065,5.5e-06
1066,5.5e-06
1067,5.5e-06
1068,5.5e-06
1069,5.49e-06
1070,5.54e-06
1071,5.54e-06
1072,5.54e-06
1073,5.54e-06
1074,5.54e-06
1075,5.54e-06
1076,5.54e-06
1077,5.54e-06
1078,5.51e-06
1079,5.45e-06
1080,5.48e-06
1081,5.46e-06
1082,5.46e-06
1083,5.46e-06
1084,5.46e-06
1085,5.43e-06
1086,5.45e-06
1087,5.45e-06
1088,5.45e-06
1089,5.45e-06
1090,5.45e-06
1091,5.45e-06
1092,5.45e-06
1093,5.41e-06
1094,5.41e-06
1095,5.42e-06
1096,5.42e-06
1097,5.42e-06
1098,5.42e-06
1099,5.42e-06
1100,5.42e-06
1101,5.42e-06
1102,5.42e-06
1103,5.45e-06
1104,5.45e-06
1105,5.45e-06
1106,5.45e-06
1107,5.45e-06
1108,5.45e-06
1109,5.45e-06
1110,5.45e-06
1111,5.45e-06
1112,5.45e-06
1113,5.45e-06
1114,5.45e-06
1115,5.43e-06
1116,5.43e-06
1117,5.41e-06
1118,5.41e-06
1119,5.41e-06
1120,5.42e-06
1121,5.42e-06
1122,5.42e-06
1123,5.42e-06
1124,5.42e-06
1125,5.42e-06
1126,5.42e-06
1127,5.42e-06
1128,5.42e-06
1129,5.42e-06
1130,5.43e-06
1131,5.43e-06
1132,5.43e-06
1133,5.43e-06
1134,5.43e-06
1135,5.42e-06
1136,5.42e-06
1137,5.42e-06
1138,5.42e-06
1139,5.42e-06
1140,5.42e-06
1141,5.42e-06
1142,5.42e-06
1143,5.42e-06
1144,5.42e-06
1145,5.42e-06
1146,5.43e-06
1147,5.43e-06
1148,5.43e-06
1149,5.43e-06
1150,5.43e-06
1151,5.43e-06
1152,5.43e-06
1153,5.43e-06
1154,5.43e-06
1155,5.43e-06
1156,5.5e-06
1157,5.5e-06
1158,5.5e-06
1159,5.5e-06
1160,5.5e-06
1161,5.5e-06
1162,5.5e-06
1163,5.5e-06
1164,5.5e-06
1165,5.5e-06
1166,5.5e-06
1167,5.5e-06
1168,5.5e-06
1169,5.5e-06
1170,5.43e-06
1171,5.43e-06
1172,5.43e-06
1173,5.43e-06
1174,5.43e-06
1175,5.47e-06
1176,5.47e-06
1177,5.47e-06
1178,5.46e-06
1179,5.41e-06
1180,5.41e-06
1181,5.41e-06
1182,5.41e-06
1183,5.41e-06
1184,5.41e-06
1185,5.41e-06
1186,5.41e-06
1187,5.43e-06
1188,5.43e-06
1189,5.43e-06
1190,5.43e-06
1191,5.45e-06
1192,5.44e-06
1193,5.44e-06
1194,5.44e-06
1195,5.44e-06
1196,5.44e-06
1197,5.44e-06
1198,5.44e-06
1199,5.44e-06
1200,5.43e-06
1201,5.43e-06
1202,5.41e-06
1203,5.41e-06
1204,5.41e-06
1205,5.41e-06
1206,5.41e-06
1207,5.41e-06
1208,5.41e-06
1209,5.41e-06
1210,5.41e-06
1211,5.41e-06
1212,5.41e-06
1213,5.41e-06
1214,5.41e-06
1215,5.41e-06
1216,5.41e-06
1217,5.41e-06
1218,5.41e-06
1219,5.41e-06
1220,5.41e-06
1221,5.42e-06
1222,5.42e-06
1223,5.42e-06
1224,5.42e-06
1225,5.42e-06
1226,5.42e-06
1227,5.42e-06
1228,5.42e-06
1229,5.42e-06
1230,5.42e-06
1231,5.42e-06
1232,5.42e-06
1233,5.42e-06
1234,5.42e-06
1235,5.42e-06
1236,5.46e-06
1237,5.44e-06
1238,5.44e-06
1239,5.41e-06
1240,5.41e-06
1241,5.41e-06
1242,5.42e-06
1243,5.42e-06
1244,5.42e-06
1245,5.41e-06
1246,5.41e-06
1247,5.41e-06
1248,5.41e-06
1249,5.41e-06
1250,5.41e-06
1251,5.41e-06
1252,5.41e-06
1253,5.41e-06
1254,5.41e-06
1255,5.41e-06
1256,5.41e-06
1257,5.41e-06
1258,5.41e-06
1259,5.41e-06
1260,5.41e-06
1261,5.41e-06
1262,5.41e-06
1263,5.41e-06
1264,5.41e-06
1265,5.42e-06
1266,5.41e-06
1267,5.41e-06
1268,5.41e-06
1269,5.41e-06
1270,5.41e-06
1271,5.41e-06
1272,5.41e-06
1273,5.41e-06
1274,5.41e-06
1275,5.41e-06
1276,5.41e-06
1277,5.41e-06
1278,5.41e-06
1279,5.42e-06
1280,5.41e-06
1281,5.41e-06
1282,5.41e-06
1283,5.41e-06
1284,5.41e-06
1285,5.41e-06
1286,5.41e-06
1287,5.41e-06
1288,5.41e-06
1289,5.41e-06
1290,5.45e-06
1291,5.45e-06
1292,5.45e-06
1293,5.45e-06
1294,5.45e-06
1295,5.45e-06
1296,5.41e-06
1297,5.41e-06
1298,5.41e-06
1299,5.41e-06
1300,5.41e-06
1301,5.41e-06
1302,5.41e-06
1303,5.43e-06
1304,5.43e-06
1305,5.43e-06
1306,5.43e-06
1307,5.44e-06
1308,5.42e-06
1309,5.42e-06
1310,5.42e-06
1311,5.42e-06
1312,5.42e-06
1313,5.42e-06
1314,5.42e-06
1315,5.44e-06
1316,5.44e-06
1317,5.44e-06
1318,5.44e-06
1319,5.44e-06
1320,5.44e-06
1321,5.44e-06
1322,5.44e-06
1323,5.44e-06
1324,5.44e-06
1325,5.44e-06
1326,5.44e-06
1327,5.44e-06
1328,5.44e-06
1329,5.44e-06
1330,5.44e-06
1331,5.44e-06
1332,5.47e-06
1333,5.47e-06
1334,5.47e-06
1335,5.47e-06
1336,5.47e-06
1337,5.48e-06
1338,5.48e-06
1339,5.48e-06
1340,5.48e-06
1341,5.48e-06
1342,5.47e-06
1343,5.47e-06
1344,5.47e-06
1345,5.48e-06
1346,5.48e-06
1347,5.48e-06
1348,5.48e-06
1349,5.48e-06
1350,5.47e-06
1351,5.47e-06
1352,5.47e-06
1353,5.42e-06
1354,5.42e-06
1355,5.41e-06
1356,5.41e-06
1357,5.42e-06
1358,5.42e-06
1359,5.42e-06
1360,5.42e-06
1361,5.41e-06
1362,5.41e-06
1363,5.41e-06
1364,5.41e-06
1365,5.41e-06
1366,5.42e-06
1367,5.42e-06
1368,5.42e-06
1369,5.42e-06
1370,5.42e-06
1371,5.42e-06
1372,5.42e-06
1373,5.42e-06
1374,5.42e-06
1375,5.42e-06
1376,5.42e-06
1377,5.42e-06
1378,5.42e-06
1379,5.42e-06
1380,5.43e-06
1381,5.43e-06
1382,5.43e-06
1383,5.43e-06
1384,5.43e-06
1385,5.43e-06
1386,5.43e-06
1387,5.42e-06
1388,5.42e-06
1389,5.42e-06
1390,5.42e-06
1391,5.42e-06
1392,5.42e-06
1393,5.42e-06
1394,5.42e-06
1395,5.5e-06
1396,5.5e-06
1397,5.5e-06
1398,5.5e-06
1399,5.5e-06
1400,5.42e-06
1401,5.42e-06
1402,5.42e-06
1403,5.42e-06
1404,5.42e-06
1405,5.46e-06
1406,5.46e-06
1407,5.46e-06
1408,5.46e-06
1409,5.46e-06
1410,5.46e-06
1411,5.46e-06
1412,5.41e-06
1413,5.41e-06
1414,5.41e-06
1415,5.41e-06
1416,5.41e-06
1417,5.41e-06
1418,5.41e-06
1419,5.41e-06
1420,5.41e-06
1421,5.41e-06
1422,5.41e-06
1423,5.45e-06
1424,5.45e-06
1425,5.45e-06
1426,5.45e-06
1427,5.45e-06
1428,5.45e-06
1429,5.45e-06
1430,5.45e-06
1431,5.45e-06
1432,5.45e-06
1433,5.45e-06
1434,5.45e-06
1435,5.45e-06
1436,5.45e-06
1437,5.46e-06
1438,5.41e-06
1439,5.41e-06
1440,5.41e-06
1441,5.41e-06
1442,5.41e-06
1443,5.41e-06
1444,5.41e-06
1445,5.41e-06
1446,5.41e-06
1447,5.41e-06
1448,5.41e-06
1449,5.41e-06
1450,5.41e-06
1451,5.41e-06
1452,5.41e-06
1453,5.41e-06
1454,5.41e-06
1455,5.41e-06
1456,5.41e-06
1457,5.41e-06
1458,5.41e-06
1459,5.41e-06
1460,5.41e-06
1461,5.41e-06
1462,5.44e-06
1463,5.44e-06
1464,5.44e-06
1465,5.44e-06
1466,5.44e-06
1467,5.44e-06
1468,5.44e-06
1469,5.44e-06
1470,5.44e-06
1471,5.44e-06
1472,5.44e-06
1473,5.44e-06
1474,5.44e-06
1475,5.44e-06
1476,5.44e-06
1477,5.41e-06
1478,5.41e-06
1479,5.41e-06
1480,5.41e-06
1481,5.41e-06
1482,5.41e-06
1483,5.45e-06
1484,5.45e-06
1485,5.45e-06
1486,5.45e-06
1487,5.45e-06
1488,5.45e-06
1489,5.45e-06
1490,5.45e-06
1491,5.45e-06
1492,5.45e-06
1493,5.45e-06
1494,5.45e-06
1495,5.45e-06
1496,5.45e-06
1497,5.45e-06
1498,5.45e-06
1499,5.45e-06
1500,5.45e-06
1501,5.45e-06
1502,5.45e-06
1503,5.45e-06
1504,5.45e-06
1505,5.45e-06
1506,5.45e-06
1507,5.41e-06
1508,5.41e-06
1509,5.42e-06
1510,5.42e-06
1511,5.41e-06
1512,5.41e-06
1513,5.41e-06
1514,5.41e-06
1515,5.41e-06
1516,5.41e-06
1517,5.41e-06
1518,5.41e-06
1519,5.42e-06
1520,5.42e-06
1521,5.42e-06
1522,5.41e-06
1523,5.41e-06
1524,5.41e-06
1525,5.41e-06
1526,5.41e-06
1527,5.41e-06
1528,5.41e-06
1529,5.41e-06
1530,5.41e-06
1531,5.41e-06
1532,5.41e-06
1533,5.41e-06
1534,5.41e-06
1535,5.41e-06
1536,5.41e-06
1537,5.41e-06
1538,5.41e-06
1539,5.42e-06
1540,5.42e-06
1541,5.42e-06
1542,5.42e-06
1543,5.42e-06
1544,5.42e-06
1545,5.42e-06
1546,5.42e-06
1547,5.42e-06
1548,5.42e-06
1549,5.42e-06
1550,5.42e-06
1551,5.42e-06
1552,5.41e-06
1553,5.41e-06
1554,5.41e-06
1555,5.46e-06
1556,5.45e-06
1557,5.42e-06
1558,5.42e-06
1559,5.42e-06
1560,5.42e-06
1561,5.42e-06
1562,5.42e-06
1563,5.45e-06
1564,5.42e-06
1565,5.42e-06
1566,5.42e-06
1567,5.42e-06
1568,5.42e-06
1569,5.44e-06
1570,5.44e-06
1571,5.44e-06
1572,5.44e-06
1573,5.44e-06
1574,5.41e-06
1575,5.41e-06
1576,5.41e-06
1577,5.41e-06
1578,5.41e-06
1579,5.41e-06
1580,5.41e-06
1581,5.41e-06
1582,5.41e-06
1583,5.41e-06
1584,5.41e-06
1585,5.41e-06
1586,5.41e-06
1587,5.41e-06
1588,5.41e-06
1589,5.41e-06
1590,5.41e-06
1591,5.41e-06
1592,5.41e-06
1593,5.41e-06
1594,5.41e-06
1595,5.41e-06
1596,5.41e-06
1597,5.41e-06
1598,5.41e-06
1599,5.41e-06
1600,5.41e-06
1601,5.44e-06
1602,5.44e-06
1603,5.43e-06
1604,5.41e-06
1605,5.41e-06
1606,5.41e-06
1607,5.41e-06
1608,5.41e-06
1609,5.41e-06
1610,5.41e-06
1611,5.41e-06
1612,5.41e-06
1613,5.41e-06
1614,5.41e-06
1615,5.41e-06
1616,5.41e-06
1617,5.41e-06
1618,5.41e-06
1619,5.41e-06
1620,5.41e-06
1621,5.41e-06
1622,5.45e-06
1623,5.45e-06
1624,5.45e-06
1625,5.45e-06
1626,5.41e-06
1627,5.41e-06
1628,5.41e-06
1629,5.41e-06
1630,5.44e-06
1631,5.44e-06
1632,5.41e-06
1633,5.41e-06
1634,5.41e-06
1635,5.41e-06
1636,5.41e-06
1637,5.41e-06
1638,5.41e-06
1639,5.41e-06
1640,5.41e-06
1641,5.41e-06
1642,5.41e-06
1643,5.41e-06
1644,5.41e-06
1645,5.41e-06
1646,5.41e-06
1647,5.41e-06
1648,5.41e-06
1649,5.41e-06
1650,5.41e-06
1651,5.41e-06
1652,5.41e-06
1653,5.41e-06
1654,5.41e-06
1655,5.41e-06
1656,5.41e-06
1657,5.41e-06
1658,5.41e-06
1659,5.41e-06
1660,5.41e-06
1661,5.41e-06
1662,5.41e-06
1663,5.41e-06
1664,5.41e-06
1665,5.41e-06
1666,5.41e-06
1667,5.35e-06
1668,5.36e-06
1669,5.37e-06
1670,5.3e-06
1671,5.3e-06
1672,5.3e-06
1673,5.3e-06
1674,5.3e-06
1675,5.28e-06
1676,5.27e-06
1677,5.27e-06
1678,5.27e-06
1679,5.27e-06
1680,5.27e-06
1681,5.23e-06
1682,5.21e-06
1683,5.21e-06
1684,5.22e-06
1685,5.21e-06
1686,5.21e-06
1687,5.22e-06
1688,5.22e-06
1689,5.21e-06
1690,5.2e-06
1691,5.2e-06
1692,5.2e-06
1693,5.2e-06
1694,5.2e-06
1695,5.19e-06
1696,5.19e-06
1697,5.18e-06
1698,5.18e-06
1699,5.18e-06
1700,5.17e-06
1701,5.17e-06
1702,5.17e-06
1703,5.17e-06
1704,5.16e-06
1705,5.15e-06
1706,5.15e-06
1707,5.14e-06
1708,5.14e-06
1709,5.2e-06
1710,5.13e-06
1711,5.13e-06
1712,5.12e-06
1713,5.12e-06
1714,5.14e-06
1715,5.12e-06
1716,5.11e-06
1717,5.11e-06
1718,5.12e-06
1719,5.13e-06
1720,5.13e-06
1721,5.13e-06
1722,5.12e-06
1723,5.15e-06
1724,5.12e-06
1725,5.12e-06
1726,5.12e-06
1727,5.15e-06
1728,5.15e-06
1729,5.15e-06
1730,5.15e-06
1731,5.15e-06
1732,5.12e-06
1733,5.12e-06
1734,5.12e-06
1735,5.12e-06
1736,5.12e-06
1737,5.12e-06
1738,5.14e-06
1739,5.14e-06
1740,5.14e-06
1741,5.15e-06
1742,5.14e-06
1743,5.15e-06
1744,5.18e-06
1745,5.18e-06
1746,5.18e-06
1747,5.18e-06
1748,5.18e-06
1749,5.18e-06
1750,5.18e-06
1751,5.21e-06
1752,5.21e-06
1753,5.21e-06
1754,5.21e-06
1755,5.21e-06
1756,5.19e-06
1757,5.19e-06
1758,5.19e-06
1759,5.19e-06
1760,5.19e-06
1761,5.19e-06
1762,5.18e-06
1763,5.18e-06
1764,5.18e-06
1765,5.18e-06
1766,5.18e-06
1767,5.19e-06
1768,5.19e-06
1769,5.19e-06
1770,5.19e-06
1771,5.19e-06
1772,5.19e-06
1773,5.19e-06
1774,5.19e-06
1775,5.19e-06
1776,5.19e-06
1777,5.19e-06
1778,5.19e-06
1779,5.19e-06
1780,5.19e-06
1781,5.17e-06
1782,5.17e-06
1783,5.15e-06
1784,5.1e-06
1785,5.14e-06
1786,5.14e-06
1787,5.11e-06
1788,5.11e-06
1789,5.11e-06
1790,5.1e-06
1791,5.1e-06
1792,5.09e-06
1793,5.09e-06
1794,5.09e-06
1795,5.09e-06
1796,5.07e-06
1797,5.07e-06
1798,5.07e-06
1799,5.07e-06
1800,5.06e-06
1801,5.06e-06
1802,5.05e-06
1803,5.05e-06
1804,5.06e-06
1805,5.04e-06
1806,5.06e-06
1807,5.03e-06
1808,5.07e-06
1809,5.07e-06
1810,5.07e-06
1811,5.07e-06
1812,5.05e-06
1813,5.05e-06
1814,5.05e-06
1815,5.04e-06
1816,5.04e-06
1817,5.04e-06
1818,5.03e-06
1819,5.03e-06
1820,5.03e-06
1821,5.03e-06
1822,5.03e-06
1823,5.07e-06
1824,5.04e-06
1825,5.04e-06
1826,5.02e-06
1827,5.02e-06
1828,5.02e-06
1829,5.1e-06
1830,5.1e-06
1831,5.1e-06
1832,5.13e-06
1833,5.09e-06
1834,5.1e-06
1835,5.1e-06
1836,5.09e-06
1837,5.08e-06
1838,5.08e-06
1839,5.08e-06
1840,5.08e-06
1841,5.1e-06
1842,5.1e-06
1843,5.1e-06
1844,5.07e-06
1845,5.06e-06
1846,5.06e-06
1847,5.06e-06
1848,5.06e-06
1849,5.06e-06
1850,5.06e-06
1851,5.06e-06
1852,5.06e-06
1853,5.06e-06
1854,5.06e-06
1855,5.06e-06
1856,5.06e-06
1857,5.06e-06
1858,5.06e-06
1859,5.06e-06
1860,5.09e-06
1861,5.11e-06
1862,5.11e-06
1863,5.08e-06
1864,5.08e-06
1865,5.08e-06
1866,5.08e-06
1867,5.09e-06
1868,5.09e-06
1869,5.09e-06
1870,5.09e-06
1871,5.09e-06
1872,5.09e-06
1873,5.1e-06
1874,5.12e-06
1875,5.12e-06
1876,5.12e-06
1877,5.1e-06
1878,5.1e-06
1879,5.15e-06
1880,5.12e-06
1881,5.12e-06
1882,5.12e-06
1883,5.12e-06
1884,5.12e-06
1885,5.12e-06
1886,5.12e-06
1887,5.13e-06
1888,5.13e-06
1889,5.13e-06
1890,5.13e-06
1891,5.13e-06
1892,5.13e-06
1893,5.13e-06
1894,5.12e-06
1895,5.12e-06
1896,5.12e-06
1897,5.12e-06
1898,5.12e-06
1899,5.13e-06
1900,5.13e-06
1901,5.14e-06
1902,5.14e-06
1903,5.14e-06
1904,5.14e-06
1905,5.14e-06
1906,5.14e-06
1907,5.14e-06
1908,5.14e-06
1909,5.14e-06
1910,5.14e-06
1911,5.14e-06
1912,5.14e-06
1913,5.14e-06
1914,5.14e-06
1915,5.12e-06
1916,5.12e-06
1917,5.12e-06
1918,5.12e-06
1919,5.12e-06
1920,5.12e-06
1921,5.12e-06
1922,5.12e-06
1923,5.12e-06
1924,5.12e-06
1925,5.12e-06
1926,5.12e-06
1927,5.12e-06
1928,5.12e-06
1929,5.12e-06
1930,5.12e-06
1931,5.12e-06
1932,5.12e-06
1933,5.12e-06
1934,5.12e-06
1935,5.1e-06
1936,5.1e-06
1937,5.09e-06
1938,5.09e-06
1939,5.1e-06
1940,5.06e-06
1941,5.06e-06
1942,5.06e-06
1943,5.06e-06
1944,5.06e-06
1945,5.06e-06
1946,5.06e-06
1947,5.06e-06
1948,5.05e-06
1949,5.05e-06
1950,5.05e-06
1951,5.05e-06
1952,5.05e-06
1953,5.05e-06
1954,5.02e-06
1955,5.05e-06
1956,5.05e-06
1957,5.05e-06
1958,5.05e-06
1959,5.05e-06
1960,5.05e-06
1961,5.03e-06
1962,5.03e-06
1963,5.05e-06
1964,5.05e-06
1965,5.05e-06
1966,5.03e-06
1967,5.03e-06
1968,5.03e-06
1969,5.03e-06
1970,5.03e-06
1971,5.03e-06
1972,5.03e-06
1973,5.03e-06
1974,5.05e-06
1975,5.06e-06
1976,5.06e-06
1977,5.09e-06
1978,5.06e-06
1979,5.06e-06
1980,5.11e-06
1981,5.11e-06
1982,5.11e-06
1983,5.11e-06
1984,5.11e-06
1985,5.12e-06
1986,5.12e-06
1987,5.12e-06
1988,5.13e-06
1989,5.13e-06
1990,5.13e-06
1991,5.13e-06
1992,5.13e-06
1993,5.13e-06
1994,5.13e-06
1995,5.13e-06
1996,5.13e-06
1997,5.13e-06
1998,5.12e-06
1999,5.11e-06
2000,5.09e-06
2001,5.09e-06
2002,5.07e-06
2003,5.07e-06
2004,5.06e-06
2005,5.06e-06
2006,5.06e-06
2007,5.06e-06
2008,5.06e-06
2009,5.03e-06
2010,5.03e-06
2011,5.03e-06
2012,5.03e-06
2013,5.03e-06
2014,5.08e-06
2015,5.08e-06
2016,5.08e-06
2017,5.08e-06
2018,5.08e-06
2019,5.03e-06
2020,5.01e-06
2021,5.03e-06
2022,5.03e-06
2023,5.06e-06
2024,5.06e-06
2025,5.03e-06
2026,5.03e-06
2027,5.03e-06
2028,5.03e-06
2029,5.03e-06
2030,5.03e-06
2031,5.03e-06
2032,5.03e-06
2033,5.03e-06
2034,5.03e-06
2035,5.03e-06
2036,5.03e-06
2037,5.03e-06
2038,5.03e-06
2039,5.03e-06
2040,5.03e-06
2041,5.03e-06
2042,5.04e-06
2043,5.04e-06
2044,5.04e-06
2045,5.04e-06
2046,5.04e-06
2047,5.04e-06
2048,5.04e-06
2049,5.04e-06
2050,5.04e-06
2051,5.04e-06
2052,5.04e-06
2053,5.04e-06
2054,5.04e-06
2055,5.04e-06
2056,5.04e-06
2057,5.04e-06
2058,5.04e-06
2059,5.04e-06
2060,5.04e-06
2061,5.04e-06
2062,5.04e-06
2063,5.04e-06
2064,5.04e-06
2065,5.04e-06
2066,5.04e-06
2067,5.05e-06
2068,5.04e-06
2069,5.04e-06
2070,5.04e-06
2071,5e-06
2072,5e-06
2073,5e-06
2074,5e-06
2075,5e-06
2076,5e-06
2077,5e-06
2078,5e-06
2079,5e-06
2080,5e-06
2081,5e-06
2082,5e-06
2083,5e-06
2084,5e-06
2085,5e-06
2086,5e-06
2087,5e-06
2088,5e-06
2089,5e-06
2090,5e-06
2091,5.01e-06
2092,5.01e-06
2093,5.01e-06
2094,5.01e-06
2095,5.01e-06
2096,5.01e-06
2097,5.01e-06
2098,5.01e-06
2099,5.04e-06
2100,5.04e-06
2101,5.02e-06
2102,5.02e-06
2103,5.03e-06
2104,5.03e-06
2105,5.03e-06
2106,5.03e-06
2107,5.04e-06
2108,5.06e-06
2109,5.06e-06
2110,5.06e-06
2111,5.06e-06
2112,5.06e-06
2113,5.06e-06
2114,5.1e-06
2115,5.1e-06
2116,5.1e-06
2117,5.1e-06
2118,5.1e-06
2119,5.1e-06
2120,5.1e-06
2121,5.1e-06
2122,5.1e-06
2123,5.1e-06
2124,5.1e-06
2125,5.1e-06
2126,5.1e-06
2127,5.1e-06
2128,5.1e-06
2129,5.1e-06
2130,5.08e-06
2131,5.08e-06
2132,5.06e-06
2133,5.06e-06
2134,5.06e-06
2135,5.06e-06
2136,5.06e-06
2137,5.03e-06
2138,5.03e-06
2139,5.02e-06
2140,5.02e-06
2141,5.02e-06
2142,5.02e-06
2143,5.02e-06
2144,5.02e-06
2145,5.03e-06
2146,5.03e-06
2147,5.01e-06
2148,5.01e-06
2149,5.02e-06
2150,5.02e-06
2151,5.03e-06
2152,5.06e-06
2153,5.06e-06
2154,5.06e-06
2155,5.06e-06
2156,5.02e-06
2157,5.02e-06
2158,5.02e-06
2159,5.02e-06
2160,5.02e-06
2161,5.02e-06
2162,5.02e-06
2163,5.02e-06
2164,5.02e-06
2165,5.02e-06
2166,5.05e-06
2167,5.05e-06
2168,5.05e-06
2169,5.05e-06
2170,5.05e-06
2171,5.05e-06
2172,5.05e-06
2173,5.05e-06
2174,5.05e-06
2175,5.05e-06
2176,5.06e-06
2177,5.06e-06
2178,5.06e-06
2179,5.06e-06
2180,5.06e-06
2181,5.06e-06
2182,5.06e-06
2183,5.06e-06
2184,5.06e-06
2185,5.06e-06
2186,5.06e-06
2187,5.06e-06
2188,5.06e-06
2189,5.06e-06
2190,5.06e-06
2191,5.06e-06
2192,5.06e-06
2193,5.06e-06
2194,5.06e-06
2195,5.06e-06
2196,5.06e-06
2197,5.06e-06
2198,5.06e-06
2199,5.06e-06
2200,5.07e-06
2201,5.09e-06
2202,5.09e-06
2203,5.09e-06
2204,5.09e-06
2205,5.12e-06
2206,5.09e-06
2207,5.09e-06
2208,5.09e-06
2209,5.09e-06
2210,5.06e-06
2211,5.06e-06
2212,5.06e-06
2213,5.06e-06
2214,5.06e-06
2215,5.06e-06
2216,5.06e-06
2217,5.06e-06
2218,5.06e-06
2219,5.06e-06
2220,5.03e-06
2221,5.03e-06
2222,5.03e-06
2223,5.03e-06
2224,5.05e-06
2225,5e-06
2226,5.04e-06
2227,5e-06
2228,5e-06
2229,5e-06
2230,5e-06
2231,5e-06
2232,5e-06
2233,5e-06
2234,5e-06
2235,5e-06
2236,5e-06
2237,5e-06
2238,5e-06
2239,5e-06
2240,5e-06
2241,5e-06
2242,5e-06
2243,5.01e-06
2244,5e-06
2245,5e-06
2246,5e-06
2247,5e-06
2248,5e-06
2249,5e-06
2250,5e-06
2251,5e-06
2252,5e-06
2253,5e-06
2254,5e-06
2255,5e-06
2256,5e-06
2257,5e-06
2258,5.01e-06
2259,5.01e-06
2260,5e-06
2261,5e-06
2262,5e-06
2263,5.01e-06
2264,5.01e-06
2265,5.01e-06
2266,5.01e-06
2267,5.01e-06
2268,5.01e-06
2269,5e-06
2270,5.01e-06
2271,5.01e-06
2272,5e-06
2273,5.03e-06
2274,5.03e-06
2275,5.03e-06
2276,5e-06
2277,5e-06
2278,5.03e-06
2279,5e-06
2280,5.01e-06
2281,5.01e-06
2282,5.01e-06
2283,5.01e-06
2284,5.01e-06
2285,5.05e-06
2286,5.05e-06
2287,5.05e-06
2288,5.05e-06
2289,5.05e-06
2290,5.05e-06
2291,5.05e-06
2292,5.05e-06
2293,5.05e-06
2294,5.05e-06
2295,5.05e-06
2296,5.05e-06
2297,5.05e-06
2298,5.05e-06
2299,5.02e-06
2300,5.02e-06
2301,5.02e-06
2302,5.02e-06
2303,5.02e-06
2304,5.02e-06
2305,5.02e-06
2306,5.02e-06
2307,5e-06
2308,5e-06
2309,5e-06
2310,5e-06
2311,5e-06
2312,5e-06
2313,5e-06
2314,5e-06
2315,4.96e-06
2316,4.94e-06
2317,4.92e-06
2318,4.92e-06
2319,4.94e-06
2320,4.94e-06
2321,4.94e-06
2322,4.94e-06
2323,4.94e-06
2324,4.94e-06
2325,4.94e-06
2326,4.94e-06
2327,4.94e-06
2328,4.94e-06
2329,4.94e-06
2330,4.94e-06
2331,4.94e-06
2332,4.94e-06
2333,4.94e-06
2334,4.94e-06
2335,4.93e-06
2336,4.93e-06
2337,4.93e-06
2338,4.93e-06
2339,4.92e-06
2340,4.91e-06
2341,4.91e-06
2342,4.91e-06
2343,4.91e-06
2344,4.91e-06
2345,4.92e-06
2346,4.92e-06
2347,4.92e-06
2348,4.92e-06
2349,4.92e-06
2350,4.92e-06
2351,4.92e-06
2352,4.92e-06
2353,4.91e-06
2354,4.92e-06
2355,4.92e-06
2356,4.92e-06
2357,4.91e-06
2358,4.92e-06
2359,4.92e-06
2360,4.92e-06
2361,4.92e-06
2362,4.91e-06
2363,4.91e-06
2364,4.91e-06
2365,4.91e-06
2366,4.91e-06
2367,4.91e-06
2368,4.91e-06
2369,4.91e-06
2370,4.91e-06
2371,4.91e-06
2372,4.91e-06
2373,4.92e-06
2374,4.92e-06
2375,4.92e-06
2376,4.92e-06
2377,4.92e-06
2378,4.92e-06
2379,4.94e-06
2380,4.94e-06
2381,4.94e-06
2382,4.94e-06
2383,4.94e-06
2384,4.94e-06
2385,4.94e-06
2386,4.94e-06
2387,4.94e-06
2388,4.94e-06
2389,4.94e-06
2390,4.94e-06
2391,4.94e-06
2392,4.94e-06
2393,4.94e-06
2394,4.94e-06
2395,4.94e-06
2396,4.95e-06
2397,4.95e-06
2398,4.95e-06
2399,4.95e-06
2400,4.95e-06
2401,4.95e-06
2402,4.95e-06
2403,4.95e-06
2404,4.95e-06
2405,4.95e-06
2406,4.95e-06
2407,4.95e-06
2408,4.95e-06
2409,4.95e-06
2410,4.95e-06
2411,4.94e-06
2412,4.94e-06
2413,4.95e-06
2414,4.95e-06
2415,4.95e-06
2416,4.95e-06
2417,4.95e-06
2418,4.94e-06
2419,4.94e-06
2420,4.94e-06
2421,4.94e-06
2422,4.94e-06
2423,4.94e-06
2424,4.94e-06
2425,4.94e-06
2426,4.94e-06
2427,4.94e-06
2428,4.94e-06
2429,4.94e-06
2430,4.94e-06
2431,4.96e-06
2432,4.96e-06
2433,4.97e-06
2434,4.97e-06
2435,4.97e-06
2436,4.97e-06
2437,4.97e-06
2438,4.98e-06
2439,4.98e-06
2440,4.98e-06
2441,4.98e-06
2442,4.98e-06
2443,4.99e-06
2444,5e-06
2445,4.97e-06
2446,4.97e-06
2447,4.97e-06
2448,4.97e-06
2449,4.97e-06
2450,4.97e-06
2451,4.97e-06
2452,4.97e-06
2453,4.97e-06
2454,5.02e-06
2455,5.02e-06
2456,5.02e-06
2457,5.02e-06
2458,5.02e-06
2459,4.99e-06
2460,5e-06
2461,5.02e-06
2462,5.02e-06
2463,5e-06
2464,5e-06
2465,5e-06
2466,5e-06
2467,5e-06
2468,5e-06
2469,5e-06
2470,5e-06
2471,5e-06
2472,5.07e-06
2473,5.07e-06
2474,5.01e-06
2475,5.03e-06
2476,5.03e-06
2477,5.03e-06
2478,5.03e-06
2479,5.03e-06
2480,5.03e-06
2481,5.03e-06
2482,5.03e-06
2483,5.03e-06
2484,5.03e-06
2485,5.03e-06
2486,5.06e-06
2487,5.06e-06
2488,5.06e-06
2489,5.06e-06
2490,5.06e-06
2491,5.06e-06
2492,5.06e-06
2493,5.06e-06
2494,5.06e-06
2495,5.06e-06
2496,5.06e-06
2497,5.06e-06
2498,5.06e-06
2499,5.06e-06
2500,5.06e-06
2501,5.06e-06
2502,5.06e-06
2503,5.06e-06
2504,5.06e-06
2505,5.06e-06
2506,5.06e-06
2507,5.05e-06
2508,5.05e-06
2509,5.05e-06
2510,5.05e-06
2511,5.05e-06
2512,5.05e-06
2513,5.05e-06
2514,5.05e-06
2515,5.06e-06
2516,5.06e-06
2517,5.06e-06
2518,5.06e-06
2519,5.06e-06
2520,5.06e-06
2521,5.06e-06
2522,5.06e-06
2523,5.06e-06
2524,5.06e-06
2525,5.06e-06
2526,5.06e-06
2527,5.06e-06
2528,5.06e-06
2529,5.06e-06
2530,5.06e-06
2531,5.06e-06
2532,5.06e-06
2533,5.06e-06
2534,5.07e-06
2535,5.1e-06
2536,5.1e-06
2537,5.16e-06
2538,5.13e-06
2539,5.13e-06
2540,5.16e-06
2541,5.14e-06
2542,5.14e-06
2543,5.12e-06
2544,5.12e-06
2545,5.13e-06
2546,5.13e-06
2547,5.14e-06
2548,5.16e-06
2549,5.16e-06
2550,5.16e-06
2551,5.16e-06
2552,5.16e-06
2553,5.16e-06
2554,5.16e-06
2555,5.16e-06
2556,5.16e-06
2557,5.16e-06
2558,5.1e-06
2559,5.1e-06
2560,5.1e-06
2561,5.1e-06
2562,5.1e-06
2563,5.1e-06
2564,5.1e-06
2565,5.1e-06
2566,5.13e-06
2567,5.13e-06
2568,5.13e-06
2569,5.13e-06
2570,5.13e-06
2571,5.13e-06
2572,5.13e-06
2573,5.13e-06
2574,5.13e-06
2575,5.13e-06
2576,5.13e-06
2577,5.13e-06
2578,5.13e-06
2579,5.13e-06
2580,5.13e-06
2581,5.13e-06
2582,5.13e-06
2583,5.13e-06
2584,5.13e-06
2585,5.13e-06
2586,5.13e-06
2587,5.13e-06
2588,5.13e-06
2589,5.13e-06
2590,5.13e-06
2591,5.13e-06
2592,5.15e-06
2593,5.15e-06
2594,5.15e-06
2595,5.15e-06
2596,5.15e-06
2597,5.12e-06
2598,5.12e-06
2599,5.12e-06
2600,5.12e-06
2601,5.12e-06
2602,5.12e-06
2603,5.12e-06
2604,5.12e-06
2605,5.12e-06
2606,5.12e-06
2607,5.12e-06
2608,5.12e-06
2609,5.12e-06
2610,5.12e-06
2611,5.12e-06
2612,5.12e-06
2613,5.1e-06
2614,5.1e-06
2615,5.1e-06
2616,5.1e-06
2617,5.1e-06
2618,5.1e-06
2619,5.1e-06
2620,5.1e-06
2621,5.1e-06
2622,5.1e-06
2623,5.1e-06
2624,5.1e-06
2625,5.1e-06
2626,5.12e-06
2627,5.12e-06
2628,5.12e-06
2629,5.12e-06
2630,5.12e-06
2631,5.12e-06
2632,5.12e-06
2633,5.12e-06
2634,5.12e-06
2635,5.12e-06
2636,5.12e-06
2637,5.12e-06
2638,5.12e-06
2639,5.12e-06
2640,5.12e-06
2641,5.12e-06
2642,5.12e-06
2643,5.12e-06
2644,5.12e-06
2645,5.12e-06
2646,5.12e-06
2647,5.11e-06
2648,5.11e-06
2649,5.11e-06
2650,5.11e-06
2651,5.11e-06
2652,5.11e-06
2653,5.11e-06
2654,5.11e-06
2655,5.11e-06
2656,5.11e-06
2657,5.11e-06
2658,5.11e-06
2659,5.11e-06
2660,5.11e-06
2661,5.11e-06
2662,5.11e-06
2663,5.11e-06
2664,5.11e-06
2665,5.11e-06
2666,5.11e-06
2667,5.11e-06
2668,5.11e-06
2669,5.11e-06
2670,5.11e-06
2671,5.11e-06
2672,5.11e-06
2673,5.11e-06
2674,5.11e-06
2675,5.11e-06
2676,5.11e-06
2677,5.11e-06
2678,5.11e-06
2679,5.11e-06
2680,5.11e-06
2681,5.11e-06
2682,5.06e-06
2683,5.05e-06
2684,5.05e-06
2685,5.05e-06
2686,5.08e-06
2687,5.08e-06
2688,5.08e-06
2689,5.08e-06
2690,5.09e-06
2691,5.09e-06
2692,5.09e-06
2693,5.09e-06
2694,5.09e-06
2695,5.09e-06
2696,5.06e-06
2697,5.06e-06
2698,5.06e-06
2699,5.09e-06
2700,5.09e-06
2701,5.09e-06
2702,5.09e-06
2703,5.09e-06
2704,5.09e-06
2705,5.09e-06
2706,5.09e-06
2707,5.09e-06
2708,5.09e-06
2709,5.1e-06
2710,5.1e-06
2711,5.1e-06
2712,5.1e-06
2713,5.1e-06
2714,5.1e-06
2715,5.1e-06
2716,5.06e-06
2717,5.06e-06
2718,5.06e-06
2719,5.06e-06
2720,5.06e-06
2721,5.05e-06
2722,5.05e-06
2723,5.05e-06
2724,5.05e-06
2725,5.05e-06
2726,5.05e-06
2727,5.05e-06
2728,5.05e-06
2729,5.05e-06
2730,5.05e-06
2731,5.05e-06
2732,5.05e-06
2733,5.05e-06
2734,5.05e-06
2735,5.05e-06
2736,5.06e-06
2737,5.06e-06
2738,5.09e-06
2739,5.09e-06
2740,5.09e-06
2741,5.09e-06
2742,5.09e-06
2743,5.09e-06
2744,5.09e-06
2745,5.09e-06
2746,5.09e-06
2747,5.09e-06
2748,5.09e-06
2749,5.09e-06
2750,5.09e-06
2751,5.09e-06
2752,5.09e-06
2753,5.09e-06
2754,5.1e-06
2755,5.1e-06
2756,5.1e-06
2757,5.1e-06
2758,5.06e-06
2759,5.06e-06
2760,5.06e-06
2761,5.06e-06
2762,5.06e-06
2763,5.06e-06
2764,5.06e-06
2765,5.06e-06
2766,5.06e-06
2767,5.06e-06
2768,5.06e-06
2769,5.06e-06
2770,5.06e-06
2771,5.06e-06
2772,5.06e-06
2773,5.1e-06
2774,5.1e-06
2775,5.06e-06
2776,5.06e-06
2777,5.06e-06
2778,5.06e-06
2779,5.06e-06
2780,5.06e-06
2781,5.1e-06
2782,5.1e-06
2783,5.1e-06
2784,5.1e-06
2785,5.1e-06
2786,5.1e-06
2787,5.1e-06
2788,5.1e-06
2789,5.1e-06
2790,5.1e-06
2791,5.1e-06
2792,5.1e-06
2793,5.1e-06
2794,5.1e-06
2795,5.1e-06
2796,5.06e-06
2797,5.06e-06
2798,5.06e-06
2799,5.06e-06
2800,5.06e-06
2801,5.06e-06
2802,5.06e-06
2803,5.06e-06
2804,5.06e-06
2805,5.06e-06
2806,5.06e-06
2807,5.06e-06
2808,5.06e-06
2809,5.06e-06
2810,5.06e-06
2811,5.06e-06
2812,5.06e-06
2813,5.06e-06
2814,5.06e-06
2815,5.06e-06
2816,5.06e-06
2817,5.06e-06
2818,5.06e-06
2819,5.06e-06
2820,5.06e-06
2821,5.06e-06
2822,5.06e-06
2823,5.07e-06
2824,5.07e-06
2825,5.07e-06
2826,5.07e-06
2827,5.07e-06
2828,5.07e-06
2829,5.07e-06
2830,5.07e-06
2831,5.07e-06
2832,5.06e-06
2833,5.06e-06
2834,5.06e-06
2835,5.06e-06
2836,5.06e-06
2837,5.06e-06
2838,5.06e-06
2839,5.06e-06
2840,5.06e-06
2841,5.06e-06
2842,5.06e-06
2843,5.06e-06
2844,5.06e-06
2845,5.06e-06
2846,5.06e-06
2847,5.06e-06
2848,5.06e-06
2849,5.07e-06
2850,5.07e-06
2851,5.07e-06
2852,5.07e-06
2853,5.07e-06
2854,5.07e-06
2855,5.07e-06
2856,5.07e-06
2857,5.07e-06
2858,5.07e-06
2859,5.07e-06
2860,5.07e-06
2861,5.06e-06
2862,5.06e-06
2863,5.06e-06
2864,5.06e-06
2865,5.06e-06
2866,5.06e-06
2867,5.06e-06
2868,5.06e-06
2869,5.06e-06
2870,5.06e-06
2871,5.06e-06
2872,5.06e-06
2873,5.06e-06
2874,5.03e-06
2875,5.03e-06
2876,5.03e-06
2877,5.03e-06
2878,5.03e-06
2879,5.03e-06
2880,5.03e-06
2881,5.03e-06
2882,5.03e-06
2883,5.03e-06
2884,5.03e-06
2885,5.03e-06
2886,5.03e-06
2887,5.03e-06
2888,5.03e-06
2889,5.03e-06
2890,5.03e-06
2891,5.03e-06
2892,5.03e-06
2893,5.03e-06
2894,5.03e-06
2895,5.03e-06
2896,5.03e-06
2897,5.03e-06
2898,5.03e-06
2899,5.03e-06
2900,5.01e-06
2901,5.01e-06
2902,5.01e-06
2903,5.01e-06
2904,5e-06
2905,5e-06
2906,5e-06
2907,5e-06
2908,5e-06
2909,5e-06
2910,5e-06
2911,5e-06
2912,5e-06
2913,5e-06
2914,5e-06
2915,5e-06
2916,5e-06
2917,5e-06
2918,5e-06
2919,5e-06
2920,4.98e-06
2921,4.98e-06
2922,4.97e-06
2923,4.97e-06
2924,4.97e-06
2925,4.97e-06
2926,4.97e-06
2927,4.97e-06
2928,4.97e-06
2929,4.97e-06
2930,4.96e-06
2931,4.96e-06
2932,4.94e-06
2933,4.92e-06
2934,4.92e-06
2935,4.92e-06
2936,4.92e-06
2937,4.92e-06
2938,4.96e-06
2939,4.92e-06
2940,4.92e-06
2941,4.92e-06
2942,4.92e-06
2943,4.92e-06
2944,4.92e-06
2945,4.92e-06
2946,4.92e-06
2947,4.92e-06
2948,4.92e-06
2949,4.92e-06
2950,4.97e-06
2951,4.99e-06
2952,4.99e-06
2953,4.99e-06
2954,4.99e-06
2955,4.99e-06
2956,4.94e-06
2957,4.92e-06
2958,4.92e-06
2959,4.92e-06
2960,4.92e-06
2961,4.92e-06
2962,4.92e-06
2963,4.92e-06
2964,4.97e-06
2965,4.97e-06
2966,4.97e-06
2967,4.97e-06
2968,4.97e-06
2969,4.97e-06
2970,4.97e-06
2971,4.97e-06
2972,4.97e-06
2973,4.97e-06
2974,5e-06
2975,5e-06
2976,5e-06
2977,5e-06
2978,5e-06
2979,4.98e-06
2980,4.98e-06
2981,4.98e-06
2982,4.98e-06
2983,4.98e-06
2984,4.98e-06
2985,4.98e-06
2986,4.98e-06
2987,4.97e-06
2988,4.97e-06
2989,4.97e-06
2990,5e-06
2991,5e-06
2992,5e-06
2993,5e-06
2994,5e-06
2995,5e-06
2996,5e-06
2997,5e-06
2998,5e-06
2999,5e-06
3000,5e-06
3001,5e-06
3002,5e-06
3003,5e-06
3004,5e-06
3005,5e-06
3006,5e-06
3007,5e-06
3008,5e-06
3009,5e-06
3010,5e-06
3011,5e-06
3012,4.99e-06
3013,4.99e-06
3014,4.99e-06
3015,4.99e-06
3016,4.99e-06
3017,4.99e-06
3018,4.99e-06
3019,4.99e-06
3020,4.99e-06
3021,4.99e-06
3022,4.97e-06
3023,4.97e-06
3024,4.97e-06
3025,4.97e-06
3026,4.97e-06
3027,4.97e-06
3028,4.97e-06
3029,4.97e-06
3030,4.97e-06
3031,4.97e-06
3032,4.97e-06
3033,4.97e-06
3034,4.97e-06
3035,4.97e-06
3036,4.97e-06
3037,4.97e-06
3038,4.97e-06
3039,4.97e-06
3040,4.97e-06
3041,4.97e-06
3042,4.97e-06
3043,4.97e-06
3044,4.97e-06
3045,4.97e-06
3046,4.97e-06
3047,4.97e-06
3048,4.91e-06
3049,4.91e-06
3050,4.91e-06
3051,4.95e-06
3052,4.95e-06
3053,4.94e-06
3054,4.94e-06
3055,4.94e-06
3056,4.94e-06
3057,4.94e-06
3058,4.94e-06
3059,4.94e-06
3060,4.94e-06
3061,4.91e-06
3062,4.91e-06
3063,4.91e-06
3064,4.91e-06
3065,4.91e-06
3066,4.91e-06
3067,4.9e-06
3068,4.9e-06
3069,4.9e-06
3070,4.9e-06
3071,4.9e-06
3072,4.9e-06
3073,4.9e-06
3074,4.9e-06
3075,4.9e-06
3076,4.9e-06
3077,4.9e-06
3078,4.93e-06
3079,4.93e-06
3080,4.93e-06
3081,4.93e-06
3082,4.94e-06
3083,4.94e-06
3084,4.94e-06
3085,4.94e-06
3086,4.94e-06
3087,4.94e-06
3088,4.94e-06
3089,4.94e-06
3090,4.94e-06
3091,4.94e-06
3092,4.94e-06
3093,4.94e-06
3094,4.94e-06
3095,4.94e-06
3096,4.94e-06
3097,4.94e-06
3098,4.94e-06
3099,4.94e-06
3100,4.94e-06
3101,4.94e-06
3102,4.94e-06
3103,4.94e-06
3104,4.94e-06
3105,4.94e-06
3106,4.94e-06
3107,4.94e-06
3108,4.94e-06
3109,4.94e-06
3110,4.94e-06
3111,4.94e-06
3112,4.94e-06
3113,4.94e-06
3114,4.94e-06
3115,4.94e-06
3116,4.94e-06
3117,4.94e-06
3118,4.94e-06
3119,4.94e-06
3120,4.94e-06
3121,4.94e-06
3122,4.94e-06
3123,4.91e-06
3124,4.91e-06
3125,4.91e-06
3126,4.91e-06
3127,4.91e-06
3128,4.91e-06
3129,4.91e-06
3130,4.91e-06
3131,4.91e-06
3132,4.91e-06
3133,4.91e-06
3134,4.91e-06
3135,4.91e-06
3136,4.91e-06
3137,4.91e-06
3138,4.91e-06
3139,4.91e-06
3140,4.91e-06
3141,4.91e-06
3142,4.91e-06
3143,4.91e-06
3144,4.91e-06
3145,4.91e-06
3146,4.94e-06
3147,4.94e-06
3148,4.94e-06
3149,4.94e-06
3150,4.94e-06
3151,4.94e-06
3152,4.94e-06
3153,4.94e-06
3154,4.94e-06
3155,4.94e-06
3156,4.94e-06
3157,4.94e-06
3158,4.93e-06
3159,4.97e-06
3160,4.97e-06
3161,4.97e-06
3162,4.97e-06
3163,4.97e-06
3164,4.97e-06
3165,4.97e-06
3166,4.97e-06
3167,4.97e-06
3168,4.91e-06
3169,4.97e-06
3170,4.97e-06
3171,4.97e-06
3172,4.97e-06
3173,4.97e-06
3174,4.97e-06
3175,4.97e-06
3176,4.97e-06
3177,4.97e-06
3178,4.97e-06
3179,4.97e-06
3180,4.97e-06
3181,4.97e-06
3182,4.97e-06
3183,4.97e-06
3184,4.97e-06
3185,4.97e-06
3186,4.97e-06
3187,4.96e-06
3188,4.96e-06
3189,4.92e-06
3190,4.92e-06
3191,4.92e-06
3192,4.92e-06
3193,4.92e-06
3194,4.92e-06
3195,4.92e-06
3196,4.91e-06
3197,4.9e-06
3198,4.9e-06
3199,4.9e-06
3200,4.9e-06
3201,4.88e-06
3202,4.9e-06
3203,4.91e-06
3204,4.87e-06
3205,4.87e-06
3206,4.87e-06
3207,4.87e-06
3208,4.86e-06
3209,4.86e-06
3210,4.91e-06
3211,4.91e-06
3212,4.91e-06
3213,4.86e-06
3214,4.88e-06
3215,4.88e-06
3216,4.88e-06
3217,4.85e-06
3218,4.86e-06
3219,4.85e-06
3220,4.82e-06
3221,4.81e-06
3222,4.8e-06
3223,4.8e-06
3224,4.8e-06
3225,4.8e-06
3226,4.8e-06
3227,4.8e-06
3228,4.8e-06
3229,4.79e-06
3230,4.79e-06
3231,4.79e-06
3232,4.8e-06
3233,4.8e-06
3234,4.8e-06
3235,4.8e-06
3236,4.8e-06
3237,4.8e-06
3238,4.8e-06
3239,4.79e-06
3240,4.79e-06
3241,4.79e-06
3242,4.79e-06
3243,4.8e-06
3244,4.79e-06
3245,4.8e-06
3246,4.8e-06
3247,4.79e-06
3248,4.79e-06
3249,4.79e-06
3250,4.8e-06
3251,4.8e-06
3252,4.8e-06
3253,4.8e-06
3254,4.8e-06
3255,4.8e-06
3256,4.8e-06
3257,4.8e-06
3258,4.8e-06
3259,4.8e-06
3260,4.8e-06
3261,4.8e-06
3262,4.8e-06
3263,4.8e-06
3264,4.8e-06
3265,4.78e-06
3266,4.78e-06
3267,4.78e-06
3268,4.78e-06
3269,4.79e-06
3270,4.79e-06
3271,4.79e-06
3272,4.79e-06
3273,4.78e-06
3274,4.79e-06
3275,4.77e-06
3276,4.77e-06
3277,4.77e-06
3278,4.77e-06
3279,4.77e-06
3280,4.77e-06
3281,4.78e-06
3282,4.78e-06
3283,4.78e-06
3284,4.78e-06
3285,4.78e-06
3286,4.78e-06
3287,4.78e-06
3288,4.79e-06
3289,4.79e-06
3290,4.79e-06
3291,4.79e-06
3292,4.79e-06
3293,4.79e-06
3294,4.8e-06
3295,4.8e-06
3296,4.79e-06
3297,4.8e-06
3298,4.8e-06
3299,4.8e-06
3300,4.8e-06
3301,4.8e-06
3302,4.8e-06
3303,4.8e-06
3304,4.8e-06
3305,4.8e-06
3306,4.8e-06
3307,4.8e-06
3308,4.8e-06
3309,4.8e-06
3310,4.8e-06
3311,4.79e-06
3312,4.8e-06
3313,4.8e-06
3314,4.8e-06
3315,4.8e-06
3316,4.8e-06
3317,4.8e-06
3318,4.8e-06
3319,4.8e-06
3320,4.8e-06
3321,4.8e-06
3322,4.8e-06
3323,4.8e-06
3324,4.8e-06
3325,4.8e-06
3326,4.8e-06
3327,4.8e-06
3328,4.8e-06
3329,4.8e-06
3330,4.8e-06
3331,4.8e-06
3332,4.78e-06
3333,4.8e-06
3334,4.8e-06
3335,4.8e-06
3336,4.8e-06
3337,4.8e-06
3338,4.8e-06
3339,4.8e-06
3340,4.8e-06
3341,4.8e-06
3342,4.8e-06
3343,4.8e-06
3344,4.8e-06
3345,4.8e-06
3346,4.8e-06
3347,4.8e-06
3348,4.8e-06
3349,4.8e-06
3350,4.8e-06
3351,4.8e-06
3352,4.8e-06
3353,4.8e-06
3354,4.8e-06
3355,4.8e-06
3356,4.8e-06
3357,4.8e-06
3358,4.8e-06
3359,4.77e-06
3360,4.8e-06
3361,4.8e-06
3362,4.79e-06
3363,4.79e-06
3364,4.79e-06
3365,4.77e-06
3366,4.76e-06
3367,4.78e-06
3368,4.75e-06
3369,4.79e-06
3370,4.79e-06
3371,4.79e-06
3372,4.79e-06
3373,4.79e-06
3374,4.79e-06
3375,4.79e-06
3376,4.79e-06
3377,4.76e-06
3378,4.76e-06
3379,4.76e-06
3380,4.76e-06
3381,4.76e-06
3382,4.76e-06
3383,4.76e-06
3384,4.76e-06
3385,4.76e-06
3386,4.76e-06
3387,4.75e-06
3388,4.75e-06
3389,4.75e-06
3390,4.75e-06
3391,4.73e-06
3392,4.74e-06
3393,4.73e-06
3394,4.73e-06
3395,4.73e-06
3396,4.73e-06
3397,4.73e-06
3398,4.73e-06
3399,4.73e-06
3400,4.73e-06
3401,4.74e-06
3402,4.74e-06
3403,4.74e-06
3404,4.74e-06
3405,4.74e-06
3406,4.74e-06
3407,4.74e-06
3408,4.74e-06
3409,4.74e-06
3410,4.74e-06
3411,4.74e-06
3412,4.74e-06
3413,4.74e-06
3414,4.74e-06
3415,4.74e-06
3416,4.74e-06
3417,4.74e-06
3418,4.74e-06
3419,4.74e-06
3420,4.74e-06
3421,4.71e-06
3422,4.73e-06
3423,4.74e-06
3424,4.71e-06
3425,4.71e-06
3426,4.71e-06
3427,4.71e-06
3428,4.7e-06
3429,4.7e-06
3430,4.71e-06
3431,4.71e-06
3432,4.71e-06
3433,4.7e-06
3434,4.7e-06
3435,4.7e-06
3436,4.7e-06
3437,4.71e-06
3438,4.71e-06
3439,4.72e-06
3440,4.72e-06
3441,4.72e-06
3442,4.72e-06
3443,4.72e-06
3444,4.72e-06
3445,4.71e-06
3446,4.71e-06
3447,4.71e-06
3448,4.7e-06
3449,4.71e-06
3450,4.71e-06
3451,4.71e-06
3452,4.74e-06
3453,4.74e-06
3454,4.76e-06
3455,4.76e-06
3456,4.77e-06
3457,4.7e-06
3458,4.7e-06
3459,4.7e-06
3460,4.7e-06
3461,4.72e-06
3462,4.72e-06
3463,4.77e-06
3464,4.77e-06
3465,4.73e-06
3466,4.72e-06
3467,4.8e-06
3468,4.76e-06
3469,4.76e-06
3470,4.76e-06
3471,4.76e-06
3472,4.76e-06
3473,4.76e-06
3474,4.76e-06
3475,4.76e-06
3476,4.76e-06
3477,4.76e-06
3478,4.76e-06
3479,4.76e-06
3480,4.76e-06
3481,4.76e-06
3482,4.76e-06
3483,4.76e-06
3484,4.76e-06
3485,4.76e-06
3486,4.76e-06
3487,4.76e-06
3488,4.76e-06
3489,4.76e-06
3490,4.76e-06
3491,4.76e-06
3492,4.74e-06
3493,4.74e-06
3494,4.74e-06
3495,4.74e-06
3496,4.79e-06
3497,4.79e-06
3498,4.79e-06
3499,4.79e-06
3500,4.8e-06
3501,4.8e-06
3502,4.8e-06
3503,4.8e-06
3504,4.8e-06
3505,4.8e-06
3506,4.8e-06
3507,4.8e-06
3508,4.8e-06
3509,4.8e-06
3510,4.8e-06
3511,4.77e-06
3512,4.77e-06
3513,4.77e-06
3514,4.77e-06
3515,4.77e-06
3516,4.77e-06
3517,4.77e-06
3518,4.77e-06
3519,4.77e-06
3520,4.79e-06
3521,4.79e-06
3522,4.79e-06
3523,4.79e-06
3524,4.79e-06
3525,4.79e-06
3526,4.79e-06
3527,4.79e-06
3528,4.79e-06
3529,4.77e-06
3530,4.77e-06
3531,4.77e-06
3532,4.77e-06
3533,4.76e-06
3534,4.73e-06
3535,4.73e-06
3536,4.79e-06
3537,4.79e-06
3538,4.8e-06
3539,4.8e-06
3540,4.8e-06
3541,4.8e-06
3542,4.8e-06
3543,4.8e-06
3544,4.8e-06
3545,4.8e-06
3546,4.8e-06
3547,4.8e-06
3548,4.8e-06
3549,4.8e-06
3550,4.8e-06
3551,4.77e-06
3552,4.77e-06
3553,4.77e-06
3554,4.79e-06
3555,4.79e-06
3556,4.8e-06
3557,4.8e-06
3558,4.8e-06
3559,4.8e-06
3560,4.75e-06
3561,4.75e-06
3562,4.75e-06
3563,4.79e-06
3564,4.79e-06
3565,4.79e-06
3566,4.79e-06
3567,4.79e-06
3568,4.79e-06
3569,4.79e-06
3570,4.79e-06
3571,4.79e-06
3572,4.8e-06
3573,4.8e-06
3574,4.8e-06
3575,4.8e-06
3576,4.8e-06
3577,4.8e-06
3578,4.8e-06
3579,4.8e-06
3580,4.79e-06
3581,4.79e-06
3582,4.79e-06
3583,4.79e-06
3584,4.79e-06
3585,4.79e-06
3586,4.79e-06
3587,4.8e-06
3588,4.8e-06
3589,4.8e-06
3590,4.8e-06
3591,4.8e-06
3592,4.8e-06
3593,4.8e-06
3594,4.8e-06
3595,4.8e-06
3596,4.8e-06
3597,4.8e-06
3598,4.8e-06
3599,4.8e-06
3600,4.8e-06
3601,4.8e-06
3602,4.8e-06
3603,4.8e-06
3604,4.8e-06
3605,4.8e-06
3606,4.79e-06
3607,4.79e-06
3608,4.79e-06
3609,4.79e-06
3610,4.79e-06
3611,4.79e-06
3612,4.79e-06
3613,4.79e-06
3614,4.8e-06
3615,4.8e-06
3616,4.8e-06
3617,4.8e-06
3618,4.8e-06
3619,4.8e-06
3620,4.8e-06
3621,4.8e-06
3622,4.8e-06
3623,4.8e-06
3624,4.8e-06
3625,4.8e-06
3626,4.8e-06
3627,4.8e-06
3628,4.8e-06
3629,4.8e-06
3630,4.8e-06
3631,4.8e-06
3632,4.8e-06
3633,4.8e-06
3634,4.8e-06
3635,4.8e-06
3636,4.8e-06
3637,4.8e-06
3638,4.8e-06
3639,4.8e-06
3640,4.8e-06
3641,4.8e-06
3642,4.8e-06
3643,4.8e-06
3644,4.8e-06
3645,4.8e-06
3646,4.79e-06
3647,4.79e-06
3648,4.79e-06
3649,4.79e-06
3650,4.79e-06
3651,4.79e-06
3652,4.8e-06
3653,4.8e-06
3654,4.8e-06
3655,4.8e-06
3656,4.81e-06
3657,4.81e-06
3658,4.81e-06
3659,4.81e-06
3660,4.81e-06
3661,4.81e-06
3662,4.81e-06
3663,4.81e-06
3664,4.81e-06
3665,4.81e-06
3666,4.81e-06
3667,4.81e-06
3668,4.82e-06
3669,4.82e-06
3670,4.82e-06
3671,4.82e-06
3672,4.82e-06
3673,4.82e-06
3674,4.82e-06
3675,4.82e-06
3676,4.83e-06
3677,4.83e-06
3678,4.84e-06
3679,4.84e-06
3680,4.84e-06
3681,4.84e-06
3682,4.84e-06
3683,4.84e-06
3684,4.84e-06
3685,4.84e-06
3686,4.84e-06
3687,4.84e-06
3688,4.85e-06
3689,4.85e-06
3690,4.85e-06
3691,4.83e-06
3692,4.83e-06
3693,4.83e-06
3694,4.83e-06
3695,4.83e-06
3696,4.83e-06
3697,4.83e-06
3698,4.83e-06
3699,4.83e-06
3700,4.83e-06
3701,4.83e-06
3702,4.83e-06
3703,4.83e-06
3704,4.83e-06
3705,4.83e-06
3706,4.83e-06
3707,4.83e-06
3708,4.83e-06
3709,4.83e-06
3710,4.83e-06
3711,4.83e-06
3712,4.83e-06
3713,4.83e-06
3714,4.83e-06
3715,4.83e-06
3716,4.83e-06
3717,4.83e-06
3718,4.83e-06
3719,4.83e-06
3720,4.83e-06
3721,4.83e-06
3722,4.83e-06
3723,4.83e-06
3724,4.83e-06
3725,4.83e-06
3726,4.83e-06
3727,4.83e-06
3728,4.83e-06
3729,4.85e-06
3730,4.85e-06
3731,4.85e-06
3732,4.85e-06
3733,4.85e-06
3734,4.85e-06
3735,4.85e-06
3736,4.85e-06
3737,4.85e-06
3738,4.85e-06
3739,4.85e-06
3740,4.85e-06
3741,4.85e-06
3742,4.85e-06
3743,4.85e-06
3744,4.85e-06
3745,4.85e-06
3746,4.85e-06
3747,4.85e-06
3748,4.86e-06
3749,4.86e-06
3750,4.86e-06
3751,4.86e-06
3752,4.86e-06
3753,4.86e-06
3754,4.88e-06
3755,4.88e-06
3756,4.88e-06
3757,4.88e-06
3758,4.88e-06
3759,4.88e-06
3760,4.88e-06
3761,4.88e-06
3762,4.88e-06
3763,4.88e-06
3764,4.84e-06
3765,4.84e-06
3766,4.84e-06
3767,4.84e-06
3768,4.84e-06
3769,4.88e-06
3770,4.88e-06
3771,4.88e-06
3772,4.88e-06
3773,4.88e-06
3774,4.88e-06
3775,4.84e-06
3776,4.84e-06
3777,4.84e-06
3778,4.84e-06
3779,4.84e-06
3780,4.84e-06
3781,4.84e-06
3782,4.84e-06
3783,4.84e-06
3784,4.84e-06
3785,4.82e-06
3786,4.84e-06
3787,4.84e-06
3788,4.84e-06
3789,4.84e-06
3790,4.84e-06
3791,4.84e-06
3792,4.84e-06
3793,4.84e-06
3794,4.83e-06
3795,4.83e-06
3796,4.83e-06
3797,4.83e-06
3798,4.83e-06
3799,4.83e-06
3800,4.83e-06
3801,4.83e-06
3802,4.83e-06
3803,4.83e-06
3804,4.83e-06
3805,4.83e-06
3806,4.83e-06
3807,4.83e-06
3808,4.83e-06
3809,4.83e-06
3810,4.83e-06
3811,4.83e-06
3812,4.83e-06
3813,4.83e-06
3814,4.83e-06
3815,4.81e-06
3816,4.81e-06
3817,4.81e-06
3818,4.83e-06
3819,4.83e-06
3820,4.85e-06
3821,4.85e-06
3822,4.85e-06
3823,4.85e-06
3824,4.85e-06
3825,4.85e-06
3826,4.85e-06
3827,4.84e-06
3828,4.84e-06
3829,4.84e-06
3830,4.84e-06
3831,4.84e-06
3832,4.84e-06
3833,4.84e-06
3834,4.84e-06
3835,4.84e-06
3836,4.84e-06
3837,4.84e-06
3838,4.84e-06
3839,4.87e-06
3840,4.85e-06
3841,4.85e-06
3842,4.87e-06
3843,4.87e-06
3844,4.87e-06
3845,4.87e-06
3846,4.86e-06
3847,4.87e-06
3848,4.87e-06
3849,4.87e-06
3850,4.87e-06
3851,4.87e-06
3852,4.87e-06
3853,4.87e-06
3854,4.87e-06
3855,4.88e-06
3856,4.88e-06
3857,4.88e-06
3858,4.88e-06
3859,4.88e-06
3860,4.88e-06
3861,4.87e-06
3862,4.87e-06
3863,4.87e-06
3864,4.87e-06
3865,4.87e-06
3866,4.87e-06
3867,4.87e-06
3868,4.87e-06
3869,4.87e-06
3870,4.87e-06
3871,4.87e-06
3872,4.87e-06
3873,4.85e-06
3874,4.85e-06
3875,4.85e-06
3876,4.85e-06
3877,4.85e-06
3878,4.85e-06
3879,4.85e-06
3880,4.81e-06
3881,4.81e-06
3882,4.81e-06
3883,4.81e-06
3884,4.81e-06
3885,4.81e-06
3886,4.81e-06
3887,4.8e-06
3888,4.8e-06
3889,4.8e-06
3890,4.8e-06
3891,4.8e-06
3892,4.8e-06
3893,4.84e-06
3894,4.84e-06
3895,4.84e-06
3896,4.84e-06
3897,4.84e-06
3898,4.84e-06
3899,4.84e-06
3900,4.84e-06
3901,4.81e-06
3902,4.81e-06
3903,4.81e-06
3904,4.81e-06
3905,4.81e-06
3906,4.81e-06
3907,4.81e-06
3908,4.81e-06
3909,4.81e-06
3910,4.81e-06
3911,4.81e-06
3912,4.81e-06
3913,4.81e-06
3914,4.81e-06
3915,4.83e-06
3916,4.83e-06
3917,4.83e-06
3918,4.84e-06
3919,4.83e-06
3920,4.83e-06
3921,4.83e-06
3922,4.83e-06
3923,4.83e-06
3924,4.83e-06
3925,4.83e-06
3926,4.83e-06
3927,4.83e-06
3928,4.83e-06
3929,4.83e-06
3930,4.83e-06
3931,4.83e-06
3932,4.83e-06
3933,4.83e-06
3934,4.83e-06
3935,4.83e-06
3936,4.83e-06
3937,4.83e-06
3938,4.83e-06
3939,4.83e-06
3940,4.83e-06
3941,4.83e-06
3942,4.83e-06
3943,4.83e-06
3944,4.83e-06
3945,4.83e-06
3946,4.83e-06
3947,4.83e-06
3948,4.83e-06
3949,4.83e-06
3950,4.84e-06
3951,4.84e-06
3952,4.84e-06
3953,4.84e-06
3954,4.84e-06
3955,4.84e-06
3956,4.83e-06
3957,4.84e-06
3958,4.84e-06
3959,4.84e-06
3960,4.84e-06
3961,4.84e-06
3962,4.84e-06
3963,4.83e-06
3964,4.83e-06
3965,4.83e-06
3966,4.83e-06
3967,4.83e-06
3968,4.83e-06
3969,4.83e-06
3970,4.83e-06
3971,4.83e-06
3972,4.82e-06
3973,4.83e-06
3974,4.83e-06
3975,4.83e-06
3976,4.83e-06
3977,4.83e-06
3978,4.83e-06
3979,4.83e-06
3980,4.83e-06
3981,4.83e-06
3982,4.83e-06
3983,4.83e-06
3984,4.82e-06
3985,4.82e-06
3986,4.82e-06
3987,4.82e-06
3988,4.82e-06
3989,4.82e-06
3990,4.82e-06
3991,4.82e-06
3992,4.82e-06
3993,4.82e-06
3994,4.82e-06
3995,4.82e-06
3996,4.81e-06
3997,4.81e-06
3998,4.81e-06
3999,4.81e-06
4000,4.8e-06
4001,4.8e-06
4002,4.8e-06
4003,4.8e-06
4004,4.8e-06
4005,4.8e-06
4006,4.8e-06
4007,4.8e-06
4008,4.8e-06
4009,4.8e-06
4010,4.8e-06
4011,4.8e-06
4012,4.8e-06
4013,4.79e-06
4014,4.79e-06
4015,4.79e-06
4016,4.79e-06
4017,4.79e-06
4018,4.79e-06
4019,4.79e-06
4020,4.77e-06
4021,4.77e-06
4022,4.77e-06
4023,4.77e-06
4024,4.77e-06
4025,4.77e-06
4026,4.77e-06
4027,4.77e-06
4028,4.78e-06
4029,4.78e-06
4030,4.81e-06
4031,4.82e-06
4032,4.82e-06
4033,4.82e-06
4034,4.82e-06
4035,4.82e-06
4036,4.79e-06
4037,4.79e-06
4038,4.79e-06
4039,4.79e-06
4040,4.79e-06
4041,4.79e-06
4042,4.79e-06
4043,4.79e-06
4044,4.79e-06
4045,4.77e-06
4046,4.77e-06
4047,4.77e-06
4048,4.78e-06
4049,4.78e-06
4050,4.78e-06
4051,4.78e-06
4052,4.78e-06
4053,4.76e-06
4054,4.76e-06
4055,4.76e-06
4056,4.76e-06
4057,4.76e-06
4058,4.76e-06
4059,4.76e-06
4060,4.76e-06
4061,4.75e-06
4062,4.75e-06
4063,4.72e-06
4064,4.76e-06
4065,4.75e-06
4066,4.75e-06
4067,4.75e-06
4068,4.7e-06
4069,4.68e-06
4070,4.68e-06
4071,4.68e-06
4072,4.67e-06
4073,4.67e-06
4074,4.66e-06
4075,4.66e-06
4076,4.66e-06
4077,4.67e-06
4078,4.67e-06
4079,4.67e-06
4080,4.7e-06
4081,4.7e-06
4082,4.7e-06
4083,4.7e-06
4084,4.7e-06
4085,4.68e-06
4086,4.68e-06
4087,4.68e-06
4088,4.68e-06
4089,4.7e-06
4090,4.7e-06
4091,4.7e-06
4092,4.7e-06
4093,4.7e-06
4094,4.7e-06
4095,4.7e-06
4096,4.7e-06
4097,4.71e-06
4098,4.71e-06
4099,4.71e-06
4100,4.71e-06
4101,4.71e-06
4102,4.75e-06
4103,4.75e-06
4104,4.75e-06
4105,4.75e-06
4106,4.75e-06
4107,4.75e-06
4108,4.75e-06
4109,4.75e-06
4110,4.75e-06
4111,4.66e-06
4112,4.66e-06
4113,4.66e-06
4114,4.7e-06
4115,4.65e-06
4116,4.65e-06
4117,4.64e-06
4118,4.64e-06
4119,4.65e-06
4120,4.66e-06
4121,4.65e-06
4122,4.65e-06
4123,4.65e-06
4124,4.64e-06
4125,4.64e-06
4126,4.64e-06
4127,4.64e-06
4128,4.64e-06
4129,4.64e-06
4130,4.64e-06
4131,4.64e-06
4132,4.64e-06
4133,4.64e-06
4134,4.63e-06
4135,4.64e-06
4136,4.64e-06
4137,4.63e-06
4138,4.64e-06
4139,4.64e-06
4140,4.64e-06
4141,4.63e-06
4142,4.63e-06
4143,4.63e-06
4144,4.63e-06
4145,4.62e-06
4146,4.62e-06
4147,4.62e-06
4148,4.6e-06
4149,4.62e-06
4150,4.62e-06
4151,4.62e-06
4152,4.62e-06
4153,4.62e-06
4154,4.62e-06
4155,4.62e-06
4156,4.62e-06
4157,4.61e-06
4158,4.6e-06
4159,4.6e-06
4160,4.61e-06
4161,4.61e-06
4162,4.61e-06
4163,4.61e-06
4164,4.61e-06
4165,4.61e-06
4166,4.61e-06
4167,4.61e-06
4168,4.61e-06
4169,4.61e-06
4170,4.61e-06
4171,4.61e-06
4172,4.61e-06
4173,4.62e-06
4174,4.62e-06
4175,4.66e-06
4176,4.66e-06
4177,4.63e-06
4178,4.63e-06
4179,4.63e-06
4180,4.63e-06
4181,4.61e-06
4182,4.62e-06
4183,4.62e-06
4184,4.62e-06
4185,4.61e-06
4186,4.58e-06
4187,4.58e-06
4188,4.58e-06
4189,4.58e-06
4190,4.58e-06
4191,4.58e-06
4192,4.58e-06
4193,4.58e-06
4194,4.58e-06
4195,4.58e-06
4196,4.57e-06
4197,4.56e-06
4198,4.56e-06
4199,4.56e-06
4200,4.57e-06
4201,4.57e-06
4202,4.57e-06
4203,4.57e-06
4204,4.56e-06
4205,4.56e-06
4206,4.56e-06
4207,4.55e-06
4208,4.55e-06
4209,4.56e-06
4210,4.56e-06
4211,4.57e-06
4212,4.56e-06
4213,4.56e-06
4214,4.57e-06
4215,4.55e-06
4216,4.54e-06
4217,4.52e-06
4218,4.52e-06
4219,4.51e-06
4220,4.51e-06
4221,4.51e-06
4222,4.51e-06
4223,4.5e-06
4224,4.5e-06
4225,4.5e-06
4226,4.52e-06
4227,4.51e-06
4228,4.5e-06
4229,4.51e-06
4230,4.53e-06
4231,4.5e-06
4232,4.52e-06
4233,4.51e-06
4234,4.5e-06
4235,4.5e-06
4236,4.5e-06
4237,4.5e-06
4238,4.5e-06
4239,4.5e-06
4240,4.5e-06
4241,4.5e-06
4242,4.5e-06
4243,4.5e-06
4244,4.5e-06
4245,4.5e-06
4246,4.5e-06
4247,4.5e-06
4248,4.5e-06
4249,4.5e-06
4250,4.5e-06
4251,4.5e-06
4252,4.49e-06
4253,4.49e-06
4254,4.49e-06
4255,4.49e-06
4256,4.48e-06
4257,4.47e-06
4258,4.48e-06
4259,4.47e-06
4260,4.47e-06
4261,4.45e-06
4262,4.45e-06
4263,4.45e-06
4264,4.45e-06
4265,4.46e-06
4266,4.45e-06
4267,4.45e-06
4268,4.45e-06
4269,4.45e-06
4270,4.47e-06
4271,4.44e-06
4272,4.45e-06
4273,4.45e-06
4274,4.44e-06
4275,4.44e-06
4276,4.45e-06
4277,4.45e-06
4278,4.45e-06
4279,4.45e-06
4280,4.45e-06
4281,4.45e-06
4282,4.45e-06
4283,4.45e-06
4284,4.45e-06
4285,4.45e-06
4286,4.48e-06
4287,4.46e-06
4288,4.46e-06
4289,4.46e-06
4290,4.46e-06
4291,4.48e-06
4292,4.48e-06
4293,4.48e-06
4294,4.48e-06
4295,4.48e-06
4296,4.49e-06
4297,4.49e-06
4298,4.47e-06
4299,4.47e-06
4300,4.47e-06
4301,4.49e-06
4302,4.49e-06
4303,4.49e-06
4304,4.49e-06
4305,4.49e-06
4306,4.49e-06
4307,4.49e-06
4308,4.49e-06
4309,4.53e-06
4310,4.53e-06
4311,4.53e-06
4312,4.53e-06
4313,4.54e-06
4314,4.54e-06
4315,4.53e-06
4316,4.53e-06
4317,4.53e-06
4318,4.53e-06
4319,4.53e-06
4320,4.55e-06
4321,4.55e-06
4322,4.53e-06
4323,4.53e-06
4324,4.53e-06
4325,4.53e-06
4326,4.52e-06
4327,4.52e-06
4328,4.52e-06
4329,4.52e-06
4330,4.52e-06
4331,4.52e-06
4332,4.52e-06
4333,4.46e-06
4334,4.45e-06
4335,4.46e-06
4336,4.46e-06
4337,4.46e-06
4338,4.46e-06
4339,4.45e-06
4340,4.45e-06
4341,4.46e-06
4342,4.45e-06
4343,4.44e-06
4344,4.4e-06
4345,4.4e-06
4346,4.39e-06
4347,4.39e-06
4348,4.38e-06
4349,4.34e-06
4350,4.33e-06
4351,4.34e-06
4352,4.32e-06
4353,4.34e-06
4354,4.32e-06
4355,4.33e-06
4356,4.33e-06
4357,4.35e-06
4358,4.35e-06
4359,4.35e-06
4360,4.35e-06
4361,4.35e-06
4362,4.35e-06
4363,4.35e-06
4364,4.37e-06
4365,4.37e-06
4366,4.4e-06
4367,4.37e-06
4368,4.37e-06
4369,4.37e-06
4370,4.37e-06
4371,4.36e-06
4372,4.35e-06
4373,4.35e-06
4374,4.35e-06
4375,4.32e-06
4376,4.33e-06
4377,4.33e-06
4378,4.34e-06
4379,4.33e-06
4380,4.33e-06
4381,4.31e-06
4382,4.31e-06
4383,4.31e-06
4384,4.4e-06
4385,4.4e-06
4386,4.4e-06
4387,4.46e-06
4388,4.42e-06
4389,4.42e-06
4390,4.42e-06
4391,4.42e-06
4392,4.42e-06
4393,4.42e-06
4394,4.42e-06
4395,4.42e-06
4396,4.42e-06
4397,4.44e-06
4398,4.47e-06
4399,4.43e-06
4400,4.44e-06
4401,4.44e-06
4402,4.48e-06
4403,4.48e-06
4404,4.47e-06
4405,4.48e-06
4406,4.5e-06
4407,4.51e-06
4408,4.52e-06
4409,4.54e-06
4410,4.55e-06
4411,4.55e-06
4412,4.6e-06
4413,4.6e-06
4414,4.6e-06
4415,4.6e-06
4416,4.6e-06
4417,4.6e-06
4418,4.6e-06
4419,4.6e-06
4420,4.6e-06
4421,4.61e-06
4422,4.61e-06
4423,4.61e-06
4424,4.6e-06
4425,4.6e-06
4426,4.6e-06
4427,4.61e-06
4428,4.6e-06
4429,4.58e-06
4430,4.58e-06
4431,4.58e-06
4432,4.58e-06
4433,4.58e-06
4434,4.58e-06
4435,4.58e-06
4436,4.58e-06
4437,4.58e-06
4438,4.56e-06
4439,4.55e-06
4440,4.55e-06
4441,4.55e-06
4442,4.55e-06
4443,4.55e-06
4444,4.56e-06
4445,4.56e-06
4446,4.55e-06
4447,4.55e-06
4448,4.52e-06
4449,4.53e-06
4450,4.53e-06
4451,4.52e-06
4452,4.72e-06
4453,4.72e-06
4454,4.61e-06
4455,4.61e-06
4456,4.58e-06
4457,4.58e-06
4458,4.58e-06
4459,4.58e-06
4460,4.53e-06
4461,4.53e-06
4462,4.53e-06
4463,4.53e-06
4464,4.53e-06
4465,4.57e-06
4466,4.57e-06
4467,4.53e-06
4468,4.52e-06
4469,4.52e-06
4470,4.51e-06
4471,4.51e-06
4472,4.53e-06
4473,4.53e-06
4474,4.55e-06
4475,4.55e-06
4476,4.55e-06
4477,4.55e-06
4478,4.58e-06
4479,4.53e-06
4480,4.51e-06
4481,4.51e-06
4482,4.51e-06
4483,4.54e-06
4484,4.53e-06
4485,4.53e-06
4486,4.53e-06
4487,4.5e-06
4488,4.5e-06
4489,4.55e-06
4490,4.55e-06
4491,4.55e-06
4492,4.56e-06
4493,4.5e-06
4494,4.5e-06
4495,4.5e-06
4496,4.5e-06
4497,4.5e-06
4498,4.5e-06
4499,4.5e-06
4500,4.5e-06
4501,4.5e-06
4502,4.5e-06
4503,4.5e-06
4504,4.49e-06
4505,4.49e-06
4506,4.48e-06
4507,4.49e-06
4508,4.46e-06
4509,4.48e-06
4510,4.47e-06
4511,4.44e-06
4512,4.44e-06
4513,4.44e-06
4514,4.44e-06
4515,4.44e-06
4516,4.44e-06
4517,4.53e-06
4518,4.45e-06
4519,4.45e-06
4520,4.47e-06
4521,4.46e-06
4522,4.46e-06
4523,4.44e-06
4524,4.45e-06
4525,4.45e-06
4526,4.46e-06
4527,4.46e-06
4528,4.44e-06
4529,4.44e-06
4530,4.44e-06
4531,4.44e-06
4532,4.44e-06
4533,4.44e-06
4534,4.44e-06
4535,4.44e-06
4536,4.42e-06
4537,4.42e-06
4538,4.42e-06
4539,4.42e-06
4540,4.42e-06
4541,4.42e-06
4542,4.41e-06
4543,4.41e-06
4544,4.41e-06
4545,4.4e-06
4546,4.42e-06
4547,4.4e-06
4548,4.41e-06
4549,4.41e-06
4550,4.41e-06
4551,4.41e-06
4552,4.41e-06
4553,4.41e-06
4554,4.41e-06
4555,4.41e-06
4556,4.41e-06
4557,4.42e-06
4558,4.42e-06
4559,4.42e-06
4560,4.42e-06
4561,4.42e-06
4562,4.42e-06
4563,4.43e-06
4564,4.41e-06
4565,4.41e-06
4566,4.42e-06
4567,4.53e-06
4568,4.53e-06
4569,4.53e-06
4570,4.53e-06
4571,4.53e-06
4572,4.53e-06
4573,4.54e-06
4574,4.54e-06
4575,4.54e-06
4576,4.54e-06
4577,4.54e-06
4578,4.54e-06
4579,4.55e-06
4580,4.54e-06
4581,4.54e-06
4582,4.54e-06
4583,4.54e-06
4584,4.54e-06
4585,4.54e-06
4586,4.54e-06
4587,4.54e-06
4588,4.54e-06
4589,4.54e-06
4590,4.49e-06
4591,4.49e-06
4592,4.49e-06
4593,4.49e-06
4594,4.49e-06
4595,4.49e-06
4596,4.49e-06
4597,4.49e-06
4598,4.49e-06
4599,4.49e-06
4600,4.49e-06
4601,4.49e-06
4602,4.49e-06
4603,4.49e-06
4604,4.49e-06
4605,4.49e-06
4606,4.47e-06
4607,4.46e-06
4608,4.44e-06
4609,4.43e-06
4610,4.43e-06
4611,4.42e-06
4612,4.3e-06
4613,4.3e-06
4614,4.3e-06
4615,4.3e-06
4616,4.33e-06
4617,4.53e-06
4618,4.53e-06
4619,4.53e-06
4620,4.53e-06
4621,4.53e-06
4622,4.53e-06
4623,4.53e-06
4624,4.53e-06
4625,4.53e-06
4626,4.4e-06
4627,4.4e-06
4628,4.4e-06
4629,4.4e-06
4630,4.43e-06
4631,4.42e-06
4632,4.31e-06
4633,4.31e-06
4634,4.4e-06
4635,4.4e-06
4636,4.31e-06
4637,4.31e-06
4638,4.31e-06
4639,4.31e-06
4640,4.31e-06
4641,4.31e-06
4642,4.31e-06
4643,4.31e-06
4644,4.31e-06
4645,4.31e-06
4646,4.31e-06
4647,4.31e-06
4648,4.31e-06
4649,4.35e-06
4650,4.31e-06
4651,4.31e-06
4652,4.31e-06
4653,4.3e-06
4654,4.3e-06
4655,4.34e-06
4656,4.34e-06
4657,4.34e-06
4658,4.34e-06
4659,4.34e-06
4660,4.34e-06
4661,4.34e-06
4662,4.3e-06
4663,4.3e-06
4664,4.3e-06
4665,4.3e-06
4666,4.34e-06
4667,4.35e-06
4668,4.3e-06
4669,4.31e-06
4670,4.31e-06
4671,4.31e-06
4672,4.3e-06
4673,4.3e-06
4674,4.3e-06
4675,4.33e-06
4676,4.31e-06
4677,4.31e-06
4678,4.31e-06
4679,4.31e-06
4680,4.31e-06
4681,4.31e-06
4682,4.31e-06
4683,4.31e-06
4684,4.31e-06
4685,4.31e-06
4686,4.3e-06
4687,4.3e-06
4688,4.34e-06
4689,4.34e-06
4690,4.34e-06
4691,4.34e-06
4692,4.34e-06
4693,4.34e-06
4694,4.34e-06
4695,4.34e-06
4696,4.34e-06
4697,4.3e-06
4698,4.3e-06
4699,4.32e-06
4700,4.3e-06
4701,4.3e-06
4702,4.3e-06
4703,4.3e-06
4704,4.3e-06
4705,4.3e-06
4706,4.3e-06
4707,4.3e-06
4708,4.3e-06
4709,4.3e-06
4710,4.3e-06
4711,4.3e-06
4712,4.3e-06
4713,4.3e-06
4714,4.3e-06
4715,4.3e-06
4716,4.3e-06
4717,4.3e-06
4718,4.3e-06
4719,4.3e-06
4720,4.3e-06
4721,4.31e-06
4722,4.44e-06
4723,4.31e-06
4724,4.41e-06
4725,4.41e-06
4726,4.41e-06
4727,4.41e-06
4728,4.42e-06
4729,4.41e-06
4730,4.41e-06
4731,4.41e-06
4732,4.41e-06
4733,4.31e-06
4734,4.31e-06
4735,4.31e-06
4736,4.41e-06
4737,4.41e-06
4738,4.41e-06
4739,4.35e-06
4740,4.34e-06
4741,4.34e-06
4742,4.34e-06
4743,4.34e-06
4744,4.34e-06
4745,4.34e-06
4746,4.34e-06
4747,4.34e-06
4748,4.34e-06
4749,4.34e-06
4750,4.34e-06
4751,4.34e-06
4752,4.34e-06
4753,4.34e-06
4754,4.32e-06
4755,4.34e-06
4756,4.31e-06
4757,4.31e-06
4758,4.31e-06
4759,4.31e-06
4760,4.31e-06
4761,4.31e-06
4762,4.31e-06
4763,4.32e-06
4764,4.32e-06
4765,4.32e-06
4766,4.32e-06
4767,4.32e-06
4768,4.32e-06
4769,4.31e-06
4770,4.31e-06
4771,4.32e-06
4772,4.32e-06
4773,4.32e-06
4774,4.32e-06
4775,4.32e-06
4776,4.35e-06
4777,4.35e-06
4778,4.35e-06
4779,4.35e-06
4780,4.35e-06
4781,4.35e-06
4782,4.35e-06
4783,4.33e-06
4784,4.34e-06
4785,4.34e-06
4786,4.34e-06
4787,4.34e-06
4788,4.34e-06
4789,4.34e-06
4790,4.34e-06
4791,4.34e-06
4792,4.35e-06
4793,4.35e-06
4794,4.35e-06
4795,4.39e-06
4796,4.34e-06
4797,4.34e-06
4798,4.36e-06
4799,4.36e-06
4800,4.36e-06
4801,4.36e-06
4802,4.36e-06
4803,4.36e-06
4804,4.36e-06
4805,4.59e-06
4806,4.55e-06
4807,4.55e-06
4808,4.55e-06
4809,4.55e-06
4810,4.55e-06
4811,4.44e-06
4812,4.44e-06
4813,4.43e-06
4814,4.43e-06
4815,4.42e-06
4816,4.46e-06
4817,4.46e-06
4818,4.49e-06
4819,4.46e-06
4820,4.46e-06
4821,4.46e-06
4822,4.49e-06
4823,4.5e-06
4824,4.5e-06
4825,4.5e-06
4826,4.51e-06
4827,4.51e-06
4828,4.51e-06
4829,4.51e-06
4830,4.51e-06
4831,4.51e-06
4832,4.51e-06
4833,4.46e-06
4834,4.52e-06
4835,4.52e-06
4836,4.52e-06
4837,4.43e-06
4838,4.43e-06
4839,4.49e-06
4840,4.49e-06
4841,4.49e-06
4842,4.49e-06
4843,4.49e-06
4844,4.49e-06
4845,4.52e-06
4846,4.52e-06
4847,4.57e-06
4848,4.58e-06
4849,4.7e-06
4850,4.72e-06
4851,4.72e-06
4852,4.71e-06
4853,4.61e-06
4854,4.61e-06
4855,4.71e-06
4856,4.71e-06
4857,4.64e-06
4858,4.64e-06
4859,4.64e-06
4860,4.63e-06
4861,4.63e-06
4862,4.64e-06
4863,4.64e-06
4864,4.64e-06
4865,4.63e-06
4866,4.63e-06
4867,4.63e-06
4868,4.63e-06
4869,4.63e-06
4870,4.62e-06
4871,4.62e-06
4872,4.61e-06
4873,4.6e-06
4874,4.59e-06
4875,4.59e-06
4876,4.58e-06
4877,4.58e-06
4878,4.58e-06
4879,4.57e-06
4880,4.57e-06
4881,4.57e-06
4882,4.57e-06
4883,4.52e-06
4884,4.56e-06
4885,4.56e-06
4886,4.58e-06
4887,4.58e-06
4888,4.55e-06
4889,4.5e-06
4890,4.5e-06
4891,4.5e-06
4892,4.5e-06
4893,4.53e-06
4894,4.53e-06
4895,4.53e-06
4896,4.55e-06
4897,4.53e-06
4898,4.53e-06
4899,4.53e-06
4900,4.54e-06
4901,4.54e-06
4902,4.58e-06
4903,4.59e-06
4904,4.59e-06
4905,4.6e-06
4906,4.61e-06
4907,4.61e-06
4908,4.62e-06
4909,4.62e-06
4910,4.62e-06
4911,4.67e-06
4912,4.64e-06
4913,4.77e-06
4914,4.78e-06
4915,4.78e-06
4916,4.78e-06
4917,4.78e-06
4918,4.76e-06
4919,4.76e-06
4920,4.79e-06
4921,4.79e-06
4922,4.79e-06
4923,4.79e-06
4924,4.6e-06
4925,4.6e-06
4926,4.6e-06
4927,4.6e-06
4928,4.6e-06
4929,4.6e-06
4930,4.7e-06
4931,4.7e-06
4932,4.7e-06
4933,4.7e-06
4934,4.72e-06
4935,4.74e-06
4936,4.72e-06
4937,4.75e-06
4938,4.76e-06
4939,4.76e-06
4940,4.76e-06
4941,4.75e-06
4942,4.75e-06
4943,4.75e-06
4944,4.75e-06
4945,4.75e-06
4946,4.75e-06
4947,4.75e-06
4948,4.75e-06
4949,4.75e-06
4950,4.75e-06
4951,4.77e-06
4952,4.79e-06
4953,4.79e-06
4954,4.73e-06
4955,4.79e-06
4956,4.76e-06
4957,4.76e-06
4958,4.79e-06
4959,4.79e-06
4960,4.79e-06
4961,4.79e-06
4962,4.79e-06
4963,4.79e-06
4964,4.79e-06
4965,4.8e-06
4966,4.8e-06
4967,4.8e-06
4968,4.8e-06
4969,4.81e-06
4970,4.81e-06
4971,4.82e-06
4972,4.82e-06
4973,4.83e-06
4974,4.83e-06
4975,4.83e-06
4976,4.82e-06
4977,4.82e-06
4978,4.82e-06
4979,4.82e-06
4980,4.82e-06
4981,4.76e-06
4982,4.82e-06
4983,4.82e-06
4984,4.82e-06
4985,4.75e-06
4986,4.75e-06
4987,4.74e-06
4988,4.74e-06
4989,4.74e-06
4990,4.74e-06
4991,4.8e-06
4992,4.8e-06
4993,4.8e-06
4994,4.8e-06
4995,4.8e-06
4996,4.8e-06
4997,4.8e-06
4998,4.8e-06
4999,4.7e-06
5000,4.78e-06
5001,4.78e-06
5002,4.75e-06
5003,4.75e-06
5004,4.73e-06
5005,4.72e-06
5006,4.71e-06
5007,4.71e-06
5008,4.68e-06
5009,4.68e-06
5010,4.67e-06
5011,4.67e-06
5012,4.72e-06
5013,4.69e-06
5014,4.65e-06
5015,4.65e-06
5016,4.65e-06
5017,4.65e-06
5018,4.64e-06
5019,4.63e-06
5020,4.63e-06
5021,4.63e-06
5022,4.62e-06
5023,4.62e-06
5024,4.62e-06
5025,4.6e-06
5026,4.6e-06
5027,4.6e-06
5028,4.6e-06
5029,4.6e-06
5030,4.6e-06
5031,4.6e-06
5032,4.6e-06
5033,4.6e-06
5034,4.6e-06
5035,4.59e-06
5036,4.58e-06
5037,4.6e-06
5038,4.6e-06
5039,4.6e-06
5040,4.61e-06
5041,4.61e-06
5042,4.61e-06
5043,4.64e-06
5044,4.63e-06
5045,4.64e-06
5046,4.63e-06
5047,4.49e-06
5048,4.49e-06
5049,4.49e-06
5050,4.49e-06
5051,4.49e-06
5052,4.49e-06
5053,4.59e-06
5054,4.58e-06
5055,4.57e-06
5056,4.57e-06
5057,4.55e-06
5058,4.55e-06
5059,4.55e-06
5060,4.58e-06
5061,4.57e-06
5062,4.57e-06
5063,4.57e-06
5064,4.57e-06
5065,4.57e-06
5066,4.57e-06
5067,4.51e-06
5068,4.51e-06
5069,4.51e-06
5070,4.54e-06
5071,4.56e-06
5072,4.56e-06
5073,4.56e-06
5074,4.58e-06
5075,4.58e-06
5076,4.58e-06
5077,4.58e-06
5078,4.58e-06
5079,4.58e-06
5080,4.58e-06
5081,4.58e-06
5082,4.58e-06
5083,4.58e-06
5084,4.58e-06
5085,4.58e-06
5086,4.58e-06
5087,4.58e-06
5088,4.58e-06
5089,4.58e-06
5090,4.58e-06
5091,4.58e-06
5092,4.58e-06
5093,4.59e-06
5094,4.59e-06
5095,4.59e-06
5096,4.59e-06
5097,4.58e-06
5098,4.59e-06
5099,4.59e-06
5100,4.6e-06
5101,4.61e-06
5102,4.62e-06
5103,4.64e-06
5104,4.64e-06
5105,4.63e-06
5106,4.62e-06
5107,4.64e-06
5108,4.64e-06
5109,4.64e-06
5110,4.64e-06
5111,4.65e-06
5112,4.65e-06
5113,4.65e-06
5114,4.65e-06
5115,4.65e-06
5116,4.65e-06
5117,4.65e-06
5118,4.65e-06
5119,4.65e-06
5120,4.65e-06
5121,4.65e-06
5122,4.65e-06
5123,4.65e-06
5124,4.65e-06
5125,4.65e-06
5126,4.65e-06
5127,4.65e-06
5128,4.65e-06
5129,4.65e-06
5130,4.65e-06
5131,4.63e-06
5132,4.65e-06
5133,4.65e-06
5134,4.65e-06
5135,4.64e-06
5136,4.64e-06
5137,4.64e-06
5138,4.71e-06
5139,4.71e-06
5140,4.67e-06
5141,4.67e-06
5142,4.67e-06
5143,4.63e-06
5144,4.63e-06
5145,4.63e-06
5146,4.63e-06
5147,4.69e-06
5148,4.69e-06
5149,4.7e-06
5150,4.7e-06
5151,4.7e-06
5152,4.7e-06
5153,4.7e-06
5154,4.7e-06
5155,4.67e-06
5156,4.67e-06
5157,4.68e-06
5158,4.68e-06
5159,4.67e-06
5160,4.67e-06
5161,4.67e-06
5162,4.68e-06
5163,4.68e-06
5164,4.68e-06
5165,4.68e-06
5166,4.68e-06
5167,4.68e-06
5168,4.68e-06
5169,4.68e-06
5170,4.7e-06
5171,4.7e-06
5172,4.7e-06
5173,4.7e-06
5174,4.67e-06
5175,4.67e-06
5176,4.67e-06
5177,4.67e-06
5178,4.64e-06
5179,4.67e-06
5180,4.67e-06
5181,4.67e-06
5182,4.67e-06
5183,4.67e-06
5184,4.67e-06
5185,4.67e-06
5186,4.67e-06
5187,4.67e-06
5188,4.71e-06
5189,4.71e-06
5190,4.71e-06
5191,4.71e-06
5192,4.69e-06
5193,4.7e-06
5194,4.7e-06
5195,4.7e-06
5196,4.7e-06
5197,4.7e-06
5198,4.7e-06
5199,4.7e-06
5200,4.71e-06
5201,4.74e-06
5202,4.74e-06
5203,4.77e-06
5204,4.77e-06
5205,4.77e-06
5206,4.77e-06
5207,4.77e-06
5208,4.77e-06
5209,4.77e-06
5210,4.77e-06
5211,4.77e-06
5212,4.77e-06
5213,4.77e-06
5214,4.77e-06
5215,4.77e-06
5216,4.58e-06
5217,4.58e-06
5218,4.58e-06
5219,4.7e-06
5220,4.67e-06
5221,4.67e-06
5222,4.67e-06
5223,4.65e-06
5224,4.63e-06
5225,4.63e-06
5226,4.62e-06
5227,4.62e-06
5228,4.62e-06
5229,4.62e-06
5230,4.64e-06
5231,4.62e-06
5232,4.62e-06
5233,4.62e-06
5234,4.61e-06
5235,4.61e-06
5236,4.64e-06
5237,4.61e-06
5238,4.61e-06
5239,4.61e-06
5240,4.58e-06
5241,4.59e-06
5242,4.58e-06
5243,4.58e-06
5244,4.56e-06
5245,4.55e-06
5246,4.54e-06
5247,4.54e-06
5248,4.53e-06
5249,4.53e-06
5250,4.53e-06
5251,4.51e-06
5252,4.51e-06
5253,4.52e-06
5254,4.51e-06
5255,4.5e-06
5256,4.49e-06
5257,4.5e-06
5258,4.5e-06
5259,4.49e-06
5260,4.49e-06
5261,4.48e-06
5262,4.5e-06
5263,4.5e-06
5264,4.5e-06
5265,4.5e-06
5266,4.5e-06
5267,4.5e-06
5268,4.53e-06
5269,4.53e-06
5270,4.53e-06
5271,4.53e-06
5272,4.55e-06
5273,4.55e-06
5274,4.55e-06
5275,4.55e-06
5276,4.55e-06
5277,4.55e-06
5278,4.57e-06
5279,4.57e-06
5280,4.57e-06
5281,4.57e-06
5282,4.57e-06
5283,4.57e-06
5284,4.57e-06
5285,4.57e-06
5286,4.57e-06
5287,4.57e-06
5288,4.57e-06
5289,4.57e-06
5290,4.57e-06
5291,4.58e-06
5292,4.58e-06
5293,4.58e-06
5294,4.58e-06
5295,4.58e-06
5296,4.57e-06
5297,4.57e-06
5298,4.57e-06
5299,4.57e-06
5300,4.57e-06
5301,4.57e-06
5302,4.57e-06
5303,4.57e-06
5304,4.58e-06
5305,4.58e-06
5306,4.58e-06
5307,4.58e-06
5308,4.58e-06
5309,4.58e-06
5310,4.58e-06
5311,4.58e-06
5312,4.58e-06
5313,4.58e-06
5314,4.58e-06
5315,4.58e-06
5316,4.58e-06
5317,4.58e-06
5318,4.6e-06
5319,4.6e-06
5320,4.6e-06
5321,4.6e-06
5322,4.6e-06
5323,4.6e-06
5324,4.6e-06
5325,4.61e-06
5326,4.6e-06
5327,4.6e-06
5328,4.6e-06
5329,4.6e-06
5330,4.62e-06
5331,4.63e-06
5332,4.64e-06
5333,4.64e-06
5334,4.64e-06
5335,4.64e-06
5336,4.65e-06
5337,4.65e-06
5338,4.65e-06
5339,4.65e-06
5340,4.63e-06
5341,4.65e-06
5342,4.65e-06
5343,4.65e-06
5344,4.65e-06
5345,4.65e-06
5346,4.65e-06
5347,4.65e-06
5348,4.65e-06
5349,4.64e-06
5350,4.64e-06
5351,4.64e-06
5352,4.64e-06
5353,4.64e-06
5354,4.62e-06
5355,4.62e-06
5356,4.62e-06
5357,4.62e-06
5358,4.62e-06
5359,4.66e-06
5360,4.67e-06
5361,4.71e-06
5362,4.63e-06
5363,4.65e-06
5364,4.65e-06
5365,4.65e-06
5366,4.65e-06
5367,4.65e-06
5368,4.64e-06
5369,4.65e-06
5370,4.65e-06
5371,4.65e-06
5372,4.7e-06
5373,4.7e-06
5374,4.74e-06
5375,4.68e-06
5376,4.69e-06
5377,4.7e-06
5378,4.7e-06
5379,4.7e-06
5380,4.62e-06
5381,4.62e-06
5382,4.62e-06
5383,4.62e-06
5384,4.62e-06
5385,4.62e-06
5386,4.62e-06
5387,4.7e-06
5388,4.7e-06
5389,4.7e-06
5390,4.7e-06
5391,4.59e-06
5392,4.59e-06
5393,4.56e-06
5394,4.56e-06
5395,4.65e-06
5396,4.63e-06
5397,4.63e-06
5398,4.63e-06
5399,4.63e-06
5400,4.63e-06
5401,4.63e-06
5402,4.63e-06
5403,4.63e-06
5404,4.63e-06
5405,4.63e-06
5406,4.63e-06
5407,4.63e-06
5408,4.65e-06
5409,4.65e-06
5410,4.65e-06
5411,4.65e-06
5412,4.67e-06
5413,4.67e-06
5414,4.67e-06
5415,4.69e-06
5416,4.69e-06
5417,4.7e-06
5418,4.7e-06
5419,4.7e-06
5420,4.68e-06
5421,4.68e-06
5422,4.68e-06
5423,4.68e-06
5424,4.68e-06
5425,4.68e-06
5426,4.68e-06
5427,4.76e-06
5428,4.76e-06
5429,4.76e-06
5430,4.69e-06
5431,4.69e-06
5432,4.69e-06
5433,4.69e-06
5434,4.69e-06
5435,4.69e-06
5436,4.69e-06
5437,4.69e-06
5438,4.69e-06
5439,4.7e-06
5440,4.7e-06
5441,4.7e-06
5442,4.7e-06
5443,4.7e-06
5444,4.7e-06
5445,4.7e-06
5446,4.7e-06
5447,4.7e-06
5448,4.7e-06
5449,4.7e-06
5450,4.7e-06
5451,4.7e-06
5452,4.68e-06
5453,4.68e-06
5454,4.68e-06
5455,4.68e-06
5456,4.68e-06
5457,4.68e-06
5458,4.68e-06
5459,4.68e-06
5460,4.68e-06
5461,4.68e-06
5462,4.68e-06
5463,4.68e-06
5464,4.68e-06
5465,4.68e-06
5466,4.68e-06
5467,4.68e-06
5468,4.68e-06
5469,4.68e-06
5470,4.68e-06
5471,4.68e-06
5472,4.68e-06
5473,4.68e-06
5474,4.68e-06
5475,4.68e-06
5476,4.68e-06
5477,4.68e-06
5478,4.68e-06
5479,4.68e-06
5480,4.68e-06
5481,4.68e-06
5482,4.71e-06
5483,4.71e-06
5484,4.71e-06
5485,4.71e-06
5486,4.69e-06
5487,4.69e-06
5488,4.69e-06
5489,4.67e-06
5490,4.67e-06
5491,4.69e-06
5492,4.67e-06
5493,4.67e-06
5494,4.67e-06
5495,4.67e-06
5496,4.69e-06
5497,4.69e-06
5498,4.69e-06
5499,4.69e-06
5500,4.69e-06
5501,4.69e-06
5502,4.69e-06
5503,4.69e-06
5504,4.69e-06
5505,4.69e-06
5506,4.7e-06
5507,4.7e-06
5508,4.7e-06
5509,4.69e-06
5510,4.69e-06
5511,4.7e-06
5512,4.7e-06
5513,4.7e-06
5514,4.7e-06
5515,4.7e-06
5516,4.7e-06
5517,4.7e-06
5518,4.7e-06
5519,4.7e-06
5520,4.7e-06
5521,4.73e-06
5522,4.73e-06
5523,4.73e-06
5524,4.63e-06
5525,4.63e-06
5526,4.63e-06
5527,4.63e-06
5528,4.63e-06
5529,4.63e-06
5530,4.66e-06
5531,4.66e-06
5532,4.66e-06
5533,4.66e-06
5534,4.66e-06
5535,4.64e-06
5536,4.64e-06
5537,4.64e-06
5538,4.64e-06
5539,4.64e-06
5540,4.64e-06
5541,4.64e-06
5542,4.64e-06
5543,4.64e-06
5544,4.64e-06
5545,4.64e-06
5546,4.64e-06
5547,4.64e-06
5548,4.64e-06
5549,4.64e-06
5550,4.64e-06
5551,4.64e-06
5552,4.66e-06
5553,4.66e-06
5554,4.66e-06
5555,4.66e-06
5556,4.67e-06
5557,4.67e-06
5558,4.67e-06
5559,4.67e-06
5560,4.67e-06
5561,4.67e-06
5562,4.67e-06
5563,4.67e-06
5564,4.67e-06
5565,4.67e-06
5566,4.62e-06
5567,4.62e-06
5568,4.67e-06
5569,4.67e-06
5570,4.67e-06
5571,4.67e-06
5572,4.67e-06
5573,4.67e-06
5574,4.67e-06
5575,4.67e-06
5576,4.67e-06
5577,4.67e-06
5578,4.67e-06
5579,4.67e-06
5580,4.67e-06
5581,4.67e-06
5582,4.67e-06
5583,4.67e-06
5584,4.67e-06
5585,4.67e-06
5586,4.62e-06
5587,4.62e-06
5588,4.62e-06
5589,4.62e-06
5590,4.67e-06
5591,4.67e-06
5592,4.67e-06
5593,4.67e-06
5594,4.67e-06
5595,4.65e-06
5596,4.65e-06
5597,4.65e-06
5598,4.65e-06
5599,4.65e-06
5600,4.65e-06
5601,4.65e-06
5602,4.6e-06
5603,4.6e-06
5604,4.6e-06
5605,4.6e-06
5606,4.6e-06
5607,4.6e-06
5608,4.6e-06
5609,4.6e-06
5610,4.64e-06
5611,4.64e-06
5612,4.6e-06
5613,4.6e-06
5614,4.6e-06
5615,4.6e-06
5616,4.6e-06
5617,4.6e-06
5618,4.6e-06
5619,4.6e-06
5620,4.6e-06
5621,4.6e-06
5622,4.6e-06
5623,4.6e-06
5624,4.6e-06
5625,4.6e-06
5626,4.6e-06
5627,4.6e-06
5628,4.6e-06
5629,4.64e-06
5630,4.64e-06
5631,4.64e-06
5632,4.64e-06
5633,4.64e-06
5634,4.64e-06
5635,4.64e-06
5636,4.64e-06
5637,4.64e-06
5638,4.64e-06
5639,4.64e-06
5640,4.64e-06
5641,4.64e-06
5642,4.64e-06
5643,4.64e-06
5644,4.64e-06
5645,4.64e-06
5646,4.64e-06
5647,4.64e-06
5648,4.64e-06
5649,4.67e-06
5650,4.67e-06
5651,4.67e-06
5652,4.67e-06
5653,4.67e-06
5654,4.67e-06
5655,4.67e-06
5656,4.67e-06
5657,4.64e-06
5658,4.64e-06
5659,4.64e-06
5660,4.61e-06
5661,4.61e-06
5662,4.61e-06
5663,4.61e-06
5664,4.61e-06
5665,4.61e-06
5666,4.61e-06
5667,4.61e-06
5668,4.61e-06
5669,4.68e-06
5670,4.68e-06
5671,4.68e-06
5672,4.68e-06
5673,4.68e-06
5674,4.68e-06
5675,4.68e-06
5676,4.68e-06
5677,4.68e-06
5678,4.61e-06
5679,4.61e-06
5680,4.61e-06
5681,4.61e-06
5682,4.61e-06
5683,4.61e-06
5684,4.61e-06
5685,4.58e-06
5686,4.58e-06
5687,4.58e-06
5688,4.6e-06
5689,4.6e-06
5690,4.6e-06
5691,4.6e-06
5692,4.6e-06
5693,4.6e-06
5694,4.6e-06
5695,4.6e-06
5696,4.6e-06
5697,4.6e-06
5698,4.6e-06
5699,4.61e-06
5700,4.61e-06
5701,4.61e-06
5702,4.61e-06
5703,4.61e-06
5704,4.61e-06
5705,4.61e-06
5706,4.61e-06
5707,4.61e-06
5708,4.61e-06
5709,4.61e-06
5710,4.61e-06
5711,4.61e-06
5712,4.61e-06
5713,4.61e-06
5714,4.61e-06
5715,4.59e-06
5716,4.59e-06
5717,4.58e-06
5718,4.59e-06
5719,4.59e-06
5720,4.59e-06
5721,4.59e-06
5722,4.59e-06
5723,4.59e-06
5724,4.59e-06
5725,4.59e-06
5726,4.61e-06
5727,4.61e-06
5728,4.61e-06
5729,4.61e-06
5730,4.61e-06
5731,4.61e-06
5732,4.61e-06
5733,4.61e-06
5734,4.61e-06
5735,4.61e-06
5736,4.61e-06
5737,4.61e-06
5738,4.64e-06
5739,4.64e-06
5740,4.64e-06
5741,4.65e-06
5742,4.65e-06
5743,4.65e-06
5744,4.65e-06
5745,4.65e-06
5746,4.65e-06
5747,4.65e-06
5748,4.65e-06
5749,4.66e-06
5750,4.66e-06
5751,4.66e-06
5752,4.67e-06
5753,4.66e-06
5754,4.66e-06
5755,4.66e-06
5756,4.66e-06
5757,4.66e-06
5758,4.66e-06
5759,4.66e-06
5760,4.66e-06
5761,4.64e-06
5762,4.64e-06
5763,4.64e-06
5764,4.64e-06
5765,4.64e-06
5766,4.66e-06
5767,4.66e-06
5768,4.66e-06
5769,4.64e-06
5770,4.61e-06
5771,4.6e-06
5772,4.6e-06
5773,4.6e-06
5774,4.6e-06
5775,4.59e-06
5776,4.65e-06
5777,4.65e-06
5778,4.65e-06
5779,4.65e-06
5780,4.65e-06
5781,4.65e-06
5782,4.65e-06
5783,4.65e-06
5784,4.65e-06
5785,4.65e-06
5786,4.65e-06
5787,4.65e-06
5788,4.65e-06
5789,4.65e-06
5790,4.65e-06
5791,4.65e-06
5792,4.65e-06
5793,4.65e-06
5794,4.65e-06
5795,4.65e-06
5796,4.61e-06
5797,4.6e-06
5798,4.61e-06
5799,4.61e-06
5800,4.61e-06
5801,4.62e-06
5802,4.64e-06
5803,4.64e-06
5804,4.64e-06
5805,4.64e-06
5806,4.64e-06
5807,4.64e-06
5808,4.65e-06
5809,4.65e-06
5810,4.65e-06
5811,4.65e-06
5812,4.65e-06
5813,4.65e-06
5814,4.64e-06
5815,4.64e-06
5816,4.64e-06
5817,4.65e-06
5818,4.65e-06
5819,4.65e-06
5820,4.65e-06
5821,4.65e-06
5822,4.64e-06
5823,4.64e-06
5824,4.64e-06
5825,4.64e-06
5826,4.64e-06
5827,4.64e-06
5828,4.64e-06
5829,4.65e-06
5830,4.65e-06
5831,4.65e-06
5832,4.65e-06
5833,4.65e-06
5834,4.65e-06
5835,4.65e-06
5836,4.65e-06
5837,4.65e-06
5838,4.65e-06
5839,4.65e-06
5840,4.65e-06
5841,4.65e-06
5842,4.65e-06
5843,4.65e-06
5844,4.65e-06
5845,4.65e-06
5846,4.65e-06
5847,4.65e-06
5848,4.65e-06
5849,4.65e-06
5850,4.65e-06
5851,4.65e-06
5852,4.65e-06
5853,4.65e-06
5854,4.65e-06
5855,4.65e-06
5856,4.65e-06
5857,4.65e-06
5858,4.65e-06
5859,4.65e-06
5860,4.65e-06
5861,4.65e-06
5862,4.65e-06
5863,4.65e-06
5864,4.65e-06
5865,4.65e-06
5866,4.65e-06
5867,4.65e-06
5868,4.65e-06
5869,4.65e-06
5870,4.65e-06
5871,4.65e-06
5872,4.65e-06
5873,4.65e-06
5874,4.65e-06
5875,4.65e-06
5876,4.65e-06
5877,4.65e-06
5878,4.65e-06
5879,4.65e-06
5880,4.65e-06
5881,4.65e-06
5882,4.65e-06
5883,4.65e-06
5884,4.65e-06
5885,4.65e-06
5886,4.65e-06
5887,4.65e-06
5888,4.65e-06
5889,4.65e-06
5890,4.65e-06
5891,4.65e-06
5892,4.65e-06
5893,4.65e-06
5894,4.66e-06
5895,4.66e-06
5896,4.66e-06
5897,4.66e-06
5898,4.66e-06
5899,4.66e-06
5900,4.66e-06
5901,4.66e-06
5902,4.66e-06
5903,4.66e-06
5904,4.66e-06
5905,4.66e-06
5906,4.66e-06
5907,4.66e-06
5908,4.66e-06
5909,4.66e-06
5910,4.66e-06
5911,4.66e-06
5912,4.66e-06
5913,4.66e-06
5914,4.66e-06
5915,4.66e-06
5916,4.66e-06
5917,4.65e-06
5918,4.65e-06
5919,4.64e-06
5920,4.64e-06
5921,4.6e-06
5922,4.65e-06
5923,4.65e-06
5924,4.63e-06
5925,4.63e-06
5926,4.63e-06
5927,4.63e-06
5928,4.63e-06
5929,4.66e-06
5930,4.66e-06
5931,4.66e-06
5932,4.66e-06
5933,4.66e-06
5934,4.66e-06
5935,4.67e-06
5936,4.67e-06
5937,4.67e-06
5938,4.67e-06
5939,4.67e-06
5940,4.67e-06
5941,4.66e-06
5942,4.66e-06
5943,4.66e-06
5944,4.66e-06
5945,4.55e-06
5946,4.58e-06
5947,4.58e-06
5948,4.58e-06
5949,4.58e-06
5950,4.58e-06
5951,4.6e-06
5952,4.6e-06
5953,4.6e-06
5954,4.6e-06
5955,4.6e-06
5956,4.6e-06
5957,4.61e-06
5958,4.61e-06
5959,4.61e-06
5960,4.61e-06
5961,4.61e-06
5962,4.61e-06
5963,4.61e-06
5964,4.6e-06
5965,4.6e-06
5966,4.6e-06
5967,4.6e-06
5968,4.61e-06
5969,4.61e-06
5970,4.61e-06
5971,4.61e-06
5972,4.61e-06
5973,4.61e-06
5974,4.61e-06
5975,4.61e-06
5976,4.6e-06
5977,4.6e-06
5978,4.59e-06
5979,4.58e-06
5980,4.55e-06
5981,4.55e-06
5982,4.55e-06
5983,4.52e-06
5984,4.52e-06
5985,4.55e-06
5986,4.54e-06
5987,4.54e-06
5988,4.55e-06
5989,4.54e-06
5990,4.54e-06
5991,4.54e-06
5992,4.54e-06
5993,4.52e-06
5994,4.52e-06
5995,4.51e-06
5996,4.45e-06
5997,4.45e-06
5998,4.45e-06
5999,4.49e-06
6000,4.49e-06
6001,4.49e-06
6002,4.49e-06
6003,4.46e-06
6004,4.49e-06
6005,4.48e-06
6006,4.48e-06
6007,4.48e-06
6008,4.49e-06
6009,4.48e-06
6010,4.48e-06
6011,4.48e-06
6012,4.48e-06
6013,4.49e-06
6014,4.49e-06
6015,4.49e-06
6016,4.49e-06
6017,4.49e-06
6018,4.49e-06
6019,4.49e-06
6020,4.47e-06
6021,4.47e-06
6022,4.47e-06
6023,4.47e-06
6024,4.47e-06
6025,4.45e-06
6026,4.45e-06
6027,4.44e-06
6028,4.43e-06
6029,4.43e-06
6030,4.42e-06
6031,4.41e-06
6032,4.41e-06
6033,4.41e-06
6034,4.42e-06
6035,4.43e-06
6036,4.43e-06
6037,4.43e-06
6038,4.43e-06
6039,4.43e-06
6040,4.43e-06
6041,4.45e-06
6042,4.45e-06
6043,4.45e-06
6044,4.46e-06
6045,4.46e-06
6046,4.46e-06
6047,4.46e-06
6048,4.46e-06
6049,4.46e-06
6050,4.43e-06
6051,4.43e-06
6052,4.42e-06
6053,4.42e-06
6054,4.42e-06
6055,4.42e-06
6056,4.42e-06
6057,4.4e-06
6058,4.4e-06
6059,4.4e-06
6060,4.4e-06
6061,4.4e-06
6062,4.38e-06
6063,4.39e-06
6064,4.35e-06
6065,4.36e-06
6066,4.33e-06
6067,4.34e-06
6068,4.34e-06
6069,4.34e-06
6070,4.33e-06
6071,4.2e-06
6072,4.22e-06
6073,4.22e-06
6074,4.28e-06
6075,4.23e-06
6076,4.24e-06
6077,4.24e-06
6078,4.24e-06
6079,4.25e-06
6080,4.27e-06
6081,4.31e-06
6082,4.34e-06
6083,4.34e-06
6084,4.34e-06
6085,4.34e-06
6086,4.39e-06
6087,4.39e-06
6088,4.39e-06
6089,4.39e-06
6090,4.39e-06
6091,4.39e-06
6092,4.4e-06
6093,4.4e-06
6094,4.41e-06
6095,4.4e-06
6096,4.4e-06
6097,4.36e-06
6098,4.36e-06
6099,4.36e-06
6100,4.36e-06
6101,4.36e-06
6102,4.36e-06
6103,4.36e-06
6104,4.36e-06
6105,4.37e-06
6106,4.37e-06
6107,4.34e-06
6108,4.32e-06
6109,4.32e-06
6110,4.33e-06
6111,4.32e-06
6112,4.33e-06
6113,4.32e-06
6114,4.34e-06
6115,4.34e-06
6116,4.34e-06
6117,4.34e-06
6118,4.34e-06
6119,4.34e-06
6120,4.34e-06
6121,4.34e-06
6122,4.34e-06
6123,4.34e-06
6124,4.34e-06
6125,4.34e-06
6126,4.37e-06
6127,4.38e-06
6128,4.46e-06
6129,4.46e-06
6130,4.46e-06
6131,4.45e-06
6132,4.45e-06
6133,4.37e-06
6134,4.43e-06
6135,4.38e-06
6136,4.42e-06
6137,4.4e-06
6138,4.42e-06
6139,4.42e-06
6140,4.38e-06
6141,4.38e-06
6142,4.38e-06
6143,4.38e-06
6144,4.38e-06
6145,4.38e-06
6146,4.4e-06
6147,4.4e-06
6148,4.4e-06
6149,4.4e-06
6150,4.4e-06
6151,4.4e-06
6152,4.41e-06
6153,4.41e-06
6154,4.41e-06
6155,4.41e-06
6156,4.41e-06
6157,4.41e-06
6158,4.42e-06
6159,4.37e-06
6160,4.37e-06
6161,4.37e-06
6162,4.37e-06
6163,4.42e-06
6164,4.42e-06
6165,4.42e-06
6166,4.4e-06
6167,4.4e-06
6168,4.4e-06
6169,4.4e-06
6170,4.4e-06
6171,4.4e-06
6172,4.4e-06
6173,4.4e-06
6174,4.41e-06
6175,4.41e-06
6176,4.41e-06
6177,4.4e-06
6178,4.4e-06
6179,4.4e-06
6180,4.4e-06
6181,4.4e-06
6182,4.4e-06
6183,4.4e-06
6184,4.4e-06
6185,4.4e-06
6186,4.4e-06
6187,4.41e-06
6188,4.41e-06
6189,4.4e-06
6190,4.4e-06
6191,4.4e-06
6192,4.4e-06
6193,4.4e-06
6194,4.41e-06
6195,4.41e-06
6196,4.41e-06
6197,4.41e-06
6198,4.41e-06
6199,4.41e-06
6200,4.41e-06
6201,4.41e-06
6202,4.4e-06
6203,4.4e-06
6204,4.4e-06
6205,4.37e-06
6206,4.37e-06
6207,4.37e-06
6208,4.37e-06
6209,4.37e-06
6210,4.37e-06
6211,4.37e-06
6212,4.37e-06
6213,4.36e-06
6214,4.36e-06
6215,4.36e-06
6216,4.36e-06
6217,4.36e-06
6218,4.36e-06
6219,4.36e-06
6220,4.36e-06
6221,4.36e-06
6222,4.36e-06
6223,4.36e-06
6224,4.36e-06
6225,4.36e-06
6226,4.36e-06
6227,4.35e-06
6228,4.35e-06
6229,4.35e-06
6230,4.35e-06
6231,4.36e-06
6232,4.36e-06
6233,4.36e-06
6234,4.36e-06
6235,4.36e-06
6236,4.36e-06
6237,4.36e-06
6238,4.36e-06
6239,4.36e-06
6240,4.36e-06
6241,4.36e-06
6242,4.36e-06
6243,4.36e-06
6244,4.36e-06
6245,4.36e-06
6246,4.36e-06
6247,4.36e-06
6248,4.36e-06
6249,4.36e-06
6250,4.36e-06
6251,4.36e-06
6252,4.35e-06
6253,4.35e-06
6254,4.35e-06
6255,4.35e-06
6256,4.35e-06
6257,4.35e-06
6258,4.35e-06
6259,4.35e-06
6260,4.35e-06
6261,4.35e-06
6262,4.36e-06
6263,4.36e-06
6264,4.36e-06
6265,4.35e-06
6266,4.36e-06
6267,4.36e-06
6268,4.36e-06
6269,4.36e-06
6270,4.36e-06
6271,4.36e-06
6272,4.36e-06
6273,4.36e-06
