0,0.00202293
1,0.00202293
2,0.00202293
3,0.00202293
4,0.00202293
5,0.00202841
6,0.00202807
7,0.00202807
8,0.00202807
9,0.00203202
10,0.00203202
11,0.00203202
12,0.00203202
13,0.00203202
14,0.00203202
15,0.00203202
16,0.00203202
17,0.00203202
18,0.00203202
19,0.00203201
20,0.00203201
21,0.00203201
22,0.00202873
23,0.00202873
24,0.00202873
25,0.00202873
26,0.00202873
27,0.00204354
28,0.00204354
29,0.00204354
30,0.00204354
31,0.00204354
32,0.00204354
33,0.00204354
34,0.00204193
35,0.00204193
36,0.00204193
37,0.00204193
38,0.00204193
39,0.0020409
40,0.0020409
41,0.0020409
42,0.0020409
43,0.0020409
44,0.0020409
45,0.00204184
46,0.00204193
47,0.00204193
48,0.00204193
49,0.00204193
50,0.00204193
51,0.00204193
52,0.00203681
53,0.00203681
54,0.00203681
55,0.00203681
56,0.0020374
57,0.0020374
58,0.0020374
59,0.0020374
60,0.00204193
61,0.00204193
62,0.00204193
63,0.00204193
64,0.00204253
65,0.00203574
66,0.00203574
67,0.00203574
68,0.00203574
69,0.00203574
70,0.00203574
71,0.00203811
72,0.00203811
73,0.00203811
74,0.00203811
75,0.00204352
76,0.00203744
77,0.00203744
78,0.00203744
79,0.00203336
80,0.00203336
81,0.00203336
82,0.00203336
83,0.00203336
84,0.00203336
85,0.00203336
86,0.00203336
87,0.00203336
88,0.00203336
89,0.00203336
90,0.00203336
91,0.00203336
92,0.00203335
93,0.00203335
94,0.00203335
95,0.00203335
96,0.00204354
97,0.00204354
98,0.00204354
99,0.00204354
100,0.00204354
101,0.00204354
102,0.00204354
103,0.00204354
104,0.00204354
105,0.00204354
106,0.00204354
107,0.00204354
108,0.00204354
109,0.00204354
110,0.00203071
111,0.00203071
112,0.00204961
113,0.00204346
114,0.00203327
115,0.0020333
116,0.0020333
117,0.00203333
118,0.00203333
119,0.00203333
120,0.00203336
121,0.00203336
122,0.00203336
123,0.00202826
124,0.00202826
125,0.00202826
126,0.00202826
127,0.00202826
128,0.00202826
129,0.00202826
130,0.00202826
131,0.00202827
132,0.00202827
133,0.00202827
134,0.00202827
135,0.00202827
136,0.00202827
137,0.00202829
138,0.00202829
139,0.00202829
140,0.00202829
141,0.00202829
142,0.00202829
143,0.00202829
144,0.00202829
145,0.00202829
146,0.002056
147,0.00204983
148,0.00203964
149,0.00203967
150,0.00203967
151,0.00203961
152,0.00203961
153,0.00203961
154,0.00203745
155,0.00203745
156,0.00203745
157,0.00203745
158,0.00203745
159,0.00203745
160,0.00203745
161,0.00203745
162,0.00203745
163,0.00202944
164,0.00202944
165,0.00203458
166,0.00203458
167,0.00203458
168,0.00203458
169,0.00205
170,0.00204943
171,0.00203578
172,0.00203578
173,0.00203578
174,0.00203578
175,0.00203578
176,0.00203578
177,0.00204925
178,0.00204925
179,0.00204925
180,0.00204925
181,0.00204925
182,0.00204008
183,0.00204002
184,0.00204002
185,0.00204002
186,0.00204002
187,0.00204002
188,0.00202896
189,0.00202896
190,0.0020283
191,0.0020283
192,0.00202829
193,0.00202829
194,0.00202829
195,0.00202829
196,0.00202829
197,0.00202829
198,0.00202829
199,0.00202829
200,0.00202829
201,0.00202645
202,0.00202522
203,0.00202522
204,0.00202522
205,0.00202522
206,0.00202289
207,0.00202289
208,0.00202289
209,0.00202289
210,0.00202289
211,0.00202289
212,0.00201773
213,0.00201773
214,0.00201682
215,0.00201674
216,0.00201548
217,0.00201752
218,0.00201753
219,0.00201753
220,0.00201548
221,0.00201752
222,0.00201752
223,0.0020359
224,0.0020359
225,0.0020359
226,0.0020359
227,0.0020359
228,0.00203972
229,0.00203972
230,0.00204957
231,0.0020332
232,0.0020332
233,0.0020332
234,0.00204957
235,0.00203328
236,0.00204956
237,0.00204956
238,0.00202697
239,0.00202697
240,0.00202697
241,0.00202697
242,0.00202697
243,0.00202697
244,0.00202526
245,0.00202526
246,0.00202303
247,0.00202303
248,0.00202303
249,0.00202003
250,0.00202003
251,0.00202003
252,0.00202003
253,0.00202003
254,0.00202003
255,0.00202003
256,0.00203287
257,0.0020328
258,0.0020328
259,0.0020328
260,0.0020328
261,0.00201689
262,0.00201689
263,0.00201689
264,0.00201689
265,0.00201689
266,0.00201689
267,0.00201689
268,0.00203902
269,0.00201778
270,0.00201778
271,0.00201778
272,0.00201778
273,0.00201778
274,0.00201778
275,0.00203533
276,0.00203533
277,0.00203533
278,0.00203517
279,0.00203517
280,0.00203517
281,0.00203517
282,0.00203517
283,0.00203467
284,0.00203467
285,0.00203467
286,0.00202499
287,0.00202947
288,0.00202947
289,0.00202947
290,0.00202947
291,0.00202946
292,0.00202946
293,0.00202946
294,0.00202549
295,0.00202553
296,0.0020256
297,0.0020256
298,0.0020256
299,0.00203658
300,0.00202504
301,0.00202504
302,0.00202504
303,0.00202507
304,0.00202507
305,0.00202507
306,0.00202507
307,0.00202507
308,0.00202507
309,0.00202507
310,0.00202507
311,0.00202507
312,0.00202507
313,0.00202507
314,0.0020308
315,0.0020308
316,0.0020308
317,0.0020308
318,0.00201751
319,0.00201751
320,0.00201751
321,0.00201751
322,0.00201751
323,0.00201751
324,0.00201751
325,0.00201751
326,0.00201751
327,0.00201751
328,0.00201751
329,0.00201751
330,0.00201751
331,0.00201751
332,0.00201751
333,0.00201754
334,0.00201754
335,0.00201754
336,0.00201754
337,0.00201754
338,0.00201291
339,0.00201291
340,0.00201291
341,0.00201291
342,0.00201291
343,0.00201291
344,0.00201291
345,0.00201291
346,0.0020129
347,0.0020129
348,0.00201291
349,0.00201158
350,0.00201158
351,0.00201158
352,0.00201158
353,0.00201158
354,0.00201158
355,0.00201158
356,0.00201158
357,0.00201106
358,0.00201106
359,0.00201074
360,0.00200926
361,0.00200926
362,0.00200926
363,0.00200926
364,0.00200926
365,0.00200926
366,0.00200926
367,0.00200926
368,0.00200926
369,0.00200926
370,0.00200926
371,0.00201101
372,0.00201101
373,0.00201101
374,0.00201101
375,0.00201101
376,0.00201101
377,0.00201101
378,0.00201105
379,0.00201105
380,0.00201105
381,0.00201105
382,0.00201106
383,0.00201106
384,0.00201106
385,0.00201107
386,0.00202189
387,0.00202177
388,0.00202171
389,0.00202171
390,0.00202171
391,0.00202145
392,0.00202145
393,0.00202145
394,0.00202145
395,0.00202145
396,0.00202131
397,0.00201543
398,0.00201543
399,0.00201098
400,0.00201098
401,0.00201098
402,0.00201098
403,0.00201098
404,0.00201098
405,0.00201098
406,0.00201542
407,0.00201542
408,0.00201542
409,0.00201542
410,0.00201543
411,0.00202369
412,0.00202369
413,0.00201125
414,0.00201128
415,0.00201128
416,0.00201128
417,0.00201046
418,0.00201046
419,0.00201046
420,0.00201046
421,0.00201046
422,0.00201046
423,0.00201046
424,0.00201046
425,0.00201046
426,0.00201046
427,0.00201046
428,0.00201045
429,0.00201045
430,0.00201499
431,0.00201499
432,0.00201042
433,0.00201042
434,0.00201042
435,0.00201499
436,0.00201499
437,0.00201499
438,0.002015
439,0.00201074
440,0.00201074
441,0.00201043
442,0.00201043
443,0.00201108
444,0.00201108
445,0.00201108
446,0.00201041
447,0.00201041
448,0.00201041
449,0.00201041
450,0.00201041
451,0.00201041
452,0.00201041
453,0.00201041
454,0.00201041
455,0.00201041
456,0.00201041
457,0.00201041
458,0.00201041
459,0.00201041
460,0.00201041
461,0.00201041
462,0.00201041
463,0.00201041
464,0.00201041
465,0.00201041
466,0.00201041
467,0.00201041
468,0.00201041
469,0.00201041
470,0.00201041
471,0.00201041
472,0.00201041
473,0.00201041
474,0.00201041
475,0.00201041
476,0.00201041
477,0.00201041
478,0.00201041
479,0.00201041
480,0.00201041
481,0.00201041
482,0.00201041
483,0.00201041
484,0.00201041
485,0.00201041
486,0.00203289
487,0.00203125
488,0.00203125
489,0.00203125
490,0.00203125
491,0.00203125
492,0.00203125
493,0.00203125
494,0.00203125
495,0.00201075
496,0.00201075
497,0.00201075
498,0.00203058
499,0.0020112
500,0.0020295
501,0.0020295
502,0.0020295
503,0.0020295
504,0.0020295
505,0.0020295
506,0.0020295
507,0.0020295
508,0.0020295
509,0.0020295
510,0.0020121
511,0.0020121
512,0.00201217
513,0.00201217
514,0.00201217
515,0.00201217
516,0.00201217
517,0.00201217
518,0.00201217
519,0.00201217
520,0.00201262
521,0.00201262
522,0.00201271
523,0.00201275
524,0.00203298
525,0.00203298
526,0.00203298
527,0.00203298
528,0.00203298
529,0.00203298
530,0.00203298
531,0.00203298
532,0.00203298
533,0.00203298
534,0.00203209
535,0.00203209
536,0.00203209
537,0.00203209
538,0.00203209
539,0.00203209
540,0.00203209
541,0.00203209
542,0.00203209
543,0.00203209
544,0.00203214
545,0.00203214
546,0.00203214
547,0.00203214
548,0.00203214
549,0.00203214
550,0.00203214
551,0.00201687
552,0.00201687
553,0.00203214
554,0.00203214
555,0.00203214
556,0.00203214
557,0.00203214
558,0.00203214
559,0.00203214
560,0.00203214
561,0.00203214
562,0.00203214
563,0.00203214
564,0.00203214
565,0.00203214
566,0.00203214
567,0.00203214
568,0.00203214
569,0.00203214
570,0.00203214
571,0.00203214
572,0.00203214
573,0.00203214
574,0.00203214
575,0.00203214
576,0.00203214
577,0.00203214
578,0.00203214
579,0.00203214
580,0.00203214
581,0.00203214
582,0.00203214
583,0.00203214
584,0.00203214
585,0.00203214
586,0.00203214
587,0.00203214
588,0.00203214
589,0.00203214
590,0.00203214
591,0.00203214
592,0.00203214
593,0.00202165
594,0.00202165
595,0.00202165
596,0.00202165
597,0.00202165
598,0.00204997
599,0.00204382
600,0.00204382
601,0.00204382
602,0.00204382
603,0.00204387
604,0.00204382
605,0.00204382
606,0.00204382
607,0.00203816
608,0.00203816
609,0.00203816
610,0.00203408
611,0.00203408
612,0.00203408
613,0.0020132
614,0.0020132
615,0.0020132
616,0.0020132
617,0.0020132
618,0.0020132
619,0.0020132
620,0.0020132
621,0.00202834
622,0.00202777
623,0.00202777
624,0.00202777
625,0.00202777
626,0.00202777
627,0.00202777
628,0.00202389
629,0.00202556
630,0.0020255
631,0.0020255
632,0.0020255
633,0.0020255
634,0.0020255
635,0.00203203
636,0.00203203
637,0.00203203
638,0.00203203
639,0.00203203
640,0.00203203
641,0.00203203
642,0.00203203
643,0.00203203
644,0.00203203
645,0.00203203
646,0.00203203
647,0.00203006
648,0.00203006
649,0.00202999
650,0.00202693
651,0.00202652
652,0.00202652
653,0.00202652
654,0.00202652
655,0.00202652
656,0.00202652
657,0.00202652
658,0.00202652
659,0.00202652
660,0.00202728
661,0.00203232
662,0.00203232
663,0.00203232
664,0.00203232
665,0.00203232
666,0.00203232
667,0.00203232
668,0.00203232
669,0.00203232
670,0.00203815
671,0.00203815
672,0.00203815
673,0.00203815
674,0.00203815
675,0.00203815
676,0.00203815
677,0.00203815
678,0.00203815
679,0.00203816
680,0.00203816
681,0.00203816
682,0.00203816
683,0.00203406
684,0.00203406
685,0.00203406
686,0.00203406
687,0.00203406
688,0.00203406
689,0.00203406
690,0.00203301
691,0.00203301
692,0.00203301
693,0.00203301
694,0.00203301
695,0.00203301
696,0.00203301
697,0.00203301
698,0.00203301
699,0.00203301
700,0.00203301
701,0.00203301
702,0.00203301
703,0.00203301
704,0.00203301
705,0.00203301
706,0.00203301
707,0.00203301
708,0.00203301
709,0.00203122
710,0.00203118
711,0.00203118
712,0.00203118
713,0.00202905
714,0.00202905
715,0.00202905
716,0.00202905
717,0.00202905
718,0.00202905
719,0.00202905
720,0.00202905
721,0.00202905
722,0.00202905
723,0.00202931
724,0.00202931
725,0.00202931
726,0.00202945
727,0.00202945
728,0.002033
729,0.002033
730,0.002033
731,0.00203301
732,0.00203301
733,0.00203301
734,0.00203301
735,0.00203301
736,0.00203301
737,0.00203301
738,0.00203301
739,0.00203809
740,0.00203809
741,0.00203809
742,0.00203809
743,0.00203809
744,0.00203809
745,0.00203809
746,0.00203813
747,0.00202289
748,0.00202289
749,0.00202294
750,0.002038
751,0.00203791
752,0.00203791
753,0.00203791
754,0.00203791
755,0.00203791
756,0.00203791
757,0.00203791
758,0.00203791
759,0.00203791
760,0.00203791
761,0.00203791
762,0.00203791
763,0.00203791
764,0.00203791
765,0.00203694
766,0.00203694
767,0.00203694
768,0.00203694
769,0.00203694
770,0.00203694
771,0.00203694
772,0.00203694
773,0.00204047
774,0.00204047
775,0.00204047
776,0.00204047
777,0.00204047
778,0.00204047
779,0.00204047
780,0.00204047
781,0.00204047
782,0.00204047
783,0.00204047
784,0.0020325
785,0.0020325
786,0.0020325
787,0.0020325
788,0.00204046
789,0.00204046
790,0.00204046
791,0.00204046
792,0.00204046
793,0.00204046
794,0.00204046
795,0.0020325
796,0.0020325
797,0.00201255
798,0.00201255
799,0.00201255
800,0.00201255
801,0.00201255
802,0.00201255
803,0.00201255
804,0.00201255
805,0.00202809
806,0.00202809
807,0.00202809
808,0.00202809
809,0.00202809
810,0.00202809
811,0.00202809
812,0.00202809
813,0.00202809
814,0.00202809
815,0.00202809
816,0.00202809
817,0.00202809
818,0.00202809
819,0.00202809
820,0.00201851
821,0.00201851
822,0.00201851
823,0.00201851
824,0.00201851
825,0.00201851
826,0.00201851
827,0.00201851
828,0.00201851
829,0.00201851
830,0.00201851
831,0.00201851
832,0.00201851
833,0.00201851
834,0.0020281
835,0.0020281
836,0.0020281
837,0.0020281
838,0.0020281
839,0.0020281
840,0.0020281
841,0.00202322
842,0.00202322
843,0.00202322
844,0.00202322
845,0.00202322
846,0.00202322
847,0.00202322
848,0.00201258
849,0.00201258
850,0.00201258
851,0.002023
852,0.002023
853,0.002023
854,0.002023
855,0.002023
856,0.002023
857,0.00204112
858,0.00203091
859,0.00203091
860,0.00204645
861,0.00204645
862,0.00204645
863,0.00203091
864,0.00203091
865,0.00203091
866,0.00203091
867,0.00203091
868,0.00203091
869,0.00203091
870,0.00203091
871,0.00203091
872,0.00203091
873,0.00203091
874,0.00203091
875,0.00203091
876,0.00203091
877,0.00203091
878,0.00203091
879,0.00203091
880,0.00203103
881,0.00203103
882,0.00203103
883,0.00203103
884,0.00203091
885,0.00203091
886,0.00202683
887,0.00202683
888,0.00202683
889,0.00202683
890,0.00202683
891,0.00202683
892,0.00202683
893,0.00202683
894,0.00202583
895,0.00202682
896,0.00202682
897,0.00202682
898,0.00202682
899,0.00202682
900,0.00202682
901,0.00202682
902,0.00202682
903,0.0020264
904,0.0020264
905,0.0020264
906,0.0020264
907,0.0020264
908,0.00202591
909,0.00202591
910,0.00202591
911,0.0020263
912,0.00202631
913,0.00202631
914,0.0020264
915,0.0020431
916,0.0020431
917,0.0020431
918,0.0020431
919,0.002042
920,0.002042
921,0.00204254
922,0.00204254
923,0.002042
924,0.00204196
925,0.00204196
926,0.00203684
927,0.00203684
928,0.00203684
929,0.00203684
930,0.00203684
931,0.00203684
932,0.00203684
933,0.00203684
934,0.00204186
935,0.00204186
936,0.00204186
937,0.00204186
938,0.00204186
939,0.00204186
940,0.00204147
941,0.00204147
942,0.00203684
943,0.00203684
944,0.00203684
945,0.00203684
946,0.00203684
947,0.00203684
948,0.00203684
949,0.00203684
950,0.00203684
951,0.00203684
952,0.00203684
953,0.00203684
954,0.00204116
955,0.00204116
956,0.00204116
957,0.00204116
958,0.00204197
959,0.0020412
960,0.0020412
961,0.00204192
962,0.00204192
963,0.00204192
964,0.00204192
965,0.0020412
966,0.0020412
967,0.0020412
968,0.00204162
969,0.00204162
970,0.00204162
971,0.00204162
972,0.00204162
973,0.00204162
974,0.00204162
975,0.00204162
976,0.00204162
977,0.0020412
978,0.00203684
979,0.00203684
980,0.00203684
981,0.00203684
982,0.00203684
983,0.00203684
984,0.00203684
985,0.00203684
986,0.00203684
987,0.00203684
988,0.00203684
989,0.00203933
990,0.00203933
991,0.00203933
992,0.00203933
993,0.00203933
994,0.00203999
995,0.00203999
996,0.00203999
997,0.00203999
998,0.00204
999,0.00204
1000,0.00204
1001,0.00203997
1002,0.00203175
1003,0.0020318
1004,0.0020318
1005,0.0020318
1006,0.00203996
1007,0.00203996
1008,0.00203996
1009,0.00203996
1010,0.00203996
1011,0.00203996
1012,0.00203992
1013,0.00203992
1014,0.00203992
1015,0.00203992
1016,0.00203992
1017,0.00203992
1018,0.00203992
1019,0.00203992
1020,0.00203992
1021,0.00203992
1022,0.00203992
1023,0.00203992
1024,0.00203992
1025,0.00203992
1026,0.00203992
1027,0.00203992
1028,0.00203992
1029,0.00203992
1030,0.00203992
1031,0.00203992
1032,0.00203988
1033,0.00203988
1034,0.00203988
1035,0.00203988
1036,0.00204
1037,0.00204
1038,0.00204
1039,0.00204
1040,0.00203989
1041,0.00203989
1042,0.00203989
1043,0.00203989
1044,0.00203989
1045,0.00203989
1046,0.00203989
1047,0.00203989
1048,0.00203989
1049,0.00204
1050,0.00204
1051,0.00203655
1052,0.00203652
1053,0.00203652
1054,0.00203652
1055,0.00203652
1056,0.00203652
1057,0.00203652
1058,0.00203652
1059,0.00203652
1060,0.00203652
1061,0.00203652
1062,0.00203652
1063,0.00203654
1064,0.00203654
1065,0.00203654
1066,0.00203654
1067,0.00204
1068,0.00204
1069,0.00204
1070,0.00204
1071,0.00203652
1072,0.00203652
1073,0.00203652
1074,0.00203652
1075,0.00203652
1076,0.00203652
1077,0.00203652
1078,0.00203652
1079,0.00203652
1080,0.00204
1081,0.00204
1082,0.00204
1083,0.00204
1084,0.00204
1085,0.00204
1086,0.00204
1087,0.00204
1088,0.00204
1089,0.00204
1090,0.00204
1091,0.00204
1092,0.00203435
1093,0.00203435
1094,0.00203435
1095,0.00203435
1096,0.00203435
1097,0.00203435
1098,0.00203435
1099,0.00203435
1100,0.00203435
1101,0.00203175
1102,0.00203175
1103,0.00203175
1104,0.00203884
1105,0.00203884
1106,0.00203884
1107,0.00203884
1108,0.00203884
1109,0.00203884
1110,0.00202788
1111,0.00202788
1112,0.00202687
1113,0.00202687
1114,0.00202687
1115,0.00202687
1116,0.00202174
1117,0.00202174
1118,0.00202174
1119,0.00202174
1120,0.00202174
1121,0.00202174
1122,0.00202174
1123,0.00202174
1124,0.00202174
1125,0.00202174
1126,0.00202174
1127,0.00202174
1128,0.00202174
1129,0.00202174
1130,0.00202174
1131,0.00202174
1132,0.00202174
1133,0.002036
1134,0.002036
1135,0.00203579
1136,0.00203579
1137,0.00203579
1138,0.00203579
1139,0.00202123
1140,0.00202123
1141,0.00202123
1142,0.00202123
1143,0.00202123
1144,0.00202123
1145,0.00202123
1146,0.00202123
1147,0.00202123
1148,0.00202123
1149,0.00202123
1150,0.00202123
1151,0.00202123
1152,0.00202123
1153,0.00203414
1154,0.00203414
1155,0.00203388
1156,0.00201918
1157,0.00201918
1158,0.00201668
1159,0.00203373
1160,0.00201863
1161,0.00203363
1162,0.00203
1163,0.00203
1164,0.00203
1165,0.00203
1166,0.00203
1167,0.00203
1168,0.00202991
1169,0.00202991
1170,0.00202991
1171,0.00202991
1172,0.00202991
1173,0.00202987
1174,0.00202987
1175,0.00202987
1176,0.00202987
1177,0.00202987
1178,0.00202987
1179,0.00202983
1180,0.00202984
1181,0.00202984
1182,0.00202984
1183,0.00202984
1184,0.00202984
1185,0.00202984
1186,0.00202984
1187,0.00202984
1188,0.00203386
1189,0.00203386
1190,0.00203386
1191,0.00203386
1192,0.00203386
1193,0.00203387
1194,0.00203387
1195,0.00203386
1196,0.00203386
1197,0.00203387
1198,0.00203387
1199,0.00203386
1200,0.00203386
1201,0.00203386
1202,0.00203386
1203,0.00203386
1204,0.00203387
1205,0.00201386
1206,0.00201386
1207,0.00201386
1208,0.00201386
1209,0.00201386
1210,0.00201386
1211,0.00201386
1212,0.00201386
1213,0.00201386
1214,0.00201386
1215,0.00201386
1216,0.00201386
1217,0.00201386
1218,0.00201386
1219,0.00201386
1220,0.00201386
1221,0.00201386
1222,0.00201386
1223,0.00201386
1224,0.00201386
1225,0.00201386
1226,0.00201386
1227,0.00202393
1228,0.00202393
1229,0.00202393
1230,0.00202393
1231,0.00202393
1232,0.00202393
1233,0.00202393
1234,0.00202393
1235,0.00202393
1236,0.00202841
1237,0.00203325
1238,0.00203325
1239,0.00203325
1240,0.00203325
1241,0.00203325
1242,0.00203325
1243,0.00203325
1244,0.00203325
1245,0.00203325
1246,0.00203325
1247,0.00203325
1248,0.00203325
1249,0.00203325
1250,0.00203325
1251,0.00203325
1252,0.00203325
1253,0.00203325
1254,0.00203325
1255,0.00203325
1256,0.00203325
1257,0.00201895
1258,0.00201895
1259,0.00201895
1260,0.00201895
1261,0.00202717
1262,0.00202717
1263,0.00202717
1264,0.00202717
1265,0.00202717
1266,0.00202717
1267,0.00202717
1268,0.00202717
1269,0.00202717
1270,0.00202717
1271,0.00202717
1272,0.00201895
1273,0.00201895
1274,0.00201895
1275,0.00201895
1276,0.00201895
1277,0.00201895
1278,0.00201895
1279,0.00201895
1280,0.00201895
1281,0.00201895
1282,0.00201895
1283,0.00201895
1284,0.00201895
1285,0.00201895
1286,0.00203563
1287,0.00203522
1288,0.00203481
1289,0.00203481
1290,0.00203481
1291,0.00203481
1292,0.00203481
1293,0.00203481
1294,0.00203481
1295,0.00202752
1296,0.00202752
1297,0.00202751
1298,0.00202751
1299,0.00202752
1300,0.00202752
1301,0.00202752
1302,0.00202752
1303,0.00202752
1304,0.00202752
1305,0.00202752
1306,0.00202752
1307,0.00202752
1308,0.00202752
1309,0.00202752
1310,0.00202752
1311,0.00202752
1312,0.00202752
1313,0.00202752
1314,0.00202752
1315,0.00202752
1316,0.00202752
1317,0.00202752
1318,0.00202752
1319,0.00202751
1320,0.00202751
1321,0.00202751
1322,0.00202751
1323,0.00202751
1324,0.00202751
1325,0.00202751
1326,0.00202751
1327,0.00202751
1328,0.00202751
1329,0.00202751
1330,0.00201894
1331,0.00201897
1332,0.00201897
1333,0.00201897
1334,0.00203365
1335,0.00203365
1336,0.00203365
1337,0.00203365
1338,0.00203365
1339,0.00203365
1340,0.00201894
1341,0.00201894
1342,0.00201894
1343,0.00201894
1344,0.00203231
1345,0.00203231
1346,0.00203231
1347,0.00203231
1348,0.00203231
1349,0.00203231
1350,0.00203231
1351,0.00203231
1352,0.00203231
1353,0.00203231
1354,0.00203231
1355,0.00203231
1356,0.00203231
1357,0.00203231
1358,0.00203231
1359,0.00202003
1360,0.00202003
1361,0.00203043
1362,0.00203043
1363,0.00203043
1364,0.00203043
1365,0.00203043
1366,0.00203043
1367,0.00203043
1368,0.00202018
1369,0.00203487
1370,0.00203487
1371,0.00203487
1372,0.00203487
1373,0.00203487
1374,0.00203487
1375,0.00203487
1376,0.00203487
1377,0.00202031
1378,0.00202031
1379,0.00202031
1380,0.00203459
1381,0.00203459
1382,0.00203459
1383,0.00203459
1384,0.00203459
1385,0.00203459
1386,0.00203459
1387,0.00203459
1388,0.00203459
1389,0.00203459
1390,0.00203459
1391,0.00203459
1392,0.00203459
1393,0.00203459
1394,0.00203459
1395,0.00203459
1396,0.00203459
1397,0.00202004
1398,0.00202004
1399,0.00202004
1400,0.00202004
1401,0.00202004
1402,0.00202004
1403,0.00202004
1404,0.00202004
1405,0.00202947
1406,0.00202947
1407,0.00202929
1408,0.00202929
1409,0.00202929
1410,0.00202004
1411,0.00202004
1412,0.00202
1413,0.00202
1414,0.00202909
1415,0.00202
1416,0.00202
1417,0.00202
1418,0.00202
1419,0.00202
1420,0.00202
1421,0.00202
1422,0.00201891
1423,0.00201353
1424,0.0020189
1425,0.0020189
1426,0.0020189
1427,0.0020189
1428,0.00200687
1429,0.0020143
1430,0.002
1431,0.00203531
1432,0.00201858
1433,0.00200005
1434,0.00200005
1435,0.00199949
1436,0.00199891
1437,0.0019986
1438,0.0019986
1439,0.0019986
1440,0.00199788
1441,0.00199789
1442,0.00199788
1443,0.00199788
1444,0.00199788
1445,0.00199947
1446,0.00199744
1447,0.00200961
1448,0.00199747
1449,0.00199744
1450,0.00199713
1451,0.00199713
1452,0.00199445
1453,0.00199445
1454,0.00199445
1455,0.00199445
1456,0.00199445
1457,0.00199445
1458,0.00199445
1459,0.00199445
1460,0.00199445
1461,0.00199445
1462,0.00199384
1463,0.00199384
1464,0.00199384
1465,0.00199384
1466,0.00199384
1467,0.00199742
1468,0.00199742
1469,0.00199742
1470,0.00199742
1471,0.00200978
1472,0.00199742
1473,0.00199742
1474,0.00199742
1475,0.00200495
1476,0.00200483
1477,0.00200483
1478,0.00200483
1479,0.00200483
1480,0.00200483
1481,0.00200483
1482,0.00200483
1483,0.00200483
1484,0.00200404
1485,0.00200404
1486,0.00200404
1487,0.00200404
1488,0.00200359
1489,0.00199743
1490,0.00199743
1491,0.00199743
1492,0.0019931
1493,0.00199084
1494,0.00199084
1495,0.00199084
1496,0.00199084
1497,0.00199084
1498,0.0019914
1499,0.0019914
1500,0.0019914
1501,0.0019914
1502,0.0019914
1503,0.0019914
1504,0.0019914
1505,0.0019914
1506,0.0019914
1507,0.00200799
1508,0.00200799
1509,0.00199084
1510,0.00199084
1511,0.00199084
1512,0.00199084
1513,0.00199084
1514,0.00200728
1515,0.00200728
1516,0.00198551
1517,0.00198551
1518,0.00199743
1519,0.00200735
1520,0.00200729
1521,0.00200729
1522,0.00200729
1523,0.00199743
1524,0.00199743
1525,0.00199743
1526,0.00198569
1527,0.00198569
1528,0.00198569
1529,0.00199743
1530,0.00199743
1531,0.00199743
1532,0.00199743
1533,0.00199743
1534,0.00199743
1535,0.00200506
1536,0.00200506
1537,0.00200506
1538,0.00200506
1539,0.00200506
1540,0.00200506
1541,0.00200506
1542,0.00200537
1543,0.00200537
1544,0.00200537
1545,0.00198986
1546,0.00198986
1547,0.00198986
1548,0.00198776
1549,0.00200617
1550,0.0020057
1551,0.0020057
1552,0.0020057
1553,0.0019878
1554,0.0019878
1555,0.0019878
1556,0.0019878
1557,0.0019878
1558,0.0019878
1559,0.0019878
1560,0.0019878
1561,0.0019878
1562,0.0019878
1563,0.00199693
1564,0.00199726
1565,0.00199726
1566,0.00199759
1567,0.00199759
1568,0.00199759
1569,0.00199759
1570,0.00199759
1571,0.00200499
1572,0.00200499
1573,0.00200499
1574,0.00200474
1575,0.00200474
1576,0.00199171
1577,0.00198353
1578,0.00198352
1579,0.00200599
1580,0.00198405
1581,0.00198405
1582,0.00198405
1583,0.00198405
1584,0.00198405
1585,0.00198405
1586,0.00198405
1587,0.00200456
1588,0.00200456
1589,0.00200456
1590,0.00200456
1591,0.00200456
1592,0.00200389
1593,0.00200389
1594,0.00200389
1595,0.00200389
1596,0.00200389
1597,0.00200389
1598,0.00200389
1599,0.00200389
1600,0.00200389
1601,0.00200389
1602,0.00201339
1603,0.00200335
1604,0.00203491
1605,0.00200858
1606,0.00200864
1607,0.00200917
1608,0.00200917
1609,0.00201026
1610,0.00201026
1611,0.00201144
1612,0.00201247
1613,0.00201247
1614,0.00201257
1615,0.00201263
1616,0.00201263
1617,0.00201263
1618,0.0020132
1619,0.0020132
1620,0.00201317
1621,0.00201251
1622,0.00201251
1623,0.00201206
1624,0.00201206
1625,0.00201206
1626,0.00201206
1627,0.00200256
1628,0.00200256
1629,0.00200256
1630,0.00200256
1631,0.00200256
1632,0.00200256
1633,0.00200256
1634,0.00200256
1635,0.00200256
1636,0.00200257
1637,0.00200257
1638,0.00200256
1639,0.00200257
1640,0.00200257
1641,0.00200257
1642,0.00200257
1643,0.00200257
1644,0.00200304
1645,0.00200304
1646,0.0020026
1647,0.0020026
1648,0.0019991
1649,0.0019946
1650,0.0019946
1651,0.0019946
1652,0.0019946
1653,0.0019946
1654,0.00199478
1655,0.00200259
1656,0.00200259
1657,0.00200259
1658,0.00200259
1659,0.00200259
1660,0.00200259
1661,0.00200259
1662,0.00200259
1663,0.00200259
1664,0.00200259
1665,0.00200259
1666,0.00200259
1667,0.00200259
1668,0.00200259
1669,0.00200259
1670,0.00200259
1671,0.00200259
1672,0.00200259
1673,0.00200259
1674,0.00200259
1675,0.00200259
1676,0.00200259
1677,0.00200259
1678,0.00200259
1679,0.00200259
1680,0.00200259
1681,0.00201492
1682,0.00201492
1683,0.00201492
1684,0.00201492
1685,0.00201492
1686,0.00201492
1687,0.00201492
1688,0.0020121
1689,0.00202993
1690,0.00201372
1691,0.00201977
1692,0.00201973
1693,0.00201572
1694,0.00201575
1695,0.00201575
1696,0.00201575
1697,0.00201586
1698,0.00201586
1699,0.00201586
1700,0.00201586
1701,0.00201586
1702,0.00201586
1703,0.00201586
1704,0.00201586
1705,0.00201586
1706,0.00201586
1707,0.00201586
1708,0.0020161
1709,0.0020161
1710,0.00201613
1711,0.00201613
1712,0.00201613
1713,0.00201628
1714,0.00201628
1715,0.00201572
1716,0.00201572
1717,0.00201572
1718,0.00201572
1719,0.00201372
1720,0.00201372
1721,0.00202992
1722,0.00202992
1723,0.00202992
1724,0.0020119
1725,0.0020119
1726,0.0020119
1727,0.00202135
1728,0.0020119
1729,0.0020119
1730,0.0020119
1731,0.0020119
1732,0.0020119
1733,0.00201191
1734,0.00201191
1735,0.00200987
1736,0.00200987
1737,0.00200987
1738,0.00200987
1739,0.00200986
1740,0.00200986
1741,0.00200986
1742,0.00200986
1743,0.00200987
1744,0.00200987
1745,0.00200987
1746,0.00200987
1747,0.00200987
1748,0.00200787
1749,0.00200787
1750,0.00200787
1751,0.00200787
1752,0.00200787
1753,0.00200787
1754,0.00200787
1755,0.00200787
1756,0.00200787
1757,0.00200787
1758,0.00200787
1759,0.00200787
1760,0.00200787
1761,0.00200787
1762,0.00200787
1763,0.00200787
1764,0.00200787
1765,0.00200787
1766,0.00200787
1767,0.00200787
1768,0.00200787
1769,0.00200787
1770,0.00200787
1771,0.0020079
1772,0.00200789
1773,0.0020079
1774,0.00200692
1775,0.00200689
1776,0.00200689
1777,0.00200689
1778,0.00200695
1779,0.00200695
1780,0.00200695
1781,0.00200695
1782,0.00200604
1783,0.00200604
1784,0.00200604
1785,0.00200604
1786,0.002006
1787,0.00202152
1788,0.00202152
1789,0.00202152
1790,0.00202152
1791,0.00202152
1792,0.00202152
1793,0.00202152
1794,0.00202152
1795,0.00202152
1796,0.00200606
1797,0.00200606
1798,0.00200606
1799,0.00200606
1800,0.00200606
1801,0.00200606
1802,0.00200606
1803,0.00200606
1804,0.00200606
1805,0.00200606
1806,0.00201985
1807,0.00201985
1808,0.00199927
1809,0.00199927
1810,0.00199927
1811,0.00199927
1812,0.00199927
1813,0.00199927
1814,0.00200608
1815,0.00200608
1816,0.00200608
1817,0.00200608
1818,0.00200608
1819,0.00200608
1820,0.00200608
1821,0.00200608
1822,0.00200608
1823,0.00200608
1824,0.00200608
1825,0.00200608
1826,0.00200608
1827,0.00200608
1828,0.00200608
1829,0.00200608
1830,0.00200608
1831,0.00200608
1832,0.00200608
1833,0.00200608
1834,0.00200608
1835,0.00200608
1836,0.00200608
1837,0.00200608
1838,0.00200608
1839,0.00200608
1840,0.00200608
1841,0.00200608
1842,0.00200608
1843,0.00200608
1844,0.00200608
1845,0.00200608
1846,0.00200608
1847,0.00200608
1848,0.002
1849,0.002
1850,0.002
1851,0.002
1852,0.002
1853,0.002
1854,0.002
1855,0.00200004
1856,0.00200004
1857,0.00200004
1858,0.00200004
1859,0.00200004
1860,0.00200004
1861,0.00200007
1862,0.00200007
1863,0.00200007
1864,0.00201216
1865,0.00201216
1866,0.00201216
1867,0.00201216
1868,0.00201216
1869,0.00201216
1870,0.00201216
1871,0.00201216
1872,0.00201216
1873,0.00201216
1874,0.00201216
1875,0.00200622
1876,0.00201219
1877,0.00201219
1878,0.00201219
1879,0.00201219
1880,0.00201219
1881,0.00201219
1882,0.00200619
1883,0.00200613
1884,0.00200613
1885,0.0020035
1886,0.0020035
1887,0.0020035
1888,0.00199887
1889,0.00199887
1890,0.00199887
1891,0.00199887
1892,0.00199887
1893,0.00200612
1894,0.00200618
1895,0.00200618
1896,0.00200618
1897,0.00200618
1898,0.00200618
1899,0.00200618
1900,0.00200618
1901,0.00200613
1902,0.00200613
1903,0.00200613
1904,0.00200613
1905,0.00200613
1906,0.00200613
1907,0.00200613
1908,0.00200613
1909,0.00200613
1910,0.00200613
1911,0.00200613
1912,0.00200613
1913,0.00200613
1914,0.00200613
1915,0.00200613
1916,0.00200613
1917,0.00200613
1918,0.00200613
1919,0.00200613
1920,0.00200613
1921,0.00200614
1922,0.00200614
1923,0.00200614
1924,0.00200614
1925,0.00200614
1926,0.00200614
1927,0.00200614
1928,0.00200614
1929,0.00200614
1930,0.00200023
1931,0.00200023
1932,0.00200023
1933,0.00200023
1934,0.002
1935,0.00199992
1936,0.00199992
1937,0.00199905
1938,0.00199905
1939,0.00199905
1940,0.00199905
1941,0.00199905
1942,0.00199905
1943,0.00199905
1944,0.00199905
1945,0.00199905
1946,0.00199905
1947,0.00199905
1948,0.00199905
1949,0.00199905
1950,0.00199905
1951,0.00199897
1952,0.00199897
1953,0.00199897
1954,0.00199897
1955,0.00199897
1956,0.00199897
1957,0.00199897
1958,0.00199897
1959,0.00199897
1960,0.00199897
1961,0.00200843
1962,0.00200843
1963,0.00200843
1964,0.00200843
1965,0.00200843
1966,0.00200843
1967,0.00200843
1968,0.00200843
1969,0.00200843
1970,0.00200843
1971,0.00200843
1972,0.00200843
1973,0.00200796
1974,0.00200796
1975,0.00200796
1976,0.00200796
1977,0.00200796
1978,0.00200796
1979,0.00200799
1980,0.00200848
1981,0.00200849
1982,0.00200849
1983,0.00200849
1984,0.00200849
1985,0.00200849
1986,0.00200849
1987,0.00200849
1988,0.00200849
1989,0.00200849
1990,0.00200849
1991,0.00200849
1992,0.00200849
1993,0.00200849
1994,0.00200849
1995,0.00200849
1996,0.00200849
1997,0.00200849
1998,0.00200849
1999,0.00200847
2000,0.00200847
2001,0.00200847
2002,0.00200849
2003,0.00200849
2004,0.00200849
2005,0.00200849
2006,0.00200849
2007,0.00200847
2008,0.00200847
2009,0.00200847
2010,0.00200847
2011,0.00200847
2012,0.00200847
2013,0.00200847
2014,0.00200848
2015,0.00200848
2016,0.00200848
2017,0.00200847
2018,0.00200847
2019,0.00200847
2020,0.0020083
2021,0.0020083
2022,0.0020083
2023,0.00200846
2024,0.00200846
2025,0.00200846
2026,0.00200846
2027,0.00200846
2028,0.00200846
2029,0.00200846
2030,0.00200846
2031,0.00199813
2032,0.00199813
2033,0.00199813
2034,0.00201147
2035,0.00201147
2036,0.00201147
2037,0.00201147
2038,0.00201147
2039,0.00201147
2040,0.00201147
2041,0.00201147
2042,0.00201147
2043,0.00201147
2044,0.00201147
2045,0.00201147
2046,0.00201147
2047,0.00201147
2048,0.00201147
2049,0.00201147
2050,0.00199994
2051,0.00199998
2052,0.00200005
2053,0.00200005
2054,0.00199054
2055,0.00199801
2056,0.00199801
2057,0.00199054
2058,0.00200005
2059,0.00200005
2060,0.00199995
2061,0.00199995
2062,0.00199995
2063,0.00199995
2064,0.00199995
2065,0.00199028
2066,0.00199032
2067,0.00199982
2068,0.00199982
2069,0.0019998
2070,0.0019998
2071,0.0019998
2072,0.00199057
2073,0.00199057
2074,0.00199057
2075,0.00199057
2076,0.00199057
2077,0.00199057
2078,0.00199057
2079,0.00199057
2080,0.00198716
2081,0.00198716
2082,0.00199816
2083,0.00199816
2084,0.00199816
2085,0.00199796
2086,0.00199697
2087,0.00199697
2088,0.00199697
2089,0.00199697
2090,0.00199697
2091,0.00199692
2092,0.00198725
2093,0.00198725
2094,0.00198725
2095,0.00198345
2096,0.00199011
2097,0.00199011
2098,0.00199011
2099,0.0019901
2100,0.00198998
2101,0.00198998
2102,0.00198998
2103,0.00198984
2104,0.00198984
2105,0.00198984
2106,0.00198984
2107,0.00197882
2108,0.00197882
2109,0.00198377
2110,0.00198377
2111,0.00198431
2112,0.00198431
2113,0.00198431
2114,0.00198431
2115,0.00198431
2116,0.00198431
2117,0.001978
2118,0.00197881
2119,0.00198989
2120,0.00198989
2121,0.00198989
2122,0.00198988
2123,0.00198988
2124,0.00198988
2125,0.00198985
2126,0.00198487
2127,0.00198487
2128,0.00198487
2129,0.00198487
2130,0.00197899
2131,0.00197899
2132,0.00197899
2133,0.00197899
2134,0.00198981
2135,0.00198981
2136,0.00198981
2137,0.00198981
2138,0.00198981
2139,0.00198977
2140,0.00198977
2141,0.00198977
2142,0.00198977
2143,0.00198977
2144,0.00198977
2145,0.00198977
2146,0.00198977
2147,0.00198977
2148,0.0019898
2149,0.00198979
2150,0.00198975
2151,0.00198975
2152,0.00198975
2153,0.00199694
2154,0.00199694
2155,0.00199697
2156,0.00199697
2157,0.00199831
2158,0.00199831
2159,0.00199831
2160,0.00200008
2161,0.00200007
2162,0.00200007
2163,0.00200001
2164,0.00200001
2165,0.00200001
2166,0.00200001
2167,0.00200001
2168,0.00200007
2169,0.00200008
2170,0.00200008
2171,0.00200008
2172,0.00198471
2173,0.00198471
2174,0.00198471
2175,0.00198471
2176,0.00198471
2177,0.00200005
2178,0.00200005
2179,0.00200005
2180,0.00200005
2181,0.00200005
2182,0.00200005
2183,0.00200005
2184,0.00200005
2185,0.00200005
2186,0.00200005
2187,0.00200005
2188,0.00200005
2189,0.00200005
2190,0.00200005
2191,0.00200005
2192,0.00200005
2193,0.00199005
2194,0.00198476
2195,0.00199005
2196,0.00199005
2197,0.00199005
2198,0.00199005
2199,0.00199005
2200,0.00199005
2201,0.00199005
2202,0.00199005
2203,0.00199005
2204,0.00199862
2205,0.00199862
2206,0.00199862
2207,0.00199862
2208,0.00199862
2209,0.00199862
2210,0.00199862
2211,0.00199862
2212,0.00200299
2213,0.00200299
2214,0.00200299
2215,0.00200299
2216,0.00200299
2217,0.00200299
2218,0.00200299
2219,0.00200299
2220,0.00200299
2221,0.00200299
2222,0.00200299
2223,0.00200299
2224,0.00200299
2225,0.00200299
2226,0.00200299
2227,0.00200299
2228,0.00200299
2229,0.00200299
2230,0.00200299
2231,0.00200299
2232,0.00200299
2233,0.00200299
2234,0.00199027
2235,0.00200963
2236,0.00200963
2237,0.0020108
2238,0.0020108
2239,0.0020108
2240,0.00201067
2241,0.00201067
2242,0.00201067
2243,0.00201067
2244,0.00201067
2245,0.00201067
2246,0.00201067
2247,0.00201067
2248,0.00201067
2249,0.00201067
2250,0.00201067
2251,0.00201067
2252,0.00201067
2253,0.00201067
2254,0.00201067
2255,0.00201067
2256,0.00201067
2257,0.0019946
2258,0.0019946
2259,0.0019946
2260,0.0019946
2261,0.00199547
2262,0.00199547
2263,0.00199547
2264,0.00199551
2265,0.00199554
2266,0.002
2267,0.002
2268,0.002
2269,0.00200924
2270,0.00200924
2271,0.00200878
2272,0.00200878
2273,0.00200878
2274,0.00200878
2275,0.00200878
2276,0.00200878
2277,0.00200878
2278,0.00200878
2279,0.00200878
2280,0.00200878
2281,0.00200878
2282,0.00200878
2283,0.00200878
2284,0.00199001
2285,0.00199001
2286,0.00198784
2287,0.00198784
2288,0.00199828
2289,0.00199828
2290,0.00199828
2291,0.00199828
2292,0.00199828
2293,0.00199828
2294,0.00198784
2295,0.00198784
2296,0.00198784
2297,0.00198784
2298,0.00198784
2299,0.00198784
2300,0.00201189
2301,0.00201189
2302,0.00201189
2303,0.00201189
2304,0.00201189
2305,0.00201165
2306,0.00201165
2307,0.00201165
2308,0.00201165
2309,0.00201165
2310,0.00201165
2311,0.00201165
2312,0.00200914
2313,0.00200914
2314,0.00200914
2315,0.00200914
2316,0.002
2317,0.00198841
2318,0.00198841
2319,0.00198841
2320,0.00197585
2321,0.00197585
2322,0.00200561
2323,0.00199768
2324,0.00199768
2325,0.00199768
2326,0.00197898
2327,0.00197898
2328,0.00197898
2329,0.00197951
2330,0.00197915
2331,0.00197915
2332,0.00197915
2333,0.00197915
2334,0.00197915
2335,0.00197915
2336,0.00197915
2337,0.00197915
2338,0.00197915
2339,0.00197915
2340,0.00198
2341,0.00197997
2342,0.00197584
2343,0.00197505
2344,0.00197234
2345,0.00197233
2346,0.00197965
2347,0.00197214
2348,0.00197214
2349,0.00197214
2350,0.00197936
2351,0.00197936
2352,0.00197933
2353,0.00198916
2354,0.00198916
2355,0.00196633
2356,0.00197619
2357,0.00196684
2358,0.00197502
2359,0.00198363
2360,0.00198363
2361,0.00198363
2362,0.00198363
2363,0.00198578
2364,0.00198528
2365,0.00198575
2366,0.00196921
2367,0.00196921
2368,0.00198971
2369,0.00198971
2370,0.00198971
2371,0.00198971
2372,0.00200187
2373,0.00200187
2374,0.00198801
2375,0.00198801
2376,0.00198804
2377,0.00198804
2378,0.00198804
2379,0.00198804
2380,0.00198807
2381,0.00198807
2382,0.0019881
2383,0.00200166
2384,0.00200166
2385,0.00200166
2386,0.00200166
2387,0.00200166
2388,0.00200166
2389,0.00200166
2390,0.00200166
2391,0.00200166
2392,0.00197003
2393,0.00197003
2394,0.00197003
2395,0.00197003
2396,0.00198691
2397,0.00198691
2398,0.00198691
2399,0.00198691
2400,0.00198691
2401,0.00198691
2402,0.00198458
2403,0.00198408
2404,0.00197057
2405,0.00197057
2406,0.00197057
2407,0.00197057
2408,0.00197057
2409,0.00198643
2410,0.00198643
2411,0.00198643
2412,0.00198643
2413,0.00198643
2414,0.00198643
2415,0.00198643
2416,0.00198643
2417,0.00198643
2418,0.00198643
2419,0.00197998
2420,0.00197998
2421,0.00197998
2422,0.0019836
2423,0.0019836
2424,0.0019836
2425,0.0019836
2426,0.0019836
2427,0.00198001
2428,0.00198001
2429,0.00198001
2430,0.00199122
2431,0.00199122
2432,0.00199122
2433,0.00199122
2434,0.00199122
2435,0.00199122
2436,0.00199122
2437,0.00199122
2438,0.00199122
2439,0.00199122
2440,0.00199122
2441,0.00199122
2442,0.00199122
2443,0.00199122
2444,0.00199122
2445,0.00199133
2446,0.0019706
2447,0.00198027
2448,0.00194848
2449,0.0019499
2450,0.00197904
2451,0.00197
2452,0.00197851
2453,0.00197576
2454,0.00197575
2455,0.00197
2456,0.00196985
2457,0.00196972
2458,0.00196973
2459,0.00196972
2460,0.00196962
2461,0.00196602
2462,0.00196605
2463,0.00196605
2464,0.00196605
2465,0.0019696
2466,0.00196983
2467,0.00196983
2468,0.00197004
2469,0.00197004
2470,0.00197004
2471,0.00197004
2472,0.00197004
2473,0.00197004
2474,0.00197713
2475,0.00197713
2476,0.00197713
2477,0.00197713
2478,0.00197713
2479,0.00197713
2480,0.00197713
2481,0.00197713
2482,0.00197819
2483,0.00197819
2484,0.00197614
2485,0.00197614
2486,0.00197614
2487,0.00197011
2488,0.00197011
2489,0.00197011
2490,0.00197464
2491,0.00197018
2492,0.00197024
2493,0.00197024
2494,0.00197024
2495,0.00197024
2496,0.00197024
2497,0.00197024
2498,0.00197024
2499,0.00197785
2500,0.00197785
2501,0.00197024
2502,0.00197024
2503,0.00197024
2504,0.00197024
2505,0.0019782
2506,0.0019782
2507,0.0019782
2508,0.0019782
2509,0.0019782
2510,0.0019782
2511,0.0019782
2512,0.0019782
2513,0.0019782
2514,0.00197037
2515,0.00197037
2516,0.00197037
2517,0.00197037
2518,0.00197037
2519,0.00197037
2520,0.00197037
2521,0.00197037
2522,0.00197092
2523,0.00197092
2524,0.00197092
2525,0.00197092
2526,0.00197092
2527,0.00197999
2528,0.00198215
2529,0.00198215
2530,0.00198215
2531,0.00198214
2532,0.00198214
2533,0.00198214
2534,0.00198215
2535,0.00198215
2536,0.00198215
2537,0.00197999
2538,0.00197999
2539,0.00197999
2540,0.00197999
2541,0.00197999
2542,0.00197999
2543,0.00197999
2544,0.00197999
2545,0.00198214
2546,0.00198214
2547,0.00198214
2548,0.00198214
2549,0.00198214
2550,0.00198214
2551,0.00198214
2552,0.00198214
2553,0.00198214
2554,0.00198212
2555,0.00198212
2556,0.00198212
2557,0.00198212
2558,0.00198212
2559,0.00197999
2560,0.00197999
2561,0.00197999
2562,0.00197999
2563,0.00197999
2564,0.00197999
2565,0.00197999
2566,0.00197999
2567,0.00197999
2568,0.00197999
2569,0.00197999
2570,0.00197999
2571,0.00197999
2572,0.00197999
2573,0.00197999
2574,0.00197999
2575,0.00198877
2576,0.00198877
2577,0.00198877
2578,0.00198517
2579,0.00198517
2580,0.00198517
2581,0.00198517
2582,0.00198517
2583,0.00198517
2584,0.00198177
2585,0.00198177
2586,0.00198177
2587,0.0019925
2588,0.0019925
2589,0.0019925
2590,0.0019925
2591,0.0019925
2592,0.0019925
2593,0.0019925
2594,0.0019925
2595,0.0019925
2596,0.0019925
2597,0.0019925
2598,0.0019925
2599,0.00197676
2600,0.00197676
2601,0.00197676
2602,0.00197676
2603,0.00197676
2604,0.00197676
2605,0.00197676
2606,0.00197676
2607,0.00197676
2608,0.00197676
2609,0.00197676
2610,0.00197676
2611,0.00197676
2612,0.00197676
2613,0.00200345
2614,0.00202777
2615,0.0019991
2616,0.0019992
2617,0.00199973
2618,0.00200079
2619,0.00200079
2620,0.00200079
2621,0.0020021
2622,0.0020027
2623,0.0020027
2624,0.00200385
2625,0.00200385
2626,0.00200385
2627,0.00200385
2628,0.00200385
2629,0.00200385
2630,0.00200385
2631,0.00200385
2632,0.00200385
2633,0.00200406
2634,0.00200406
2635,0.00200406
2636,0.00200406
2637,0.00200406
2638,0.00200406
2639,0.00200464
2640,0.00200462
2641,0.00200462
2642,0.00200462
2643,0.00200462
2644,0.00200462
2645,0.00200462
2646,0.00200462
2647,0.00200032
2648,0.00200032
2649,0.00200032
2650,0.00200032
2651,0.00200032
2652,0.00198652
2653,0.00198652
2654,0.00198652
2655,0.00198652
2656,0.00198652
2657,0.00198652
2658,0.00198371
2659,0.00198371
2660,0.00198371
2661,0.00198097
2662,0.00198097
2663,0.00199912
2664,0.00199912
2665,0.00199912
2666,0.00199912
2667,0.00199912
2668,0.00199912
2669,0.00199912
2670,0.00199912
2671,0.00199912
2672,0.00199063
2673,0.00198316
2674,0.00198316
2675,0.00198316
2676,0.00198316
2677,0.00198099
2678,0.00198099
2679,0.00198099
2680,0.00198099
2681,0.00198099
2682,0.00198099
2683,0.00198099
2684,0.00198099
2685,0.00198314
2686,0.00198314
2687,0.00198314
2688,0.00198314
2689,0.00198314
2690,0.00198216
2691,0.00198216
2692,0.00198216
2693,0.00198215
2694,0.00198216
2695,0.00198216
2696,0.00198216
2697,0.00198215
2698,0.00198216
2699,0.00198216
2700,0.00198216
2701,0.00198216
2702,0.00198216
2703,0.00198216
2704,0.00198216
2705,0.00198216
2706,0.00198216
2707,0.00198216
2708,0.00198216
2709,0.00198216
2710,0.00199997
2711,0.00199997
2712,0.00199997
2713,0.00199997
2714,0.00199997
2715,0.00199997
2716,0.00199997
2717,0.00198216
2718,0.00198216
2719,0.00198216
2720,0.00198216
2721,0.00198216
2722,0.00198216
2723,0.00198216
2724,0.00198216
2725,0.00198216
2726,0.00198216
2727,0.00198216
2728,0.00198216
2729,0.00198216
2730,0.00198216
2731,0.00198216
2732,0.00198216
2733,0.00198216
2734,0.00198216
2735,0.00198216
2736,0.00199347
2737,0.00199347
2738,0.00199347
2739,0.00199347
2740,0.0019867
2741,0.0019867
2742,0.0019867
2743,0.00198312
2744,0.00198312
2745,0.00198312
2746,0.00198312
2747,0.00198599
2748,0.0019859
2749,0.0019859
2750,0.0019859
2751,0.0019859
2752,0.0019859
2753,0.0019859
2754,0.0019859
2755,0.0019859
2756,0.00198555
2757,0.00198555
2758,0.00198555
2759,0.00198555
2760,0.00198555
2761,0.00198555
2762,0.00198531
2763,0.00198531
2764,0.00198531
2765,0.00198531
2766,0.00198531
2767,0.00198531
2768,0.00200827
2769,0.00200225
2770,0.00200225
2771,0.00200225
2772,0.00199903
2773,0.00199903
2774,0.00199903
2775,0.00199903
2776,0.00199903
2777,0.00199903
2778,0.00199903
2779,0.00199903
2780,0.00199903
2781,0.00199903
2782,0.00199903
2783,0.00199903
2784,0.00199303
2785,0.00199294
2786,0.00199224
2787,0.00199224
2788,0.00198903
2789,0.00198903
2790,0.00198903
2791,0.00198903
2792,0.00198903
2793,0.00198903
2794,0.00198903
2795,0.00198903
2796,0.00198903
2797,0.00199835
2798,0.00199835
2799,0.00199835
2800,0.00199835
2801,0.00199794
2802,0.00199794
2803,0.00199794
2804,0.00199794
2805,0.00199794
2806,0.00199794
2807,0.00198906
2808,0.00198906
2809,0.00198906
2810,0.00199358
2811,0.00199322
2812,0.00198645
2813,0.00198645
2814,0.00199173
2815,0.00199129
2816,0.00199162
2817,0.00199162
2818,0.00199358
2819,0.00199358
2820,0.00199491
2821,0.00199491
2822,0.00199491
2823,0.00199491
2824,0.00199491
2825,0.00199491
2826,0.00199495
2827,0.00199495
2828,0.00199495
2829,0.00199495
2830,0.00199495
2831,0.00199495
2832,0.00199495
2833,0.00199495
2834,0.00199495
2835,0.00199495
2836,0.00199495
2837,0.00199495
2838,0.00199495
2839,0.00199495
2840,0.00199495
2841,0.00199495
2842,0.00199495
2843,0.00199495
2844,0.00199495
2845,0.00199494
2846,0.00199494
2847,0.00199494
2848,0.00199496
2849,0.00199496
2850,0.00199496
2851,0.00199496
2852,0.00199496
2853,0.00199897
2854,0.00199897
2855,0.00199897
2856,0.00199897
2857,0.00199897
2858,0.00199897
2859,0.00200397
2860,0.00200397
2861,0.00200397
2862,0.00200397
2863,0.00200397
2864,0.00200397
2865,0.00200397
2866,0.00200397
2867,0.00200397
2868,0.00200397
2869,0.00200397
2870,0.00200395
2871,0.00200395
2872,0.00200395
2873,0.00200395
2874,0.00200395
2875,0.00200395
2876,0.00200395
2877,0.00200395
2878,0.00200395
2879,0.00200395
2880,0.00200395
2881,0.00200395
2882,0.00200395
2883,0.00200395
2884,0.00200395
2885,0.00200395
2886,0.00200395
2887,0.00200395
2888,0.00200397
2889,0.00200397
2890,0.00200397
2891,0.00200397
2892,0.00200397
2893,0.00200397
2894,0.00200106
2895,0.00200106
2896,0.00200106
2897,0.00200106
2898,0.00200106
2899,0.0020003
2900,0.0020003
2901,0.0020003
2902,0.0020003
2903,0.0020003
2904,0.0020003
2905,0.0020003
2906,0.0020003
2907,0.0020003
2908,0.0020003
2909,0.0020003
2910,0.0020003
2911,0.0020003
2912,0.0020003
2913,0.0020003
2914,0.0020003
2915,0.0020003
2916,0.0020003
2917,0.0020003
2918,0.0020003
2919,0.00200396
2920,0.00200396
2921,0.00200396
2922,0.00200396
2923,0.00200396
2924,0.00200396
2925,0.00200396
2926,0.00200602
2927,0.00200609
2928,0.00201404
2929,0.002008
2930,0.002008
2931,0.002008
2932,0.002008
2933,0.002008
2934,0.002008
2935,0.002008
2936,0.002008
2937,0.002008
2938,0.002008
2939,0.002008
2940,0.002008
2941,0.002008
2942,0.002008
2943,0.002008
2944,0.00202346
2945,0.00201338
2946,0.00201338
2947,0.00201334
2948,0.00201334
2949,0.00201334
2950,0.00201334
2951,0.00201334
2952,0.00201334
2953,0.00201334
2954,0.00201334
2955,0.00201334
2956,0.00201334
2957,0.00201334
2958,0.00201334
2959,0.00202269
2960,0.00201863
2961,0.00201863
2962,0.00201863
2963,0.00201863
2964,0.00201863
2965,0.00201863
2966,0.00201863
2967,0.00201863
2968,0.00201863
2969,0.00201863
2970,0.00201863
2971,0.00201863
2972,0.00201863
2973,0.00201863
2974,0.00201863
2975,0.00201863
2976,0.00201863
2977,0.00201863
2978,0.00201863
2979,0.00201863
2980,0.00201863
2981,0.00201863
2982,0.00201863
2983,0.00201358
2984,0.00201358
2985,0.00201358
2986,0.00201358
2987,0.00201358
2988,0.00201358
2989,0.00201358
2990,0.00201358
2991,0.00201358
2992,0.00201862
2993,0.00201862
2994,0.00201862
2995,0.00201862
2996,0.00201862
2997,0.00201862
2998,0.00201862
2999,0.00201862
3000,0.00202
3001,0.00202
3002,0.00202
3003,0.00202
3004,0.00202
3005,0.00202
3006,0.00202
3007,0.00202
3008,0.00202
3009,0.00202
3010,0.00202
3011,0.00202
3012,0.00202
3013,0.00202
3014,0.00202
3015,0.00202
3016,0.00201595
3017,0.00201595
3018,0.00201595
3019,0.00201595
3020,0.00201595
3021,0.00201595
3022,0.00201595
3023,0.00201595
3024,0.00201595
3025,0.00201595
3026,0.00201595
3027,0.00201595
3028,0.00201595
3029,0.00201595
3030,0.00201595
3031,0.00201595
3032,0.00201595
3033,0.00201595
3034,0.00201595
3035,0.00201595
3036,0.00201595
3037,0.00201999
3038,0.00202
3039,0.00202
3040,0.00202
3041,0.00202
3042,0.00202
3043,0.00202
3044,0.00202
3045,0.00202
3046,0.00202
3047,0.00202
3048,0.00202
3049,0.00202
3050,0.00202
3051,0.00202
3052,0.00202
3053,0.00202
3054,0.00202
3055,0.00202
3056,0.00202
3057,0.00202
3058,0.00202
3059,0.00202
3060,0.00202
3061,0.00202
3062,0.00202
3063,0.00202
3064,0.00202
3065,0.00202
3066,0.00202
3067,0.00202
3068,0.00202
3069,0.00202
3070,0.00202
3071,0.00201596
3072,0.00201596
3073,0.00201596
3074,0.00201596
3075,0.00201596
3076,0.00201596
3077,0.00201596
3078,0.00201596
3079,0.00201596
3080,0.00201596
3081,0.00201596
3082,0.00201596
3083,0.00201596
3084,0.00201596
3085,0.00201596
3086,0.00201596
3087,0.00201596
3088,0.00201596
3089,0.00201596
3090,0.00201596
3091,0.00201596
3092,0.00201596
3093,0.00201596
3094,0.00201596
3095,0.00201596
3096,0.00201596
3097,0.00201596
3098,0.00201596
3099,0.00201596
3100,0.00201596
3101,0.00201596
3102,0.00201596
3103,0.00201596
3104,0.00201596
3105,0.00201596
3106,0.00201596
3107,0.00201194
3108,0.00201194
3109,0.00201194
3110,0.00201194
3111,0.00201194
3112,0.00201194
3113,0.00201194
3114,0.00201194
3115,0.00201194
3116,0.00201194
3117,0.00201194
3118,0.00201194
3119,0.00201194
3120,0.00201194
3121,0.00201194
3122,0.00201194
3123,0.00201498
3124,0.00201498
3125,0.00201498
3126,0.00201498
3127,0.00201498
3128,0.00201498
3129,0.00201498
3130,0.00201498
3131,0.0020121
3132,0.0020121
3133,0.00201212
3134,0.0020149
3135,0.0020149
3136,0.0020149
3137,0.0020149
3138,0.0020149
3139,0.0020149
3140,0.0020149
3141,0.0020149
3142,0.00201219
3143,0.00201219
3144,0.00201219
3145,0.00201212
3146,0.00201212
3147,0.0020149
3148,0.0020149
3149,0.0020149
3150,0.0020149
3151,0.0020149
3152,0.0020149
3153,0.0020149
3154,0.0020149
3155,0.0020149
3156,0.0020149
3157,0.0020149
3158,0.0020149
3159,0.0020149
3160,0.00201207
3161,0.00201498
3162,0.00201498
3163,0.00201498
3164,0.00201498
3165,0.00201498
3166,0.00201498
3167,0.00201498
3168,0.00201498
3169,0.00201498
3170,0.00201498
3171,0.00201498
3172,0.00201498
3173,0.00201498
3174,0.00201498
3175,0.00201498
3176,0.00201498
3177,0.00201498
3178,0.00201498
3179,0.00201498
3180,0.00201498
3181,0.00201498
3182,0.00201498
3183,0.00201498
3184,0.00201498
3185,0.00201498
3186,0.00201498
3187,0.00201498
3188,0.00201498
3189,0.00201498
3190,0.00201498
3191,0.00201497
3192,0.00201204
3193,0.00201204
3194,0.00201204
3195,0.00201204
3196,0.00201383
3197,0.00201383
3198,0.00201383
3199,0.00201383
3200,0.00201383
3201,0.00201383
3202,0.00201383
3203,0.00201497
3204,0.00201497
3205,0.00201497
3206,0.00201497
3207,0.00201497
3208,0.00201497
3209,0.00201497
3210,0.00201498
3211,0.00201498
3212,0.00201498
3213,0.00201498
3214,0.00201498
3215,0.00201498
3216,0.00201498
3217,0.00201498
3218,0.00201498
3219,0.00201498
3220,0.00201498
3221,0.00201498
3222,0.00201498
3223,0.00201498
3224,0.00201449
3225,0.00201449
3226,0.00201449
3227,0.00201449
3228,0.00201449
3229,0.00201449
3230,0.00201449
3231,0.00201449
3232,0.00201449
3233,0.00201449
3234,0.00201432
3235,0.00201432
3236,0.00201432
3237,0.00201432
3238,0.00201138
3239,0.00201498
3240,0.00201498
3241,0.00201498
3242,0.00201498
3243,0.00201498
3244,0.00201498
3245,0.00201498
3246,0.0020149
3247,0.0020149
3248,0.0020149
3249,0.0020149
3250,0.0020149
3251,0.0020149
3252,0.0020149
3253,0.0020149
3254,0.0020149
3255,0.0020149
3256,0.0020149
3257,0.0020149
3258,0.0020114
3259,0.0020114
3260,0.00201141
3261,0.00201141
3262,0.00201141
3263,0.00201141
3264,0.00201141
3265,0.00201141
3266,0.00201141
3267,0.00201141
3268,0.00201141
3269,0.00201141
3270,0.00201141
3271,0.00201141
3272,0.00201141
3273,0.00201141
3274,0.00201141
3275,0.00201141
3276,0.00201141
3277,0.00201141
3278,0.00201141
3279,0.00201141
3280,0.00201141
3281,0.00201141
3282,0.00201141
3283,0.00201141
3284,0.00201141
3285,0.00201141
3286,0.00201141
3287,0.00201141
3288,0.00201141
3289,0.00201141
3290,0.00201141
3291,0.00201141
3292,0.00201141
3293,0.00201141
3294,0.00201141
3295,0.00201141
3296,0.00201141
3297,0.00201498
3298,0.00201498
3299,0.00201498
3300,0.00201498
3301,0.00201498
3302,0.00201498
3303,0.00201498
3304,0.00201498
3305,0.00201143
3306,0.00201143
3307,0.00201144
3308,0.00201144
3309,0.00201144
3310,0.00201143
3311,0.00201143
3312,0.00201144
3313,0.00201143
3314,0.00201137
3315,0.00201137
3316,0.00201136
3317,0.00200989
3318,0.00200989
3319,0.00200989
3320,0.00200989
3321,0.00200989
3322,0.00200989
3323,0.00200989
3324,0.00200989
3325,0.00200989
3326,0.00200989
3327,0.00200989
3328,0.00200989
3329,0.00200989
3330,0.00200989
3331,0.00200989
3332,0.00200989
3333,0.00200989
3334,0.00200989
3335,0.00200989
3336,0.00200854
3337,0.00201138
3338,0.00201138
3339,0.00201138
3340,0.00201138
3341,0.00201138
3342,0.00201138
3343,0.00201138
3344,0.00201138
3345,0.00201138
3346,0.0020053
3347,0.0020053
3348,0.0020053
3349,0.0020053
3350,0.0020053
3351,0.00200531
3352,0.0020053
3353,0.0020053
3354,0.0020053
3355,0.0020053
3356,0.00200531
3357,0.00200531
3358,0.0020053
3359,0.0020053
3360,0.0020053
3361,0.00200531
3362,0.00200531
3363,0.00200531
3364,0.00200531
3365,0.0020053
3366,0.0020053
3367,0.0020053
3368,0.00201218
3369,0.00201218
3370,0.00201218
3371,0.00201218
3372,0.00201218
3373,0.00201218
3374,0.00201218
3375,0.00201218
3376,0.00201218
3377,0.00201218
3378,0.00201218
3379,0.00200984
3380,0.00200984
3381,0.00200984
3382,0.00200984
3383,0.00200984
3384,0.00200531
3385,0.00200531
3386,0.00200531
3387,0.00200531
3388,0.00200531
3389,0.00200531
3390,0.00200531
3391,0.00200489
3392,0.00200489
3393,0.00200387
3394,0.00200327
3395,0.00200327
3396,0.00200039
3397,0.00200039
3398,0.00200039
3399,0.00200039
3400,0.00200039
3401,0.00200489
3402,0.00200489
3403,0.00200489
3404,0.00200327
3405,0.00200327
3406,0.00200327
3407,0.00200031
3408,0.00200031
3409,0.00200031
3410,0.00200031
3411,0.00200031
3412,0.00200031
3413,0.00200031
3414,0.00200031
3415,0.00200031
3416,0.00200031
3417,0.00200031
3418,0.00200031
3419,0.00200031
3420,0.00200031
3421,0.00200031
3422,0.00200031
3423,0.00200031
3424,0.00200031
3425,0.00200031
3426,0.0020032
3427,0.0020032
3428,0.0020032
3429,0.0020032
3430,0.00200031
3431,0.00200031
3432,0.00200031
3433,0.00200031
3434,0.00200031
3435,0.00200032
3436,0.00200032
3437,0.00200032
3438,0.00200031
3439,0.00200031
3440,0.00200032
3441,0.0020003
3442,0.0020003
3443,0.0020003
3444,0.0020003
3445,0.0020003
3446,0.0020003
3447,0.0020003
3448,0.0020003
3449,0.0020003
3450,0.0020003
3451,0.0020003
3452,0.00200001
3453,0.00200001
3454,0.00200001
3455,0.00200001
3456,0.00200001
3457,0.0020003
3458,0.0020003
3459,0.00200001
3460,0.00200001
3461,0.002
3462,0.0020003
3463,0.002
3464,0.002
3465,0.002
3466,0.002
3467,0.002
3468,0.002
3469,0.002
3470,0.002
3471,0.002
3472,0.002
3473,0.002
3474,0.00199928
3475,0.00199928
3476,0.00199928
3477,0.00199928
3478,0.00200032
3479,0.00200032
3480,0.00200032
3481,0.00200032
3482,0.00200032
3483,0.00200032
3484,0.00200032
3485,0.00200032
3486,0.00200032
3487,0.00199985
3488,0.00199985
3489,0.00199985
3490,0.00199985
3491,0.00199984
3492,0.00199984
3493,0.00199984
3494,0.00199984
3495,0.00200032
3496,0.00200032
3497,0.00200032
3498,0.00199928
3499,0.00199928
3500,0.00199928
3501,0.00199928
3502,0.00199928
3503,0.00199927
3504,0.00199927
3505,0.00199927
3506,0.00199905
3507,0.001999
3508,0.00200032
3509,0.00200032
3510,0.00199846
3511,0.00199846
3512,0.00199846
3513,0.00199846
3514,0.00199846
3515,0.00199846
3516,0.00200032
3517,0.00199846
3518,0.00199846
3519,0.00199846
3520,0.00199846
3521,0.00199846
3522,0.00199846
3523,0.00199846
3524,0.00199846
3525,0.00200031
3526,0.00200031
3527,0.00200031
3528,0.00200031
3529,0.00200031
3530,0.0020032
3531,0.00200031
3532,0.00200031
3533,0.00200031
3534,0.00200031
3535,0.00200031
3536,0.00200031
3537,0.00200031
3538,0.00200031
3539,0.00200031
3540,0.00200031
3541,0.00200031
3542,0.00200031
3543,0.00200031
3544,0.00200031
3545,0.00200031
3546,0.00200031
3547,0.00200031
3548,0.00200031
3549,0.00200031
3550,0.00200031
3551,0.00200031
3552,0.00200031
3553,0.00200031
3554,0.00200031
3555,0.00200319
3556,0.00200319
3557,0.00200319
3558,0.00200319
3559,0.00200319
3560,0.00200319
3561,0.00200319
3562,0.00200319
3563,0.00200319
3564,0.0020032
3565,0.0020032
3566,0.0020032
3567,0.0020032
3568,0.0020032
3569,0.0020032
3570,0.0020032
3571,0.0020032
3572,0.0020032
3573,0.0020032
3574,0.0020032
3575,0.00200031
3576,0.00200031
3577,0.00200031
3578,0.00200031
3579,0.00200031
3580,0.00200031
3581,0.00200031
3582,0.00201032
3583,0.00201032
3584,0.00201032
3585,0.00201032
3586,0.00201032
3587,0.00201032
3588,0.00201032
3589,0.00201032
3590,0.00201032
3591,0.00200031
3592,0.00200031
3593,0.00200031
3594,0.00200031
3595,0.00200031
3596,0.00200031
3597,0.00200031
3598,0.00200031
3599,0.00200031
3600,0.00200031
3601,0.0020005
3602,0.0020005
3603,0.00199846
3604,0.00199584
3605,0.00199584
3606,0.00199495
3607,0.00199495
3608,0.00199494
3609,0.00199495
3610,0.00199459
3611,0.00199495
3612,0.00199495
3613,0.00199495
3614,0.00199495
3615,0.00199495
3616,0.00199495
3617,0.00199495
3618,0.00199495
3619,0.00199495
3620,0.00199427
3621,0.00199427
3622,0.00199427
3623,0.00199427
3624,0.00199427
3625,0.00200873
3626,0.00200872
3627,0.00200872
3628,0.00200872
3629,0.00200872
3630,0.00200872
3631,0.00200882
3632,0.00200882
3633,0.00200882
3634,0.00200882
3635,0.00200882
3636,0.00200882
3637,0.00200882
3638,0.00199558
3639,0.00199558
3640,0.00199558
3641,0.00199558
3642,0.00199567
3643,0.00199567
3644,0.00200221
3645,0.00200221
3646,0.00200221
3647,0.00200221
3648,0.00200221
3649,0.00200221
3650,0.00200221
3651,0.00200221
3652,0.00200221
3653,0.00200221
3654,0.00200221
3655,0.00200221
3656,0.00200221
3657,0.00200221
3658,0.00200221
3659,0.00200221
3660,0.00200221
3661,0.00200221
3662,0.00200221
3663,0.00200221
3664,0.00200221
3665,0.00200221
3666,0.00200221
3667,0.00200221
3668,0.00200221
3669,0.00200859
3670,0.00200221
3671,0.00200221
3672,0.00200221
3673,0.00200221
3674,0.00200221
3675,0.00200221
3676,0.00199433
3677,0.00199433
3678,0.00199433
3679,0.00200859
3680,0.00200859
3681,0.00200859
3682,0.00200859
3683,0.00200859
3684,0.0020086
3685,0.0020086
3686,0.0020086
3687,0.0020086
3688,0.0020086
3689,0.0020086
3690,0.0020086
3691,0.0020086
3692,0.0020086
3693,0.0020086
3694,0.00200865
3695,0.00200865
3696,0.00200864
3697,0.00200864
3698,0.00200864
3699,0.00200864
3700,0.00200864
3701,0.00200864
3702,0.00200864
3703,0.00200829
3704,0.00200829
3705,0.00200829
3706,0.00200829
3707,0.00200876
3708,0.00200876
3709,0.00200867
3710,0.00200867
3711,0.00200864
3712,0.00200864
3713,0.00200859
3714,0.00200855
3715,0.00200855
3716,0.00200855
3717,0.00200855
3718,0.00200855
3719,0.00200855
3720,0.00200855
3721,0.00200855
3722,0.00200855
3723,0.00200855
3724,0.00200855
3725,0.00200855
3726,0.00200855
3727,0.00200855
3728,0.00200867
3729,0.00200867
3730,0.00200855
3731,0.00200855
3732,0.00200855
3733,0.00200855
3734,0.00200855
3735,0.00200855
3736,0.00200855
3737,0.00200852
3738,0.00200852
3739,0.00200852
3740,0.00200852
3741,0.00200852
3742,0.00200865
3743,0.00200866
3744,0.00200866
3745,0.00200866
3746,0.00200866
3747,0.00200866
3748,0.00200866
3749,0.00200867
3750,0.00200866
3751,0.00201494
3752,0.00201494
3753,0.00201494
3754,0.00201494
3755,0.00201494
3756,0.00201494
3757,0.00201494
3758,0.00201494
3759,0.00201494
3760,0.00201494
3761,0.00201494
3762,0.00200901
3763,0.00200901
3764,0.00200901
3765,0.00200901
3766,0.00200901
3767,0.00201063
3768,0.00201063
3769,0.00201063
3770,0.00201063
3771,0.00201063
3772,0.00201063
3773,0.00201498
3774,0.00201498
3775,0.00201498
3776,0.00201498
3777,0.00201498
3778,0.00201498
3779,0.00201498
3780,0.00201498
3781,0.00201498
3782,0.00201496
3783,0.00201496
3784,0.00201496
3785,0.00201496
3786,0.00201497
3787,0.00201497
3788,0.00201497
3789,0.00201497
3790,0.00201497
3791,0.00201497
3792,0.00201497
3793,0.00201497
3794,0.00201497
3795,0.00201497
3796,0.00201497
3797,0.00201497
3798,0.00201497
3799,0.00201497
3800,0.00201497
3801,0.00201497
3802,0.00201497
3803,0.00200906
3804,0.00200906
3805,0.00200906
3806,0.00200906
3807,0.00200906
3808,0.00201497
3809,0.00201497
3810,0.00201497
3811,0.00201497
3812,0.00201497
3813,0.00201497
3814,0.00201497
3815,0.00201497
3816,0.00201497
3817,0.00201497
3818,0.00201497
3819,0.00201497
3820,0.00201497
3821,0.00201497
3822,0.00201497
3823,0.00201497
3824,0.002012
3825,0.002012
3826,0.002012
3827,0.002012
3828,0.002012
3829,0.002012
3830,0.002012
3831,0.00200006
3832,0.00200006
3833,0.00200009
3834,0.00200009
3835,0.00200009
3836,0.00200009
3837,0.00200009
3838,0.00200009
3839,0.00200009
3840,0.00200009
3841,0.00200009
3842,0.00200009
3843,0.00200009
3844,0.00200009
3845,0.00200009
3846,0.00200009
3847,0.00200009
3848,0.00200009
3849,0.00201477
3850,0.00201477
3851,0.00201477
3852,0.00201477
3853,0.00201477
3854,0.00201477
3855,0.00201477
3856,0.00201477
3857,0.00201477
3858,0.00201477
3859,0.00201498
3860,0.00201498
3861,0.00201498
3862,0.00201498
3863,0.00201498
3864,0.00201498
3865,0.00201498
3866,0.00201498
3867,0.00201498
3868,0.00201498
3869,0.00201498
3870,0.00201498
3871,0.00201498
3872,0.00201498
3873,0.00201498
3874,0.00201498
3875,0.00201498
3876,0.0020149
3877,0.0020149
3878,0.0020149
3879,0.0020149
3880,0.0020149
3881,0.0020149
3882,0.0020149
3883,0.00200261
3884,0.00200261
3885,0.00200261
3886,0.00200261
3887,0.00200261
3888,0.00200268
3889,0.00200268
3890,0.00200274
3891,0.00201495
3892,0.00201495
3893,0.00201495
3894,0.00201495
3895,0.00201495
3896,0.00201495
3897,0.00201495
3898,0.00201495
3899,0.00201483
3900,0.00201483
3901,0.00200274
3902,0.00200274
3903,0.00200274
3904,0.00200274
3905,0.00200274
3906,0.00200278
3907,0.00200278
3908,0.00200278
3909,0.00200278
3910,0.00200278
3911,0.0020028
3912,0.0020028
3913,0.0020028
3914,0.0020028
3915,0.0020028
3916,0.0020028
3917,0.0020028
3918,0.0020028
3919,0.0020028
3920,0.0020028
3921,0.0020028
3922,0.00201479
3923,0.00201479
3924,0.00201479
3925,0.00201479
3926,0.00201479
3927,0.00201479
3928,0.00201479
3929,0.00201483
3930,0.00201483
3931,0.00201483
3932,0.00201483
3933,0.00201483
3934,0.00201483
3935,0.00201483
3936,0.00201483
3937,0.00201483
3938,0.00201483
3939,0.00201483
3940,0.00201483
3941,0.00201483
3942,0.00201483
3943,0.00201483
3944,0.00201483
3945,0.00201483
3946,0.00201483
3947,0.00200033
3948,0.00200021
3949,0.00200021
3950,0.00200021
3951,0.00200021
3952,0.00200021
3953,0.00200021
3954,0.00200021
3955,0.00200021
3956,0.00200021
3957,0.00200021
3958,0.00200021
3959,0.00200021
3960,0.00200021
3961,0.00200021
3962,0.00200021
3963,0.00200021
3964,0.00200021
3965,0.00200021
3966,0.00200021
3967,0.00200021
3968,0.00200021
3969,0.00200021
3970,0.00200021
3971,0.00200021
3972,0.00200021
3973,0.00200021
3974,0.00200021
3975,0.00200021
3976,0.00198984
3977,0.0019899
3978,0.00199444
3979,0.00199643
3980,0.00199643
3981,0.00199643
3982,0.00199643
3983,0.00199643
3984,0.00199642
3985,0.00199941
3986,0.00199941
3987,0.00199941
3988,0.00199941
3989,0.00199941
3990,0.00199941
3991,0.00199941
3992,0.00199941
3993,0.00199941
3994,0.00199941
3995,0.00200156
3996,0.00200156
3997,0.00200156
3998,0.00200156
3999,0.00200156
4000,0.00200156
4001,0.00200156
4002,0.00200156
4003,0.00200156
4004,0.00200156
4005,0.00200156
4006,0.00200156
4007,0.00200156
4008,0.00200156
4009,0.00200156
4010,0.00200156
4011,0.00200156
4012,0.00200156
4013,0.00199622
4014,0.00199622
4015,0.00199622
4016,0.00199625
4017,0.00199625
4018,0.00199668
4019,0.00199668
4020,0.00199668
4021,0.00199668
4022,0.00199668
4023,0.00200176
4024,0.00199796
4025,0.00199796
4026,0.00199796
4027,0.00199958
4028,0.00199958
4029,0.00199958
4030,0.00199958
4031,0.00199958
4032,0.00199958
4033,0.00199958
4034,0.00199958
4035,0.00199771
4036,0.00199794
4037,0.00199794
4038,0.00199794
4039,0.00199794
4040,0.00199794
4041,0.00199772
4042,0.00199771
4043,0.00199772
4044,0.00199772
4045,0.00199772
4046,0.00199772
4047,0.00199772
4048,0.00199772
4049,0.00199794
4050,0.00199794
4051,0.00199794
4052,0.00199794
4053,0.00199794
4054,0.00199794
4055,0.00199794
4056,0.00199794
4057,0.00199794
4058,0.001999
4059,0.001999
4060,0.001999
4061,0.001999
4062,0.00199899
4063,0.00199899
4064,0.00199899
4065,0.00199899
4066,0.00199899
4067,0.00199899
4068,0.00199899
4069,0.00199899
4070,0.00199899
4071,0.00199899
4072,0.00199899
4073,0.00199899
4074,0.00199899
4075,0.00199899
4076,0.001999
4077,0.001999
4078,0.001999
4079,0.00200193
4080,0.00200193
4081,0.00200193
4082,0.00200192
4083,0.00200192
4084,0.00200192
4085,0.00200192
4086,0.00200192
4087,0.00200192
4088,0.00200192
4089,0.00200192
4090,0.00200192
4091,0.00200192
4092,0.00200192
4093,0.00200433
4094,0.00200724
4095,0.00200738
4096,0.00200738
4097,0.00200738
4098,0.00200577
4099,0.00200577
4100,0.00200577
4101,0.00200577
4102,0.00200577
4103,0.00200577
4104,0.00200577
4105,0.00200577
4106,0.00200576
4107,0.00200576
4108,0.00200576
4109,0.00200576
4110,0.00200576
4111,0.00200577
4112,0.00200577
4113,0.00200577
4114,0.00200577
4115,0.00200577
4116,0.00200577
4117,0.00200577
4118,0.00200577
4119,0.00200577
4120,0.00200577
4121,0.00200577
4122,0.00200577
4123,0.00200577
4124,0.00200577
4125,0.00200737
4126,0.00200737
4127,0.00200737
4128,0.00200737
4129,0.00200737
4130,0.00200737
4131,0.00200737
4132,0.00200737
4133,0.00200737
4134,0.00200737
4135,0.00200737
4136,0.00200737
4137,0.00200737
4138,0.00200737
4139,0.00200737
4140,0.00200737
4141,0.00200737
4142,0.00200737
4143,0.00200737
4144,0.00200737
4145,0.00200738
4146,0.00200738
4147,0.00200738
4148,0.00200738
4149,0.00200738
4150,0.00200738
4151,0.00200738
4152,0.00200738
4153,0.00200738
4154,0.00200738
4155,0.00200738
4156,0.00200738
4157,0.00200738
4158,0.00200738
4159,0.00200738
4160,0.00200738
4161,0.00200737
4162,0.00200737
4163,0.00200737
4164,0.00200737
4165,0.00200737
4166,0.00200737
4167,0.00200737
4168,0.00200737
4169,0.00200737
4170,0.00200737
4171,0.00200737
4172,0.00200737
4173,0.00200738
4174,0.00200738
4175,0.00200738
4176,0.00200738
4177,0.00200738
4178,0.00200737
4179,0.00200737
4180,0.00200737
4181,0.00200737
4182,0.00200737
4183,0.00200737
4184,0.00200737
4185,0.00200737
4186,0.00200737
4187,0.00200737
4188,0.00200737
4189,0.00200737
4190,0.00200737
4191,0.00200737
4192,0.00200738
4193,0.00200738
4194,0.00200738
4195,0.00200738
4196,0.00200738
4197,0.00200738
4198,0.00200738
4199,0.00200738
4200,0.00200738
4201,0.00200738
4202,0.00200738
4203,0.00200738
4204,0.00200738
4205,0.00200738
4206,0.00200737
4207,0.00200737
4208,0.00200737
4209,0.00200738
4210,0.00200737
4211,0.00200737
4212,0.00200737
4213,0.00200737
4214,0.00200737
4215,0.00200737
4216,0.00200737
4217,0.00200737
4218,0.00200737
4219,0.00200737
4220,0.00200737
4221,0.00200737
4222,0.00200737
4223,0.00200737
4224,0.00200737
4225,0.00200737
4226,0.00200737
4227,0.00200737
4228,0.00200737
4229,0.00200737
4230,0.00200737
4231,0.00200737
4232,0.00200737
4233,0.00200738
4234,0.00200737
4235,0.00200737
4236,0.00200737
4237,0.00200737
4238,0.00200737
4239,0.00200737
4240,0.00200737
4241,0.00200737
4242,0.00200737
4243,0.00200737
4244,0.00200737
4245,0.00200737
4246,0.00200737
4247,0.00200601
4248,0.00200601
4249,0.00200601
4250,0.00200738
4251,0.00200738
4252,0.00200738
4253,0.00200738
4254,0.00200737
4255,0.00200737
4256,0.00200737
4257,0.00200737
4258,0.00200737
4259,0.00200737
4260,0.00200601
4261,0.00200602
4262,0.00200602
4263,0.00200602
4264,0.00200602
4265,0.00200602
4266,0.00200602
4267,0.00200602
4268,0.00200602
4269,0.00200602
4270,0.00200602
4271,0.00200603
4272,0.00200603
4273,0.00200604
4274,0.00200604
4275,0.00200604
4276,0.00200603
4277,0.00200603
4278,0.00200603
4279,0.00200603
4280,0.00200603
4281,0.00200603
4282,0.00200603
4283,0.00200603
