0,0.00045133
1,0.00045133
2,0.00045133
3,0.00045133
4,0.00045133
5,0.00045133
6,0.00045133
7,0.00045133
8,0.00045133
9,0.00045133
10,0.00045133
11,0.00045133
12,0.00045133
13,0.00045133
14,0.00045133
15,0.00045133
16,0.00045133
17,0.00045133
18,0.00045133
19,0.00045133
20,0.00045133
21,0.00045133
22,0.00045133
23,0.00045133
24,0.00045133
25,0.00045133
26,0.00045133
27,0.00045133
28,0.00045133
29,0.00045133
30,0.00045133
31,0.00045133
32,0.00045133
33,0.00045133
34,0.00045133
35,0.00045133
36,0.00045133
37,0.00045133
38,0.00045133
39,0.00045133
40,0.00045133
41,0.00045133
42,0.00045133
43,0.00045133
44,0.00045133
45,0.00045133
46,0.00045133
47,0.00045133
48,0.00045133
49,0.00045133
50,0.00045133
51,0.00045133
52,0.00045133
53,0.00045133
54,0.00045133
55,0.00045133
56,0.00045133
57,0.00045133
58,0.00045133
59,0.00045133
60,0.00045133
61,0.00045133
62,0.00045133
63,0.00045133
64,0.00045133
65,0.00045133
66,0.00045133
67,0.00045133
68,0.00045133
69,0.00045133
70,0.00045133
71,0.00045133
72,0.00045133
73,0.00045133
74,0.00045133
75,0.00045133
76,0.00045133
77,0.00045133
78,0.00045133
79,0.00045133
80,0.00045133
81,0.00045133
82,0.00045133
83,0.00045133
84,0.00045133
85,0.00045133
86,0.00045133
87,0.00045133
88,0.00045133
89,0.00045133
90,0.00045133
91,0.00045133
92,0.00045133
93,0.00045133
94,0.00045133
95,0.00045133
96,0.00045133
97,0.00044665
98,0.00044665
99,0.00044665
100,0.00044665
101,0.00044665
102,0.00044667
103,0.00044667
104,0.00044667
105,0.00044667
106,0.00044667
107,0.00044667
108,0.00044665
109,0.00044665
110,0.00044665
111,0.00044665
112,0.00044665
113,0.00044665
114,0.00044665
115,0.00044665
116,0.00044665
117,0.00044665
118,0.00044665
119,0.00044665
120,0.00044665
121,0.00044665
122,0.00044665
123,0.00044665
124,0.00044665
125,0.00044665
126,0.00044665
127,0.00044665
128,0.00044665
129,0.00044665
130,0.00044665
131,0.00044665
132,0.00044665
133,0.00044665
134,0.00044665
135,0.00044665
136,0.00044665
137,0.0004439
138,0.0004439
139,0.0004439
140,0.0004439
141,0.0004439
142,0.0004439
143,0.0004439
144,0.0004439
145,0.0004439
146,0.0004439
147,0.0004439
148,0.0004439
149,0.0004439
150,0.0004439
151,0.0004439
152,0.0004439
153,0.0004439
154,0.0004439
155,0.0004439
156,0.0004439
157,0.0004439
158,0.0004439
159,0.0004439
160,0.0004439
161,0.0004439
162,0.0004439
163,0.0004439
164,0.00044352
165,0.00044352
166,0.00044352
167,0.00044352
168,0.00044352
169,0.00044352
170,0.00044352
171,0.00044352
172,0.00044352
173,0.00044352
174,0.00044352
175,0.00044352
176,0.00044352
177,0.00044352
178,0.00044352
179,0.0004435
180,0.0004435
181,0.0004435
182,0.0004435
183,0.0004435
184,0.0004435
185,0.0004435
186,0.0004435
187,0.0004435
188,0.0004435
189,0.0004435
190,0.0004435
191,0.0004435
192,0.0004435
193,0.0004435
194,0.0004435
195,0.0004435
196,0.0004435
197,0.0004435
198,0.0004435
199,0.0004435
200,0.0004435
201,0.0004435
202,0.0004435
203,0.0004435
204,0.0004435
205,0.0004435
206,0.0004435
207,0.0004435
208,0.0004435
209,0.0004435
210,0.0004435
211,0.0004435
212,0.0004435
213,0.0004435
214,0.0004435
215,0.0004435
216,0.0004435
217,0.0004435
218,0.0004435
219,0.0004435
220,0.0004435
221,0.0004435
222,0.0004435
223,0.0004435
224,0.0004435
225,0.0004435
226,0.0004435
227,0.0004435
228,0.0004435
229,0.0004435
230,0.0004435
231,0.0004435
232,0.0004435
233,0.0004435
234,0.0004435
235,0.0004435
236,0.0004435
237,0.0004435
238,0.0004435
239,0.0004435
240,0.0004435
241,0.0004435
242,0.0004435
243,0.0004435
244,0.00044422
245,0.00044422
246,0.000442
247,0.00044048
248,0.00044048
249,0.00044048
250,0.00044048
251,0.00044048
252,0.00044048
253,0.00044048
254,0.00044048
255,0.00044048
256,0.00044048
257,0.00044048
258,0.00044048
259,0.00044048
260,0.00044048
261,0.00044048
262,0.00044048
263,0.00044048
264,0.00044048
265,0.00044048
266,0.00044048
267,0.00044048
268,0.00044048
269,0.00044048
270,0.00044048
271,0.00044048
272,0.00044104
273,0.00044104
274,0.00044104
275,0.00044104
276,0.00044104
277,0.00044104
278,0.00044104
279,0.00044104
280,0.00044104
281,0.00044104
282,0.00044104
283,0.00044112
284,0.00044112
285,0.00044112
286,0.00044112
287,0.00044112
288,0.00044112
289,0.00044112
290,0.00044112
291,0.00044112
292,0.00044112
293,0.00044112
294,0.00044112
295,0.00044112
296,0.00044112
297,0.00044112
298,0.00044112
299,0.00044112
300,0.00044112
301,0.00044112
302,0.00044112
303,0.00044112
304,0.00044165
305,0.00044165
306,0.00044165
307,0.00044165
308,0.00044165
309,0.00044165
310,0.00044165
311,0.00044165
312,0.00044165
313,0.00044165
314,0.00044165
315,0.00044809
316,0.00044809
317,0.00044809
318,0.00044809
319,0.00044809
320,0.00044809
321,0.00044809
322,0.00044809
323,0.00044809
324,0.00044809
325,0.00044749
326,0.00044749
327,0.00044749
328,0.00044749
329,0.00044749
330,0.00044749
331,0.00044749
332,0.00044749
333,0.00044749
334,0.00044749
335,0.00044749
336,0.00044749
337,0.00044749
338,0.00044649
339,0.00044649
340,0.00044649
341,0.00044649
342,0.00044649
343,0.00044609
344,0.00044609
345,0.00044609
346,0.00044609
347,0.00044569
348,0.00044569
349,0.00044569
350,0.00044569
351,0.00044569
352,0.0004453
353,0.0004453
354,0.0004453
355,0.0004453
356,0.0004453
357,0.0004453
358,0.00044149
359,0.00044149
360,0.00044149
361,0.00044149
362,0.00044149
363,0.00044149
364,0.00044149
365,0.00044149
366,0.00044149
367,0.00044149
368,0.00044149
369,0.00044149
370,0.00044149
371,0.00044149
372,0.00044149
373,0.00044149
374,0.00044149
375,0.00044149
376,0.00044149
377,0.00044149
378,0.00044149
379,0.00044149
380,0.00044149
381,0.00044149
382,0.00044149
383,0.00044149
384,0.00044149
385,0.00044149
386,0.00044149
387,0.00044149
388,0.00044149
389,0.00044149
390,0.00044149
391,0.00044149
392,0.00044149
393,0.00044149
394,0.00044149
395,0.00044149
396,0.00044149
397,0.00044149
398,0.00044149
399,0.00044149
400,0.00044149
401,0.00044149
402,0.00044149
403,0.00044149
404,0.00044149
405,0.00044149
406,0.00044149
407,0.00044149
408,0.00044149
409,0.00044149
410,0.00044149
411,0.00044149
412,0.00044149
413,0.00044149
414,0.00044149
415,0.00044149
416,0.00044149
417,0.00044141
418,0.00044141
419,0.00044141
420,0.00044141
421,0.00044141
422,0.00044141
423,0.00044141
424,0.00044525
425,0.00044522
426,0.00044522
427,0.00044522
428,0.00044522
429,0.00044522
430,0.00044522
431,0.00044522
432,0.00044522
433,0.00044522
434,0.00044522
435,0.00044522
436,0.00044522
437,0.00044522
438,0.0004414
439,0.0004414
440,0.0004414
441,0.0004414
442,0.00044064
443,0.00044064
444,0.00044064
445,0.00044064
446,0.00044064
447,0.00044064
448,0.00044064
449,0.00044064
450,0.00044064
451,0.00044064
452,0.00044064
453,0.00044064
454,0.00044064
455,0.00044064
456,0.00044064
457,0.00044064
458,0.00044064
459,0.00044064
460,0.00044064
461,0.00044064
462,0.00044064
463,0.00044574
464,0.00044558
465,0.00044558
466,0.00044558
467,0.00044558
468,0.00044558
469,0.00044558
470,0.00044491
471,0.00044491
472,0.00044491
473,0.00044491
474,0.00044491
475,0.00044491
476,0.00044491
477,0.00044893
478,0.00044893
479,0.00044893
480,0.00044893
481,0.00044893
482,0.00044893
483,0.00044893
484,0.00044893
485,0.00044893
486,0.00044893
487,0.00044893
488,0.00044893
489,0.00044893
490,0.00044893
491,0.00044893
492,0.00044893
493,0.00044353
494,0.00044353
495,0.00044353
496,0.00044353
497,0.00044353
498,0.00044353
499,0.00044353
500,0.00044353
501,0.00044353
502,0.00044353
503,0.00044353
504,0.00044353
505,0.00044353
506,0.00044353
507,0.00044353
508,0.00044353
509,0.00044353
510,0.00044353
511,0.00044353
512,0.00044353
513,0.00044353
514,0.00044353
515,0.00044353
516,0.00044353
517,0.00044353
518,0.00044353
519,0.00044353
520,0.00044353
521,0.00044353
522,0.00044353
523,0.00044353
524,0.00044214
525,0.00044214
526,0.00044214
527,0.00044214
528,0.00044214
529,0.00044214
530,0.00044214
531,0.00044214
532,0.00044214
533,0.00044214
534,0.00044214
535,0.00044214
536,0.00044214
537,0.00044214
538,0.00044206
539,0.00044591
540,0.00044591
541,0.00044591
542,0.00044591
543,0.00044591
544,0.00044591
545,0.00044591
546,0.00044591
547,0.00044591
548,0.00044591
549,0.00044591
550,0.00044591
551,0.00044591
552,0.00044591
553,0.00044591
554,0.00044591
555,0.00044591
556,0.00044591
557,0.00044591
558,0.00044591
559,0.00044591
560,0.00044591
561,0.00044591
562,0.00044591
563,0.00044591
564,0.00044591
565,0.00044591
566,0.00044591
567,0.00044591
568,0.00044591
569,0.00044591
570,0.00044591
571,0.00044644
572,0.00044644
573,0.00044644
574,0.00045111
575,0.00045111
576,0.00045111
577,0.00045111
578,0.00045101
579,0.00045101
580,0.00045101
581,0.00045101
582,0.00045101
583,0.00045093
584,0.00045093
585,0.00045093
586,0.00045093
587,0.00045093
588,0.00045093
589,0.00045093
590,0.00045093
591,0.00045093
592,0.00045093
593,0.00045093
594,0.00045093
595,0.00045093
596,0.00045093
597,0.00045093
598,0.00045093
599,0.00045093
600,0.00045057
601,0.00045057
602,0.00045057
603,0.00045057
604,0.00045057
605,0.00045057
606,0.00045057
607,0.00045057
608,0.00045057
609,0.00045057
610,0.00045057
611,0.00045057
612,0.00045057
613,0.00045057
614,0.00045057
615,0.00045057
616,0.00045057
617,0.00045112
618,0.00045112
619,0.00044518
620,0.00044518
621,0.00044518
622,0.00044518
623,0.00044518
624,0.00044518
625,0.00044518
626,0.00044518
627,0.00044518
628,0.00044518
629,0.00044518
630,0.00044518
631,0.00044518
632,0.00044518
633,0.00044518
634,0.00044518
635,0.00044796
636,0.00044796
637,0.00044796
638,0.00044796
639,0.00044796
640,0.00044796
641,0.00044796
642,0.00044796
643,0.00044796
644,0.00044796
645,0.00044796
646,0.00044796
647,0.00044796
648,0.00044796
649,0.00044796
650,0.00044796
651,0.00044796
652,0.00044796
653,0.00044796
654,0.00044796
655,0.00044796
656,0.00044796
657,0.00044796
658,0.00044796
659,0.00044796
660,0.00044796
661,0.00044796
662,0.00044796
663,0.00044796
664,0.00044796
665,0.00044796
666,0.0004444
667,0.0004444
668,0.0004444
669,0.0004444
670,0.0004444
671,0.0004444
672,0.0004444
673,0.0004444
674,0.0004444
675,0.00044466
676,0.00044466
677,0.00044466
678,0.00044466
679,0.00045134
680,0.00045134
681,0.00045134
682,0.00045134
683,0.00045134
684,0.00045134
685,0.00045154
686,0.00045154
687,0.00045154
688,0.00045154
689,0.00045154
690,0.00045154
691,0.00045154
692,0.00045154
693,0.00045154
694,0.00045154
695,0.00045154
696,0.00045154
697,0.00044781
698,0.00044781
699,0.00044781
700,0.00044781
701,0.00044781
702,0.00044781
703,0.00044781
704,0.00044781
705,0.00044781
706,0.00044781
707,0.00044781
708,0.00044781
709,0.00044781
710,0.00044781
711,0.00044781
712,0.00044781
713,0.00044781
714,0.00044781
715,0.00044781
716,0.00044781
717,0.00044781
718,0.00044781
719,0.00044781
720,0.00044781
721,0.00044781
722,0.00044781
723,0.00044781
724,0.00044781
725,0.00044781
726,0.00044781
727,0.00044781
728,0.00044781
729,0.00044781
730,0.00044781
731,0.00044781
732,0.00044781
733,0.00044781
734,0.00044781
735,0.00044781
736,0.00044781
737,0.00044781
738,0.00044781
739,0.00044781
740,0.00044781
741,0.00044781
742,0.00044781
743,0.00044781
744,0.00044781
745,0.00044781
746,0.00044781
747,0.00044781
748,0.00044781
749,0.00044781
750,0.00044781
751,0.00044781
752,0.00044781
753,0.00044781
754,0.00044781
755,0.00044781
756,0.00044781
757,0.00044781
758,0.00044781
759,0.00044781
760,0.00044781
761,0.00044781
762,0.00044781
763,0.00044781
764,0.00044781
765,0.00044781
766,0.00045152
767,0.00045152
768,0.00045152
769,0.00045152
770,0.00045152
771,0.00045152
772,0.00044781
773,0.00044781
774,0.00044781
775,0.00044781
776,0.00044781
777,0.00044781
778,0.00044781
779,0.00044781
780,0.00044781
781,0.00044781
782,0.00044781
783,0.00044781
784,0.00044781
785,0.00044781
786,0.00044781
787,0.00044781
788,0.00044781
789,0.00044781
790,0.00044781
791,0.00044781
792,0.00044781
793,0.00044781
794,0.00044781
795,0.00044781
796,0.00044781
797,0.00044781
798,0.00044781
799,0.00044781
800,0.00044466
801,0.00044466
802,0.00044466
803,0.00044466
804,0.00044466
805,0.00044476
806,0.00044476
807,0.00044476
808,0.00044476
809,0.00044476
810,0.00044476
811,0.00044476
812,0.00044476
813,0.00044476
814,0.00044476
815,0.00044476
816,0.00044476
817,0.00045101
818,0.00045101
819,0.00045101
820,0.00045101
821,0.00045101
822,0.00045101
823,0.00045101
824,0.00045101
825,0.00045101
826,0.00045101
827,0.00045101
828,0.00045101
829,0.00045101
830,0.00045101
831,0.00045101
832,0.00045072
833,0.0004507
834,0.0004507
835,0.0004507
836,0.0004507
837,0.00045062
838,0.00045062
839,0.00045062
840,0.00045062
841,0.00045062
842,0.00045062
843,0.00045062
844,0.00045062
845,0.00045062
846,0.00045
847,0.00044314
848,0.00044314
849,0.00045073
850,0.00044346
851,0.00045058
852,0.00045058
853,0.00045058
854,0.00045058
855,0.00045032
856,0.00045032
857,0.00045014
858,0.00045014
859,0.00045008
860,0.00045008
861,0.00045008
862,0.00045008
863,0.00045008
864,0.00045008
865,0.00045008
866,0.00045008
867,0.00045008
868,0.00045008
869,0.00045008
870,0.00045008
871,0.00045008
872,0.00045008
873,0.00045008
874,0.00045008
875,0.00045008
876,0.00045008
877,0.00045008
878,0.00045008
879,0.00045008
880,0.00045008
881,0.00045008
882,0.00045008
883,0.00045008
884,0.00045008
885,0.00045008
886,0.00045008
887,0.00045008
888,0.00045008
889,0.00045008
890,0.00045008
891,0.00045008
892,0.00045008
893,0.00045008
894,0.00045008
895,0.00045008
896,0.00045008
897,0.00045008
898,0.00045008
899,0.00045008
900,0.00044338
901,0.00044338
902,0.00044338
903,0.00044338
904,0.00044338
905,0.00044338
906,0.00044338
907,0.00044338
908,0.00044338
909,0.00044338
910,0.00044338
911,0.00044338
912,0.00044338
913,0.00044338
914,0.00044338
915,0.0004435
916,0.0004435
917,0.0004435
918,0.0004435
919,0.0004435
920,0.0004435
921,0.0004435
922,0.0004435
923,0.0004435
924,0.0004435
925,0.0004435
926,0.0004435
927,0.0004435
928,0.0004435
929,0.0004435
930,0.0004435
931,0.0004435
932,0.0004435
933,0.0004435
934,0.0004435
935,0.0004435
936,0.0004435
937,0.0004435
938,0.0004435
939,0.0004435
940,0.0004435
941,0.0004435
942,0.0004435
943,0.0004435
944,0.0004435
945,0.00044298
946,0.00044298
947,0.00044298
948,0.00044298
949,0.00044298
950,0.00044298
951,0.00044298
952,0.00044298
953,0.00044298
954,0.00044215
955,0.00044215
956,0.00044215
957,0.00044215
958,0.00044215
959,0.00044215
960,0.00044215
961,0.00044215
962,0.00044215
963,0.00044215
964,0.00044215
965,0.00044215
966,0.00044862
967,0.00044862
968,0.00044862
969,0.00044295
970,0.00044295
971,0.00044295
972,0.00044295
973,0.00044296
974,0.00044296
975,0.00044296
976,0.00044296
977,0.00044143
978,0.00044143
979,0.00044144
980,0.00044144
981,0.00044144
982,0.00044144
983,0.00044144
984,0.00044144
985,0.00044144
986,0.00044144
987,0.00044144
988,0.00044144
989,0.00044144
990,0.00044144
991,0.00044144
992,0.00044144
993,0.00044144
994,0.00044144
995,0.00044144
996,0.00044144
997,0.00044144
998,0.00044144
999,0.00044144
1000,0.00044144
1001,0.00044144
1002,0.00044144
1003,0.00044144
1004,0.00044144
1005,0.00044144
1006,0.00044144
1007,0.00044144
1008,0.00044144
1009,0.00044144
1010,0.00044144
1011,0.00044144
1012,0.00044144
1013,0.00044144
1014,0.00044144
1015,0.00044144
1016,0.00044144
1017,0.00044144
1018,0.00044144
1019,0.00044144
1020,0.00044144
1021,0.00044144
1022,0.00044144
1023,0.00044144
1024,0.00044144
1025,0.00044144
1026,0.00044144
1027,0.00044144
1028,0.00044144
1029,0.00044144
1030,0.00044144
1031,0.00044144
1032,0.00044144
1033,0.00044481
1034,0.00044481
1035,0.00044481
1036,0.00044481
1037,0.00044481
1038,0.00044481
1039,0.00044481
1040,0.00044481
1041,0.00044481
1042,0.00044481
1043,0.00044481
1044,0.00044481
1045,0.00044481
1046,0.00044481
1047,0.00044481
1048,0.00044481
1049,0.00044481
1050,0.00044481
1051,0.00044481
1052,0.00044481
1053,0.00044481
1054,0.00044481
1055,0.00044481
1056,0.00044481
1057,0.00044481
1058,0.00044481
1059,0.00044481
1060,0.00044481
1061,0.00044481
1062,0.00044481
1063,0.00044481
1064,0.00044481
1065,0.00044481
1066,0.00044481
1067,0.00044481
1068,0.00044481
1069,0.00044481
1070,0.00044481
1071,0.00044481
1072,0.00044481
1073,0.00044481
1074,0.00044481
1075,0.00044481
1076,0.00044481
1077,0.00044481
1078,0.00044481
1079,0.00044481
1080,0.00044481
1081,0.00044481
1082,0.00044481
1083,0.00044481
1084,0.00044136
1085,0.00044271
1086,0.00044271
1087,0.00044271
1088,0.00044271
1089,0.00044271
1090,0.00044271
1091,0.00044271
1092,0.00044273
1093,0.00044273
1094,0.00044273
1095,0.00044273
1096,0.00044273
1097,0.00044273
1098,0.00044273
1099,0.00044273
1100,0.00044273
1101,0.00044273
1102,0.00044273
1103,0.00044273
1104,0.00044273
1105,0.00044273
1106,0.00044273
1107,0.00044273
1108,0.00044273
1109,0.00044273
1110,0.00044273
1111,0.00044273
1112,0.00044273
1113,0.00044273
1114,0.00044273
1115,0.00044273
1116,0.00044273
1117,0.00044273
1118,0.00044273
1119,0.00044273
1120,0.00044273
1121,0.00044273
1122,0.00044273
1123,0.00044273
1124,0.00044273
1125,0.00044273
1126,0.00044273
1127,0.00044273
1128,0.00044273
1129,0.00044273
1130,0.00044273
1131,0.00044273
1132,0.00044273
1133,0.00044273
1134,0.00044273
1135,0.00044055
1136,0.00044055
1137,0.00044055
1138,0.00044055
1139,0.00044055
1140,0.00044055
1141,0.00044055
1142,0.00044055
1143,0.00044069
1144,0.00044069
1145,0.00044069
1146,0.00044069
1147,0.00044069
1148,0.00044069
1149,0.00044069
1150,0.00044069
1151,0.00044069
1152,0.00044069
1153,0.00044069
1154,0.00044069
1155,0.00044069
1156,0.00044069
1157,0.00044069
1158,0.00044069
1159,0.00044069
1160,0.00044069
1161,0.00044069
1162,0.00044069
1163,0.00044069
1164,0.00044069
1165,0.00044069
1166,0.00044069
1167,0.00044069
1168,0.00044069
1169,0.00044069
1170,0.00044069
1171,0.00044069
1172,0.00044069
1173,0.00044273
1174,0.00044273
1175,0.00044273
1176,0.00044273
1177,0.00044273
1178,0.00044273
1179,0.00044273
1180,0.00044273
1181,0.00044273
1182,0.00044273
1183,0.00044273
1184,0.00044273
1185,0.00044273
1186,0.00044273
1187,0.00044273
1188,0.00044273
1189,0.00044273
1190,0.00044273
1191,0.00044273
1192,0.00044273
1193,0.00044273
1194,0.00044273
1195,0.00044273
1196,0.00044273
1197,0.00044273
1198,0.00044273
1199,0.00044273
1200,0.00044273
1201,0.00044273
1202,0.00044273
1203,0.00044273
1204,0.00044273
1205,0.00044273
1206,0.00044273
1207,0.00044273
1208,0.00044273
1209,0.00044273
1210,0.00044273
1211,0.00044273
1212,0.00044273
1213,0.00044273
1214,0.000442
1215,0.000442
1216,0.000442
1217,0.000442
1218,0.000442
1219,0.000442
1220,0.000442
1221,0.000442
1222,0.000442
1223,0.000442
1224,0.000442
1225,0.000442
1226,0.000442
1227,0.000442
1228,0.000442
1229,0.000442
1230,0.000442
1231,0.000442
1232,0.000442
1233,0.000442
1234,0.000442
1235,0.000442
1236,0.000442
1237,0.00044273
1238,0.00044273
1239,0.00044273
1240,0.00044273
1241,0.00044273
1242,0.00044273
1243,0.00044273
1244,0.00044273
1245,0.00044273
1246,0.00044273
1247,0.00044273
1248,0.00044083
1249,0.00044083
1250,0.00044083
1251,0.00044083
1252,0.00044083
1253,0.00044083
1254,0.00044083
1255,0.00044083
1256,0.00044083
1257,0.00044083
1258,0.00044083
1259,0.00044083
1260,0.00044083
1261,0.00044083
1262,0.00044083
1263,0.00044083
1264,0.00044083
1265,0.00044083
1266,0.00044083
1267,0.00044083
1268,0.00044083
1269,0.00044083
1270,0.00044083
1271,0.00044083
1272,0.00044083
1273,0.00044083
1274,0.00044083
1275,0.00044083
1276,0.00044083
1277,0.00044083
1278,0.00044083
1279,0.00044083
1280,0.00044083
1281,0.00044083
1282,0.00044083
1283,0.00044083
1284,0.00044083
1285,0.00044083
1286,0.00044083
1287,0.00044083
1288,0.00044083
1289,0.00044083
1290,0.00044083
1291,0.00044083
1292,0.00044083
1293,0.00044083
1294,0.00044083
1295,0.00044083
1296,0.00044083
1297,0.00044083
1298,0.00044083
1299,0.00044083
1300,0.00044083
1301,0.0004475
1302,0.0004475
1303,0.0004475
1304,0.0004475
1305,0.0004475
1306,0.0004475
1307,0.0004475
1308,0.0004475
1309,0.0004475
1310,0.0004475
1311,0.0004475
1312,0.0004475
1313,0.0004475
1314,0.0004475
1315,0.0004475
1316,0.0004475
1317,0.0004475
1318,0.0004475
1319,0.0004475
1320,0.0004475
1321,0.0004475
1322,0.00044711
1323,0.0004471
1324,0.0004471
1325,0.0004471
1326,0.0004471
1327,0.0004471
1328,0.0004471
1329,0.00044182
1330,0.00044182
1331,0.00044182
1332,0.00044182
1333,0.00044182
1334,0.00044182
1335,0.00044182
1336,0.00044182
1337,0.00044182
1338,0.00044182
1339,0.00044182
1340,0.00044182
1341,0.00044182
1342,0.00044182
1343,0.00044182
1344,0.00044182
1345,0.00044182
1346,0.00044182
1347,0.00044182
1348,0.00044182
1349,0.00044182
1350,0.00044182
1351,0.00044182
1352,0.00044182
1353,0.00044182
1354,0.00044111
1355,0.00044111
1356,0.00044111
1357,0.00044111
1358,0.00044127
1359,0.00044607
1360,0.00044607
1361,0.00044607
1362,0.00044607
1363,0.00044607
1364,0.00044607
1365,0.00044607
1366,0.00044607
1367,0.00044607
1368,0.00044607
1369,0.00044607
1370,0.00044607
1371,0.00044607
1372,0.00044607
1373,0.00044607
1374,0.00044607
1375,0.00044607
1376,0.00044607
1377,0.00044607
1378,0.00044607
1379,0.00044607
1380,0.00044607
1381,0.00044607
1382,0.00044607
1383,0.00044607
1384,0.00044607
1385,0.00044607
1386,0.00044607
1387,0.00044607
1388,0.00044607
1389,0.00044607
1390,0.00044553
1391,0.00044553
1392,0.00044553
1393,0.00044553
1394,0.00044553
1395,0.00044553
1396,0.00044553
1397,0.00044553
1398,0.00044553
1399,0.00044553
1400,0.00044553
1401,0.00044553
1402,0.00044553
1403,0.00044553
1404,0.00044553
1405,0.00044553
1406,0.00044553
1407,0.00044553
1408,0.00044553
1409,0.00044553
1410,0.00044553
1411,0.00044553
1412,0.0004452
1413,0.0004452
1414,0.0004452
1415,0.0004452
1416,0.0004452
1417,0.00044535
1418,0.00044535
1419,0.00044535
1420,0.00044535
1421,0.00044535
1422,0.00044535
1423,0.00044535
1424,0.00044535
1425,0.00044535
1426,0.00044535
1427,0.00044535
1428,0.00044535
1429,0.00044535
1430,0.00044207
1431,0.00044207
1432,0.00044207
1433,0.00044207
1434,0.00044207
1435,0.00044207
1436,0.00044207
1437,0.00044207
1438,0.00044207
1439,0.00044207
1440,0.00044207
1441,0.00044207
1442,0.00044207
1443,0.00044207
1444,0.00044207
1445,0.00044207
1446,0.00044207
1447,0.00044207
1448,0.00044207
1449,0.00044207
1450,0.00044207
1451,0.00044207
1452,0.00044207
1453,0.00044207
1454,0.00044207
1455,0.00044207
1456,0.00044207
1457,0.00044207
1458,0.00044207
1459,0.00044207
1460,0.00044207
1461,0.00044207
1462,0.00044207
1463,0.00044207
1464,0.00044207
1465,0.00044207
1466,0.00044207
1467,0.00044207
1468,0.00044207
1469,0.00044207
1470,0.00044207
1471,0.00044207
1472,0.00044207
1473,0.00044207
1474,0.00044207
1475,0.00044207
1476,0.00044207
1477,0.00044207
1478,0.00044207
1479,0.00044207
1480,0.00044207
1481,0.00044207
1482,0.00044207
1483,0.00044207
1484,0.00044207
1485,0.00044207
1486,0.00044207
1487,0.00044207
1488,0.00044207
1489,0.00044207
1490,0.00044207
1491,0.00044207
1492,0.00044459
1493,0.00044459
1494,0.00044459
1495,0.00044459
1496,0.00044459
1497,0.00044459
1498,0.00044459
1499,0.00044459
1500,0.00044459
1501,0.00044459
1502,0.00044459
1503,0.00044459
1504,0.00044459
1505,0.00044459
1506,0.00044459
1507,0.00044459
1508,0.00044459
1509,0.00044459
1510,0.00044459
1511,0.00044459
1512,0.00044459
1513,0.00044459
1514,0.00044459
1515,0.00044459
1516,0.00044459
1517,0.00044459
1518,0.00044459
1519,0.00044228
1520,0.00044228
1521,0.00044228
1522,0.00044228
1523,0.00044228
1524,0.00044228
1525,0.00044228
1526,0.00044228
1527,0.00044228
1528,0.00044228
1529,0.00044228
1530,0.00044228
1531,0.00044228
1532,0.00044228
1533,0.00044228
1534,0.00044228
1535,0.00044228
1536,0.00044228
1537,0.00044228
1538,0.00044242
1539,0.00044242
1540,0.00044242
1541,0.00044242
1542,0.00044242
1543,0.00044242
1544,0.00044242
1545,0.00044242
1546,0.00044242
1547,0.00044242
1548,0.00044242
1549,0.00044242
1550,0.00044242
1551,0.00044242
1552,0.00044242
1553,0.00044242
1554,0.00044242
1555,0.00044242
1556,0.00044242
1557,0.00044242
1558,0.00044242
1559,0.00044242
1560,0.00044242
1561,0.00044461
1562,0.00044461
1563,0.00044461
1564,0.00044461
1565,0.00044461
1566,0.00044461
1567,0.00044461
1568,0.00044461
1569,0.00044461
1570,0.00044461
1571,0.00044461
1572,0.00044461
1573,0.00044461
1574,0.00044461
1575,0.00044461
1576,0.00044461
1577,0.00044461
1578,0.00044461
1579,0.00044461
1580,0.00044461
1581,0.00044461
1582,0.00044461
1583,0.00044461
1584,0.00044461
1585,0.00044461
1586,0.00044461
1587,0.00044461
1588,0.00044461
1589,0.00044461
1590,0.00044461
1591,0.00044461
1592,0.00044461
1593,0.00044461
1594,0.00044909
1595,0.00044909
1596,0.00044909
1597,0.00044909
1598,0.00044909
1599,0.00044909
1600,0.00044909
1601,0.00044909
1602,0.00044909
1603,0.00044909
1604,0.00044909
1605,0.00044909
1606,0.00044909
1607,0.00044909
1608,0.00044843
1609,0.00044843
1610,0.00044843
1611,0.00044843
1612,0.00044843
1613,0.00044843
1614,0.00044843
1615,0.00044843
1616,0.00044843
1617,0.00044843
1618,0.00044843
1619,0.00044843
1620,0.00044843
1621,0.00044843
1622,0.00044843
1623,0.00044843
1624,0.00044843
1625,0.00044843
1626,0.00044843
1627,0.00044843
1628,0.00044843
1629,0.00044843
1630,0.00044843
1631,0.00044345
1632,0.00044366
1633,0.00044366
1634,0.00044364
1635,0.00044364
1636,0.00044364
1637,0.00044364
1638,0.00044364
1639,0.00044364
1640,0.00044291
1641,0.00044291
1642,0.00044291
1643,0.00044291
1644,0.00044291
1645,0.00044291
1646,0.00044291
1647,0.00044291
1648,0.00044291
1649,0.00044291
1650,0.00044291
1651,0.00044291
1652,0.00044291
1653,0.00044291
1654,0.00044291
1655,0.00044291
1656,0.00044364
1657,0.00044364
1658,0.00044364
1659,0.00044055
1660,0.00044055
1661,0.00044062
1662,0.0004407
1663,0.00044576
1664,0.00044078
1665,0.00044078
1666,0.00044078
1667,0.00044078
1668,0.00044078
1669,0.00044078
1670,0.00044078
1671,0.00044078
1672,0.00044078
1673,0.00044078
1674,0.00044078
1675,0.00044078
1676,0.00044078
1677,0.00044078
1678,0.00044078
1679,0.00044078
1680,0.00044357
1681,0.00044357
1682,0.00044357
1683,0.00044357
1684,0.00044357
1685,0.00044357
1686,0.00044357
1687,0.00044357
1688,0.00044357
1689,0.00044357
1690,0.00044357
1691,0.00044357
1692,0.00044357
1693,0.00044357
1694,0.00044357
1695,0.00044357
1696,0.00044357
1697,0.00044357
1698,0.00044357
1699,0.00044324
1700,0.00044324
1701,0.00044062
1702,0.00044318
1703,0.00044318
1704,0.00044318
1705,0.00044318
1706,0.00044318
1707,0.00044318
1708,0.00044318
1709,0.00044318
1710,0.00044318
1711,0.00044318
1712,0.00044318
1713,0.00044318
1714,0.00044318
1715,0.00044318
1716,0.00044318
1717,0.00044318
1718,0.00044318
1719,0.00044355
1720,0.00044355
1721,0.00044355
1722,0.00044355
1723,0.00044355
1724,0.00044355
1725,0.00044355
1726,0.00044355
1727,0.00044355
1728,0.00044318
1729,0.00044318
1730,0.00044318
1731,0.00044318
1732,0.00044318
1733,0.00044318
1734,0.00044318
1735,0.00044318
1736,0.00044318
1737,0.00044355
1738,0.00044355
1739,0.00044355
1740,0.00044355
1741,0.00044355
1742,0.00044355
1743,0.00044355
1744,0.00044355
1745,0.00044355
1746,0.00044355
1747,0.00044355
1748,0.00044355
1749,0.00044355
1750,0.00044355
1751,0.00044355
1752,0.00044355
1753,0.00044355
1754,0.00044355
1755,0.00044355
1756,0.00044355
1757,0.00044355
1758,0.00044355
1759,0.00044355
1760,0.00044355
1761,0.00044355
1762,0.00044355
1763,0.00044355
1764,0.00044355
1765,0.00044355
1766,0.00044355
1767,0.00044355
1768,0.00044318
1769,0.00044318
1770,0.00044318
1771,0.00044315
1772,0.00044315
1773,0.00044315
1774,0.00044315
1775,0.00044315
1776,0.00044315
1777,0.00044315
1778,0.00044315
1779,0.00044315
1780,0.00044048
1781,0.00044048
1782,0.00044048
1783,0.00044048
1784,0.00044048
1785,0.00044023
1786,0.00044023
1787,0.00044023
1788,0.00044023
1789,0.00044023
1790,0.00044023
1791,0.00044023
1792,0.00044023
1793,0.00044023
1794,0.00044023
1795,0.00044023
1796,0.00044023
1797,0.00044037
1798,0.00044037
1799,0.00044037
1800,0.00044037
1801,0.00044037
1802,0.00044037
1803,0.00044037
1804,0.00044037
1805,0.00044037
1806,0.00044037
1807,0.00044037
1808,0.00044051
1809,0.00044051
1810,0.00044051
1811,0.00044051
1812,0.00044355
1813,0.00044355
1814,0.00044355
1815,0.00044355
1816,0.00044355
1817,0.00044355
1818,0.00044355
1819,0.00044355
1820,0.00044355
1821,0.00044355
1822,0.00044355
1823,0.00044355
1824,0.00044355
1825,0.00044355
1826,0.00044355
1827,0.00044355
1828,0.00044355
1829,0.00044355
1830,0.00044355
1831,0.00044355
1832,0.00044037
1833,0.00044037
1834,0.00044037
1835,0.00044037
1836,0.00044023
1837,0.00044023
1838,0.00044023
1839,0.00044023
1840,0.00044023
1841,0.00044023
1842,0.00044023
1843,0.00044023
1844,0.00044023
1845,0.00044023
1846,0.00044023
1847,0.00044023
1848,0.00044023
1849,0.00044023
1850,0.00044023
1851,0.00044023
1852,0.00044023
1853,0.00044023
1854,0.00044023
1855,0.00044023
1856,0.00044023
1857,0.00044023
1858,0.00044023
1859,0.00044023
1860,0.00044023
1861,0.00044023
1862,0.00044023
1863,0.00044023
1864,0.00044023
1865,0.00044023
1866,0.00044023
1867,0.00044023
1868,0.00044023
1869,0.00044023
1870,0.00044015
1871,0.00044015
1872,0.00044015
1873,0.00044015
1874,0.00044015
1875,0.00044015
1876,0.00044355
1877,0.00044355
1878,0.00044355
1879,0.00044355
1880,0.00044355
1881,0.00044355
1882,0.00044355
1883,0.00044355
1884,0.00044355
1885,0.00044355
1886,0.00044355
1887,0.00044355
1888,0.00044355
1889,0.00044355
1890,0.00044357
1891,0.00044357
1892,0.00044357
1893,0.00044357
1894,0.00044357
1895,0.00044357
1896,0.00044357
1897,0.00044357
1898,0.00044357
1899,0.00044357
1900,0.00044357
1901,0.00044357
1902,0.00044357
1903,0.00044357
1904,0.00044357
1905,0.00044357
1906,0.00044357
1907,0.00044357
1908,0.00044357
1909,0.00044357
1910,0.00044357
1911,0.00044357
1912,0.00044357
1913,0.00044357
1914,0.00044357
1915,0.00044357
1916,0.00044357
1917,0.00044357
1918,0.00044357
1919,0.00044357
1920,0.00044357
1921,0.00044357
1922,0.00044357
1923,0.00044357
1924,0.00044357
1925,0.00044357
1926,0.00044357
1927,0.00044357
1928,0.00044357
1929,0.00044357
1930,0.00044357
1931,0.00044029
1932,0.00044029
1933,0.00045005
1934,0.00045005
1935,0.00045005
1936,0.00044973
1937,0.00044972
1938,0.00044962
1939,0.00044962
1940,0.00045038
1941,0.00045038
1942,0.00045038
1943,0.00045038
1944,0.00045038
1945,0.00045038
1946,0.00045038
1947,0.00045038
1948,0.00045038
1949,0.00045038
1950,0.00045038
1951,0.00045038
1952,0.00045038
1953,0.00045038
1954,0.00045038
1955,0.00045038
1956,0.00045038
1957,0.00045
1958,0.00045
1959,0.00045
1960,0.00045
1961,0.00045
1962,0.00045
1963,0.00045
1964,0.00045
1965,0.00045
1966,0.00045
1967,0.00045
1968,0.00045
1969,0.00045
1970,0.00045
1971,0.00045
1972,0.00045
1973,0.00045
1974,0.00045
1975,0.00045
1976,0.00045
1977,0.00045
1978,0.00045
1979,0.00045
1980,0.00045
1981,0.00045
1982,0.00045
1983,0.00045
1984,0.00045
1985,0.00045
1986,0.00045
1987,0.00045
1988,0.00045
1989,0.00045
1990,0.00045
1991,0.00045
1992,0.00045
1993,0.00045
1994,0.00045
1995,0.00045
1996,0.00045
1997,0.00045
1998,0.00045
1999,0.00045
2000,0.00045
2001,0.00045
2002,0.00045
2003,0.00045
2004,0.00045
2005,0.00045
2006,0.00045
2007,0.00045
2008,0.00045
2009,0.00045
2010,0.00045
2011,0.00045
2012,0.00045
2013,0.00045
2014,0.00045
2015,0.00045
2016,0.00045
2017,0.00045
2018,0.00045
2019,0.00045
2020,0.00044992
2021,0.00044992
2022,0.00044992
2023,0.00044962
2024,0.00044962
2025,0.00044962
2026,0.00044962
2027,0.00044962
2028,0.00044962
2029,0.00044962
2030,0.00044992
2031,0.00044992
2032,0.00044992
2033,0.00044992
2034,0.00044992
2035,0.00044992
2036,0.00044992
2037,0.00044992
2038,0.00044992
2039,0.00044992
2040,0.00044992
2041,0.00044992
2042,0.00044992
2043,0.00044992
2044,0.00044992
2045,0.00044992
2046,0.00044992
2047,0.00044992
2048,0.00044992
2049,0.00044992
2050,0.00044992
2051,0.00044992
2052,0.00044512
2053,0.00044512
2054,0.00044513
2055,0.00044513
2056,0.00044513
2057,0.00044513
2058,0.00044513
2059,0.00044513
2060,0.00044513
2061,0.00044513
2062,0.00044513
2063,0.00044526
2064,0.00044526
2065,0.00044526
2066,0.00044526
2067,0.00044526
2068,0.00044526
2069,0.00044526
2070,0.00044526
2071,0.00044526
2072,0.00044526
2073,0.00044526
2074,0.00044526
2075,0.00044526
2076,0.00044989
2077,0.00044989
2078,0.00044989
2079,0.00044989
2080,0.00044989
2081,0.00044989
2082,0.00044989
2083,0.00044989
2084,0.00044989
2085,0.00044992
2086,0.00044992
2087,0.00044992
2088,0.00044992
2089,0.00044992
2090,0.00044992
2091,0.00044541
2092,0.00044992
2093,0.00044992
2094,0.00044992
2095,0.00044486
2096,0.00044486
2097,0.00044485
2098,0.00044485
2099,0.00044485
2100,0.00044187
2101,0.00044187
2102,0.00044187
2103,0.00044187
2104,0.00044187
2105,0.00044187
2106,0.00044187
2107,0.00044187
2108,0.00044187
2109,0.00044187
2110,0.00044187
2111,0.00044187
2112,0.00044187
2113,0.00044187
2114,0.00044187
2115,0.00044187
2116,0.00044187
2117,0.00044187
2118,0.00044187
2119,0.00044187
2120,0.00044187
2121,0.00044187
2122,0.00044187
2123,0.00044187
2124,0.00044187
2125,0.00044187
2126,0.00044187
2127,0.00044187
2128,0.00044187
2129,0.00044187
2130,0.00044187
2131,0.00044187
2132,0.00044921
2133,0.00044921
2134,0.00044921
2135,0.00044921
2136,0.00044917
2137,0.00044917
2138,0.00044917
2139,0.00044917
2140,0.00044917
2141,0.00044917
2142,0.00044917
2143,0.00044917
2144,0.00044917
2145,0.00044917
2146,0.00044917
2147,0.00044917
2148,0.00044917
2149,0.00044917
2150,0.00044917
2151,0.00044917
2152,0.00044917
2153,0.00044917
2154,0.00044917
2155,0.00044917
2156,0.00044917
2157,0.00044917
2158,0.00044917
2159,0.00044917
2160,0.00044917
2161,0.00044917
2162,0.00044917
2163,0.00044917
2164,0.00044917
2165,0.00044404
2166,0.00044404
2167,0.00044404
2168,0.00044404
2169,0.00044404
2170,0.00044404
2171,0.00045037
2172,0.00045037
2173,0.00045037
2174,0.00045037
2175,0.00045037
2176,0.00045037
2177,0.00045037
2178,0.00045037
2179,0.00045037
2180,0.00045037
2181,0.00045037
2182,0.00045037
2183,0.00045037
2184,0.00045037
2185,0.00045037
2186,0.00045037
2187,0.00045037
2188,0.00045037
2189,0.00045037
2190,0.00045037
2191,0.00045037
2192,0.00045037
2193,0.00045037
2194,0.00045037
2195,0.00045037
2196,0.00045037
2197,0.00045037
2198,0.00045037
2199,0.00045037
2200,0.00045037
2201,0.00045037
2202,0.00045037
2203,0.00045037
2204,0.00045037
2205,0.00045037
2206,0.00045037
2207,0.00045037
2208,0.00045037
2209,0.00045037
2210,0.00045037
2211,0.00045037
2212,0.00045154
2213,0.00045154
2214,0.00045154
2215,0.00045154
2216,0.00044343
2217,0.00045037
2218,0.00045037
2219,0.00045037
2220,0.00045037
2221,0.00045037
2222,0.00045037
2223,0.00045037
2224,0.00045037
2225,0.00045037
2226,0.00045037
2227,0.00045037
2228,0.00045037
2229,0.00045037
2230,0.00045037
2231,0.00045037
2232,0.00045037
2233,0.00045037
2234,0.00045037
2235,0.00045037
2236,0.00045037
2237,0.00045037
2238,0.00045154
2239,0.00045154
2240,0.00045154
2241,0.00045154
2242,0.00044507
2243,0.00044507
2244,0.00045154
2245,0.00045154
2246,0.00045154
2247,0.00045154
2248,0.00045154
2249,0.00045154
2250,0.00045154
2251,0.00045154
2252,0.00045154
2253,0.00045154
2254,0.00045154
2255,0.00045154
2256,0.00045154
2257,0.00045154
2258,0.00045154
2259,0.00045154
2260,0.00045154
2261,0.00045154
2262,0.00045154
2263,0.00045154
2264,0.00045154
2265,0.00045154
2266,0.00045154
2267,0.00045154
2268,0.00045154
2269,0.00045154
2270,0.00045154
2271,0.00045154
2272,0.00045154
2273,0.00045154
2274,0.00045154
2275,0.00045154
2276,0.00045154
2277,0.00045154
2278,0.00045154
2279,0.00045154
2280,0.00045154
2281,0.00045154
2282,0.00045154
2283,0.00045155
2284,0.00045155
2285,0.00045155
2286,0.00045155
2287,0.00045155
2288,0.00045155
2289,0.00045155
2290,0.00045155
2291,0.00045155
2292,0.00045155
2293,0.00045155
2294,0.00045155
2295,0.00045155
2296,0.00045155
2297,0.00045155
2298,0.00045155
2299,0.00045155
2300,0.00045253
2301,0.00045253
2302,0.00045253
2303,0.00045253
2304,0.00045253
2305,0.00045253
2306,0.00045253
2307,0.00045253
2308,0.00045253
2309,0.00045253
2310,0.00045253
2311,0.00045253
2312,0.00045253
2313,0.00045253
2314,0.00045253
2315,0.00045253
2316,0.00045253
2317,0.00045253
2318,0.00045253
2319,0.00045253
2320,0.00045365
2321,0.00045365
2322,0.00045364
2323,0.00045364
2324,0.00045364
2325,0.00045364
2326,0.00045364
2327,0.00045364
2328,0.00045364
2329,0.00045364
2330,0.00045364
2331,0.00045364
2332,0.00045364
2333,0.00045364
2334,0.00045364
2335,0.00044888
2336,0.00044888
2337,0.00044888
2338,0.00044888
2339,0.00044888
2340,0.00044888
2341,0.00045363
2342,0.00045363
2343,0.00045363
2344,0.00044923
2345,0.00044923
2346,0.00044923
2347,0.000449
2348,0.000449
2349,0.000449
2350,0.000449
2351,0.000449
2352,0.000449
2353,0.000449
2354,0.000449
2355,0.000449
2356,0.000449
2357,0.000449
2358,0.000449
2359,0.00044016
2360,0.00045324
2361,0.00045313
2362,0.00045313
2363,0.00045313
2364,0.00045313
2365,0.00045283
2366,0.00045283
2367,0.00045283
2368,0.0004525
2369,0.0004525
2370,0.0004525
2371,0.0004525
2372,0.0004525
2373,0.0004525
2374,0.0004525
2375,0.0004525
2376,0.0004525
2377,0.00045164
2378,0.00045164
2379,0.00045164
2380,0.00045164
2381,0.00045164
2382,0.00045164
2383,0.00045164
2384,0.000442
2385,0.000442
2386,0.000442
2387,0.000442
2388,0.000442
2389,0.000442
2390,0.000442
2391,0.000442
2392,0.000442
2393,0.000442
2394,0.000442
2395,0.00045071
2396,0.00045071
2397,0.00045071
2398,0.00045071
2399,0.00045071
2400,0.00045071
2401,0.00045071
2402,0.00045071
2403,0.00045071
2404,0.00045071
2405,0.00045071
2406,0.00045071
2407,0.00045071
2408,0.00045071
2409,0.00045071
2410,0.00045071
2411,0.00045071
2412,0.00045071
2413,0.00045071
2414,0.00045071
2415,0.00044303
2416,0.00044303
2417,0.00044303
2418,0.00044943
2419,0.00044934
2420,0.00044934
2421,0.00044915
2422,0.00044915
2423,0.00044915
2424,0.00044896
2425,0.00044896
2426,0.00044896
2427,0.00044896
2428,0.00044896
2429,0.00044896
2430,0.00044896
2431,0.00044896
2432,0.00044896
2433,0.00044896
2434,0.00044896
2435,0.00044805
2436,0.00044805
2437,0.00044805
2438,0.00044253
2439,0.00044253
2440,0.00044253
2441,0.00044253
2442,0.00044253
2443,0.00044253
2444,0.00044253
2445,0.00044253
2446,0.00044253
2447,0.00044253
2448,0.00044253
2449,0.00044253
2450,0.00044253
2451,0.00044253
2452,0.00044253
2453,0.00044253
2454,0.00044253
2455,0.00044253
2456,0.00044253
2457,0.00044789
2458,0.00044789
2459,0.00044789
2460,0.00044789
2461,0.00044789
2462,0.00044789
2463,0.00044789
2464,0.00044789
2465,0.00044788
2466,0.00044788
2467,0.00044788
2468,0.00044788
2469,0.00044788
2470,0.00044788
2471,0.00044788
2472,0.00044788
2473,0.00044788
2474,0.00044788
2475,0.00044788
2476,0.00044788
2477,0.00044788
2478,0.00044788
2479,0.00044787
2480,0.00044787
2481,0.00044787
2482,0.00044787
2483,0.00044787
2484,0.00044788
2485,0.00044788
2486,0.00044788
2487,0.00044788
2488,0.00044788
2489,0.00044788
2490,0.00044788
2491,0.00044788
2492,0.00045223
2493,0.00045222
2494,0.00045222
2495,0.00045222
2496,0.00045222
2497,0.00045222
2498,0.00045222
2499,0.00045222
2500,0.00045222
2501,0.00045222
2502,0.00045222
2503,0.00045222
2504,0.00045222
2505,0.00045302
2506,0.00045302
2507,0.00045302
2508,0.00045302
2509,0.00045302
2510,0.00045302
2511,0.00045302
2512,0.00045302
2513,0.00045302
2514,0.00045302
2515,0.00045302
2516,0.00045302
2517,0.00045302
2518,0.00045302
2519,0.00045302
2520,0.00045302
2521,0.00045302
2522,0.00045302
2523,0.00045302
2524,0.00045302
2525,0.00045302
2526,0.00045302
2527,0.00045302
2528,0.00045302
2529,0.00045302
2530,0.00045302
2531,0.00045302
2532,0.00045302
2533,0.00045302
2534,0.00045302
2535,0.00045302
2536,0.000453
2537,0.000453
2538,0.000453
2539,0.00045299
2540,0.00045299
2541,0.00045299
2542,0.00045299
2543,0.00045299
2544,0.00045299
2545,0.00045299
2546,0.00045299
2547,0.00045299
2548,0.00045299
2549,0.00044759
2550,0.00044759
2551,0.00044759
2552,0.00044759
2553,0.00044759
2554,0.00044759
2555,0.00045365
2556,0.00045365
2557,0.00044554
2558,0.00044554
2559,0.00044554
2560,0.00044554
2561,0.00044554
2562,0.00044554
2563,0.00044554
2564,0.00044554
2565,0.00044554
2566,0.00044554
2567,0.00044554
2568,0.00044554
2569,0.00044554
2570,0.00044554
2571,0.00045364
2572,0.00045364
2573,0.00045364
2574,0.00045364
2575,0.00045276
2576,0.00045275
2577,0.00045274
2578,0.00045274
2579,0.00045274
2580,0.00045274
2581,0.00045274
2582,0.00045274
2583,0.00045274
2584,0.00045274
2585,0.00045274
2586,0.00045274
2587,0.00045274
2588,0.00045274
2589,0.00045274
2590,0.00045274
2591,0.00045274
2592,0.00045274
2593,0.00045274
2594,0.00045274
2595,0.00045274
2596,0.00045274
2597,0.00045274
2598,0.00045274
2599,0.00045274
2600,0.00045274
2601,0.00045274
2602,0.00045274
2603,0.00045274
2604,0.00045274
2605,0.00045274
2606,0.00045274
2607,0.00045274
2608,0.00045274
2609,0.00045274
2610,0.00045274
2611,0.00045274
2612,0.00045274
2613,0.00045274
2614,0.00045274
2615,0.00045274
2616,0.00045274
2617,0.00045274
2618,0.00045274
2619,0.00045274
2620,0.00045274
2621,0.00045274
2622,0.00045274
2623,0.00045274
2624,0.00044664
2625,0.00044664
2626,0.00044664
2627,0.00044664
2628,0.00044664
2629,0.00044664
2630,0.00044664
2631,0.00044664
2632,0.00044664
2633,0.00044664
2634,0.00044473
2635,0.00044473
2636,0.00044473
2637,0.00044473
2638,0.00044473
2639,0.00044473
2640,0.00044473
2641,0.00044473
2642,0.00044473
2643,0.00044473
2644,0.00044473
2645,0.00044473
2646,0.00044473
2647,0.00044473
2648,0.00044473
2649,0.00044473
2650,0.00044473
2651,0.00044473
2652,0.00044473
2653,0.00044566
2654,0.00044566
2655,0.00044566
2656,0.00044566
2657,0.00044566
2658,0.00044566
2659,0.00044566
2660,0.00044566
2661,0.00044566
2662,0.00044566
2663,0.00044566
2664,0.00044566
2665,0.00044566
2666,0.00044566
2667,0.00044566
2668,0.00044566
2669,0.00044566
2670,0.00044566
2671,0.00044473
2672,0.00044473
2673,0.00044473
2674,0.00044473
2675,0.00044237
2676,0.00044237
2677,0.00044237
2678,0.00044237
2679,0.00044108
2680,0.00044111
2681,0.00044112
2682,0.00044344
2683,0.00044134
2684,0.00044134
2685,0.00044134
2686,0.00044134
2687,0.00044134
2688,0.00044134
2689,0.00044134
2690,0.00044134
2691,0.00044134
2692,0.00044134
2693,0.00044134
2694,0.00044134
2695,0.00044134
2696,0.00044134
2697,0.00044134
2698,0.00044134
2699,0.00044134
2700,0.00044134
2701,0.00044134
2702,0.00044065
2703,0.00044065
2704,0.00044344
2705,0.00044344
2706,0.00044344
2707,0.00044344
2708,0.00044344
2709,0.00044344
2710,0.0004403
2711,0.0004403
2712,0.0004403
2713,0.0004419
2714,0.0004419
2715,0.0004419
2716,0.0004419
2717,0.0004419
2718,0.0004419
2719,0.0004419
2720,0.0004419
2721,0.0004419
2722,0.0004419
2723,0.0004419
2724,0.0004419
2725,0.0004419
2726,0.0004419
2727,0.0004419
2728,0.0004419
2729,0.0004419
2730,0.0004419
2731,0.0004419
2732,0.0004419
2733,0.0004419
2734,0.0004419
2735,0.0004425
2736,0.0004425
2737,0.0004425
2738,0.0004425
2739,0.0004425
2740,0.0004425
2741,0.0004425
2742,0.000445
2743,0.00044508
2744,0.00044508
2745,0.00044508
2746,0.00044509
2747,0.00044509
2748,0.00044509
2749,0.00044895
2750,0.00044895
2751,0.00044895
2752,0.00044895
2753,0.00044895
2754,0.00044895
2755,0.00044895
2756,0.00045222
2757,0.00045222
2758,0.00045222
2759,0.00045222
2760,0.00045222
2761,0.00045222
2762,0.00045222
2763,0.00045222
2764,0.00045222
2765,0.00045222
2766,0.00045222
2767,0.00045222
2768,0.00045222
2769,0.00045222
2770,0.00045222
2771,0.00045222
2772,0.00045222
2773,0.00045222
2774,0.00045222
2775,0.00045222
2776,0.00045222
2777,0.00045222
2778,0.00045222
2779,0.00045222
2780,0.00045222
2781,0.00045222
2782,0.00045222
2783,0.00045222
2784,0.00045222
2785,0.00045222
2786,0.00045222
2787,0.00045222
2788,0.00045222
2789,0.00045222
2790,0.00045222
2791,0.00045222
2792,0.00044517
2793,0.00044517
2794,0.00044517
2795,0.00044517
2796,0.00044517
2797,0.00044517
2798,0.00044517
2799,0.00044517
2800,0.00044517
2801,0.00044517
2802,0.00044517
2803,0.00044517
2804,0.00044517
2805,0.00044517
2806,0.00044517
2807,0.00044517
2808,0.00044517
2809,0.00044517
2810,0.00044517
2811,0.00044517
2812,0.00044517
2813,0.00044699
2814,0.00044699
2815,0.00044699
2816,0.00044699
2817,0.00044699
2818,0.00044699
2819,0.00044699
2820,0.00044699
2821,0.00044699
2822,0.00044699
2823,0.00044699
2824,0.00044699
2825,0.00044603
2826,0.00044603
2827,0.00044603
2828,0.00044603
2829,0.00044603
2830,0.00044603
2831,0.00044603
2832,0.00044603
2833,0.00044603
2834,0.00044603
2835,0.00044603
2836,0.00044603
2837,0.00044603
2838,0.00044603
2839,0.00044603
2840,0.00044603
2841,0.00044603
2842,0.00044603
2843,0.00044603
2844,0.00044603
2845,0.00044603
2846,0.00044603
2847,0.00044603
2848,0.00044603
2849,0.00044603
2850,0.00044603
2851,0.00044603
2852,0.00044603
2853,0.00044603
2854,0.00044603
2855,0.00044603
2856,0.00044603
2857,0.00044601
2858,0.00044601
2859,0.00044601
2860,0.00044601
2861,0.00044601
2862,0.00044601
2863,0.00044601
2864,0.00044601
2865,0.00044601
2866,0.00044601
2867,0.00044601
2868,0.00044601
2869,0.00044601
2870,0.00044601
2871,0.00044601
2872,0.00044601
2873,0.00044599
2874,0.00044599
2875,0.00044599
2876,0.00044599
2877,0.00044599
2878,0.00044599
2879,0.00044599
2880,0.00044599
2881,0.00044599
2882,0.00044599
2883,0.00044599
2884,0.00044599
2885,0.00044513
2886,0.00044513
2887,0.00044513
2888,0.00044513
2889,0.00044513
2890,0.00044513
2891,0.00044513
2892,0.00044513
2893,0.00044513
2894,0.00044513
2895,0.00044513
2896,0.00044513
2897,0.00044513
2898,0.00044513
2899,0.00044513
2900,0.00044513
2901,0.00044513
2902,0.00044513
2903,0.00044513
2904,0.00044513
2905,0.00044513
2906,0.00044513
2907,0.00044513
2908,0.00044513
2909,0.00044513
2910,0.00044513
2911,0.00044513
2912,0.00044513
2913,0.00044513
2914,0.00044513
2915,0.00044513
2916,0.00044448
2917,0.00044448
2918,0.0004447
2919,0.0004447
2920,0.0004447
2921,0.0004447
2922,0.0004447
2923,0.00044427
2924,0.00044427
2925,0.00044427
2926,0.00044427
2927,0.00044427
2928,0.00045225
2929,0.00045225
2930,0.00045225
2931,0.00045225
2932,0.00045537
2933,0.00045537
2934,0.00045537
2935,0.00045537
2936,0.00045537
2937,0.00045537
2938,0.00045537
2939,0.00045537
2940,0.00045537
2941,0.00045537
2942,0.00045537
2943,0.00045537
2944,0.00045537
2945,0.00045535
2946,0.00045535
2947,0.00045535
2948,0.00045535
2949,0.00045535
2950,0.00045535
2951,0.00045535
2952,0.00045535
2953,0.00045535
2954,0.00045535
2955,0.00045535
2956,0.00045535
2957,0.00045535
2958,0.00045535
2959,0.00045535
2960,0.00045535
2961,0.00045535
2962,0.00045535
2963,0.00045535
2964,0.00045535
2965,0.00045535
2966,0.00045535
2967,0.00045535
2968,0.00045535
2969,0.00045535
2970,0.00045535
2971,0.00045535
2972,0.00045535
2973,0.00045535
2974,0.00045535
2975,0.00045535
2976,0.00045535
2977,0.0004554
2978,0.0004554
2979,0.0004554
2980,0.0004554
2981,0.0004554
2982,0.0004554
2983,0.0004554
2984,0.0004554
2985,0.0004554
2986,0.0004554
2987,0.0004554
2988,0.0004554
2989,0.0004554
2990,0.0004554
2991,0.0004554
2992,0.0004554
2993,0.0004554
2994,0.0004554
2995,0.0004554
2996,0.00045361
2997,0.00045361
2998,0.00045361
2999,0.00045361
3000,0.00045361
3001,0.00045361
3002,0.00045361
3003,0.00044886
3004,0.00044881
3005,0.00044881
3006,0.00044881
3007,0.00044881
3008,0.00044881
3009,0.00044881
3010,0.00044881
3011,0.00044881
3012,0.00044881
3013,0.00044881
3014,0.00044881
3015,0.00044881
3016,0.00044881
3017,0.00044881
3018,0.00044881
3019,0.00044881
3020,0.00044881
3021,0.00044881
3022,0.00044881
3023,0.00044881
3024,0.00044881
3025,0.00044881
3026,0.00044881
3027,0.00044881
3028,0.00044881
3029,0.00044881
3030,0.00044881
3031,0.00044881
3032,0.00044881
3033,0.00044881
3034,0.00044881
3035,0.00044881
3036,0.00044881
3037,0.00044881
3038,0.00044881
3039,0.00044881
3040,0.00044881
3041,0.00044881
3042,0.00044881
3043,0.00044881
3044,0.00044881
3045,0.00044881
3046,0.00044881
3047,0.00044881
3048,0.00044881
3049,0.00044881
3050,0.00044881
3051,0.00044881
3052,0.00045261
3053,0.00045261
3054,0.00045261
3055,0.00045261
3056,0.00045261
3057,0.00045261
3058,0.00045261
3059,0.00045261
3060,0.00045261
3061,0.00045261
3062,0.00045261
3063,0.00045261
3064,0.00045261
3065,0.00045261
3066,0.00045261
3067,0.00045261
3068,0.00045261
3069,0.00045261
3070,0.00045261
3071,0.00045261
3072,0.00045261
3073,0.00045261
3074,0.00045261
3075,0.00045261
3076,0.00045261
3077,0.00045261
3078,0.00045261
3079,0.00045262
3080,0.00045262
3081,0.00045262
3082,0.00045262
3083,0.00045262
3084,0.0004528
3085,0.0004528
3086,0.0004528
3087,0.0004528
3088,0.0004528
3089,0.0004528
3090,0.0004536
3091,0.0004536
3092,0.0004536
3093,0.0004536
3094,0.0004528
3095,0.0004528
3096,0.0004528
3097,0.0004528
3098,0.0004528
3099,0.0004528
3100,0.0004528
3101,0.0004528
3102,0.0004528
3103,0.0004528
3104,0.0004528
3105,0.0004528
3106,0.0004528
3107,0.0004528
3108,0.0004528
3109,0.0004528
3110,0.0004528
3111,0.0004528
3112,0.0004528
3113,0.0004528
3114,0.0004528
3115,0.0004528
3116,0.0004528
3117,0.0004528
3118,0.0004528
3119,0.0004528
3120,0.0004528
3121,0.0004528
3122,0.0004528
3123,0.0004528
3124,0.0004528
3125,0.0004528
3126,0.0004528
3127,0.0004528
3128,0.0004528
3129,0.0004528
3130,0.0004528
3131,0.0004528
3132,0.0004528
3133,0.0004528
3134,0.0004528
3135,0.0004528
3136,0.0004528
3137,0.0004528
3138,0.0004528
3139,0.0004528
3140,0.0004528
3141,0.0004528
3142,0.0004528
3143,0.0004528
3144,0.0004528
3145,0.0004528
3146,0.0004528
3147,0.00045301
3148,0.00045301
3149,0.00045301
3150,0.00045301
3151,0.00045301
3152,0.00045301
3153,0.00045301
3154,0.00045301
3155,0.00045301
3156,0.00045301
3157,0.00045301
3158,0.00045301
3159,0.00045301
3160,0.00045301
3161,0.00045301
3162,0.00045301
3163,0.00045301
3164,0.00045301
3165,0.00045301
3166,0.00045301
3167,0.00045301
3168,0.00045301
3169,0.00045301
3170,0.00045301
3171,0.00045301
3172,0.00045301
3173,0.00045301
3174,0.00045301
3175,0.00045301
3176,0.00045301
3177,0.00045301
3178,0.00045301
3179,0.00045301
3180,0.00045301
3181,0.00045301
3182,0.00045301
3183,0.00045301
3184,0.00045301
3185,0.00045301
3186,0.0004528
3187,0.0004528
3188,0.0004528
3189,0.0004528
3190,0.0004528
3191,0.0004528
3192,0.0004528
3193,0.0004528
3194,0.0004528
3195,0.0004528
3196,0.0004528
3197,0.0004528
3198,0.0004528
3199,0.0004528
3200,0.0004528
3201,0.0004528
3202,0.0004528
3203,0.0004528
3204,0.0004528
3205,0.0004528
3206,0.0004528
3207,0.0004528
3208,0.0004528
3209,0.00045344
3210,0.00045344
3211,0.00045344
3212,0.00045344
3213,0.00045344
3214,0.00045344
3215,0.00045344
3216,0.00045344
3217,0.00045344
3218,0.00045344
3219,0.00045344
3220,0.00045344
3221,0.00045344
3222,0.00045344
3223,0.00045344
3224,0.00045344
3225,0.00045344
3226,0.00045344
3227,0.00045344
3228,0.00045344
3229,0.00045344
3230,0.00045344
3231,0.00045344
3232,0.00045344
3233,0.00045344
3234,0.00045344
3235,0.00045344
3236,0.00045344
3237,0.00045344
3238,0.00045344
3239,0.00045344
3240,0.00045344
3241,0.00045344
3242,0.00045393
3243,0.00045393
3244,0.00045393
3245,0.00045393
3246,0.00045393
3247,0.00045393
3248,0.00045393
3249,0.00045393
3250,0.00045393
3251,0.00045393
3252,0.00045393
3253,0.00045393
3254,0.0004536
3255,0.0004536
3256,0.0004536
3257,0.0004536
3258,0.0004536
3259,0.0004536
3260,0.0004536
3261,0.0004536
3262,0.0004536
3263,0.0004536
3264,0.0004536
3265,0.0004536
3266,0.0004536
3267,0.0004536
3268,0.0004536
3269,0.0004536
3270,0.0004536
3271,0.0004536
3272,0.0004536
3273,0.0004536
3274,0.0004536
3275,0.0004536
3276,0.0004536
3277,0.0004536
3278,0.0004536
3279,0.0004536
3280,0.0004536
3281,0.0004536
3282,0.0004536
3283,0.0004536
3284,0.0004536
3285,0.0004536
3286,0.0004536
3287,0.0004536
3288,0.0004536
3289,0.0004536
3290,0.0004536
3291,0.0004536
3292,0.0004536
3293,0.0004536
3294,0.0004536
3295,0.0004536
3296,0.0004536
3297,0.0004536
3298,0.0004536
3299,0.0004536
3300,0.0004536
3301,0.0004536
3302,0.0004536
3303,0.0004536
3304,0.0004536
3305,0.0004536
3306,0.0004536
3307,0.0004536
3308,0.0004536
3309,0.0004536
3310,0.0004536
3311,0.0004536
3312,0.0004536
3313,0.0004536
3314,0.0004536
3315,0.0004536
3316,0.0004536
3317,0.0004536
3318,0.0004536
3319,0.0004536
3320,0.0004536
3321,0.0004536
3322,0.0004536
3323,0.0004536
3324,0.0004536
3325,0.0004536
3326,0.0004536
3327,0.0004536
3328,0.0004536
3329,0.0004536
3330,0.0004536
3331,0.0004536
3332,0.0004536
3333,0.0004536
3334,0.0004536
3335,0.0004536
3336,0.0004536
3337,0.0004536
3338,0.0004536
3339,0.0004536
3340,0.0004536
3341,0.0004536
3342,0.0004528
3343,0.0004536
3344,0.0004536
3345,0.0004536
3346,0.0004536
3347,0.0004536
3348,0.0004536
3349,0.0004536
3350,0.0004536
3351,0.0004536
3352,0.0004536
3353,0.0004536
3354,0.0004536
3355,0.0004536
3356,0.0004536
3357,0.0004536
3358,0.0004536
3359,0.0004536
3360,0.0004536
3361,0.0004536
3362,0.0004536
3363,0.00045393
3364,0.00045393
3365,0.00045393
3366,0.00045393
3367,0.00045393
3368,0.00045393
3369,0.00045393
3370,0.00045393
3371,0.00045393
3372,0.00045393
3373,0.00045393
3374,0.0004557
3375,0.0004557
3376,0.00045599
3377,0.00045599
3378,0.00045021
3379,0.00045636
3380,0.00045604
3381,0.00045604
3382,0.00045604
3383,0.00045604
3384,0.00045604
3385,0.00045604
3386,0.00045604
3387,0.00045604
3388,0.0004503
3389,0.0004503
3390,0.0004503
3391,0.0004503
3392,0.0004503
3393,0.0004503
3394,0.0004503
3395,0.0004503
3396,0.0004503
3397,0.0004503
3398,0.0004503
3399,0.0004503
3400,0.0004503
3401,0.0004503
3402,0.0004503
3403,0.0004503
3404,0.0004503
3405,0.0004503
3406,0.0004503
3407,0.0004503
3408,0.0004503
3409,0.0004503
3410,0.0004503
3411,0.0004503
3412,0.0004503
3413,0.0004503
3414,0.0004503
3415,0.0004503
3416,0.0004503
3417,0.00045115
3418,0.00045115
3419,0.00045115
3420,0.00045115
3421,0.00045115
3422,0.00045115
3423,0.00045115
3424,0.00045115
3425,0.00045115
3426,0.0004497
3427,0.0004497
3428,0.0004497
3429,0.0004497
3430,0.0004497
3431,0.0004497
3432,0.0004497
3433,0.0004497
3434,0.0004497
3435,0.0004497
3436,0.0004497
3437,0.0004497
3438,0.0004497
3439,0.0004497
3440,0.0004497
3441,0.0004497
3442,0.0004497
3443,0.0004497
3444,0.0004497
3445,0.0004497
3446,0.0004497
3447,0.0004497
3448,0.0004497
3449,0.0004497
3450,0.0004497
3451,0.0004497
3452,0.0004497
3453,0.0004497
3454,0.0004497
3455,0.0004497
3456,0.0004497
3457,0.0004497
3458,0.0004497
3459,0.0004497
3460,0.0004497
3461,0.0004497
3462,0.00045579
3463,0.00045579
3464,0.00045579
3465,0.00045579
3466,0.00045591
3467,0.00045591
3468,0.00045591
3469,0.00045591
3470,0.00045591
3471,0.00045591
3472,0.00045591
3473,0.00045591
3474,0.00045591
3475,0.00045591
3476,0.00045591
3477,0.00045591
3478,0.00045591
3479,0.00045591
3480,0.00045591
3481,0.00045591
3482,0.00045591
3483,0.00045591
3484,0.00045591
3485,0.00045591
3486,0.00045591
3487,0.00045591
3488,0.00045591
3489,0.00045591
3490,0.00045591
3491,0.00045591
3492,0.00045591
3493,0.00045591
3494,0.00045591
3495,0.00045591
3496,0.00045591
3497,0.00045591
3498,0.00045591
3499,0.00045591
3500,0.00045591
3501,0.00045591
3502,0.00045591
3503,0.00045591
3504,0.00045591
3505,0.00045591
3506,0.00045591
3507,0.00045591
3508,0.00045591
3509,0.00045591
3510,0.00045591
3511,0.00045591
3512,0.00045591
3513,0.00045591
3514,0.00045591
3515,0.00045591
3516,0.00045591
3517,0.00045591
3518,0.00045591
3519,0.00045591
3520,0.00045591
3521,0.00045591
3522,0.00045591
3523,0.00045591
3524,0.00045591
3525,0.00045591
3526,0.00045591
3527,0.000457
3528,0.000457
3529,0.000457
3530,0.000457
3531,0.000457
3532,0.000457
3533,0.000457
3534,0.000457
3535,0.000457
3536,0.000457
3537,0.000457
3538,0.000457
3539,0.000457
3540,0.000457
3541,0.000457
3542,0.000457
3543,0.000457
3544,0.000457
3545,0.000457
3546,0.000457
3547,0.000457
3548,0.000457
3549,0.000457
3550,0.000457
3551,0.000457
3552,0.000457
3553,0.00046371
3554,0.00046371
3555,0.00046371
3556,0.00046371
3557,0.00046371
3558,0.00046371
3559,0.00046371
3560,0.00045721
3561,0.00045591
3562,0.00045493
3563,0.00045493
3564,0.00045493
3565,0.00045493
3566,0.00045493
3567,0.00045493
3568,0.00045493
3569,0.00045493
3570,0.00047536
3571,0.00046356
3572,0.00046356
3573,0.00046356
3574,0.00046356
3575,0.00046356
3576,0.00046356
3577,0.00046356
3578,0.00046356
3579,0.00046365
3580,0.00046365
3581,0.00046367
3582,0.00046369
3583,0.00046369
3584,0.00046369
3585,0.000468
3586,0.000468
3587,0.000468
3588,0.000468
3589,0.000468
3590,0.000468
3591,0.0004573
3592,0.0004573
3593,0.0004573
3594,0.0004573
3595,0.0004573
3596,0.0004573
3597,0.0004573
3598,0.0004573
3599,0.0004573
3600,0.0004573
3601,0.0004573
3602,0.0004573
3603,0.0004573
3604,0.0004573
3605,0.0004573
3606,0.0004573
3607,0.0004573
3608,0.0004573
3609,0.0004573
3610,0.00045736
3611,0.00045736
3612,0.00045736
3613,0.00045736
3614,0.00045736
3615,0.00045736
3616,0.00045736
3617,0.00045736
3618,0.00045736
3619,0.00045736
3620,0.00045736
3621,0.00045736
3622,0.00045736
3623,0.00045736
3624,0.00045736
3625,0.00045736
3626,0.00045736
3627,0.00045736
3628,0.00045736
3629,0.00045736
3630,0.00045736
3631,0.00045736
3632,0.00046115
3633,0.00046115
3634,0.00045733
3635,0.00045733
3636,0.00045733
3637,0.00045733
3638,0.00045733
3639,0.00045733
3640,0.00046002
3641,0.00046002
3642,0.00046002
3643,0.00046002
3644,0.00046002
3645,0.00046002
3646,0.00046002
3647,0.00046002
3648,0.00046002
3649,0.00046002
3650,0.00046002
3651,0.00046002
3652,0.00046002
3653,0.00046002
3654,0.00046002
3655,0.00046002
3656,0.00046
3657,0.00046
3658,0.00046
3659,0.00046
3660,0.00046002
3661,0.00046002
3662,0.00046002
3663,0.00046002
3664,0.00046002
3665,0.00046002
3666,0.00046002
3667,0.00046002
3668,0.00046002
3669,0.00046002
3670,0.00046002
3671,0.00046002
3672,0.00046002
3673,0.00046002
3674,0.00046002
3675,0.00046788
3676,0.00046122
3677,0.00046122
3678,0.00046122
3679,0.00046122
3680,0.00046122
3681,0.00046122
3682,0.00046122
3683,0.00046122
3684,0.00046122
3685,0.00046122
3686,0.00046122
3687,0.00046122
3688,0.00046122
3689,0.00046122
3690,0.00046122
3691,0.00046122
3692,0.00046122
3693,0.00046122
3694,0.00046122
3695,0.00046122
3696,0.00046122
3697,0.00046206
3698,0.00046206
3699,0.00046206
3700,0.00046206
3701,0.00046206
3702,0.00046206
3703,0.00046217
3704,0.00046224
3705,0.00046224
3706,0.00046224
3707,0.00046224
3708,0.00046224
3709,0.00046224
3710,0.00046
3711,0.00046
3712,0.00046
3713,0.00046
3714,0.00046
3715,0.00046
3716,0.00046738
3717,0.00046268
3718,0.00046268
3719,0.00046268
3720,0.00046224
3721,0.00046224
3722,0.00046224
3723,0.00046224
3724,0.00046224
3725,0.00046353
3726,0.00046353
3727,0.00046353
3728,0.00046357
3729,0.00046358
3730,0.00046358
3731,0.00046358
3732,0.00046358
3733,0.00046358
3734,0.00046359
3735,0.00046359
3736,0.00046359
3737,0.00046359
3738,0.00046359
3739,0.00046359
3740,0.00046359
3741,0.00046359
3742,0.00046359
3743,0.00046359
3744,0.00046359
3745,0.00046359
3746,0.00046359
3747,0.00046359
3748,0.00046359
3749,0.00046359
3750,0.00046359
3751,0.00046359
3752,0.00046359
3753,0.00046359
3754,0.00046359
3755,0.00046359
3756,0.00046359
3757,0.00046359
3758,0.00046359
3759,0.00046359
3760,0.00046374
3761,0.00046374
3762,0.00046374
3763,0.00046374
3764,0.00046374
3765,0.00046374
3766,0.00046374
3767,0.00046374
3768,0.00046374
3769,0.00046374
3770,0.00046376
3771,0.00046376
3772,0.00046376
3773,0.00046376
3774,0.00046376
3775,0.00046376
3776,0.00046376
3777,0.00046376
3778,0.00046376
3779,0.00046376
3780,0.00046376
3781,0.00046376
3782,0.00046376
3783,0.00046376
3784,0.00046376
3785,0.00046193
3786,0.00046193
3787,0.00046193
3788,0.00046193
3789,0.00046193
3790,0.00046193
3791,0.00046193
3792,0.00046193
3793,0.00046193
3794,0.00046193
3795,0.00046193
3796,0.00046193
3797,0.00046193
3798,0.00046193
3799,0.00046193
3800,0.00046193
3801,0.00046193
3802,0.00046193
3803,0.00046193
3804,0.00046193
3805,0.00046193
3806,0.00046193
3807,0.00046193
3808,0.00046193
3809,0.00046193
3810,0.00046193
3811,0.00046193
3812,0.00046193
3813,0.00046193
3814,0.00046193
3815,0.00046193
3816,0.00046193
3817,0.00046193
3818,0.00046193
3819,0.00046193
3820,0.00046193
3821,0.00046193
3822,0.00046193
3823,0.00046193
3824,0.00046193
3825,0.00046193
3826,0.00046193
3827,0.00046193
3828,0.00046193
3829,0.00046193
3830,0.00046388
3831,0.00046388
3832,0.00046388
3833,0.00046388
3834,0.00046388
3835,0.00046388
3836,0.00046388
3837,0.00046388
3838,0.00046388
3839,0.00046388
3840,0.00046388
3841,0.00046388
3842,0.000468
3843,0.000468
3844,0.000468
3845,0.000468
3846,0.000468
3847,0.000468
3848,0.000469
3849,0.000469
3850,0.000469
3851,0.000469
3852,0.000469
3853,0.000469
3854,0.000469
3855,0.000469
3856,0.000469
3857,0.000469
3858,0.000469
3859,0.000469
3860,0.000469
3861,0.000469
3862,0.000469
3863,0.0004688
3864,0.0004688
3865,0.0004688
3866,0.0004688
3867,0.0004688
3868,0.000469
3869,0.000469
3870,0.00047747
3871,0.00047747
3872,0.00047747
3873,0.00047747
3874,0.00047747
3875,0.00047747
3876,0.00047747
3877,0.00047747
3878,0.00047747
3879,0.00047747
3880,0.00047747
3881,0.00047747
3882,0.00047048
3883,0.00047048
3884,0.00047051
3885,0.00047051
3886,0.00047051
3887,0.00047051
3888,0.00047051
3889,0.00047051
3890,0.00047051
3891,0.00047051
3892,0.00047051
3893,0.00047051
3894,0.00047051
3895,0.00047051
3896,0.00047051
3897,0.00047051
3898,0.00047051
3899,0.00047051
3900,0.00047051
3901,0.00047051
3902,0.00047685
3903,0.00047684
3904,0.0004768
3905,0.0004768
3906,0.0004768
3907,0.0004768
3908,0.0004768
3909,0.0004768
3910,0.0004768
3911,0.0004768
3912,0.0004768
3913,0.000472
3914,0.000472
3915,0.00047083
3916,0.00047083
3917,0.00047083
3918,0.00047083
3919,0.00047657
3920,0.00047657
3921,0.00047657
3922,0.00047657
3923,0.00047657
3924,0.00047657
3925,0.00047657
3926,0.00047657
3927,0.00047657
3928,0.00047657
3929,0.00047657
3930,0.00047657
3931,0.00047657
3932,0.00047657
3933,0.00047657
3934,0.00047657
3935,0.00047657
3936,0.00047657
3937,0.00047657
3938,0.00047657
3939,0.00047657
3940,0.00047657
3941,0.00047657
3942,0.00047657
3943,0.00047342
3944,0.00047342
3945,0.00047342
3946,0.00047342
3947,0.00047342
3948,0.00047342
3949,0.00047342
3950,0.00047342
3951,0.00047342
3952,0.00047342
3953,0.00047342
3954,0.00047342
3955,0.00047622
3956,0.00047622
3957,0.00047622
3958,0.00047622
3959,0.00047622
3960,0.00047622
3961,0.00047341
3962,0.00046802
3963,0.00046802
3964,0.00046802
3965,0.00046802
3966,0.00046802
3967,0.00046812
3968,0.00046815
3969,0.00046815
3970,0.00046815
3971,0.00046815
3972,0.00046815
3973,0.00046815
3974,0.00046815
3975,0.00046815
3976,0.00046815
3977,0.00046815
3978,0.00046815
3979,0.00046815
3980,0.00046815
3981,0.00046815
3982,0.00046815
3983,0.00046815
3984,0.00047335
3985,0.00047335
3986,0.00047335
3987,0.00047335
3988,0.00047335
3989,0.00047335
3990,0.00047335
3991,0.00047334
3992,0.00047334
3993,0.00047334
3994,0.00047334
3995,0.00047334
3996,0.00047334
3997,0.00047334
3998,0.00046882
3999,0.00046882
4000,0.00046882
4001,0.00046882
4002,0.00047334
4003,0.00047622
4004,0.00047622
4005,0.00047622
4006,0.00047622
4007,0.00047622
4008,0.00047622
4009,0.00047622
4010,0.00047622
4011,0.00047622
4012,0.00047622
4013,0.00047622
4014,0.00047622
4015,0.00047622
4016,0.00047622
4017,0.00047622
4018,0.00047622
4019,0.00047622
4020,0.00047622
4021,0.00047622
4022,0.00047622
4023,0.00047622
4024,0.00047622
4025,0.00047622
4026,0.00047622
4027,0.00047252
4028,0.00047252
4029,0.00047252
4030,0.00047622
4031,0.00047622
4032,0.00047622
4033,0.00047622
4034,0.00047622
4035,0.00047622
4036,0.00047622
4037,0.00046973
4038,0.00046978
4039,0.00047622
4040,0.00046982
4041,0.00046982
4042,0.00046988
4043,0.00047623
4044,0.00047623
4045,0.00047679
4046,0.00047679
4047,0.00047679
4048,0.00047679
4049,0.00047679
4050,0.00047679
4051,0.00047679
4052,0.0004768
4053,0.0004731
4054,0.0004768
4055,0.0004768
4056,0.0004768
4057,0.0004768
4058,0.00047679
4059,0.00047679
4060,0.00047679
4061,0.00047679
4062,0.00047679
4063,0.00047679
4064,0.00047679
4065,0.0004768
4066,0.0004768
4067,0.0004768
4068,0.0004768
4069,0.00047679
4070,0.00047679
4071,0.00047679
4072,0.00047679
4073,0.00047679
4074,0.00047679
4075,0.00047679
4076,0.00047679
4077,0.00047679
4078,0.00047679
4079,0.00047679
4080,0.00047679
4081,0.00047301
4082,0.00047301
4083,0.00047301
4084,0.00047301
4085,0.00047301
4086,0.00047301
4087,0.00047301
4088,0.00047301
4089,0.00047301
4090,0.00047301
4091,0.00047301
4092,0.00047301
4093,0.00047301
4094,0.00047301
4095,0.00047301
4096,0.00047301
4097,0.00047301
4098,0.00047301
4099,0.00047301
4100,0.00047301
4101,0.00047301
4102,0.00047301
4103,0.00047301
4104,0.00047301
4105,0.00047301
4106,0.00047301
4107,0.00047301
4108,0.0004735
4109,0.0004735
4110,0.0004735
4111,0.0004735
4112,0.0004735
4113,0.0004735
4114,0.0004735
4115,0.0004735
4116,0.0004735
4117,0.0004735
4118,0.0004735
4119,0.0004735
4120,0.00047679
4121,0.00047679
4122,0.00047679
4123,0.00047679
4124,0.00047679
4125,0.00047679
4126,0.00047679
4127,0.00047679
4128,0.00047679
4129,0.00047679
4130,0.00047679
4131,0.00047679
4132,0.00047679
4133,0.00047679
4134,0.00047679
4135,0.00047679
4136,0.00047679
4137,0.00047679
4138,0.00047679
4139,0.00047679
4140,0.00047679
4141,0.00047679
4142,0.00047679
4143,0.00047679
4144,0.00047679
4145,0.00047679
4146,0.00047679
4147,0.00047679
4148,0.00047679
4149,0.00047679
4150,0.00047302
4151,0.00047302
4152,0.00047302
4153,0.00047302
4154,0.00047302
4155,0.00047679
4156,0.00047679
4157,0.00047679
4158,0.00047679
4159,0.00047679
4160,0.00047679
4161,0.00047679
4162,0.00047679
4163,0.00047679
4164,0.00047679
4165,0.00047679
4166,0.00047679
4167,0.00047679
4168,0.00047679
4169,0.0004768
4170,0.0004768
4171,0.0004768
4172,0.0004768
4173,0.0004768
4174,0.0004768
4175,0.00047306
4176,0.00047306
4177,0.00047306
4178,0.0004768
4179,0.0004768
4180,0.00047679
4181,0.0004768
4182,0.0004768
4183,0.0004768
4184,0.0004768
4185,0.0004768
4186,0.0004768
4187,0.00047679
4188,0.0004768
4189,0.0004768
4190,0.0004768
4191,0.0004768
4192,0.0004768
4193,0.0004768
4194,0.0004768
4195,0.0004768
4196,0.00047679
4197,0.00047679
4198,0.00047679
4199,0.00047679
4200,0.0004768
4201,0.0004768
4202,0.0004768
4203,0.0004768
4204,0.0004768
4205,0.0004768
4206,0.0004768
4207,0.0004768
4208,0.0004768
4209,0.0004768
4210,0.0004768
4211,0.0004768
4212,0.0004768
4213,0.00047679
4214,0.00047679
4215,0.00047679
4216,0.0004768
4217,0.0004768
4218,0.0004768
4219,0.0004768
4220,0.0004768
4221,0.0004768
4222,0.0004768
4223,0.0004768
4224,0.0004768
4225,0.0004768
4226,0.0004768
4227,0.00047748
4228,0.00047748
4229,0.00047748
4230,0.00047748
4231,0.00047748
4232,0.00047748
4233,0.00047748
4234,0.00047748
4235,0.00047748
4236,0.00047748
4237,0.00047748
4238,0.00047748
4239,0.00047748
4240,0.00047748
4241,0.00047748
4242,0.00047748
4243,0.00047748
4244,0.00047748
4245,0.00047748
4246,0.00047748
4247,0.00047748
4248,0.00047748
4249,0.00047751
4250,0.00047751
4251,0.00047751
4252,0.00047751
4253,0.00047751
4254,0.00047751
4255,0.00047751
4256,0.00047751
4257,0.00047751
4258,0.00047751
4259,0.00047751
4260,0.00047751
4261,0.00047751
4262,0.00047679
4263,0.00047679
4264,0.00047679
4265,0.00047679
4266,0.00047679
4267,0.00047679
4268,0.00047679
4269,0.00047679
4270,0.00047679
4271,0.00047679
4272,0.00047679
4273,0.00047679
4274,0.00047679
4275,0.00047679
4276,0.00047679
4277,0.00047679
4278,0.00047679
4279,0.00047679
4280,0.00047751
4281,0.00047751
4282,0.00047751
4283,0.00047751
