0,0.00314891
1,0.00314891
2,0.00314891
3,0.00314891
4,0.00314892
5,0.003155
6,0.003155
7,0.00314927
8,0.00315611
9,0.00315611
10,0.00315598
11,0.003155
12,0.003155
13,0.00314951
14,0.00315572
15,0.003155
16,0.003155
17,0.003155
18,0.003155
19,0.00315592
20,0.00315638
21,0.00315639
22,0.00315639
23,0.00315595
24,0.00315592
25,0.00315592
26,0.00315592
27,0.00315638
28,0.00315638
29,0.00315639
30,0.00315592
31,0.00315592
32,0.00315638
33,0.00315638
34,0.00315638
35,0.00315638
36,0.00315592
37,0.00315637
38,0.00315639
39,0.0031564
40,0.0031564
41,0.0031564
42,0.0031564
43,0.00316003
44,0.00316296
45,0.00316003
46,0.00316006
47,0.00316296
48,0.00316499
49,0.00316321
50,0.00316321
51,0.00316767
52,0.00316322
53,0.00317503
54,0.003175
55,0.003175
56,0.00316548
57,0.00316552
58,0.00317875
59,0.00317889
60,0.00317859
61,0.00317223
62,0.00317858
63,0.00319959
64,0.00318661
65,0.00318684
66,0.00319842
67,0.0031894
68,0.00319249
69,0.00318681
70,0.00318681
71,0.00318681
72,0.00318
73,0.00318668
74,0.00318003
75,0.00318664
76,0.00318648
77,0.00318026
78,0.00318
79,0.00318033
80,0.00317858
81,0.00317383
82,0.00317986
83,0.00317378
84,0.00316772
85,0.0031705
86,0.0031799
87,0.0031705
88,0.00317051
89,0.00315837
90,0.00315837
91,0.00315837
92,0.00315841
93,0.00317585
94,0.00317577
95,0.00317556
96,0.00315481
97,0.003146
98,0.003146
99,0.0031514
100,0.00314601
101,0.0031514
102,0.00314601
103,0.003145
104,0.00314055
105,0.00314055
106,0.00314058
107,0.00315131
108,0.003145
109,0.00314057
110,0.00314057
111,0.0031508
112,0.0031508
113,0.00315068
114,0.00315074
115,0.0031514
116,0.00316
117,0.00316
118,0.00316741
119,0.0031674
120,0.00316762
121,0.00316762
122,0.00316768
123,0.0031599
124,0.0031599
125,0.0031599
126,0.00316842
127,0.0031683
128,0.0031683
129,0.00315999
130,0.00315999
131,0.00315996
132,0.00315999
133,0.00315999
134,0.00315999
135,0.00315999
136,0.00316003
137,0.00317984
138,0.00317984
139,0.00317954
140,0.00317954
141,0.00317938
142,0.00317927
143,0.00317916
144,0.00317951
145,0.00316856
146,0.00317954
147,0.00317951
148,0.00316873
149,0.00317936
150,0.00317936
151,0.003179
152,0.00317888
153,0.00316867
154,0.00317874
155,0.00317896
156,0.00317553
157,0.00317875
158,0.00317553
159,0.00316897
160,0.00316915
161,0.00317326
162,0.00317327
163,0.00317845
164,0.00317326
165,0.00317849
166,0.00317019
167,0.00317829
168,0.00317817
169,0.00317044
170,0.00317051
171,0.0031706
172,0.00317069
173,0.00317069
174,0.00317771
175,0.00317
176,0.00317
177,0.00317
178,0.00317519
179,0.00317
180,0.00317519
181,0.00317517
182,0.00317517
183,0.00317508
184,0.00317494
185,0.00316902
186,0.00317492
187,0.00317492
188,0.00317499
189,0.00317484
190,0.00316991
191,0.00316893
192,0.00316883
193,0.003175
194,0.003175
195,0.00318631
196,0.00318626
197,0.00317541
198,0.00317553
199,0.00317553
200,0.00317577
201,0.00317583
202,0.00316901
203,0.00316901
204,0.00318008
205,0.00318005
206,0.00318005
207,0.00316952
208,0.00316952
209,0.00316952
210,0.00317003
211,0.0031798
212,0.00317019
213,0.00317019
214,0.00317968
215,0.00317045
216,0.00317045
217,0.00317955
218,0.00317073
219,0.00317149
220,0.00317149
221,0.00317616
222,0.00317616
223,0.00317128
224,0.00317987
225,0.00317206
226,0.00317217
227,0.0031723
228,0.003173
229,0.0031796
230,0.00317248
231,0.00317227
232,0.00317233
233,0.00317236
234,0.00317233
235,0.00317221
236,0.00317221
237,0.00317226
238,0.00317221
239,0.00317221
240,0.0031643
241,0.00316429
242,0.00315014
243,0.00317159
244,0.00317159
245,0.00316418
246,0.00314348
247,0.00316378
248,0.00316364
249,0.00314371
250,0.00316345
251,0.00316345
252,0.00316325
253,0.00316298
254,0.00316298
255,0.00316298
256,0.00314372
257,0.00315
258,0.00314348
259,0.00315
260,0.00314348
261,0.00316119
262,0.00316112
263,0.00314358
264,0.00314358
265,0.00315971
266,0.0031596
267,0.00314359
268,0.00314359
269,0.00315929
270,0.00314367
271,0.00314367
272,0.00314371
273,0.00315091
274,0.00315079
275,0.00315079
276,0.00314396
277,0.00314405
278,0.00315112
279,0.00315116
280,0.0031523
281,0.00314361
282,0.00315231
283,0.00315231
284,0.00315231
285,0.0031436
286,0.00314998
287,0.00314998
288,0.00314359
289,0.00314437
290,0.00315227
291,0.00314433
292,0.0031523
293,0.00314442
294,0.00314442
295,0.00314442
296,0.00314442
297,0.00314442
298,0.0031523
299,0.0031523
300,0.00314546
301,0.00315972
302,0.00315023
303,0.00315014
304,0.00315014
305,0.00314556
306,0.00314467
307,0.00314995
308,0.00314995
309,0.00314968
310,0.00314968
311,0.00314968
312,0.00314968
313,0.00314461
314,0.003145
315,0.003145
316,0.00314558
317,0.00314558
318,0.0031456
319,0.003145
320,0.003145
321,0.00314974
322,0.00314974
323,0.00314951
324,0.003145
325,0.00314931
326,0.0031449
327,0.00313755
328,0.00314477
329,0.0031377
330,0.0031377
331,0.0031491
332,0.00314757
333,0.00314769
334,0.00314769
335,0.00314779
336,0.00314779
337,0.00314696
338,0.00314693
339,0.00314693
340,0.00314693
341,0.00314693
342,0.00315
343,0.00314787
344,0.00314787
345,0.0031503
346,0.00312704
347,0.00313596
348,0.00315575
349,0.00316086
350,0.00316084
351,0.00316084
352,0.00316083
353,0.00316083
354,0.00316083
355,0.00316083
356,0.00316082
357,0.0031608
358,0.00315577
359,0.00315576
360,0.00315577
361,0.00315577
362,0.00315577
363,0.00315577
364,0.00315577
365,0.00315577
366,0.00315577
367,0.00315577
368,0.00316079
369,0.00316079
370,0.00316079
371,0.00315251
372,0.0031608
373,0.0031608
374,0.00316074
375,0.00316069
376,0.00316069
377,0.00316056
378,0.00316
379,0.00315994
380,0.00315898
381,0.00315894
382,0.00315894
383,0.00315999
384,0.00315
385,0.00316
386,0.00316
387,0.00315025
388,0.003162
389,0.003162
390,0.00316198
391,0.003162
392,0.003162
393,0.003162
394,0.003162
395,0.003162
396,0.003162
397,0.00315614
398,0.00317221
399,0.00317221
400,0.00316768
401,0.00316784
402,0.00317495
403,0.00316814
404,0.00316818
405,0.00317336
406,0.00317336
407,0.00317487
408,0.00317487
409,0.0031683
410,0.00316835
411,0.00317761
412,0.00316852
413,0.00316856
414,0.00316856
415,0.00316856
416,0.00316859
417,0.00316859
418,0.00316859
419,0.00316859
420,0.00316859
421,0.00317
422,0.00317
423,0.00317
424,0.00316999
425,0.00317
426,0.00316814
427,0.00316997
428,0.00316997
429,0.00316986
430,0.00316978
431,0.00316978
432,0.00317
433,0.003162
434,0.003162
435,0.00316201
436,0.00316201
437,0.00316889
438,0.00316879
439,0.00316991
440,0.00317
441,0.00316522
442,0.00316538
443,0.003178
444,0.003178
445,0.003178
446,0.00317801
447,0.00317801
448,0.00317795
449,0.00317795
450,0.00317796
451,0.00317796
452,0.00316894
453,0.00316999
454,0.00317003
455,0.003178
456,0.00317793
457,0.00317793
458,0.00317793
459,0.00317784
460,0.003178
461,0.003178
462,0.003178
463,0.003178
464,0.00317808
465,0.00318
466,0.00318454
467,0.00318454
468,0.00318446
469,0.00318445
470,0.00318445
471,0.00318011
472,0.00318648
473,0.00318648
474,0.00318464
475,0.00317801
476,0.00318445
477,0.00317801
478,0.00317801
479,0.00317801
480,0.00318417
481,0.00318444
482,0.00318444
483,0.00318444
484,0.00318443
485,0.00318443
486,0.00318443
487,0.00318648
488,0.00318724
489,0.00318909
490,0.00318724
491,0.00319161
492,0.00318
493,0.00318
494,0.00318
495,0.00318
496,0.00318635
497,0.00318635
498,0.00318635
499,0.00318635
500,0.00319004
501,0.00319399
502,0.00319004
503,0.0031905
504,0.00319005
505,0.00319004
506,0.00319004
507,0.00319005
508,0.00319004
509,0.00319004
510,0.00319005
511,0.00319004
512,0.00319004
513,0.00319004
514,0.00319005
515,0.00319005
516,0.00319005
517,0.00319004
518,0.00319006
519,0.00319378
520,0.0031902
521,0.003194
522,0.003194
523,0.003193
524,0.00319046
525,0.00319055
526,0.00319005
527,0.00319569
528,0.00319005
529,0.00319005
530,0.00319577
531,0.00319004
532,0.00319561
533,0.00319561
534,0.00319004
535,0.00318651
536,0.003193
537,0.003193
538,0.003193
539,0.003193
540,0.00318686
541,0.00318689
542,0.00318692
543,0.00318695
544,0.00318695
545,0.00318698
546,0.00318683
547,0.00318683
548,0.0031869
549,0.0031869
550,0.0031869
551,0.0031868
552,0.0031868
553,0.00318635
554,0.00318317
555,0.00318317
556,0.00318635
557,0.00318635
558,0.00318331
559,0.00318635
560,0.00318635
561,0.00318635
562,0.00318635
563,0.00318639
564,0.00318696
565,0.00318696
566,0.00318636
567,0.00318635
568,0.00318635
569,0.00318635
570,0.00318636
571,0.00318636
572,0.00318635
573,0.00318635
574,0.00318
575,0.00317808
576,0.00317808
577,0.00317808
578,0.00317663
579,0.00317453
580,0.00317453
581,0.00317799
582,0.00317655
583,0.00317655
584,0.00317423
585,0.00317423
586,0.00317414
587,0.00317429
588,0.00317429
589,0.00317429
590,0.00317429
591,0.00318685
592,0.00318674
593,0.00318669
594,0.00318009
595,0.00318658
596,0.00318653
597,0.00318033
598,0.00318649
599,0.00318652
600,0.00319699
601,0.00319852
602,0.00319852
603,0.00319563
604,0.00318742
605,0.00318649
606,0.00318649
607,0.00319813
608,0.00318667
609,0.00318667
610,0.00319004
611,0.00319004
612,0.00319004
613,0.00318649
614,0.00318649
615,0.00318649
616,0.00318909
617,0.003189
618,0.0031802
619,0.0031802
620,0.0031802
621,0.0031802
622,0.00318588
623,0.00318571
624,0.00318553
625,0.00318553
626,0.00318534
627,0.00318519
628,0.00318518
629,0.00318518
630,0.0031802
631,0.00318
632,0.00318
633,0.00318
634,0.00317984
635,0.00318436
636,0.00318415
637,0.00318395
638,0.00317409
639,0.00317409
640,0.00317409
641,0.00317409
642,0.00317409
643,0.00317409
644,0.00318
645,0.00318
646,0.00317999
647,0.00317423
648,0.00317429
649,0.00317436
650,0.00317448
651,0.0031746
652,0.00317466
653,0.00317466
654,0.00317485
655,0.00318001
656,0.0031823
657,0.00318289
658,0.00318649
659,0.00318652
660,0.00318657
661,0.00319501
662,0.003195
663,0.003195
664,0.00318682
665,0.00318688
666,0.00318694
667,0.00318706
668,0.00318706
669,0.00318712
670,0.00318724
671,0.00318727
672,0.00319018
673,0.00319029
674,0.00319035
675,0.00319047
676,0.003195
677,0.003195
678,0.003195
679,0.003195
680,0.00319089
681,0.00319103
682,0.00319491
683,0.00319481
684,0.00318248
685,0.00318248
686,0.00319498
687,0.00318279
688,0.00318289
689,0.00319487
690,0.00319483
691,0.00319479
692,0.00319474
693,0.00318349
694,0.00319474
695,0.00318368
696,0.00319497
697,0.00319497
698,0.00319497
699,0.00319497
700,0.00319497
701,0.00319497
702,0.00319499
703,0.00319499
704,0.00319809
705,0.00319501
706,0.00319809
707,0.0032
708,0.0032
709,0.0032
710,0.00319683
711,0.00320492
712,0.00320669
713,0.00320407
714,0.00319731
715,0.00319731
716,0.00320631
717,0.00319756
718,0.00320607
719,0.00320603
720,0.00319994
721,0.00319994
722,0.00319774
723,0.00319788
724,0.00319796
725,0.00319796
726,0.00319822
727,0.00320001
728,0.00320004
729,0.0032
730,0.00320001
731,0.0032075
732,0.0032075
733,0.00320429
734,0.00320753
735,0.00320108
736,0.00320108
737,0.0032075
738,0.00320755
739,0.00320764
740,0.0032075
741,0.0032001
742,0.0032075
743,0.0032
744,0.00320972
745,0.0032
746,0.0032
747,0.00320001
748,0.00320927
749,0.00320983
750,0.00322
751,0.00321989
752,0.0032199
753,0.0032199
754,0.00320515
755,0.00321726
756,0.00320535
757,0.0032061
758,0.0032061
759,0.00322458
760,0.00322991
761,0.00322996
762,0.00323
763,0.00323
764,0.00322354
765,0.00322991
766,0.00322985
767,0.00322362
768,0.00323456
769,0.003238
770,0.00324206
771,0.00325154
772,0.00325311
773,0.00326616
774,0.00327324
775,0.00328003
776,0.00328649
777,0.00329
778,0.00329124
779,0.00328918
780,0.003297
781,0.00329999
782,0.0033
783,0.00330499
784,0.00330671
785,0.00332291
786,0.00330668
787,0.00330707
788,0.00332291
789,0.0033256
790,0.00332563
791,0.00334583
792,0.00334561
793,0.00333463
794,0.00336909
795,0.00334555
796,0.00334556
797,0.00334568
798,0.0033688
799,0.0033688
800,0.003368
801,0.00336867
802,0.00336799
803,0.0033687
804,0.00337812
805,0.00338546
806,0.00338553
807,0.00337831
808,0.00339992
809,0.00339969
810,0.00339292
811,0.00339298
812,0.00340004
813,0.00340221
814,0.00340614
815,0.00340608
816,0.003403
817,0.00339992
818,0.00340168
819,0.00339992
820,0.00339992
821,0.00339
822,0.00338798
823,0.00338
824,0.00337
825,0.00336816
826,0.00336807
827,0.00336797
828,0.0033684
829,0.00337396
830,0.00337389
831,0.00337
832,0.00339519
833,0.00340209
834,0.00340208
835,0.00341034
836,0.00342172
837,0.00343099
838,0.00343098
839,0.00343001
840,0.00343098
841,0.00343099
842,0.00343099
843,0.00343107
844,0.00344899
845,0.003445
846,0.003445
847,0.00345205
848,0.00345648
849,0.00345596
850,0.00345593
851,0.00345593
852,0.00345604
853,0.00345592
854,0.00344501
855,0.00345
856,0.00344499
857,0.00344496
858,0.00343105
859,0.00339999
860,0.00338885
861,0.00339334
862,0.00339331
863,0.00339003
864,0.00341965
865,0.00341948
866,0.003405
867,0.00341926
868,0.00342549
869,0.00342012
870,0.00343628
871,0.0034363
872,0.00343642
873,0.00343841
874,0.00343841
875,0.00343045
876,0.00343649
877,0.00343884
878,0.00343884
879,0.00343884
880,0.00343
881,0.00342596
882,0.00342593
883,0.00340304
884,0.00342567
885,0.0034051
886,0.00342533
887,0.00340313
888,0.00338901
889,0.00338901
890,0.00338191
891,0.00337088
892,0.00339953
893,0.00337106
894,0.00338901
895,0.00339921
896,0.00339921
897,0.00338899
898,0.00337836
899,0.0033715
900,0.0033715
901,0.00337185
902,0.00338
903,0.00337195
904,0.00337195
905,0.00338692
906,0.00337183
907,0.00337202
908,0.00338
909,0.00338631
910,0.00338
911,0.00338
912,0.0033801
913,0.00338016
914,0.0033802
915,0.00337669
916,0.003388
917,0.00338027
918,0.00338021
919,0.00338021
920,0.0033718
921,0.00337075
922,0.00337075
923,0.00337072
924,0.00336853
925,0.00336853
926,0.00336853
927,0.00336853
928,0.00336995
929,0.00337
930,0.00336001
931,0.00336174
932,0.00336826
933,0.00336001
934,0.00336
935,0.00336001
936,0.00335997
937,0.003349
938,0.00333343
939,0.003335
940,0.003335
941,0.00334679
942,0.003335
943,0.0033308
944,0.00333
945,0.00333487
946,0.00333474
947,0.00333466
948,0.00333006
949,0.00333007
950,0.003335
951,0.00333007
952,0.0033389
953,0.00333504
954,0.00333464
955,0.00333464
956,0.00333464
957,0.00333464
958,0.00334384
959,0.00334362
960,0.00334351
961,0.00334338
962,0.00333897
963,0.00333003
964,0.00332599
965,0.003315
966,0.00333848
967,0.00333106
968,0.0033341
969,0.00330927
970,0.00330927
971,0.00330509
972,0.0033092
973,0.00330509
974,0.0033075
975,0.00330927
976,0.00330927
977,0.00332235
978,0.00330529
979,0.0033
980,0.0033
981,0.0033
982,0.0033
983,0.00331334
984,0.00330019
985,0.00331314
986,0.00332636
987,0.00332999
988,0.00333
989,0.00333
990,0.00335585
991,0.00335574
992,0.00335574
993,0.00335406
994,0.00335567
995,0.00335567
996,0.00335573
997,0.00335576
998,0.00336246
999,0.00335576
1000,0.00335405
1001,0.00333596
1002,0.00333596
1003,0.00333596
1004,0.00333616
1005,0.00333616
1006,0.00335943
1007,0.00334777
1008,0.00335928
1009,0.00336994
1010,0.00334891
1011,0.00334901
1012,0.00335927
1013,0.00336
1014,0.00335949
1015,0.00335036
1016,0.0033601
1017,0.00336022
1018,0.00336977
1019,0.00336976
1020,0.00336997
1021,0.00336099
1022,0.00336099
1023,0.00336984
1024,0.0033699
1025,0.00336984
1026,0.00335997
1027,0.00335
1028,0.00335
1029,0.00334909
1030,0.00335004
1031,0.00335956
1032,0.00335022
1033,0.00335022
1034,0.00335927
1035,0.00335023
1036,0.00335802
1037,0.00335918
1038,0.00335918
1039,0.00335918
1040,0.00335913
1041,0.0033543
1042,0.00335001
1043,0.00335199
1044,0.00335004
1045,0.00331557
1046,0.00333413
1047,0.00331569
1048,0.00331562
1049,0.00331562
1050,0.00331526
1051,0.00331561
1052,0.00331526
1053,0.00330786
1054,0.00331516
1055,0.00331516
1056,0.00331507
1057,0.00330704
1058,0.00331489
1059,0.00330704
1060,0.00330709
1061,0.00330706
1062,0.00330706
1063,0.00331282
1064,0.00330701
1065,0.00330701
1066,0.00330706
1067,0.00330687
1068,0.003307
1069,0.00330687
1070,0.00330688
1071,0.003307
1072,0.003307
1073,0.003307
1074,0.003307
1075,0.00330687
1076,0.00330686
1077,0.00330686
1078,0.00330686
1079,0.00330686
1080,0.003313
1081,0.00330686
1082,0.00330687
1083,0.00330687
1084,0.00330697
1085,0.003306
1086,0.003306
1087,0.003305
1088,0.003306
1089,0.00331276
1090,0.00331276
1091,0.00330517
1092,0.003313
1093,0.003313
1094,0.003313
1095,0.003313
1096,0.003313
1097,0.003313
1098,0.00330705
1099,0.00331494
1100,0.00331506
1101,0.00333321
1102,0.00331521
1103,0.00332601
1104,0.00332601
1105,0.00332601
1106,0.00333332
1107,0.0033379
1108,0.00333786
1109,0.00333785
1110,0.00333806
1111,0.00333316
1112,0.00333317
1113,0.00333317
1114,0.00333317
1115,0.003333
1116,0.003333
1117,0.00333317
1118,0.003327
1119,0.00332698
1120,0.0033253
1121,0.0033253
1122,0.003326
1123,0.00332551
1124,0.003326
1125,0.00333076
1126,0.00332997
1127,0.00332991
1128,0.00332985
1129,0.00332973
1130,0.00332267
1131,0.00332267
1132,0.003326
1133,0.00332934
1134,0.00332103
1135,0.00332103
1136,0.00332912
1137,0.00332123
1138,0.00332136
1139,0.00333
1140,0.00333304
1141,0.00333304
1142,0.00333305
1143,0.00333
1144,0.00333305
1145,0.00333317
1146,0.00333317
1147,0.00333995
1148,0.00333997
1149,0.00333995
1150,0.00333995
1151,0.00333995
1152,0.00333995
1153,0.00333995
1154,0.00334
1155,0.00333999
1156,0.00333999
1157,0.00333999
1158,0.00334
1159,0.00334358
1160,0.00334596
1161,0.003354
1162,0.003354
1163,0.003358
1164,0.003358
1165,0.00337156
1166,0.00337789
1167,0.00337789
1168,0.00337368
1169,0.00336025
1170,0.00337
1171,0.0033823
1172,0.00338235
1173,0.00338245
1174,0.00338274
1175,0.00338926
1176,0.00339471
1177,0.00339483
1178,0.00339637
1179,0.00338955
1180,0.00339637
1181,0.00339637
1182,0.0034
1183,0.0034
1184,0.0034
1185,0.00340695
1186,0.00340695
1187,0.00342
1188,0.00340695
1189,0.00341997
1190,0.00341767
1191,0.00341111
1192,0.00341125
1193,0.00341697
1194,0.00341978
1195,0.00341769
1196,0.0034077
1197,0.00341561
1198,0.00342004
1199,0.00342
1200,0.00342
1201,0.003421
1202,0.00342111
1203,0.00342141
1204,0.00342126
1205,0.00342383
1206,0.00342
1207,0.00342003
1208,0.003431
1209,0.00342
1210,0.00343103
1211,0.003431
1212,0.003431
1213,0.003431
1214,0.003431
1215,0.00343091
1216,0.00340994
1217,0.00340525
1218,0.0034198
1219,0.00340525
1220,0.0034
1221,0.00339906
1222,0.00339637
1223,0.00339525
1224,0.00339437
1225,0.00339437
1226,0.00339424
1227,0.00338417
1228,0.00337633
1229,0.00338276
1230,0.0033826
1231,0.0033708
1232,0.0033625
1233,0.00336864
1234,0.0033685
1235,0.00336845
1236,0.00335809
1237,0.00335812
1238,0.00336367
1239,0.00336249
1240,0.00336006
1241,0.00336006
1242,0.003358
1243,0.00335812
1244,0.00335763
1245,0.0033576
1246,0.00334426
1247,0.00334426
1248,0.00334426
1249,0.00333385
1250,0.003321
1251,0.00333693
1252,0.00332158
1253,0.00333673
1254,0.00333665
1255,0.00333665
1256,0.0033216
1257,0.00333
1258,0.00333
1259,0.00333652
1260,0.003333
1261,0.0033329
1262,0.00331845
1263,0.00331851
1264,0.0033204
1265,0.00331847
1266,0.00331847
1267,0.00332797
1268,0.00332793
1269,0.00331309
1270,0.0033216
1271,0.00331507
1272,0.0033183
1273,0.00331331
1274,0.00332793
1275,0.00333278
1276,0.00332469
1277,0.00332521
1278,0.00333266
1279,0.0033246
1280,0.00333626
1281,0.0033364
1282,0.00332471
1283,0.00332472
1284,0.00334321
1285,0.00334321
1286,0.00334307
1287,0.00332472
1288,0.00333801
1289,0.00333801
1290,0.00333802
1291,0.0033381
1292,0.00333813
1293,0.00334498
1294,0.00333001
1295,0.00333798
1296,0.00333788
1297,0.0033246
1298,0.00333
1299,0.0033246
1300,0.0033184
1301,0.0033246
1302,0.00332449
1303,0.00331832
1304,0.00332459
1305,0.00331841
1306,0.00331841
1307,0.00332
1308,0.00331832
1309,0.0033185
1310,0.00331853
1311,0.00332458
1312,0.00332458
1313,0.00331853
1314,0.00332
1315,0.003321
1316,0.00331867
1317,0.0033185
1318,0.00332457
1319,0.00331875
1320,0.00331832
1321,0.00331832
1322,0.00332
1323,0.00332
1324,0.00331832
1325,0.00331832
1326,0.00331832
1327,0.00331832
1328,0.00331832
1329,0.00332394
1330,0.00332385
1331,0.00332379
1332,0.0033237
1333,0.0033237
1334,0.00332357
1335,0.00332354
1336,0.00332367
1337,0.0033246
1338,0.0033246
1339,0.00332468
1340,0.00332477
1341,0.00332483
1342,0.00332989
1343,0.00332501
1344,0.00332501
1345,0.00331
1346,0.00330821
1347,0.0033
1348,0.00330875
1349,0.00330001
1350,0.0033
1351,0.00330002
1352,0.0033
1353,0.003294
1354,0.00328
1355,0.00328001
1356,0.003295
1357,0.00329434
1358,0.00328
1359,0.00328002
1360,0.00328002
1361,0.00329396
1362,0.00329384
1363,0.00328001
1364,0.00328002
1365,0.00328002
1366,0.00329334
1367,0.00328103
1368,0.00329313
1369,0.00327801
1370,0.00328003
1371,0.00328003
1372,0.003278
1373,0.003278
1374,0.003278
1375,0.00327672
1376,0.00327672
1377,0.00327672
1378,0.00327672
1379,0.00327672
1380,0.00327301
1381,0.00327672
1382,0.00325963
1383,0.00327301
1384,0.00325001
1385,0.00325688
1386,0.00325
1387,0.00325
1388,0.00325
1389,0.00325
1390,0.00325
1391,0.00325
1392,0.00325
1393,0.00324657
1394,0.00325
1395,0.00325
1396,0.00324657
1397,0.00324656
1398,0.00323287
1399,0.00323287
1400,0.00322646
1401,0.00321494
1402,0.00320097
1403,0.00321787
1404,0.00323002
1405,0.00321521
1406,0.00321795
1407,0.00322983
1408,0.00322977
1409,0.00321803
1410,0.00321803
1411,0.00321803
1412,0.00322973
1413,0.00322973
1414,0.00322972
1415,0.00321223
1416,0.003212
1417,0.00321792
1418,0.00321223
1419,0.003212
1420,0.00321223
1421,0.003212
1422,0.00321787
1423,0.00321787
1424,0.00321784
1425,0.0032178
1426,0.00321778
1427,0.00321787
1428,0.00321786
1429,0.00321781
1430,0.0032297
1431,0.00323003
1432,0.00325222
1433,0.00325689
1434,0.00325002
1435,0.00325681
1436,0.0032568
1437,0.00325681
1438,0.00325955
1439,0.00325952
1440,0.00325682
1441,0.00325943
1442,0.00325937
1443,0.00325928
1444,0.00325681
1445,0.00326324
1446,0.00326315
1447,0.00326296
1448,0.00325684
1449,0.00326934
1450,0.00326934
1451,0.00327085
1452,0.00327976
1453,0.00327105
1454,0.00327986
1455,0.00327085
1456,0.00327079
1457,0.00327079
1458,0.00327082
1459,0.00327999
1460,0.00327018
1461,0.00327034
1462,0.00328615
1463,0.00328404
1464,0.00328901
1465,0.00328684
1466,0.00328904
1467,0.00329278
1468,0.0032813
1469,0.00328133
1470,0.00328413
1471,0.00328413
1472,0.00328404
1473,0.00328413
1474,0.00328413
1475,0.00328413
1476,0.00328413
1477,0.00328413
1478,0.00328408
1479,0.00328404
1480,0.00327611
1481,0.00327994
1482,0.00327994
1483,0.00326045
1484,0.00327961
1485,0.0032699
1486,0.00326026
1487,0.00326026
1488,0.00326045
1489,0.0032769
1490,0.00327682
1491,0.00326069
1492,0.00326014
1493,0.00324559
1494,0.00324559
1495,0.00325986
1496,0.00322971
1497,0.0032297
1498,0.00322003
1499,0.00322005
1500,0.00323
1501,0.00323
1502,0.00322964
1503,0.00322961
1504,0.0032297
1505,0.00322677
1506,0.0032297
1507,0.0032297
1508,0.00322677
1509,0.0032297
1510,0.0032297
1511,0.00323
1512,0.00325204
1513,0.00325204
1514,0.00325175
1515,0.00325167
1516,0.00325149
1517,0.0032301
1518,0.00325138
1519,0.00325154
1520,0.0032517
1521,0.00325173
1522,0.00326188
1523,0.00326201
1524,0.00326205
1525,0.00327033
1526,0.00326222
1527,0.00326996
1528,0.0032699
1529,0.00326983
1530,0.00326983
1531,0.00326999
1532,0.00326998
1533,0.00326987
1534,0.00327
1535,0.00327
1536,0.00327
1537,0.00327001
1538,0.00328402
1539,0.00328837
1540,0.00327052
1541,0.00327917
1542,0.00327065
1543,0.00327075
1544,0.00327089
1545,0.00327102
1546,0.00328811
1547,0.00327115
1548,0.00328828
1549,0.00328999
1550,0.00328836
1551,0.00329589
1552,0.0033
1553,0.0033
1554,0.00329999
1555,0.00330003
1556,0.00330986
1557,0.00330987
1558,0.00331328
1559,0.00331932
1560,0.00331328
1561,0.0033193
1562,0.00331044
1563,0.00331161
1564,0.00330272
1565,0.00330986
1566,0.00331123
1567,0.0033
1568,0.00331105
1569,0.00331105
1570,0.00330993
1571,0.00330106
1572,0.00330112
1573,0.00330971
1574,0.0033013
1575,0.00330899
1576,0.00330892
1577,0.00330895
1578,0.00330895
1579,0.00330899
1580,0.00330895
1581,0.003309
1582,0.00330899
1583,0.00330969
1584,0.003309
1585,0.003309
1586,0.00330895
1587,0.00330895
1588,0.00330251
1589,0.00330058
1590,0.00330055
1591,0.00330055
1592,0.0033079
1593,0.0033
1594,0.00330004
1595,0.00330781
1596,0.0033001
1597,0.00330781
1598,0.00330798
1599,0.00330796
1600,0.003308
1601,0.00330967
1602,0.00330804
1603,0.00330903
1604,0.00330906
1605,0.00330909
1606,0.0033097
1607,0.00330818
1608,0.0033083
1609,0.0033083
1610,0.003308
1611,0.003308
1612,0.00330888
1613,0.00330888
1614,0.00330999
1615,0.00330888
1616,0.00330888
1617,0.00330895
1618,0.00330895
1619,0.003308
1620,0.00330801
1621,0.00330901
1622,0.00330076
1623,0.00330898
1624,0.0033075
1625,0.00330097
1626,0.00330103
1627,0.0033075
1628,0.0033075
1629,0.0033075
1630,0.00330058
1631,0.0033074
1632,0.00329521
1633,0.00329527
1634,0.00330019
1635,0.00330711
1636,0.00330711
1637,0.0033019
1638,0.0033019
1639,0.00330199
1640,0.0033075
1641,0.00330213
1642,0.00330514
1643,0.00330513
1644,0.00330514
1645,0.00330514
1646,0.00330747
1647,0.003306
1648,0.00330513
1649,0.00330513
1650,0.00330513
1651,0.00330601
1652,0.00330513
1653,0.00330513
1654,0.00330513
1655,0.00330517
1656,0.00330603
1657,0.0033075
1658,0.00330604
1659,0.00330604
1660,0.00330603
1661,0.00330213
1662,0.00330019
1663,0.00330019
1664,0.00330019
1665,0.00330019
1666,0.0033002
1667,0.00330019
1668,0.00330019
1669,0.00330033
1670,0.0033004
1671,0.00330046
1672,0.00330772
1673,0.0033
1674,0.00330001
1675,0.00329689
1676,0.00329977
1677,0.00329
1678,0.003295
1679,0.003295
1680,0.00329947
1681,0.00328506
1682,0.00328253
1683,0.00328256
1684,0.00328256
1685,0.00328263
1686,0.00329879
1687,0.00328264
1688,0.00329855
1689,0.00329844
1690,0.0032983
1691,0.00328264
1692,0.00328266
1693,0.00328264
1694,0.00329783
1695,0.0032926
1696,0.0032926
1697,0.00329242
1698,0.00329256
1699,0.00329968
1700,0.00329963
1701,0.0033
1702,0.0033
1703,0.00330001
1704,0.00330273
1705,0.0033028
1706,0.00330789
1707,0.00330017
1708,0.00330017
1709,0.00330372
1710,0.00330372
1711,0.00330987
1712,0.00330061
1713,0.00330013
1714,0.0033007
1715,0.003309
1716,0.003309
1717,0.003309
1718,0.00330854
1719,0.00330063
1720,0.00330063
1721,0.00330063
1722,0.00330109
1723,0.003308
1724,0.003302
1725,0.00330203
1726,0.00330851
1727,0.003302
1728,0.0033
1729,0.0033
1730,0.0033
1731,0.00330463
1732,0.00330448
1733,0.00330445
1734,0.0033
1735,0.00330422
1736,0.00330419
1737,0.0033
1738,0.0033
1739,0.0032999
1740,0.0033
1741,0.0033
1742,0.0033
1743,0.0033
1744,0.00330424
1745,0.0033033
1746,0.0033042
1747,0.0033042
1748,0.0033033
1749,0.00330799
1750,0.00330419
1751,0.00330745
1752,0.00330745
1753,0.00330848
1754,0.00330418
1755,0.003309
1756,0.00330436
1757,0.00330434
1758,0.00330435
1759,0.00330435
1760,0.00330799
1761,0.00330418
1762,0.00330799
1763,0.00330419
1764,0.00330418
1765,0.00330418
1766,0.00330435
1767,0.00330435
1768,0.00329001
1769,0.00329001
1770,0.00329001
1771,0.00329001
1772,0.00329004
1773,0.00329019
1774,0.00330179
1775,0.00329044
1776,0.00329051
1777,0.00329057
1778,0.00329003
1779,0.00329975
1780,0.00329027
1781,0.00329033
1782,0.00329051
1783,0.00329057
1784,0.00330163
1785,0.00330364
1786,0.00330361
1787,0.0033016
1788,0.00330163
1789,0.00330166
1790,0.00330172
1791,0.00330184
1792,0.00330187
1793,0.00330367
1794,0.00330413
1795,0.003309
1796,0.00330422
1797,0.003304
1798,0.00330361
1799,0.00330883
1800,0.00329731
1801,0.00329736
1802,0.00329746
1803,0.0033084
1804,0.00330829
1805,0.00330823
1806,0.00330809
1807,0.00330629
1808,0.0032956
1809,0.00330769
1810,0.00330769
1811,0.00330754
1812,0.00330754
1813,0.00330754
1814,0.00330712
1815,0.00330712
1816,0.00330712
1817,0.00330712
1818,0.00330025
1819,0.00330772
1820,0.00330043
1821,0.00330043
1822,0.00330991
1823,0.00330978
1824,0.0033067
1825,0.0033067
1826,0.0033067
1827,0.00329901
1828,0.00329003
1829,0.00329007
1830,0.0032901
1831,0.00330755
1832,0.00330755
1833,0.00330483
1834,0.00330475
1835,0.00330475
1836,0.00330461
1837,0.003291
1838,0.00328003
1839,0.00329
1840,0.0033
1841,0.0033
1842,0.00328005
1843,0.00328
1844,0.00329945
1845,0.00328
1846,0.00328
1847,0.00328
1848,0.00328786
1849,0.00326324
1850,0.00328597
1851,0.00328588
1852,0.00328001
1853,0.00328
1854,0.00327992
1855,0.00326375
1856,0.00327971
1857,0.00327971
1858,0.00327947
1859,0.00327935
1860,0.00326437
1861,0.00328001
1862,0.0032792
1863,0.00328591
1864,0.00326493
1865,0.00326493
1866,0.00328573
1867,0.0032697
1868,0.0032701
1869,0.00327026
1870,0.00328504
1871,0.00327044
1872,0.00327054
1873,0.00327064
1874,0.00327499
1875,0.00327505
1876,0.00327511
1877,0.00327493
1878,0.003284
1879,0.00326703
1880,0.00328379
1881,0.00326466
1882,0.00328358
1883,0.00326474
1884,0.003299
1885,0.00327018
1886,0.00329884
1887,0.00329875
1888,0.00328012
1889,0.00329853
1890,0.00328024
1891,0.00328036
1892,0.0032704
1893,0.0032704
1894,0.00327165
1895,0.00327165
1896,0.00328466
1897,0.00327201
1898,0.00327201
1899,0.00327356
1900,0.00327371
1901,0.00327371
1902,0.00327391
1903,0.00327392
1904,0.00327392
1905,0.00328
1906,0.00327442
1907,0.00328
1908,0.00328007
1909,0.00328013
1910,0.00328007
1911,0.00328842
1912,0.00328828
1913,0.00328
1914,0.00327101
1915,0.00327101
1916,0.0032799
1917,0.00327102
1918,0.00327106
1919,0.00327952
1920,0.00327946
1921,0.00327101
1922,0.00327102
1923,0.00327102
1924,0.00327102
1925,0.003271
1926,0.00327
1927,0.0032699
1928,0.00326004
1929,0.00326004
1930,0.00326382
1931,0.00326382
1932,0.00326
1933,0.00326
1934,0.0032535
1935,0.0032535
1936,0.0032535
1937,0.0032535
1938,0.0032535
1939,0.0032535
1940,0.00325351
1941,0.0032535
1942,0.0032535
1943,0.0032535
1944,0.0032535
1945,0.003253
1946,0.00324602
1947,0.00325296
1948,0.0032586
1949,0.00325013
1950,0.00325013
1951,0.00325028
1952,0.00325048
1953,0.00325048
1954,0.0032511
1955,0.00325116
1956,0.00325869
1957,0.00325148
1958,0.00325154
1959,0.003251
1960,0.003257
1961,0.00325154
1962,0.003251
1963,0.0032512
1964,0.003251
1965,0.00325117
1966,0.00324539
1967,0.00325105
1968,0.00322227
1969,0.00326933
1970,0.00325628
1971,0.00325628
1972,0.0032562
1973,0.0032342
1974,0.0032342
1975,0.00324997
1976,0.00324
1977,0.00323657
1978,0.00323668
1979,0.00323677
1980,0.00323677
1981,0.00324618
1982,0.00324
1983,0.00324009
1984,0.00324009
1985,0.00323408
1986,0.00323414
1987,0.00324008
1988,0.00324593
1989,0.003245
1990,0.00324494
1991,0.00324488
1992,0.00324482
1993,0.00324491
1994,0.00324481
1995,0.00324496
1996,0.00324491
1997,0.003245
1998,0.003245
1999,0.00324492
2000,0.00324491
2001,0.00324491
2002,0.00324491
2003,0.00324492
2004,0.00324497
2005,0.00324492
2006,0.00324489
2007,0.003245
2008,0.00324995
2009,0.00324997
2010,0.00325001
2011,0.00325629
2012,0.00326
2013,0.00325674
2014,0.00326
2015,0.00326436
2016,0.00326435
2017,0.00325994
2018,0.00325984
2019,0.00325975
2020,0.00325958
2021,0.00325951
2022,0.00325931
2023,0.00325919
2024,0.00325881
2025,0.0032588
2026,0.0032588
2027,0.0032588
2028,0.0032588
2029,0.0032588
2030,0.0032588
2031,0.00324495
2032,0.00325663
2033,0.00324498
2034,0.00324498
2035,0.00324498
2036,0.0032561
2037,0.00325604
2038,0.003245
2039,0.003245
2040,0.0032556
2041,0.0032556
2042,0.00324414
2043,0.00324414
2044,0.00324414
2045,0.00324414
2046,0.00325492
2047,0.00325484
2048,0.00324418
2049,0.00324418
2050,0.00324414
2051,0.00324407
2052,0.00323915
2053,0.00323915
2054,0.00323915
2055,0.00323915
2056,0.00324359
2057,0.00324359
2058,0.00323916
2059,0.00323915
2060,0.00323916
2061,0.00323916
2062,0.00323909
2063,0.00323909
2064,0.00323887
2065,0.00323884
2066,0.00323915
2067,0.00323911
2068,0.00324372
2069,0.0032356
2070,0.00323391
2071,0.00323591
2072,0.00323591
2073,0.00323591
2074,0.00323591
2075,0.00324327
2076,0.00324498
2077,0.00324496
2078,0.00324479
2079,0.00324472
2080,0.00324472
2081,0.00324472
2082,0.00324472
2083,0.00324472
2084,0.00323385
2085,0.00323385
2086,0.00323385
2087,0.00323385
2088,0.00323385
2089,0.00323385
2090,0.00323385
2091,0.00324334
2092,0.00324325
2093,0.00324325
2094,0.00323331
2095,0.00323011
2096,0.00323
2097,0.00323
2098,0.00323
2099,0.00323
2100,0.003222
2101,0.003222
2102,0.003222
2103,0.003222
2104,0.00322
2105,0.003217
2106,0.00322
2107,0.00321509
2108,0.003217
2109,0.00321456
2110,0.00321696
2111,0.00321456
2112,0.003211
2113,0.003211
2114,0.00321668
2115,0.00321664
2116,0.00321658
2117,0.003204
2118,0.003211
2119,0.003211
2120,0.00321415
2121,0.00321403
2122,0.00320402
2123,0.00321385
2124,0.00320403
2125,0.00320403
2126,0.00321358
2127,0.00321349
2128,0.00320401
2129,0.00321328
2130,0.00321319
2131,0.00321316
2132,0.00321294
2133,0.00321279
2134,0.00320401
2135,0.00320401
2136,0.00320401
2137,0.00320401
2138,0.00320401
2139,0.00320401
2140,0.00320401
2141,0.00320401
2142,0.00321046
2143,0.00321037
2144,0.0032104
2145,0.00321034
2146,0.00321034
2147,0.0032041
2148,0.00320401
2149,0.003204
2150,0.003204
2151,0.003201
2152,0.00320187
2153,0.00320001
2154,0.00320173
2155,0.00319974
2156,0.00319997
2157,0.00319974
2158,0.003195
2159,0.003192
2160,0.00319175
2161,0.00319172
2162,0.00319
2163,0.00319163
2164,0.00318994
2165,0.00317511
2166,0.00317699
2167,0.00317683
2168,0.00317665
2169,0.00317511
2170,0.00317195
2171,0.00317189
2172,0.0031718
2173,0.00317192
2174,0.00317192
2175,0.00316873
2176,0.00316873
2177,0.00316222
2178,0.003162
2179,0.00316997
2180,0.00317193
2181,0.00316203
2182,0.00316
2183,0.00316001
2184,0.00316001
2185,0.00316001
2186,0.00315707
2187,0.00315403
2188,0.00315412
2189,0.00316892
2190,0.00315
2191,0.00315418
2192,0.00315
2193,0.00314978
2194,0.00314979
2195,0.00314979
2196,0.00314186
2197,0.00314185
2198,0.00314112
2199,0.00314187
2200,0.0031411
2201,0.00314
2202,0.00314003
2203,0.00313
2204,0.003122
2205,0.00312135
2206,0.00311026
2207,0.00312805
2208,0.00312801
2209,0.00311267
2210,0.00312134
2211,0.00312071
2212,0.003115
2213,0.00313268
2214,0.00313261
2215,0.00313736
2216,0.00313
2217,0.00313986
2218,0.00313006
2219,0.00312955
2220,0.00314001
2221,0.00313991
2222,0.0031302
2223,0.00313025
2224,0.00313964
2225,0.00313951
2226,0.003131
2227,0.00313925
2228,0.00313915
2229,0.003129
2230,0.00313892
2231,0.00313882
2232,0.00314002
2233,0.00314815
2234,0.00314821
2235,0.00314821
2236,0.00315246
2237,0.00315785
2238,0.00315249
2239,0.00315789
2240,0.00315256
2241,0.00316277
2242,0.00315271
2243,0.00315271
2244,0.00316263
2245,0.0031515
2246,0.00315162
2247,0.00315174
2248,0.0031518
2249,0.00316
2250,0.00316166
2251,0.0031617
2252,0.00316
2253,0.00315794
2254,0.00316
2255,0.00315791
2256,0.00315793
2257,0.00314503
2258,0.00313582
2259,0.00313582
2260,0.00314978
2261,0.003129
2262,0.003129
2263,0.00314172
2264,0.003129
2265,0.003129
2266,0.003129
2267,0.00312868
2268,0.00312901
2269,0.00312869
2270,0.00313537
2271,0.00313
2272,0.00313001
2273,0.00313
2274,0.00313005
2275,0.00314118
2276,0.0031411
2277,0.0031411
2278,0.00313006
2279,0.00313963
2280,0.00313963
2281,0.00313008
2282,0.00313939
2283,0.00313999
2284,0.0031419
2285,0.0031419
2286,0.00314191
2287,0.00313996
2288,0.00313005
2289,0.003139
2290,0.00313
2291,0.00312403
2292,0.003134
2293,0.00312837
2294,0.00312837
2295,0.00312834
2296,0.00313791
2297,0.00312834
2298,0.00312834
2299,0.00312001
2300,0.00312001
2301,0.00313725
2302,0.00313695
2303,0.00313382
2304,0.00312479
2305,0.00313581
2306,0.00312166
2307,0.00310874
2308,0.00310691
2309,0.00310691
2310,0.00312129
2311,0.003092
2312,0.00309986
2313,0.0031
2314,0.00309032
2315,0.0031
2316,0.0031
2317,0.00309999
2318,0.0031
2319,0.00309999
2320,0.0031
2321,0.00309038
2322,0.00309032
2323,0.00308996
2324,0.00308715
2325,0.00308722
2326,0.00308996
2327,0.00308716
2328,0.00308693
2329,0.00308682
2330,0.00308677
2331,0.00308422
2332,0.00308678
2333,0.00308677
2334,0.00308
2335,0.00308672
2336,0.00308009
2337,0.0030755
2338,0.003074
2339,0.0030739
2340,0.00305017
2341,0.0030502
2342,0.00306985
2343,0.00305018
2344,0.00305024
2345,0.00305325
2346,0.003049
2347,0.00304794
2348,0.003049
2349,0.00304578
2350,0.00305
2351,0.00305003
2352,0.00306959
2353,0.00306971
2354,0.00307018
2355,0.0030755
2356,0.00308384
2357,0.00308722
2358,0.00308728
2359,0.00308732
2360,0.00309925
2361,0.00308751
2362,0.00309603
2363,0.00311107
2364,0.00310683
2365,0.00310066
2366,0.00311231
2367,0.00311475
2368,0.00312
2369,0.00312401
2370,0.00312419
2371,0.00313849
2372,0.00312438
2373,0.00313827
2374,0.00313117
2375,0.00313849
2376,0.00313842
2377,0.00313832
2378,0.00313142
2379,0.00311497
2380,0.00311501
2381,0.00311498
2382,0.00312385
2383,0.00311513
2384,0.00311517
2385,0.00311517
2386,0.00312338
2387,0.00311424
2388,0.00311495
2389,0.00310702
2390,0.00311482
2391,0.00311479
2392,0.00311482
2393,0.003115
2394,0.003115
2395,0.0031155
2396,0.00312759
2397,0.00313103
2398,0.00312327
2399,0.00314225
2400,0.00314211
2401,0.00314199
2402,0.00314185
2403,0.00314185
2404,0.00312813
2405,0.0031282
2406,0.00314167
2407,0.00312838
2408,0.00314149
2409,0.00313989
2410,0.00313989
2411,0.00313008
2412,0.00313967
2413,0.00313029
2414,0.00313203
2415,0.00313942
2416,0.00313932
2417,0.00313937
2418,0.00313921
2419,0.00313216
2420,0.00313203
2421,0.00313203
2422,0.00313202
2423,0.00313285
2424,0.003131
2425,0.00313202
2426,0.00313189
2427,0.0031289
2428,0.0031289
2429,0.00313158
2430,0.00312762
2431,0.00312763
2432,0.00313137
2433,0.00313133
2434,0.00313133
2435,0.00313123
2436,0.00313115
2437,0.00313651
2438,0.00313942
2439,0.00314227
2440,0.0031423
2441,0.00314355
2442,0.00314363
2443,0.00314786
2444,0.00314978
2445,0.00314996
2446,0.00315547
2447,0.00314999
2448,0.00315791
2449,0.00315789
2450,0.00315789
2451,0.00315504
2452,0.0031579
2453,0.00315806
2454,0.00316419
2455,0.00317133
2456,0.00316
2457,0.00316
2458,0.00316005
2459,0.00316065
2460,0.00316064
2461,0.00316064
2462,0.00316
2463,0.00316
2464,0.0031601
2465,0.00316006
2466,0.00315806
2467,0.0031762
2468,0.00315798
2469,0.00316072
2470,0.00316078
2471,0.00316081
2472,0.00316072
2473,0.00316072
2474,0.00316072
2475,0.00316736
2476,0.00316381
2477,0.0031601
2478,0.00315791
2479,0.0031515
2480,0.00315023
2481,0.00315028
2482,0.00315036
2483,0.00315015
2484,0.00315011
2485,0.00315033
2486,0.00314999
2487,0.00314999
2488,0.00315032
2489,0.00314487
2490,0.0031402
2491,0.0031498
2492,0.00314044
2493,0.00314963
2494,0.00314064
2495,0.00314064
2496,0.00314465
2497,0.00313816
2498,0.003138
2499,0.003138
2500,0.003138
2501,0.00313343
2502,0.00314158
2503,0.003121
2504,0.003121
2505,0.00312112
2506,0.00311645
2507,0.00311645
2508,0.00311639
2509,0.00311341
2510,0.00311336
2511,0.00310322
2512,0.00311341
2513,0.00310338
2514,0.00310343
2515,0.0031134
2516,0.00312043
2517,0.00312043
2518,0.00312023
2519,0.00312015
2520,0.00312015
2521,0.00312015
2522,0.00312015
2523,0.00311975
2524,0.00311603
2525,0.00310361
2526,0.00310364
2527,0.00311569
2528,0.00311558
2529,0.00311558
2530,0.00311552
2531,0.00311546
2532,0.00311534
2533,0.00311534
2534,0.00311
2535,0.00311
2536,0.00311497
2537,0.003116
2538,0.00311797
2539,0.003116
2540,0.00311033
2541,0.00311045
2542,0.003116
2543,0.00312
2544,0.00311601
2545,0.003116
2546,0.003116
2547,0.003116
2548,0.00311995
2549,0.00311996
2550,0.00311996
2551,0.00311996
2552,0.00311996
2553,0.00311993
2554,0.00311993
2555,0.00312063
2556,0.00311611
2557,0.00312128
2558,0.00312121
2559,0.00312127
2560,0.00312125
2561,0.00312122
2562,0.00312126
2563,0.00312126
2564,0.003123
2565,0.00312737
2566,0.0031214
2567,0.00313129
2568,0.00313129
2569,0.00313115
2570,0.00312736
2571,0.00312736
2572,0.00312736
2573,0.00312736
2574,0.00313068
2575,0.00313068
2576,0.00312736
2577,0.00312737
2578,0.00312737
2579,0.00313181
2580,0.00312352
2581,0.00313185
2582,0.00313178
2583,0.00313178
2584,0.00313169
2585,0.0031265
2586,0.00313141
2587,0.0031334
2588,0.00313692
2589,0.00313368
2590,0.0031334
2591,0.0031334
2592,0.0031213
2593,0.00313319
2594,0.00312127
2595,0.00313299
2596,0.00312121
2597,0.00312121
2598,0.00312
2599,0.003116
2600,0.003116
2601,0.00312
2602,0.003116
2603,0.00311601
2604,0.00312
2605,0.00312
2606,0.00311034
2607,0.00313164
2608,0.00314468
2609,0.00315451
2610,0.00315444
2611,0.00315439
2612,0.00315448
2613,0.00315452
2614,0.00315733
2615,0.00315444
2616,0.00315735
2617,0.00315738
2618,0.00315953
2619,0.00315959
2620,0.00317645
2621,0.00317647
2622,0.00316003
2623,0.00316064
2624,0.00317645
2625,0.00317642
2626,0.00316281
2627,0.003171
2628,0.00316408
2629,0.003165
2630,0.00316399
2631,0.003165
2632,0.003165
2633,0.00316499
2634,0.00316499
2635,0.00316496
2636,0.00316497
2637,0.00316632
2638,0.00316632
2639,0.00316223
2640,0.00316229
2641,0.00316229
2642,0.00317091
2643,0.00316497
2644,0.00317075
2645,0.00317064
2646,0.00316998
2647,0.00316997
2648,0.00316996
2649,0.00316993
2650,0.00316396
2651,0.00316396
2652,0.00316325
2653,0.00316325
2654,0.00316388
2655,0.00316003
2656,0.00315733
2657,0.00316177
2658,0.00315444
2659,0.0031502
2660,0.0031502
2661,0.00315957
2662,0.00315021
2663,0.0031502
2664,0.00315021
2665,0.00315021
2666,0.00315021
2667,0.0031447
2668,0.00314459
2669,0.00314459
2670,0.00314458
2671,0.00314458
2672,0.00314451
2673,0.00314451
2674,0.00314436
2675,0.00313475
2676,0.00314416
2677,0.00314407
2678,0.00314402
2679,0.00314402
2680,0.00313465
2681,0.00313446
2682,0.00313437
2683,0.00313434
2684,0.00312883
2685,0.00312883
2686,0.00313413
2687,0.00313413
2688,0.00313409
2689,0.00313003
2690,0.003129
2691,0.00313401
2692,0.00313469
2693,0.00313009
2694,0.00313024
2695,0.0031303
2696,0.00313033
2697,0.0031305
2698,0.00313
2699,0.00313769
2700,0.00313
2701,0.00313011
2702,0.0031301
2703,0.00313763
2704,0.00313763
2705,0.00313763
2706,0.0031301
2707,0.0031301
2708,0.0031301
2709,0.0031301
2710,0.0031301
2711,0.0031301
2712,0.00313
2713,0.00313
2714,0.00312737
2715,0.00312976
2716,0.0031271
2717,0.00311
2718,0.00312685
2719,0.00312685
2720,0.00311
2721,0.00311
2722,0.00311
2723,0.00311
2724,0.00311
2725,0.00312539
2726,0.00311
2727,0.00311
2728,0.00312459
2729,0.00311
2730,0.00311
2731,0.00311
2732,0.00311
2733,0.00311001
2734,0.003105
2735,0.00312154
2736,0.0031
2737,0.0031
2738,0.00310001
2739,0.00312098
2740,0.00312098
2741,0.00312098
2742,0.00311989
2743,0.00311983
2744,0.003105
2745,0.0031195
2746,0.0031195
2747,0.0031195
2748,0.00310501
2749,0.00310501
2750,0.00311878
2751,0.00311865
2752,0.00311865
2753,0.00311865
2754,0.00310524
2755,0.00310535
2756,0.0031101
2757,0.0031101
2758,0.0031
2759,0.00310001
2760,0.00310001
2761,0.0031101
2762,0.0031101
2763,0.0031101
2764,0.0031101
2765,0.0031101
2766,0.00310017
2767,0.00310017
2768,0.00310017
2769,0.00311009
2770,0.00311827
2771,0.00311827
2772,0.00311827
2773,0.00312
2774,0.0031199
2775,0.00311987
2776,0.00311824
2777,0.00311824
2778,0.00311824
2779,0.00311824
2780,0.00311824
2781,0.00311824
2782,0.00311824
2783,0.00311017
2784,0.00311824
2785,0.00311817
2786,0.00310564
2787,0.00310564
2788,0.00311016
2789,0.00312693
2790,0.00312693
2791,0.00312693
2792,0.00312676
2793,0.00312419
2794,0.00312419
2795,0.00312419
2796,0.00312401
2797,0.00312389
2798,0.00312129
2799,0.00312129
2800,0.00312124
2801,0.003123
2802,0.003123
2803,0.00312301
2804,0.00312301
2805,0.00312307
2806,0.00312307
2807,0.0031231
2808,0.0031231
2809,0.00312654
2810,0.0031231
2811,0.00312316
2812,0.00312327
2813,0.00312327
2814,0.00312342
2815,0.00312956
2816,0.00312956
2817,0.00312344
2818,0.0031235
2819,0.00312944
2820,0.0031294
2821,0.003127
2822,0.00311803
2823,0.00311803
2824,0.00311817
2825,0.00311817
2826,0.00311824
2827,0.00312879
2828,0.00311828
2829,0.00312847
2830,0.00311838
2831,0.00311838
2832,0.00311855
2833,0.00311864
2834,0.00311876
2835,0.00312975
2836,0.003123
2837,0.00311887
2838,0.003123
2839,0.003118
2840,0.003118
2841,0.003118
2842,0.003118
2843,0.003118
2844,0.003118
2845,0.003118
2846,0.003118
2847,0.003118
2848,0.00311777
2849,0.003118
2850,0.003118
2851,0.00311777
2852,0.00311777
2853,0.00311777
2854,0.00311777
2855,0.00311777
2856,0.00311777
2857,0.00311778
2858,0.003118
2859,0.00311779
2860,0.00311779
2861,0.00311778
2862,0.00311784
2863,0.00311779
2864,0.00311779
2865,0.00311789
2866,0.00311789
2867,0.00311789
2868,0.003118
2869,0.003118
2870,0.003118
2871,0.003118
2872,0.003118
2873,0.0031164
2874,0.0031164
2875,0.0031164
2876,0.0031164
2877,0.0031164
2878,0.0031164
2879,0.00311205
2880,0.0031164
2881,0.003118
2882,0.003118
2883,0.003118
2884,0.00311641
2885,0.00311641
2886,0.00311641
2887,0.00311641
2888,0.00311642
2889,0.00311642
2890,0.00311642
2891,0.00311642
2892,0.00311642
2893,0.003118
2894,0.0031164
2895,0.003118
2896,0.003118
2897,0.003118
2898,0.0031164
2899,0.00311328
2900,0.00311132
2901,0.00311136
2902,0.00311136
2903,0.00311145
2904,0.00311142
2905,0.00311016
2906,0.00311101
2907,0.0031101
2908,0.00311122
2909,0.0031112
2910,0.00309881
2911,0.00309882
2912,0.00309882
2913,0.00309882
2914,0.00309706
2915,0.00309383
2916,0.00309375
2917,0.00308999
2918,0.00308999
2919,0.00309861
2920,0.00309012
2921,0.00309012
2922,0.00309012
2923,0.00309012
2924,0.00309006
2925,0.00308927
2926,0.00309009
2927,0.00308928
2928,0.00309005
2929,0.00308994
2930,0.00308987
2931,0.00308927
2932,0.00308927
2933,0.00308978
2934,0.00309012
2935,0.0030875
2936,0.00309836
2937,0.00309833
2938,0.00309856
2939,0.0030985
2940,0.00308802
2941,0.00309009
2942,0.00309005
2943,0.0030875
2944,0.0030875
2945,0.00308751
2946,0.00309805
2947,0.00309805
2948,0.00309805
2949,0.00309771
2950,0.00308751
2951,0.00308751
2952,0.00308751
2953,0.00308751
2954,0.00308751
2955,0.00308751
2956,0.00308751
2957,0.003098
2958,0.003098
2959,0.00309838
2960,0.00309858
2961,0.0030993
2962,0.00309936
2963,0.00309942
2964,0.0031015
2965,0.0031015
2966,0.0031015
2967,0.00310668
2968,0.0031015
2969,0.0031015
2970,0.00310148
2971,0.0031015
2972,0.00310101
2973,0.00310099
2974,0.00310625
2975,0.00310099
2976,0.00310607
2977,0.003101
2978,0.003101
2979,0.003101
2980,0.003101
2981,0.00309739
2982,0.00309739
2983,0.00309739
2984,0.00309739
2985,0.00309766
2986,0.00309773
2987,0.00309776
2988,0.00309691
2989,0.00309691
2990,0.00309691
2991,0.00309691
2992,0.00309691
2993,0.00309691
2994,0.00309691
2995,0.00309691
2996,0.00309691
2997,0.00309692
2998,0.003097
2999,0.00309691
3000,0.0030875
3001,0.0030875
3002,0.0030875
3003,0.00309599
3004,0.00309599
3005,0.00309599
3006,0.00309599
3007,0.00308751
3008,0.00308751
3009,0.00308751
3010,0.00308751
3011,0.00308751
3012,0.0030875
3013,0.0030875
3014,0.00308722
3015,0.00308747
3016,0.00308737
3017,0.00308736
3018,0.00308721
3019,0.00308721
3020,0.00308711
3021,0.003081
3022,0.00308
3023,0.00308
3024,0.00308001
3025,0.00308
3026,0.00308
3027,0.00308
3028,0.00308
3029,0.00308
3030,0.00308006
3031,0.00308727
3032,0.00308727
3033,0.00308006
3034,0.00308
3035,0.00308007
3036,0.00308007
3037,0.00308721
3038,0.00308004
3039,0.00308727
3040,0.00308727
3041,0.00308004
3042,0.00308007
3043,0.00308
3044,0.00308
3045,0.00309426
3046,0.00309415
3047,0.00308004
3048,0.00309058
3049,0.00309378
3050,0.00308001
3051,0.00309473
3052,0.00308749
3053,0.00308749
3054,0.00307684
3055,0.00308736
3056,0.00307501
3057,0.00307501
3058,0.0030762
3059,0.0030762
3060,0.00308661
3061,0.00308653
3062,0.00308639
3063,0.00308628
3064,0.00307654
3065,0.00308618
3066,0.00308602
3067,0.00307684
3068,0.00308714
3069,0.00308714
3070,0.00308718
3071,0.00308718
3072,0.00308718
3073,0.00309474
3074,0.00310095
3075,0.00310095
3076,0.00309714
3077,0.00309703
3078,0.0030873
3079,0.0030904
3080,0.0030904
3081,0.00309474
3082,0.00309477
3083,0.00309477
3084,0.00309475
3085,0.00309475
3086,0.00309478
3087,0.00309714
3088,0.00309714
3089,0.00310006
3090,0.00310016
3091,0.00310754
3092,0.00310754
3093,0.00310026
3094,0.00310789
3095,0.00310791
3096,0.003108
3097,0.00310116
3098,0.00310107
3099,0.00310103
3100,0.00310103
3101,0.00310081
3102,0.00310081
3103,0.00310116
3104,0.0031113
3105,0.0031113
3106,0.0031113
3107,0.0031113
3108,0.00311169
3109,0.00311635
3110,0.00311547
3111,0.00311635
3112,0.00311635
3113,0.00311635
3114,0.00311885
3115,0.00311887
3116,0.00311879
3117,0.00311214
3118,0.00311884
3119,0.00311892
3120,0.00311884
3121,0.00311884
3122,0.00311892
3123,0.00311951
3124,0.00311893
3125,0.00311893
3126,0.00311904
3127,0.00312073
3128,0.00312115
3129,0.00312115
3130,0.00312115
3131,0.00312337
3132,0.00312001
3133,0.00312335
3134,0.00312115
3135,0.00311902
3136,0.00311902
3137,0.00311902
3138,0.00311999
3139,0.00311903
3140,0.00312
3141,0.00312
3142,0.00312
3143,0.00312
3144,0.00312
3145,0.00312
3146,0.00312001
3147,0.00312664
3148,0.00312664
3149,0.00312664
3150,0.0031268
3151,0.003127
3152,0.00313
3153,0.00313477
3154,0.003131
3155,0.00313303
3156,0.00313
3157,0.00313409
3158,0.00312044
3159,0.0031206
3160,0.00313373
3161,0.00313373
3162,0.00313351
3163,0.00312101
3164,0.00313318
3165,0.00312128
3166,0.003135
3167,0.003135
3168,0.003135
3169,0.003135
3170,0.00313506
3171,0.003135
3172,0.00313491
3173,0.00313409
3174,0.00312196
3175,0.00312343
3176,0.0031235
3177,0.00312895
3178,0.00312895
3179,0.00312904
3180,0.0031291
3181,0.00312913
3182,0.00312913
3183,0.00312883
3184,0.00312661
3185,0.003123
3186,0.00313635
3187,0.00313617
3188,0.003123
3189,0.003125
3190,0.003123
3191,0.003123
3192,0.003124
3193,0.00313138
3194,0.00313138
3195,0.00313153
3196,0.00313153
3197,0.00312411
3198,0.00313152
3199,0.00313152
3200,0.00313152
3201,0.00313665
3202,0.003135
3203,0.00313152
3204,0.00313155
3205,0.00313154
3206,0.00313471
3207,0.00313455
3208,0.00313455
3209,0.00313455
3210,0.003135
3211,0.00313657
3212,0.003135
3213,0.00313827
3214,0.00313667
3215,0.00313827
3216,0.00314001
3217,0.00314106
3218,0.00314109
3219,0.00314106
3220,0.00314206
3221,0.00313901
3222,0.00315021
3223,0.00313913
3224,0.00313921
3225,0.00314893
3226,0.0031486
3227,0.00314859
3228,0.00314862
3229,0.003149
3230,0.00316438
3231,0.00315015
3232,0.00316387
3233,0.00315029
3234,0.00315029
3235,0.00315515
3236,0.00315506
3237,0.00315506
3238,0.00315506
3239,0.003155
3240,0.00315506
3241,0.00315522
3242,0.00315605
3243,0.00316309
3244,0.00315632
3245,0.00315683
3246,0.00315683
3247,0.00316383
3248,0.00316489
3249,0.00316488
3250,0.00316579
3251,0.00316733
3252,0.00316601
3253,0.00316789
3254,0.00316974
3255,0.00317001
3256,0.0031698
3257,0.00317645
3258,0.00317643
3259,0.00317645
3260,0.00317645
3261,0.00317804
3262,0.003179
3263,0.00317905
3264,0.00318
3265,0.00318785
3266,0.0031816
3267,0.0031816
3268,0.00318786
3269,0.00318785
3270,0.00318785
3271,0.00318786
3272,0.00318964
3273,0.00319033
3274,0.00319033
3275,0.00319033
3276,0.00319006
3277,0.00319006
3278,0.00319104
3279,0.00319593
3280,0.00319857
3281,0.00319593
3282,0.00319852
3283,0.00319593
3284,0.00319273
3285,0.00319004
3286,0.00319843
3287,0.00319013
3288,0.00319837
3289,0.00319859
3290,0.00319859
3291,0.0032
3292,0.0032051
3293,0.00319862
3294,0.00319867
3295,0.0032
3296,0.00319997
3297,0.0032
3298,0.00319837
3299,0.00319834
3300,0.00319837
3301,0.00319837
3302,0.00319831
3303,0.00319828
3304,0.00319837
3305,0.00319825
3306,0.00319825
3307,0.00319822
3308,0.00319076
3309,0.0031786
3310,0.0031787
3311,0.0031906
3312,0.00318521
3313,0.00317892
3314,0.00317892
3315,0.00317898
3316,0.0031787
3317,0.0031844
3318,0.00318
3319,0.00318
3320,0.00318367
3321,0.003179
3322,0.00318299
3323,0.00318299
3324,0.00318299
3325,0.003182
3326,0.00318201
3327,0.003183
3328,0.003182
3329,0.00318298
3330,0.00318299
3331,0.00318299
3332,0.00318299
3333,0.003183
3334,0.003183
3335,0.00318
3336,0.00317997
3337,0.0031799
3338,0.00317984
3339,0.00317145
3340,0.00317151
3341,0.00317354
3342,0.00317354
3343,0.00316973
3344,0.00316973
3345,0.00316986
3346,0.0031783
3347,0.00317
3348,0.00316994
3349,0.00316994
3350,0.00316994
3351,0.00317499
3352,0.00317499
3353,0.00317499
3354,0.00317499
3355,0.00317499
3356,0.00317499
3357,0.00317499
3358,0.00317499
3359,0.00316994
3360,0.00316992
3361,0.00316973
3362,0.00316993
3363,0.00316994
3364,0.00317006
3365,0.00317399
3366,0.00317399
3367,0.00317409
3368,0.003175
3369,0.00317412
3370,0.00317412
3371,0.00317411
3372,0.003175
3373,0.003175
3374,0.003175
3375,0.003175
3376,0.003175
3377,0.003178
3378,0.003178
3379,0.00317509
3380,0.00317515
3381,0.00317515
3382,0.00317835
3383,0.00317562
3384,0.00318948
3385,0.00317584
3386,0.0031761
3387,0.0031761
3388,0.00317629
3389,0.00318199
3390,0.0031907
3391,0.00318
3392,0.00319046
3393,0.00319046
3394,0.00319
3395,0.00319001
3396,0.00320087
3397,0.00320087
3398,0.00320087
3399,0.00320087
3400,0.0032
3401,0.00320508
3402,0.00319098
3403,0.00319104
3404,0.00320346
3405,0.0032
3406,0.0032
3407,0.00319552
3408,0.00319999
3409,0.00319715
3410,0.0031972
3411,0.00319732
3412,0.00319738
3413,0.00319235
3414,0.00319241
3415,0.00319
3416,0.00319
3417,0.00319
3418,0.00318785
3419,0.00318502
3420,0.00318502
3421,0.00318991
3422,0.00318988
3423,0.00318976
3424,0.00318976
3425,0.00318976
3426,0.00318681
3427,0.00318681
3428,0.00318945
3429,0.00318945
3430,0.00318945
3431,0.00318924
3432,0.00318235
3433,0.00318247
3434,0.00318257
3435,0.00318966
3436,0.00318286
3437,0.00318296
3438,0.00318296
3439,0.00318296
3440,0.00318296
3441,0.00318945
3442,0.00318944
3443,0.00318944
3444,0.003189
3445,0.003189
3446,0.003189
3447,0.00318944
3448,0.00318944
3449,0.00318945
3450,0.00318945
3451,0.00318944
3452,0.00318944
3453,0.00318944
3454,0.00318944
3455,0.00319204
3456,0.00319574
3457,0.00318831
3458,0.00319543
3459,0.00319543
3460,0.00319544
3461,0.00319549
3462,0.00319549
3463,0.00319549
3464,0.00319548
3465,0.00319549
3466,0.00319543
3467,0.00319543
3468,0.00319539
3469,0.00319539
3470,0.00319539
3471,0.00319582
3472,0.00319583
3473,0.00319582
3474,0.00319582
3475,0.00319582
3476,0.00319582
3477,0.00319999
3478,0.00319999
3479,0.0032
3480,0.0032
3481,0.0032
3482,0.0032
3483,0.00320364
3484,0.00320364
3485,0.00320367
3486,0.00320364
3487,0.00320367
3488,0.00320366
3489,0.00320365
3490,0.00320365
3491,0.00320364
3492,0.00320366
3493,0.00320364
3494,0.00320364
3495,0.00320364
3496,0.00320366
3497,0.00320367
3498,0.00320367
3499,0.00320367
3500,0.00320368
3501,0.00320368
3502,0.00320368
3503,0.00320369
3504,0.00320369
3505,0.00320367
3506,0.00320369
3507,0.00320368
3508,0.00320368
3509,0.00320369
3510,0.00320367
3511,0.0032051
3512,0.00320502
3513,0.00320502
3514,0.00320502
3515,0.00320367
3516,0.00320367
3517,0.00320367
3518,0.00320368
3519,0.00320367
3520,0.00318946
3521,0.00319988
3522,0.00319982
3523,0.00319004
3524,0.00319004
3525,0.00319981
3526,0.00319981
3527,0.00319972
3528,0.00319972
3529,0.0032
3530,0.0032
3531,0.0032
3532,0.00320264
3533,0.00320264
3534,0.00320264
3535,0.00320264
3536,0.00320264
3537,0.00320264
3538,0.00320279
3539,0.00320282
3540,0.003203
3541,0.00320368
3542,0.00320369
3543,0.00320369
3544,0.00320264
3545,0.00320267
3546,0.00320273
3547,0.00320368
3548,0.00320368
3549,0.00320368
3550,0.00320303
3551,0.0032027
3552,0.00320282
3553,0.00320291
3554,0.003203
3555,0.00320264
3556,0.00319981
3557,0.00319981
3558,0.00320352
3559,0.00320363
3560,0.00319547
3561,0.0032037
3562,0.00319547
3563,0.00319547
3564,0.00320369
3565,0.00320369
3566,0.00320369
3567,0.00320387
3568,0.00320388
3569,0.00319654
3570,0.00319654
3571,0.00319654
3572,0.00319654
3573,0.00319654
3574,0.00320368
3575,0.0032
3576,0.00320367
3577,0.00320366
3578,0.00320365
3579,0.00320366
3580,0.00320013
3581,0.00320017
3582,0.00320017
3583,0.00320019
3584,0.00320019
3585,0.00320019
3586,0.00320019
3587,0.00320019
3588,0.00319875
3589,0.00319868
3590,0.00319856
3591,0.00320019
3592,0.00320016
3593,0.00320019
3594,0.00319697
3595,0.00319697
3596,0.00319699
3597,0.00320019
3598,0.00320019
3599,0.00320368
3600,0.00320362
3601,0.00320033
3602,0.00320036
3603,0.00320039
3604,0.00320945
3605,0.00320051
3606,0.00320054
3607,0.00320039
3608,0.00320039
3609,0.00320915
3610,0.00320915
3611,0.003185
3612,0.00319541
3613,0.00318508
3614,0.00319529
3615,0.00319523
3616,0.00319549
3617,0.00319549
3618,0.00319549
3619,0.00319549
3620,0.00319548
3621,0.0032
3622,0.00319552
3623,0.00319999
3624,0.00319999
3625,0.00319999
3626,0.00319999
3627,0.00319999
3628,0.00319974
3629,0.00319987
3630,0.0031998
3631,0.00319546
3632,0.00319546
3633,0.00319995
3634,0.00319548
3635,0.00319999
3636,0.00319986
3637,0.0031956
3638,0.0031956
3639,0.0031956
3640,0.00319999
3641,0.00319999
3642,0.00320096
3643,0.00320096
3644,0.00319995
3645,0.0032
3646,0.00320599
3647,0.00320596
3648,0.00320594
3649,0.00319995
3650,0.00319995
3651,0.00319995
3652,0.00319995
3653,0.00320567
3654,0.00320575
3655,0.00320567
3656,0.00320567
3657,0.00320631
3658,0.00320633
3659,0.00320633
3660,0.00321477
3661,0.00320644
3662,0.00321458
3663,0.00321473
3664,0.0032148
3665,0.00320857
3666,0.00321699
3667,0.00321699
3668,0.00321011
3669,0.0032123
3670,0.0032123
3671,0.00321686
3672,0.00321686
3673,0.0032123
3674,0.0032123
3675,0.00321658
3676,0.00321229
3677,0.00320631
3678,0.00320631
3679,0.00320996
3680,0.00320631
3681,0.00320631
3682,0.00320991
3683,0.00320991
3684,0.00320995
3685,0.00320991
3686,0.00320991
3687,0.00320991
3688,0.00320991
3689,0.00320992
3690,0.00320992
3691,0.00320991
3692,0.00320991
3693,0.00320991
3694,0.00320999
3695,0.00320999
3696,0.00320999
3697,0.00320998
3698,0.00320991
3699,0.00320692
3700,0.00321
3701,0.00321359
3702,0.00321364
3703,0.00320992
3704,0.003217
3705,0.003217
3706,0.00320907
3707,0.00320907
3708,0.00320893
3709,0.00319636
3710,0.00319636
3711,0.00320872
3712,0.00320859
3713,0.00320848
3714,0.00319546
3715,0.00319546
3716,0.00319546
3717,0.00319986
3718,0.00319679
3719,0.00319679
3720,0.00319981
3721,0.00319999
3722,0.00319997
3723,0.00319997
3724,0.00319984
3725,0.00319678
3726,0.00319678
3727,0.00319678
3728,0.00319441
3729,0.00319441
3730,0.00319441
3731,0.00319395
3732,0.00318603
3733,0.00318503
3734,0.00318603
3735,0.00318503
3736,0.00318
3737,0.00318
3738,0.00317988
3739,0.00317997
3740,0.003165
3741,0.00315974
3742,0.00315974
3743,0.00315974
3744,0.00315974
3745,0.00315974
3746,0.00315974
3747,0.00315971
3748,0.00315974
3749,0.00315971
3750,0.00315974
3751,0.00315974
3752,0.00315974
3753,0.00315913
3754,0.00315971
3755,0.00315973
3756,0.00315911
3757,0.00315912
3758,0.00315974
3759,0.00315971
3760,0.00315972
3761,0.00315974
3762,0.00315974
3763,0.00315972
3764,0.00315973
3765,0.00315973
3766,0.00315974
3767,0.00315974
3768,0.00315974
3769,0.00315974
3770,0.00315973
3771,0.00315973
3772,0.00315973
3773,0.00315974
3774,0.00315915
3775,0.00315971
3776,0.00315971
3777,0.00315968
3778,0.00314992
3779,0.00315723
3780,0.00314106
3781,0.00312
3782,0.00312879
3783,0.00314314
3784,0.00314299
3785,0.0031429
3786,0.00314271
3787,0.00314261
3788,0.00313009
3789,0.0031423
3790,0.00314
3791,0.00313987
3792,0.00313984
3793,0.00313972
3794,0.00313952
3795,0.00313941
3796,0.00313494
3797,0.00313485
3798,0.00313476
3799,0.00313476
3800,0.00313461
3801,0.00313455
3802,0.00313931
3803,0.0031393
3804,0.00313914
3805,0.00312763
3806,0.00313903
3807,0.00313889
3808,0.00313878
3809,0.00313452
3810,0.00313871
3811,0.00313871
3812,0.00313871
3813,0.00312865
3814,0.00312865
3815,0.00312865
3816,0.0031291
3817,0.0031291
3818,0.00313729
3819,0.00313729
3820,0.00313709
3821,0.00313709
3822,0.00313689
3823,0.00313677
3824,0.00313002
3825,0.00313002
3826,0.00313002
3827,0.00313002
3828,0.00313002
3829,0.00313016
3830,0.00313022
3831,0.00313022
3832,0.00313022
3833,0.00313107
3834,0.003132
3835,0.003132
3836,0.00313226
3837,0.00313226
3838,0.00313914
3839,0.0031391
3840,0.00313898
3841,0.00313878
3842,0.00313878
3843,0.00313878
3844,0.00313848
3845,0.00313836
3846,0.00313016
3847,0.00313815
3848,0.00313815
3849,0.00313248
3850,0.00313249
3851,0.00313248
3852,0.00313249
3853,0.00313249
3854,0.00313249
3855,0.00313742
3856,0.00313742
3857,0.003137
3858,0.003137
3859,0.0031373
3860,0.00313975
3861,0.00313975
3862,0.00313702
3863,0.00313703
3864,0.00313702
3865,0.00313702
3866,0.00313701
3867,0.00313701
3868,0.00313701
3869,0.00313701
3870,0.003137
3871,0.00313701
3872,0.00313701
3873,0.00313701
3874,0.00313701
3875,0.00313701
3876,0.00313701
3877,0.00313701
3878,0.00312921
3879,0.00313698
3880,0.00313698
3881,0.00313667
3882,0.00313661
3883,0.00313661
3884,0.00312955
3885,0.00312955
3886,0.00312955
3887,0.00312955
3888,0.00312955
3889,0.00313196
3890,0.00313196
3891,0.00313196
3892,0.00313196
3893,0.00313196
3894,0.00313196
3895,0.003132
3896,0.00313777
3897,0.00312949
3898,0.00312949
3899,0.00313756
3900,0.00313753
3901,0.00313753
3902,0.00313753
3903,0.00313753
3904,0.00313864
3905,0.00313754
3906,0.00313754
3907,0.0031384
3908,0.0031384
3909,0.00313759
3910,0.00313759
3911,0.00313759
3912,0.00313759
3913,0.003139
3914,0.00313999
3915,0.00313082
3916,0.00315326
3917,0.00315882
3918,0.00315876
3919,0.00314539
3920,0.00313903
3921,0.00314539
3922,0.00313922
3923,0.0031454
3924,0.00315455
3925,0.00315455
3926,0.00315455
3927,0.0031514
3928,0.00315448
3929,0.00315437
3930,0.00315437
3931,0.00315416
3932,0.00314032
3933,0.00314042
3934,0.00314045
3935,0.00314032
3936,0.00314032
3937,0.00314032
3938,0.00313993
3939,0.00313993
3940,0.00313992
3941,0.00313992
3942,0.00313063
3943,0.00313063
3944,0.00313063
3945,0.00313885
3946,0.00313885
3947,0.00313617
3948,0.00313849
3949,0.00313617
3950,0.00313835
3951,0.003137
3952,0.00313696
3953,0.00313617
3954,0.00313616
3955,0.00313612
3956,0.00313605
3957,0.00313586
3958,0.00313576
3959,0.00312886
3960,0.00312886
3961,0.00312906
3962,0.0031361
3963,0.0031361
3964,0.00312915
3965,0.00313595
3966,0.00313595
3967,0.00313595
3968,0.00313
3969,0.00313
3970,0.00313
3971,0.00313595
3972,0.00313
3973,0.00313
3974,0.00313007
3975,0.00313011
3976,0.00313018
3977,0.00313595
3978,0.00313607
3979,0.00313613
3980,0.00313613
3981,0.00313613
3982,0.00313613
3983,0.00313613
3984,0.00313613
3985,0.00313613
3986,0.00313612
3987,0.00313612
3988,0.00313612
3989,0.00313612
3990,0.00313607
3991,0.00313607
3992,0.00313611
3993,0.00313611
3994,0.00313611
3995,0.00313611
3996,0.00312618
3997,0.00312618
3998,0.00312618
3999,0.00312618
4000,0.00312615
4001,0.00312541
4002,0.00312541
4003,0.00312543
4004,0.00312399
4005,0.00312399
4006,0.00312302
4007,0.00312302
4008,0.00312302
4009,0.00312302
4010,0.00312301
4011,0.00312302
4012,0.00312541
4013,0.00312541
4014,0.00312541
4015,0.00312541
4016,0.003123
4017,0.003123
4018,0.00312912
4019,0.00312301
4020,0.003123
4021,0.00311883
4022,0.00312286
4023,0.00311884
4024,0.00311884
4025,0.00311884
4026,0.00311884
4027,0.00311882
4028,0.00311882
4029,0.00311881
4030,0.00310999
4031,0.00310995
4032,0.00310989
4033,0.00310969
4034,0.00310964
4035,0.0031095
4036,0.0031095
4037,0.00310951
4038,0.00310951
4039,0.00310951
4040,0.00310951
4041,0.00310948
4042,0.0031094
4043,0.00310396
4044,0.00310919
4045,0.003109
4046,0.00310396
4047,0.00311
4048,0.00311
4049,0.00311
4050,0.00310419
4051,0.00310419
4052,0.00310419
4053,0.00310448
4054,0.0031041
4055,0.0031041
4056,0.00311275
4057,0.00310412
4058,0.00311292
4059,0.00310396
4060,0.00310396
4061,0.00310396
4062,0.00310396
4063,0.00310396
4064,0.00310396
4065,0.00310396
4066,0.00310396
4067,0.00310396
4068,0.00310396
4069,0.00310396
4070,0.00310396
4071,0.00310396
4072,0.00311916
4073,0.00311916
4074,0.00310859
4075,0.00310859
4076,0.00310859
4077,0.00311851
4078,0.00311696
4079,0.00311691
4080,0.00311674
4081,0.00311667
4082,0.00311658
4083,0.00310861
4084,0.00310858
4085,0.0031045
4086,0.00310396
4087,0.00310396
4088,0.00310396
4089,0.00310802
4090,0.00310799
4091,0.00312147
4092,0.00312147
4093,0.00312147
4094,0.00312147
4095,0.00312107
4096,0.00312095
4097,0.00312092
4098,0.00312086
4099,0.00312086
4100,0.00311012
4101,0.00311996
4102,0.00311996
4103,0.0031106
4104,0.0031106
4105,0.0031106
4106,0.0031134
4107,0.0031134
4108,0.0031134
4109,0.00311666
4110,0.00311666
4111,0.00311666
4112,0.00311358
4113,0.00311323
4114,0.00311667
4115,0.00311666
4116,0.00311666
4117,0.00310827
4118,0.00310827
4119,0.0031163
4120,0.0031163
4121,0.00311603
4122,0.00311603
4123,0.00310984
4124,0.00310979
4125,0.00310979
4126,0.00309699
4127,0.00309699
4128,0.00309699
4129,0.00309699
4130,0.00309685
4131,0.00309699
4132,0.00309699
4133,0.00309699
4134,0.00309686
4135,0.00309685
4136,0.00309686
4137,0.00308643
4138,0.00308
4139,0.00308
4140,0.00308999
4141,0.00308995
4142,0.00308995
4143,0.00308979
4144,0.00308
4145,0.00309424
4146,0.00309414
4147,0.00309411
4148,0.00309399
4149,0.00308266
4150,0.00309379
4151,0.00308043
4152,0.00308043
4153,0.00308008
4154,0.00308012
4155,0.00308012
4156,0.00308029
4157,0.00308029
4158,0.00308029
4159,0.00308029
4160,0.00309099
4161,0.00309092
4162,0.00309092
4163,0.0030905
4164,0.00309066
4165,0.0030906
4166,0.00309051
4167,0.00309051
4168,0.00308302
4169,0.00309048
4170,0.00309048
4171,0.00309048
4172,0.003082
4173,0.00309034
4174,0.00309027
4175,0.00309027
4176,0.00309027
4177,0.00309027
4178,0.0030753
4179,0.00308197
4180,0.00307763
4181,0.00307763
4182,0.00307763
4183,0.00307763
4184,0.00308141
4185,0.00308141
4186,0.00307769
4187,0.00308092
4188,0.00308092
4189,0.00308092
4190,0.00308092
4191,0.00308044
4192,0.003071
4193,0.00307
4194,0.0030802
4195,0.00307765
4196,0.00307762
4197,0.00307753
4198,0.00307103
4199,0.00307731
4200,0.00307726
4201,0.00307726
4202,0.00307726
4203,0.00307726
4204,0.00307726
4205,0.00307726
4206,0.00307767
4207,0.00307767
4208,0.00307767
4209,0.00307101
4210,0.00307097
4211,0.00307095
4212,0.00307001
4213,0.00307
4214,0.003065
4215,0.00306159
4216,0.0030616
4217,0.00306441
4218,0.0030616
4219,0.00306441
4220,0.00306753
4221,0.00306749
4222,0.00306301
4223,0.00306501
4224,0.00306301
4225,0.003063
4226,0.00306297
4227,0.00306291
4228,0.00306291
4229,0.00306276
4230,0.00306267
4231,0.0030616
4232,0.0030616
4233,0.0030616
4234,0.00306159
4235,0.00306784
4236,0.00306776
4237,0.0030616
4238,0.0030616
4239,0.00306746
4240,0.00306159
4241,0.00306159
4242,0.00306143
4243,0.003061
4244,0.003061
4245,0.0030597
4246,0.00305915
4247,0.00305918
4248,0.00305918
4249,0.00305918
4250,0.00306
4251,0.00306
4252,0.00306
4253,0.00306
4254,0.00306
4255,0.00307058
4256,0.00306001
4257,0.00307037
4258,0.00306004
4259,0.00307019
4260,0.00307019
4261,0.00307019
4262,0.00307019
4263,0.00306794
4264,0.00306794
4265,0.00306772
4266,0.00306758
4267,0.00306758
4268,0.00306758
4269,0.00306012
4270,0.00306012
4271,0.00306662
4272,0.00306013
4273,0.00306636
4274,0.00306635
4275,0.00306012
4276,0.00306012
4277,0.00306593
4278,0.00306001
4279,0.00305003
4280,0.00305
4281,0.00305
4282,0.00305
4283,0.00304986
