0,0.09860542
1,0.09860542
2,0.09860542
3,0.0985379
4,0.09853789
5,0.0985379
6,0.098601
7,0.0985379
8,0.09853789
9,0.09859999
10,0.09859999
11,0.09860495
12,0.09853789
13,0.0986049
14,0.09853789
15,0.09853789
16,0.09853789
17,0.09860499
18,0.09860499
19,0.09860499
20,0.09860493
21,0.09849257
22,0.09849257
23,0.0984052
24,0.09840527
25,0.09849257
26,0.09840549
27,0.09849256
28,0.09860497
29,0.09860497
30,0.09849257
31,0.09849256
32,0.09849256
33,0.09860605
34,0.09865322
35,0.09865322
36,0.09850502
37,0.09850502
38,0.09859
39,0.09865322
40,0.09859001
41,0.09859001
42,0.09850558
43,0.09868943
44,0.09858999
45,0.09858997
46,0.09850496
47,0.09859
48,0.09850508
49,0.09850519
50,0.09850526
51,0.0986476
52,0.09864753
53,0.09864743
54,0.09863997
55,0.09863997
56,0.09864739
57,0.09864736
58,0.09859105
59,0.09859105
60,0.09849329
61,0.098591
62,0.09868954
63,0.098591
64,0.09870604
65,0.09870603
66,0.09870604
67,0.09851006
68,0.09870598
69,0.09870604
70,0.09853022
71,0.098701
72,0.09856
73,0.09860007
74,0.09860007
75,0.09860113
76,0.098701
77,0.09860136
78,0.0987066
79,0.09860145
80,0.09872074
81,0.09860168
82,0.09872071
83,0.09872071
84,0.09874014
85,0.09874
86,0.09874
87,0.09874
88,0.09875807
89,0.09874
90,0.09875808
91,0.09875
92,0.09875
93,0.098758
94,0.0988
95,0.0988
96,0.09875801
97,0.09875812
98,0.09876543
99,0.09876651
100,0.098858
101,0.09876655
102,0.09876639
103,0.09877543
104,0.09886992
105,0.09886992
106,0.09886531
107,0.09877556
108,0.09877559
109,0.09877558
110,0.0987755
111,0.0986713
112,0.09877486
113,0.09860019
114,0.09860019
115,0.0987746
116,0.0987745
117,0.09877434
118,0.09860051
119,0.09877339
120,0.0987733
121,0.09860075
122,0.09860087
123,0.09860093
124,0.09877288
125,0.09860114
126,0.0986
127,0.09876989
128,0.09842469
129,0.09859996
130,0.09840009
131,0.09840009
132,0.09842467
133,0.09842476
134,0.09859038
135,0.09859027
136,0.09859009
137,0.09858993
138,0.09858977
139,0.09860081
140,0.09860078
141,0.09852332
142,0.09860096
143,0.09858991
144,0.09859
145,0.0985901
146,0.09876997
147,0.09859035
148,0.09876985
149,0.0985905
150,0.09876897
151,0.09876894
152,0.09876894
153,0.098769
154,0.09876899
155,0.098769
156,0.09876997
157,0.098769
158,0.098769
159,0.09859542
160,0.09876993
161,0.09876989
162,0.09859577
163,0.09876971
164,0.09876971
165,0.09877
166,0.09876971
167,0.09876971
168,0.09859018
169,0.09859634
170,0.09859634
171,0.0987695
172,0.0987694
173,0.09876927
174,0.09876916
175,0.0985963
176,0.0985963
177,0.09859629
178,0.09859629
179,0.09859629
180,0.09859629
181,0.09859628
182,0.09859627
183,0.09859627
184,0.09859627
185,0.0985963
186,0.0985963
187,0.09859629
188,0.09847771
189,0.0985963
190,0.0985963
191,0.0985963
192,0.09876714
193,0.09843491
194,0.0985963
195,0.09874715
196,0.09874706
197,0.09843523
198,0.09874684
199,0.09843542
200,0.09844005
201,0.09869474
202,0.09869467
203,0.09844015
204,0.09869447
205,0.09844025
206,0.09869431
207,0.09869399
208,0.09869385
209,0.0984407
210,0.09845
211,0.09867655
212,0.0983486
213,0.0983486
214,0.098641
215,0.09863099
216,0.09862095
217,0.09817853
218,0.09817856
219,0.09858097
220,0.0981787
221,0.09820013
222,0.09853125
223,0.09844694
224,0.09855585
225,0.09855582
226,0.09855574
227,0.09855574
228,0.09861582
229,0.09855566
230,0.09834569
231,0.09834569
232,0.09855554
233,0.09855549
234,0.09855554
235,0.09855548
236,0.09855551
237,0.09877559
238,0.09859811
239,0.09877556
240,0.09859842
241,0.09877559
242,0.09859858
243,0.09860012
244,0.09877466
245,0.09877559
246,0.0988106
247,0.09872466
248,0.09872466
249,0.09860078
250,0.09860084
251,0.09860087
252,0.09860087
253,0.09855551
254,0.09855554
255,0.09869532
256,0.09855572
257,0.0986952
258,0.09869508
259,0.09850006
260,0.09850003
261,0.09850002
262,0.0985
263,0.0985
264,0.0984882
265,0.09852139
266,0.09847082
267,0.09847082
268,0.09829101
269,0.09845313
270,0.098261
271,0.09845227
272,0.09845221
273,0.09838932
274,0.09838935
275,0.0983893
276,0.0983893
277,0.09838921
278,0.09844924
279,0.09845227
280,0.09845227
281,0.09845227
282,0.09845258
283,0.0982003
284,0.09845246
285,0.09820036
286,0.09820039
287,0.09820044
288,0.09820047
289,0.09820037
290,0.09841032
291,0.09841026
292,0.09841026
293,0.09840982
294,0.09840885
295,0.09840878
296,0.0982008
297,0.0982008
298,0.0983
299,0.09840487
300,0.0984034
301,0.09830151
302,0.09840099
303,0.0983799
304,0.0983015
305,0.09829993
306,0.09829912
307,0.09829902
308,0.09829895
309,0.09800075
310,0.09829885
311,0.09820006
312,0.09820006
313,0.09830151
314,0.09830151
315,0.09829892
316,0.0983
317,0.09820022
318,0.09820022
319,0.09820045
320,0.09820045
321,0.09820045
322,0.0984953
323,0.09844595
324,0.09820096
325,0.09820096
326,0.0982012
327,0.09819994
328,0.09819991
329,0.0982
330,0.09810103
331,0.09801043
332,0.09819991
333,0.0980107
334,0.09819985
335,0.09819978
336,0.09801115
337,0.09820123
338,0.09849397
339,0.09820139
340,0.09820139
341,0.09848938
342,0.09848938
343,0.09820349
344,0.09849408
345,0.0982066
346,0.09849408
347,0.09849408
348,0.09849408
349,0.09849408
350,0.09849408
351,0.09849408
352,0.09852389
353,0.09820952
354,0.09820958
355,0.09849997
356,0.09849408
357,0.0985
358,0.09820999
359,0.09821014
360,0.09849999
361,0.09821037
362,0.09849993
363,0.09849993
364,0.0982357
365,0.09849977
366,0.0982359
367,0.09849956
368,0.09823607
369,0.09823607
370,0.09823638
371,0.09849934
372,0.09825201
373,0.09826412
374,0.09826411
375,0.09826411
376,0.09826411
377,0.09826411
378,0.09849888
379,0.09829082
380,0.09849881
381,0.09849881
382,0.09849884
383,0.09849884
384,0.09849884
385,0.09849973
386,0.09849973
387,0.09849973
388,0.0984984
389,0.09838975
390,0.09838979
391,0.09838991
392,0.09831809
393,0.09849785
394,0.09832321
395,0.0984
396,0.09839899
397,0.09839897
398,0.09825017
399,0.0984
400,0.0984
401,0.09825055
402,0.09832333
403,0.09832324
404,0.09832318
405,0.09832312
406,0.09804514
407,0.098323
408,0.09804603
409,0.09804619
410,0.09839997
411,0.09804633
412,0.09804839
413,0.09804839
414,0.09839997
415,0.09839996
416,0.09839996
417,0.09839996
418,0.09839995
419,0.0980705
420,0.0980705
421,0.09839995
422,0.0980708
423,0.09839991
424,0.09839991
425,0.09839991
426,0.09839979
427,0.09839979
428,0.09808151
429,0.0980816
430,0.09808238
431,0.09820003
432,0.09832265
433,0.09832259
434,0.09828235
435,0.09808264
436,0.09828208
437,0.09828199
438,0.09828199
439,0.09808302
440,0.09808328
441,0.09828208
442,0.09849969
443,0.09849973
444,0.0984997
445,0.09849967
446,0.09849973
447,0.09849973
448,0.09849973
449,0.09849973
450,0.09849979
451,0.09849998
452,0.0985
453,0.09850011
454,0.09850354
455,0.09850357
456,0.09850506
457,0.09861267
458,0.09861253
459,0.09861249
460,0.09850354
461,0.09832274
462,0.09832277
463,0.09861004
464,0.0986099
465,0.09832275
466,0.09832275
467,0.0986095
468,0.0986095
469,0.09832276
470,0.09832275
471,0.09832275
472,0.09832275
473,0.09832275
474,0.09832275
475,0.09832275
476,0.09832275
477,0.09832275
478,0.09832274
479,0.09842107
480,0.09842107
481,0.09832274
482,0.09832274
483,0.09850267
484,0.09850267
485,0.09833301
486,0.09833301
487,0.09833301
488,0.09850198
489,0.09850192
490,0.09833301
491,0.09832274
492,0.0985014
493,0.09832274
494,0.09832275
495,0.09832275
496,0.09832275
497,0.09850066
498,0.09850045
499,0.09832274
500,0.09832274
501,0.09832274
502,0.09849988
503,0.09832275
504,0.09832274
505,0.09832275
506,0.09832275
507,0.09849933
508,0.09849921
509,0.09849921
510,0.09832298
511,0.09832274
512,0.09849876
513,0.09849867
514,0.0984
515,0.09849846
516,0.0984
517,0.09832825
518,0.09832828
519,0.0984
520,0.0984
521,0.09849786
522,0.0984978
523,0.098328
524,0.098328
525,0.09849756
526,0.09849756
527,0.09832298
528,0.09842105
529,0.09832304
530,0.09832356
531,0.09849693
532,0.09849693
533,0.09832377
534,0.09849669
535,0.09849663
536,0.09842105
537,0.09842105
538,0.09849633
539,0.09832527
540,0.09849611
541,0.09849602
542,0.09849602
543,0.09849578
544,0.09849575
545,0.09849562
546,0.09849562
547,0.09833039
548,0.09849497
549,0.09849497
550,0.09849497
551,0.09849497
552,0.09849497
553,0.09849454
554,0.09842872
555,0.098495
556,0.09849452
557,0.09850354
558,0.09849536
559,0.09849539
560,0.09852105
561,0.0986105
562,0.09855485
563,0.09855488
564,0.09855488
565,0.09856009
566,0.09856009
567,0.0987
568,0.09878217
569,0.09860503
570,0.09869491
571,0.09869491
572,0.09860901
573,0.09850363
574,0.09850363
575,0.09850354
576,0.0986019
577,0.09850354
578,0.09859954
579,0.0985988
580,0.09859797
581,0.09858987
582,0.0985
583,0.09848999
584,0.09840003
585,0.09848994
586,0.09848988
587,0.09832274
588,0.09840006
589,0.09840003
590,0.09839919
591,0.09839837
592,0.09832274
593,0.09838
594,0.09838
595,0.09832274
596,0.0983793
597,0.09837857
598,0.09832274
599,0.09837645
600,0.09832274
601,0.09832274
602,0.09832274
603,0.09832274
604,0.0983005
605,0.09833709
606,0.09836997
607,0.0983699
608,0.09836976
609,0.09836976
610,0.09836944
611,0.09836931
612,0.09833706
613,0.09833703
614,0.098337
615,0.09823635
616,0.09823648
617,0.0983699
618,0.09836987
619,0.09836972
620,0.09836966
621,0.0984
622,0.0984
623,0.0984
624,0.09839997
625,0.09824045
626,0.0983
627,0.09836809
628,0.09836809
629,0.09859875
630,0.09850297
631,0.098609
632,0.09851304
633,0.09863539
634,0.09851511
635,0.09851521
636,0.09851521
637,0.09851535
638,0.09860145
639,0.09851563
640,0.09863959
641,0.09851574
642,0.09863947
643,0.09851594
644,0.09863926
645,0.0986392
646,0.09862
647,0.09852103
648,0.09863
649,0.09852109
650,0.09862994
651,0.0985211
652,0.09862985
653,0.09862973
654,0.09862973
655,0.09851601
656,0.09851601
657,0.09863
658,0.09863
659,0.09863
660,0.09863004
661,0.09863004
662,0.09863203
663,0.09865363
664,0.0986491
665,0.09865362
666,0.09864913
667,0.09864918
668,0.09865363
669,0.09865363
670,0.09865363
671,0.0986998
672,0.0986998
673,0.09869998
674,0.0986998
675,0.09865378
676,0.09865378
677,0.09865363
678,0.09865381
679,0.09875
680,0.09875
681,0.09865405
682,0.09875003
683,0.098778
684,0.0987781
685,0.09875009
686,0.09875015
687,0.09875018
688,0.09875018
689,0.09877809
690,0.09877809
691,0.09875
692,0.09884874
693,0.09877809
694,0.09875
695,0.09875
696,0.09884851
697,0.09875
698,0.09875
699,0.0988477
700,0.09875003
701,0.09884869
702,0.09875001
703,0.09875001
704,0.09875005
705,0.09875003
706,0.09875003
707,0.09875003
708,0.09875003
709,0.09875003
710,0.09875003
711,0.09875
712,0.09884739
713,0.09884884
714,0.09886736
715,0.0988488
716,0.09875
717,0.09882898
718,0.09882898
719,0.09884884
720,0.09886721
721,0.09886721
722,0.09886716
723,0.09884879
724,0.0988488
725,0.0989097
726,0.0989097
727,0.0989476
728,0.0989097
729,0.099
730,0.099
731,0.09890972
732,0.09890972
733,0.099
734,0.099
735,0.099
736,0.09900742
737,0.09900742
738,0.09901
739,0.09901748
740,0.09901748
741,0.09901748
742,0.09902901
743,0.09903
744,0.09907689
745,0.09907683
746,0.09901748
747,0.09901748
748,0.0990768
749,0.09903
750,0.09905
751,0.09903002
752,0.09903
753,0.09907678
754,0.09907678
755,0.09907716
756,0.09907713
757,0.09907709
758,0.09907705
759,0.09903
760,0.09903
761,0.099077
762,0.09903
763,0.09903
764,0.09907689
765,0.09907689
766,0.09903
767,0.09907675
768,0.09903001
769,0.09903001
770,0.09903001
771,0.09907659
772,0.09903
773,0.09903
774,0.09901
775,0.09903
776,0.09901
777,0.09907
778,0.09907
779,0.09903
780,0.09903
781,0.09893076
782,0.09893079
783,0.09907633
784,0.09907633
785,0.09893097
786,0.09890971
787,0.09888708
788,0.0990299
789,0.09888711
790,0.09888711
791,0.0989
792,0.0989
793,0.09857224
794,0.09889991
795,0.09889976
796,0.09857535
797,0.0989
798,0.09902937
799,0.09902939
800,0.09867228
801,0.09902939
802,0.0989
803,0.09902939
804,0.09902939
805,0.09902939
806,0.09870029
807,0.09870044
808,0.09870056
809,0.099
810,0.0990278
811,0.09902776
812,0.09870116
813,0.09870116
814,0.0989
815,0.0987296
816,0.09872978
817,0.09872994
818,0.0989
819,0.09873014
820,0.09873023
821,0.09882847
822,0.09889994
823,0.09889994
824,0.09894097
825,0.09894097
826,0.09894097
827,0.098941
828,0.09894097
829,0.09894103
830,0.09903991
831,0.09907405
832,0.09902991
833,0.0989
834,0.09894103
835,0.0989
836,0.09882849
837,0.0989
838,0.09882854
839,0.09850233
840,0.09873011
841,0.09882838
842,0.09882832
843,0.09882832
844,0.09882832
845,0.09877891
846,0.09899954
847,0.09899954
848,0.09899954
849,0.09884193
850,0.09884193
851,0.0988419
852,0.09899854
853,0.09899854
854,0.09899955
855,0.09867665
856,0.0986768
857,0.09867684
858,0.09904986
859,0.09904978
860,0.099
861,0.09890001
862,0.09904971
863,0.0989
864,0.0989
865,0.09904799
866,0.09867863
867,0.09904697
868,0.09903965
869,0.09904473
870,0.09903965
871,0.09904389
872,0.09903965
873,0.09903886
874,0.0990373
875,0.09879011
876,0.0986915
877,0.09903487
878,0.09903481
879,0.09903481
880,0.09903
881,0.09903448
882,0.09903441
883,0.09903428
884,0.09903428
885,0.09903412
886,0.09903412
887,0.09890001
888,0.09879592
889,0.09890003
890,0.09890003
891,0.09903355
892,0.09903341
893,0.09890018
894,0.09890015
895,0.09902989
896,0.09890016
897,0.09890016
898,0.09890018
899,0.09890021
900,0.09902951
901,0.0989
902,0.09902935
903,0.09902927
904,0.09869173
905,0.09869173
906,0.09869179
907,0.09869179
908,0.099029
909,0.09899886
910,0.09899886
911,0.09869303
912,0.09899867
913,0.098713
914,0.09871316
915,0.09899851
916,0.09899839
917,0.09899839
918,0.09899821
919,0.09860003
920,0.09899806
921,0.09860022
922,0.09869992
923,0.09870001
924,0.09870001
925,0.09870001
926,0.09870001
927,0.09899638
928,0.0989962
929,0.09871516
930,0.09899617
931,0.09899636
932,0.099
933,0.09903649
934,0.09899879
935,0.09899879
936,0.09904969
937,0.09904967
938,0.09904966
939,0.09899629
940,0.09905
941,0.0990497
942,0.09904974
943,0.0990497
944,0.0990497
945,0.0990497
946,0.09907644
947,0.0991
948,0.09899635
949,0.0989003
950,0.0991856
951,0.099
952,0.099184
953,0.09887543
954,0.09851904
955,0.09889511
956,0.0988949
957,0.09889484
958,0.09870008
959,0.09870017
960,0.09870034
961,0.09870047
962,0.09889457
963,0.09889445
964,0.09851972
965,0.09870068
966,0.09869097
967,0.09869089
968,0.098681
969,0.0984843
970,0.09852001
971,0.09851826
972,0.09851833
973,0.09851827
974,0.09865491
975,0.09865485
976,0.09851856
977,0.09865476
978,0.09865473
979,0.09851889
980,0.09852007
981,0.0986189
982,0.09851826
983,0.09861809
984,0.0985985
985,0.09831376
986,0.09838324
987,0.09831379
988,0.09831379
989,0.09859747
990,0.09856019
991,0.09831379
992,0.09831373
993,0.09831373
994,0.09810982
995,0.09810982
996,0.09857962
997,0.09857953
998,0.0985794
999,0.09857932
1000,0.09857915
1001,0.09849996
1002,0.0973
1003,0.09848926
1004,0.09830889
1005,0.0983088
1006,0.09829999
1007,0.09828145
1008,0.09828136
1009,0.0982813
1010,0.09820004
1011,0.09839922
1012,0.09820026
1013,0.09846363
1014,0.09820056
1015,0.09846365
1016,0.09846365
1017,0.0984
1018,0.09820094
1019,0.09820094
1020,0.09820112
1021,0.09829913
1022,0.0982003
1023,0.09838429
1024,0.0983836
1025,0.09802155
1026,0.09802159
1027,0.09802159
1028,0.0982977
1029,0.09802181
1030,0.09829674
1031,0.09826653
1032,0.0982665
1033,0.0982656
1034,0.09805541
1035,0.09826545
1036,0.09817906
1037,0.09799994
1038,0.098
1039,0.09785
1040,0.098
1041,0.0982
1042,0.0982
1043,0.0982
1044,0.09819929
1045,0.097995
1046,0.098
1047,0.098
1048,0.098
1049,0.09793007
1050,0.09793006
1051,0.09780866
1052,0.09780877
1053,0.09780882
1054,0.09780895
1055,0.09789991
1056,0.0978899
1057,0.09789981
1058,0.09789965
1059,0.09789969
1060,0.09789959
1061,0.09789953
1062,0.0978
1063,0.0978
1064,0.09778998
1065,0.09778998
1066,0.09755471
1067,0.09789957
1068,0.09789977
1069,0.09789977
1070,0.09770026
1071,0.09780006
1072,0.09780006
1073,0.09789945
1074,0.09780016
1075,0.09780019
1076,0.0979995
1077,0.0979995
1078,0.09799925
1079,0.09789947
1080,0.09789946
1081,0.0977009
1082,0.0977009
1083,0.09789938
1084,0.09789932
1085,0.09789926
1086,0.09770131
1087,0.09770131
1088,0.09770149
1089,0.0978939
1090,0.0978
1091,0.0978
1092,0.0978907
1093,0.09770138
1094,0.09788859
1095,0.0978879
1096,0.0977
1097,0.09770134
1098,0.09770128
1099,0.09769997
1100,0.09769985
1101,0.0978
1102,0.09770001
1103,0.0982336
1104,0.0982329
1105,0.09770029
1106,0.09823216
1107,0.09798656
1108,0.09770071
1109,0.09770089
1110,0.09798656
1111,0.09798656
1112,0.0977019
1113,0.09770276
1114,0.09770276
1115,0.09798372
1116,0.09822674
1117,0.09822674
1118,0.09822674
1119,0.09822674
1120,0.09846363
1121,0.0984636
1122,0.09846356
1123,0.0984636
1124,0.09846099
1125,0.09846099
1126,0.09846098
1127,0.09846095
1128,0.09846098
1129,0.09846099
1130,0.09795691
1131,0.09846359
1132,0.09846359
1133,0.09846095
1134,0.09789081
1135,0.098
1136,0.09795691
1137,0.098
1138,0.09795725
1139,0.09838908
1140,0.09800009
1141,0.0980008
1142,0.0980008
1143,0.0984509
1144,0.09845089
1145,0.0982093
1146,0.09820936
1147,0.09820947
1148,0.09820956
1149,0.0982999
1150,0.09807737
1151,0.09829965
1152,0.09829952
1153,0.09829952
1154,0.09829952
1155,0.09829918
1156,0.09829904
1157,0.09820926
1158,0.09800086
1159,0.09809997
1160,0.09780001
1161,0.09790904
1162,0.09790991
1163,0.09809978
1164,0.09791084
1165,0.09809978
1166,0.09791109
1167,0.09791116
1168,0.0979113
1169,0.0982092
1170,0.0982092
1171,0.09791161
1172,0.09791175
1173,0.0979118
1174,0.09791186
1175,0.09819888
1176,0.09819876
1177,0.09819861
1178,0.098
1179,0.09819849
1180,0.09800016
1181,0.09819837
1182,0.09819824
1183,0.0981982
1184,0.0980005
1185,0.09819831
1186,0.09800059
1187,0.0980007
1188,0.09800088
1189,0.09809831
1190,0.09819831
1191,0.09819822
1192,0.09819823
1193,0.09819849
1194,0.09819849
1195,0.09800154
1196,0.09800162
1197,0.09800165
1198,0.09800187
1199,0.09800187
1200,0.09800206
1201,0.09800207
1202,0.09800218
1203,0.09809993
1204,0.09812491
1205,0.09809994
1206,0.09812488
1207,0.09802205
1208,0.09800229
1209,0.0980023
1210,0.0980023
1211,0.09812452
1212,0.09812491
1213,0.09811
1214,0.09811
1215,0.09812466
1216,0.09812466
1217,0.0981997
1218,0.09811
1219,0.09811
1220,0.09811
1221,0.09811
1222,0.09811
1223,0.09811
1224,0.09811
1225,0.09819907
1226,0.09811
1227,0.09800274
1228,0.0980028
1229,0.09800283
1230,0.0981
1231,0.09809497
1232,0.09800271
1233,0.09800274
1234,0.09800274
1235,0.09800274
1236,0.098002
1237,0.09762449
1238,0.09752852
1239,0.09752852
1240,0.09762593
1241,0.09752886
1242,0.09792398
1243,0.09799698
1244,0.09799698
1245,0.09762622
1246,0.09799499
1247,0.09799397
1248,0.0976563
1249,0.09751691
1250,0.09799085
1251,0.09799085
1252,0.09799062
1253,0.09798993
1254,0.0975139
1255,0.0975139
1256,0.09798955
1257,0.09798943
1258,0.09798931
1259,0.09798931
1260,0.09772
1261,0.09772003
1262,0.09798895
1263,0.09798892
1264,0.09772004
1265,0.09772
1266,0.09755001
1267,0.0977893
1268,0.09794989
1269,0.09780882
1270,0.09765
1271,0.09755142
1272,0.09780857
1273,0.09780838
1274,0.09780829
1275,0.09780829
1276,0.09769948
1277,0.09769947
1278,0.09765
1279,0.09765007
1280,0.09780787
1281,0.09780775
1282,0.09756
1283,0.09756
1284,0.09751361
1285,0.09751361
1286,0.09760503
1287,0.0977239
1288,0.097605
1289,0.0976
1290,0.0976
1291,0.0976998
1292,0.09769974
1293,0.09751362
1294,0.09769955
1295,0.09740005
1296,0.09769941
1297,0.09769929
1298,0.09769929
1299,0.09769935
1300,0.09774988
1301,0.09774989
1302,0.09751439
1303,0.09751448
1304,0.09751452
1305,0.0975
1306,0.09748935
1307,0.09748931
1308,0.09748928
1309,0.09748935
1310,0.09748935
1311,0.09748935
1312,0.09748928
1313,0.097489
1314,0.09748935
1315,0.0975
1316,0.0975
1317,0.09780882
1318,0.09765
1319,0.09754962
1320,0.09782151
1321,0.0978215
1322,0.09765017
1323,0.09784107
1324,0.0978411
1325,0.09805508
1326,0.09784131
1327,0.09799993
1328,0.0979998
1329,0.09799973
1330,0.09799959
1331,0.09799954
1332,0.09784184
1333,0.09799947
1334,0.09805505
1335,0.09799942
1336,0.09799936
1337,0.09784236
1338,0.09784236
1339,0.09799921
1340,0.09799921
1341,0.09799907
1342,0.09789991
1343,0.09789981
1344,0.0979
1345,0.09789987
1346,0.09820922
1347,0.09790011
1348,0.09790018
1349,0.09790507
1350,0.097901
1351,0.097998
1352,0.0976
1353,0.09799784
1354,0.09760001
1355,0.09760001
1356,0.09820797
1357,0.09760001
1358,0.09760001
1359,0.09760001
1360,0.09755
1361,0.09789991
1362,0.09759996
1363,0.09731702
1364,0.09759977
1365,0.0975997
1366,0.09731711
1367,0.09759944
1368,0.09741434
1369,0.09741434
1370,0.09759927
1371,0.09759927
1372,0.09759927
1373,0.09759921
1374,0.09740005
1375,0.09740005
1376,0.09735002
1377,0.09735003
1378,0.09735003
1379,0.09758865
1380,0.09735002
1381,0.09740004
1382,0.0974
1383,0.09740004
1384,0.09740004
1385,0.09740004
1386,0.09740004
1387,0.09740004
1388,0.09740004
1389,0.09720955
1390,0.09720955
1391,0.09731724
1392,0.09731724
1393,0.09731724
1394,0.09731724
1395,0.09731724
1396,0.09731723
1397,0.09720955
1398,0.09699697
1399,0.09720947
1400,0.09718998
1401,0.09718989
1402,0.09718979
1403,0.09718
1404,0.09717
1405,0.0971699
1406,0.09716983
1407,0.09716979
1408,0.09696954
1409,0.09716973
1410,0.09696954
1411,0.09680501
1412,0.09716968
1413,0.09716969
1414,0.09696955
1415,0.09696953
1416,0.09696953
1417,0.09657465
1418,0.09657503
1419,0.0965501
1420,0.0965501
1421,0.09696955
1422,0.09716968
1423,0.09697001
1424,0.09697001
1425,0.09716968
1426,0.097165
1427,0.09697028
1428,0.09716
1429,0.09696954
1430,0.09716493
1431,0.09668
1432,0.09676261
1433,0.09716968
1434,0.09677301
1435,0.09716967
1436,0.09697033
1437,0.09697033
1438,0.09697033
1439,0.09681806
1440,0.096827
1441,0.09697034
1442,0.09709981
1443,0.09709981
1444,0.09682906
1445,0.09699997
1446,0.09699997
1447,0.09699997
1448,0.097
1449,0.097
1450,0.097
1451,0.097
1452,0.097
1453,0.097
1454,0.0968703
1455,0.09663184
1456,0.09663205
1457,0.09699999
1458,0.09657809
1459,0.09659744
1460,0.0969703
1461,0.09697025
1462,0.09659834
1463,0.09695973
1464,0.09660066
1465,0.09667006
1466,0.0968863
1467,0.09688629
1468,0.09697033
1469,0.09667617
1470,0.09699984
1471,0.09699992
1472,0.09699999
1473,0.0968745
1474,0.0968745
1475,0.09675894
1476,0.09699993
1477,0.09699998
1478,0.09699991
1479,0.09699992
1480,0.09699991
1481,0.09699991
1482,0.09699991
1483,0.09690003
1484,0.09690012
1485,0.09690018
1486,0.09690027
1487,0.09699964
1488,0.0969996
1489,0.09699956
1490,0.09699953
1491,0.0969995
1492,0.0969005
1493,0.09690056
1494,0.09699971
1495,0.09690065
1496,0.097
1497,0.09690065
1498,0.097
1499,0.097
1500,0.09699992
1501,0.09699997
1502,0.09699991
1503,0.09699985
1504,0.09693339
1505,0.09699937
1506,0.096914
1507,0.096914
1508,0.09699928
1509,0.09699912
1510,0.09699912
1511,0.09699998
1512,0.09699998
1513,0.09699994
1514,0.09699995
1515,0.09684024
1516,0.0968403
1517,0.09699974
1518,0.0963
1519,0.09683329
1520,0.09683326
1521,0.09662669
1522,0.09683314
1523,0.09683314
1524,0.09716293
1525,0.09711075
1526,0.09716293
1527,0.09692995
1528,0.09693006
1529,0.0971
1530,0.09716968
1531,0.09716
1532,0.09716968
1533,0.09716968
1534,0.09716
1535,0.09716968
1536,0.09716968
1537,0.09711075
1538,0.09716968
1539,0.09716968
1540,0.09716968
1541,0.09716968
1542,0.09716968
1543,0.09716968
1544,0.09716968
1545,0.0974
1546,0.09749824
1547,0.09779889
1548,0.09779818
1549,0.09779881
1550,0.09745538
1551,0.098
1552,0.098
1553,0.09800001
1554,0.09801
1555,0.09801
1556,0.098
1557,0.09801004
1558,0.09801008
1559,0.09785031
1560,0.09799986
1561,0.09785043
1562,0.09785048
1563,0.09800997
1564,0.09785073
1565,0.09785097
1566,0.09785115
1567,0.09815001
1568,0.09819
1569,0.09819
1570,0.09826606
1571,0.09829989
1572,0.09819997
1573,0.09819997
1574,0.09819997
1575,0.09829986
1576,0.09829989
1577,0.09815102
1578,0.09829999
1579,0.09823258
1580,0.09823258
1581,0.09815119
1582,0.09823257
1583,0.09823258
1584,0.09823255
1585,0.09815001
1586,0.09815001
1587,0.09800503
1588,0.09800507
1589,0.09815001
1590,0.098
1591,0.09814497
1592,0.09800001
1593,0.098
1594,0.09800001
1595,0.09800001
1596,0.09800001
1597,0.09819975
1598,0.09766039
1599,0.09766039
1600,0.09766571
1601,0.09766039
1602,0.09819776
1603,0.09819619
1604,0.09819619
1605,0.0976604
1606,0.0976604
1607,0.09799984
1608,0.09799984
1609,0.09799969
1610,0.09799959
1611,0.09770003
1612,0.09770008
1613,0.09799935
1614,0.09799921
1615,0.09799913
1616,0.09799905
1617,0.09799826
1618,0.09771032
1619,0.09799811
1620,0.097998
1621,0.09771057
1622,0.09799643
1623,0.09771069
1624,0.097995
1625,0.09771072
1626,0.09771072
1627,0.0977
1628,0.0977
1629,0.09766038
1630,0.09769846
1631,0.09742308
1632,0.0975993
1633,0.0974172
1634,0.09749856
1635,0.09720004
1636,0.09720011
1637,0.09737027
1638,0.09737027
1639,0.0973703
1640,0.09720048
1641,0.0973703
1642,0.09730025
1643,0.09730025
1644,0.09737048
1645,0.09759992
1646,0.0978903
1647,0.0973708
1648,0.09737155
1649,0.09788995
1650,0.09788991
1651,0.09747576
1652,0.09749783
1653,0.09751962
1654,0.0975459
1655,0.09754621
1656,0.0975528
1657,0.09757807
1658,0.09760005
1659,0.09760072
1660,0.09760233
1661,0.09761274
1662,0.09762804
1663,0.09791956
1664,0.09763382
1665,0.0976346
1666,0.09770026
1667,0.09770101
1668,0.09817997
1669,0.09791956
1670,0.09791964
1671,0.09817997
1672,0.09817997
1673,0.0982406
1674,0.09800026
1675,0.09800032
1676,0.09804663
1677,0.0980467
1678,0.09804676
1679,0.098178
1680,0.09795463
1681,0.09798079
1682,0.09817509
1683,0.09817438
1684,0.09817429
1685,0.09817358
1686,0.098
1687,0.09783567
1688,0.09783567
1689,0.09783567
1690,0.09783567
1691,0.09783567
1692,0.09778018
1693,0.09778025
1694,0.09799974
1695,0.09799961
1696,0.09799949
1697,0.09799949
1698,0.09799934
1699,0.09799927
1700,0.0979991
1701,0.09799901
1702,0.0979991
1703,0.09777001
1704,0.09817114
1705,0.09817035
1706,0.09817028
1707,0.09799946
1708,0.09817011
1709,0.09816997
1710,0.09799947
1711,0.09816982
1712,0.09816978
1713,0.09799947
1714,0.09780107
1715,0.09780107
1716,0.09815473
1717,0.09815464
1718,0.09815464
1719,0.09815396
1720,0.09780151
1721,0.09780161
1722,0.09780177
1723,0.09780178
1724,0.0979999
1725,0.09799977
1726,0.09799964
1727,0.09799954
1728,0.09799954
1729,0.09789791
1730,0.09789791
1731,0.09797997
1732,0.09782193
1733,0.09797978
1734,0.09796993
1735,0.09780222
1736,0.09780225
1737,0.09795994
1738,0.09794996
1739,0.09780215
1740,0.09777001
1741,0.09789783
1742,0.09777011
1743,0.09809717
1744,0.09793
1745,0.09793
1746,0.09777038
1747,0.09777038
1748,0.09777008
1749,0.09802995
1750,0.09777012
1751,0.09777012
1752,0.09801753
1753,0.09753622
1754,0.0979284
1755,0.09753622
1756,0.09753621
1757,0.09792601
1758,0.0979237
1759,0.09753622
1760,0.09792226
1761,0.09792218
1762,0.09792218
1763,0.09792218
1764,0.09753637
1765,0.0976
1766,0.09752944
1767,0.09769949
1768,0.09769945
1769,0.09749901
1770,0.09769952
1771,0.09769952
1772,0.09769952
1773,0.09769952
1774,0.0977
1775,0.09770011
1776,0.09789307
1777,0.09789239
1778,0.09770033
1779,0.09789379
1780,0.09789385
1781,0.09799619
1782,0.09799612
1783,0.09789394
1784,0.09789401
1785,0.09799616
1786,0.09799619
1787,0.09789424
1788,0.09809999
1789,0.09789438
1790,0.09789457
1791,0.09789377
1792,0.09789377
1793,0.09809961
1794,0.09809961
1795,0.09809933
1796,0.09809915
1797,0.09809836
1798,0.09789376
1799,0.0980968
1800,0.0980968
1801,0.09799994
1802,0.09799988
1803,0.09799976
1804,0.0979997
1805,0.09799964
1806,0.09770521
1807,0.09799958
1808,0.09829929
1809,0.09799964
1810,0.09775946
1811,0.09799999
1812,0.09799999
1813,0.09799999
1814,0.09799997
1815,0.09776011
1816,0.09799961
1817,0.09799961
1818,0.09776044
1819,0.09776044
1820,0.09776083
1821,0.09776098
1822,0.09776098
1823,0.09776098
1824,0.09799891
1825,0.0979988
1826,0.09799876
1827,0.0977624
1828,0.09776245
1829,0.09799864
1830,0.09776273
1831,0.09776287
1832,0.09776291
1833,0.09776291
1834,0.09776291
1835,0.09789997
1836,0.09789991
1837,0.0977637
1838,0.0978
1839,0.0977639
1840,0.09789982
1841,0.09789982
1842,0.09789982
1843,0.09789982
1844,0.09789981
1845,0.09799999
1846,0.09780519
1847,0.098
1848,0.098
1849,0.09780541
1850,0.09799996
1851,0.09799996
1852,0.09799997
1853,0.098
1854,0.098
1855,0.09799999
1856,0.09780746
1857,0.09780746
1858,0.09780767
1859,0.09780772
1860,0.097997
1861,0.09799997
1862,0.09780803
1863,0.09799988
1864,0.09799894
1865,0.09799882
1866,0.09780915
1867,0.09780915
1868,0.09799852
1869,0.0979984
1870,0.0978192
1871,0.0978193
1872,0.09781936
1873,0.09799798
1874,0.09781951
1875,0.09799795
1876,0.09799792
1877,0.09782501
1878,0.09784505
1879,0.09799861
1880,0.09799861
1881,0.09799861
1882,0.09799861
1883,0.09810947
1884,0.09799863
1885,0.09799875
1886,0.09799878
1887,0.09799885
1888,0.09799889
1889,0.09799901
1890,0.09799901
1891,0.0981094
1892,0.09787058
1893,0.09789026
1894,0.09799862
1895,0.0978904
1896,0.09799862
1897,0.09799861
1898,0.0980969
1899,0.09799869
1900,0.09789056
1901,0.09789056
1902,0.09809687
1903,0.09809687
1904,0.09809677
1905,0.09789152
1906,0.09809665
1907,0.09809656
1908,0.0980965
1909,0.0980966
1910,0.09789221
1911,0.09810947
1912,0.09819
1913,0.09789278
1914,0.09789296
1915,0.09818999
1916,0.09818999
1917,0.0979
1918,0.09790017
1919,0.09818988
1920,0.09818989
1921,0.09818988
1922,0.09818988
1923,0.09818991
1924,0.09818988
1925,0.09818991
1926,0.09818991
1927,0.09818991
1928,0.09818988
1929,0.09818989
1930,0.09818988
1931,0.09818989
1932,0.09800148
1933,0.09800151
1934,0.09818997
1935,0.0983
1936,0.0980018
1937,0.09800187
1938,0.09800187
1939,0.09818969
1940,0.09818962
1941,0.09818891
1942,0.09800222
1943,0.09818791
1944,0.09818791
1945,0.0983
1946,0.0983
1947,0.09800264
1948,0.09800264
1949,0.09828606
1950,0.09819
1951,0.0983
1952,0.09829928
1953,0.0980227
1954,0.09802283
1955,0.09802295
1956,0.09802307
1957,0.09812061
1958,0.09812061
1959,0.0980021
1960,0.09802236
1961,0.09802237
1962,0.09818389
1963,0.0980224
1964,0.09818241
1965,0.09818158
1966,0.09812055
1967,0.09802249
1968,0.09802252
1969,0.09816927
1970,0.098
1971,0.098
1972,0.09800006
1973,0.09809397
1974,0.09800005
1975,0.09800001
1976,0.0978105
1977,0.0978105
1978,0.09781056
1979,0.09781056
1980,0.09781052
1981,0.0978105
1982,0.0978105
1983,0.0978105
1984,0.0979955
1985,0.09781062
1986,0.09799249
1987,0.09799249
1988,0.09799089
1989,0.09799007
1990,0.09781086
1991,0.09781086
1992,0.09781086
1993,0.09781087
1994,0.097986
1995,0.09781093
1996,0.09781086
1997,0.09781082
1998,0.0978105
1999,0.0978105
2000,0.0978091
2001,0.0976826
2002,0.09780743
2003,0.09762782
2004,0.09768253
2005,0.09760171
2006,0.09780642
2007,0.09749885
2008,0.09749885
2009,0.09769918
2010,0.09769903
2011,0.09769895
2012,0.09769883
2013,0.09769883
2014,0.09783544
2015,0.09749891
2016,0.09749898
2017,0.09769895
2018,0.09769895
2019,0.09769895
2020,0.09769895
2021,0.09783004
2022,0.0977
2023,0.0977
2024,0.0977
2025,0.09782969
2026,0.09781987
2027,0.09760533
2028,0.09760542
2029,0.09760542
2030,0.09760542
2031,0.09760173
2032,0.0974987
2033,0.0974987
2034,0.09760453
2035,0.09760169
2036,0.09783178
2037,0.09783178
2038,0.09750001
2039,0.09769
2040,0.09769
2041,0.09768988
2042,0.09781989
2043,0.09781977
2044,0.09750358
2045,0.09781974
2046,0.09781974
2047,0.09781974
2048,0.09781968
2049,0.09781998
2050,0.09781968
2051,0.09781997
2052,0.09760208
2053,0.09760223
2054,0.09781888
2055,0.09760241
2056,0.09760241
2057,0.09781
2058,0.09770001
2059,0.097817
2060,0.0978178
2061,0.09760311
2062,0.09760311
2063,0.09760311
2064,0.09760341
2065,0.09760344
2066,0.09781669
2067,0.0976035
2068,0.0976
2069,0.09760001
2070,0.09749992
2071,0.09781565
2072,0.09760347
2073,0.09760348
2074,0.09760347
2075,0.09781291
2076,0.09760347
2077,0.09760347
2078,0.09760347
2079,0.09737035
2080,0.09760338
2081,0.09737111
2082,0.09760314
2083,0.09760314
2084,0.09760298
2085,0.09760286
2086,0.09737077
2087,0.09760277
2088,0.09760277
2089,0.09760277
2090,0.09760274
2091,0.09760271
2092,0.09760271
2093,0.09760271
2094,0.09746802
2095,0.09746818
2096,0.09746818
2097,0.09746818
2098,0.09759299
2099,0.0975653
2100,0.09746873
2101,0.0973704
2102,0.09756
2103,0.09737058
2104,0.09755994
2105,0.09760271
2106,0.09760168
2107,0.09760151
2108,0.09737097
2109,0.0973703
2110,0.09760114
2111,0.09737039
2112,0.09737042
2113,0.09737042
2114,0.09745495
2115,0.0973703
2116,0.0973703
2117,0.09716961
2118,0.09744492
2119,0.09743497
2120,0.0971698
2121,0.09737027
2122,0.09737012
2123,0.09717015
2124,0.09736999
2125,0.0973699
2126,0.09736
2127,0.09735993
2128,0.0973599
2129,0.09735979
2130,0.09717084
2131,0.09735957
2132,0.09735957
2133,0.09735948
2134,0.09717122
2135,0.09717125
2136,0.09744983
2137,0.09727045
2138,0.09744977
2139,0.09744974
2140,0.09736987
2141,0.09744899
2142,0.09744895
2143,0.09744891
2144,0.09744886
2145,0.09744886
2146,0.09744045
2147,0.09744045
2148,0.09735953
2149,0.09744045
2150,0.09744041
2151,0.09744042
2152,0.09744045
2153,0.09727202
2154,0.09744899
2155,0.09727219
2156,0.09727219
2157,0.09744
2158,0.09744
2159,0.09730057
2160,0.09730068
2161,0.09730074
2162,0.09744987
2163,0.0975
2164,0.09766503
2165,0.097665
2166,0.097665
2167,0.09750013
2168,0.09750025
2169,0.09750025
2170,0.09750038
2171,0.09750056
2172,0.0975006
2173,0.09750031
2174,0.09750003
2175,0.09750003
2176,0.09750069
2177,0.0975
2178,0.09745003
2179,0.09745003
2180,0.09745006
2181,0.09745009
2182,0.09727044
2183,0.09717046
2184,0.09744991
2185,0.09717122
2186,0.09739981
2187,0.09717271
2188,0.09719184
2189,0.09719193
2190,0.09739941
2191,0.09739968
2192,0.09719239
2193,0.0974001
2194,0.09740017
2195,0.09740011
2196,0.0974001
2197,0.09738982
2198,0.09738969
2199,0.0971925
2200,0.09716961
2201,0.09718292
2202,0.09718292
2203,0.09738914
2204,0.09738905
2205,0.09722929
2206,0.09700241
2207,0.097
2208,0.09738856
2209,0.09738839
2210,0.09694559
2211,0.09737997
2212,0.09708292
2213,0.09707321
2214,0.09707321
2215,0.09719981
2216,0.09694586
2217,0.09694589
2218,0.0972906
2219,0.09729063
2220,0.09739959
2221,0.0973989
2222,0.09729075
2223,0.0972906
2224,0.0972906
2225,0.09738338
2226,0.09695267
2227,0.09695342
2228,0.09729038
2229,0.0972
2230,0.09719994
2231,0.09719982
2232,0.09695538
2233,0.09695548
2234,0.09700011
2235,0.09719979
2236,0.09700041
2237,0.0972
2238,0.09719979
2239,0.0972
2240,0.09719999
2241,0.097269
2242,0.09719999
2243,0.0972
2244,0.097269
2245,0.097269
2246,0.097269
2247,0.097269
2248,0.09710025
2249,0.09710025
2250,0.09738791
2251,0.09738792
2252,0.09738792
2253,0.09738792
2254,0.0974
2255,0.09739
2256,0.09715603
2257,0.09716106
2258,0.09716606
2259,0.09739962
2260,0.09716624
2261,0.09716639
2262,0.09729996
2263,0.0971665
2264,0.09700006
2265,0.09700012
2266,0.0971
2267,0.0969
2268,0.0971
2269,0.0969
2270,0.09709993
2271,0.09709986
2272,0.09709977
2273,0.09690003
2274,0.0970998
2275,0.0970998
2276,0.0970998
2277,0.0971665
2278,0.097
2279,0.09716645
2280,0.09716642
2281,0.09716639
2282,0.09716636
2283,0.09716645
2284,0.09716645
2285,0.09716634
2286,0.09716633
2287,0.09716642
2288,0.09716641
2289,0.09700005
2290,0.09716637
2291,0.09701103
2292,0.09702104
2293,0.09729999
2294,0.09716639
2295,0.09717103
2296,0.097186
2297,0.09729986
2298,0.09718617
2299,0.09718623
2300,0.09716637
2301,0.0970998
2302,0.09709987
2303,0.09700141
2304,0.09725761
2305,0.09700011
2306,0.09700079
2307,0.09700089
2308,0.09700103
2309,0.09700107
2310,0.09700112
2311,0.097
2312,0.09700006
2313,0.097154
2314,0.09698832
2315,0.09698847
2316,0.0969786
2317,0.09697884
2318,0.09700001
2319,0.097
2320,0.09700003
2321,0.097
2322,0.09700001
2323,0.0969786
2324,0.09681309
2325,0.09681319
2326,0.0968133
2327,0.0969689
2328,0.097
2329,0.09681362
2330,0.097
2331,0.09707491
2332,0.09720999
2333,0.09725998
2334,0.09709744
2335,0.09725999
2336,0.09725998
2337,0.0972601
2338,0.09726022
2339,0.0974
2340,0.0974
2341,0.09726051
2342,0.09726063
2343,0.09726071
2344,0.09726078
2345,0.09739892
2346,0.09735954
2347,0.09735954
2348,0.097395
2349,0.09726137
2350,0.097261
2351,0.09726101
2352,0.09726001
2353,0.09711516
2354,0.09711526
2355,0.09711527
2356,0.0971154
2357,0.09711551
2358,0.09711566
2359,0.09711576
2360,0.09714255
2361,0.09714265
2362,0.09714278
2363,0.09734007
2364,0.09734019
2365,0.09734035
2366,0.0977825
2367,0.09775602
2368,0.09773941
2369,0.09744493
2370,0.09786092
2371,0.09744499
2372,0.09744513
2373,0.09744525
2374,0.09744532
2375,0.09744536
2376,0.09750009
2377,0.09750019
2378,0.09751004
2379,0.09751081
2380,0.09751168
2381,0.09751179
2382,0.09751185
2383,0.09749109
2384,0.09749108
2385,0.0974491
2386,0.09744699
2387,0.09741989
2388,0.09740828
2389,0.09740832
2390,0.09740841
2391,0.0974084
2392,0.09784116
2393,0.09740568
2394,0.09740578
2395,0.09740597
2396,0.09782025
2397,0.09777803
2398,0.09754072
2399,0.09726581
2400,0.09729598
2401,0.09716478
2402,0.097136
2403,0.09753071
2404,0.09713581
2405,0.09706493
2406,0.09703582
2407,0.09663742
2408,0.09663758
2409,0.0967571
2410,0.09675722
2411,0.09697062
2412,0.09694151
2413,0.09677099
2414,0.09694131
2415,0.09677
2416,0.096647
2417,0.09664807
2418,0.09674195
2419,0.09650001
2420,0.09670008
2421,0.09667857
2422,0.09667857
2423,0.09691857
2424,0.09671292
2425,0.09671304
2426,0.09671317
2427,0.09671333
2428,0.0969182
2429,0.09691834
2430,0.09728
2431,0.09691858
2432,0.09691936
2433,0.09727975
2434,0.0969209
2435,0.09692174
2436,0.09692183
2437,0.09692193
2438,0.09692204
2439,0.09692211
2440,0.09692226
2441,0.0974229
2442,0.09742287
2443,0.09717877
2444,0.0971788
2445,0.0971789
2446,0.09717899
2447,0.09720841
2448,0.09720825
2449,0.09692331
2450,0.09716485
2451,0.09716494
2452,0.09716482
2453,0.09716491
2454,0.09717879
2455,0.09716482
2456,0.09697719
2457,0.09698697
2458,0.097135
2459,0.097135
2460,0.09713502
2461,0.09713513
2462,0.09713521
2463,0.09713525
2464,0.09713533
2465,0.09713543
2466,0.09713547
2467,0.09713553
2468,0.097135
2469,0.097135
2470,0.097165
2471,0.09716489
2472,0.09716502
2473,0.0971651
2474,0.09713506
2475,0.09713513
2476,0.09713523
2477,0.09713536
2478,0.09713612
2479,0.09713752
2480,0.09713827
2481,0.09714804
2482,0.09741558
2483,0.0974229
2484,0.09756416
2485,0.0974229
2486,0.09741557
2487,0.09741557
2488,0.09721539
2489,0.09721545
2490,0.09713836
2491,0.096963
2492,0.09697879
2493,0.0972155
2494,0.09699901
2495,0.09742299
2496,0.09710921
2497,0.09739376
2498,0.0971101
2499,0.09711023
2500,0.09711105
2501,0.0971167
2502,0.09758422
2503,0.0973
2504,0.0973
2505,0.09712316
2506,0.09712337
2507,0.09728181
2508,0.09728177
2509,0.09710921
2510,0.0969358
2511,0.09708714
2512,0.09708711
2513,0.09693671
2514,0.09708726
2515,0.09728178
2516,0.097257
2517,0.097257
2518,0.09714627
2519,0.0971463
2520,0.09714633
2521,0.09714614
2522,0.09728162
2523,0.09716568
2524,0.09716652
2525,0.0971673
2526,0.09728164
2527,0.09728164
2528,0.09728167
2529,0.09728167
2530,0.0972817
2531,0.0973
2532,0.0973
2533,0.0973
2534,0.0972816
2535,0.097277
2536,0.097276
2537,0.09725
2538,0.09727288
2539,0.09727282
2540,0.09727196
2541,0.09717226
2542,0.0972
2543,0.09727174
2544,0.09732997
2545,0.09727181
2546,0.09733
2547,0.09728003
2548,0.0974
2549,0.09731951
2550,0.097324
2551,0.09746966
2552,0.09746962
2553,0.09746941
2554,0.09733033
2555,0.09746923
2556,0.09733509
2557,0.09746908
2558,0.0974
2559,0.09758443
2560,0.09740001
2561,0.09740015
2562,0.09740506
2563,0.09760719
2564,0.0976072
2565,0.09760719
2566,0.0977225
2567,0.09760738
2568,0.09760739
2569,0.0976074
2570,0.09760734
2571,0.09760737
2572,0.09760737
2573,0.09749799
2574,0.09749803
2575,0.09749811
2576,0.09760733
2577,0.09749804
2578,0.0974123
2579,0.0975176
2580,0.09746872
2581,0.09746863
2582,0.09746853
2583,0.09746847
2584,0.09746838
2585,0.09746828
2586,0.09719334
2587,0.09727081
2588,0.09727075
2589,0.09727066
2590,0.09688208
2591,0.09688208
2592,0.09706835
2593,0.09727029
2594,0.09706845
2595,0.09706832
2596,0.09697806
2597,0.09698307
2598,0.09709469
2599,0.09718725
2600,0.09718726
2601,0.09709489
2602,0.0971581
2603,0.0971581
2604,0.0971581
2605,0.09706856
2606,0.09715809
2607,0.0970685
2608,0.09715801
2609,0.09686216
2610,0.096863
2611,0.0968638
2612,0.09686389
2613,0.09715761
2614,0.09686472
2615,0.0968648
2616,0.09715186
2617,0.09715178
2618,0.09694475
2619,0.09694492
2620,0.09694
2621,0.09694006
2622,0.09715693
2623,0.09694486
2624,0.09695504
2625,0.09696504
2626,0.09697
2627,0.09706211
2628,0.09744493
2629,0.097077
2630,0.09708207
2631,0.09709207
2632,0.09710203
2633,0.097127
2634,0.09713701
2635,0.09714703
2636,0.09715207
2637,0.09730001
2638,0.09730001
2639,0.09715228
2640,0.09730001
2641,0.09715244
2642,0.09715249
2643,0.09715258
2644,0.09715498
2645,0.09715504
2646,0.09715511
2647,0.0971552
2648,0.09715526
2649,0.09715535
2650,0.09715538
2651,0.09715492
2652,0.09715492
2653,0.09715492
2654,0.09715492
2655,0.09715532
2656,0.0971
2657,0.097
2658,0.09700006
2659,0.09700016
2660,0.09700025
2661,0.09700036
2662,0.0970004
2663,0.09700046
2664,0.0971
2665,0.09700065
2666,0.09700071
2667,0.09710001
2668,0.09700001
2669,0.0971
2670,0.09710006
2671,0.0971001
2672,0.09710019
2673,0.0972508
2674,0.09710027
2675,0.09700009
2676,0.09700016
2677,0.09715131
2678,0.09715134
2679,0.0971514
2680,0.09715143
2681,0.09715146
2682,0.09715152
2683,0.09715155
2684,0.09717101
2685,0.09715131
2686,0.09715248
2687,0.09715252
2688,0.09715259
2689,0.09715262
2690,0.09715243
2691,0.09715246
2692,0.09715131
2693,0.09715131
2694,0.09700015
2695,0.09697104
2696,0.09697101
2697,0.09697102
2698,0.09706808
2699,0.09697114
2700,0.0969712
2701,0.09697123
2702,0.09697126
2703,0.09680005
2704,0.09680086
2705,0.096801
2706,0.09680104
2707,0.09680113
2708,0.09680192
2709,0.09680197
2710,0.09680209
2711,0.09680361
2712,0.0968037
2713,0.09697102
2714,0.09697102
2715,0.09680399
2716,0.09680408
2717,0.09680416
2718,0.09697089
2719,0.0969708
2720,0.09696994
2721,0.0969711
2722,0.0969711
2723,0.0969711
2724,0.09694925
2725,0.09697101
2726,0.09680586
2727,0.09697099
2728,0.0969711
2729,0.09697108
2730,0.09697109
2731,0.09697123
2732,0.09697123
2733,0.09697122
2734,0.09697122
2735,0.09697122
2736,0.09697122
2737,0.09697122
2738,0.09697123
2739,0.09697123
2740,0.09697125
2741,0.09724563
2742,0.09724558
2743,0.09724558
2744,0.09724553
2745,0.09724553
2746,0.09706103
2747,0.09724507
2748,0.09706106
2749,0.096941
2750,0.096941
2751,0.097066
2752,0.097066
2753,0.09708109
2754,0.09724452
2755,0.09714947
2756,0.09714946
2757,0.09708119
2758,0.09724422
2759,0.09714947
2760,0.09714946
2761,0.09714928
2762,0.09694463
2763,0.09694463
2764,0.09694463
2765,0.09711935
2766,0.09711232
2767,0.09711229
2768,0.09694168
2769,0.09711214
2770,0.09711211
2771,0.09711208
2772,0.097149
2773,0.09711205
2774,0.0971494
2775,0.09697034
2776,0.09697034
2777,0.09714914
2778,0.09700007
2779,0.09715
2780,0.09724445
2781,0.09715018
2782,0.0972
2783,0.0972
2784,0.0972
2785,0.0972
2786,0.09720006
2787,0.09724445
2788,0.09736034
2789,0.09736903
2790,0.09736898
2791,0.09736885
2792,0.09739997
2793,0.09744499
2794,0.09744497
2795,0.0973002
2796,0.0973002
2797,0.09739996
2798,0.09739997
2799,0.09744498
2800,0.09744274
2801,0.09744498
2802,0.09744498
2803,0.09744498
2804,0.09744498
2805,0.09744498
2806,0.09744428
2807,0.097445
2808,0.09745001
2809,0.09778719
2810,0.09754715
2811,0.0977868
2812,0.09755706
2813,0.09778497
2814,0.09760009
2815,0.097773
2816,0.09760025
2817,0.09762
2818,0.0976003
2819,0.09762
2820,0.09769213
2821,0.09769137
2822,0.09769063
2823,0.0974701
2824,0.09761988
2825,0.09761988
2826,0.09747034
2827,0.09747038
2828,0.09761891
2829,0.09747
2830,0.09747039
2831,0.09747
2832,0.09747039
2833,0.09747029
2834,0.09744429
2835,0.0974144
2836,0.0974144
2837,0.09744429
2838,0.09744357
2839,0.09744357
2840,0.09744294
2841,0.09700291
2842,0.09744136
2843,0.0974413
2844,0.0974413
2845,0.09741006
2846,0.09744126
2847,0.09740001
2848,0.09740001
2849,0.0974
2850,0.0973707
2851,0.09737071
2852,0.09737059
2853,0.09737053
2854,0.09737044
2855,0.09711109
2856,0.09724081
2857,0.09724078
2858,0.09724082
2859,0.09727
2860,0.09726997
2861,0.09724082
2862,0.09720637
2863,0.09720641
2864,0.09720638
2865,0.09711168
2866,0.09711168
2867,0.09711
2868,0.097351
2869,0.09734956
2870,0.09734954
2871,0.09711001
2872,0.09711002
2873,0.09733975
2874,0.0973382
2875,0.09733806
2876,0.09733797
2877,0.09711002
2878,0.09711006
2879,0.09733768
2880,0.09733749
2881,0.09722984
2882,0.09733731
2883,0.09733725
2884,0.09733721
2885,0.09736698
2886,0.09740001
2887,0.09740001
2888,0.09740001
2889,0.097265
2890,0.09740001
2891,0.09740001
2892,0.09733727
2893,0.09733727
2894,0.09740001
2895,0.09740009
2896,0.09740018
2897,0.09740018
2898,0.09741503
2899,0.0975818
2900,0.09742503
2901,0.097342
2902,0.09739829
2903,0.09719213
2904,0.09738989
2905,0.097342
2906,0.097342
2907,0.097342
2908,0.09719999
2909,0.09719999
2910,0.09734039
2911,0.09734029
2912,0.09734027
2913,0.09720011
2914,0.09734016
2915,0.09720017
2916,0.0972002
2917,0.09738994
2918,0.09720047
2919,0.09733724
2920,0.09738999
2921,0.09738994
2922,0.09738994
2923,0.09738994
2924,0.09738994
2925,0.09738999
2926,0.09738994
2927,0.09739
2928,0.09738995
2929,0.09738994
2930,0.09738995
2931,0.09738994
2932,0.09738994
2933,0.09738999
2934,0.09738998
2935,0.09738999
2936,0.09730004
2937,0.09738981
2938,0.09736698
2939,0.0972012
2940,0.09736696
2941,0.09720133
2942,0.09736675
2943,0.09720151
2944,0.09724435
2945,0.09720133
2946,0.0971921
2947,0.09718797
2948,0.09718797
2949,0.09715975
2950,0.09715975
2951,0.09736648
2952,0.09712971
2953,0.09712971
2954,0.09736629
2955,0.09736629
2956,0.09736635
2957,0.097367
2958,0.097367
2959,0.09739
2960,0.09738999
2961,0.097367
2962,0.09739
2963,0.09739
2964,0.09739
2965,0.09739
2966,0.097367
2967,0.09739
2968,0.09736701
2969,0.09736701
2970,0.09716665
2971,0.09739
2972,0.09739
2973,0.09720035
2974,0.09720048
2975,0.09739
2976,0.09723001
2977,0.09729501
2978,0.097389
2979,0.09729519
2980,0.09731304
2981,0.097318
2982,0.09731805
2983,0.09731816
2984,0.09731821
2985,0.09739
2986,0.09739
2987,0.0973899
2988,0.09731504
2989,0.09739
2990,0.0973899
2991,0.09739
2992,0.09738198
2993,0.09739
2994,0.09739
2995,0.09739
2996,0.09735247
2997,0.09735247
2998,0.09739
2999,0.09739
3000,0.09739
3001,0.09732008
3002,0.09732504
3003,0.09729008
3004,0.09732701
3005,0.09739
3006,0.09739
3007,0.09739
3008,0.09733705
3009,0.09739
3010,0.09739
3011,0.09739
3012,0.09738508
3013,0.0975007
3014,0.0975007
3015,0.09740504
3016,0.0975007
3017,0.09743503
3018,0.09759994
3019,0.09759822
3020,0.09749995
3021,0.09749997
3022,0.09749998
3023,0.09749999
3024,0.09749999
3025,0.0975
3026,0.0975
3027,0.09749997
3028,0.09749994
3029,0.09749993
3030,0.09739033
3031,0.09749988
3032,0.0974998
3033,0.0974998
3034,0.0975
3035,0.09749987
3036,0.09749987
3037,0.09749984
3038,0.0975
3039,0.0975
3040,0.09739
3041,0.09732796
3042,0.0975
3043,0.09748994
3044,0.09732817
3045,0.09732817
3046,0.09732817
3047,0.0975
3048,0.0975
3049,0.0975
3050,0.09740001
3051,0.09744949
3052,0.09740021
3053,0.09749997
3054,0.0975
3055,0.0975
3056,0.0975
3057,0.09749893
3058,0.09749887
3059,0.09749888
3060,0.09742602
3061,0.0975
3062,0.0975
3063,0.097433
3064,0.0975
3065,0.0975
3066,0.09749999
3067,0.0975
3068,0.0975
3069,0.09744118
3070,0.0975
3071,0.09750502
3072,0.09759002
3073,0.09759824
3074,0.0977
3075,0.09769999
3076,0.09764949
3077,0.09760003
3078,0.09760006
3079,0.09760009
3080,0.0976
3081,0.097558
3082,0.097558
3083,0.09750608
3084,0.097558
3085,0.09775046
3086,0.09775037
3087,0.09775031
3088,0.09753604
3089,0.09753607
3090,0.09755006
3091,0.09760008
3092,0.09775069
3093,0.09775
3094,0.097752
3095,0.0978682
3096,0.09757469
3097,0.09775069
3098,0.09775069
3099,0.0977507
3100,0.09775069
3101,0.0977507
3102,0.09775078
3103,0.09780003
3104,0.097751
3105,0.09757471
3106,0.09778994
3107,0.09778989
3108,0.09778976
3109,0.09757512
3110,0.09757527
3111,0.09777985
3112,0.09777985
3113,0.09777975
3114,0.09777968
3115,0.09757575
3116,0.0975758
3117,0.0977795
3118,0.09759574
3119,0.09759586
3120,0.09759586
3121,0.09779997
3122,0.09785724
3123,0.09769368
3124,0.09785721
3125,0.09785721
3126,0.09785717
3127,0.09770944
3128,0.09770956
3129,0.0978
3130,0.09785721
3131,0.09780017
3132,0.09784891
3133,0.097844
3134,0.0978
3135,0.09779992
3136,0.09779985
3137,0.09764852
3138,0.09764858
3139,0.09779947
3140,0.09779937
3141,0.09764858
3142,0.0975958
3143,0.09759583
3144,0.09759583
3145,0.0975959
3146,0.09764858
3147,0.09761541
3148,0.09761541
3149,0.09759575
3150,0.09759574
3151,0.09759575
3152,0.09754996
3153,0.097545
3154,0.09755
3155,0.09755
3156,0.09755001
3157,0.09759575
3158,0.09757294
3159,0.09769294
3160,0.09755033
3161,0.09771302
3162,0.09784874
3163,0.09784863
3164,0.09764783
3165,0.09764794
3166,0.09764797
3167,0.09764792
3168,0.097648
3169,0.09764797
3170,0.09755039
3171,0.09755039
3172,0.09755001
3173,0.09761796
3174,0.09755
3175,0.09758799
3176,0.09739711
3177,0.09739722
3178,0.097568
3179,0.09775074
3180,0.09775074
3181,0.09757298
3182,0.09757299
3183,0.09770591
3184,0.09770095
3185,0.097573
3186,0.097627
3187,0.097573
3188,0.09743904
3189,0.09762165
3190,0.09762162
3191,0.09763701
3192,0.09762205
3193,0.09762209
3194,0.097637
3195,0.09762197
3196,0.097741
3197,0.097583
3198,0.09756851
3199,0.0975685
3200,0.09756844
3201,0.09745903
3202,0.09756839
3203,0.09798989
3204,0.09793827
3205,0.09793827
3206,0.0975001
3207,0.097515
3208,0.0977
3209,0.09763903
3210,0.0977
3211,0.09763915
3212,0.09763915
3213,0.09788566
3214,0.09766981
3215,0.09767
3216,0.09788497
3217,0.0977369
3218,0.09788495
3219,0.09788498
3220,0.0977796
3221,0.09777964
3222,0.09788489
3223,0.09773695
3224,0.09776776
3225,0.09783996
3226,0.09773697
3227,0.09782
3228,0.09782
3229,0.09775656
3230,0.09775652
3231,0.09777774
3232,0.09789004
3233,0.09799493
3234,0.09798999
3235,0.09788463
3236,0.09793001
3237,0.09798998
3238,0.09783103
3239,0.09783704
3240,0.09785
3241,0.09785
3242,0.09785017
3243,0.09793927
3244,0.09798453
3245,0.09798499
3246,0.09798449
3247,0.09798999
3248,0.09780003
3249,0.09798995
3250,0.09798499
3251,0.09798999
3252,0.097985
3253,0.09798998
3254,0.09798993
3255,0.09798993
3256,0.09798998
3257,0.09798998
3258,0.09798995
3259,0.09798995
3260,0.09798995
3261,0.09798998
3262,0.09798995
3263,0.09798502
3264,0.09786236
3265,0.09798496
3266,0.09786236
3267,0.09779355
3268,0.09779355
3269,0.09779355
3270,0.09786106
3271,0.09798478
3272,0.09798469
3273,0.09786136
3274,0.09798478
3275,0.09798472
3276,0.09798466
3277,0.09786253
3278,0.09786262
3279,0.09786266
3280,0.09788237
3281,0.09798469
3282,0.09788703
3283,0.09798456
3284,0.09788706
3285,0.09788706
3286,0.09788706
3287,0.09788706
3288,0.09786236
3289,0.09786236
3290,0.09786236
3291,0.09788706
3292,0.09785199
3293,0.09772
3294,0.09777596
3295,0.09777596
3296,0.09777084
3297,0.09770003
3298,0.09772
3299,0.09778632
3300,0.09770027
3301,0.09783994
3302,0.09770036
3303,0.09783997
3304,0.09777098
3305,0.09777098
3306,0.09777098
3307,0.09784005
3308,0.09791959
3309,0.09798452
3310,0.09786881
3311,0.09784017
3312,0.0979843
3313,0.0978227
3314,0.09784
3315,0.09771547
3316,0.09771548
3317,0.09770027
3318,0.09783973
3319,0.09783973
3320,0.09777091
3321,0.09780769
3322,0.09777091
3323,0.09780773
3324,0.09777091
3325,0.09780995
3326,0.09780995
3327,0.09777091
3328,0.09778099
3329,0.09778099
3330,0.09778099
3331,0.09778099
3332,0.09778099
3333,0.09777091
3334,0.09783996
3335,0.0979832
3336,0.09798301
3337,0.09778112
3338,0.09778115
3339,0.09797652
3340,0.09797652
3341,0.09797652
3342,0.09778133
3343,0.09783993
3344,0.09783989
3345,0.09783989
3346,0.09783973
3347,0.0978396
3348,0.0977709
3349,0.0977
3350,0.09780296
3351,0.09770001
3352,0.09780289
3353,0.09770014
3354,0.09780279
3355,0.09780279
3356,0.09770029
3357,0.0977
3358,0.0977
3359,0.0977803
3360,0.097776
3361,0.09769496
3362,0.097635
3363,0.0975
3364,0.09712965
3365,0.09716939
3366,0.09717017
3367,0.09720378
3368,0.09769988
3369,0.09763988
3370,0.09722061
3371,0.09722065
3372,0.09769978
3373,0.09769978
3374,0.09769988
3375,0.09748869
3376,0.09748869
3377,0.09735998
3378,0.09735998
3379,0.09769987
3380,0.09736024
3381,0.09736024
3382,0.09736053
3383,0.09736066
3384,0.09736073
3385,0.09736086
3386,0.09736095
3387,0.09736107
3388,0.09736116
3389,0.09736122
3390,0.09738082
3391,0.09738092
3392,0.09738103
3393,0.09740126
3394,0.0974013
3395,0.09740123
3396,0.09740133
3397,0.09740135
3398,0.09740142
3399,0.09740159
3400,0.09757114
3401,0.09757097
3402,0.09757097
3403,0.09757091
3404,0.09757091
3405,0.09740218
3406,0.09757067
3407,0.09757061
3408,0.09741014
3409,0.09757049
3410,0.0974105
3411,0.09741071
3412,0.09757025
3413,0.09757018
3414,0.09710224
3415,0.09741035
3416,0.09741035
3417,0.09741017
3418,0.0979847
3419,0.09741027
3420,0.09741041
3421,0.09741041
3422,0.09741051
3423,0.09762066
3424,0.09762066
3425,0.0975
3426,0.0975
3427,0.09750009
3428,0.09750015
3429,0.09755443
3430,0.09750034
3431,0.09752603
3432,0.09755446
3433,0.09775369
3434,0.09755458
3435,0.09755464
3436,0.09755476
3437,0.09755446
3438,0.09775246
3439,0.09752603
3440,0.09752603
3441,0.09762089
3442,0.09752603
3443,0.09755446
3444,0.09773167
3445,0.09773088
3446,0.09762018
3447,0.09762018
3448,0.0977306
3449,0.0976
3450,0.0976
3451,0.09753236
3452,0.09759994
3453,0.09759994
3454,0.09753246
3455,0.0976
3456,0.0976
3457,0.0976
3458,0.0976
3459,0.0976
3460,0.09769997
3461,0.09769997
3462,0.09767584
3463,0.09775232
3464,0.09775228
3465,0.09775231
3466,0.09767597
3467,0.09775231
3468,0.09775231
3469,0.09775232
3470,0.09775234
3471,0.09775234
3472,0.09779996
3473,0.0978
3474,0.0976758
3475,0.09767581
3476,0.09763297
3477,0.09779966
3478,0.0977996
3479,0.09767581
3480,0.09767581
3481,0.09767581
3482,0.0976758
3483,0.09767574
3484,0.09763561
3485,0.09767578
3486,0.09760002
3487,0.09767581
3488,0.09767581
3489,0.09763808
3490,0.0976389
3491,0.09780016
3492,0.09780016
3493,0.09780016
3494,0.09783807
3495,0.09783807
3496,0.09783813
3497,0.09783817
3498,0.09783817
3499,0.0978381
3500,0.0979847
3501,0.0979847
3502,0.0979847
3503,0.09793218
3504,0.09793218
3505,0.09783917
3506,0.09783917
3507,0.09783917
3508,0.09798472
3509,0.09793218
3510,0.09793217
3511,0.09793218
3512,0.0979
3513,0.09799999
3514,0.09791194
3515,0.098
3516,0.09791271
3517,0.098
3518,0.098
3519,0.098
3520,0.098
3521,0.098
3522,0.098
3523,0.098
3524,0.098
3525,0.09788343
3526,0.09789996
3527,0.0979999
3528,0.09800068
3529,0.09798083
3530,0.09800067
3531,0.09801548
3532,0.09800067
3533,0.0980155
3534,0.09800067
3535,0.0980155
3536,0.0980155
3537,0.09804437
3538,0.09804437
3539,0.09803901
3540,0.09803906
3541,0.0980391
3542,0.09804437
3543,0.09807704
3544,0.09804437
3545,0.09807
3546,0.09807
3547,0.09806401
3548,0.098064
3549,0.098064
3550,0.09806401
3551,0.09813
3552,0.09813
3553,0.09808701
3554,0.098092
3555,0.09808707
3556,0.09808707
3557,0.09813531
3558,0.0981353
3559,0.09814201
3560,0.098142
3561,0.098142
3562,0.09814201
3563,0.09819
3564,0.0982
3565,0.098142
3566,0.09825063
3567,0.09825062
3568,0.09825063
3569,0.09810004
3570,0.09825058
3571,0.09825049
3572,0.0981353
3573,0.0981704
3574,0.0981704
3575,0.09813534
3576,0.09826
3577,0.09817033
3578,0.09803737
3579,0.09803737
3580,0.09813532
3581,0.09803742
3582,0.09823341
3583,0.09803757
3584,0.09803757
3585,0.09823338
3586,0.09823335
3587,0.09803808
3588,0.09803808
3589,0.09832538
3590,0.09823338
3591,0.09803787
3592,0.09832529
3593,0.09832526
3594,0.09832526
3595,0.09832516
3596,0.09832497
3597,0.09832491
3598,0.09832491
3599,0.09832491
3600,0.09832486
3601,0.09814955
3602,0.0983
3603,0.09832538
3604,0.09832538
3605,0.0983254
3606,0.09849999
3607,0.09849999
3608,0.09849999
3609,0.09818989
3610,0.0984015
3611,0.0985
3612,0.0985
3613,0.0985
3614,0.0985
3615,0.09849993
3616,0.09849992
3617,0.09830341
3618,0.09849983
3619,0.09830361
3620,0.09830377
3621,0.09830391
3622,0.09831337
3623,0.09835335
3624,0.09835338
3625,0.09835347
3626,0.09835353
3627,0.09835362
3628,0.09835365
3629,0.09848997
3630,0.09848987
3631,0.09835389
3632,0.09835395
3633,0.09848954
3634,0.09835383
3635,0.09839994
3636,0.0981567
3637,0.09825358
3638,0.09815667
3639,0.09815667
3640,0.098107
3641,0.09825328
3642,0.09825328
3643,0.098157
3644,0.09825324
3645,0.09819999
3646,0.09815723
3647,0.09815729
3648,0.09815729
3649,0.09815729
3650,0.09819999
3651,0.09815767
3652,0.09824997
3653,0.0983538
3654,0.0983538
3655,0.09829979
3656,0.098399
3657,0.0983
3658,0.09825609
3659,0.09830003
3660,0.09830013
3661,0.098511
3662,0.09850003
3663,0.0985
3664,0.0984
3665,0.09840003
3666,0.09844
3667,0.09844
3668,0.0984002
3669,0.0984002
3670,0.09840023
3671,0.098511
3672,0.09840039
3673,0.0985
3674,0.0985
3675,0.09844509
3676,0.09844512
3677,0.09852995
3678,0.09840054
3679,0.09858177
3680,0.09845501
3681,0.09846
3682,0.098465
3683,0.09846014
3684,0.09846021
3685,0.09846027
3686,0.09845042
3687,0.09851
3688,0.0984
3689,0.0984
3690,0.098399
3691,0.09840049
3692,0.09840039
3693,0.09815711
3694,0.09815717
3695,0.09815723
3696,0.09815723
3697,0.09815723
3698,0.09839464
3699,0.09839417
3700,0.09815989
3701,0.09869999
3702,0.09869995
3703,0.09834679
3704,0.09834679
3705,0.09858543
3706,0.0984
3707,0.09858542
3708,0.09840016
3709,0.09858533
3710,0.09858533
3711,0.09855909
3712,0.09858532
3713,0.09858531
3714,0.09858521
3715,0.09858532
3716,0.09843122
3717,0.09843125
3718,0.09858411
3719,0.09858411
3720,0.09858411
3721,0.09846725
3722,0.0984397
3723,0.09846713
3724,0.09858377
3725,0.09858368
3726,0.09858362
3727,0.09858353
3728,0.09851121
3729,0.09854997
3730,0.09854495
3731,0.09862959
3732,0.0987
3733,0.0987
3734,0.0987
3735,0.0987
3736,0.09875065
3737,0.09875555
3738,0.09875555
3739,0.09853803
3740,0.09853809
3741,0.09858532
3742,0.09853809
3743,0.09853809
3744,0.09853815
3745,0.09869
3746,0.09853806
3747,0.09844575
3748,0.09844579
3749,0.09853806
3750,0.09853812
3751,0.09853809
3752,0.09853084
3753,0.09853809
3754,0.09868445
3755,0.09868433
3756,0.09853815
3757,0.09875065
3758,0.09853973
3759,0.09879318
3760,0.09853993
3761,0.09853997
3762,0.09868423
3763,0.09879754
3764,0.09856822
3765,0.09879756
3766,0.09880171
3767,0.0988017
3768,0.09857083
3769,0.09857095
3770,0.09857104
3771,0.0985711
3772,0.09857117
3773,0.09866699
3774,0.09857132
3775,0.09866699
3776,0.098724
3777,0.09872397
3778,0.0987239
3779,0.09867013
3780,0.09867018
3781,0.09879973
3782,0.098795
3783,0.09857226
3784,0.09857236
3785,0.09857245
3786,0.09857259
3787,0.09879437
3788,0.0987057
3789,0.09870558
3790,0.09870544
3791,0.0987053
3792,0.09844326
3793,0.09857281
3794,0.09844344
3795,0.09857281
3796,0.09845017
3797,0.09845021
3798,0.09868997
3799,0.09868991
3800,0.09854706
3801,0.09868966
3802,0.09845
3803,0.09845
3804,0.09867074
3805,0.0985402
3806,0.0985402
3807,0.09845009
3808,0.09846
3809,0.0985402
3810,0.09840025
3811,0.09853
3812,0.09841006
3813,0.09852998
3814,0.09843506
3815,0.09852997
3816,0.09845
3817,0.09852995
3818,0.09844999
3819,0.09844999
3820,0.09844996
3821,0.09838507
3822,0.09843999
3823,0.09834319
3824,0.09843988
3825,0.09834297
3826,0.09834294
3827,0.09834286
3828,0.09834279
3829,0.09843987
3830,0.09843999
3831,0.09832461
3832,0.09834299
3833,0.09832461
3834,0.09843993
3835,0.09843993
3836,0.09843999
3837,0.09832492
3838,0.09843987
3839,0.09834304
3840,0.09834311
3841,0.09843999
3842,0.09834322
3843,0.09844
3844,0.09844
3845,0.09844
3846,0.09844
3847,0.09844
3848,0.09843999
3849,0.0984401
3850,0.09844019
3851,0.09844023
3852,0.09854019
3853,0.0984421
3854,0.098437
3855,0.09854005
3856,0.09853999
3857,0.09866999
3858,0.09833014
3859,0.09866996
3860,0.0986699
3861,0.09833043
3862,0.0986698
3863,0.09837002
3864,0.09838003
3865,0.09851603
3866,0.09859994
3867,0.09859987
3868,0.0985
3869,0.09849897
3870,0.098521
3871,0.09846847
3872,0.098521
3873,0.09846869
3874,0.09846869
3875,0.09850003
3876,0.0985002
3877,0.09852096
3878,0.09852096
3879,0.09861969
3880,0.09861958
3881,0.09852096
3882,0.09856676
3883,0.09852097
3884,0.09852097
3885,0.09837008
3886,0.09837008
3887,0.09852078
3888,0.09846853
3889,0.09846844
3890,0.09846838
3891,0.09846825
3892,0.09846824
3893,0.09849999
3894,0.09837061
3895,0.09853809
3896,0.09853809
3897,0.09869996
3898,0.0987
3899,0.09851003
3900,0.09869997
3901,0.09850003
3902,0.0985
3903,0.09846835
3904,0.0985
3905,0.09869946
3906,0.0985
3907,0.0985
3908,0.09852954
3909,0.09852948
3910,0.09846833
3911,0.0985
3912,0.0985
3913,0.0985
3914,0.09859847
3915,0.09859847
3916,0.09850011
3917,0.0987
3918,0.09872508
3919,0.098745
3920,0.09885113
3921,0.09862448
3922,0.09885107
3923,0.09864944
3924,0.09867
3925,0.09885106
3926,0.09885113
3927,0.09885111
3928,0.09885896
3929,0.09885113
3930,0.09885113
3931,0.09885113
3932,0.09885113
3933,0.09885896
3934,0.09885896
3935,0.09885896
3936,0.09885113
3937,0.09885113
3938,0.0988583
3939,0.09885113
3940,0.09885113
3941,0.09885113
3942,0.0988511
3943,0.0988511
3944,0.0987491
3945,0.09874916
3946,0.09885103
3947,0.0988511
3948,0.0987494
3949,0.09885893
3950,0.09885896
3951,0.09874961
3952,0.09874967
3953,0.09837014
3954,0.09837014
3955,0.09885384
3956,0.09885384
3957,0.09837054
3958,0.09885346
3959,0.09885346
3960,0.09885346
3961,0.09885346
3962,0.09885346
3963,0.09847424
3964,0.09885896
3965,0.09847454
3966,0.09847458
3967,0.09847458
3968,0.09893
3969,0.09892996
3970,0.09892994
3971,0.09893
3972,0.09876703
3973,0.09876709
3974,0.09876721
3975,0.09867712
3976,0.09867715
3977,0.0986
3978,0.09851097
3979,0.098511
3980,0.09847424
3981,0.09848401
3982,0.098494
3983,0.09849403
3984,0.09847427
3985,0.09847434
3986,0.09864993
3987,0.09864986
3988,0.09931999
3989,0.09903898
3990,0.09880602
3991,0.09867725
3992,0.09887885
3993,0.09887881
3994,0.09877005
3995,0.09867746
3996,0.09867756
3997,0.09877005
3998,0.09870006
3999,0.09887769
4000,0.09870009
4001,0.09870008
4002,0.09870008
4003,0.09859997
4004,0.09859993
4005,0.09858666
4006,0.09858656
4007,0.09858644
4008,0.09858644
4009,0.09858628
4010,0.09834445
4011,0.09858619
4012,0.09858613
4013,0.09858601
4014,0.09858592
4015,0.09858583
4016,0.0983564
4017,0.09852
4018,0.09858565
4019,0.09858608
4020,0.09859999
4021,0.09901598
4022,0.09859999
4023,0.09858607
4024,0.0986
4025,0.09858607
4026,0.09848782
4027,0.09848782
4028,0.0985858
4029,0.09848781
4030,0.0984875
4031,0.09848747
4032,0.09832003
4033,0.09847984
4034,0.09847978
4035,0.09832
4036,0.0983
4037,0.09829997
4038,0.0983
4039,0.0983
4040,0.0983
4041,0.09827621
4042,0.09846283
4043,0.09848
4044,0.09830375
4045,0.09833776
4046,0.09833776
4047,0.09833776
4048,0.09833776
4049,0.09833776
4050,0.09833826
4051,0.09833841
4052,0.09833847
4053,0.09833844
4054,0.09827621
4055,0.09827
4056,0.09827
4057,0.09827628
4058,0.09847268
4059,0.09823125
4060,0.09823125
4061,0.09823125
4062,0.09823301
4063,0.09817244
4064,0.09833816
4065,0.0983381
4066,0.09833801
4067,0.09833789
4068,0.09833697
4069,0.09833694
4070,0.09833685
4071,0.0982999
4072,0.09844997
4073,0.09844997
4074,0.09825643
4075,0.09844994
4076,0.09822218
4077,0.09825607
4078,0.09826103
4079,0.09833707
4080,0.09845
4081,0.09845
4082,0.09833697
4083,0.09816511
4084,0.09833692
4085,0.09833683
4086,0.09833609
4087,0.09833536
4088,0.09833536
4089,0.09833536
4090,0.09816221
4091,0.098165
4092,0.09833411
4093,0.09833411
4094,0.09833387
4095,0.09833384
4096,0.09818689
4097,0.09818811
4098,0.09818819
4099,0.09833347
4100,0.09833344
4101,0.09833297
4102,0.09809015
4103,0.09809015
4104,0.09809011
4105,0.09809015
4106,0.09809015
4107,0.09809015
4108,0.09809014
4109,0.09802001
4110,0.09809014
4111,0.09809013
4112,0.09809015
4113,0.09809015
4114,0.09809015
4115,0.09809015
4116,0.098
4117,0.098
4118,0.098
4119,0.09809015
4120,0.09809015
4121,0.09809015
4122,0.09809015
4123,0.09809015
4124,0.09809015
4125,0.098
4126,0.09809015
4127,0.09809015
4128,0.09809015
4129,0.09809015
4130,0.09809015
4131,0.09809015
4132,0.09809015
4133,0.09809015
4134,0.09809015
4135,0.09809015
4136,0.09809015
4137,0.098
4138,0.09809015
4139,0.09800001
4140,0.09809015
4141,0.09809015
4142,0.09809015
4143,0.098
4144,0.09807053
4145,0.09809015
4146,0.09809015
4147,0.09809015
4148,0.09809015
4149,0.09809015
4150,0.09809
4151,0.09809015
4152,0.09809015
4153,0.09809015
4154,0.09809015
4155,0.09809015
4156,0.09809015
4157,0.09809015
4158,0.09809015
4159,0.09809015
4160,0.09809015
4161,0.09809015
4162,0.098
4163,0.09809007
4164,0.098
4165,0.098
4166,0.09794069
4167,0.09808556
4168,0.09799999
4169,0.098
4170,0.09785107
4171,0.09799894
4172,0.097851
4173,0.09785091
4174,0.0979
4175,0.0979
4176,0.097999
4177,0.097999
4178,0.097999
4179,0.097999
4180,0.09799897
4181,0.0979
4182,0.0979
4183,0.097853
4184,0.09785294
4185,0.097853
4186,0.09781047
4187,0.09781044
4188,0.09790786
4189,0.09809015
4190,0.09809015
4191,0.09809015
4192,0.09809015
4193,0.09791671
4194,0.09809015
4195,0.09809015
4196,0.09809015
4197,0.09800001
4198,0.09809015
4199,0.09809015
4200,0.09800017
4201,0.09809015
4202,0.098015
4203,0.098005
4204,0.09809015
4205,0.09809015
4206,0.09809015
4207,0.098005
4208,0.098005
4209,0.09809014
4210,0.09809015
4211,0.09809015
4212,0.09793184
4213,0.09800499
4214,0.09793206
4215,0.0980901
4216,0.09793224
4217,0.09809007
4218,0.09795006
4219,0.09795009
4220,0.09809
4221,0.09809001
4222,0.09809001
4223,0.09808999
4224,0.09809009
4225,0.09809
4226,0.09809
4227,0.09795527
4228,0.09795527
4229,0.09808316
4230,0.09808316
4231,0.09808316
4232,0.09808316
4233,0.09808955
4234,0.09808946
4235,0.09808946
4236,0.09808945
4237,0.09795
4238,0.09795
4239,0.09794999
4240,0.09808911
4241,0.09808911
4242,0.0980891
4243,0.09795
4244,0.09795
4245,0.09794999
4246,0.09794999
4247,0.09794999
4248,0.09789
4249,0.09795001
4250,0.09790084
4251,0.09790084
4252,0.09790084
4253,0.0979
4254,0.0979
4255,0.0979
4256,0.09790084
4257,0.098
4258,0.098
4259,0.098
4260,0.098
4261,0.09809015
4262,0.09809007
4263,0.09809003
4264,0.09808995
4265,0.097926
4266,0.09808984
4267,0.09808984
4268,0.09808972
4269,0.09792643
4270,0.09786
4271,0.09786
4272,0.09792566
4273,0.09808998
4274,0.09809015
4275,0.09809015
4276,0.098006
4277,0.09809015
4278,0.09800068
4279,0.09807053
4280,0.09807053
4281,0.09807053
4282,0.09809015
4283,0.09809015
