0,0.07059636
1,0.07059636
2,0.07059626
3,0.07059626
4,0.07059626
5,0.07059626
6,0.07059626
7,0.07059575
8,0.07059575
9,0.07058173
10,0.07058173
11,0.07058164
12,0.07058164
13,0.07031807
14,0.07031807
15,0.07031807
16,0.07031807
17,0.07031807
18,0.07031807
19,0.07031814
20,0.07031814
21,0.07044234
22,0.07057109
23,0.07057106
24,0.07057106
25,0.07057106
26,0.07057106
27,0.07057106
28,0.07049251
29,0.070493
30,0.070493
31,0.070493
32,0.070493
33,0.07049293
34,0.07049274
35,0.07049268
36,0.07044234
37,0.07030003
38,0.0703001
39,0.0703
40,0.07020787
41,0.07020787
42,0.07020798
43,0.07020798
44,0.07038992
45,0.07038983
46,0.07038976
47,0.07038976
48,0.07038961
49,0.0702083
50,0.0702083
51,0.0702083
52,0.0702083
53,0.0702083
54,0.0702083
55,0.07049238
56,0.07049232
57,0.07049225
58,0.07049225
59,0.07049206
60,0.07049202
61,0.07049195
62,0.07049195
63,0.07049195
64,0.07048936
65,0.07048936
66,0.07048914
67,0.07048914
68,0.07048914
69,0.07020914
70,0.07020914
71,0.07020914
72,0.07048878
73,0.07048878
74,0.07048878
75,0.07048878
76,0.07048878
77,0.07048878
78,0.07048858
79,0.07048936
80,0.07048936
81,0.07059998
82,0.07059998
83,0.07048858
84,0.07060001
85,0.0706
86,0.07059991
87,0.07059991
88,0.07059991
89,0.07059974
90,0.0705997
91,0.0705997
92,0.0705997
93,0.0705997
94,0.07059966
95,0.07059966
96,0.07059961
97,0.07059957
98,0.07059957
99,0.07059957
100,0.07059941
101,0.0706
102,0.0706
103,0.0706
104,0.0706
105,0.07023688
106,0.07039
107,0.07039
108,0.07039
109,0.07059999
110,0.07059999
111,0.07060001
112,0.0706
113,0.07060001
114,0.07060001
115,0.07039132
116,0.07060002
117,0.07060002
118,0.07060002
119,0.0706
120,0.07060002
121,0.07060002
122,0.07060002
123,0.07060002
124,0.07060001
125,0.07060001
126,0.07060001
127,0.07060001
128,0.07060001
129,0.07060001
130,0.07060001
131,0.07060001
132,0.07060001
133,0.07060001
134,0.07060002
135,0.07060001
136,0.07060001
137,0.07039139
138,0.07039139
139,0.07039139
140,0.07060001
141,0.07060001
142,0.07060001
143,0.07060002
144,0.07039201
145,0.07039201
146,0.07039222
147,0.07039232
148,0.07039239
149,0.07039239
150,0.07060001
151,0.07060002
152,0.07039276
153,0.0703928
154,0.07060001
155,0.07060001
156,0.07060002
157,0.07039306
158,0.07039315
159,0.07039315
160,0.07039315
161,0.07039315
162,0.07059995
163,0.07059995
164,0.07039356
165,0.07039365
166,0.07039365
167,0.07039365
168,0.07039365
169,0.07039365
170,0.07039365
171,0.07060002
172,0.07060002
173,0.07039429
174,0.07065571
175,0.07072631
176,0.07072631
177,0.07072631
178,0.07072629
179,0.07072629
180,0.07072619
181,0.07072619
182,0.07072619
183,0.07070648
184,0.07060005
185,0.07060002
186,0.07070644
187,0.07087221
188,0.07087221
189,0.07080004
190,0.07080004
191,0.07080004
192,0.07060013
193,0.07069992
194,0.07060002
195,0.07060002
196,0.07060002
197,0.07060002
198,0.07060002
199,0.07060002
200,0.07060002
201,0.07060002
202,0.07060002
203,0.07060002
204,0.07060002
205,0.07060002
206,0.07060002
207,0.07060002
208,0.07077476
209,0.07087089
210,0.07087089
211,0.07087089
212,0.07087089
213,0.0708599
214,0.07060132
215,0.07060132
216,0.07060132
217,0.07085947
218,0.07085947
219,0.07060002
220,0.07060125
221,0.07060002
222,0.07060002
223,0.07060002
224,0.07060006
225,0.07060006
226,0.07060003
227,0.07060003
228,0.07060003
229,0.07039
230,0.07038996
231,0.07038996
232,0.0702078
233,0.07038989
234,0.07038978
235,0.07038978
236,0.07038978
237,0.07063158
238,0.07063158
239,0.07063146
240,0.07063142
241,0.07063142
242,0.07020838
243,0.07020844
244,0.07063121
245,0.07063121
246,0.07063121
247,0.07063121
248,0.07063098
249,0.07063091
250,0.07063091
251,0.07063091
252,0.07063091
253,0.07063091
254,0.07063091
255,0.07063091
256,0.07063091
257,0.07063091
258,0.07047338
259,0.07047338
260,0.0706303
261,0.07063023
262,0.07063023
263,0.07063023
264,0.07063023
265,0.07063023
266,0.07063023
267,0.07063023
268,0.07053619
269,0.07053618
270,0.07023089
271,0.07062964
272,0.07062964
273,0.07062964
274,0.07062944
275,0.07062944
276,0.07062944
277,0.07062944
278,0.07062944
279,0.0706292
280,0.0706292
281,0.0706292
282,0.07023187
283,0.07023187
284,0.07039997
285,0.07039997
286,0.07039997
287,0.07023204
288,0.07039994
289,0.07039994
290,0.07039991
291,0.07039991
292,0.07039991
293,0.07039991
294,0.07063017
295,0.07023
296,0.07022681
297,0.07022993
298,0.07015
299,0.07014997
300,0.07013
301,0.07012993
302,0.07009996
303,0.07023201
304,0.0701082
305,0.07008935
306,0.07043102
307,0.07040001
308,0.07040012
309,0.07040012
310,0.07041989
311,0.07041989
312,0.07041989
313,0.07041989
314,0.07041989
315,0.07043111
316,0.07008921
317,0.07049135
318,0.07008921
319,0.07008921
320,0.07008921
321,0.07008921
322,0.07008921
323,0.07008921
324,0.07008921
325,0.07010001
326,0.07010001
327,0.07010001
328,0.07050075
329,0.07050075
330,0.07050075
331,0.07050075
332,0.07050044
333,0.07050044
334,0.07050044
335,0.07008924
336,0.07008924
337,0.07008924
338,0.07008924
339,0.07008924
340,0.07008924
341,0.07008924
342,0.07008924
343,0.07008924
344,0.07010025
345,0.07010025
346,0.07010025
347,0.07010025
348,0.07037342
349,0.07037341
350,0.07037341
351,0.07037341
352,0.07037307
353,0.07037307
354,0.07037307
355,0.07037307
356,0.07037307
357,0.07037307
358,0.07037307
359,0.07037307
360,0.07037307
361,0.07034397
362,0.07037228
363,0.07037228
364,0.07037228
365,0.07037228
366,0.07037198
367,0.07037198
368,0.07037173
369,0.07036933
370,0.0703716
371,0.07037156
372,0.07037156
373,0.07036933
374,0.07036933
375,0.07037119
376,0.07037105
377,0.07037088
378,0.07037088
379,0.07036932
380,0.07036674
381,0.070369
382,0.070369
383,0.070369
384,0.07036869
385,0.07036869
386,0.07036869
387,0.07036869
388,0.07036869
389,0.07036869
390,0.07036869
391,0.07036792
392,0.07036792
393,0.07036792
394,0.07036792
395,0.07036792
396,0.07036737
397,0.07036737
398,0.07036737
399,0.07036705
400,0.07036705
401,0.07036705
402,0.07036705
403,0.07036705
404,0.07036641
405,0.07036641
406,0.070366
407,0.0703058
408,0.0703058
409,0.0703058
410,0.0703058
411,0.07030528
412,0.07030528
413,0.0703051
414,0.07030505
415,0.07030505
416,0.07030505
417,0.07030505
418,0.07030457
419,0.07030457
420,0.07030457
421,0.07023483
422,0.07023474
423,0.07023474
424,0.07023474
425,0.07023474
426,0.07023442
427,0.07023433
428,0.07023427
429,0.07023427
430,0.07023427
431,0.07023409
432,0.07023409
433,0.07023409
434,0.07023409
435,0.07023409
436,0.07012857
437,0.07012857
438,0.07023361
439,0.0702335
440,0.0702335
441,0.0702336
442,0.07002
443,0.07002
444,0.07001999
445,0.07030577
446,0.07030573
447,0.0703058
448,0.07030577
449,0.07005538
450,0.0702128
451,0.0702128
452,0.0702128
453,0.0702128
454,0.0702128
455,0.0702128
456,0.0702128
457,0.07036932
458,0.07036932
459,0.07037112
460,0.07037112
461,0.07037112
462,0.07050141
463,0.07050141
464,0.07050141
465,0.07037112
466,0.07037112
467,0.07036933
468,0.07036933
469,0.07036933
470,0.07036933
471,0.07036933
472,0.07036933
473,0.07036933
474,0.07036933
475,0.07036933
476,0.07036933
477,0.07036933
478,0.07036933
479,0.07036933
480,0.07036933
481,0.07036933
482,0.07036933
483,0.07036933
484,0.07036933
485,0.07036933
486,0.07036933
487,0.07036933
488,0.07036933
489,0.07036932
490,0.07036932
491,0.07036932
492,0.0703092
493,0.0703092
494,0.0703092
495,0.0703092
496,0.0703092
497,0.0704358
498,0.07021303
499,0.07021303
500,0.07021303
501,0.07021303
502,0.07021303
503,0.07021303
504,0.07021303
505,0.07021304
506,0.07021304
507,0.07042494
508,0.07042487
509,0.07042487
510,0.07042487
511,0.07042473
512,0.07042473
513,0.07042473
514,0.07042473
515,0.07042473
516,0.07021303
517,0.07021303
518,0.07021303
519,0.07021303
520,0.07021303
521,0.07039011
522,0.07039006
523,0.07038997
524,0.0703899
525,0.0703724
526,0.0703724
527,0.07037234
528,0.07037227
529,0.07037227
530,0.07037227
531,0.07037227
532,0.07037227
533,0.07037227
534,0.0703724
535,0.07043582
536,0.07037227
537,0.07037227
538,0.07043582
539,0.07043582
540,0.07043582
541,0.07043582
542,0.07043581
543,0.07043581
544,0.07043582
545,0.07043583
546,0.07021384
547,0.07043582
548,0.07043582
549,0.07043582
550,0.07043582
551,0.07043582
552,0.07043582
553,0.07043582
554,0.07021288
555,0.07043583
556,0.07021304
557,0.07021304
558,0.07021317
559,0.07021317
560,0.07021317
561,0.07049585
562,0.07049585
563,0.07021358
564,0.07049562
565,0.07049562
566,0.07021317
567,0.07021317
568,0.07021318
569,0.07021318
570,0.07021317
571,0.07021318
572,0.07021318
573,0.0704947
574,0.0704947
575,0.07049447
576,0.07049439
577,0.07049439
578,0.07049439
579,0.07049439
580,0.07049397
581,0.07049397
582,0.07021317
583,0.07021317
584,0.07021317
585,0.07021317
586,0.07021317
587,0.07021317
588,0.07021317
589,0.07021317
590,0.07038874
591,0.07038874
592,0.07038866
593,0.07038866
594,0.07038848
595,0.07021317
596,0.07021317
597,0.07021317
598,0.07021317
599,0.07038813
600,0.07038813
601,0.07038813
602,0.07038813
603,0.07038777
604,0.07038777
605,0.07038777
606,0.07021317
607,0.07021317
608,0.070213
609,0.070213
610,0.07021294
611,0.07000001
612,0.07021291
613,0.07021291
614,0.06998954
615,0.06998954
616,0.06998954
617,0.06998954
618,0.07013337
619,0.0701333
620,0.0701333
621,0.07013313
622,0.07013313
623,0.07013298
624,0.07013294
625,0.0701329
626,0.0701329
627,0.0701329
628,0.07013351
629,0.07013291
630,0.07013291
631,0.07013291
632,0.07013348
633,0.07013348
634,0.07013348
635,0.07013352
636,0.07013351
637,0.07013351
638,0.06998954
639,0.0701334
640,0.0701334
641,0.07013322
642,0.07013322
643,0.0701331
644,0.07013305
645,0.07013294
646,0.07013293
647,0.07013285
648,0.07013285
649,0.07013285
650,0.07013285
651,0.07013265
652,0.07008736
653,0.07008736
654,0.07008723
655,0.07008713
656,0.07008706
657,0.07008706
658,0.07008694
659,0.07008694
660,0.07008694
661,0.07008694
662,0.07008733
663,0.07008733
664,0.07006252
665,0.07008713
666,0.07008703
667,0.07008703
668,0.07008689
669,0.07008677
670,0.07008677
671,0.07008662
672,0.07008662
673,0.07008651
674,0.07008648
675,0.07008648
676,0.07008644
677,0.07008644
678,0.07008644
679,0.07008644
680,0.07008643
681,0.07008643
682,0.07008641
683,0.0699895
684,0.07008638
685,0.0699895
686,0.07008629
687,0.07008629
688,0.07008629
689,0.07008624
690,0.07008612
691,0.07008605
692,0.07008605
693,0.06994558
694,0.07008584
695,0.07008584
696,0.06994554
697,0.07003769
698,0.06998948
699,0.06994416
700,0.06994416
701,0.06994417
702,0.06994417
703,0.06994417
704,0.06998944
705,0.06998944
706,0.06998944
707,0.06998951
708,0.06998951
709,0.07021287
710,0.07021287
711,0.07021287
712,0.06998952
713,0.06998951
714,0.06998951
715,0.06998951
716,0.06998951
717,0.06998951
718,0.06998951
719,0.06998951
720,0.06998951
721,0.06998952
722,0.06998952
723,0.06998952
724,0.06998952
725,0.06998941
726,0.07009262
727,0.07009262
728,0.07009262
729,0.07009262
730,0.07016224
731,0.07016223
732,0.07016215
733,0.07016215
734,0.07016215
735,0.06997171
736,0.06997171
737,0.06997171
738,0.06997171
739,0.06988847
740,0.06994421
741,0.06994421
742,0.06994421
743,0.07016173
744,0.07016165
745,0.06997108
746,0.06997108
747,0.06998622
748,0.06998622
749,0.06998622
750,0.06998622
751,0.06998622
752,0.06998622
753,0.06998622
754,0.07009135
755,0.07009135
756,0.07009134
757,0.07009134
758,0.07006454
759,0.06998118
760,0.07007159
761,0.06998627
762,0.06998627
763,0.06998627
764,0.06998626
765,0.06998622
766,0.06998622
767,0.06998622
768,0.06998622
769,0.06998622
770,0.06998622
771,0.06998622
772,0.06998622
773,0.07007154
774,0.07003245
775,0.07
776,0.07007156
777,0.07007156
778,0.07007156
779,0.07003817
780,0.07003817
781,0.07003803
782,0.07003803
783,0.07003803
784,0.06983625
785,0.07003783
786,0.07003776
787,0.0697654
788,0.06976529
789,0.06976528
790,0.06976527
791,0.06976525
792,0.06976526
793,0.06976526
794,0.06976526
795,0.06976525
796,0.06976525
797,0.06976525
798,0.06976525
799,0.0696955
800,0.0696955
801,0.06976522
802,0.06976522
803,0.06976523
804,0.06985663
805,0.06976523
806,0.06990501
807,0.06985661
808,0.06985661
809,0.06985662
810,0.06985662
811,0.06993959
812,0.06993959
813,0.06997492
814,0.06997492
815,0.06997492
816,0.06997492
817,0.06997492
818,0.06997492
819,0.06997492
820,0.06997492
821,0.06997492
822,0.07003736
823,0.07003736
824,0.07003736
825,0.07003736
826,0.07003736
827,0.07003729
828,0.07003729
829,0.07003729
830,0.07003721
831,0.06997493
832,0.06997493
833,0.07003714
834,0.06997493
835,0.06997493
836,0.06997493
837,0.06997493
838,0.06997493
839,0.06997493
840,0.07003724
841,0.07003722
842,0.07003722
843,0.07003722
844,0.07003722
845,0.07003722
846,0.07003722
847,0.07003711
848,0.07003711
849,0.07004489
850,0.0700371
851,0.07003711
852,0.07003712
853,0.07003712
854,0.07003712
855,0.07003712
856,0.07003788
857,0.07003788
858,0.0700371
859,0.0700371
860,0.06993959
861,0.06993959
862,0.06993959
863,0.0699396
864,0.0699396
865,0.06992894
866,0.0698748
867,0.0698748
868,0.0698748
869,0.0698748
870,0.0698748
871,0.06976467
872,0.06976467
873,0.06987439
874,0.06970722
875,0.06970722
876,0.0697072
877,0.0697072
878,0.06970711
879,0.06970711
880,0.06970554
881,0.06970705
882,0.06970702
883,0.069707
884,0.069707
885,0.06970692
886,0.06970692
887,0.06970692
888,0.06970692
889,0.06970692
890,0.06970684
891,0.06983279
892,0.06970708
893,0.06970708
894,0.06970708
895,0.06983274
896,0.06983274
897,0.06983274
898,0.06970708
899,0.06970708
900,0.06983276
901,0.06970708
902,0.06983275
903,0.06970708
904,0.06983275
905,0.06983275
906,0.06983275
907,0.06983275
908,0.06983271
909,0.06983271
910,0.06955347
911,0.06983255
912,0.06955347
913,0.06955346
914,0.06955346
915,0.06955346
916,0.06973795
917,0.06960003
918,0.06960003
919,0.06960003
920,0.06960003
921,0.0696
922,0.06973772
923,0.06950003
924,0.06973764
925,0.0695
926,0.0695
927,0.0698175
928,0.06950013
929,0.06950026
930,0.06981749
931,0.06981749
932,0.06981749
933,0.06950055
934,0.06950055
935,0.06981734
936,0.06981734
937,0.06950003
938,0.06950006
939,0.06950006
940,0.0695001
941,0.0695001
942,0.0695001
943,0.0695001
944,0.0695001
945,0.0695
946,0.0695
947,0.0695
948,0.06981614
949,0.06981614
950,0.06974642
951,0.06974642
952,0.06974642
953,0.06974642
954,0.06974642
955,0.06974642
956,0.06981549
957,0.06981549
958,0.06981549
959,0.06981529
960,0.06981529
961,0.06974642
962,0.06974642
963,0.06974642
964,0.06974642
965,0.06974642
966,0.06974642
967,0.06974643
968,0.06974643
969,0.06974643
970,0.06974643
971,0.06974643
972,0.06974642
973,0.06974642
974,0.06974642
975,0.06974623
976,0.0697462
977,0.0697462
978,0.0697462
979,0.0697462
980,0.0697462
981,0.0697462
982,0.0697462
983,0.06960007
984,0.06960007
985,0.0696
986,0.06960008
987,0.06960008
988,0.06960008
989,0.06960008
990,0.06960008
991,0.06960008
992,0.06960008
993,0.06960001
994,0.0696
995,0.06960008
996,0.069735
997,0.069735
998,0.069735
999,0.06960012
1000,0.06960018
1001,0.06960018
1002,0.06960035
1003,0.06960035
1004,0.06960035
1005,0.06960035
1006,0.06968993
1007,0.0696
1008,0.06953688
1009,0.06953688
1010,0.06953688
1011,0.06953688
1012,0.06949301
1013,0.06949301
1014,0.06983146
1015,0.06983145
1016,0.06983145
1017,0.0698313
1018,0.06947885
1019,0.06947885
1020,0.06983115
1021,0.06983115
1022,0.06983115
1023,0.06983085
1024,0.06983074
1025,0.06937603
1026,0.06972287
1027,0.06972287
1028,0.06972283
1029,0.0697228
1030,0.0697228
1031,0.0697228
1032,0.0697228
1033,0.0696531
1034,0.0696531
1035,0.0696531
1036,0.0696531
1037,0.0696531
1038,0.06965309
1039,0.06965309
1040,0.06965309
1041,0.06965309
1042,0.06965309
1043,0.06965309
1044,0.06965309
1045,0.06965309
1046,0.06965309
1047,0.0696531
1048,0.0696531
1049,0.0696531
1050,0.0696531
1051,0.06946383
1052,0.06946383
1053,0.06959161
1054,0.06959161
1055,0.06959161
1056,0.06959161
1057,0.06959161
1058,0.06959161
1059,0.06959161
1060,0.06959161
1061,0.06959161
1062,0.06959161
1063,0.0696531
1064,0.0696531
1065,0.0696531
1066,0.0696531
1067,0.0696531
1068,0.0696531
1069,0.0696531
1070,0.0696531
1071,0.06965297
1072,0.06965297
1073,0.06965297
1074,0.06965297
1075,0.06965297
1076,0.06965297
1077,0.06965297
1078,0.06965297
1079,0.06965297
1080,0.06965297
1081,0.06965297
1082,0.06965297
1083,0.06965297
1084,0.06965297
1085,0.06965297
1086,0.06965297
1087,0.06931928
1088,0.0693886
1089,0.06931949
1090,0.06931949
1091,0.06931949
1092,0.06931949
1093,0.06945797
1094,0.06945794
1095,0.06945799
1096,0.06945796
1097,0.06945796
1098,0.06931928
1099,0.06931928
1100,0.06931928
1101,0.06931505
1102,0.06931505
1103,0.06931505
1104,0.06931502
1105,0.06931502
1106,0.06931494
1107,0.06931494
1108,0.06945754
1109,0.06945748
1110,0.06945749
1111,0.0693139
1112,0.0693139
1113,0.06930982
1114,0.06930981
1115,0.06930295
1116,0.06928963
1117,0.06926916
1118,0.06926915
1119,0.06926915
1120,0.06926915
1121,0.06926899
1122,0.06926868
1123,0.06914598
1124,0.06926904
1125,0.069269
1126,0.06911052
1127,0.0691091
1128,0.0691072
1129,0.06910719
1130,0.0691072
1131,0.06910719
1132,0.0691091
1133,0.0691001
1134,0.0689998
1135,0.06899995
1136,0.06899995
1137,0.06899994
1138,0.06897312
1139,0.06899995
1140,0.0691072
1141,0.06911052
1142,0.06911051
1143,0.06911051
1144,0.06911051
1145,0.06911051
1146,0.06901375
1147,0.06901375
1148,0.06901375
1149,0.06901374
1150,0.06901374
1151,0.06901374
1152,0.06901374
1153,0.06901374
1154,0.06901373
1155,0.06901373
1156,0.06901374
1157,0.06901374
1158,0.06901373
1159,0.06901373
1160,0.06901373
1161,0.06901374
1162,0.06911051
1163,0.06911051
1164,0.06911051
1165,0.06911051
1166,0.06911051
1167,0.06904186
1168,0.06904183
1169,0.06904185
1170,0.06904186
1171,0.06904186
1172,0.06904186
1173,0.06900018
1174,0.06900018
1175,0.06904186
1176,0.06904186
1177,0.06900028
1178,0.06904185
1179,0.06904185
1180,0.06904185
1181,0.06904186
1182,0.06904185
1183,0.06904185
1184,0.06904186
1185,0.06904186
1186,0.06904185
1187,0.06904186
1188,0.06904186
1189,0.06904186
1190,0.06904185
1191,0.06904185
1192,0.06908304
1193,0.06908304
1194,0.06908304
1195,0.06908304
1196,0.06908304
1197,0.06949651
1198,0.0690536
1199,0.0690536
1200,0.06944289
1201,0.06908318
1202,0.06908318
1203,0.06908328
1204,0.06908328
1205,0.06908343
1206,0.06908343
1207,0.06908343
1208,0.06937281
1209,0.06937281
1210,0.06937281
1211,0.06944193
1212,0.06944193
1213,0.06944193
1214,0.06937281
1215,0.0694416
1216,0.0694416
1217,0.06937281
1218,0.0693727
1219,0.0693727
1220,0.0693727
1221,0.06937271
1222,0.06937271
1223,0.06937271
1224,0.06937271
1225,0.06937272
1226,0.06937272
1227,0.06949648
1228,0.06949648
1229,0.0694965
1230,0.06937272
1231,0.0693727
1232,0.06910099
1233,0.06910099
1234,0.06910099
1235,0.06950258
1236,0.06950258
1237,0.06950258
1238,0.06950258
1239,0.06949628
1240,0.06949628
1241,0.06950259
1242,0.06950259
1243,0.06950259
1244,0.06944408
1245,0.06944408
1246,0.06951249
1247,0.0694965
1248,0.0694965
1249,0.0695125
1250,0.0695125
1251,0.0695125
1252,0.069582
1253,0.069582
1254,0.069582
1255,0.06958201
1256,0.06966196
1257,0.06966195
1258,0.06966196
1259,0.06966196
1260,0.06966196
1261,0.06966196
1262,0.06966196
1263,0.06961734
1264,0.06961734
1265,0.07
1266,0.07
1267,0.06961757
1268,0.06961757
1269,0.06961757
1270,0.06991754
1271,0.06991754
1272,0.06999999
1273,0.07000003
1274,0.07000008
1275,0.07000008
1276,0.07000017
1277,0.07000017
1278,0.07000017
1279,0.07000017
1280,0.07000017
1281,0.07017639
1282,0.0700001
1283,0.06999998
1284,0.06999998
1285,0.06999998
1286,0.07017593
1287,0.07000001
1288,0.069747
1289,0.069747
1290,0.06965004
1291,0.07
1292,0.07
1293,0.07
1294,0.06935
1295,0.06962143
1296,0.06932493
1297,0.06929023
1298,0.06929023
1299,0.06929023
1300,0.06955367
1301,0.06929024
1302,0.06929024
1303,0.06929024
1304,0.06929024
1305,0.06929024
1306,0.06928289
1307,0.06945434
1308,0.06945434
1309,0.06945434
1310,0.06945403
1311,0.06945403
1312,0.06945377
1313,0.06910122
1314,0.06910122
1315,0.06910122
1316,0.0694533
1317,0.0694533
1318,0.0694533
1319,0.06945
1320,0.06944171
1321,0.06900007
1322,0.06910104
1323,0.06910112
1324,0.06923931
1325,0.06923931
1326,0.0692393
1327,0.06923931
1328,0.06923931
1329,0.06923931
1330,0.06923381
1331,0.06923381
1332,0.06923931
1333,0.06923931
1334,0.06930854
1335,0.06943118
1336,0.06943118
1337,0.06943118
1338,0.06943118
1339,0.06943115
1340,0.06943115
1341,0.06943115
1342,0.06943115
1343,0.06910003
1344,0.06943102
1345,0.06943102
1346,0.06943085
1347,0.06943085
1348,0.06910039
1349,0.0694306
1350,0.0694306
1351,0.0694306
1352,0.0694306
1353,0.0694306
1354,0.0694306
1355,0.06939958
1356,0.06939958
1357,0.06944718
1358,0.06944718
1359,0.06943107
1360,0.06943107
1361,0.06943107
1362,0.06944714
1363,0.06911008
1364,0.06911008
1365,0.06911008
1366,0.06911008
1367,0.06911008
1368,0.06911008
1369,0.06911008
1370,0.06911008
1371,0.06911008
1372,0.06911008
1373,0.06911008
1374,0.06911008
1375,0.06944586
1376,0.06944574
1377,0.06944574
1378,0.06944574
1379,0.06944546
1380,0.0694454
1381,0.0694454
1382,0.0690999
1383,0.0690999
1384,0.0690999
1385,0.06901013
1386,0.06901013
1387,0.06901013
1388,0.06901013
1389,0.06901013
1390,0.06944452
1391,0.06944452
1392,0.06944452
1393,0.06944452
1394,0.06918677
1395,0.0691868
1396,0.0691868
1397,0.0691868
1398,0.0691868
1399,0.0694436
1400,0.06918683
1401,0.06918683
1402,0.06918683
1403,0.06944306
1404,0.069
1405,0.069
1406,0.06900004
1407,0.069
1408,0.069
1409,0.069
1410,0.069
1411,0.069
1412,0.06927766
1413,0.06927766
1414,0.06927766
1415,0.06927735
1416,0.06927735
1417,0.06927715
1418,0.069
1419,0.069
1420,0.069
1421,0.069
1422,0.069
1423,0.069
1424,0.069
1425,0.069
1426,0.069
1427,0.069
1428,0.069
1429,0.069
1430,0.069
1431,0.069
1432,0.069
1433,0.069
1434,0.06881343
1435,0.06891665
1436,0.06880069
1437,0.06880029
1438,0.06880027
1439,0.06880021
1440,0.06880024
1441,0.06879131
1442,0.06879131
1443,0.06879181
1444,0.0687918
1445,0.06879172
1446,0.06872433
1447,0.0686287
1448,0.06862864
1449,0.06862759
1450,0.06862752
1451,0.06852864
1452,0.06852864
1453,0.06852864
1454,0.06858978
1455,0.06858976
1456,0.06852864
1457,0.06852864
1458,0.0685
1459,0.0685
1460,0.0685
1461,0.06852863
1462,0.0685
1463,0.0685
1464,0.06851505
1465,0.0685188
1466,0.06851875
1467,0.06850088
1468,0.06850088
1469,0.06851859
1470,0.06851858
1471,0.06850088
1472,0.06851847
1473,0.06835435
1474,0.06839996
1475,0.06839996
1476,0.06835145
1477,0.06835145
1478,0.06835145
1479,0.06835145
1480,0.06835141
1481,0.06835138
1482,0.0684
1483,0.0684
1484,0.0684
1485,0.0684
1486,0.0684
1487,0.0684
1488,0.0684
1489,0.06848814
1490,0.06834079
1491,0.06851872
1492,0.06851872
1493,0.06851872
1494,0.06851872
1495,0.06851872
1496,0.06851872
1497,0.06851872
1498,0.06851869
1499,0.06851869
1500,0.06851869
1501,0.06851872
1502,0.06851864
1503,0.06851871
1504,0.06851871
1505,0.0684009
1506,0.06851872
1507,0.06851872
1508,0.06851872
1509,0.06851872
1510,0.06851872
1511,0.06851872
1512,0.06851872
1513,0.06851872
1514,0.06851872
1515,0.06851872
1516,0.06858979
1517,0.06840471
1518,0.0685271
1519,0.0685271
1520,0.0685271
1521,0.0685271
1522,0.06858979
1523,0.06858979
1524,0.06858979
1525,0.06858979
1526,0.06858979
1527,0.06847364
1528,0.06858979
1529,0.06858979
1530,0.06858979
1531,0.06858979
1532,0.06858979
1533,0.06858979
1534,0.06860003
1535,0.06860007
1536,0.06860014
1537,0.06860014
1538,0.0686276
1539,0.0684738
1540,0.0684738
1541,0.0686275
1542,0.0686276
1543,0.0686276
1544,0.0686276
1545,0.06860013
1546,0.06861878
1547,0.06861877
1548,0.06861877
1549,0.06861877
1550,0.06861879
1551,0.06861879
1552,0.06861879
1553,0.06861879
1554,0.06862817
1555,0.06862817
1556,0.06867126
1557,0.06879198
1558,0.06875917
1559,0.06890211
1560,0.06890211
1561,0.06890211
1562,0.06890211
1563,0.06890211
1564,0.06890211
1565,0.06890211
1566,0.06890211
1567,0.0689021
1568,0.0689021
1569,0.0689021
1570,0.0689021
1571,0.0689021
1572,0.06888619
1573,0.06861876
1574,0.06888611
1575,0.06888611
1576,0.06888587
1577,0.06888587
1578,0.06888587
1579,0.06840013
1580,0.06840013
1581,0.06847755
1582,0.06847755
1583,0.06846242
1584,0.06846242
1585,0.06846242
1586,0.06880449
1587,0.06880449
1588,0.06880449
1589,0.06820208
1590,0.06820207
1591,0.06847488
1592,0.0684748
1593,0.06811527
1594,0.06808
1595,0.06818645
1596,0.06847428
1597,0.06828437
1598,0.06808
1599,0.06808
1600,0.068
1601,0.068
1602,0.068
1603,0.068
1604,0.06800001
1605,0.06821898
1606,0.06800001
1607,0.068
1608,0.06821852
1609,0.06798954
1610,0.06821837
1611,0.06821837
1612,0.06821837
1613,0.06817252
1614,0.06821801
1615,0.06821801
1616,0.0682179
1617,0.06817255
1618,0.06817261
1619,0.06817261
1620,0.06817258
1621,0.06817247
1622,0.06806971
1623,0.06790001
1624,0.0679
1625,0.0679
1626,0.06806941
1627,0.0679
1628,0.0679
1629,0.0680013
1630,0.0680013
1631,0.0679
1632,0.0679
1633,0.0679
1634,0.0679
1635,0.0679
1636,0.06802234
1637,0.06802234
1638,0.06802219
1639,0.0679
1640,0.0680221
1641,0.06802198
1642,0.06799996
1643,0.06799996
1644,0.06799988
1645,0.0679998
1646,0.0679998
1647,0.068
1648,0.06795
1649,0.06795
1650,0.06795
1651,0.06795
1652,0.06814964
1653,0.06790013
1654,0.06790022
1655,0.06790022
1656,0.06790045
1657,0.06790045
1658,0.06790064
1659,0.06817177
1660,0.06851876
1661,0.0684224
1662,0.0684224
1663,0.0684224
1664,0.06862055
1665,0.06817222
1666,0.06817222
1667,0.06817222
1668,0.06862055
1669,0.06817255
1670,0.06843399
1671,0.06843399
1672,0.06862039
1673,0.06862039
1674,0.06843395
1675,0.0684339
1676,0.0684339
1677,0.06843376
1678,0.06843376
1679,0.06814965
1680,0.06833925
1681,0.06833925
1682,0.06833925
1683,0.06833925
1684,0.06833925
1685,0.06833925
1686,0.06833921
1687,0.06841228
1688,0.06827091
1689,0.06815358
1690,0.06814872
1691,0.06843377
1692,0.06843367
1693,0.06843363
1694,0.06843363
1695,0.06843363
1696,0.06843363
1697,0.06791248
1698,0.068433
1699,0.068433
1700,0.06791257
1701,0.06791263
1702,0.06791272
1703,0.0677
1704,0.06767755
1705,0.06767756
1706,0.06764369
1707,0.06764369
1708,0.06764368
1709,0.06764368
1710,0.06760583
1711,0.06759
1712,0.06759
1713,0.06763349
1714,0.06747774
1715,0.06757041
1716,0.06757035
1717,0.06757027
1718,0.06747774
1719,0.06740207
1720,0.06738652
1721,0.06738971
1722,0.06738714
1723,0.06738649
1724,0.06738643
1725,0.06738634
1726,0.06731896
1727,0.06723249
1728,0.06727573
1729,0.06727573
1730,0.06731899
1731,0.06731899
1732,0.06731898
1733,0.06731898
1734,0.06727573
1735,0.06731898
1736,0.06738569
1737,0.06738569
1738,0.06738569
1739,0.06738569
1740,0.06738569
1741,0.06738652
1742,0.06738652
1743,0.06738977
1744,0.06740204
1745,0.06740203
1746,0.06738654
1747,0.06740207
1748,0.06740207
1749,0.06740207
1750,0.06745291
1751,0.06708454
1752,0.06745285
1753,0.06745272
1754,0.06710001
1755,0.06710003
1756,0.06745249
1757,0.06745242
1758,0.06745228
1759,0.06745217
1760,0.0673961
1761,0.06747601
1762,0.06753688
1763,0.06758887
1764,0.06759997
1765,0.06759997
1766,0.06759997
1767,0.06745251
1768,0.06758999
1769,0.06758998
1770,0.06745282
1771,0.06759996
1772,0.06745291
1773,0.06759996
1774,0.06745302
1775,0.06745302
1776,0.06767165
1777,0.06767165
1778,0.06767165
1779,0.06745344
1780,0.06745344
1781,0.0676772
1782,0.0676772
1783,0.0676772
1784,0.06767751
1785,0.06767751
1786,0.06767745
1787,0.06772315
1788,0.06772325
1789,0.06772324
1790,0.06779181
1791,0.06779181
1792,0.06779181
1793,0.0677235
1794,0.06784592
1795,0.06784592
1796,0.06784599
1797,0.06784603
1798,0.06784607
1799,0.06784607
1800,0.06799538
1801,0.06784616
1802,0.06796554
1803,0.06796554
1804,0.06784592
1805,0.06784592
1806,0.06787172
1807,0.06787172
1808,0.06784612
1809,0.06796549
1810,0.0679954
1811,0.06806339
1812,0.06796549
1813,0.06806335
1814,0.06806335
1815,0.06818629
1816,0.06818629
1817,0.06818629
1818,0.06818627
1819,0.06784621
1820,0.0678463
1821,0.0678463
1822,0.0678463
1823,0.0678463
1824,0.0678463
1825,0.068185
1826,0.06784621
1827,0.06818484
1828,0.06818484
1829,0.06772332
1830,0.06818462
1831,0.06818452
1832,0.06772339
1833,0.06818432
1834,0.06818432
1835,0.06818432
1836,0.06818398
1837,0.06818384
1838,0.06772374
1839,0.06769181
1840,0.06769181
1841,0.06769181
1842,0.06769181
1843,0.06802865
1844,0.06802832
1845,0.06802828
1846,0.06802828
1847,0.0680279
1848,0.0680279
1849,0.06802766
1850,0.06802766
1851,0.06802766
1852,0.06802766
1853,0.06802766
1854,0.06802766
1855,0.06802766
1856,0.06802766
1857,0.06802766
1858,0.06802766
1859,0.06787174
1860,0.06787161
1861,0.06787143
1862,0.06753451
1863,0.06787106
1864,0.06787093
1865,0.0674125
1866,0.06741241
1867,0.06787059
1868,0.0678704
1869,0.06787036
1870,0.06747991
1871,0.0674799
1872,0.0674799
1873,0.06725666
1874,0.06725666
1875,0.0674799
1876,0.06747966
1877,0.06716512
1878,0.06710014
1879,0.06710014
1880,0.06747923
1881,0.06747923
1882,0.06747923
1883,0.06747923
1884,0.06747923
1885,0.0672
1886,0.0672
1887,0.06747847
1888,0.06747847
1889,0.0671
1890,0.06701
1891,0.0671
1892,0.0671
1893,0.06702001
1894,0.06747783
1895,0.06710018
1896,0.06710018
1897,0.0673716
1898,0.06718015
1899,0.06737164
1900,0.06737164
1901,0.06737164
1902,0.06747765
1903,0.0674794
1904,0.06747763
1905,0.06747763
1906,0.06710005
1907,0.06719013
1908,0.06719013
1909,0.06753216
1910,0.06719024
1911,0.067532
1912,0.067532
1913,0.067532
1914,0.06761483
1915,0.0676147
1916,0.0676147
1917,0.0676147
1918,0.0676147
1919,0.06761493
1920,0.06761477
1921,0.0679
1922,0.0679039
1923,0.06789831
1924,0.06788577
1925,0.06788576
1926,0.06788576
1927,0.06795285
1928,0.0676206
1929,0.06802157
1930,0.0681388
1931,0.0681388
1932,0.06762101
1933,0.06762101
1934,0.06813872
1935,0.06813872
1936,0.06813872
1937,0.06813872
1938,0.0676221
1939,0.0676221
1940,0.0676221
1941,0.06762239
1942,0.06762239
1943,0.06762258
1944,0.06762258
1945,0.06762258
1946,0.06813802
1947,0.06813802
1948,0.06813782
1949,0.06813782
1950,0.06797508
1951,0.0676234
1952,0.0676234
1953,0.0676234
1954,0.0676234
1955,0.0676234
1956,0.0676234
1957,0.0676234
1958,0.0676234
1959,0.0676234
1960,0.0676234
1961,0.06797439
1962,0.06797439
1963,0.06797399
1964,0.06797399
1965,0.06797399
1966,0.06797364
1967,0.06766027
1968,0.06766016
1969,0.06766006
1970,0.06766
1971,0.06765994
1972,0.06765994
1973,0.06766027
1974,0.06790181
1975,0.06790179
1976,0.06790179
1977,0.06790179
1978,0.06790177
1979,0.0676602
1980,0.0676602
1981,0.06790172
1982,0.06790167
1983,0.06790167
1984,0.06766032
1985,0.06766032
1986,0.06766032
1987,0.06747985
1988,0.06766032
1989,0.06813881
1990,0.06748013
1991,0.06799982
1992,0.06799982
1993,0.06799982
1994,0.06799982
1995,0.0677
1996,0.0677
1997,0.06752837
1998,0.06725
1999,0.06752813
2000,0.06769964
2001,0.06769962
2002,0.06769962
2003,0.06776381
2004,0.068
2005,0.0677222
2006,0.06785767
2007,0.06792553
2008,0.06799998
2009,0.06699781
2010,0.06699781
2011,0.06699781
2012,0.06806085
2013,0.06806085
2014,0.06793813
2015,0.06799969
2016,0.0678764
2017,0.0678764
2018,0.06700022
2019,0.06700022
2020,0.067804
2021,0.067
2022,0.067
2023,0.06726309
2024,0.06726308
2025,0.06726307
2026,0.06726301
2027,0.06726301
2028,0.06726291
2029,0.06726282
2030,0.06700001
2031,0.06730079
2032,0.06730066
2033,0.06730065
2034,0.06719998
2035,0.06719998
2036,0.06719998
2037,0.06719992
2038,0.06719993
2039,0.06719989
2040,0.06680476
2041,0.06608113
2042,0.06608117
2043,0.06666621
2044,0.06608118
2045,0.06608112
2046,0.06606744
2047,0.0661
2048,0.0661
2049,0.06603733
2050,0.06598036
2051,0.06597004
2052,0.06596041
2053,0.0659604
2054,0.06586903
2055,0.06588095
2056,0.06588094
2057,0.06609968
2058,0.06609968
2059,0.06619962
2060,0.0663319
2061,0.06646481
2062,0.06609993
2063,0.06646481
2064,0.06646481
2065,0.06646481
2066,0.06646483
2067,0.0666642
2068,0.06666409
2069,0.06666397
2070,0.06666395
2071,0.06666395
2072,0.06666392
2073,0.06666392
2074,0.06659778
2075,0.06659778
2076,0.06659778
2077,0.06659774
2078,0.06659774
2079,0.06659774
2080,0.06659773
2081,0.06659773
2082,0.06659772
2083,0.06659772
2084,0.06659769
2085,0.066665
2086,0.06669999
2087,0.06682138
2088,0.06686462
2089,0.06686462
2090,0.06688385
2091,0.06688385
2092,0.06688385
2093,0.06688371
2094,0.06688373
2095,0.0668837
2096,0.06688373
2097,0.06688373
2098,0.06688373
2099,0.06688373
2100,0.06694016
2101,0.06694016
2102,0.06694016
2103,0.06688382
2104,0.06707231
2105,0.06707231
2106,0.06700523
2107,0.06700515
2108,0.06700506
2109,0.06700502
2110,0.06669999
2111,0.066665
2112,0.0669093
2113,0.0669093
2114,0.0669093
2115,0.06666519
2116,0.06649753
2117,0.06690915
2118,0.0669089
2119,0.06690883
2120,0.06690879
2121,0.06666518
2122,0.06666518
2123,0.06666518
2124,0.06690828
2125,0.06690808
2126,0.06690808
2127,0.06690792
2128,0.06690786
2129,0.06690768
2130,0.06666539
2131,0.06690769
2132,0.06690769
2133,0.06690769
2134,0.06690929
2135,0.06690929
2136,0.06690783
2137,0.06690929
2138,0.06690813
2139,0.06670761
2140,0.06670761
2141,0.06670761
2142,0.06690824
2143,0.06690823
2144,0.06690823
2145,0.06670767
2146,0.06670767
2147,0.06690792
2148,0.06690792
2149,0.0667077
2150,0.06690762
2151,0.06690762
2152,0.06666518
2153,0.06666518
2154,0.06649754
2155,0.06655703
2156,0.06646403
2157,0.06623952
2158,0.06690645
2159,0.06690631
2160,0.06637944
2161,0.0663
2162,0.06609968
2163,0.06629989
2164,0.06609968
2165,0.06609968
2166,0.06609968
2167,0.06625496
2168,0.06625489
2169,0.06625485
2170,0.06605132
2171,0.06625476
2172,0.06625476
2173,0.06625476
2174,0.06625475
2175,0.06625473
2176,0.06625473
2177,0.06625473
2178,0.06625501
2179,0.06625475
2180,0.06677929
2181,0.06625482
2182,0.06625482
2183,0.06677906
2184,0.06677906
2185,0.06677891
2186,0.06677891
2187,0.06677879
2188,0.06677879
2189,0.06677879
2190,0.06677879
2191,0.06677879
2192,0.06677879
2193,0.06668678
2194,0.06668679
2195,0.06668679
2196,0.06677877
2197,0.06677877
2198,0.06677877
2199,0.06677883
2200,0.06690177
2201,0.06690173
2202,0.06677895
2203,0.06677895
2204,0.06690162
2205,0.06690162
2206,0.06690162
2207,0.06690148
2208,0.06690148
2209,0.06690141
2210,0.06690141
2211,0.06690136
2212,0.06690136
2213,0.06690136
2214,0.06690136
2215,0.06690136
2216,0.06690122
2217,0.06690122
2218,0.06690122
2219,0.06690107
2220,0.06690107
2221,0.06690824
2222,0.06690098
2223,0.06690098
2224,0.06690098
2225,0.06675407
2226,0.06675407
2227,0.06675407
2228,0.06675407
2229,0.06675407
2230,0.06675407
2231,0.06675407
2232,0.0669009
2233,0.0669009
2234,0.06690089
2235,0.06690089
2236,0.06657924
2237,0.06657924
2238,0.06657924
2239,0.06690073
2240,0.06690073
2241,0.0667396
2242,0.0667396
2243,0.06689996
2244,0.06689996
2245,0.06657868
2246,0.06657868
2247,0.06657868
2248,0.06657868
2249,0.06681179
2250,0.06681179
2251,0.06657906
2252,0.06657911
2253,0.06657919
2254,0.06657925
2255,0.06681166
2256,0.06641231
2257,0.06681152
2258,0.06681152
2259,0.06681152
2260,0.06641251
2261,0.06641251
2262,0.06681109
2263,0.06681109
2264,0.06681109
2265,0.06641274
2266,0.06641274
2267,0.06641274
2268,0.06641221
2269,0.06637816
2270,0.06637816
2271,0.06637816
2272,0.06637816
2273,0.06641221
2274,0.06641221
2275,0.06657464
2276,0.06641221
2277,0.06641221
2278,0.06653121
2279,0.0663499
2280,0.0663499
2281,0.06653082
2282,0.06653082
2283,0.06653055
2284,0.0663499
2285,0.0663499
2286,0.06635
2287,0.06635
2288,0.06635
2289,0.06635
2290,0.0663499
2291,0.06652973
2292,0.06652973
2293,0.06652973
2294,0.06652973
2295,0.06652973
2296,0.06653027
2297,0.06653027
2298,0.06653027
2299,0.0667456
2300,0.06641392
2301,0.06674548
2302,0.06674548
2303,0.06665359
2304,0.06665359
2305,0.06665359
2306,0.06650011
2307,0.06650011
2308,0.06650011
2309,0.06665362
2310,0.06650058
2311,0.0669093
2312,0.0669093
2313,0.0669093
2314,0.06659078
2315,0.06700494
2316,0.06700494
2317,0.06700522
2318,0.06700523
2319,0.06700523
2320,0.06700522
2321,0.06700522
2322,0.06674133
2323,0.06700523
2324,0.06700523
2325,0.06700512
2326,0.06700512
2327,0.06740141
2328,0.06724242
2329,0.06785404
2330,0.06775039
2331,0.06775035
2332,0.06775035
2333,0.06775035
2334,0.06775034
2335,0.06775034
2336,0.06750014
2337,0.06775034
2338,0.06775034
2339,0.06775035
2340,0.06775035
2341,0.06775035
2342,0.06775035
2343,0.06775035
2344,0.06775038
2345,0.06788539
2346,0.06788539
2347,0.06788539
2348,0.06788539
2349,0.06788984
2350,0.06788984
2351,0.06789
2352,0.06798076
2353,0.0679353
2354,0.0679455
2355,0.0679455
2356,0.06807523
2357,0.06794224
2358,0.068
2359,0.068
2360,0.068
2361,0.06808798
2362,0.06808798
2363,0.06808798
2364,0.06808796
2365,0.06808796
2366,0.06808796
2367,0.06823686
2368,0.06823686
2369,0.06833584
2370,0.06833584
2371,0.06808802
2372,0.06808802
2373,0.06808797
2374,0.06808797
2375,0.06833536
2376,0.068088
2377,0.068088
2378,0.068088
2379,0.068088
2380,0.068088
2381,0.068088
2382,0.068088
2383,0.06825029
2384,0.06825029
2385,0.06825029
2386,0.06825029
2387,0.06825029
2388,0.06808796
2389,0.06808796
2390,0.06808796
2391,0.06808796
2392,0.06808796
2393,0.06808796
2394,0.06835323
2395,0.06835324
2396,0.06808796
2397,0.06808796
2398,0.06840219
2399,0.06840219
2400,0.06840219
2401,0.06840219
2402,0.06840219
2403,0.06840219
2404,0.06808799
2405,0.06808799
2406,0.06840175
2407,0.06840175
2408,0.06840163
2409,0.06829544
2410,0.06829543
2411,0.06829536
2412,0.06808796
2413,0.0684
2414,0.06840001
2415,0.06840001
2416,0.06840001
2417,0.06840001
2418,0.0684
2419,0.06840004
2420,0.06840004
2421,0.06840004
2422,0.06840003
2423,0.06840007
2424,0.06855
2425,0.06855001
2426,0.06860221
2427,0.06860228
2428,0.06860233
2429,0.06883714
2430,0.06883714
2431,0.06883714
2432,0.06883718
2433,0.06883726
2434,0.06883725
2435,0.06883717
2436,0.06883726
2437,0.06889275
2438,0.06890003
2439,0.06890006
2440,0.06890954
2441,0.06908963
2442,0.06908963
2443,0.06890032
2444,0.06908963
2445,0.06908966
2446,0.0690897
2447,0.06913164
2448,0.06913165
2449,0.06893562
2450,0.069199
2451,0.069199
2452,0.06920003
2453,0.06920003
2454,0.0692445
2455,0.0692445
2456,0.06924728
2457,0.06924797
2458,0.06924797
2459,0.06924797
2460,0.06924797
2461,0.06924728
2462,0.06924797
2463,0.06924797
2464,0.06924797
2465,0.06924797
2466,0.06924797
2467,0.06924797
2468,0.06924797
2469,0.06919902
2470,0.06919901
2471,0.06919901
2472,0.06919902
2473,0.069269
2474,0.06926909
2475,0.06926909
2476,0.06934112
2477,0.06934112
2478,0.06934124
2479,0.06968915
2480,0.0693414
2481,0.0693414
2482,0.0693414
2483,0.06934172
2484,0.06934172
2485,0.06968883
2486,0.06934197
2487,0.06968868
2488,0.06968863
2489,0.06968863
2490,0.06934237
2491,0.06955949
2492,0.06955949
2493,0.06955948
2494,0.06934265
2495,0.06934265
2496,0.06934265
2497,0.06934265
2498,0.06934297
2499,0.06955945
2500,0.06955945
2501,0.06955945
2502,0.06955945
2503,0.06955945
2504,0.06955945
2505,0.06955945
2506,0.06949996
2507,0.0695
2508,0.0695
2509,0.0695
2510,0.0695
2511,0.06939374
2512,0.0695
2513,0.06939383
2514,0.06939383
2515,0.06939383
2516,0.06967073
2517,0.06967073
2518,0.06956872
2519,0.06956611
2520,0.06956611
2521,0.06956611
2522,0.06956611
2523,0.06946613
2524,0.06946616
2525,0.06946616
2526,0.06946616
2527,0.06956611
2528,0.06956872
2529,0.06970135
2530,0.06970135
2531,0.06970134
2532,0.06971736
2533,0.06971732
2534,0.06971729
2535,0.06971729
2536,0.06966205
2537,0.06966205
2538,0.06966205
2539,0.06966205
2540,0.06966205
2541,0.0693418
2542,0.06934183
2543,0.06971732
2544,0.06971732
2545,0.0697173
2546,0.0697173
2547,0.0697173
2548,0.06972532
2549,0.06972532
2550,0.06972532
2551,0.06972533
2552,0.06971737
2553,0.06971737
2554,0.06971737
2555,0.06971737
2556,0.06971737
2557,0.07
2558,0.06971784
2559,0.06971784
2560,0.06971784
2561,0.06971784
2562,0.07006598
2563,0.07006598
2564,0.07006598
2565,0.07006598
2566,0.07006598
2567,0.07006598
2568,0.06971876
2569,0.06971886
2570,0.06971886
2571,0.06971908
2572,0.06971912
2573,0.06971912
2574,0.06971912
2575,0.06993859
2576,0.06993859
2577,0.06993859
2578,0.06993859
2579,0.06993859
2580,0.06993859
2581,0.06971987
2582,0.06971999
2583,0.06971999
2584,0.06993858
2585,0.06993858
2586,0.06993858
2587,0.06993859
2588,0.06993863
2589,0.06993863
2590,0.06993866
2591,0.06993866
2592,0.07006599
2593,0.07006602
2594,0.07006602
2595,0.07010965
2596,0.06972112
2597,0.06972112
2598,0.07006599
2599,0.07010953
2600,0.07010953
2601,0.07010049
2602,0.07010032
2603,0.07006599
2604,0.06972177
2605,0.06972181
2606,0.06972189
2607,0.0697219
2608,0.0697219
2609,0.0697219
2610,0.0697219
2611,0.07002007
2612,0.07002007
2613,0.07002007
2614,0.07002007
2615,0.07002007
2616,0.07002007
2617,0.06976835
2618,0.06976835
2619,0.06986806
2620,0.06986806
2621,0.0700658
2622,0.0700658
2623,0.0700658
2624,0.07013381
2625,0.07013381
2626,0.07013381
2627,0.07013381
2628,0.07013381
2629,0.07013381
2630,0.07013381
2631,0.07013381
2632,0.07013381
2633,0.07013381
2634,0.07013381
2635,0.07013381
2636,0.06976979
2637,0.06976979
2638,0.06976979
2639,0.06976979
2640,0.06976979
2641,0.07018648
2642,0.0702
2643,0.07030604
2644,0.07030604
2645,0.07030604
2646,0.07030604
2647,0.07030603
2648,0.07030603
2649,0.0702866
2650,0.0702866
2651,0.07030603
2652,0.07030603
2653,0.07030603
2654,0.07030603
2655,0.07030603
2656,0.07030603
2657,0.07030603
2658,0.06977125
2659,0.06977124
2660,0.06977125
2661,0.06977124
2662,0.06977124
2663,0.06977125
2664,0.06977125
2665,0.06977125
2666,0.06977081
2667,0.06977081
2668,0.06977081
2669,0.06977081
2670,0.06977081
2671,0.06977081
2672,0.06977124
2673,0.06977124
2674,0.06977124
2675,0.06977124
2676,0.06977124
2677,0.06977124
2678,0.06977124
2679,0.06977124
2680,0.06977124
2681,0.06977124
2682,0.0695
2683,0.06949997
2684,0.0695
2685,0.06949997
2686,0.0695
2687,0.0695
2688,0.0695
2689,0.06949998
2690,0.06949998
2691,0.0695
2692,0.0695
2693,0.0695
2694,0.0695
2695,0.06938706
2696,0.06926901
2697,0.06926901
2698,0.06938
2699,0.06898
2700,0.06898
2701,0.06895817
2702,0.06895817
2703,0.06895817
2704,0.06895817
2705,0.06895817
2706,0.06895817
2707,0.06881306
2708,0.0687
2709,0.0687
2710,0.06881306
2711,0.06881308
2712,0.06881308
2713,0.06881308
2714,0.06881308
2715,0.06881308
2716,0.06895633
2717,0.06895633
2718,0.06895633
2719,0.06895633
2720,0.06895633
2721,0.06895633
2722,0.0689559
2723,0.0689559
2724,0.06895583
2725,0.06895583
2726,0.06881308
2727,0.06881308
2728,0.06881308
2729,0.06895531
2730,0.06869999
2731,0.06869999
2732,0.06895488
2733,0.0687
2734,0.06869999
2735,0.06869999
2736,0.06869999
2737,0.0687
2738,0.0687
2739,0.0687
2740,0.0687
2741,0.06864471
2742,0.06864471
2743,0.06864471
2744,0.0687
2745,0.06895816
2746,0.06904336
2747,0.06904336
2748,0.06904336
2749,0.06895815
2750,0.06895815
2751,0.06904349
2752,0.06904349
2753,0.06904349
2754,0.06904349
2755,0.06904349
2756,0.06904349
2757,0.06904349
2758,0.06904349
2759,0.06904412
2760,0.06904419
2761,0.06919942
2762,0.06919942
2763,0.06919942
2764,0.06919946
2765,0.06928753
2766,0.06904349
2767,0.06928735
2768,0.06928741
2769,0.06928741
2770,0.06928741
2771,0.06928741
2772,0.06928741
2773,0.06928741
2774,0.06928741
2775,0.06928741
2776,0.06928741
2777,0.06886799
2778,0.06886799
2779,0.06886799
2780,0.06928756
2781,0.06928756
2782,0.06928756
2783,0.06928756
2784,0.06928756
2785,0.06928757
2786,0.06928757
2787,0.06938495
2788,0.06938495
2789,0.06938495
2790,0.06944406
2791,0.06941102
2792,0.06941102
2793,0.06941102
2794,0.06938495
2795,0.06938495
2796,0.06938495
2797,0.06909952
2798,0.06909952
2799,0.06909952
2800,0.06909952
2801,0.06909952
2802,0.06909952
2803,0.06928763
2804,0.06938495
2805,0.06900337
2806,0.06900337
2807,0.06900337
2808,0.06900337
2809,0.06900362
2810,0.06900362
2811,0.06900373
2812,0.06900373
2813,0.06900373
2814,0.06900373
2815,0.06900353
2816,0.06906234
2817,0.06906234
2818,0.06906234
2819,0.06906234
2820,0.06906234
2821,0.06944218
2822,0.06900334
2823,0.06900334
2824,0.06900334
2825,0.06900334
2826,0.06900334
2827,0.06900337
2828,0.06900337
2829,0.06900337
2830,0.06900337
2831,0.06900337
2832,0.06900337
2833,0.06900337
2834,0.06900337
2835,0.06900337
2836,0.06900337
2837,0.06900336
2838,0.06900336
2839,0.06900336
2840,0.06887183
2841,0.06887184
2842,0.06887184
2843,0.06885348
2844,0.06885347
2845,0.06885347
2846,0.06885348
2847,0.06938003
2848,0.06867186
2849,0.06867186
2850,0.06871
2851,0.06871002
2852,0.06871002
2853,0.06871002
2854,0.06937899
2855,0.06937894
2856,0.06937691
2857,0.06937691
2858,0.06937691
2859,0.06937658
2860,0.06937658
2861,0.06937479
2862,0.06937479
2863,0.06936996
2864,0.06936996
2865,0.06936996
2866,0.06936996
2867,0.06935972
2868,0.06935972
2869,0.06935972
2870,0.06885391
2871,0.06935933
2872,0.06935933
2873,0.06935933
2874,0.06935933
2875,0.06935933
2876,0.06935933
2877,0.0693588
2878,0.0693588
2879,0.0693588
2880,0.0693588
2881,0.06933997
2882,0.06933997
2883,0.06933975
2884,0.06932996
2885,0.06932996
2886,0.06932996
2887,0.06932996
2888,0.06932996
2889,0.06932996
2890,0.06932996
2891,0.06932996
2892,0.06932996
2893,0.06932996
2894,0.06933946
2895,0.06933946
2896,0.06933001
2897,0.0693578
2898,0.0693578
2899,0.06937456
2900,0.06937452
2901,0.06937447
2902,0.06935783
2903,0.06937442
2904,0.06937442
2905,0.06937442
2906,0.06937442
2907,0.06937442
2908,0.06937455
2909,0.06937454
2910,0.06937456
2911,0.06933
2912,0.06933
2913,0.06933
2914,0.06937452
2915,0.06937447
2916,0.06937443
2917,0.06937443
2918,0.06937443
2919,0.06937443
2920,0.06937442
2921,0.06922341
2922,0.06922344
2923,0.06922342
2924,0.06922342
2925,0.06922342
2926,0.06922342
2927,0.06922342
2928,0.06922339
2929,0.06922339
2930,0.06922339
2931,0.06922341
2932,0.06922344
2933,0.06922344
2934,0.06922344
2935,0.06922344
2936,0.06937461
2937,0.06937461
2938,0.06897857
2939,0.06897857
2940,0.06937444
2941,0.06937444
2942,0.06897895
2943,0.06897895
2944,0.06897908
2945,0.06937401
2946,0.06937401
2947,0.06937401
2948,0.06937401
2949,0.06937401
2950,0.06937401
2951,0.06937401
2952,0.06937401
2953,0.06897978
2954,0.06897984
2955,0.0686716
2956,0.0686716
2957,0.0686716
2958,0.06937251
2959,0.06937251
2960,0.06937251
2961,0.06937251
2962,0.06937251
2963,0.06937251
2964,0.06937251
2965,0.06937251
2966,0.06937251
2967,0.06937251
2968,0.06937251
2969,0.06937251
2970,0.06937251
2971,0.0686727
2972,0.0686727
2973,0.0686727
2974,0.0686727
2975,0.0686727
2976,0.0686727
2977,0.0686727
2978,0.0686727
2979,0.0686727
2980,0.0686727
2981,0.06867337
2982,0.06867337
2983,0.06936938
2984,0.06936938
2985,0.06936938
2986,0.06936902
2987,0.06887189
2988,0.06887189
2989,0.0688719
2990,0.0688719
2991,0.0688719
2992,0.0688719
2993,0.06887189
2994,0.06887189
2995,0.06887189
2996,0.06867354
2997,0.06887179
2998,0.06887179
2999,0.06887167
3000,0.06887163
3001,0.06887155
3002,0.06887155
3003,0.06887146
3004,0.06867343
3005,0.0686727
3006,0.06867343
3007,0.06867343
3008,0.06867342
3009,0.06867342
3010,0.06867342
3011,0.06867343
3012,0.06867343
3013,0.06867342
3014,0.06867342
3015,0.06867342
3016,0.06867342
3017,0.06867342
3018,0.06867342
3019,0.06867344
3020,0.06864137
3021,0.06864137
3022,0.06864137
3023,0.06867339
3024,0.06867339
3025,0.06864138
3026,0.06864138
3027,0.06867344
3028,0.06864138
3029,0.06864138
3030,0.06864138
3031,0.06864138
3032,0.06867344
3033,0.06867344
3034,0.06867344
3035,0.06867344
3036,0.06867292
3037,0.06864137
3038,0.06864132
3039,0.06864122
3040,0.06864111
3041,0.06864094
3042,0.0686409
3043,0.0686409
3044,0.06864076
3045,0.06864069
3046,0.06856623
3047,0.06856623
3048,0.06864073
3049,0.06864137
3050,0.06864137
3051,0.06864137
3052,0.06864137
3053,0.06864137
3054,0.06864137
3055,0.06864137
3056,0.06864137
3057,0.0686413
3058,0.06864129
3059,0.06864129
3060,0.06864129
3061,0.06864129
3062,0.06864129
3063,0.06864129
3064,0.06864137
3065,0.06864155
3066,0.06864155
3067,0.06864155
3068,0.06864155
3069,0.06864155
3070,0.06864155
3071,0.06864155
3072,0.06864155
3073,0.0687928
3074,0.0687928
3075,0.06909375
3076,0.06927476
3077,0.06927476
3078,0.06927476
3079,0.06927476
3080,0.06927476
3081,0.06927476
3082,0.06927476
3083,0.06927476
3084,0.06927476
3085,0.06927476
3086,0.06879363
3087,0.06879363
3088,0.06879363
3089,0.06927472
3090,0.06927472
3091,0.06927472
3092,0.06927472
3093,0.06879461
3094,0.06879468
3095,0.06879468
3096,0.06879468
3097,0.06879468
3098,0.06879468
3099,0.069
3100,0.069
3101,0.069
3102,0.069
3103,0.069
3104,0.06927417
3105,0.06927417
3106,0.06927417
3107,0.06927417
3108,0.06927417
3109,0.06927417
3110,0.06927378
3111,0.06927378
3112,0.06927378
3113,0.06927378
3114,0.0688
3115,0.06879345
3116,0.06879345
3117,0.06879345
3118,0.06879345
3119,0.06879345
3120,0.06920348
3121,0.06872504
3122,0.06872504
3123,0.06872504
3124,0.06872504
3125,0.06872504
3126,0.06872504
3127,0.06920248
3128,0.06920248
3129,0.06920248
3130,0.06920248
3131,0.06862175
3132,0.06855322
3133,0.06862147
3134,0.06855322
3135,0.06838184
3136,0.06831346
3137,0.06834393
3138,0.06834393
3139,0.06855283
3140,0.06855282
3141,0.06855282
3142,0.06855282
3143,0.06855273
3144,0.06816487
3145,0.06816487
3146,0.06816487
3147,0.06855219
3148,0.06848365
3149,0.06848346
3150,0.06848346
3151,0.06848314
3152,0.06805834
3153,0.06805834
3154,0.06805834
3155,0.06805834
3156,0.06805834
3157,0.06805836
3158,0.06805836
3159,0.06805836
3160,0.06805839
3161,0.06805839
3162,0.06806536
3163,0.068059
3164,0.068059
3165,0.06845873
3166,0.06805906
3167,0.0684586
3168,0.068
3169,0.06805826
3170,0.06805819
3171,0.06805819
3172,0.06805819
3173,0.06805819
3174,0.06805833
3175,0.06805833
3176,0.06840296
3177,0.06805851
3178,0.06805866
3179,0.06805866
3180,0.06805866
3181,0.06840245
3182,0.06840245
3183,0.06840245
3184,0.06840245
3185,0.06840245
3186,0.06805935
3187,0.06840233
3188,0.06840233
3189,0.06840233
3190,0.06840233
3191,0.06840233
3192,0.06862175
3193,0.06840244
3194,0.06840244
3195,0.06840244
3196,0.06840244
3197,0.06840244
3198,0.06854901
3199,0.06854898
3200,0.06854889
3201,0.06854889
3202,0.06854889
3203,0.06854889
3204,0.06854889
3205,0.06854902
3206,0.06854902
3207,0.06854902
3208,0.06854902
3209,0.06862174
3210,0.06862174
3211,0.06862174
3212,0.06862174
3213,0.06862174
3214,0.06862174
3215,0.06862174
3216,0.06862175
3217,0.06862175
3218,0.06862175
3219,0.06862175
3220,0.06862175
3221,0.06862175
3222,0.06862175
3223,0.06862175
3224,0.06862175
3225,0.06862175
3226,0.06862175
3227,0.06862175
3228,0.06897913
3229,0.0686218
3230,0.0686218
3231,0.0686218
3232,0.06862191
3233,0.06862191
3234,0.06862191
3235,0.06862193
3236,0.06862193
3237,0.06862193
3238,0.06862193
3239,0.06862193
3240,0.06897808
3241,0.06897801
3242,0.06897801
3243,0.06868435
3244,0.06897791
3245,0.06897791
3246,0.06897791
3247,0.06897791
3248,0.06864076
3249,0.06864076
3250,0.06864076
3251,0.06897737
3252,0.06897737
3253,0.06897737
3254,0.06897737
3255,0.06897737
3256,0.06897737
3257,0.06864076
3258,0.06864076
3259,0.06864076
3260,0.06864076
3261,0.06864076
3262,0.06864076
3263,0.06897566
3264,0.06897566
3265,0.068622
3266,0.068622
3267,0.06862174
3268,0.0687497
3269,0.0687497
3270,0.0687497
3271,0.0687497
3272,0.06874918
3273,0.06874918
3274,0.06874918
3275,0.06874918
3276,0.06874918
3277,0.06824253
3278,0.06874832
3279,0.06874817
3280,0.06874817
3281,0.06874817
3282,0.06874817
3283,0.06862191
3284,0.068747
3285,0.06869994
3286,0.06869994
3287,0.0687
3288,0.0687
3289,0.0687
3290,0.06870015
3291,0.069
3292,0.069
3293,0.06900003
3294,0.06929218
3295,0.06929218
3296,0.07
3297,0.06950251
3298,0.06950263
3299,0.06950271
3300,0.06950284
3301,0.06975799
3302,0.06915498
3303,0.06915502
3304,0.06915502
3305,0.06915502
3306,0.06953857
3307,0.06975808
3308,0.06975815
3309,0.06975815
3310,0.06975815
3311,0.06975814
3312,0.06915589
3313,0.06915589
3314,0.06915589
3315,0.06915589
3316,0.06934918
3317,0.06934918
3318,0.06934918
3319,0.06940034
3320,0.06940052
3321,0.06940052
3322,0.06940052
3323,0.06940052
3324,0.06940052
3325,0.06940099
3326,0.06940099
3327,0.06940099
3328,0.06940099
3329,0.06940099
3330,0.06940099
3331,0.06940162
3332,0.06940162
3333,0.06975787
3334,0.06975787
3335,0.06975787
3336,0.06940921
3337,0.06940921
3338,0.06940921
3339,0.06946059
3340,0.06946059
3341,0.06946059
3342,0.06946035
3343,0.06946035
3344,0.06946035
3345,0.06946018
3346,0.06946017
3347,0.06946017
3348,0.06946017
3349,0.06945995
3350,0.06945987
3351,0.06945979
3352,0.06945974
3353,0.0694597
3354,0.0694597
3355,0.0694597
3356,0.06940908
3357,0.06933146
3358,0.06933146
3359,0.06933137
3360,0.06933138
3361,0.06933139
3362,0.06940908
3363,0.06915915
3364,0.06915931
3365,0.06915931
3366,0.06915931
3367,0.06915931
3368,0.06915931
3369,0.06915931
3370,0.06915972
3371,0.06915972
3372,0.06915972
3373,0.06915972
3374,0.06915972
3375,0.06915972
3376,0.06915972
3377,0.06916027
3378,0.06916027
3379,0.0694076
3380,0.06940742
3381,0.06940742
3382,0.06940742
3383,0.06940742
3384,0.06940742
3385,0.06931718
3386,0.06931718
3387,0.06931718
3388,0.06915813
3389,0.06915813
3390,0.06915813
3391,0.06915813
3392,0.06915813
3393,0.06931655
3394,0.06931692
3395,0.06915819
3396,0.06915819
3397,0.06915819
3398,0.06915819
3399,0.06915819
3400,0.06915819
3401,0.06915804
3402,0.06915804
3403,0.06924737
3404,0.06924734
3405,0.06924734
3406,0.06924734
3407,0.06924721
3408,0.06924721
3409,0.06924721
3410,0.06924708
3411,0.06924708
3412,0.06921558
3413,0.06919996
3414,0.06919996
3415,0.06919987
3416,0.06919979
3417,0.06919975
3418,0.06919975
3419,0.06900057
3420,0.06900057
3421,0.06928624
3422,0.06928624
3423,0.06928624
3424,0.06928624
3425,0.06928624
3426,0.06928624
3427,0.06928624
3428,0.06928624
3429,0.06928624
3430,0.06928624
3431,0.06900104
3432,0.06900104
3433,0.06900119
3434,0.06900119
3435,0.06928724
3436,0.0693
3437,0.0693
3438,0.0693
3439,0.06928744
3440,0.06928744
3441,0.06928744
3442,0.06928744
3443,0.06939999
3444,0.06939999
3445,0.0694
3446,0.0694
3447,0.06940002
3448,0.06940002
3449,0.06940002
3450,0.06940002
3451,0.06940002
3452,0.06974323
3453,0.069743
3454,0.06974288
3455,0.06974288
3456,0.06974288
3457,0.06974268
3458,0.06974268
3459,0.06974268
3460,0.06940006
3461,0.06940006
3462,0.06940006
3463,0.06940004
3464,0.06940004
3465,0.06940004
3466,0.0696363
3467,0.0696363
3468,0.0696363
3469,0.06946054
3470,0.06946054
3471,0.06946054
3472,0.06946054
3473,0.06954843
3474,0.06954843
3475,0.06954843
3476,0.06954843
3477,0.06954843
3478,0.06954844
3479,0.06954844
3480,0.06954844
3481,0.06954844
3482,0.06963629
3483,0.06963629
3484,0.06963629
3485,0.06963629
3486,0.06963629
3487,0.06972292
3488,0.06972292
3489,0.06972292
3490,0.06972292
3491,0.06972292
3492,0.06972249
3493,0.06972239
3494,0.06972239
3495,0.06972239
3496,0.06972239
3497,0.06954845
3498,0.069722
3499,0.06954845
3500,0.06972184
3501,0.06972177
3502,0.06972177
3503,0.06972167
3504,0.06963556
3505,0.0697214
3506,0.06972129
3507,0.06954843
3508,0.06961483
3509,0.06961483
3510,0.06961483
3511,0.06961469
3512,0.06961459
3513,0.06961452
3514,0.06961452
3515,0.06961443
3516,0.0695485
3517,0.06961428
3518,0.06961424
3519,0.0695485
3520,0.0695485
3521,0.0695485
3522,0.0695485
3523,0.0695485
3524,0.06956024
3525,0.0695485
3526,0.06928727
3527,0.06928727
3528,0.06928724
3529,0.06928724
3530,0.06928724
3531,0.06928724
3532,0.06928724
3533,0.06928724
3534,0.06928724
3535,0.06952077
3536,0.06952077
3537,0.06952077
3538,0.06928724
3539,0.06928724
3540,0.06928724
3541,0.06928724
3542,0.06928724
3543,0.06928724
3544,0.06928725
3545,0.06913471
3546,0.06900008
3547,0.06900007
3548,0.06900004
3549,0.06900004
3550,0.06900002
3551,0.06900002
3552,0.06900002
3553,0.06900002
3554,0.06900002
3555,0.069
3556,0.069
3557,0.06900008
3558,0.06900008
3559,0.06900009
3560,0.06900009
3561,0.06900009
3562,0.06900009
3563,0.06937406
3564,0.06937406
3565,0.06937406
3566,0.069
3567,0.069
3568,0.069
3569,0.06952093
3570,0.06952082
3571,0.06952082
3572,0.068995
3573,0.068995
3574,0.068995
3575,0.06898523
3576,0.06898523
3577,0.06898523
3578,0.06898523
3579,0.06898523
3580,0.06898523
3581,0.06898523
3582,0.06898523
3583,0.06898523
3584,0.06899499
3585,0.06937337
3586,0.06937337
3587,0.06937337
3588,0.06937315
3589,0.06937306
3590,0.06937306
3591,0.06937306
3592,0.06937306
3593,0.06937257
3594,0.06937257
3595,0.06888413
3596,0.06937225
3597,0.0688839
3598,0.0688839
3599,0.06937202
3600,0.06937202
3601,0.06937182
3602,0.06937182
3603,0.06937162
3604,0.06937142
3605,0.06937142
3606,0.0688839
3607,0.06885296
3608,0.06885296
3609,0.06885296
3610,0.06885293
3611,0.06885288
3612,0.06885283
3613,0.06881278
3614,0.06881278
3615,0.06881277
3616,0.0688839
3617,0.06881276
3618,0.06874031
3619,0.06874031
3620,0.06874031
3621,0.06874031
3622,0.06874031
3623,0.06874031
3624,0.06874031
3625,0.06874029
3626,0.06864079
3627,0.06861763
3628,0.06861763
3629,0.06861761
3630,0.0688832
3631,0.06861763
3632,0.06861763
3633,0.06888285
3634,0.06861761
3635,0.06861761
3636,0.06861761
3637,0.06861761
3638,0.06861761
3639,0.06861553
3640,0.06861553
3641,0.06856819
3642,0.06856819
3643,0.06861499
3644,0.06861497
3645,0.06861489
3646,0.06861439
3647,0.06861426
3648,0.06861426
3649,0.06861387
3650,0.0685083
3651,0.06850817
3652,0.06850817
3653,0.0684144
3654,0.06847389
3655,0.068474
3656,0.068474
3657,0.06847399
3658,0.06847399
3659,0.068474
3660,0.068474
3661,0.06847379
3662,0.06847379
3663,0.0684737
3664,0.06847372
3665,0.06847371
3666,0.06821667
3667,0.06821667
3668,0.06847371
3669,0.06847364
3670,0.06847355
3671,0.06847349
3672,0.06847342
3673,0.06847342
3674,0.06847333
3675,0.0684732
3676,0.06847315
3677,0.06830237
3678,0.06830237
3679,0.0684728
3680,0.06830234
3681,0.06830234
3682,0.06830229
3683,0.06830229
3684,0.06821661
3685,0.06821661
3686,0.06821664
3687,0.06821664
3688,0.06821664
3689,0.06821664
3690,0.06830233
3691,0.06830233
3692,0.06830219
3693,0.06830206
3694,0.06830206
3695,0.06830206
3696,0.06830184
3697,0.06830184
3698,0.06830179
3699,0.06830179
3700,0.06830162
3701,0.06830162
3702,0.06830162
3703,0.06830162
3704,0.06830162
3705,0.06830162
3706,0.06821658
3707,0.06821658
3708,0.06821658
3709,0.06821658
3710,0.06821654
3711,0.06821654
3712,0.06821654
3713,0.06821653
3714,0.06821653
3715,0.06821653
3716,0.06821651
3717,0.0682165
3718,0.0682165
3719,0.0682165
3720,0.0682165
3721,0.0682165
3722,0.06817409
3723,0.0682165
3724,0.06821654
3725,0.06817409
3726,0.06830237
3727,0.06830237
3728,0.06830237
3729,0.06830237
3730,0.06817409
3731,0.06817409
3732,0.06813161
3733,0.06812723
3734,0.06812723
3735,0.06812723
3736,0.06817409
3737,0.06817409
3738,0.06813187
3739,0.06813187
3740,0.06792792
3741,0.06792792
3742,0.06792792
3743,0.06792806
3744,0.06792806
3745,0.06817408
3746,0.06817408
3747,0.06817408
3748,0.06817405
3749,0.06817405
3750,0.06817409
3751,0.06834979
3752,0.06834979
3753,0.06834979
3754,0.06834979
3755,0.06834979
3756,0.06834979
3757,0.06834889
3758,0.06834889
3759,0.06834889
3760,0.06834889
3761,0.06834817
3762,0.06834797
3763,0.06834778
3764,0.06834778
3765,0.06834778
3766,0.06834734
3767,0.06834734
3768,0.06834734
3769,0.06834734
3770,0.06834734
3771,0.06823603
3772,0.06823602
3773,0.06800491
3774,0.0682
3775,0.0682
3776,0.0682
3777,0.0682
3778,0.0682
3779,0.0682
3780,0.068236
3781,0.068236
3782,0.068236
3783,0.068236
3784,0.068236
3785,0.068236
3786,0.06823607
3787,0.068236
3788,0.06813186
3789,0.06823607
3790,0.0683567
3791,0.06823607
3792,0.06823607
3793,0.06823607
3794,0.06823607
3795,0.06823607
3796,0.06823607
3797,0.06823607
3798,0.06846828
3799,0.06846828
3800,0.06823624
3801,0.06823624
3802,0.06846828
3803,0.06846828
3804,0.06846828
3805,0.06846828
3806,0.06846828
3807,0.06846828
3808,0.06846828
3809,0.06839012
3810,0.06839012
3811,0.06839014
3812,0.06839014
3813,0.06839014
3814,0.06839014
3815,0.06839007
3816,0.06839007
3817,0.06850823
3818,0.06823608
3819,0.06839001
3820,0.06823624
3821,0.06839001
3822,0.06839001
3823,0.06839001
3824,0.06839001
3825,0.06839001
3826,0.06839001
3827,0.06861758
3828,0.06861757
3829,0.06861757
3830,0.06861757
3831,0.06861757
3832,0.06861757
3833,0.06861757
3834,0.06861757
3835,0.06861733
3836,0.06857796
3837,0.06867601
3838,0.06867601
3839,0.06867601
3840,0.06867601
3841,0.06867601
3842,0.06867601
3843,0.06867601
3844,0.06867601
3845,0.06867601
3846,0.0686754
3847,0.06867539
3848,0.06867539
3849,0.06867539
3850,0.06867539
3851,0.06867539
3852,0.06867514
3853,0.06867507
3854,0.06867507
3855,0.06867499
3856,0.06867495
3857,0.06867494
3858,0.06867494
3859,0.06867494
3860,0.06867494
3861,0.06867494
3862,0.06867494
3863,0.06867494
3864,0.06867522
3865,0.06867522
3866,0.06867522
3867,0.06867522
3868,0.06867522
3869,0.06867522
3870,0.06867522
3871,0.06867522
3872,0.06867521
3873,0.06867521
3874,0.06867521
3875,0.06867521
3876,0.06867521
3877,0.06867521
3878,0.06867521
3879,0.06867521
3880,0.06867522
3881,0.06867515
3882,0.06867514
3883,0.06867522
3884,0.06867522
3885,0.06867522
3886,0.06867522
3887,0.06850009
3888,0.0685
3889,0.0685001
3890,0.0685001
3891,0.0685001
3892,0.0685
3893,0.0685001
3894,0.06867519
3895,0.0685
3896,0.0685
3897,0.06867519
3898,0.06850001
3899,0.06833886
3900,0.06867519
3901,0.06833903
3902,0.06833903
3903,0.06833903
3904,0.06833903
3905,0.06833903
3906,0.06833903
3907,0.06833903
3908,0.06867519
3909,0.06867519
3910,0.06850351
3911,0.06850351
3912,0.06867519
3913,0.0686752
3914,0.0686752
3915,0.0686752
3916,0.0686752
3917,0.0686752
3918,0.0686752
3919,0.0686752
3920,0.0686752
3921,0.0686752
3922,0.0686752
3923,0.0686752
3924,0.06867522
3925,0.0685035
3926,0.0686752
3927,0.0686752
3928,0.0686752
3929,0.06850352
3930,0.06867522
3931,0.06867522
3932,0.06867522
3933,0.06867522
3934,0.06867518
3935,0.06867518
3936,0.06867518
3937,0.06867518
3938,0.06867518
3939,0.06867518
3940,0.06867518
3941,0.06850352
3942,0.06850352
3943,0.06850352
3944,0.06850352
3945,0.06850352
3946,0.06850352
3947,0.06850352
3948,0.06867521
3949,0.0686752
3950,0.06867522
3951,0.06867522
3952,0.06867522
3953,0.06867604
3954,0.06888386
3955,0.06888386
3956,0.06888386
3957,0.06888372
3958,0.06888372
3959,0.06888354
3960,0.06888352
3961,0.0686752
3962,0.0686752
3963,0.0686752
3964,0.0686752
3965,0.0688833
3966,0.0688833
3967,0.0688833
3968,0.0688833
3969,0.0688833
3970,0.0688833
3971,0.0688833
3972,0.0688833
3973,0.06888289
3974,0.06888289
3975,0.06888283
3976,0.06888283
3977,0.06867525
3978,0.06888274
3979,0.06888273
3980,0.0688839
3981,0.0688839
3982,0.0688839
3983,0.06888273
3984,0.06888273
3985,0.06888273
3986,0.06888273
3987,0.06888264
3988,0.06888262
3989,0.06888262
3990,0.06867529
3991,0.06867529
3992,0.06888242
3993,0.06888242
3994,0.06888242
3995,0.06888242
3996,0.06888242
3997,0.06888242
3998,0.06888242
3999,0.06888217
4000,0.06888217
4001,0.06833945
4002,0.06833952
4003,0.06833956
4004,0.06833959
4005,0.06833963
4006,0.06833963
4007,0.06833963
4008,0.06833963
4009,0.06871932
4010,0.06852962
4011,0.06871924
4012,0.06871924
4013,0.06871924
4014,0.06871935
4015,0.06871935
4016,0.06871928
4017,0.06871928
4018,0.06871928
4019,0.06871928
4020,0.0687191
4021,0.0687191
4022,0.0687191
4023,0.0687191
4024,0.06871912
4025,0.06871912
4026,0.06857466
4027,0.06857466
4028,0.06857466
4029,0.0683634
4030,0.06871902
4031,0.06871902
4032,0.06871902
4033,0.06871931
4034,0.06871931
4035,0.06871928
4036,0.06860945
4037,0.06860945
4038,0.06860943
4039,0.06860943
4040,0.06860943
4041,0.06836446
4042,0.06836446
4043,0.06836452
4044,0.06836452
4045,0.06836452
4046,0.06836452
4047,0.06836452
4048,0.06836452
4049,0.06836452
4050,0.06836452
4051,0.06881107
4052,0.06881107
4053,0.06836458
4054,0.06867355
4055,0.06836457
4056,0.06867333
4057,0.06833924
4058,0.06833924
4059,0.06833924
4060,0.06833924
4061,0.06867291
4062,0.06867285
4063,0.06867279
4064,0.06867276
4065,0.06833925
4066,0.06833925
4067,0.06833922
4068,0.06787679
4069,0.0678768
4070,0.06787681
4071,0.06787683
4072,0.06860929
4073,0.06860921
4074,0.06860921
4075,0.06860911
4076,0.06860911
4077,0.06860893
4078,0.06860893
4079,0.06860877
4080,0.06823202
4081,0.06860868
4082,0.06860868
4083,0.06860845
4084,0.06823193
4085,0.06787726
4086,0.06787726
4087,0.06823165
4088,0.06823165
4089,0.06823165
4090,0.06823165
4091,0.06787719
4092,0.06787719
4093,0.06823119
4094,0.06823115
4095,0.0682311
4096,0.06770004
4097,0.06770011
4098,0.06822973
4099,0.06822973
4100,0.06822958
4101,0.06822954
4102,0.06822947
4103,0.06822957
4104,0.06823193
4105,0.06823197
4106,0.06823197
4107,0.06823197
4108,0.06842236
4109,0.06842236
4110,0.06842236
4111,0.06842236
4112,0.06842236
4113,0.06842236
4114,0.06842236
4115,0.06842236
4116,0.06842233
4117,0.06823273
4118,0.06842229
4119,0.06823291
4120,0.06823298
4121,0.06842228
4122,0.06785469
4123,0.06785472
4124,0.06785472
4125,0.06823279
4126,0.06770053
4127,0.06822774
4128,0.06822768
4129,0.06822768
4130,0.06822768
4131,0.06822768
4132,0.06822733
4133,0.06822733
4134,0.06822733
4135,0.06822733
4136,0.06822705
4137,0.06822705
4138,0.06822705
4139,0.06822705
4140,0.06799999
4141,0.068
4142,0.06790016
4143,0.06790021
4144,0.06790021
4145,0.06790021
4146,0.06790021
4147,0.06790021
4148,0.0679351
4149,0.0679
4150,0.06793509
4151,0.06793503
4152,0.06793503
4153,0.06793496
4154,0.06793496
4155,0.0677
4156,0.0677
4157,0.06793473
4158,0.06793469
4159,0.0677
4160,0.0677
4161,0.06769999
4162,0.06767385
4163,0.06793432
4164,0.06793432
4165,0.06793432
4166,0.06780237
4167,0.06822762
4168,0.0678024
4169,0.06780251
4170,0.06780251
4171,0.0678025
4172,0.06811013
4173,0.06780232
4174,0.06780233
4175,0.06810979
4176,0.06810979
4177,0.06767387
4178,0.06810952
4179,0.06810944
4180,0.06767395
4181,0.067674
4182,0.06767408
4183,0.06767408
4184,0.06810898
4185,0.06810884
4186,0.06810884
4187,0.06810871
4188,0.06810861
4189,0.0676742
4190,0.0676742
4191,0.06765786
4192,0.06765784
4193,0.06765784
4194,0.06765786
4195,0.06765786
4196,0.06765786
4197,0.06810787
4198,0.06797719
4199,0.06763359
4200,0.06810993
4201,0.06763385
4202,0.06763385
4203,0.06763385
4204,0.06856676
4205,0.06810999
4206,0.06810999
4207,0.06811017
4208,0.06811017
4209,0.06811029
4210,0.06811029
4211,0.06811043
4212,0.068566
4213,0.06811052
4214,0.0678706
4215,0.06763412
4216,0.06763412
4217,0.06810993
4218,0.06810993
4219,0.06797244
4220,0.06875208
4221,0.06869623
4222,0.06797261
4223,0.06849992
4224,0.06797279
4225,0.06849984
4226,0.06833956
4227,0.06833956
4228,0.0679731
4229,0.06797321
4230,0.06833956
4231,0.06833951
4232,0.0679734
4233,0.06797358
4234,0.06860094
4235,0.06860094
4236,0.06797378
4237,0.06860088
4238,0.06797388
4239,0.06860083
4240,0.0686008
4241,0.06860076
4242,0.06860076
4243,0.06797422
4244,0.06797425
4245,0.0686005
4246,0.06785049
4247,0.0686003
4248,0.06860029
4249,0.06860029
4250,0.06785044
4251,0.06757648
4252,0.06785043
4253,0.0674883
4254,0.0674883
4255,0.0675
4256,0.0675
4257,0.0675
4258,0.06749997
4259,0.06749997
4260,0.06749998
4261,0.06749998
4262,0.06789977
4263,0.06750008
4264,0.06789969
4265,0.06750011
4266,0.06734704
4267,0.06734705
4268,0.06721354
4269,0.06721351
4270,0.06701306
4271,0.06701296
4272,0.06698995
4273,0.06669998
4274,0.06669995
4275,0.06698975
4276,0.06669913
4277,0.06669913
4278,0.06669908
4279,0.06669898
4280,0.06669898
4281,0.06669898
4282,0.06665578
4283,0.06669898
4284,0.066699
4285,0.06669914
4286,0.06686569
4287,0.0665001
4288,0.06650015
4289,0.06686567
4290,0.06650039
4291,0.06650046
4292,0.06687747
4293,0.06721354
4294,0.06721354
4295,0.06721348
4296,0.06721354
4297,0.06721354
4298,0.06691192
4299,0.06721353
4300,0.06694483
4301,0.06721345
4302,0.06694491
4303,0.06694491
4304,0.06721339
4305,0.06700017
4306,0.06721335
4307,0.06700038
4308,0.0671585
4309,0.06715849
4310,0.06715845
4311,0.06674996
4312,0.06675013
4313,0.06715349
4314,0.06711481
4315,0.06711481
4316,0.06711481
4317,0.067
4318,0.067
4319,0.067
4320,0.06700003
4321,0.06711459
4322,0.0671146
4323,0.06700009
4324,0.0671146
4325,0.0671146
4326,0.0670003
4327,0.06715829
4328,0.06715854
4329,0.0672
4330,0.0672
4331,0.0674026
4332,0.06740255
4333,0.06720003
4334,0.06740239
4335,0.06740239
4336,0.06734778
4337,0.06720003
4338,0.06689309
4339,0.06734765
4340,0.0673
4341,0.0673
4342,0.0673
4343,0.06734758
4344,0.06734759
4345,0.06755632
4346,0.06755629
4347,0.06756607
4348,0.0673477
4349,0.06734775
4350,0.06803431
4351,0.06821369
4352,0.06805415
4353,0.06827901
4354,0.06827898
4355,0.06784235
4356,0.06784244
4357,0.06784244
4358,0.06784267
4359,0.06784267
4360,0.06784282
4361,0.06848535
4362,0.06841344
4363,0.06860091
4364,0.0687681
4365,0.0678432
4366,0.06784327
4367,0.06784341
4368,0.06784347
4369,0.06784351
4370,0.06860043
4371,0.06860035
4372,0.06860035
4373,0.06860018
4374,0.06784364
4375,0.06784364
4376,0.06821521
4377,0.0678432
4378,0.0682151
4379,0.0678432
4380,0.06784322
4381,0.06784323
4382,0.06784325
4383,0.06821472
4384,0.06784344
4385,0.0682146
4386,0.06784365
4387,0.06784365
4388,0.06784375
4389,0.06810594
4390,0.06810591
4391,0.0681
4392,0.06794748
4393,0.06794752
4394,0.06810589
4395,0.06810584
4396,0.0681058
4397,0.06794764
4398,0.06794764
4399,0.06810579
4400,0.06810594
4401,0.06794784
4402,0.06810594
4403,0.06794786
4404,0.06858964
4405,0.06858964
4406,0.06858949
4407,0.06858942
4408,0.06794801
4409,0.06858924
4410,0.067948
4411,0.06810593
4412,0.06810593
4413,0.06858888
4414,0.06794167
4415,0.06845676
4416,0.06790601
4417,0.06838827
4418,0.06838822
4419,0.06838811
4420,0.06790608
4421,0.06790613
4422,0.06790613
4423,0.06784232
4424,0.06784235
4425,0.06838754
4426,0.06838754
4427,0.06838754
4428,0.06838754
4429,0.06838754
4430,0.06838754
4431,0.06784279
4432,0.06784282
4433,0.06784282
4434,0.06784282
4435,0.06784282
4436,0.06778777
4437,0.06753977
4438,0.06753977
4439,0.06753977
4440,0.06753977
4441,0.06753977
4442,0.06753977
4443,0.06753977
4444,0.068
4445,0.06753977
4446,0.06799996
4447,0.06799996
4448,0.06747226
4449,0.06799965
4450,0.06799958
4451,0.06747229
4452,0.06747232
4453,0.06747232
4454,0.06747235
4455,0.06799908
4456,0.06714034
4457,0.06765907
4458,0.06765907
4459,0.06740306
4460,0.06722238
4461,0.06714023
4462,0.06714023
4463,0.06714023
4464,0.06714023
4465,0.06714023
4466,0.06714023
4467,0.06714032
4468,0.06667004
4469,0.06672706
4470,0.06714006
4471,0.06707196
4472,0.06698312
4473,0.06698311
4474,0.0668943
4475,0.06698309
4476,0.06686085
4477,0.06686075
4478,0.06686068
4479,0.06686068
4480,0.06686045
4481,0.06623467
4482,0.06623467
4483,0.06623467
4484,0.06623467
4485,0.06623467
4486,0.0661114
4487,0.06623467
4488,0.06623467
4489,0.06658244
4490,0.0661113
4491,0.06627659
4492,0.06658215
4493,0.066235
4494,0.066235
4495,0.066235
4496,0.06644473
4497,0.06644464
4498,0.06658173
4499,0.06658163
4500,0.06658159
4501,0.06658155
4502,0.06658155
4503,0.06658158
4504,0.06658263
4505,0.06658263
4506,0.06658263
4507,0.06658242
4508,0.06609439
4509,0.06609441
4510,0.06636518
4511,0.06635794
4512,0.06576091
4513,0.06635759
4514,0.06635749
4515,0.0663574
4516,0.0663574
4517,0.06585982
4518,0.06585982
4519,0.06635707
4520,0.066357
4521,0.06609162
4522,0.06635685
4523,0.06635677
4524,0.06586027
4525,0.06622763
4526,0.06622751
4527,0.06622747
4528,0.06612407
4529,0.06612403
4530,0.06612396
4531,0.06612396
4532,0.06585956
4533,0.06579331
4534,0.06577
4535,0.06577006
4536,0.06599187
4537,0.06599187
4538,0.06599175
4539,0.06578012
4540,0.06578012
4541,0.06578021
4542,0.06578012
4543,0.06612197
4544,0.06576078
4545,0.06576076
4546,0.06574085
4547,0.06574084
4548,0.06612159
4549,0.06612148
4550,0.06612148
4551,0.06612134
4552,0.06612132
4553,0.06590355
4554,0.06612127
4555,0.06612124
4556,0.06612118
4557,0.0661
4558,0.0661
4559,0.06619022
4560,0.06610001
4561,0.06619021
4562,0.06619021
4563,0.06612133
4564,0.06612133
4565,0.06635797
4566,0.06635797
4567,0.06635799
4568,0.06635799
4569,0.06635799
4570,0.06612185
4571,0.06612185
4572,0.06612185
4573,0.06652128
4574,0.0665212
4575,0.06612221
4576,0.06597183
4577,0.06652069
4578,0.06652069
4579,0.06652034
4580,0.0663784
4581,0.06599303
4582,0.06635575
4583,0.06635569
4584,0.06570667
4585,0.06570668
4586,0.06635536
4587,0.06602365
4588,0.06599998
4589,0.06599998
4590,0.06599998
4591,0.06635466
4592,0.06635466
4593,0.066
4594,0.06635428
4595,0.06635405
4596,0.06635385
4597,0.06635376
4598,0.06635353
4599,0.06570697
4600,0.06570697
4601,0.066353
4602,0.06635294
4603,0.06635276
4604,0.06635273
4605,0.06635273
4606,0.06635227
4607,0.06570721
4608,0.06570721
4609,0.06570718
4610,0.06568678
4611,0.0656
4612,0.0656
4613,0.06559739
4614,0.06568678
4615,0.06570721
4616,0.06568786
4617,0.06568786
4618,0.0657072
4619,0.06570719
4620,0.06570716
4621,0.06565236
4622,0.0655927
4623,0.0655927
4624,0.06559267
4625,0.06570712
4626,0.06570721
4627,0.0657072
4628,0.0655927
4629,0.0655927
4630,0.0655927
4631,0.06570721
4632,0.06570721
4633,0.06570721
4634,0.0657072
4635,0.06570721
4636,0.06570721
4637,0.06570721
4638,0.06608027
4639,0.06608016
4640,0.06608015
4641,0.0660801
4642,0.0660801
4643,0.06574971
4644,0.06608015
4645,0.06608011
4646,0.0662863
4647,0.06601413
4648,0.06652133
4649,0.06628632
4650,0.06628631
4651,0.06628631
4652,0.06628631
4653,0.06574979
4654,0.06574979
4655,0.06628613
4656,0.06628613
4657,0.06628583
4658,0.06628571
4659,0.06624981
4660,0.06624981
4661,0.06624957
4662,0.06611517
4663,0.06611517
4664,0.06611517
4665,0.06611493
4666,0.0655
4667,0.06548565
4668,0.06549997
4669,0.06572916
4670,0.06548361
4671,0.06532222
4672,0.06569996
4673,0.06531037
4674,0.06569986
4675,0.06569978
4676,0.06531049
4677,0.06531046
4678,0.06564991
4679,0.06564979
4680,0.06564974
4681,0.06500004
4682,0.065
4683,0.06526
4684,0.06562384
4685,0.06532849
4686,0.06526317
4687,0.06532829
4688,0.06490425
4689,0.06490422
4690,0.06488557
4691,0.06477
4692,0.06490424
4693,0.06490425
4694,0.06503399
4695,0.06503399
4696,0.06477001
4697,0.06477001
4698,0.06476997
4699,0.06476997
4700,0.06450924
4701,0.06476983
4702,0.06447206
4703,0.06435325
4704,0.06445137
4705,0.06445138
4706,0.06476946
4707,0.06476939
4708,0.06476927
4709,0.06435325
4710,0.06476917
4711,0.0647691
4712,0.06476906
4713,0.06476914
4714,0.06483176
4715,0.06483176
4716,0.06522933
4717,0.06462011
4718,0.06435338
4719,0.06462021
4720,0.06515015
4721,0.06435349
4722,0.06435325
4723,0.06491916
4724,0.0645785
4725,0.06435326
4726,0.06480352
4727,0.06457849
4728,0.06480322
4729,0.06424
4730,0.06424
4731,0.06430423
4732,0.06424
4733,0.06430423
4734,0.06424
4735,0.06443279
4736,0.06443272
4737,0.06430429
4738,0.06430429
4739,0.0644329
4740,0.06449707
4741,0.06449703
4742,0.06447
4743,0.06490012
4744,0.06490012
4745,0.06490012
4746,0.06490011
4747,0.06449706
4748,0.0649002
4749,0.06490016
4750,0.06490009
4751,0.06490009
4752,0.06490009
4753,0.06454346
4754,0.0649193
4755,0.0645436
4756,0.06490016
4757,0.06490016
4758,0.06449707
4759,0.06459474
4760,0.06459462
4761,0.064
4762,0.064
4763,0.06403207
4764,0.06459474
4765,0.06459464
4766,0.06459463
4767,0.06459464
4768,0.06459464
4769,0.06459464
4770,0.06459464
4771,0.06459463
4772,0.06420003
4773,0.06459448
4774,0.06459444
4775,0.06459444
4776,0.06443291
4777,0.06443291
4778,0.06420047
4779,0.06459424
4780,0.06459474
4781,0.0645948
4782,0.0645948
4783,0.06459473
4784,0.06447194
4785,0.06447188
4786,0.06447184
4787,0.06420007
4788,0.06447163
4789,0.06447163
4790,0.06447155
4791,0.06447155
4792,0.06420023
4793,0.06420028
4794,0.06447133
4795,0.0645
4796,0.06459474
4797,0.06459474
4798,0.06459479
4799,0.06487213
4800,0.06499998
4801,0.06499998
4802,0.06499998
4803,0.065
4804,0.065
4805,0.06459544
4806,0.065
4807,0.06501518
4808,0.06501518
4809,0.06525328
4810,0.06525329
4811,0.065321
4812,0.06532101
4813,0.06532103
4814,0.06532103
4815,0.06532103
4816,0.0655293
4817,0.06587242
4818,0.06554248
4819,0.06554251
4820,0.06554269
4821,0.06587211
4822,0.06587204
4823,0.06587187
4824,0.06587187
4825,0.06580595
4826,0.06554264
4827,0.06532354
4828,0.06532354
4829,0.0653237
4830,0.06554243
4831,0.06554237
4832,0.06547682
4833,0.0653239
4834,0.0653239
4835,0.06547685
4836,0.06547682
4837,0.06532351
4838,0.06532351
4839,0.06532335
4840,0.06499977
4841,0.0653231
4842,0.06532298
4843,0.0653228
4844,0.0650001
4845,0.065
4846,0.065
4847,0.065
4848,0.065
4849,0.06480302
4850,0.06480303
4851,0.06524925
4852,0.06480307
4853,0.06486782
4854,0.06486781
4855,0.06480306
4856,0.06480306
4857,0.06485189
4858,0.06485189
4859,0.06485189
4860,0.06485177
4861,0.06485174
4862,0.06485167
4863,0.06485167
4864,0.06485189
4865,0.06485194
4866,0.06485194
4867,0.06485194
4868,0.06485188
4869,0.0648519
4870,0.06485187
4871,0.06485187
4872,0.0648519
4873,0.0648519
4874,0.06512092
4875,0.06485204
4876,0.0648521
4877,0.06512069
4878,0.06524929
4879,0.06545783
4880,0.06537546
4881,0.06545783
4882,0.06559433
4883,0.06559433
4884,0.06559433
4885,0.06559439
4886,0.06559439
4887,0.06559445
4888,0.06587233
4889,0.06587226
4890,0.06587242
4891,0.06587242
4892,0.06620591
4893,0.06620591
4894,0.06628632
4895,0.06646192
4896,0.0655952
4897,0.06596906
4898,0.06560623
4899,0.06560627
4900,0.06604585
4901,0.06560653
4902,0.06560657
4903,0.06560665
4904,0.06604572
4905,0.06560668
4906,0.06560673
4907,0.06604541
4908,0.0656
4909,0.06591727
4910,0.06571517
4911,0.0656
4912,0.06571511
4913,0.06560002
4914,0.06591682
4915,0.06604585
4916,0.06604585
4917,0.06604585
4918,0.06604585
4919,0.06604589
4920,0.06646195
4921,0.06612976
4922,0.06612984
4923,0.06612984
4924,0.06612984
4925,0.0662
4926,0.0662
4927,0.06613009
4928,0.06646165
4929,0.06619997
4930,0.06619993
4931,0.06619992
4932,0.06571596
4933,0.06619983
4934,0.06613354
4935,0.06613354
4936,0.06619976
4937,0.0661997
4938,0.0661997
4939,0.0661997
4940,0.0661997
4941,0.06596575
4942,0.06596575
4943,0.06619
4944,0.06619
4945,0.06619
4946,0.06632787
4947,0.06632785
4948,0.06632783
4949,0.06632782
4950,0.06632788
4951,0.06632787
4952,0.06632788
4953,0.06632785
4954,0.06632785
4955,0.06632787
4956,0.06632788
4957,0.06632788
4958,0.06619014
4959,0.06632788
4960,0.06632788
4961,0.06632788
4962,0.06632788
4963,0.06632781
4964,0.06632788
4965,0.06637
4966,0.06619026
4967,0.06619026
4968,0.06636997
4969,0.06636997
4970,0.06636997
4971,0.06596329
4972,0.06596329
4973,0.06596347
4974,0.066
4975,0.066
4976,0.06637
4977,0.06646166
4978,0.06637
4979,0.06660523
4980,0.06600163
4981,0.06646195
4982,0.06646195
4983,0.06646195
4984,0.06646195
4985,0.06646195
4986,0.06646195
4987,0.06635005
4988,0.06646188
4989,0.06646187
4990,0.06642948
4991,0.06642938
4992,0.0664293
4993,0.06642927
4994,0.06642926
4995,0.06642956
4996,0.06642956
4997,0.0660648
4998,0.06642936
4999,0.06642933
5000,0.06606497
5001,0.0664
5002,0.06646194
5003,0.06667452
5004,0.06667451
5005,0.06667443
5006,0.06696553
5007,0.06669269
5008,0.0668731
5009,0.0668731
5010,0.06669268
5011,0.06669268
5012,0.06635927
5013,0.06635934
5014,0.06635934
5015,0.0664593
5016,0.06635938
5017,0.06635938
5018,0.06659417
5019,0.0664294
5020,0.0664294
5021,0.0664294
5022,0.06659388
5023,0.06659388
5024,0.06659366
5025,0.06659366
5026,0.06659296
5027,0.06659296
5028,0.0663635
5029,0.06615938
5030,0.06610001
5031,0.06610001
5032,0.0661
5033,0.0661
5034,0.0661
5035,0.06615938
5036,0.06615938
5037,0.06615937
5038,0.06609998
5039,0.06609999
5040,0.06604585
5041,0.06609996
5042,0.06609993
5043,0.06609993
5044,0.06609993
5045,0.06638973
5046,0.0660999
5047,0.0660999
5048,0.06609986
5049,0.06603157
5050,0.0660999
5051,0.0660999
5052,0.0660999
5053,0.06600006
5054,0.06600006
5055,0.06600006
5056,0.066
5057,0.066
5058,0.06600006
5059,0.06600006
5060,0.06600006
5061,0.06600006
5062,0.06600006
5063,0.06600006
5064,0.06600006
5065,0.06600006
5066,0.06609973
5067,0.06609973
5068,0.06609973
5069,0.06609973
5070,0.06609975
5071,0.06609975
5072,0.06607106
5073,0.06607106
5074,0.06600009
5075,0.0660999
5076,0.0660999
5077,0.0660999
5078,0.06636534
5079,0.06636534
5080,0.06636534
5081,0.06626565
5082,0.06655809
5083,0.06655809
5084,0.06655794
5085,0.06655794
5086,0.06655794
5087,0.066558
5088,0.066558
5089,0.06655808
5090,0.06669068
5091,0.0665581
5092,0.06669068
5093,0.06672094
5094,0.06672094
5095,0.06669069
5096,0.06669068
5097,0.06643361
5098,0.06672061
5099,0.06672061
5100,0.06663472
5101,0.06663472
5102,0.06663472
5103,0.06663472
5104,0.06663472
5105,0.0666346
5106,0.06663475
5107,0.06663475
5108,0.06633471
5109,0.06663474
5110,0.06633487
5111,0.06663478
5112,0.06663474
5113,0.06663474
5114,0.06633525
5115,0.06633525
5116,0.06663478
5117,0.06663478
5118,0.06663478
5119,0.06663478
5120,0.06643776
5121,0.0667789
5122,0.0667784
5123,0.06663478
5124,0.0667
5125,0.0667
5126,0.06663478
5127,0.06663478
5128,0.06677884
5129,0.06652787
5130,0.06632389
5131,0.06596108
5132,0.06618065
5133,0.06550459
5134,0.06618049
5135,0.06583206
5136,0.06583194
5137,0.06559644
5138,0.06583179
5139,0.06583172
5140,0.0658316
5141,0.06550022
5142,0.06583143
5143,0.06583143
5144,0.06550035
5145,0.0655003
5146,0.06550024
5147,0.06550014
5148,0.0655
5149,0.06549996
5150,0.06549996
5151,0.06549995
5152,0.06549991
5153,0.06549988
5154,0.06537732
5155,0.06537731
5156,0.06537732
5157,0.06537732
5158,0.06550027
5159,0.06550027
5160,0.06550027
5161,0.06568276
5162,0.06568271
5163,0.06568271
5164,0.06568271
5165,0.06537728
5166,0.06537728
5167,0.06537728
5168,0.06537728
5169,0.06568241
5170,0.06524763
5171,0.06524763
5172,0.06568208
5173,0.06568204
5174,0.06568199
5175,0.06568191
5176,0.06568185
5177,0.06568185
5178,0.06568175
5179,0.06568175
5180,0.06568175
5181,0.06568165
5182,0.06568165
5183,0.06568165
5184,0.06568159
5185,0.06568159
5186,0.06568159
5187,0.06568159
5188,0.06568151
5189,0.0656815
5190,0.06568152
5191,0.06546564
5192,0.06546564
5193,0.06546576
5194,0.0656817
5195,0.06568165
5196,0.06568165
5197,0.06568165
5198,0.06568165
5199,0.06568165
5200,0.06568165
5201,0.06568168
5202,0.06568168
5203,0.06568168
5204,0.06581916
5205,0.06581916
5206,0.06581916
5207,0.06581916
5208,0.06576535
5209,0.06576535
5210,0.06581916
5211,0.06615667
5212,0.06615667
5213,0.06581939
5214,0.06649099
5215,0.06595513
5216,0.0664907
5217,0.06649064
5218,0.0659553
5219,0.06648001
5220,0.06649049
5221,0.06595558
5222,0.06595564
5223,0.06595569
5224,0.06595569
5225,0.06595569
5226,0.06595569
5227,0.06595596
5228,0.06642381
5229,0.06642379
5230,0.0664238
5231,0.0664238
5232,0.0664238
5233,0.06642379
5234,0.066
5235,0.066
5236,0.066
5237,0.066
5238,0.06636762
5239,0.06636762
5240,0.06636762
5241,0.06636762
5242,0.06648974
5243,0.06636764
5244,0.06648973
5245,0.06648973
5246,0.06648973
5247,0.06648973
5248,0.06648973
5249,0.06648974
5250,0.06648971
5251,0.06636762
5252,0.06648968
5253,0.06648968
5254,0.06622483
5255,0.06648964
5256,0.06648963
5257,0.0664896
5258,0.0664896
5259,0.0664896
5260,0.06622483
5261,0.06622483
5262,0.06622482
5263,0.06622482
5264,0.06622482
5265,0.06622482
5266,0.06622482
5267,0.06622482
5268,0.06622465
5269,0.06622465
5270,0.06622465
5271,0.06622465
5272,0.06600231
5273,0.06600231
5274,0.06600231
5275,0.06600261
5276,0.0662905
5277,0.06600276
5278,0.06600276
5279,0.0662905
5280,0.0662905
5281,0.06642134
5282,0.0665
5283,0.06652685
5284,0.06652685
5285,0.06652676
5286,0.06642137
5287,0.06652673
5288,0.06652673
5289,0.06642138
5290,0.06661377
5291,0.06634158
5292,0.06634158
5293,0.06634158
5294,0.06668432
5295,0.06668429
5296,0.06668427
5297,0.06668427
5298,0.06668424
5299,0.06668424
5300,0.06668422
5301,0.06668422
5302,0.06668422
5303,0.06622462
5304,0.06668415
5305,0.06668415
5306,0.06670002
5307,0.06631791
5308,0.06683043
5309,0.06683043
5310,0.06683042
5311,0.06683044
5312,0.06683043
5313,0.06683042
5314,0.06683044
5315,0.06683103
5316,0.06683103
5317,0.06685459
5318,0.06683043
5319,0.06683043
5320,0.0668546
5321,0.06685467
5322,0.067
5323,0.067
5324,0.067
5325,0.06707082
5326,0.067
5327,0.067
5328,0.067
5329,0.06735049
5330,0.06735048
5331,0.06735048
5332,0.06735048
5333,0.06703566
5334,0.06703583
5335,0.06735046
5336,0.06735046
5337,0.06735046
5338,0.06735046
5339,0.06735046
5340,0.06751343
5341,0.0679992
5342,0.06799918
5343,0.06799917
5344,0.06799917
5345,0.06799916
5346,0.06799915
5347,0.06799914
5348,0.06750955
5349,0.06750955
5350,0.06799907
5351,0.06799905
5352,0.06799896
5353,0.06799888
5354,0.06751997
5355,0.06779011
5356,0.06752007
5357,0.06778995
5358,0.06778982
5359,0.06778982
5360,0.06778959
5361,0.06752005
5362,0.06719907
5363,0.0671991
5364,0.0671991
5365,0.0671991
5366,0.0671991
5367,0.0671991
5368,0.06777986
5369,0.06777986
5370,0.06777944
5371,0.06777938
5372,0.06758589
5373,0.06758582
5374,0.06758582
5375,0.0675858
5376,0.06758595
5377,0.06758595
5378,0.06778996
5379,0.06779101
5380,0.06799914
5381,0.06799908
5382,0.06799901
5383,0.06779861
5384,0.06799928
5385,0.06799914
5386,0.06799914
5387,0.06799914
5388,0.06799914
5389,0.06799914
5390,0.06799928
5391,0.06799928
5392,0.06805704
5393,0.06799923
5394,0.06821334
5395,0.068303
5396,0.06799951
5397,0.068303
5398,0.06799961
5399,0.06799961
5400,0.06799961
5401,0.06799988
5402,0.06830296
5403,0.06834
5404,0.06815946
5405,0.0684252
5406,0.0684252
5407,0.06842516
5408,0.0682868
5409,0.06842515
5410,0.06842515
5411,0.06830299
5412,0.06842502
5413,0.06842502
5414,0.06842502
5415,0.06842494
5416,0.06842494
5417,0.0684252
5418,0.06849997
5419,0.06816052
5420,0.06799931
5421,0.06799928
5422,0.06799928
5423,0.0679993
5424,0.06816
5425,0.06849991
5426,0.06849991
5427,0.06833333
5428,0.06833333
5429,0.06833346
5430,0.06833356
5431,0.06874268
5432,0.06874269
5433,0.06874269
5434,0.06833386
5435,0.06875187
5436,0.06833403
5437,0.0683342
5438,0.0683342
5439,0.0687518
5440,0.06833453
5441,0.06878746
5442,0.0688502
5443,0.0688502
5444,0.0687
5445,0.06833506
5446,0.0683351
5447,0.0683351
5448,0.0687
5449,0.0685674
5450,0.0685674
5451,0.0685674
5452,0.06856765
5453,0.0688839
5454,0.0688839
5455,0.0688839
5456,0.0688839
5457,0.0688839
5458,0.06888389
5459,0.0688839
5460,0.06888389
5461,0.06888389
5462,0.0688839
5463,0.06888389
5464,0.06888389
5465,0.06888389
5466,0.06888389
5467,0.06888389
5468,0.06856868
5469,0.06856872
5470,0.0688836
5471,0.0688836
5472,0.06888348
5473,0.06888335
5474,0.06888325
5475,0.06888318
5476,0.06888304
5477,0.0688829
5478,0.06888272
5479,0.068557
5480,0.06840889
5481,0.06888235
5482,0.0685
5483,0.0685
5484,0.06826775
5485,0.06874181
5486,0.06874169
5487,0.06874169
5488,0.0682721
5489,0.06874135
5490,0.06874135
5491,0.06874135
5492,0.06874098
5493,0.06874092
5494,0.06874089
5495,0.06874075
5496,0.06842967
5497,0.06874064
5498,0.06874061
5499,0.06874054
5500,0.0687405
5501,0.0687405
5502,0.06873997
5503,0.0688839
5504,0.0688839
5505,0.06888389
5506,0.06865478
5507,0.06884585
5508,0.06884585
5509,0.0688839
5510,0.06873942
5511,0.06873942
5512,0.06848258
5513,0.06848258
5514,0.0684826
5515,0.0684826
5516,0.0684826
5517,0.0684826
5518,0.06899951
5519,0.06826788
5520,0.06899941
5521,0.06899941
5522,0.06899914
5523,0.06899907
5524,0.06899907
5525,0.0689989
5526,0.06899879
5527,0.06899858
5528,0.0685367
5529,0.06899848
5530,0.06899077
5531,0.06899077
5532,0.06899057
5533,0.06845742
5534,0.06845742
5535,0.06845742
5536,0.06845742
5537,0.06845742
5538,0.06845742
5539,0.0683
5540,0.0687495
5541,0.0687495
5542,0.0687495
5543,0.06874929
5544,0.06874962
5545,0.06874962
5546,0.06891363
5547,0.0689136
5548,0.0689136
5549,0.06827154
5550,0.06827154
5551,0.06827171
5552,0.06827171
5553,0.06827171
5554,0.06827171
5555,0.06827171
5556,0.06827171
5557,0.06878698
5558,0.06878698
5559,0.06878698
5560,0.06838593
5561,0.06838593
5562,0.06838593
5563,0.0684574
5564,0.06838698
5565,0.06845733
5566,0.06845733
5567,0.06845724
5568,0.06845724
5569,0.06827206
5570,0.06845741
5571,0.06878745
5572,0.06845741
5573,0.06878743
5574,0.06878742
5575,0.06878742
5576,0.06845778
5577,0.06845791
5578,0.06845791
5579,0.06845809
5580,0.06891365
5581,0.06891365
5582,0.06891365
5583,0.06845868
5584,0.06845868
5585,0.06845868
5586,0.06845894
5587,0.06845894
5588,0.06845894
5589,0.06845894
5590,0.06845894
5591,0.0684596
5592,0.06845964
5593,0.06845969
5594,0.06845977
5595,0.06845985
5596,0.06845982
5597,0.06845967
5598,0.06836782
5599,0.06836782
5600,0.06845949
5601,0.0683679
5602,0.0683679
5603,0.0683679
5604,0.0683679
5605,0.06836797
5606,0.06836794
5607,0.06836784
5608,0.06836784
5609,0.06836784
5610,0.06836784
5611,0.06836784
5612,0.06845944
5613,0.06827154
5614,0.06827154
5615,0.0682657
5616,0.0682657
5617,0.06838835
5618,0.06838835
5619,0.06838835
5620,0.06838835
5621,0.06832799
5622,0.06838838
5623,0.06838838
5624,0.06838838
5625,0.06836934
5626,0.06836934
5627,0.06836937
5628,0.06836937
5629,0.06836937
5630,0.06838837
5631,0.06838837
5632,0.06822923
5633,0.06809186
5634,0.06809186
5635,0.06809186
5636,0.06838794
5637,0.06809183
5638,0.0683876
5639,0.0683876
5640,0.0683876
5641,0.06809183
5642,0.0680675
5643,0.0680675
5644,0.06830867
5645,0.06830867
5646,0.06830867
5647,0.06815608
5648,0.06838828
5649,0.06838828
5650,0.06806779
5651,0.06806779
5652,0.06853446
5653,0.06878746
5654,0.06853456
5655,0.0685346
5656,0.0685346
5657,0.06853457
5658,0.06853464
5659,0.06853467
5660,0.06853449
5661,0.06874701
5662,0.06874701
5663,0.06878743
5664,0.06878743
5665,0.06869265
5666,0.06869265
5667,0.06869265
5668,0.06869265
5669,0.06853462
5670,0.06853462
5671,0.0688
5672,0.0688
5673,0.06853495
5674,0.06853495
5675,0.06853509
5676,0.06853509
5677,0.06853509
5678,0.06853509
5679,0.06853522
5680,0.06853529
5681,0.06853529
5682,0.06867428
5683,0.06867428
5684,0.06867428
5685,0.06853529
5686,0.06853529
5687,0.06883507
5688,0.06883507
5689,0.06883507
5690,0.06883507
5691,0.06883507
5692,0.06853568
5693,0.06853568
5694,0.06853568
5695,0.06853586
5696,0.06853586
5697,0.06883437
5698,0.06883432
5699,0.06853449
5700,0.06830827
5701,0.06883396
5702,0.06830827
5703,0.06830826
5704,0.068276
5705,0.068276
5706,0.06815853
5707,0.06830824
5708,0.06815853
5709,0.06830824
5710,0.06830824
5711,0.06830824
5712,0.06815853
5713,0.06830824
5714,0.06830824
5715,0.06830824
5716,0.06830824
5717,0.06879733
5718,0.06879733
5719,0.068797
5720,0.06879697
5721,0.06879697
5722,0.068597
5723,0.068597
5724,0.068597
5725,0.06873857
5726,0.06873857
5727,0.06883396
5728,0.06901895
5729,0.06859703
5730,0.06874688
5731,0.06853256
5732,0.06853256
5733,0.06853264
5734,0.06853264
5735,0.06853264
5736,0.06821086
5737,0.06821086
5738,0.06857984
5739,0.06857987
5740,0.06857993
5741,0.06857993
5742,0.06857993
5743,0.06857993
5744,0.0687732
5745,0.0687732
5746,0.06880768
5747,0.06877327
5748,0.06877327
5749,0.06877327
5750,0.06882491
5751,0.06882491
5752,0.06890928
5753,0.0687732
5754,0.0687732
5755,0.06887643
5756,0.06887641
5757,0.06887641
5758,0.06887627
5759,0.06887627
5760,0.06887633
5761,0.06887636
5762,0.06887636
5763,0.06887633
5764,0.06887633
5765,0.06887638
5766,0.0688766
5767,0.06906997
5768,0.06906997
5769,0.06906992
5770,0.06906992
5771,0.06906993
5772,0.06906993
5773,0.06906993
5774,0.06907001
5775,0.06907174
5776,0.06907174
5777,0.0691
5778,0.06907174
5779,0.06907174
5780,0.06907174
5781,0.06907174
5782,0.06906991
5783,0.06906991
5784,0.06906991
5785,0.06906991
5786,0.06906991
5787,0.06915494
5788,0.0693
5789,0.069412
5790,0.069412
5791,0.069412
5792,0.06957274
5793,0.06969038
5794,0.06969038
5795,0.06956731
5796,0.0690701
5797,0.0690701
5798,0.06969036
5799,0.06969036
5800,0.0696
5801,0.06969041
5802,0.06956732
5803,0.06969041
5804,0.0695673
5805,0.0695673
5806,0.06956731
5807,0.06956731
5808,0.06969041
5809,0.06966955
5810,0.06966951
5811,0.06947769
5812,0.06947772
5813,0.06947776
5814,0.06947776
5815,0.06947776
5816,0.06947776
5817,0.06947776
5818,0.06947776
5819,0.06949758
5820,0.06949758
5821,0.06947783
5822,0.06947783
5823,0.06947783
5824,0.069412
5825,0.069412
5826,0.069412
5827,0.069412
5828,0.06934189
5829,0.06934189
5830,0.06934189
5831,0.06941201
5832,0.06934189
5833,0.06941197
5834,0.0691522
5835,0.0694778
5836,0.06958279
5837,0.06958279
5838,0.06958279
5839,0.06958279
5840,0.06958259
5841,0.06958259
5842,0.06958259
5843,0.06958259
5844,0.06958259
5845,0.06958242
5846,0.06958242
5847,0.06958239
5848,0.06958239
5849,0.06958227
5850,0.06958227
5851,0.06915354
5852,0.06915354
5853,0.06915354
5854,0.06966937
5855,0.06966937
5856,0.06966943
5857,0.06924548
5858,0.06961385
5859,0.06961385
5860,0.06961385
5861,0.06966957
5862,0.06966957
5863,0.06966957
5864,0.06966957
5865,0.06966957
5866,0.06966957
5867,0.06966958
5868,0.0696904
5869,0.06980554
5870,0.06980553
5871,0.06982188
5872,0.06982188
5873,0.06972261
5874,0.06982188
5875,0.06982188
5876,0.06986458
5877,0.06986458
5878,0.06990821
5879,0.06986459
5880,0.06990958
5881,0.0699
5882,0.06989992
5883,0.06986459
5884,0.06986453
5885,0.06986453
5886,0.06986452
5887,0.06986453
5888,0.06986453
5889,0.06986452
5890,0.06986452
5891,0.06986452
5892,0.06986452
5893,0.06986452
5894,0.06986452
5895,0.06955779
5896,0.06962986
5897,0.06962985
5898,0.06962984
5899,0.06962984
5900,0.06962984
5901,0.06962984
5902,0.06962984
5903,0.06962984
5904,0.06962981
5905,0.06962978
5906,0.06962971
5907,0.06934085
5908,0.06934084
5909,0.06934083
5910,0.06934085
5911,0.06934084
5912,0.06934085
5913,0.06934085
5914,0.06934084
5915,0.06934085
5916,0.06962917
5917,0.06962917
5918,0.06962986
5919,0.06962985
5920,0.06986441
5921,0.06962986
5922,0.06986458
5923,0.06986457
5924,0.06986436
5925,0.06986457
5926,0.06986459
5927,0.0699
5928,0.0699
5929,0.0699
5930,0.06992003
5931,0.06992003
5932,0.06991538
5933,0.06991538
5934,0.06991538
5935,0.06991538
5936,0.06992
5937,0.06991667
5938,0.06995053
5939,0.06997732
5940,0.06997737
5941,0.07003405
5942,0.06997737
5943,0.06997742
5944,0.06997749
5945,0.06997749
5946,0.07000569
5947,0.07010062
5948,0.07001725
5949,0.07001727
5950,0.07001727
5951,0.07001727
5952,0.07001738
5953,0.07
5954,0.07
5955,0.07001062
5956,0.06990959
5957,0.06990959
5958,0.0699096
5959,0.070017
5960,0.0702607
5961,0.0702607
5962,0.0702607
5963,0.0702607
5964,0.0701
5965,0.0701
5966,0.07026071
5967,0.07026071
5968,0.07000209
5969,0.07000219
5970,0.07000219
5971,0.07019999
5972,0.07026074
5973,0.07026074
5974,0.07056897
5975,0.070645
5976,0.07026074
5977,0.07005079
5978,0.07068515
5979,0.07068515
5980,0.07005108
5981,0.07068506
5982,0.07005
5983,0.07043585
5984,0.07043585
5985,0.0704356
5986,0.07
5987,0.07
5988,0.07019983
5989,0.07019974
5990,0.07019974
5991,0.07019974
5992,0.07019949
5993,0.07019933
5994,0.06992649
5995,0.06992649
5996,0.06992652
5997,0.06992655
5998,0.06992658
5999,0.06990959
6000,0.06990959
6001,0.06990956
6002,0.0699095
6003,0.06990944
6004,0.06949016
6005,0.06990929
6006,0.06990923
6007,0.06990917
6008,0.06990917
6009,0.06990917
6010,0.06990917
6011,0.06965328
6012,0.06965328
6013,0.06970001
6014,0.06990898
6015,0.0698
6016,0.06963843
6017,0.06963843
6018,0.06963843
6019,0.06994634
6020,0.06954004
6021,0.0699088
6022,0.0695902
6023,0.0695902
6024,0.0697
6025,0.06970003
6026,0.06990866
6027,0.06990866
6028,0.06990859
6029,0.06970023
6030,0.0699088
6031,0.06990859
6032,0.0699088
6033,0.06990859
6034,0.06990859
6035,0.06970408
6036,0.06970408
6037,0.06970423
6038,0.0699088
6039,0.0699088
6040,0.0699088
6041,0.0699088
6042,0.0699088
6043,0.0699088
6044,0.0699088
6045,0.06987386
6046,0.06987393
6047,0.06987402
6048,0.06987375
6049,0.06986789
6050,0.06997473
6051,0.06996987
6052,0.06970421
6053,0.0699577
6054,0.06995761
6055,0.06995759
6056,0.06949009
6057,0.06958835
6058,0.06958835
6059,0.06958835
6060,0.06958835
6061,0.06958834
6062,0.06958834
6063,0.06958834
6064,0.06958819
6065,0.06958819
6066,0.06958819
6067,0.06958819
6068,0.06962902
6069,0.06962902
6070,0.06962901
6071,0.06962901
6072,0.06962901
6073,0.06962901
6074,0.06962901
6075,0.06962881
6076,0.06906076
6077,0.06912983
6078,0.06912984
6079,0.06947546
6080,0.06908126
6081,0.06908126
6082,0.06947525
6083,0.06947525
6084,0.06947513
6085,0.06946215
6086,0.06947549
6087,0.06966306
6088,0.06966306
6089,0.07009293
6090,0.06966306
6091,0.06966306
6092,0.06966318
6093,0.06966327
6094,0.0696
6095,0.06959989
6096,0.06959989
6097,0.06908217
6098,0.06908217
6099,0.06908217
6100,0.06908217
6101,0.06908217
6102,0.06908217
6103,0.06959931
6104,0.06959925
6105,0.06959925
6106,0.06959925
6107,0.069599
6108,0.069599
6109,0.069599
6110,0.069599
6111,0.069599
6112,0.06940201
6113,0.06940201
6114,0.06940201
6115,0.06940201
6116,0.06914358
6117,0.06908231
6118,0.06908233
6119,0.06928033
6120,0.06928033
6121,0.06908231
6122,0.06908231
6123,0.06908231
6124,0.06908231
6125,0.06928033
6126,0.06928033
6127,0.06928033
6128,0.06928034
6129,0.06908231
6130,0.06908231
6131,0.06908231
6132,0.06908231
6133,0.06908231
6134,0.0693
6135,0.06908231
6136,0.06908231
6137,0.06908231
6138,0.06908231
6139,0.06908231
6140,0.0691
6141,0.06908231
6142,0.06908231
6143,0.06908232
6144,0.0691
6145,0.06908232
6146,0.0691
6147,0.06908232
6148,0.0693
6149,0.0693
6150,0.0693
6151,0.0693
6152,0.0693
6153,0.0693
6154,0.0693
6155,0.06910001
6156,0.06910001
6157,0.06910001
6158,0.06910001
6159,0.06910001
6160,0.06910001
6161,0.06910001
6162,0.06958835
6163,0.0695883
6164,0.0695883
6165,0.0695883
6166,0.0695883
6167,0.0695883
6168,0.0695883
6169,0.0695883
6170,0.0695883
6171,0.0695883
6172,0.06958741
6173,0.06958741
6174,0.06949573
6175,0.06949573
6176,0.06910005
6177,0.06910005
6178,0.06910005
6179,0.06910005
6180,0.06910005
6181,0.06910005
6182,0.06910005
6183,0.06910005
6184,0.06910005
6185,0.06910005
6186,0.06910005
6187,0.069586
6188,0.069586
6189,0.06958571
6190,0.06910005
6191,0.06910005
6192,0.06958535
6193,0.06958535
6194,0.06958535
6195,0.06958516
6196,0.06910005
6197,0.06953963
6198,0.06953963
6199,0.0695394
6200,0.06953939
6201,0.06953939
6202,0.06943975
6203,0.06943975
6204,0.06943975
6205,0.06943975
6206,0.06943975
6207,0.06943975
6208,0.06943975
6209,0.06910088
6210,0.06910088
6211,0.0695382
6212,0.0695382
6213,0.0695382
6214,0.0695382
6215,0.06953793
6216,0.06953776
6217,0.06932616
6218,0.06932616
6219,0.06932616
6220,0.06932616
6221,0.06953546
6222,0.06953546
6223,0.06910182
6224,0.06910189
6225,0.06910189
6226,0.06953503
6227,0.06953503
6228,0.06953503
6229,0.06945344
6230,0.06953496
6231,0.06945344
6232,0.06945344
6233,0.06953482
6234,0.06923057
6235,0.06953455
6236,0.06953449
6237,0.06953449
6238,0.06953438
6239,0.06953438
6240,0.06953429
6241,0.06953429
6242,0.06953429
6243,0.06953429
6244,0.06923119
6245,0.06953421
6246,0.06953421
6247,0.06953421
6248,0.06953421
6249,0.06953421
6250,0.06953421
6251,0.06953421
6252,0.0695342
6253,0.0695342
6254,0.06953418
6255,0.06953418
6256,0.06953418
6257,0.06953418
6258,0.06966117
6259,0.06923266
6260,0.06923266
6261,0.06923298
6262,0.06966117
6263,0.06966117
6264,0.06966111
6265,0.0696611
6266,0.0696611
6267,0.06966107
6268,0.06966107
6269,0.06966107
6270,0.06953314
6271,0.06953311
6272,0.0696611
6273,0.0696611
