0,0.00028939
1,0.00028939
2,0.00028939
3,0.00028939
4,0.00028939
5,0.00028948
6,0.00028948
7,0.00028948
8,0.00028948
9,0.00028948
10,0.00028948
11,0.00028948
12,0.00028948
13,0.00028948
14,0.00028948
15,0.00028948
16,0.00028948
17,0.00028948
18,0.00028948
19,0.00028948
20,0.00028948
21,0.00028948
22,0.00028948
23,0.00028948
24,0.00028948
25,0.00028948
26,0.00028948
27,0.00028948
28,0.00028948
29,0.00028948
30,0.00028948
31,0.00028948
32,0.00028948
33,0.00029006
34,0.00029006
35,0.00029006
36,0.00029006
37,0.00029006
38,0.00029006
39,0.00029006
40,0.00029006
41,0.00029006
42,0.00029006
43,0.00029006
44,0.00029006
45,0.00029006
46,0.00029006
47,0.00029063
48,0.00029063
49,0.00029194
50,0.00029194
51,0.00029194
52,0.00029194
53,0.00029194
54,0.00029194
55,0.00029194
56,0.00029194
57,0.00029194
58,0.00029194
59,0.00029194
60,0.00029194
61,0.00029194
62,0.00029479
63,0.00029404
64,0.00029404
65,0.00029404
66,0.00029477
67,0.00029071
68,0.00029071
69,0.00029474
70,0.00029474
71,0.00029474
72,0.00029474
73,0.00029474
74,0.00029474
75,0.00029474
76,0.00029463
77,0.00029463
78,0.00029463
79,0.00029463
80,0.00029478
81,0.00029478
82,0.00029478
83,0.00029478
84,0.00029478
85,0.00029478
86,0.00029478
87,0.00029478
88,0.00029478
89,0.00029478
90,0.00029478
91,0.00029478
92,0.00029106
93,0.00029479
94,0.00029479
95,0.00029479
96,0.00029479
97,0.00029479
98,0.00029479
99,0.00029479
100,0.00029479
101,0.00029479
102,0.00029479
103,0.00029479
104,0.00029479
105,0.00029479
106,0.00029479
107,0.00029479
108,0.00029479
109,0.00029479
110,0.00029479
111,0.00029479
112,0.00029479
113,0.00029479
114,0.00029479
115,0.00029479
116,0.00029479
117,0.00029479
118,0.00029275
119,0.00029275
120,0.00029275
121,0.00029275
122,0.00029275
123,0.00029275
124,0.00029275
125,0.00029479
126,0.00029479
127,0.00029479
128,0.00029479
129,0.00029479
130,0.00029479
131,0.00029479
132,0.00029479
133,0.00029479
134,0.00029479
135,0.00029479
136,0.00029479
137,0.00029479
138,0.00029202
139,0.00029202
140,0.00029202
141,0.00029202
142,0.00029202
143,0.00029202
144,0.00029202
145,0.00029202
146,0.00029202
147,0.00029202
148,0.00029202
149,0.00029202
150,0.00029202
151,0.00029202
152,0.00029479
153,0.00029479
154,0.00029479
155,0.00029479
156,0.00029479
157,0.00029479
158,0.00029479
159,0.00029479
160,0.00029479
161,0.00029479
162,0.00029479
163,0.00029479
164,0.00029479
165,0.00029479
166,0.00029479
167,0.00029479
168,0.00029479
169,0.00029479
170,0.00029479
171,0.00029479
172,0.00029479
173,0.00029479
174,0.00029479
175,0.00029479
176,0.00029479
177,0.00029479
178,0.00029479
179,0.00029479
180,0.00029479
181,0.00029479
182,0.00029479
183,0.00029479
184,0.00029479
185,0.00029479
186,0.00029479
187,0.00029479
188,0.00029479
189,0.00029479
190,0.00029479
191,0.00029479
192,0.00029479
193,0.00029479
194,0.00029479
195,0.00029479
196,0.00029479
197,0.00029479
198,0.00029479
199,0.00029479
200,0.00029479
201,0.00029479
202,0.00029479
203,0.00029479
204,0.00029479
205,0.00029479
206,0.00029479
207,0.00029479
208,0.00029479
209,0.00029479
210,0.00029479
211,0.00029479
212,0.00029479
213,0.00029479
214,0.00029479
215,0.00029479
216,0.00029479
217,0.00029479
218,0.00029479
219,0.00029479
220,0.00029479
221,0.00029479
222,0.00029479
223,0.00029479
224,0.00029479
225,0.00029479
226,0.00029479
227,0.00029479
228,0.00029479
229,0.00029479
230,0.00029479
231,0.00029479
232,0.00029479
233,0.00029479
234,0.00029479
235,0.00029479
236,0.00029479
237,0.00029479
238,0.00029479
239,0.00029479
240,0.00029479
241,0.00029479
242,0.00029479
243,0.00029479
244,0.00029479
245,0.00029479
246,0.00029197
247,0.00029197
248,0.00029197
249,0.00029197
250,0.00029197
251,0.00029197
252,0.00029197
253,0.00029197
254,0.00029197
255,0.00029197
256,0.00029197
257,0.00029197
258,0.00029197
259,0.00029197
260,0.00029197
261,0.00029197
262,0.00029197
263,0.00029197
264,0.00029197
265,0.00029353
266,0.00029353
267,0.00029353
268,0.00029353
269,0.00029353
270,0.00029353
271,0.00029353
272,0.00029353
273,0.00029353
274,0.00029353
275,0.00029353
276,0.00029353
277,0.00029353
278,0.00029353
279,0.00029353
280,0.00029353
281,0.00029353
282,0.00029197
283,0.00029197
284,0.00029197
285,0.00029197
286,0.00029197
287,0.00029197
288,0.00029197
289,0.00029197
290,0.00029197
291,0.00029197
292,0.00029197
293,0.00029197
294,0.00029197
295,0.00029197
296,0.00029197
297,0.00029197
298,0.00029197
299,0.00029197
300,0.00029197
301,0.00029197
302,0.00029197
303,0.00029197
304,0.00029384
305,0.00029384
306,0.00029384
307,0.00029384
308,0.00029384
309,0.00029197
310,0.00029197
311,0.00029197
312,0.00029197
313,0.00029197
314,0.00029197
315,0.00029197
316,0.00029197
317,0.00029197
318,0.00029197
319,0.00029197
320,0.00029197
321,0.00029197
322,0.00029197
323,0.00029197
324,0.00029197
325,0.00029197
326,0.00029197
327,0.00029197
328,0.00029197
329,0.00029095
330,0.00029095
331,0.00029095
332,0.00029095
333,0.00029095
334,0.00029095
335,0.00029095
336,0.00029095
337,0.00029095
338,0.00029095
339,0.00029095
340,0.00029095
341,0.00029062
342,0.00029095
343,0.00029095
344,0.00029095
345,0.00029095
346,0.00029095
347,0.00029095
348,0.00029095
349,0.00029095
350,0.00029095
351,0.00029095
352,0.00029095
353,0.00029095
354,0.00029095
355,0.00029095
356,0.00029095
357,0.00029095
358,0.00029095
359,0.00029095
360,0.00029095
361,0.00029095
362,0.00029095
363,0.00029095
364,0.00029095
365,0.00029095
366,0.00029095
367,0.00029095
368,0.00029095
369,0.00029095
370,0.00029095
371,0.00029095
372,0.00029095
373,0.00029197
374,0.00029197
375,0.00029197
376,0.00029197
377,0.00029197
378,0.00029197
379,0.00029197
380,0.00029197
381,0.00029197
382,0.00029197
383,0.00029197
384,0.00029197
385,0.00029197
386,0.0002894
387,0.00028939
388,0.00028939
389,0.00028939
390,0.00028939
391,0.0002894
392,0.0002894
393,0.0002894
394,0.0002894
395,0.0002894
396,0.0002894
397,0.0002894
398,0.0002894
399,0.0002894
400,0.0002894
401,0.0002894
402,0.0002894
403,0.0002894
404,0.0002894
405,0.0002894
406,0.00028939
407,0.00028939
408,0.00028939
409,0.00028939
410,0.00028939
411,0.00028929
412,0.00028929
413,0.00028929
414,0.00028929
415,0.00028929
416,0.00028929
417,0.00028642
418,0.00028642
419,0.00028642
420,0.00028642
421,0.00028642
422,0.00028938
423,0.000286
424,0.000286
425,0.000286
426,0.000286
427,0.000286
428,0.000286
429,0.000286
430,0.0002876
431,0.0002876
432,0.0002876
433,0.0002876
434,0.0002876
435,0.0002876
436,0.0002876
437,0.0002876
438,0.0002876
439,0.0002876
440,0.0002876
441,0.0002876
442,0.0002876
443,0.00028568
444,0.00028572
445,0.00028572
446,0.00028572
447,0.00028572
448,0.00028572
449,0.00028572
450,0.00028572
451,0.00028572
452,0.00028572
453,0.00028572
454,0.00028572
455,0.00028572
456,0.00028572
457,0.00028572
458,0.00028572
459,0.00028572
460,0.00028572
461,0.00028572
462,0.00028572
463,0.00028572
464,0.00028572
465,0.00028572
466,0.00028572
467,0.00028572
468,0.00028572
469,0.00028576
470,0.00028576
471,0.00028576
472,0.00028576
473,0.00028576
474,0.00028576
475,0.00028576
476,0.00028576
477,0.00028576
478,0.00028576
479,0.00028576
480,0.00028576
481,0.00028576
482,0.00028851
483,0.00028851
484,0.00028851
485,0.00028851
486,0.00028851
487,0.00028572
488,0.00028567
489,0.00028567
490,0.00028567
491,0.00028567
492,0.00028567
493,0.00028567
494,0.00028567
495,0.00028567
496,0.00028567
497,0.00028567
498,0.00028568
499,0.00028568
500,0.00028568
501,0.00028568
502,0.00028568
503,0.00028568
504,0.00028568
505,0.00028568
506,0.00028568
507,0.00028568
508,0.00028568
509,0.00028568
510,0.00028568
511,0.00028568
512,0.00028568
513,0.00028568
514,0.00028568
515,0.00028568
516,0.00028568
517,0.00028568
518,0.00028568
519,0.00028568
520,0.00028567
521,0.00028567
522,0.00028567
523,0.00028567
524,0.00028567
525,0.00028567
526,0.00028566
527,0.00028566
528,0.00028566
529,0.00028566
530,0.00028566
531,0.00028566
532,0.00028567
533,0.00028567
534,0.0002852
535,0.0002819
536,0.0002819
537,0.0002819
538,0.0002819
539,0.00028519
540,0.0002852
541,0.00028567
542,0.0002886
543,0.0002886
544,0.0002886
545,0.0002886
546,0.0002886
547,0.0002886
548,0.0002886
549,0.0002886
550,0.0002886
551,0.0002886
552,0.0002886
553,0.0002886
554,0.0002886
555,0.0002886
556,0.0002886
557,0.0002886
558,0.0002886
559,0.0002886
560,0.0002886
561,0.0002886
562,0.0002886
563,0.0002886
564,0.0002886
565,0.0002886
566,0.0002882
567,0.0002882
568,0.0002882
569,0.0002882
570,0.0002882
571,0.0002882
572,0.0002882
573,0.0002882
574,0.0002882
575,0.0002882
576,0.0002882
577,0.0002882
578,0.0002882
579,0.0002882
580,0.0002882
581,0.0002882
582,0.0002882
583,0.0002882
584,0.0002882
585,0.0002882
586,0.0002882
587,0.0002882
588,0.0002882
589,0.0002882
590,0.0002882
591,0.0002882
592,0.0002882
593,0.0002882
594,0.0002882
595,0.0002882
596,0.0002882
597,0.0002882
598,0.0002882
599,0.0002882
600,0.0002882
601,0.0002882
602,0.0002882
603,0.0002882
604,0.0002882
605,0.0002882
606,0.0002882
607,0.0002882
608,0.0002882
609,0.0002882
610,0.0002882
611,0.0002882
612,0.0002882
613,0.0002882
614,0.0002882
615,0.0002882
616,0.00028846
617,0.00028845
618,0.00028845
619,0.00028845
620,0.00028845
621,0.00028845
622,0.00028835
623,0.00028835
624,0.00028833
625,0.00028833
626,0.00028833
627,0.00028833
628,0.00028833
629,0.00028833
630,0.00028833
631,0.00028833
632,0.00028833
633,0.00028529
634,0.0002853
635,0.0002853
636,0.0002853
637,0.00028777
638,0.00028777
639,0.0002873
640,0.0002873
641,0.0002873
642,0.0002873
643,0.0002873
644,0.0002873
645,0.0002873
646,0.0002873
647,0.0002873
648,0.00028828
649,0.00028828
650,0.00028828
651,0.0002873
652,0.0002873
653,0.0002873
654,0.00028544
655,0.00028544
656,0.00028544
657,0.00028544
658,0.00028544
659,0.00028544
660,0.00028544
661,0.00028544
662,0.00028544
663,0.00028544
664,0.00028544
665,0.00028544
666,0.00028544
667,0.00028544
668,0.00028544
669,0.00028544
670,0.00028544
671,0.00028825
672,0.00028825
673,0.00028825
674,0.00028825
675,0.00028825
676,0.00028825
677,0.00028825
678,0.00028825
679,0.00028825
680,0.00028825
681,0.00028825
682,0.00028825
683,0.00028825
684,0.00028825
685,0.00028825
686,0.00028825
687,0.00028825
688,0.00028825
689,0.00028825
690,0.00028825
691,0.00028826
692,0.00028826
693,0.00028826
694,0.00028825
695,0.00028825
696,0.00028825
697,0.00028825
698,0.0002886
699,0.00029307
700,0.00029055
701,0.00029133
702,0.00029133
703,0.00029134
704,0.00029134
705,0.00029134
706,0.00029134
707,0.00029134
708,0.00029134
709,0.00029137
710,0.00029137
711,0.00029137
712,0.00029435
713,0.00029131
714,0.00029405
715,0.00029405
716,0.00029502
717,0.00029502
718,0.00029636
719,0.00029636
720,0.00029636
721,0.00029636
722,0.00029636
723,0.00029636
724,0.00029516
725,0.00029516
726,0.00029516
727,0.00029515
728,0.00029515
729,0.00029515
730,0.00029515
731,0.00029515
732,0.00029216
733,0.00029223
734,0.00029223
735,0.00029223
736,0.00029223
737,0.00029223
738,0.00029223
739,0.00029223
740,0.00029223
741,0.00029223
742,0.00029223
743,0.00029223
744,0.00029223
745,0.00029223
746,0.00029223
747,0.00029338
748,0.00029338
749,0.00029338
750,0.00029338
751,0.00029338
752,0.00029338
753,0.00029624
754,0.00029624
755,0.00029624
756,0.00029624
757,0.00029624
758,0.00029622
759,0.00029622
760,0.00029622
761,0.00029622
762,0.00029622
763,0.00029622
764,0.00029622
765,0.00029622
766,0.00029622
767,0.00029622
768,0.00029622
769,0.00029622
770,0.00029622
771,0.00029622
772,0.00029622
773,0.00029622
774,0.00029622
775,0.00029622
776,0.00029336
777,0.00029336
778,0.00029336
779,0.00029336
780,0.0002933
781,0.00029194
782,0.0002933
783,0.0002933
784,0.0002913
785,0.0002913
786,0.00029336
787,0.00029336
788,0.00029336
789,0.00029336
790,0.00029336
791,0.00029336
792,0.00029336
793,0.00029336
794,0.00029336
795,0.00029336
796,0.00029336
797,0.00029336
798,0.00029336
799,0.00029336
800,0.00029336
801,0.00029336
802,0.00029336
803,0.00029336
804,0.00029336
805,0.00029336
806,0.00029066
807,0.00029336
808,0.00029015
809,0.0002902
810,0.0002902
811,0.0002902
812,0.00029335
813,0.00029335
814,0.00029335
815,0.00029071
816,0.00029071
817,0.00029071
818,0.00029071
819,0.00029071
820,0.00029071
821,0.00029071
822,0.00029071
823,0.00029071
824,0.00029071
825,0.00029071
826,0.00029071
827,0.00029071
828,0.00029071
829,0.00029071
830,0.00029071
831,0.00029071
832,0.00029071
833,0.00029071
834,0.00029071
835,0.00029071
836,0.00029071
837,0.00029071
838,0.00029071
839,0.00029071
840,0.00029071
841,0.00029071
842,0.00029071
843,0.00029071
844,0.00029071
845,0.00029071
846,0.00029071
847,0.00029071
848,0.00029334
849,0.00029334
850,0.00029334
851,0.00029334
852,0.00029334
853,0.00029334
854,0.00029334
855,0.00029334
856,0.00029334
857,0.00029586
858,0.00029586
859,0.00029586
860,0.00029586
861,0.00029586
862,0.00029586
863,0.00029586
864,0.0002958
865,0.0002958
866,0.0002958
867,0.000294
868,0.000294
869,0.000294
870,0.000294
871,0.000294
872,0.000294
873,0.000294
874,0.000294
875,0.000294
876,0.000294
877,0.000294
878,0.000294
879,0.000294
880,0.000294
881,0.000294
882,0.000294
883,0.000294
884,0.000294
885,0.000294
886,0.000294
887,0.000294
888,0.000294
889,0.000294
890,0.000294
891,0.000294
892,0.00029242
893,0.00029242
894,0.00029255
895,0.00029255
896,0.00029255
897,0.000293
898,0.00029242
899,0.00029242
900,0.00029242
901,0.00029242
902,0.00029242
903,0.00029242
904,0.00029242
905,0.00029242
906,0.00029073
907,0.00029073
908,0.00029073
909,0.00029073
910,0.00029073
911,0.00029073
912,0.00029073
913,0.00029073
914,0.00029073
915,0.00029073
916,0.00029073
917,0.00029073
918,0.00029073
919,0.00029073
920,0.00029073
921,0.00029073
922,0.00029073
923,0.00029073
924,0.00029073
925,0.00029073
926,0.00029154
927,0.00029156
928,0.00029156
929,0.00029156
930,0.00029156
931,0.00029156
932,0.00029156
933,0.00029156
934,0.00029156
935,0.00029156
936,0.00029156
937,0.00029156
938,0.00029156
939,0.00029634
940,0.00029522
941,0.00029665
942,0.00029653
943,0.00029653
944,0.00029545
945,0.00029545
946,0.00029545
947,0.00029545
948,0.00029545
949,0.00029545
950,0.00029545
951,0.00029545
952,0.00029545
953,0.00029545
954,0.00029545
955,0.00029545
956,0.00029545
957,0.00029545
958,0.00029545
959,0.00029545
960,0.00029545
961,0.00029545
962,0.00029545
963,0.00029545
964,0.00029545
965,0.00029545
966,0.00029545
967,0.00029545
968,0.00029545
969,0.00029545
970,0.00029545
971,0.00029545
972,0.00029545
973,0.0002945
974,0.0002945
975,0.0002945
976,0.0002945
977,0.0002945
978,0.0002945
979,0.0002945
980,0.0002945
981,0.0002945
982,0.0002945
983,0.0002945
984,0.0002945
985,0.0002945
986,0.0002945
987,0.0002945
988,0.0002945
989,0.0002945
990,0.0002945
991,0.0002945
992,0.0002945
993,0.0002945
994,0.0002945
995,0.0002945
996,0.0002945
997,0.0002945
998,0.0002945
999,0.0002945
1000,0.0002945
1001,0.0002945
1002,0.0002945
1003,0.0002945
1004,0.0002945
1005,0.0002945
1006,0.0002945
1007,0.0002945
1008,0.0002945
1009,0.0002945
1010,0.0002945
1011,0.0002945
1012,0.0002945
1013,0.0002945
1014,0.0002945
1015,0.0002935
1016,0.00029631
1017,0.00029631
1018,0.00029631
1019,0.00029631
1020,0.00029631
1021,0.00029631
1022,0.00029631
1023,0.00029631
1024,0.00029631
1025,0.00029631
1026,0.00029631
1027,0.00029631
1028,0.00029631
1029,0.00029705
1030,0.00029637
1031,0.00029637
1032,0.00029637
1033,0.00029637
1034,0.00029637
1035,0.00029637
1036,0.00029637
1037,0.00029634
1038,0.00029634
1039,0.00029634
1040,0.00029706
1041,0.00029706
1042,0.00029706
1043,0.00029706
1044,0.00029705
1045,0.00029705
1046,0.00029705
1047,0.00029705
1048,0.00029705
1049,0.00029705
1050,0.00029705
1051,0.00029705
1052,0.00029705
1053,0.00029705
1054,0.00029705
1055,0.00029706
1056,0.00029706
1057,0.00029706
1058,0.00029706
1059,0.00029706
1060,0.00029706
1061,0.00029706
1062,0.00029706
1063,0.00029705
1064,0.00029705
1065,0.00029705
1066,0.00029705
1067,0.00029705
1068,0.00029705
1069,0.00029705
1070,0.00029705
1071,0.00029705
1072,0.00029743
1073,0.00029743
1074,0.00029743
1075,0.00029799
1076,0.00029799
1077,0.00029798
1078,0.00029798
1079,0.00029799
1080,0.00029799
1081,0.00029799
1082,0.00029799
1083,0.00029799
1084,0.00029799
1085,0.0002986
1086,0.0002986
1087,0.0002986
1088,0.0002986
1089,0.0002986
1090,0.0002987
1091,0.0002987
1092,0.0002987
1093,0.0002983
1094,0.00029743
1095,0.00029743
1096,0.00029885
1097,0.00029743
1098,0.00029743
1099,0.00029999
1100,0.00029999
1101,0.00029999
1102,0.0002984
1103,0.0002984
1104,0.00029999
1105,0.00029999
1106,0.00029999
1107,0.00029999
1108,0.00029999
1109,0.00029999
1110,0.00029999
1111,0.00029999
1112,0.00029999
1113,0.00029999
1114,0.00029999
1115,0.00029999
1116,0.00029999
1117,0.00029999
1118,0.00029999
1119,0.00029999
1120,0.00029999
1121,0.0002973
1122,0.00029999
1123,0.00029999
1124,0.00029999
1125,0.00029999
1126,0.00029999
1127,0.00029999
1128,0.00029999
1129,0.00029999
1130,0.00029999
1131,0.00029999
1132,0.00029999
1133,0.00029999
1134,0.00029999
1135,0.00029999
1136,0.00029999
1137,0.00029999
1138,0.00029999
1139,0.00029999
1140,0.00029999
1141,0.00029999
1142,0.00029999
1143,0.00029999
1144,0.0002973
1145,0.00029705
1146,0.00029705
1147,0.0002968
1148,0.0002968
1149,0.00029634
1150,0.00029634
1151,0.00029634
1152,0.0002973
1153,0.0002973
1154,0.0002973
1155,0.0002973
1156,0.0002973
1157,0.0002973
1158,0.0002973
1159,0.0002973
1160,0.0002973
1161,0.0002973
1162,0.0002973
1163,0.0002973
1164,0.0002973
1165,0.0002973
1166,0.0002973
1167,0.0002973
1168,0.0002973
1169,0.0002973
1170,0.0002973
1171,0.0002973
1172,0.0002973
1173,0.0002973
1174,0.0002973
1175,0.0002973
1176,0.0002973
1177,0.0002973
1178,0.0002973
1179,0.0002973
1180,0.0002973
1181,0.0002973
1182,0.0002973
1183,0.0002973
1184,0.0002973
1185,0.0002973
1186,0.0002973
1187,0.0002973
1188,0.0002973
1189,0.0002973
1190,0.0002973
1191,0.0002973
1192,0.0002973
1193,0.0002973
1194,0.0002973
1195,0.0002973
1196,0.0002973
1197,0.0002973
1198,0.0002973
1199,0.0002973
1200,0.0002973
1201,0.0002973
1202,0.0002973
1203,0.0002973
1204,0.0002973
1205,0.0002973
1206,0.0002973
1207,0.0002973
1208,0.0002979
1209,0.0002979
1210,0.0002979
1211,0.0002979
1212,0.0002979
1213,0.0002979
1214,0.0002979
1215,0.0002979
1216,0.0002979
1217,0.0002979
1218,0.0002979
1219,0.0002979
1220,0.0002979
1221,0.0002979
1222,0.0002979
1223,0.0002979
1224,0.0002979
1225,0.0002979
1226,0.0002979
1227,0.0002979
1228,0.0002979
1229,0.0002979
1230,0.0002979
1231,0.0002979
1232,0.0002979
1233,0.0002979
1234,0.0002979
1235,0.0002979
1236,0.0002979
1237,0.0002979
1238,0.0002979
1239,0.0002979
1240,0.0002979
1241,0.00029962
1242,0.00029962
1243,0.00029962
1244,0.00029962
1245,0.00029962
1246,0.00029962
1247,0.00029962
1248,0.00029962
1249,0.00029962
1250,0.00029962
1251,0.00029955
1252,0.00029955
1253,0.00029955
1254,0.00029955
1255,0.00029955
1256,0.00029955
1257,0.00029955
1258,0.00029955
1259,0.00029955
1260,0.00029955
1261,0.00029955
1262,0.00029955
1263,0.00029955
1264,0.00029955
1265,0.00029955
1266,0.00029955
1267,0.00029571
1268,0.00029571
1269,0.00029571
1270,0.00029571
1271,0.00029571
1272,0.00029571
1273,0.00029571
1274,0.00029571
1275,0.00029571
1276,0.00029571
1277,0.00029571
1278,0.00029571
1279,0.00029571
1280,0.00029571
1281,0.00029571
1282,0.00029571
1283,0.00029571
1284,0.00029571
1285,0.00029571
1286,0.00029571
1287,0.00029571
1288,0.00029571
1289,0.00029571
1290,0.00029571
1291,0.00029571
1292,0.00029571
1293,0.00029571
1294,0.00029571
1295,0.00029571
1296,0.00029571
1297,0.00029571
1298,0.00029575
1299,0.00029575
1300,0.00029575
1301,0.00029575
1302,0.00029575
1303,0.00029575
1304,0.00029575
1305,0.00029575
1306,0.00029575
1307,0.00029575
1308,0.00029575
1309,0.00029575
1310,0.00029575
1311,0.00029575
1312,0.00029575
1313,0.00029575
1314,0.00029575
1315,0.00029575
1316,0.00029575
1317,0.00029572
1318,0.00029571
1319,0.00029572
1320,0.00029572
1321,0.00029572
1322,0.00029572
1323,0.00029572
1324,0.00029572
1325,0.00029572
1326,0.00029572
1327,0.00029572
1328,0.00029572
1329,0.00029572
1330,0.00029572
1331,0.00029572
1332,0.00029572
1333,0.00029572
1334,0.00029572
1335,0.00029572
1336,0.00029572
1337,0.00029572
1338,0.00029572
1339,0.00029572
1340,0.00029572
1341,0.00029572
1342,0.00029572
1343,0.00029572
1344,0.00029572
1345,0.00029572
1346,0.00029572
1347,0.00029572
1348,0.00029572
1349,0.00029572
1350,0.00029572
1351,0.00029572
1352,0.00029572
1353,0.00029572
1354,0.00029572
1355,0.00029572
1356,0.00029572
1357,0.00029572
1358,0.00029572
1359,0.00029572
1360,0.00029572
1361,0.00029572
1362,0.00029572
1363,0.00029572
1364,0.00029572
1365,0.00029572
1366,0.00029572
1367,0.00029572
1368,0.00029572
1369,0.00029572
1370,0.00029572
1371,0.00029572
1372,0.00029572
1373,0.00029572
1374,0.00029572
1375,0.00029572
1376,0.00029572
1377,0.00029572
1378,0.00029572
1379,0.00029572
1380,0.00029572
1381,0.00029572
1382,0.00029572
1383,0.00029572
1384,0.00029572
1385,0.00029572
1386,0.00029572
1387,0.00029572
1388,0.00029572
1389,0.00029572
1390,0.00029572
1391,0.00029572
1392,0.00029572
1393,0.00029572
1394,0.00029572
1395,0.00029572
1396,0.00029572
1397,0.00029572
1398,0.00029572
1399,0.00029572
1400,0.00029572
1401,0.00029572
1402,0.00029572
1403,0.00029571
1404,0.00029571
1405,0.00029575
1406,0.00029575
1407,0.00029575
1408,0.00029575
1409,0.00029575
1410,0.00029575
1411,0.00029575
1412,0.00029575
1413,0.00029575
1414,0.00029575
1415,0.00029575
1416,0.00029575
1417,0.00029575
1418,0.00029575
1419,0.00029572
1420,0.00029572
1421,0.00029572
1422,0.00029572
1423,0.00029572
1424,0.00029572
1425,0.00029572
1426,0.00029572
1427,0.00029572
1428,0.00029572
1429,0.00029572
1430,0.00029572
1431,0.00029572
1432,0.00029572
1433,0.00029572
1434,0.00029572
1435,0.00029572
1436,0.00029572
1437,0.00029572
1438,0.00029572
1439,0.00029572
1440,0.00029572
1441,0.00029572
1442,0.00029572
1443,0.00029572
1444,0.00029572
1445,0.00029572
1446,0.00029571
1447,0.00029571
1448,0.00029571
1449,0.00029571
1450,0.00029571
1451,0.00029571
1452,0.00029571
1453,0.00029571
1454,0.00029571
1455,0.00029571
1456,0.00029571
1457,0.00029571
1458,0.00029571
1459,0.00029571
1460,0.00029571
1461,0.00029571
1462,0.00029571
1463,0.00029542
1464,0.00029542
1465,0.00029542
1466,0.00029542
1467,0.00029542
1468,0.00029542
1469,0.00029542
1470,0.00029542
1471,0.00029542
1472,0.00029542
1473,0.00029542
1474,0.00029542
1475,0.00029542
1476,0.00029542
1477,0.00029538
1478,0.00029538
1479,0.00029538
1480,0.00029538
1481,0.00029538
1482,0.00029538
1483,0.00029538
1484,0.00029538
1485,0.00029538
1486,0.00029538
1487,0.00029538
1488,0.00029538
1489,0.00029538
1490,0.00029538
1491,0.00029538
1492,0.00029538
1493,0.00029538
1494,0.00029487
1495,0.00029487
1496,0.00029487
1497,0.00028834
1498,0.00028835
1499,0.00028835
1500,0.00029454
1501,0.00029452
1502,0.00028902
1503,0.00028902
1504,0.00028902
1505,0.00028902
1506,0.00028902
1507,0.00028902
1508,0.00028902
1509,0.00028902
1510,0.00028902
1511,0.00028902
1512,0.00028902
1513,0.00028902
1514,0.00029001
1515,0.00029001
1516,0.00029
1517,0.00029
1518,0.00029001
1519,0.00028825
1520,0.00028825
1521,0.00029
1522,0.00029001
1523,0.00029001
1524,0.00029001
1525,0.00029001
1526,0.00028825
1527,0.00028825
1528,0.00028825
1529,0.00029
1530,0.00028999
1531,0.00028825
1532,0.00028999
1533,0.00028999
1534,0.00029001
1535,0.00029001
1536,0.00028825
1537,0.00028825
1538,0.00028825
1539,0.00028825
1540,0.00028825
1541,0.00028825
1542,0.00028825
1543,0.00028825
1544,0.00028825
1545,0.00028825
1546,0.00028825
1547,0.00028825
1548,0.00028825
1549,0.00028825
1550,0.00028825
1551,0.00028825
1552,0.00028825
1553,0.0002876
1554,0.0002876
1555,0.0002876
1556,0.0002876
1557,0.0002876
1558,0.0002876
1559,0.0002876
1560,0.00028706
1561,0.00028706
1562,0.00028706
1563,0.00028706
1564,0.00028706
1565,0.00028706
1566,0.00028706
1567,0.00028706
1568,0.00028706
1569,0.00028706
1570,0.00028706
1571,0.00028706
1572,0.0002876
1573,0.0002876
1574,0.00028706
1575,0.00028706
1576,0.00028706
1577,0.00029001
1578,0.00029001
1579,0.00029001
1580,0.00029001
1581,0.00029001
1582,0.00029001
1583,0.00029001
1584,0.00029001
1585,0.00029001
1586,0.00029001
1587,0.00029001
1588,0.00029001
1589,0.00029001
1590,0.00029001
1591,0.00028553
1592,0.00028553
1593,0.00028558
1594,0.00028558
1595,0.00028558
1596,0.00028558
1597,0.00028558
1598,0.00028558
1599,0.00028558
1600,0.00028558
1601,0.00028558
1602,0.00028558
1603,0.00028558
1604,0.00028558
1605,0.00028558
1606,0.00028558
1607,0.00028558
1608,0.00028558
1609,0.00028558
1610,0.00028558
1611,0.00028558
1612,0.00028558
1613,0.00028558
1614,0.00028558
1615,0.00028558
1616,0.00028558
1617,0.00028558
1618,0.00028558
1619,0.00028558
1620,0.00028558
1621,0.00028558
1622,0.00028558
1623,0.00028558
1624,0.00028558
1625,0.00028558
1626,0.00028558
1627,0.00028558
1628,0.00028558
1629,0.00028558
1630,0.00028558
1631,0.00028558
1632,0.00028558
1633,0.00028558
1634,0.00028558
1635,0.00028558
1636,0.00028558
1637,0.00028558
1638,0.00028558
1639,0.00028558
1640,0.00028558
1641,0.00028558
1642,0.00028558
1643,0.00028558
1644,0.00028558
1645,0.00028558
1646,0.00028558
1647,0.00028558
1648,0.00028558
1649,0.00028558
1650,0.00028558
1651,0.00028558
1652,0.00028558
1653,0.00028558
1654,0.00028557
1655,0.00028535
1656,0.00028535
1657,0.00028535
1658,0.00028535
1659,0.00028535
1660,0.00028535
1661,0.00028535
1662,0.00028535
1663,0.00028535
1664,0.00028535
1665,0.00028535
1666,0.00028535
1667,0.00028535
1668,0.00028535
1669,0.00028535
1670,0.00028535
1671,0.00028535
1672,0.00028213
1673,0.00028213
1674,0.00028213
1675,0.00028551
1676,0.00028013
1677,0.00028013
1678,0.00028543
1679,0.00028543
1680,0.00028543
1681,0.00028543
1682,0.00028543
1683,0.00028528
1684,0.00028528
1685,0.00028523
1686,0.00028523
1687,0.00028523
1688,0.00028523
1689,0.00028523
1690,0.00028523
1691,0.00028523
1692,0.00028523
1693,0.00028523
1694,0.00028474
1695,0.00028474
1696,0.00028058
1697,0.00028058
1698,0.00028441
1699,0.00028
1700,0.00028
1701,0.00028
1702,0.00028
1703,0.00028
1704,0.00028
1705,0.00028
1706,0.00028
1707,0.00028
1708,0.00028
1709,0.00028
1710,0.00028
1711,0.00027984
1712,0.00027976
1713,0.00027968
1714,0.00027968
1715,0.00027968
1716,0.00027968
1717,0.00027947
1718,0.00027947
1719,0.00027947
1720,0.00027947
1721,0.00027947
1722,0.00027947
1723,0.00027947
1724,0.00027947
1725,0.00027947
1726,0.00027947
1727,0.00027947
1728,0.00027947
1729,0.00027947
1730,0.00027909
1731,0.00027808
1732,0.00027808
1733,0.00027808
1734,0.00027807
1735,0.00027951
1736,0.00027943
1737,0.00027943
1738,0.00027943
1739,0.00027936
1740,0.00027936
1741,0.00027936
1742,0.00027936
1743,0.00027936
1744,0.00027936
1745,0.00027936
1746,0.00027936
1747,0.00027936
1748,0.00028
1749,0.00028
1750,0.00028
1751,0.00028
1752,0.00028
1753,0.00028
1754,0.00028
1755,0.00028
1756,0.00028
1757,0.00028
1758,0.00028
1759,0.00028
1760,0.00028
1761,0.00028
1762,0.00028
1763,0.00028
1764,0.00028
1765,0.00028
1766,0.00028
1767,0.00028
1768,0.00028
1769,0.00028
1770,0.00028
1771,0.00028
1772,0.00028
1773,0.00028
1774,0.00028
1775,0.00028
1776,0.00028
1777,0.00028
1778,0.00028
1779,0.00028
1780,0.00028
1781,0.00028
1782,0.00028
1783,0.00028
1784,0.00028
1785,0.00028
1786,0.00028
1787,0.00028
1788,0.00028
1789,0.00028
1790,0.00028
1791,0.00028
1792,0.00028
1793,0.00028
1794,0.00028
1795,0.00028
1796,0.00028
1797,0.00028
1798,0.00028
1799,0.00028
1800,0.00028
1801,0.00028
1802,0.00028
1803,0.00028
1804,0.00028
1805,0.00028
1806,0.00028
1807,0.00028
1808,0.00028
1809,0.00028
1810,0.00027999
1811,0.00027999
1812,0.00027956
1813,0.00027956
1814,0.00027956
1815,0.00027956
1816,0.00027956
1817,0.00027956
1818,0.00027956
1819,0.00027956
1820,0.00027956
1821,0.00027956
1822,0.00027956
1823,0.00027956
1824,0.00027956
1825,0.00027956
1826,0.00027956
1827,0.00027956
1828,0.00027956
1829,0.00027956
1830,0.00027956
1831,0.00027956
1832,0.00027956
1833,0.000277
1834,0.000277
1835,0.000277
1836,0.000277
1837,0.000277
1838,0.000277
1839,0.000277
1840,0.000277
1841,0.000277
1842,0.000277
1843,0.000277
1844,0.000277
1845,0.000277
1846,0.000277
1847,0.000277
1848,0.000277
1849,0.000277
1850,0.000277
1851,0.000277
1852,0.000277
1853,0.000277
1854,0.00027895
1855,0.00027895
1856,0.00027655
1857,0.00027655
1858,0.00027655
1859,0.00027655
1860,0.00027655
1861,0.00027655
1862,0.000276
1863,0.000276
1864,0.000276
1865,0.000276
1866,0.00027655
1867,0.00027655
1868,0.00027655
1869,0.00027655
1870,0.00027655
1871,0.00027655
1872,0.00027655
1873,0.00027654
1874,0.00027904
1875,0.00027948
1876,0.00027948
1877,0.00027948
1878,0.00027948
1879,0.00027948
1880,0.00027948
1881,0.00027601
1882,0.00027903
1883,0.00027903
1884,0.00027903
1885,0.00027903
1886,0.00027903
1887,0.00027903
1888,0.00027903
1889,0.00027903
1890,0.00027903
1891,0.00027903
1892,0.00027903
1893,0.00027903
1894,0.00027903
1895,0.00027903
1896,0.00027903
1897,0.00027903
1898,0.00027903
1899,0.00027903
1900,0.00027903
1901,0.00027903
1902,0.00027903
1903,0.00027903
1904,0.00027757
1905,0.00027757
1906,0.00027757
1907,0.00027757
1908,0.00027757
1909,0.00027757
1910,0.00027757
1911,0.00027757
1912,0.00027757
1913,0.00027757
1914,0.00027757
1915,0.00027788
1916,0.00027788
1917,0.00027788
1918,0.00027788
1919,0.00027788
1920,0.00027788
1921,0.00027788
1922,0.00027711
1923,0.00027711
1924,0.000276
1925,0.000276
1926,0.000276
1927,0.000276
1928,0.000276
1929,0.000276
1930,0.000276
1931,0.000276
1932,0.000276
1933,0.000276
1934,0.000276
1935,0.000276
1936,0.000276
1937,0.000276
1938,0.00027601
1939,0.00027601
1940,0.000276
1941,0.00027523
1942,0.000276
1943,0.000276
1944,0.000276
1945,0.00027523
1946,0.00027523
1947,0.00027523
1948,0.00027523
1949,0.00027523
1950,0.00027523
1951,0.00027523
1952,0.00027523
1953,0.00027523
1954,0.00027523
1955,0.00027523
1956,0.00027523
1957,0.00027523
1958,0.00027524
1959,0.00027524
1960,0.00027524
1961,0.00027524
1962,0.00027524
1963,0.00027524
1964,0.00027524
1965,0.00027523
1966,0.00027523
1967,0.00027523
1968,0.00027523
1969,0.00027523
1970,0.00027523
1971,0.00027523
1972,0.00027865
1973,0.00027524
1974,0.00027524
1975,0.00027524
1976,0.00027524
1977,0.00027524
1978,0.00027524
1979,0.00027524
1980,0.00027524
1981,0.00027524
1982,0.00027524
1983,0.00027524
1984,0.00027524
1985,0.00027524
1986,0.00027524
1987,0.00027523
1988,0.00027523
1989,0.00027523
1990,0.00027524
1991,0.00027524
1992,0.00027523
1993,0.00027523
1994,0.00027524
1995,0.00027524
1996,0.00027524
1997,0.00027524
1998,0.00027524
1999,0.00027524
2000,0.00027524
2001,0.00027524
2002,0.00027524
2003,0.00027524
2004,0.00027524
2005,0.00027524
2006,0.00027523
2007,0.00027523
2008,0.00027523
2009,0.00027523
2010,0.00027523
2011,0.00027523
2012,0.00027523
2013,0.00027523
2014,0.00027523
2015,0.00027523
2016,0.00027523
2017,0.00027523
2018,0.00027523
2019,0.00027523
2020,0.00027523
2021,0.00027523
2022,0.00027523
2023,0.00027523
2024,0.00027523
2025,0.00027523
2026,0.0002753
2027,0.0002753
2028,0.0002753
2029,0.0002753
2030,0.0002753
2031,0.0002753
2032,0.0002753
2033,0.0002753
2034,0.0002753
2035,0.0002753
2036,0.0002753
2037,0.0002753
2038,0.0002753
2039,0.0002753
2040,0.0002753
2041,0.0002753
2042,0.0002753
2043,0.0002753
2044,0.0002753
2045,0.0002753
2046,0.0002753
2047,0.0002753
2048,0.0002753
2049,0.0002753
2050,0.0002753
2051,0.0002753
2052,0.0002753
2053,0.0002753
2054,0.0002753
2055,0.0002753
2056,0.0002753
2057,0.00027876
2058,0.00027848
2059,0.00027848
2060,0.00027848
2061,0.00027848
2062,0.00027848
2063,0.00027848
2064,0.00027523
2065,0.00027523
2066,0.00027523
2067,0.00027523
2068,0.00027523
2069,0.00027523
2070,0.00027523
2071,0.00027523
2072,0.00027523
2073,0.00027523
2074,0.00027889
2075,0.00027891
2076,0.00027891
2077,0.00027899
2078,0.00027899
2079,0.000279
2080,0.000279
2081,0.000279
2082,0.000279
2083,0.000279
2084,0.0002776
2085,0.0002776
2086,0.0002776
2087,0.0002776
2088,0.0002776
2089,0.0002776
2090,0.0002776
2091,0.0002776
2092,0.0002776
2093,0.0002776
2094,0.0002776
2095,0.000279
2096,0.0002776
2097,0.0002776
2098,0.0002776
2099,0.0002776
2100,0.0002776
2101,0.0002776
2102,0.0002776
2103,0.0002776
2104,0.0002776
2105,0.0002776
2106,0.0002776
2107,0.00027524
2108,0.00027524
2109,0.00027524
2110,0.00027524
2111,0.00027499
2112,0.00027499
2113,0.00027499
2114,0.00027499
2115,0.00027499
2116,0.000275
2117,0.00027523
2118,0.00027523
2119,0.00027523
2120,0.00027523
2121,0.00027523
2122,0.00027523
2123,0.00027523
2124,0.00027523
2125,0.00027523
2126,0.00027523
2127,0.00027523
2128,0.00027523
2129,0.00027523
2130,0.00027523
2131,0.00027523
2132,0.00027523
2133,0.00027523
2134,0.00027523
2135,0.00027523
2136,0.00027523
2137,0.00027523
2138,0.00027523
2139,0.00027523
2140,0.00027489
2141,0.00027489
2142,0.00027512
2143,0.00027523
2144,0.00027523
2145,0.00027523
2146,0.00027823
2147,0.00027823
2148,0.00027823
2149,0.00027891
2150,0.00027891
2151,0.00027891
2152,0.00027891
2153,0.00027891
2154,0.00027891
2155,0.00027887
2156,0.00027887
2157,0.00027887
2158,0.00027887
2159,0.0002789
2160,0.00027887
2161,0.00027887
2162,0.00027887
2163,0.00027887
2164,0.00027887
2165,0.00027887
2166,0.00027887
2167,0.00027887
2168,0.00027887
2169,0.00027887
2170,0.00027887
2171,0.00027887
2172,0.00027887
2173,0.00027887
2174,0.00027887
2175,0.00027887
2176,0.00027887
2177,0.00027887
2178,0.00027887
2179,0.00027887
2180,0.00027887
2181,0.00027887
2182,0.00027887
2183,0.00027887
2184,0.00027887
2185,0.00027887
2186,0.00027887
2187,0.00028002
2188,0.00028282
2189,0.00028282
2190,0.00028282
2191,0.00027887
2192,0.00027723
2193,0.00027887
2194,0.00027887
2195,0.00027887
2196,0.00027887
2197,0.00027887
2198,0.00027888
2199,0.00027888
2200,0.00027888
2201,0.00027888
2202,0.00027888
2203,0.00027888
2204,0.00027888
2205,0.00028085
2206,0.00028085
2207,0.00028275
2208,0.00028275
2209,0.00028275
2210,0.00028275
2211,0.00028275
2212,0.00028275
2213,0.00028275
2214,0.00028275
2215,0.00028275
2216,0.00028275
2217,0.00028275
2218,0.00028275
2219,0.00028275
2220,0.00028275
2221,0.00027863
2222,0.00027863
2223,0.00027863
2224,0.00027863
2225,0.00028253
2226,0.00028253
2227,0.00028253
2228,0.00028253
2229,0.00028253
2230,0.00028253
2231,0.00028253
2232,0.00028253
2233,0.00028253
2234,0.00028253
2235,0.00028253
2236,0.00028253
2237,0.00028253
2238,0.00028253
2239,0.00028253
2240,0.00028253
2241,0.00028253
2242,0.00028253
2243,0.00028253
2244,0.00028253
2245,0.00028253
2246,0.00028086
2247,0.00028086
2248,0.00028086
2249,0.00028086
2250,0.00028086
2251,0.00028086
2252,0.00028086
2253,0.00028086
2254,0.00028086
2255,0.00028086
2256,0.00028086
2257,0.00028086
2258,0.00028086
2259,0.00028086
2260,0.00028086
2261,0.00028086
2262,0.00028086
2263,0.00028086
2264,0.00028086
2265,0.00028086
2266,0.00028086
2267,0.00028086
2268,0.00028086
2269,0.00028086
2270,0.00028086
2271,0.00028086
2272,0.00028086
2273,0.00028086
2274,0.00028086
2275,0.00028086
2276,0.00028086
2277,0.00028086
2278,0.00028086
2279,0.00028086
2280,0.00028086
2281,0.00028086
2282,0.00028086
2283,0.00028086
2284,0.00028086
2285,0.00028086
2286,0.00028086
2287,0.00028086
2288,0.00028086
2289,0.00028086
2290,0.00028086
2291,0.00028086
2292,0.00028086
2293,0.00027724
2294,0.00027723
2295,0.00027723
2296,0.00027724
2297,0.00027724
2298,0.00027724
2299,0.00027724
2300,0.00027723
2301,0.00027632
2302,0.00027632
2303,0.00027632
2304,0.00027632
2305,0.00027632
2306,0.00027632
2307,0.00027632
2308,0.00027632
2309,0.00027632
2310,0.00027632
2311,0.00027639
2312,0.00027639
2313,0.00027639
2314,0.00027639
2315,0.00027639
2316,0.00027639
2317,0.00027639
2318,0.00027639
2319,0.00027639
2320,0.00027639
2321,0.00027639
2322,0.00027639
2323,0.00027639
2324,0.00027639
2325,0.00027639
2326,0.00027639
2327,0.000279
2328,0.000279
2329,0.000279
2330,0.000279
2331,0.000279
2332,0.000279
2333,0.000279
2334,0.000279
2335,0.000279
2336,0.000279
2337,0.00028078
2338,0.00028078
2339,0.00028078
2340,0.00028078
2341,0.00028078
2342,0.00028078
2343,0.00028078
2344,0.00028078
2345,0.00028078
2346,0.00028078
2347,0.00028078
2348,0.00028078
2349,0.00028078
2350,0.0002753
2351,0.0002753
2352,0.0002753
2353,0.0002753
2354,0.0002753
2355,0.0002753
2356,0.0002753
2357,0.0002753
2358,0.0002753
2359,0.0002753
2360,0.0002753
2361,0.0002753
2362,0.0002753
2363,0.0002753
2364,0.00027932
2365,0.00027787
2366,0.00027787
2367,0.00027787
2368,0.00027787
2369,0.00027747
2370,0.00027747
2371,0.00027747
2372,0.00027747
2373,0.00027747
2374,0.00027747
2375,0.00027747
2376,0.00027747
2377,0.00027747
2378,0.00027747
2379,0.00027747
2380,0.00027747
2381,0.00027747
2382,0.00027747
2383,0.00027747
2384,0.00027747
2385,0.00027563
2386,0.00027563
2387,0.00027563
2388,0.00027563
2389,0.00027563
2390,0.00027563
2391,0.00027563
2392,0.00027563
2393,0.00027563
2394,0.00027563
2395,0.00027563
2396,0.00027563
2397,0.00027563
2398,0.00027563
2399,0.00027896
2400,0.00027896
2401,0.00027896
2402,0.00027896
2403,0.00027896
2404,0.00027896
2405,0.00027896
2406,0.00027896
2407,0.00027896
2408,0.00027896
2409,0.00027896
2410,0.00027896
2411,0.00027896
2412,0.00027896
2413,0.00027896
2414,0.00027896
2415,0.00027896
2416,0.00027927
2417,0.0002773
2418,0.0002773
2419,0.0002773
2420,0.0002773
2421,0.0002773
2422,0.0002761
2423,0.0002761
2424,0.0002761
2425,0.0002761
2426,0.0002761
2427,0.0002761
2428,0.0002761
2429,0.0002761
2430,0.0002761
2431,0.0002761
2432,0.0002761
2433,0.00027939
2434,0.00027939
2435,0.00028032
2436,0.00028032
2437,0.00028032
2438,0.00028032
2439,0.00028032
2440,0.00028032
2441,0.00028032
2442,0.00028032
2443,0.0002766
2444,0.0002766
2445,0.0002766
2446,0.0002766
2447,0.0002766
2448,0.0002766
2449,0.0002766
2450,0.0002766
2451,0.0002766
2452,0.0002766
2453,0.0002766
2454,0.0002766
2455,0.0002766
2456,0.0002766
2457,0.0002766
2458,0.0002766
2459,0.00027735
2460,0.00027735
2461,0.00027735
2462,0.00027735
2463,0.00027735
2464,0.00027735
2465,0.00027735
2466,0.00028072
2467,0.00028072
2468,0.00028072
2469,0.00028072
2470,0.00028072
2471,0.00028289
2472,0.00028289
2473,0.00028289
2474,0.00028289
2475,0.00028289
2476,0.00028289
2477,0.00028289
2478,0.00028289
2479,0.00028297
2480,0.00028297
2481,0.00028297
2482,0.00028297
2483,0.00028297
2484,0.00028297
2485,0.00028297
2486,0.00028297
2487,0.00028297
2488,0.00028297
2489,0.00028297
2490,0.00028297
2491,0.00028297
2492,0.00028297
2493,0.00028297
2494,0.00028297
2495,0.00028123
2496,0.00028123
2497,0.00028123
2498,0.00028123
2499,0.00028123
2500,0.00027702
2501,0.00027702
2502,0.00027702
2503,0.00027702
2504,0.00027702
2505,0.00027702
2506,0.00027702
2507,0.00027985
2508,0.00027985
2509,0.00027985
2510,0.00027985
2511,0.00027985
2512,0.00027985
2513,0.00027985
2514,0.00027985
2515,0.00027888
2516,0.00027888
2517,0.00027888
2518,0.00027888
2519,0.00027888
2520,0.00027888
2521,0.00027888
2522,0.00027888
2523,0.00027888
2524,0.00027888
2525,0.00027985
2526,0.00027985
2527,0.00027985
2528,0.00027985
2529,0.00027985
2530,0.00027985
2531,0.00027985
2532,0.00027985
2533,0.00027985
2534,0.00027985
2535,0.00027985
2536,0.00027985
2537,0.00027985
2538,0.00027985
2539,0.00027985
2540,0.00027985
2541,0.00027985
2542,0.00027985
2543,0.00027985
2544,0.00027985
2545,0.00027985
2546,0.00027985
2547,0.00027985
2548,0.00027985
2549,0.00027985
2550,0.00027985
2551,0.00027985
2552,0.00027985
2553,0.00027985
2554,0.00027985
2555,0.00027985
2556,0.00027985
2557,0.00027985
2558,0.00027985
2559,0.00027985
2560,0.00027985
2561,0.00027985
2562,0.00027985
2563,0.00027985
2564,0.00027985
2565,0.00027985
2566,0.00027985
2567,0.00027985
2568,0.00027985
2569,0.00027985
2570,0.00027985
2571,0.00027985
2572,0.00027985
2573,0.00027985
2574,0.00027985
2575,0.00027985
2576,0.00027985
2577,0.00028162
2578,0.00028162
2579,0.00028162
2580,0.00028162
2581,0.00028162
2582,0.00028162
2583,0.00028162
2584,0.00028162
2585,0.00028162
2586,0.00028162
2587,0.00028162
2588,0.00028162
2589,0.00028162
2590,0.00028162
2591,0.00028162
2592,0.00028162
2593,0.00028162
2594,0.00028162
2595,0.00028162
2596,0.00028162
2597,0.00028162
2598,0.00028304
2599,0.00028304
2600,0.00028304
2601,0.00028304
2602,0.00028304
2603,0.00028304
2604,0.00028304
2605,0.00028304
2606,0.00028304
2607,0.00028304
2608,0.00028304
2609,0.00028304
2610,0.00028304
2611,0.00028304
2612,0.00028304
2613,0.00028304
2614,0.00028304
2615,0.00028304
2616,0.00028304
2617,0.00028304
2618,0.00028304
2619,0.00028304
2620,0.00028304
2621,0.00028312
2622,0.00028312
2623,0.00028312
2624,0.00028312
2625,0.00028304
2626,0.00028304
2627,0.00028304
2628,0.00028304
2629,0.00028304
2630,0.00028319
2631,0.00028339
2632,0.00028392
2633,0.00028392
2634,0.00028392
2635,0.00028392
2636,0.00028392
2637,0.00028393
2638,0.00028396
2639,0.00028396
2640,0.00028392
2641,0.00028392
2642,0.00028396
2643,0.00028396
2644,0.00028396
2645,0.00028396
2646,0.00028392
2647,0.00028392
2648,0.00028392
2649,0.00028392
2650,0.00028396
2651,0.00028396
2652,0.00028396
2653,0.00028396
2654,0.00028396
2655,0.00028396
2656,0.00028396
2657,0.00028396
2658,0.00028396
2659,0.00028461
2660,0.00028461
2661,0.00028461
2662,0.00028461
2663,0.00028461
2664,0.00028461
2665,0.00028462
2666,0.00028462
2667,0.00028498
2668,0.00028498
2669,0.00028498
2670,0.00028512
2671,0.00028512
2672,0.00028526
2673,0.00028533
2674,0.0002869
2675,0.0002869
2676,0.0002869
2677,0.0002869
2678,0.0002869
2679,0.00028559
2680,0.00028559
2681,0.00028559
2682,0.00028571
2683,0.00028571
2684,0.00028571
2685,0.00028831
2686,0.00028831
2687,0.00028831
2688,0.00028831
2689,0.00028831
2690,0.00028831
2691,0.00028831
2692,0.00028862
2693,0.00028862
2694,0.00028862
2695,0.0002862
2696,0.0002862
2697,0.0002862
2698,0.0002862
2699,0.0002862
2700,0.0002862
2701,0.00028468
2702,0.00028468
2703,0.00028468
2704,0.00028481
2705,0.00028481
2706,0.00028481
2707,0.00028874
2708,0.00028874
2709,0.00028874
2710,0.00028874
2711,0.00028874
2712,0.00028874
2713,0.00028874
2714,0.00028529
2715,0.00028529
2716,0.00028529
2717,0.00028551
2718,0.00028551
2719,0.00028551
2720,0.00028551
2721,0.00028551
2722,0.00028586
2723,0.00028586
2724,0.00028586
2725,0.00028586
2726,0.00028586
2727,0.00028586
2728,0.00028586
2729,0.00028586
2730,0.00028586
2731,0.00028667
2732,0.00028667
2733,0.00028667
2734,0.00028667
2735,0.00028667
2736,0.00028722
2737,0.00028722
2738,0.00028722
2739,0.00028722
2740,0.00028764
2741,0.00028764
2742,0.00028764
2743,0.00028997
2744,0.00028997
2745,0.00028997
2746,0.00028997
2747,0.00029006
2748,0.00029014
2749,0.00029014
2750,0.00029014
2751,0.00029007
2752,0.00029322
2753,0.00029322
2754,0.00029322
2755,0.00029322
2756,0.00029304
2757,0.00029304
2758,0.00029304
2759,0.00029304
2760,0.00029304
2761,0.00029007
2762,0.00029007
2763,0.00029007
2764,0.00029007
2765,0.00029007
2766,0.00029277
2767,0.00029277
2768,0.00029277
2769,0.00029277
2770,0.00029277
2771,0.00029277
2772,0.00029285
2773,0.00029285
2774,0.00029285
2775,0.00029285
2776,0.00029285
2777,0.00029285
2778,0.00029285
2779,0.00029285
2780,0.00029285
2781,0.00029285
2782,0.00029285
2783,0.00029285
2784,0.00029286
2785,0.00029286
2786,0.00029286
2787,0.00029286
2788,0.00029286
2789,0.00029286
2790,0.00029286
2791,0.00029286
2792,0.00029286
2793,0.00029286
2794,0.00029286
2795,0.00029286
2796,0.00029286
2797,0.00029286
2798,0.00029286
2799,0.00029286
2800,0.00029286
2801,0.00029286
2802,0.00029286
2803,0.00029286
2804,0.00029286
2805,0.00029313
2806,0.00029313
2807,0.00029313
2808,0.00029313
2809,0.00029313
2810,0.00029313
2811,0.00029313
2812,0.00029313
2813,0.00029313
2814,0.00029313
2815,0.00029313
2816,0.00029313
2817,0.00029007
2818,0.00029007
2819,0.00029007
2820,0.00029007
2821,0.00029007
2822,0.00029007
2823,0.00029007
2824,0.00029007
2825,0.00029056
2826,0.00029056
2827,0.00029056
2828,0.00029056
2829,0.00029082
2830,0.00029082
2831,0.00029082
2832,0.00029082
2833,0.00029082
2834,0.00029082
2835,0.00029082
2836,0.00029082
2837,0.00029082
2838,0.00029082
2839,0.00029082
2840,0.00029082
2841,0.00029082
2842,0.00029082
2843,0.00029082
2844,0.00029082
2845,0.00029082
2846,0.00029082
2847,0.00029082
2848,0.00029082
2849,0.00029082
2850,0.00029082
2851,0.00029082
2852,0.00029082
2853,0.00029082
2854,0.00029082
2855,0.00029082
2856,0.00029082
2857,0.00029082
2858,0.00029082
2859,0.00029082
2860,0.00029082
2861,0.00029082
2862,0.00029082
2863,0.00029082
2864,0.00029082
2865,0.00029082
2866,0.00029082
2867,0.00029082
2868,0.00029322
2869,0.00029398
2870,0.00029322
2871,0.00029173
2872,0.00029173
2873,0.00029174
2874,0.00029176
2875,0.00029553
2876,0.00029176
2877,0.00029176
2878,0.00029176
2879,0.00029176
2880,0.00029176
2881,0.00029176
2882,0.00029176
2883,0.00029176
2884,0.00029178
2885,0.00029178
2886,0.00029178
2887,0.00029178
2888,0.00029181
2889,0.00029181
2890,0.00029181
2891,0.00029181
2892,0.00029181
2893,0.00029181
2894,0.00029181
2895,0.00029181
2896,0.00029181
2897,0.00029181
2898,0.00029181
2899,0.00029181
2900,0.00029181
2901,0.00029181
2902,0.00029181
2903,0.00029181
2904,0.00029181
2905,0.00029181
2906,0.00029181
2907,0.00029181
2908,0.00029181
2909,0.00029181
2910,0.00029181
2911,0.00029181
2912,0.00029181
2913,0.00029181
2914,0.00029181
2915,0.00029181
2916,0.00029181
2917,0.00029181
2918,0.00029181
2919,0.00029181
2920,0.00029181
2921,0.00029181
2922,0.00029181
2923,0.00029181
2924,0.00029181
2925,0.00029181
2926,0.0002921
2927,0.0002921
2928,0.0002921
2929,0.0002921
2930,0.0002921
2931,0.0002921
2932,0.0002921
2933,0.0002921
2934,0.0002921
2935,0.0002921
2936,0.0002921
2937,0.0002921
2938,0.0002921
2939,0.0002921
2940,0.0002921
2941,0.0002921
2942,0.0002921
2943,0.0002921
2944,0.0002921
2945,0.0002921
2946,0.0002921
2947,0.0002921
2948,0.0002921
2949,0.0002921
2950,0.0002921
2951,0.0002921
2952,0.0002921
2953,0.0002921
2954,0.0002921
2955,0.0002921
2956,0.0002921
2957,0.0002921
2958,0.0002921
2959,0.0002921
2960,0.0002921
2961,0.0002921
2962,0.0002921
2963,0.00029223
2964,0.00029223
2965,0.00029223
2966,0.00029223
2967,0.00029223
2968,0.00029223
2969,0.00029223
2970,0.00029228
2971,0.0002923
2972,0.0002923
2973,0.0002923
2974,0.0002923
2975,0.0002923
2976,0.0002923
2977,0.0002923
2978,0.0002923
2979,0.0002923
2980,0.0002923
2981,0.0002923
2982,0.0002923
2983,0.0002923
2984,0.0002923
2985,0.0002923
2986,0.0002923
2987,0.0002923
2988,0.0002923
2989,0.0002923
2990,0.0002923
2991,0.0002923
2992,0.0002923
2993,0.0002923
2994,0.0002923
2995,0.0002923
2996,0.0002923
2997,0.0002923
2998,0.0002923
2999,0.0002923
3000,0.0002923
3001,0.0002923
3002,0.0002923
3003,0.0002923
3004,0.0002923
3005,0.0002923
3006,0.0002923
3007,0.0002923
3008,0.0002923
3009,0.0002923
3010,0.0002923
3011,0.0002923
3012,0.0002923
3013,0.0002923
3014,0.0002923
3015,0.0002923
3016,0.0002923
3017,0.0002923
3018,0.00029235
3019,0.00029235
3020,0.00029235
3021,0.00029235
3022,0.00029235
3023,0.00029235
3024,0.00029235
3025,0.00029235
3026,0.00029235
3027,0.00029236
3028,0.00029235
3029,0.00029235
3030,0.00029236
3031,0.00029236
3032,0.00029236
3033,0.00029235
3034,0.00029235
3035,0.00029235
3036,0.00029235
3037,0.00029235
3038,0.00029235
3039,0.00029235
3040,0.00029235
3041,0.00029235
3042,0.00029235
3043,0.00029235
3044,0.00029235
3045,0.00029235
3046,0.00029235
3047,0.00029235
3048,0.00029235
3049,0.00029235
3050,0.00029235
3051,0.00029235
3052,0.00029235
3053,0.00029235
3054,0.00029235
3055,0.00029235
3056,0.00029235
3057,0.00029235
3058,0.00029235
3059,0.00029235
3060,0.00029235
3061,0.00029235
3062,0.00029235
3063,0.00029235
3064,0.00029235
3065,0.00029235
3066,0.00029235
3067,0.00029235
3068,0.00029235
3069,0.00029235
3070,0.00029235
3071,0.00029235
3072,0.00029235
3073,0.00029235
3074,0.00029235
3075,0.00029235
3076,0.00029235
3077,0.00029235
3078,0.00029235
3079,0.00029235
3080,0.00029235
3081,0.00029235
3082,0.00029235
3083,0.00029235
3084,0.00029235
3085,0.00029235
3086,0.00029235
3087,0.00029235
3088,0.00029235
3089,0.00029235
3090,0.00029235
3091,0.00029235
3092,0.00029235
3093,0.00029235
3094,0.00029235
3095,0.00029235
3096,0.00029235
3097,0.00029235
3098,0.00029235
3099,0.00029235
3100,0.00029235
3101,0.00029235
3102,0.00029235
3103,0.00029235
3104,0.00029235
3105,0.00029235
3106,0.00029235
3107,0.00029235
3108,0.00029235
3109,0.00029235
3110,0.00029235
3111,0.00029235
3112,0.00029235
3113,0.00029235
3114,0.00029235
3115,0.00029235
3116,0.00029235
3117,0.00029235
3118,0.00029235
3119,0.00029235
3120,0.00029235
3121,0.00029235
3122,0.00029235
3123,0.00029235
3124,0.00029235
3125,0.00029235
3126,0.00029235
3127,0.00029235
3128,0.00029235
3129,0.00029235
3130,0.00029235
3131,0.00029235
3132,0.00029235
3133,0.00029235
3134,0.00029235
3135,0.00029235
3136,0.00029235
3137,0.00029235
3138,0.00029235
3139,0.00029235
3140,0.00029235
3141,0.00029235
3142,0.00029145
3143,0.00029145
3144,0.00029145
3145,0.00029145
3146,0.00029145
3147,0.00029145
3148,0.00029145
3149,0.00029145
3150,0.00029145
3151,0.00028997
3152,0.00028997
3153,0.00028997
3154,0.00028997
3155,0.00028997
3156,0.00029099
3157,0.00029099
3158,0.00028955
3159,0.00028955
3160,0.00028953
3161,0.00028953
3162,0.00028953
3163,0.00028953
3164,0.00028953
3165,0.00028953
3166,0.00028953
3167,0.00028953
3168,0.00028953
3169,0.00028953
3170,0.00028953
3171,0.00028953
3172,0.00028953
3173,0.00028953
3174,0.00028914
3175,0.00028914
3176,0.00028914
3177,0.00028914
3178,0.00028902
3179,0.00028902
3180,0.00028902
3181,0.00028902
3182,0.00028902
3183,0.00028902
3184,0.00028902
3185,0.00028902
3186,0.00028902
3187,0.00028902
3188,0.00028902
3189,0.00028854
3190,0.00028854
3191,0.00028854
3192,0.00028854
3193,0.00028854
3194,0.00028854
3195,0.00028854
3196,0.00028854
3197,0.00028854
3198,0.00028854
3199,0.00028854
3200,0.00028854
3201,0.00028854
3202,0.00028854
3203,0.00028854
3204,0.00028854
3205,0.00028854
3206,0.00028854
3207,0.00028854
3208,0.00028854
3209,0.00028854
3210,0.00028854
3211,0.00028854
3212,0.00028854
3213,0.00028854
3214,0.00028854
3215,0.00028854
3216,0.00028854
3217,0.00028854
3218,0.00028854
3219,0.00028854
3220,0.00028854
3221,0.00028854
3222,0.00028854
3223,0.00028854
3224,0.00028854
3225,0.00028854
3226,0.00028854
3227,0.00028854
3228,0.00028854
3229,0.00028854
3230,0.00028854
3231,0.00028854
3232,0.00028854
3233,0.00028854
3234,0.00028854
3235,0.00028854
3236,0.00028854
3237,0.00028854
3238,0.00028854
3239,0.00028854
3240,0.00028854
3241,0.00028854
3242,0.00028854
3243,0.00028854
3244,0.00028854
3245,0.00028953
3246,0.00028953
3247,0.00028953
3248,0.00029099
3249,0.00029099
3250,0.00029099
3251,0.00028954
3252,0.00028954
3253,0.00028954
3254,0.00028954
3255,0.00028954
3256,0.00028954
3257,0.00028954
3258,0.00028954
3259,0.00028954
3260,0.00028954
3261,0.00028954
3262,0.00028954
3263,0.00028954
3264,0.00028954
3265,0.00028954
3266,0.00028954
3267,0.00028954
3268,0.00028954
3269,0.00028954
3270,0.00028954
3271,0.00029144
3272,0.00029144
3273,0.00029145
3274,0.00029145
3275,0.00029145
3276,0.00029145
3277,0.00029145
3278,0.00029235
3279,0.00029235
3280,0.00029235
3281,0.00029235
3282,0.00029235
3283,0.00028955
3284,0.00028955
3285,0.00028955
3286,0.00028955
3287,0.00028955
3288,0.00028955
3289,0.00028955
3290,0.00028955
3291,0.00028955
3292,0.00028955
3293,0.00028955
3294,0.00028955
3295,0.00028955
3296,0.00028955
3297,0.00028955
3298,0.00028955
3299,0.00028955
3300,0.00028955
3301,0.00028955
3302,0.00028955
3303,0.00028955
3304,0.00028955
3305,0.00028955
3306,0.00028955
3307,0.00028955
3308,0.00028955
3309,0.00028955
3310,0.00028955
3311,0.00028955
3312,0.00028955
3313,0.00028955
3314,0.00028955
3315,0.00028955
3316,0.00028955
3317,0.00028955
3318,0.00028955
3319,0.00028955
3320,0.00028955
3321,0.00028955
3322,0.00028955
3323,0.00028955
3324,0.00028955
3325,0.00028955
3326,0.00028955
3327,0.00028955
3328,0.00028955
3329,0.00028956
3330,0.00028956
3331,0.00028955
3332,0.00028955
3333,0.00028955
3334,0.00028955
3335,0.00028955
3336,0.00028955
3337,0.00028955
3338,0.00028955
3339,0.00028955
3340,0.00028955
3341,0.00028955
3342,0.00028955
3343,0.00028955
3344,0.00028955
3345,0.00028955
3346,0.00028954
3347,0.00028954
3348,0.00028954
3349,0.00028954
3350,0.00028954
3351,0.00028954
3352,0.00028954
3353,0.00028954
3354,0.00028954
3355,0.00028954
3356,0.00028954
3357,0.00028954
3358,0.00028954
3359,0.00028954
3360,0.00028954
3361,0.00028954
3362,0.00028954
3363,0.00028954
3364,0.00028954
3365,0.00028954
3366,0.00028954
3367,0.00028954
3368,0.00028954
3369,0.00028954
3370,0.00028954
3371,0.00028954
3372,0.00028954
3373,0.00028954
3374,0.00028954
3375,0.00028954
3376,0.00028954
3377,0.00028954
3378,0.00028954
3379,0.00028954
3380,0.00028954
3381,0.00028954
3382,0.00028956
3383,0.00028956
3384,0.00028956
3385,0.00028956
3386,0.00028956
3387,0.00028956
3388,0.00028956
3389,0.00028956
3390,0.00028956
3391,0.00028956
3392,0.00028956
3393,0.00028956
3394,0.00028956
3395,0.0002871
3396,0.0002871
3397,0.0002871
3398,0.0002871
3399,0.0002871
3400,0.0002871
3401,0.0002871
3402,0.0002871
3403,0.0002871
3404,0.0002871
3405,0.0002871
3406,0.0002871
3407,0.0002871
3408,0.0002871
3409,0.0002871
3410,0.0002871
3411,0.0002871
3412,0.0002871
3413,0.0002871
3414,0.0002871
3415,0.0002871
3416,0.0002871
3417,0.0002871
3418,0.0002871
3419,0.0002871
3420,0.0002871
3421,0.0002871
3422,0.0002871
3423,0.0002871
3424,0.0002871
3425,0.0002871
3426,0.0002871
3427,0.0002871
3428,0.0002871
3429,0.0002871
3430,0.0002871
3431,0.0002871
3432,0.0002871
3433,0.0002871
3434,0.0002871
3435,0.0002871
3436,0.0002871
3437,0.0002871
3438,0.00029074
3439,0.00029074
3440,0.00029074
3441,0.00029074
3442,0.00029074
3443,0.00029074
3444,0.00029074
3445,0.00029074
3446,0.00029074
3447,0.00029074
3448,0.00029074
3449,0.00029074
3450,0.00029074
3451,0.00029074
3452,0.00029074
3453,0.00029074
3454,0.00029074
3455,0.00029074
3456,0.00029074
3457,0.00029074
3458,0.00029074
3459,0.00029074
3460,0.00029074
3461,0.00028709
3462,0.00028709
3463,0.00028709
3464,0.00028709
3465,0.00028709
3466,0.00028709
3467,0.00028709
3468,0.00028709
3469,0.00028709
3470,0.00028709
3471,0.00028709
3472,0.00028709
3473,0.00028709
3474,0.00028709
3475,0.00028709
3476,0.00028709
3477,0.00028709
3478,0.00028709
3479,0.00028709
3480,0.00028565
3481,0.00028395
3482,0.00028396
3483,0.00028396
3484,0.00028396
3485,0.00028708
3486,0.00028708
3487,0.00028694
3488,0.00028694
3489,0.00028694
3490,0.00028694
3491,0.00028694
3492,0.00028694
3493,0.00028694
3494,0.00028694
3495,0.00028694
3496,0.00028694
3497,0.00028694
3498,0.00028694
3499,0.00028694
3500,0.00028694
3501,0.00028694
3502,0.00028694
3503,0.00028694
3504,0.00028694
3505,0.00028694
3506,0.00028694
3507,0.00028694
3508,0.00028694
3509,0.00028694
3510,0.00028694
3511,0.00028694
3512,0.00028694
3513,0.00028694
3514,0.00028694
3515,0.00028694
3516,0.00028694
3517,0.00028406
3518,0.00028406
3519,0.00028406
3520,0.00028406
3521,0.00028406
3522,0.00028395
3523,0.00028395
3524,0.00028395
3525,0.00028395
3526,0.00028395
3527,0.00028395
3528,0.00028395
3529,0.0002839
3530,0.0002839
3531,0.0002839
3532,0.0002839
3533,0.0002839
3534,0.0002839
3535,0.0002839
3536,0.0002839
3537,0.0002839
3538,0.0002839
3539,0.0002839
3540,0.0002839
3541,0.0002839
3542,0.0002839
3543,0.0002839
3544,0.0002839
3545,0.0002839
3546,0.0002839
3547,0.0002839
3548,0.0002839
3549,0.0002839
3550,0.0002839
3551,0.0002839
3552,0.0002839
3553,0.0002839
3554,0.0002839
3555,0.00028654
3556,0.00028654
3557,0.00028654
3558,0.00028654
3559,0.00028654
3560,0.0002838
3561,0.0002838
3562,0.0002838
3563,0.0002838
3564,0.0002838
3565,0.0002838
3566,0.0002838
3567,0.0002838
3568,0.0002838
3569,0.0002838
3570,0.0002838
3571,0.0002838
3572,0.0002838
3573,0.0002838
3574,0.0002838
3575,0.0002838
3576,0.0002838
3577,0.0002838
3578,0.0002838
3579,0.0002838
3580,0.0002838
3581,0.0002838
3582,0.0002838
3583,0.0002838
3584,0.0002838
3585,0.0002838
3586,0.0002838
3587,0.00028378
3588,0.00028378
3589,0.00028378
3590,0.00028377
3591,0.00028377
3592,0.00028377
3593,0.00028276
3594,0.00028276
3595,0.00028081
3596,0.00028078
3597,0.00028276
3598,0.00028079
3599,0.00028078
3600,0.00028078
3601,0.00028078
3602,0.00028078
3603,0.00028077
3604,0.00028077
3605,0.00028077
3606,0.00028077
3607,0.00028276
3608,0.00028276
3609,0.00028021
3610,0.00028021
3611,0.00028021
3612,0.00028022
3613,0.00028022
3614,0.00028022
3615,0.00028022
3616,0.00028275
3617,0.00028275
3618,0.00028275
3619,0.00028275
3620,0.00028275
3621,0.00028275
3622,0.00028275
3623,0.00028275
3624,0.00028275
3625,0.00028275
3626,0.00028275
3627,0.00028275
3628,0.00028275
3629,0.00028275
3630,0.00028275
3631,0.00028275
3632,0.00028275
3633,0.00028275
3634,0.00028275
3635,0.00028275
3636,0.00028275
3637,0.00028275
3638,0.00028275
3639,0.00028275
3640,0.00028275
3641,0.00028275
3642,0.00028275
3643,0.00028275
3644,0.00028022
3645,0.00028022
3646,0.00028022
3647,0.00028022
3648,0.00028022
3649,0.00028022
3650,0.00028022
3651,0.00028276
3652,0.00028276
3653,0.00028276
3654,0.00028276
3655,0.00028276
3656,0.00028276
3657,0.00028276
3658,0.00028276
3659,0.00028276
3660,0.00028276
3661,0.00028276
3662,0.00028276
3663,0.00028276
3664,0.00028276
3665,0.00028276
3666,0.00028276
3667,0.00028276
3668,0.00028276
3669,0.00028276
3670,0.00028276
3671,0.00028276
3672,0.00028276
3673,0.00028276
3674,0.00028276
3675,0.00028276
3676,0.00028276
3677,0.00028276
3678,0.00028276
3679,0.00028276
3680,0.00028276
3681,0.00028276
3682,0.00028276
3683,0.00028276
3684,0.00028276
3685,0.00028276
3686,0.00028276
3687,0.00028276
3688,0.00028276
3689,0.00028276
3690,0.00028276
3691,0.00028276
3692,0.00028276
3693,0.00028276
3694,0.00028276
3695,0.00028276
3696,0.00028276
3697,0.00028276
3698,0.00028276
3699,0.00028276
3700,0.00028276
3701,0.00028276
3702,0.00028276
3703,0.00028276
3704,0.00028276
3705,0.00028276
3706,0.00028276
3707,0.00028276
3708,0.00028276
3709,0.00028276
3710,0.00028276
3711,0.00028276
3712,0.00028276
3713,0.00028276
3714,0.00028276
3715,0.00028074
3716,0.00028074
3717,0.00028056
3718,0.00028056
3719,0.00028056
3720,0.00028056
3721,0.00028056
3722,0.00028056
3723,0.00028056
3724,0.00028056
3725,0.00028056
3726,0.00028056
3727,0.00028056
3728,0.00028056
3729,0.00028056
3730,0.00028056
3731,0.00028056
3732,0.00028056
3733,0.00028056
3734,0.00028056
3735,0.00028056
3736,0.00028056
3737,0.00028022
3738,0.00028022
3739,0.00028022
3740,0.00028022
3741,0.00028022
3742,0.00028372
3743,0.00028372
3744,0.00028995
3745,0.00028629
3746,0.00028629
3747,0.00028629
3748,0.0002863
3749,0.0002863
3750,0.00028634
3751,0.00028638
3752,0.00028638
3753,0.00028638
3754,0.00028638
3755,0.00029505
3756,0.00029505
3757,0.00030348
3758,0.00028685
3759,0.00028867
3760,0.00030347
3761,0.00030343
3762,0.00029606
3763,0.0002962
3764,0.00029632
3765,0.00029762
3766,0.00029958
3767,0.00030336
3768,0.00030336
3769,0.00029762
3770,0.00030223
3771,0.00030223
3772,0.00030223
3773,0.00029709
3774,0.000302
3775,0.000302
3776,0.00029719
3777,0.0002972
3778,0.0002972
3779,0.00030336
3780,0.00030336
3781,0.00030336
3782,0.00030336
3783,0.000302
3784,0.00029772
3785,0.00030199
3786,0.00030199
3787,0.00030336
3788,0.00030336
3789,0.00029798
3790,0.00030337
3791,0.00030339
3792,0.0003034
3793,0.00030339
3794,0.00030339
3795,0.00030336
3796,0.00030337
3797,0.00030337
3798,0.00030337
3799,0.00030337
3800,0.00030337
3801,0.00030336
3802,0.00030336
3803,0.00030336
3804,0.00030336
3805,0.00030336
3806,0.00030336
3807,0.00029829
3808,0.00029831
3809,0.0003001
3810,0.0003001
3811,0.0003001
3812,0.0003001
3813,0.00029829
3814,0.00030132
3815,0.00030132
3816,0.00030132
3817,0.000301
3818,0.00030299
3819,0.00030571
3820,0.000305
3821,0.000305
3822,0.000305
3823,0.00030499
3824,0.00030499
3825,0.00030499
3826,0.00030499
3827,0.00030499
3828,0.00030499
3829,0.00030499
3830,0.00030499
3831,0.000305
3832,0.000305
3833,0.00030499
3834,0.00030499
3835,0.00030499
3836,0.00030499
3837,0.00030499
3838,0.00030234
3839,0.00030234
3840,0.00030234
3841,0.00030234
3842,0.00030234
3843,0.00030234
3844,0.00030234
3845,0.00030234
3846,0.00030234
3847,0.00030234
3848,0.00030234
3849,0.00030234
3850,0.00030234
3851,0.00030266
3852,0.0003071
3853,0.0003071
3854,0.0003071
3855,0.0003071
3856,0.0003071
3857,0.0003071
3858,0.0003071
3859,0.0003071
3860,0.0003071
3861,0.0003071
3862,0.0003071
3863,0.0003071
3864,0.0003071
3865,0.0003071
3866,0.0003071
3867,0.0003071
3868,0.00030709
3869,0.0003071
3870,0.00030709
3871,0.00030709
3872,0.00030709
3873,0.00030709
3874,0.00030709
3875,0.00030709
3876,0.00030708
3877,0.0003038
3878,0.0003038
3879,0.0003038
3880,0.00030708
3881,0.00030708
3882,0.00030708
3883,0.00030708
3884,0.00030708
3885,0.00030708
3886,0.00030708
3887,0.00030708
3888,0.00030708
3889,0.00030708
3890,0.00030708
3891,0.00030708
3892,0.00030708
3893,0.00030708
3894,0.00030708
3895,0.00030708
3896,0.00030708
3897,0.00030708
3898,0.00030708
3899,0.00030708
3900,0.00030708
3901,0.00030708
3902,0.00030708
3903,0.00030708
3904,0.00030708
3905,0.00030412
3906,0.00030708
3907,0.00030708
3908,0.00030708
3909,0.00030708
3910,0.00030708
3911,0.00030708
3912,0.00030708
3913,0.00030708
3914,0.00030708
3915,0.00030708
3916,0.00030708
3917,0.00030418
3918,0.00030418
3919,0.00030418
3920,0.00030418
3921,0.00030418
3922,0.00030418
3923,0.00030708
3924,0.00030708
3925,0.00030707
3926,0.00030708
3927,0.00030708
3928,0.00030708
3929,0.00030707
3930,0.00030614
3931,0.00030614
3932,0.00030614
3933,0.00030614
3934,0.00030614
3935,0.00030614
3936,0.00030614
3937,0.0003069
3938,0.0003069
3939,0.0003069
3940,0.0003069
3941,0.0003069
3942,0.0003069
3943,0.0003069
3944,0.0003069
3945,0.00030689
3946,0.000308
3947,0.000308
3948,0.00030614
3949,0.00030614
3950,0.000308
3951,0.000308
3952,0.000308
3953,0.000308
3954,0.00030445
3955,0.00031169
3956,0.00031168
3957,0.00030451
3958,0.00030451
3959,0.000308
3960,0.000308
3961,0.000308
3962,0.000308
3963,0.00031171
3964,0.00031405
3965,0.00031403
3966,0.00030586
3967,0.00030586
3968,0.00030586
3969,0.00030586
3970,0.00031399
3971,0.00031399
3972,0.00031399
3973,0.00031399
3974,0.00031399
3975,0.00031399
3976,0.00031399
3977,0.00031399
3978,0.00031399
3979,0.00031399
3980,0.00031381
3981,0.00031197
3982,0.00031197
3983,0.0003138
3984,0.00031391
3985,0.0003138
3986,0.00031202
3987,0.00031204
3988,0.00031204
3989,0.00031204
3990,0.00031197
3991,0.00031197
3992,0.00031197
3993,0.00031197
3994,0.00031196
3995,0.0003119
3996,0.0003119
3997,0.00031196
3998,0.00031196
3999,0.00031197
4000,0.00031197
4001,0.00031197
4002,0.00031197
4003,0.00030988
4004,0.00030727
4005,0.00030727
4006,0.00030727
4007,0.00030727
4008,0.00030727
4009,0.00030727
4010,0.00030727
4011,0.00030727
4012,0.00030735
4013,0.00031186
4014,0.00031186
4015,0.00031186
4016,0.00031204
4017,0.00031186
4018,0.00030733
4019,0.00031201
4020,0.00031201
4021,0.00031201
4022,0.00031201
4023,0.00031201
4024,0.00031201
4025,0.00031201
4026,0.00031201
4027,0.00030727
4028,0.00030727
4029,0.00030727
4030,0.00031187
4031,0.00031187
4032,0.00031187
4033,0.00031162
4034,0.00031162
4035,0.00031162
4036,0.00030726
4037,0.00030726
4038,0.00030726
4039,0.00030726
4040,0.00030004
4041,0.00030006
4042,0.00030401
4043,0.00029914
4044,0.00029914
4045,0.00030398
4046,0.00030396
4047,0.00029914
4048,0.00030397
4049,0.00030397
4050,0.00030397
4051,0.00029824
4052,0.00029796
4053,0.00029796
4054,0.00030157
4055,0.00030157
4056,0.00030156
4057,0.00030156
4058,0.00030153
4059,0.00030152
4060,0.00029656
4061,0.00029762
4062,0.00029762
4063,0.00029762
4064,0.00029762
4065,0.00029761
4066,0.00029761
4067,0.00029761
4068,0.00029761
4069,0.00029761
4070,0.00029761
4071,0.00029761
4072,0.00029761
4073,0.00029761
4074,0.00029761
4075,0.00029761
4076,0.00029762
4077,0.00029762
4078,0.00030101
4079,0.00030101
4080,0.00030098
4081,0.00030096
4082,0.00030095
4083,0.00030095
4084,0.00030095
4085,0.00030095
4086,0.00030095
4087,0.00030119
4088,0.00030096
4089,0.00030096
4090,0.00030096
4091,0.00030096
4092,0.00030096
4093,0.00030096
4094,0.00030096
4095,0.00030156
4096,0.00030156
4097,0.00030156
4098,0.00030156
4099,0.00030156
4100,0.00030156
4101,0.00030156
4102,0.00030156
4103,0.00030156
4104,0.0003012
4105,0.0003012
4106,0.0003012
4107,0.00029762
4108,0.00030119
4109,0.00030119
4110,0.00030119
4111,0.00030117
4112,0.00029762
4113,0.00029762
4114,0.0002976
4115,0.00029755
4116,0.00029755
4117,0.00029755
4118,0.00029754
4119,0.00029754
4120,0.00029754
4121,0.00029754
4122,0.00029754
4123,0.00029754
4124,0.0002976
4125,0.0002976
4126,0.0002976
4127,0.0002976
4128,0.00029752
4129,0.00029653
4130,0.0002905
4131,0.0002905
4132,0.0002905
4133,0.00029644
4134,0.00029639
4135,0.00029632
4136,0.00029632
4137,0.00029632
4138,0.00029632
4139,0.00029632
4140,0.00029632
4141,0.00029632
4142,0.00029632
4143,0.0002901
4144,0.0002901
4145,0.00029015
4146,0.00029015
4147,0.00029015
4148,0.00029015
4149,0.00029573
4150,0.00029569
4151,0.00029569
4152,0.00029569
4153,0.00029569
4154,0.00029569
4155,0.00029569
4156,0.00029569
4157,0.00029569
4158,0.00029569
4159,0.00029536
4160,0.00029536
4161,0.00029536
4162,0.00029536
4163,0.00029536
4164,0.00029536
4165,0.00029536
4166,0.00029536
4167,0.00029536
4168,0.00029536
4169,0.00029494
4170,0.00029488
4171,0.00029488
4172,0.00029488
4173,0.00029488
4174,0.00029488
4175,0.00029488
4176,0.00029488
4177,0.00029488
4178,0.00029015
4179,0.00029
4180,0.00029437
4181,0.00028612
4182,0.00029069
4183,0.00029061
4184,0.00029059
4185,0.00028699
4186,0.00028692
4187,0.00028685
4188,0.00028485
4189,0.00028485
4190,0.00028486
4191,0.0002866
4192,0.00028284
4193,0.00028659
4194,0.00028659
4195,0.00028286
4196,0.00028286
4197,0.00028286
4198,0.00028657
4199,0.0002804
4200,0.00028369
4201,0.00028369
4202,0.00028063
4203,0.00028063
4204,0.00028488
4205,0.00028488
4206,0.00028488
4207,0.00028484
4208,0.00028484
4209,0.00028474
4210,0.00028474
4211,0.00028474
4212,0.00028474
4213,0.00028474
4214,0.00028474
4215,0.00028474
4216,0.00028474
4217,0.00028423
4218,0.00028263
4219,0.00028263
4220,0.00028263
4221,0.00028022
4222,0.00028107
4223,0.00028
4224,0.00028
4225,0.00028
4226,0.00027852
4227,0.00027852
4228,0.00027786
4229,0.00027998
4230,0.00027994
4231,0.00027715
4232,0.00027715
4233,0.0002798
4234,0.0002798
4235,0.0002798
4236,0.0002798
4237,0.0002798
4238,0.0002798
4239,0.0002798
4240,0.00027953
4241,0.00027951
4242,0.00027951
4243,0.00027951
4244,0.00027951
4245,0.00027951
4246,0.00027951
4247,0.00027951
4248,0.0002753
4249,0.0002753
4250,0.00027696
4251,0.0002753
4252,0.00027697
4253,0.00027696
4254,0.00027695
4255,0.00027695
4256,0.0002753
4257,0.00027688
4258,0.00027688
4259,0.00027688
4260,0.00027671
4261,0.00027671
4262,0.00027671
4263,0.00027671
4264,0.00027671
4265,0.00027671
4266,0.00027671
4267,0.00027671
4268,0.00027665
4269,0.00027418
4270,0.00027418
4271,0.00027418
4272,0.00027418
4273,0.0002738
4274,0.00027668
4275,0.00027666
4276,0.00027664
4277,0.00027664
4278,0.00027663
4279,0.00027663
4280,0.00027663
4281,0.00027663
4282,0.00027663
4283,0.00027387
4284,0.00027154
4285,0.00027387
4286,0.00027386
4287,0.00027159
4288,0.00027387
4289,0.00027387
4290,0.00027387
4291,0.0002763
4292,0.0002763
4293,0.0002763
4294,0.00027628
4295,0.00027628
4296,0.0002763
4297,0.0002763
4298,0.0002763
4299,0.00027629
4300,0.00027629
4301,0.00027629
4302,0.00027629
4303,0.00027629
4304,0.00027629
4305,0.00027629
4306,0.00027629
4307,0.00027697
4308,0.00027697
4309,0.00027632
4310,0.00027632
4311,0.0002763
4312,0.0002763
4313,0.00027742
4314,0.00027742
4315,0.00027742
4316,0.00027742
4317,0.00027742
4318,0.00027742
4319,0.00027742
4320,0.00027742
4321,0.00027742
4322,0.00027742
4323,0.00027742
4324,0.00027742
4325,0.00027742
4326,0.00027742
4327,0.00027742
4328,0.0002777
4329,0.0002777
4330,0.0002777
4331,0.0002777
4332,0.0002777
4333,0.0002777
4334,0.0002777
4335,0.0002777
4336,0.0002777
4337,0.0002777
4338,0.0002777
4339,0.0002777
4340,0.00028107
4341,0.00028107
4342,0.00028107
4343,0.00028107
4344,0.00028107
4345,0.0002778
4346,0.00027782
4347,0.00027782
4348,0.00028279
4349,0.00028279
4350,0.00027799
4351,0.00028279
4352,0.00028279
4353,0.00028279
4354,0.00028279
4355,0.000284
4356,0.000284
4357,0.000284
4358,0.00028401
4359,0.00028401
4360,0.00028425
4361,0.00028489
4362,0.00028489
4363,0.00028489
4364,0.00028425
4365,0.00028425
4366,0.00028401
4367,0.00028402
4368,0.00028402
4369,0.00028401
4370,0.00028402
4371,0.00028402
4372,0.00028402
4373,0.00028402
4374,0.00028402
4375,0.00028402
4376,0.00028402
4377,0.00028404
4378,0.00028404
4379,0.00028404
4380,0.00028409
4381,0.00028409
4382,0.00028409
4383,0.00028409
4384,0.00028409
4385,0.00028409
4386,0.00028409
4387,0.00028409
4388,0.00028409
4389,0.00028409
4390,0.00028409
4391,0.000284
4392,0.000284
4393,0.000284
4394,0.000284
4395,0.000284
4396,0.000284
4397,0.000284
4398,0.000284
4399,0.000284
4400,0.000284
4401,0.000284
4402,0.000284
4403,0.000284
4404,0.000284
4405,0.000284
4406,0.00028468
4407,0.00028468
4408,0.00028468
4409,0.00028468
4410,0.00028468
4411,0.00027577
4412,0.00027842
4413,0.00027842
4414,0.00028127
4415,0.00028127
4416,0.00028127
4417,0.00028127
4418,0.00028127
4419,0.00028127
4420,0.00028127
4421,0.00028127
4422,0.00028127
4423,0.00028127
4424,0.00027983
4425,0.00027982
4426,0.00027578
4427,0.0002758
4428,0.00027983
4429,0.00027584
4430,0.00027584
4431,0.000274
4432,0.00027399
4433,0.00027399
4434,0.00027399
4435,0.00027399
4436,0.00027161
4437,0.00027161
4438,0.00027161
4439,0.00027161
4440,0.00027161
4441,0.00027161
4442,0.00027161
4443,0.0002716
4444,0.0002716
4445,0.00027121
4446,0.00027121
4447,0.0002716
4448,0.00027159
4449,0.00027159
4450,0.00027158
4451,0.00027158
4452,0.00027157
4453,0.00027156
4454,0.00027156
4455,0.00027156
4456,0.00027155
4457,0.00027154
4458,0.00027154
4459,0.00027153
4460,0.00027153
4461,0.00027153
4462,0.00027153
4463,0.00027153
4464,0.00027153
4465,0.00027153
4466,0.00027096
4467,0.00027096
4468,0.00027096
4469,0.00027159
4470,0.00027159
4471,0.00027159
4472,0.00027027
4473,0.00027027
4474,0.00027159
4475,0.00027159
4476,0.00027159
4477,0.00027159
4478,0.00027159
4479,0.00027159
4480,0.00027159
4481,0.00027159
4482,0.00027159
4483,0.00027399
4484,0.00027399
4485,0.00027398
4486,0.00027398
4487,0.00027398
4488,0.00027398
4489,0.00027398
4490,0.00027398
4491,0.00027398
4492,0.00027398
4493,0.00027398
4494,0.00027398
4495,0.00027398
4496,0.00027398
4497,0.00027398
4498,0.00027398
4499,0.00027398
4500,0.00027398
4501,0.00027108
4502,0.00027108
4503,0.00027108
4504,0.00027108
4505,0.00027108
4506,0.00027108
4507,0.00027108
4508,0.00027938
4509,0.00027938
4510,0.00027938
4511,0.00027938
4512,0.00027938
4513,0.00027938
4514,0.00027938
4515,0.00027938
4516,0.00027178
4517,0.00027179
4518,0.00027179
4519,0.00027205
4520,0.00027205
4521,0.00027205
4522,0.00027205
4523,0.00027205
4524,0.00027205
4525,0.00027205
4526,0.00027205
4527,0.00027205
4528,0.00027205
4529,0.00027205
4530,0.00027123
4531,0.00027123
4532,0.00027123
4533,0.00027123
4534,0.00027123
4535,0.00027123
4536,0.00027123
4537,0.00027123
4538,0.00027123
4539,0.00027527
4540,0.00027527
4541,0.00027527
4542,0.00027526
4543,0.00027526
4544,0.00027526
4545,0.00027526
4546,0.00027526
4547,0.00027526
4548,0.00027526
4549,0.00027526
4550,0.00027397
4551,0.00027397
4552,0.00027397
4553,0.00027397
4554,0.00027396
4555,0.00027396
4556,0.00027396
4557,0.00027396
4558,0.00027396
4559,0.00027396
4560,0.00027396
4561,0.00027396
4562,0.00027396
4563,0.00027396
4564,0.000274
4565,0.000274
4566,0.000274
4567,0.000274
4568,0.000274
4569,0.000274
4570,0.000274
4571,0.000274
4572,0.000274
4573,0.00027559
4574,0.00027559
4575,0.00027558
4576,0.00027558
4577,0.00027558
4578,0.00027558
4579,0.00027558
4580,0.00027576
4581,0.00027577
4582,0.00027576
4583,0.00027576
4584,0.00027576
4585,0.00027576
4586,0.00027576
4587,0.00027576
4588,0.00027576
4589,0.00027576
4590,0.00027576
4591,0.00027576
4592,0.00027576
4593,0.00027576
4594,0.00027576
4595,0.00027576
4596,0.00027576
4597,0.00027576
4598,0.00027576
4599,0.00027576
4600,0.00027576
4601,0.00027576
4602,0.00027576
4603,0.00027576
4604,0.00027576
4605,0.00027576
4606,0.00027576
4607,0.00027576
4608,0.00027576
4609,0.00027576
4610,0.00027576
4611,0.00027576
4612,0.00027559
4613,0.00027559
4614,0.00027559
4615,0.00027559
4616,0.00027558
4617,0.00027835
4618,0.00027835
4619,0.00027835
4620,0.00027835
4621,0.00027835
4622,0.00027835
4623,0.00027835
4624,0.00027835
4625,0.00027835
4626,0.00027835
4627,0.00027835
4628,0.00027835
4629,0.00027561
4630,0.00027561
4631,0.00027561
4632,0.00027558
4633,0.00027558
4634,0.00027558
4635,0.00027558
4636,0.00027558
4637,0.00027558
4638,0.00027558
4639,0.00027558
4640,0.00027558
4641,0.00027558
4642,0.00027558
4643,0.00027558
4644,0.00027561
4645,0.00027561
4646,0.00027561
4647,0.00027561
4648,0.00027561
4649,0.00027561
4650,0.00027561
4651,0.00027561
4652,0.00027561
4653,0.00027561
4654,0.00027561
4655,0.00027561
4656,0.00027561
4657,0.00027561
4658,0.00027561
4659,0.00027561
4660,0.00027561
4661,0.00027561
4662,0.00027561
4663,0.00027561
4664,0.00027558
4665,0.00027558
4666,0.00027558
4667,0.00027558
4668,0.00027558
4669,0.00027558
4670,0.00027161
4671,0.00027161
4672,0.00027161
4673,0.00027161
4674,0.00027161
4675,0.00027161
4676,0.00027161
4677,0.00027161
4678,0.00027161
4679,0.0002716
4680,0.0002713
4681,0.0002713
4682,0.0002713
4683,0.00027101
4684,0.0002756
4685,0.0002756
4686,0.0002756
4687,0.0002756
4688,0.0002756
4689,0.0002756
4690,0.0002756
4691,0.00027127
4692,0.00027127
4693,0.00027127
4694,0.00027127
4695,0.00027127
4696,0.00027127
4697,0.00027127
4698,0.00027136
4699,0.00027136
4700,0.00027136
4701,0.00027101
4702,0.00027101
4703,0.00027276
4704,0.00027276
4705,0.00027102
4706,0.00027102
4707,0.00027102
4708,0.00027102
4709,0.00027102
4710,0.00027102
4711,0.00027277
4712,0.00027277
4713,0.00027277
4714,0.00027277
4715,0.00027277
4716,0.00027277
4717,0.00027277
4718,0.00027277
4719,0.00027277
4720,0.00027277
4721,0.00027277
4722,0.00027277
4723,0.00027277
4724,0.00027277
4725,0.00027277
4726,0.00027277
4727,0.00027
4728,0.00027
4729,0.00027
4730,0.00027
4731,0.00027
4732,0.00027
4733,0.00027
4734,0.00027
4735,0.00027
4736,0.00027
4737,0.00027
4738,0.00027
4739,0.00027
4740,0.00027
4741,0.00026991
4742,0.00026991
4743,0.00026999
4744,0.00026999
4745,0.00026999
4746,0.00026999
4747,0.00026999
4748,0.00026999
4749,0.00026999
4750,0.00026999
4751,0.00026999
4752,0.00026999
4753,0.00026999
4754,0.00026936
4755,0.00026943
4756,0.00026943
4757,0.00026943
4758,0.00026943
4759,0.00026943
4760,0.00026943
4761,0.00026943
4762,0.00026943
4763,0.00026943
4764,0.00026943
4765,0.00026943
4766,0.00026943
4767,0.00026943
4768,0.00026943
4769,0.00026943
4770,0.00026943
4771,0.00026943
4772,0.00026943
4773,0.00026943
4774,0.00026943
4775,0.00026923
4776,0.00026923
4777,0.00026821
4778,0.00026821
4779,0.00026691
4780,0.00026691
4781,0.00026691
4782,0.00026691
4783,0.00026691
4784,0.00026691
4785,0.00026691
4786,0.00026691
4787,0.00026691
4788,0.00026691
4789,0.00026691
4790,0.00026691
4791,0.00026691
4792,0.00026691
4793,0.00026691
4794,0.00026691
4795,0.00026691
4796,0.00026691
4797,0.00026691
4798,0.00027
4799,0.00027
4800,0.00027
4801,0.00027
4802,0.00027
4803,0.00027
4804,0.00027
4805,0.00027
4806,0.00027
4807,0.00027
4808,0.00027
4809,0.00027
4810,0.00027
4811,0.00026758
4812,0.00026758
4813,0.00026758
4814,0.00026757
4815,0.00027423
4816,0.00027423
4817,0.00027423
4818,0.00027423
4819,0.00027423
4820,0.00027423
4821,0.00027423
4822,0.00027423
4823,0.00027423
4824,0.00027423
4825,0.00027423
4826,0.00026803
4827,0.00026803
4828,0.00026803
4829,0.00026803
4830,0.00026831
4831,0.00026831
4832,0.00026831
4833,0.00026831
4834,0.00026831
4835,0.00026831
4836,0.00026831
4837,0.00026831
4838,0.00026831
4839,0.00026831
4840,0.00026831
4841,0.00026831
4842,0.00026831
4843,0.00026831
4844,0.00026831
4845,0.00026831
4846,0.00026831
4847,0.00026831
4848,0.00026903
4849,0.00026903
4850,0.00027395
4851,0.00027395
4852,0.00027395
4853,0.00027409
4854,0.00027071
4855,0.00027071
4856,0.00027072
4857,0.00027072
4858,0.00027072
4859,0.00027072
4860,0.00027072
4861,0.00027072
4862,0.00027073
4863,0.00027073
4864,0.00027073
4865,0.00027073
4866,0.00027073
4867,0.00027073
4868,0.00027073
4869,0.00027073
4870,0.00027423
4871,0.00027423
4872,0.00027423
4873,0.00027423
4874,0.00027472
4875,0.00027472
4876,0.00027472
4877,0.00026764
4878,0.00027258
4879,0.00026775
4880,0.00027472
4881,0.00027472
4882,0.00027472
4883,0.00027472
4884,0.00026796
4885,0.00026796
4886,0.00026805
4887,0.00026805
4888,0.00026805
4889,0.00026805
4890,0.00026805
4891,0.00026805
4892,0.00026805
4893,0.00026805
4894,0.00026805
4895,0.00026805
4896,0.00026805
4897,0.00027436
4898,0.00026865
4899,0.00026865
4900,0.00027845
4901,0.00027666
4902,0.00027666
4903,0.00027666
4904,0.00027666
4905,0.00026892
4906,0.00026892
4907,0.00027256
4908,0.00026902
4909,0.00026902
4910,0.00026902
4911,0.00026902
4912,0.00026902
4913,0.00026902
4914,0.00026902
4915,0.00026902
4916,0.0002716
4917,0.0002716
4918,0.0002716
4919,0.0002716
4920,0.0002716
4921,0.0002682
4922,0.0002684
4923,0.0002684
4924,0.0002684
4925,0.0002684
4926,0.0002684
4927,0.0002684
4928,0.0002684
4929,0.0002684
4930,0.0002684
4931,0.0002684
4932,0.0002684
4933,0.0002684
4934,0.0002684
4935,0.0002684
4936,0.0002684
4937,0.0002684
4938,0.0002684
4939,0.0002684
4940,0.00026974
4941,0.00026974
4942,0.00026974
4943,0.00026974
4944,0.00026974
4945,0.00026974
4946,0.00026974
4947,0.00026974
4948,0.00026974
4949,0.00026892
4950,0.00026893
4951,0.00026896
4952,0.00026891
4953,0.00026891
4954,0.00026891
4955,0.00026891
4956,0.00026891
4957,0.00026891
4958,0.00026891
4959,0.00026891
4960,0.00026891
4961,0.00026891
4962,0.00026891
4963,0.00026891
4964,0.00026891
4965,0.00026891
4966,0.00026891
4967,0.00026891
4968,0.00026891
4969,0.00026962
4970,0.00026962
4971,0.00026759
4972,0.00026759
4973,0.00026759
4974,0.00026759
4975,0.00027154
4976,0.00027156
4977,0.00027155
4978,0.00027155
4979,0.00027155
4980,0.00027155
4981,0.00027155
4982,0.00027161
4983,0.00027161
4984,0.00027161
4985,0.00027161
4986,0.00027161
4987,0.00027161
4988,0.00027161
4989,0.00027256
4990,0.00027256
4991,0.00027256
4992,0.00027256
4993,0.00027256
4994,0.00027256
4995,0.00027256
4996,0.00027256
4997,0.00026772
4998,0.00026776
4999,0.00026776
5000,0.0002679
5001,0.00027395
5002,0.00027395
5003,0.00027395
5004,0.00027395
5005,0.00027395
5006,0.00027395
5007,0.00027395
5008,0.00027395
5009,0.00027395
5010,0.00027395
5011,0.00027376
5012,0.00027376
5013,0.00027376
5014,0.00027376
5015,0.00027376
5016,0.00027376
5017,0.00027376
5018,0.00027376
5019,0.00027376
5020,0.00027376
5021,0.00027376
5022,0.00027376
5023,0.00027376
5024,0.00027376
5025,0.00027376
5026,0.00027376
5027,0.00027376
5028,0.00027376
5029,0.00027376
5030,0.00027376
5031,0.00027376
5032,0.00027376
5033,0.00027376
5034,0.00027376
5035,0.00027376
5036,0.00027376
5037,0.00027376
5038,0.00027376
5039,0.00027376
5040,0.00027363
5041,0.00027363
5042,0.00027363
5043,0.00027363
5044,0.00027363
5045,0.00027363
5046,0.00027363
5047,0.00027363
5048,0.00027363
5049,0.00027363
5050,0.00027237
5051,0.00027237
5052,0.00027237
5053,0.00027237
5054,0.00027237
5055,0.00027237
5056,0.00027237
5057,0.00027237
5058,0.00027237
5059,0.00027237
5060,0.00027237
5061,0.00027237
5062,0.00027237
5063,0.00027237
5064,0.00027237
5065,0.00027237
5066,0.00027237
5067,0.00027237
5068,0.00027237
5069,0.00027237
5070,0.00027237
5071,0.00027237
5072,0.00027237
5073,0.00027237
5074,0.00027237
5075,0.00027237
5076,0.00027237
5077,0.00027237
5078,0.00027237
5079,0.00027237
5080,0.00027237
5081,0.0002736
5082,0.0002736
5083,0.000273
5084,0.000273
5085,0.000273
5086,0.000273
5087,0.00027361
5088,0.00027576
5089,0.00027576
5090,0.00027576
5091,0.00027576
5092,0.00027363
5093,0.00027363
5094,0.00027363
5095,0.00027363
5096,0.00027363
5097,0.0002776
5098,0.00027761
5099,0.00027761
5100,0.00027761
5101,0.00027761
5102,0.00027761
5103,0.00027761
5104,0.00027761
5105,0.00027761
5106,0.00027761
5107,0.00027761
5108,0.00027675
5109,0.00027675
5110,0.00027675
5111,0.00027675
5112,0.00027675
5113,0.00027675
5114,0.00027675
5115,0.00027675
5116,0.00027675
5117,0.00027633
5118,0.00027633
5119,0.00027633
5120,0.0002737
5121,0.0002737
5122,0.0002737
5123,0.0002737
5124,0.0002737
5125,0.0002737
5126,0.0002737
5127,0.0002737
5128,0.0002737
5129,0.0002737
5130,0.0002737
5131,0.0002737
5132,0.0002737
5133,0.0002737
5134,0.0002737
5135,0.0002737
5136,0.0002737
5137,0.0002737
5138,0.0002737
5139,0.0002737
5140,0.0002737
5141,0.0002737
5142,0.0002765
5143,0.0002779
5144,0.0002779
5145,0.0002779
5146,0.00027799
5147,0.00027799
5148,0.00027799
5149,0.00027799
5150,0.00027799
5151,0.0002765
5152,0.00027812
5153,0.00027812
5154,0.00027812
5155,0.00027812
5156,0.00027812
5157,0.00027812
5158,0.00027812
5159,0.00027812
5160,0.00027812
5161,0.00027812
5162,0.00027812
5163,0.00027812
5164,0.0002781
5165,0.0002781
5166,0.0002781
5167,0.0002781
5168,0.0002781
5169,0.0002781
5170,0.0002781
5171,0.0002781
5172,0.0002781
5173,0.0002781
5174,0.0002781
5175,0.0002781
5176,0.0002781
5177,0.0002781
5178,0.0002781
5179,0.0002781
5180,0.0002781
5181,0.0002781
5182,0.0002781
5183,0.0002781
5184,0.0002781
5185,0.0002781
5186,0.0002781
5187,0.0002781
5188,0.0002781
5189,0.0002781
5190,0.0002781
5191,0.0002781
5192,0.0002781
5193,0.0002781
5194,0.0002781
5195,0.0002745
5196,0.0002745
5197,0.0002745
5198,0.0002745
5199,0.0002745
5200,0.0002745
5201,0.0002745
5202,0.0002745
5203,0.0002745
5204,0.0002745
5205,0.0002745
5206,0.0002745
5207,0.0002745
5208,0.0002745
5209,0.0002745
5210,0.0002745
5211,0.0002745
5212,0.0002745
5213,0.0002745
5214,0.0002745
5215,0.0002745
5216,0.0002745
5217,0.0002745
5218,0.0002745
5219,0.0002745
5220,0.0002745
5221,0.0002745
5222,0.0002745
5223,0.00027812
5224,0.00027812
5225,0.00027812
5226,0.00027812
5227,0.00027812
5228,0.00027812
5229,0.00027812
5230,0.00027812
5231,0.00027812
5232,0.00027812
5233,0.00027812
5234,0.00027812
5235,0.00027812
5236,0.00027812
5237,0.00027812
5238,0.00027451
5239,0.00027451
5240,0.00027451
5241,0.00027451
5242,0.00027451
5243,0.00027451
5244,0.00027455
5245,0.00027455
5246,0.00027455
5247,0.00027455
5248,0.00027455
5249,0.00027455
5250,0.00027455
5251,0.00027455
5252,0.00027455
5253,0.00027455
5254,0.00027455
5255,0.00027803
5256,0.00027803
5257,0.00027803
5258,0.00027803
5259,0.00027803
5260,0.00027803
5261,0.00027803
5262,0.00027803
5263,0.00027803
5264,0.00027803
5265,0.00027803
5266,0.00027803
5267,0.00027803
5268,0.00027803
5269,0.00027803
5270,0.00027803
5271,0.00027803
5272,0.00027803
5273,0.00027803
5274,0.00027803
5275,0.00027803
5276,0.00027803
5277,0.00027803
5278,0.00027803
5279,0.00027803
5280,0.00027803
5281,0.00027662
5282,0.00027662
5283,0.00027662
5284,0.00027662
5285,0.00027662
5286,0.00027662
5287,0.00027662
5288,0.00027662
5289,0.00027662
5290,0.00027662
5291,0.00027662
5292,0.00027662
5293,0.00027662
5294,0.00027694
5295,0.00027451
5296,0.00027451
5297,0.00027451
5298,0.00027451
5299,0.00027451
5300,0.00027451
5301,0.00027451
5302,0.00027451
5303,0.00027657
5304,0.00027657
5305,0.00027445
5306,0.00027445
5307,0.00027445
5308,0.00027445
5309,0.00027445
5310,0.00027445
5311,0.00027445
5312,0.00027445
5313,0.00027445
5314,0.00027707
5315,0.00027707
5316,0.0002781
5317,0.0002781
5318,0.00027812
5319,0.00027812
5320,0.00027875
5321,0.00027875
5322,0.00027875
5323,0.00027912
5324,0.00027912
5325,0.00027912
5326,0.00027912
5327,0.00027912
5328,0.00027997
5329,0.00027997
5330,0.00027997
5331,0.00027997
5332,0.00028173
5333,0.00028003
5334,0.00028003
5335,0.00028003
5336,0.00028003
5337,0.00028003
5338,0.00028003
5339,0.00028003
5340,0.00028003
5341,0.00028003
5342,0.00028003
5343,0.00028261
5344,0.00028261
5345,0.00028028
5346,0.00028028
5347,0.00028028
5348,0.00028028
5349,0.00028028
5350,0.00028028
5351,0.00028028
5352,0.00028028
5353,0.00028028
5354,0.00028028
5355,0.00028028
5356,0.00028028
5357,0.00028028
5358,0.00028028
5359,0.00028028
5360,0.00028028
5361,0.00028028
5362,0.00028028
5363,0.00028028
5364,0.00028028
5365,0.00028028
5366,0.00028028
5367,0.00028028
5368,0.00028028
5369,0.00028028
5370,0.00028028
5371,0.00028028
5372,0.00028028
5373,0.00028028
5374,0.00028028
5375,0.00028028
5376,0.00028028
5377,0.00028028
5378,0.00028252
5379,0.00028252
5380,0.00028252
5381,0.00028252
5382,0.00028252
5383,0.00028252
5384,0.00028252
5385,0.00028252
5386,0.00028252
5387,0.00028252
5388,0.00028351
5389,0.00028351
5390,0.00028351
5391,0.00028351
5392,0.00028351
5393,0.00028462
5394,0.00028463
5395,0.00028463
5396,0.00028463
5397,0.00028455
5398,0.00028455
5399,0.00028455
5400,0.00028455
5401,0.00028546
5402,0.00028546
5403,0.00028546
5404,0.00028039
5405,0.00028039
5406,0.00028039
5407,0.0002865
5408,0.00029286
5409,0.00028773
5410,0.00028776
5411,0.00028788
5412,0.00028801
5413,0.00028805
5414,0.00028815
5415,0.00028815
5416,0.00028815
5417,0.00028839
5418,0.00028839
5419,0.00028869
5420,0.00028869
5421,0.00028886
5422,0.00028886
5423,0.00028886
5424,0.00028886
5425,0.00028886
5426,0.00028886
5427,0.00028886
5428,0.00028886
5429,0.00028886
5430,0.00028886
5431,0.00028904
5432,0.00028904
5433,0.00028904
5434,0.00028904
5435,0.00028904
5436,0.00028904
5437,0.00028904
5438,0.00028909
5439,0.00028909
5440,0.00028909
5441,0.00028909
5442,0.00028909
5443,0.00028909
5444,0.00028909
5445,0.00028909
5446,0.00028909
5447,0.00028909
5448,0.00028909
5449,0.00028909
5450,0.00028909
5451,0.00028909
5452,0.00028909
5453,0.00028909
5454,0.00028909
5455,0.00028909
5456,0.00028909
5457,0.00028909
5458,0.00028909
5459,0.00028909
5460,0.00028909
5461,0.00028909
5462,0.0002891
5463,0.0002891
5464,0.0002891
5465,0.0002891
5466,0.0002891
5467,0.0002891
5468,0.0002891
5469,0.0002891
5470,0.0002891
5471,0.0002891
5472,0.0002919
5473,0.0002919
5474,0.0002919
5475,0.0002919
5476,0.0002919
5477,0.0002919
5478,0.0002919
5479,0.0002919
5480,0.0002919
5481,0.0002919
5482,0.0002919
5483,0.0002919
5484,0.0002919
5485,0.0002919
5486,0.00029193
5487,0.00029193
5488,0.00029193
5489,0.00029193
5490,0.0002927
5491,0.0002927
5492,0.0002927
5493,0.0002927
5494,0.0002927
5495,0.0002927
5496,0.00029293
5497,0.00029293
5498,0.00029194
5499,0.00029194
5500,0.00029194
5501,0.00029194
5502,0.00029194
5503,0.00029194
5504,0.00029194
5505,0.00029194
5506,0.00029194
5507,0.00029194
5508,0.00029194
5509,0.00029194
5510,0.00029194
5511,0.00029293
5512,0.00029293
5513,0.00029293
5514,0.00029194
5515,0.00029194
5516,0.00029194
5517,0.00029194
5518,0.00029194
5519,0.00029299
5520,0.00029182
5521,0.00029182
5522,0.00029182
5523,0.00029182
5524,0.00029182
5525,0.00029182
5526,0.00029182
5527,0.00029182
5528,0.00029182
5529,0.00029182
5530,0.00029182
5531,0.00029182
5532,0.00029182
5533,0.00029182
5534,0.00029182
5535,0.00029182
5536,0.00029182
5537,0.00029182
5538,0.00029182
5539,0.00029183
5540,0.00029182
5541,0.00029182
5542,0.00029182
5543,0.00029182
5544,0.00029182
5545,0.00029182
5546,0.00029182
5547,0.00029182
5548,0.00029182
5549,0.00029182
5550,0.00029182
5551,0.00029182
5552,0.00029186
5553,0.00029186
5554,0.00029186
5555,0.00029186
5556,0.00029186
5557,0.00029186
5558,0.00029186
5559,0.00029186
5560,0.00029186
5561,0.00029186
5562,0.00029186
5563,0.00029186
5564,0.00029186
5565,0.00029186
5566,0.00029186
5567,0.00029186
5568,0.00029186
5569,0.00029186
5570,0.00029182
5571,0.00029182
5572,0.00029182
5573,0.00029182
5574,0.00029182
5575,0.00029182
5576,0.00029182
5577,0.00029182
5578,0.00029182
5579,0.00029182
5580,0.00029182
5581,0.00029182
5582,0.00029182
5583,0.00029182
5584,0.00029182
5585,0.00029182
5586,0.00029182
5587,0.00029182
5588,0.00029182
5589,0.00029182
5590,0.00029182
5591,0.00029182
5592,0.00028914
5593,0.00028914
5594,0.00028914
5595,0.00028914
5596,0.00028914
5597,0.0002917
5598,0.00028914
5599,0.00028914
5600,0.00028914
5601,0.00028914
5602,0.00028914
5603,0.00028914
5604,0.00028914
5605,0.00028914
5606,0.00028914
5607,0.00028914
5608,0.00028914
5609,0.00028914
5610,0.00028911
5611,0.00028911
5612,0.00028911
5613,0.00028911
5614,0.00028911
5615,0.00028911
5616,0.00028911
5617,0.00028911
5618,0.0002877
5619,0.0002877
5620,0.00028768
5621,0.00028768
5622,0.00028768
5623,0.00028768
5624,0.00028769
5625,0.00028769
5626,0.00028769
5627,0.00028769
5628,0.00028769
5629,0.00028769
5630,0.00028769
5631,0.00028769
5632,0.00028769
5633,0.00028769
5634,0.0002877
5635,0.0002877
5636,0.00028911
5637,0.00028911
5638,0.00028911
5639,0.00028911
5640,0.00028911
5641,0.00028911
5642,0.00028911
5643,0.00028901
5644,0.00028901
5645,0.00028362
5646,0.00028362
5647,0.00028362
5648,0.00028362
5649,0.00028362
5650,0.00028362
5651,0.00028362
5652,0.00028362
5653,0.00028362
5654,0.00028362
5655,0.00028362
5656,0.0002871
5657,0.0002871
5658,0.0002871
5659,0.00028703
5660,0.00028703
5661,0.00028703
5662,0.00028703
5663,0.00028703
5664,0.00028668
5665,0.00028668
5666,0.00028668
5667,0.0002852
5668,0.0002852
5669,0.0002852
5670,0.0002852
5671,0.0002852
5672,0.00028519
5673,0.00028519
5674,0.0002824
5675,0.00028513
5676,0.00028511
5677,0.0002851
5678,0.0002851
5679,0.0002851
5680,0.0002852
5681,0.0002852
5682,0.0002852
5683,0.0002852
5684,0.0002852
5685,0.0002852
5686,0.0002852
5687,0.0002852
5688,0.0002852
5689,0.0002852
5690,0.0002852
5691,0.0002852
5692,0.00028702
5693,0.00028702
5694,0.00028702
5695,0.00028702
5696,0.00028702
5697,0.00028702
5698,0.00028702
5699,0.00028702
5700,0.00028702
5701,0.00028702
5702,0.00028702
5703,0.00028702
5704,0.00028703
5705,0.00028703
5706,0.00028703
5707,0.0002852
5708,0.00028509
5709,0.00028101
5710,0.00028101
5711,0.00028101
5712,0.00028101
5713,0.00028101
5714,0.00028101
5715,0.00028101
5716,0.00028101
5717,0.00028101
5718,0.00028101
5719,0.00028101
5720,0.00028101
5721,0.00028101
5722,0.00028101
5723,0.00028101
5724,0.00028703
5725,0.00028703
5726,0.00028703
5727,0.00028703
5728,0.00028703
5729,0.00028703
5730,0.00028703
5731,0.00028703
5732,0.00028703
5733,0.00028703
5734,0.00028703
5735,0.00028703
5736,0.00028703
5737,0.00028703
5738,0.00028703
5739,0.00028703
5740,0.00028703
5741,0.00028703
5742,0.00028703
5743,0.00028703
5744,0.00028703
5745,0.00028703
5746,0.00028703
5747,0.00028703
5748,0.00028703
5749,0.00028703
5750,0.00028703
5751,0.00028703
5752,0.00028707
5753,0.00028707
5754,0.00028707
5755,0.00028707
5756,0.00028707
5757,0.00028707
5758,0.00028707
5759,0.00028705
5760,0.00028705
5761,0.00028705
5762,0.00028705
5763,0.00028705
5764,0.00028705
5765,0.00028705
5766,0.00028802
5767,0.00028802
5768,0.00028705
5769,0.00028705
5770,0.00028705
5771,0.00028705
5772,0.00028705
5773,0.00028705
5774,0.00028705
5775,0.00028705
5776,0.00028705
5777,0.00028705
5778,0.00028705
5779,0.00028705
5780,0.00028705
5781,0.00028705
5782,0.00028968
5783,0.00028968
5784,0.00028968
5785,0.00028968
5786,0.00028968
5787,0.00028968
5788,0.00028968
5789,0.00028968
5790,0.00028968
5791,0.00028968
5792,0.00028968
5793,0.00028968
5794,0.00028968
5795,0.00028968
5796,0.00028969
5797,0.00028969
5798,0.00028969
5799,0.00028969
5800,0.00028968
5801,0.00028968
5802,0.00028968
5803,0.00028968
5804,0.00028968
5805,0.00029145
5806,0.00028968
5807,0.00028968
5808,0.0002906
5809,0.00029139
5810,0.00029182
5811,0.00029182
5812,0.00029182
5813,0.00029182
5814,0.00029182
5815,0.00029182
5816,0.00029182
5817,0.00029182
5818,0.00029182
5819,0.00029182
5820,0.00029182
5821,0.00029182
5822,0.00029182
5823,0.00029306
5824,0.00029306
5825,0.00029306
5826,0.00029306
5827,0.00029306
5828,0.00029306
5829,0.00029306
5830,0.00029306
5831,0.00029306
5832,0.00029306
5833,0.00029306
5834,0.00029306
5835,0.00029306
5836,0.00029306
5837,0.00029306
5838,0.00029306
5839,0.00029306
5840,0.00029306
5841,0.00029307
5842,0.00029307
5843,0.00029307
5844,0.00029307
5845,0.00029307
5846,0.00029307
5847,0.00029307
5848,0.00029307
5849,0.00029307
5850,0.00029307
5851,0.00029307
5852,0.00029307
5853,0.00029307
5854,0.00029324
5855,0.00029324
5856,0.00029324
5857,0.00029324
5858,0.00029324
5859,0.00029324
5860,0.00029324
5861,0.00029324
5862,0.00029324
5863,0.00029324
5864,0.00029324
5865,0.00029324
5866,0.00029324
5867,0.00029324
5868,0.00029324
5869,0.00029324
5870,0.00029324
5871,0.00029324
5872,0.00029324
5873,0.00029324
5874,0.00029324
5875,0.00029324
5876,0.00029324
5877,0.00029324
5878,0.00029324
5879,0.00029324
5880,0.00029324
5881,0.00029324
5882,0.00029324
5883,0.00029324
5884,0.00029324
5885,0.00029324
5886,0.00029324
5887,0.00029324
5888,0.00029324
5889,0.00029324
5890,0.00029324
5891,0.00029324
5892,0.00029324
5893,0.00029324
5894,0.00029324
5895,0.00029324
5896,0.00029324
5897,0.00029324
5898,0.00029324
5899,0.00029324
5900,0.00029324
5901,0.00029324
5902,0.00029324
5903,0.00029324
5904,0.00029324
5905,0.00029324
5906,0.00029324
5907,0.00029324
5908,0.00029324
5909,0.00029324
5910,0.00029324
5911,0.00029324
5912,0.00029324
5913,0.00029324
5914,0.00029307
5915,0.00029307
5916,0.00029307
5917,0.00029026
5918,0.00029026
5919,0.00029026
5920,0.00029026
5921,0.00029026
5922,0.00029026
5923,0.00029026
5924,0.00029026
5925,0.00029026
5926,0.00029026
5927,0.00029026
5928,0.00029026
5929,0.00029026
5930,0.00029026
5931,0.00029026
5932,0.00029026
5933,0.00029026
5934,0.00029031
5935,0.00029031
5936,0.00029031
5937,0.00029031
5938,0.00029031
5939,0.00029031
5940,0.00029031
5941,0.00029031
5942,0.00029031
5943,0.00029031
5944,0.00029031
5945,0.00029031
5946,0.00029031
5947,0.00029031
5948,0.00029031
5949,0.00029031
5950,0.00029031
5951,0.00029031
5952,0.00029298
5953,0.00029298
5954,0.00029298
5955,0.00029298
5956,0.00029298
5957,0.00029298
5958,0.00029298
5959,0.00029051
5960,0.00029031
5961,0.00029031
5962,0.00029031
5963,0.00029051
5964,0.00029323
5965,0.00029323
5966,0.00029323
5967,0.00029323
5968,0.00029323
5969,0.00029323
5970,0.00029031
5971,0.00029031
5972,0.00029031
5973,0.00029031
5974,0.00029031
5975,0.00029031
5976,0.00029031
5977,0.00029031
5978,0.00029292
5979,0.00029292
5980,0.00029292
5981,0.00028969
5982,0.00028971
5983,0.00028971
5984,0.00028971
5985,0.00028971
5986,0.00028968
5987,0.00028968
5988,0.00028224
5989,0.00028224
5990,0.00028224
5991,0.00028654
5992,0.00028233
5993,0.00029252
5994,0.00029208
5995,0.00029208
5996,0.00029208
5997,0.00029208
5998,0.00029208
5999,0.0002844
6000,0.00028442
6001,0.00028442
6002,0.00028442
6003,0.00028442
6004,0.00028442
6005,0.00028442
6006,0.00028442
6007,0.00028442
6008,0.00028442
6009,0.00028442
6010,0.00028442
6011,0.00028442
6012,0.00028442
6013,0.00028442
6014,0.00028442
6015,0.00028442
6016,0.00028442
6017,0.00028442
6018,0.00028442
6019,0.00028442
6020,0.00028442
6021,0.00028442
6022,0.00028442
6023,0.00028442
6024,0.00028442
6025,0.0002847
6026,0.0002847
6027,0.00028474
6028,0.00028474
6029,0.00028474
6030,0.00028474
6031,0.00028474
6032,0.00028474
6033,0.00028474
6034,0.00028474
6035,0.00028474
6036,0.00028474
6037,0.00028474
6038,0.00028442
6039,0.00028442
6040,0.00028442
6041,0.00028442
6042,0.00028442
6043,0.00028442
6044,0.00028956
6045,0.00028956
6046,0.00028956
6047,0.00028442
6048,0.0002891
6049,0.00028445
6050,0.00028424
6051,0.000282
6052,0.0002819
6053,0.00028181
6054,0.00027662
6055,0.00028164
6056,0.00028155
6057,0.00028146
6058,0.00028145
6059,0.00028145
6060,0.00028136
6061,0.00028126
6062,0.0002765
6063,0.0002765
6064,0.00027532
6065,0.00027532
6066,0.00027532
6067,0.00027532
6068,0.00027524
6069,0.00027524
6070,0.00027524
6071,0.00027
6072,0.00027394
6073,0.00027439
6074,0.00027439
6075,0.00027442
6076,0.00027448
6077,0.00027448
6078,0.00027448
6079,0.00027448
6080,0.00027448
6081,0.00027448
6082,0.00027448
6083,0.00027523
6084,0.00027218
6085,0.00027218
6086,0.00026862
6087,0.00026855
6088,0.00026855
6089,0.00026857
6090,0.00027
6091,0.00027002
6092,0.00027409
6093,0.00027409
6094,0.00027409
6095,0.00027409
6096,0.00027409
6097,0.00027409
6098,0.00027409
6099,0.00026916
6100,0.00026916
6101,0.00026916
6102,0.00026914
6103,0.00026914
6104,0.00026916
6105,0.00026916
6106,0.00026916
6107,0.00026916
6108,0.00026916
6109,0.00026916
6110,0.00026916
6111,0.00026916
6112,0.00026975
6113,0.000269
6114,0.000269
6115,0.000269
6116,0.00027463
6117,0.00027169
6118,0.00026855
6119,0.00026852
6120,0.00027309
6121,0.00027309
6122,0.0002731
6123,0.0002731
6124,0.0002731
6125,0.00026855
6126,0.00026969
6127,0.00026968
6128,0.00026968
6129,0.00026966
6130,0.000264
6131,0.00026492
6132,0.000265
6133,0.00026141
6134,0.000265
6135,0.000265
6136,0.00026499
6137,0.00026498
6138,0.00026499
6139,0.00026844
6140,0.00026862
6141,0.00026871
6142,0.00026506
6143,0.0002649
6144,0.0002649
6145,0.0002649
6146,0.0002649
6147,0.0002649
6148,0.0002649
6149,0.0002649
6150,0.0002649
6151,0.00026747
6152,0.00026808
6153,0.0002703
6154,0.000265
6155,0.00027028
6156,0.00027028
6157,0.00027121
6158,0.00026809
6159,0.00026809
6160,0.00027111
6161,0.00026812
6162,0.00026813
6163,0.00026813
6164,0.00026813
6165,0.00026813
6166,0.00026813
6167,0.00026813
6168,0.00026542
6169,0.00026542
6170,0.00026542
6171,0.00026542
6172,0.00026928
6173,0.0002681
6174,0.0002681
6175,0.0002681
6176,0.0002681
6177,0.0002681
6178,0.00026934
6179,0.00026934
6180,0.00026934
6181,0.00026934
6182,0.00026934
6183,0.00026934
6184,0.00026934
6185,0.00026934
6186,0.00027084
6187,0.00027084
6188,0.00027126
6189,0.00027126
6190,0.00027126
6191,0.00027126
6192,0.00027126
6193,0.00027126
6194,0.00027186
6195,0.00027186
6196,0.00027186
6197,0.00027186
6198,0.00027186
6199,0.00027186
6200,0.00027186
6201,0.00027186
6202,0.00027186
6203,0.00027186
6204,0.00027186
6205,0.00027287
6206,0.00027287
6207,0.00027287
6208,0.00027287
6209,0.00027287
6210,0.00027289
6211,0.00027289
6212,0.00027289
6213,0.00027289
6214,0.00027289
6215,0.00027311
6216,0.00027311
6217,0.00027311
6218,0.00027311
6219,0.00027311
6220,0.00027313
6221,0.00027313
6222,0.00027313
6223,0.00027313
6224,0.00027313
6225,0.00027313
6226,0.00027313
6227,0.00027313
6228,0.00027313
6229,0.00027313
6230,0.00027313
6231,0.00027313
6232,0.00027344
6233,0.00027344
6234,0.00027344
6235,0.00027344
6236,0.00027344
6237,0.00027344
6238,0.00027344
6239,0.00027344
6240,0.00027344
6241,0.00027385
6242,0.00027385
6243,0.00027385
6244,0.00027498
6245,0.00027315
6246,0.00027316
6247,0.00027316
6248,0.00027316
6249,0.00027316
6250,0.00027316
6251,0.00027316
6252,0.00027316
6253,0.00027316
6254,0.00027316
6255,0.00027316
6256,0.00027316
6257,0.00027316
6258,0.00027316
6259,0.000275
6260,0.000275
6261,0.00027315
6262,0.00027315
6263,0.00027315
6264,0.00027315
6265,0.00027315
6266,0.00027315
6267,0.00027501
6268,0.00027501
6269,0.00027501
6270,0.00027501
6271,0.00027501
6272,0.00027501
6273,0.00027501
