0,0.00557199
1,0.00557199
2,0.00557199
3,0.00557199
4,0.00557199
5,0.00557199
6,0.00557199
7,0.00551009
8,0.00551009
9,0.00551009
10,0.00551009
11,0.00551009
12,0.00556948
13,0.00556948
14,0.00551023
15,0.00551023
16,0.00551023
17,0.00551023
18,0.00551023
19,0.00551023
20,0.00551033
21,0.00551033
22,0.00551033
23,0.00551033
24,0.00551033
25,0.00551033
26,0.00551033
27,0.00551033
28,0.00551033
29,0.00551033
30,0.00556756
31,0.00556756
32,0.00556756
33,0.00556756
34,0.00556756
35,0.00556756
36,0.00556756
37,0.00556756
38,0.00556756
39,0.00556756
40,0.00556756
41,0.00556756
42,0.00556756
43,0.00556756
44,0.00556607
45,0.00556607
46,0.00556607
47,0.00551033
48,0.00551033
49,0.00551033
50,0.00556581
51,0.00556581
52,0.00556581
53,0.00556581
54,0.00556581
55,0.00556581
56,0.00556581
57,0.00556581
58,0.00556581
59,0.00556517
60,0.00556517
61,0.00556517
62,0.00556517
63,0.00556517
64,0.00556517
65,0.00556517
66,0.00556517
67,0.00556517
68,0.00556517
69,0.00556517
70,0.00556517
71,0.00556517
72,0.00556517
73,0.00556517
74,0.00556517
75,0.00556517
76,0.00556517
77,0.00556517
78,0.00556517
79,0.00556517
80,0.00556517
81,0.00556517
82,0.00556517
83,0.00556517
84,0.00556517
85,0.00556517
86,0.00556517
87,0.00556517
88,0.00556517
89,0.00556517
90,0.00556517
91,0.00556517
92,0.00556517
93,0.00556517
94,0.00556283
95,0.00556283
96,0.00556283
97,0.00556283
98,0.00556283
99,0.00556283
100,0.00556283
101,0.00556283
102,0.00556283
103,0.00556283
104,0.00556283
105,0.00556283
106,0.00556283
107,0.00556283
108,0.00556283
109,0.00556283
110,0.00556283
111,0.00556283
112,0.00556283
113,0.00556283
114,0.00556283
115,0.00556283
116,0.00556283
117,0.00556283
118,0.00556283
119,0.00556283
120,0.00556283
121,0.00556283
122,0.00556283
123,0.00556283
124,0.00556283
125,0.00556283
126,0.00556283
127,0.00556283
128,0.00556283
129,0.00556283
130,0.00556283
131,0.00556283
132,0.00556283
133,0.00556283
134,0.00556283
135,0.00556283
136,0.00556283
137,0.00556283
138,0.00556283
139,0.00556283
140,0.00556283
141,0.00555896
142,0.00555896
143,0.00555896
144,0.00555896
145,0.00555896
146,0.00555896
147,0.0055585
148,0.0055585
149,0.0055585
150,0.0055585
151,0.0055585
152,0.0055585
153,0.00555811
154,0.00555811
155,0.00555811
156,0.00555811
157,0.00555811
158,0.00555811
159,0.00555811
160,0.00555811
161,0.00555812
162,0.00552312
163,0.00552312
164,0.00552312
165,0.00552312
166,0.00552312
167,0.00552311
168,0.00552311
169,0.00552311
170,0.00552311
171,0.00552311
172,0.00552311
173,0.00552311
174,0.00552311
175,0.00552311
176,0.00552311
177,0.00552311
178,0.00552311
179,0.00552311
180,0.00552311
181,0.00552311
182,0.00552311
183,0.00552311
184,0.00552311
185,0.00552311
186,0.00552311
187,0.00552311
188,0.00552311
189,0.00557161
190,0.00557161
191,0.00557161
192,0.00557161
193,0.00557161
194,0.00557107
195,0.00557107
196,0.00557094
197,0.00557094
198,0.00557094
199,0.00557064
200,0.00557052
201,0.00557052
202,0.00557052
203,0.00557052
204,0.00557052
205,0.00557052
206,0.00557052
207,0.00557052
208,0.00557052
209,0.00557052
210,0.00557052
211,0.00557052
212,0.00557052
213,0.00557052
214,0.00557052
215,0.00556911
216,0.0055691
217,0.0055691
218,0.0055691
219,0.0055691
220,0.0055691
221,0.00556849
222,0.00556849
223,0.00556849
224,0.00556849
225,0.00556849
226,0.00556849
227,0.00556849
228,0.00556849
229,0.00556849
230,0.00556783
231,0.00556783
232,0.00556783
233,0.00556783
234,0.00556783
235,0.00556783
236,0.00556783
237,0.00556783
238,0.00556783
239,0.00556783
240,0.00556783
241,0.00556783
242,0.00556783
243,0.00556783
244,0.00556783
245,0.00552
246,0.00552
247,0.00552
248,0.00552
249,0.00552
250,0.00552
251,0.00552
252,0.00552
253,0.00556614
254,0.00556614
255,0.00556614
256,0.00556614
257,0.00556614
258,0.00556614
259,0.00556614
260,0.00556614
261,0.00556614
262,0.00556614
263,0.00556614
264,0.00556614
265,0.00556614
266,0.00556614
267,0.00556614
268,0.00556614
269,0.00556614
270,0.00556614
271,0.00556614
272,0.00556614
273,0.00556614
274,0.00556614
275,0.0055325
276,0.0055325
277,0.0055325
278,0.0055325
279,0.0055325
280,0.0055325
281,0.0055325
282,0.0055325
283,0.0055325
284,0.0055325
285,0.0055325
286,0.0055325
287,0.0055325
288,0.0055325
289,0.0055325
290,0.0055325
291,0.0055325
292,0.0055325
293,0.0055325
294,0.0055325
295,0.0055325
296,0.0055325
297,0.0055325
298,0.0055325
299,0.00556248
300,0.00556248
301,0.00556248
302,0.00556248
303,0.00556248
304,0.00556248
305,0.00556248
306,0.00556248
307,0.00556248
308,0.00556248
309,0.00556248
310,0.00556248
311,0.00556248
312,0.00556122
313,0.00556122
314,0.00556122
315,0.00556122
316,0.00556122
317,0.00556122
318,0.00556122
319,0.00556122
320,0.00556122
321,0.00556122
322,0.00556122
323,0.00556122
324,0.00556122
325,0.00556122
326,0.00556122
327,0.00556122
328,0.00556122
329,0.00556122
330,0.00556122
331,0.00556122
332,0.00556122
333,0.00556122
334,0.00556122
335,0.00556122
336,0.00556122
337,0.00556122
338,0.00556122
339,0.00556122
340,0.00556122
341,0.00556122
342,0.00556122
343,0.00555853
344,0.00555853
345,0.00555853
346,0.00555853
347,0.00555853
348,0.005555
349,0.00551
350,0.00551
351,0.00551
352,0.00551
353,0.00551
354,0.00551
355,0.00551
356,0.00551
357,0.00551
358,0.00551
359,0.00551
360,0.00551
361,0.00551
362,0.0055
363,0.0055
364,0.0055
365,0.0055
366,0.0055
367,0.0055
368,0.0055
369,0.0055
370,0.0055
371,0.0055
372,0.0055
373,0.0055
374,0.0055
375,0.0055
376,0.0055
377,0.0055
378,0.0055
379,0.0055
380,0.0055
381,0.0055
382,0.0055
383,0.0055
384,0.00549999
385,0.00549999
386,0.00549999
387,0.00548117
388,0.00548117
389,0.00548117
390,0.00548117
391,0.00548117
392,0.00548117
393,0.00548117
394,0.00548117
395,0.00548117
396,0.00548117
397,0.00548117
398,0.00548117
399,0.00548117
400,0.00548117
401,0.00548117
402,0.00548117
403,0.00548117
404,0.00548117
405,0.00548117
406,0.00548117
407,0.00548117
408,0.00548117
409,0.00548117
410,0.00548117
411,0.00549999
412,0.00549999
413,0.00549999
414,0.00549999
415,0.00549999
416,0.00549999
417,0.00549999
418,0.00548237
419,0.00548237
420,0.00548237
421,0.00548237
422,0.00548237
423,0.00548237
424,0.00548237
425,0.00548237
426,0.00548237
427,0.00548237
428,0.00548237
429,0.00548238
430,0.00548238
431,0.00548238
432,0.00548238
433,0.00548238
434,0.00548238
435,0.00548238
436,0.00548238
437,0.00548238
438,0.00548236
439,0.00548236
440,0.00548236
441,0.00548236
442,0.00548236
443,0.00548236
444,0.00548236
445,0.00548236
446,0.00548236
447,0.00548236
448,0.00548236
449,0.00548236
450,0.00548236
451,0.00548236
452,0.00548236
453,0.00548236
454,0.00548236
455,0.00548236
456,0.00548236
457,0.00550001
458,0.00554348
459,0.00554348
460,0.00554348
461,0.00554347
462,0.00554347
463,0.00554347
464,0.00554347
465,0.00554347
466,0.00554347
467,0.00554347
468,0.00554347
469,0.00554345
470,0.00554345
471,0.00548116
472,0.00548116
473,0.00548116
474,0.00554
475,0.00554
476,0.00554
477,0.0054795
478,0.0054795
479,0.0054795
480,0.00547123
481,0.00547123
482,0.00547123
483,0.00547123
484,0.00547123
485,0.00547123
486,0.00547123
487,0.00547123
488,0.00547123
489,0.00547123
490,0.00547123
491,0.00547123
492,0.00547123
493,0.00547123
494,0.00547123
495,0.00547123
496,0.00547123
497,0.00547123
498,0.00547123
499,0.00547123
500,0.00547123
501,0.00547123
502,0.00547123
503,0.00547123
504,0.00547123
505,0.00547123
506,0.00547123
507,0.00547123
508,0.00547123
509,0.00547123
510,0.00547123
511,0.00547123
512,0.00547123
513,0.00547123
514,0.00545023
515,0.00545023
516,0.00545023
517,0.00545023
518,0.00545023
519,0.00545023
520,0.00545023
521,0.00545023
522,0.00545023
523,0.00545023
524,0.00545023
525,0.00545023
526,0.00545023
527,0.00545023
528,0.00545023
529,0.00545023
530,0.00545023
531,0.00545023
532,0.00545023
533,0.00545023
534,0.00545023
535,0.00545023
536,0.00545023
537,0.00545023
538,0.00545023
539,0.00545023
540,0.00545023
541,0.00545023
542,0.00545023
543,0.00545023
544,0.00545023
545,0.00545023
546,0.00545023
547,0.00545023
548,0.00545023
549,0.00545
550,0.00545
551,0.00545
552,0.00545
553,0.00545
554,0.00545
555,0.00545
556,0.00545
557,0.00545
558,0.00545
559,0.00545
560,0.00545
561,0.00545
562,0.00545
563,0.00545
564,0.00545
565,0.00543209
566,0.00541557
567,0.00541557
568,0.00541557
569,0.00541557
570,0.00541557
571,0.00541557
572,0.00541557
573,0.00541557
574,0.00541557
575,0.00541557
576,0.00541557
577,0.00541557
578,0.00541557
579,0.00541557
580,0.00541557
581,0.00541557
582,0.00541557
583,0.0054
584,0.0054
585,0.00550188
586,0.00550188
587,0.0054
588,0.0054
589,0.0054
590,0.0054
591,0.00546445
592,0.00546445
593,0.00546445
594,0.00546445
595,0.00546445
596,0.00546406
597,0.00546406
598,0.00546406
599,0.00546406
600,0.00546406
601,0.00546364
602,0.00546364
603,0.00546364
604,0.00546364
605,0.00546364
606,0.00546364
607,0.00546364
608,0.00546364
609,0.00546364
610,0.00546364
611,0.00546364
612,0.00546364
613,0.00546364
614,0.00546364
615,0.00546364
616,0.00546218
617,0.00546218
618,0.00546218
619,0.00546218
620,0.00546218
621,0.00546218
622,0.00546218
623,0.00546218
624,0.00546218
625,0.00546218
626,0.00546218
627,0.00546218
628,0.00540081
629,0.00540081
630,0.00540081
631,0.00540081
632,0.00546069
633,0.00546069
634,0.00543173
635,0.00543173
636,0.00543173
637,0.00543173
638,0.00543173
639,0.00543173
640,0.00543173
641,0.00539377
642,0.00539377
643,0.00541484
644,0.00541484
645,0.00541484
646,0.00541484
647,0.00541485
648,0.00541485
649,0.00541485
650,0.00541485
651,0.00541485
652,0.00541485
653,0.00541485
654,0.00541485
655,0.00541485
656,0.00541485
657,0.00541485
658,0.00538789
659,0.00538789
660,0.00538789
661,0.00545811
662,0.00545811
663,0.00538701
664,0.00538701
665,0.00538701
666,0.00538701
667,0.00538701
668,0.00538701
669,0.00538701
670,0.00538701
671,0.00538701
672,0.00538701
673,0.005387
674,0.005387
675,0.005387
676,0.005387
677,0.005387
678,0.005387
679,0.005387
680,0.00536098
681,0.00536098
682,0.00536098
683,0.00536098
684,0.00536098
685,0.00536098
686,0.00536098
687,0.00536098
688,0.00536098
689,0.00536098
690,0.00536098
691,0.00536098
692,0.00536128
693,0.00536128
694,0.005361
695,0.00536099
696,0.00536101
697,0.00536101
698,0.00536101
699,0.00536101
700,0.00536101
701,0.00536098
702,0.00550184
703,0.00550184
704,0.00536101
705,0.00536101
706,0.005361
707,0.005361
708,0.005361
709,0.005361
710,0.005361
711,0.005361
712,0.005361
713,0.005361
714,0.005361
715,0.005361
716,0.005361
717,0.005361
718,0.005361
719,0.005361
720,0.005361
721,0.005361
722,0.005361
723,0.005361
724,0.005361
725,0.005361
726,0.00550223
727,0.00550223
728,0.00550223
729,0.00550223
730,0.00551889
731,0.00551889
732,0.00551889
733,0.00551889
734,0.00551889
735,0.00551889
736,0.00550223
737,0.00550223
738,0.00550223
739,0.00550223
740,0.00550223
741,0.00550224
742,0.00550224
743,0.00550224
744,0.00550224
745,0.00550224
746,0.00550224
747,0.00550224
748,0.00551889
749,0.00551889
750,0.00551889
751,0.00551889
752,0.00551889
753,0.00551889
754,0.00551889
755,0.00551889
756,0.00551889
757,0.00551889
758,0.00551889
759,0.00551889
760,0.00551889
761,0.00551889
762,0.005524
763,0.005524
764,0.005524
765,0.00550252
766,0.00550252
767,0.00550252
768,0.00550223
769,0.00550223
770,0.00552407
771,0.00550223
772,0.00550223
773,0.00550223
774,0.00550223
775,0.00550223
776,0.00550223
777,0.00550223
778,0.00550223
779,0.00550223
780,0.00554057
781,0.00554057
782,0.00554057
783,0.00554057
784,0.00554057
785,0.00554057
786,0.00554057
787,0.00554057
788,0.00554057
789,0.00554057
790,0.00554057
791,0.00554057
792,0.00554057
793,0.00554057
794,0.00554057
795,0.00554057
796,0.00554057
797,0.00554057
798,0.00554057
799,0.00554057
800,0.00554057
801,0.00554057
802,0.00554057
803,0.00554057
804,0.00554057
805,0.00554057
806,0.00554057
807,0.00554057
808,0.00554057
809,0.00554057
810,0.00554057
811,0.00554057
812,0.00554057
813,0.00554057
814,0.00554057
815,0.00554057
816,0.00554057
817,0.00554057
818,0.00554057
819,0.00554057
820,0.00554057
821,0.00554057
822,0.00554056
823,0.00554056
824,0.00554056
825,0.00554055
826,0.00554055
827,0.00554055
828,0.00541783
829,0.00556509
830,0.00556509
831,0.00556509
832,0.00541793
833,0.00541793
834,0.00541806
835,0.00541806
836,0.00541806
837,0.00541806
838,0.00541806
839,0.00541806
840,0.00541806
841,0.00541806
842,0.00554139
843,0.00554139
844,0.00554139
845,0.00554139
846,0.00554139
847,0.00554139
848,0.00554139
849,0.00554139
850,0.00554139
851,0.00554139
852,0.00554139
853,0.00554139
854,0.00554139
855,0.00554139
856,0.00554139
857,0.00554139
858,0.00554139
859,0.00554139
860,0.00554139
861,0.00554139
862,0.00554139
863,0.00554139
864,0.0055227
865,0.0055227
866,0.0055227
867,0.0055227
868,0.0055227
869,0.0055227
870,0.0055227
871,0.0055227
872,0.0055227
873,0.0055227
874,0.0055227
875,0.0055227
876,0.0055227
877,0.0055227
878,0.0055227
879,0.0055227
880,0.0055227
881,0.0055227
882,0.0055227
883,0.0055227
884,0.0055227
885,0.0055227
886,0.0055227
887,0.0055227
888,0.0055227
889,0.0055227
890,0.0055227
891,0.0055227
892,0.0055227
893,0.0055227
894,0.0055227
895,0.0055227
896,0.0055227
897,0.0055227
898,0.0055227
899,0.0055227
900,0.0055227
901,0.0055227
902,0.0055227
903,0.00556508
904,0.00550015
905,0.00550015
906,0.00550015
907,0.00550015
908,0.00550015
909,0.00550015
910,0.00555128
911,0.00555128
912,0.00555128
913,0.00555128
914,0.00555128
915,0.00555128
916,0.00555128
917,0.00555128
918,0.00555128
919,0.00555127
920,0.00555127
921,0.00555127
922,0.00555127
923,0.00555127
924,0.00555127
925,0.00555127
926,0.00555127
927,0.00555127
928,0.00555127
929,0.00555127
930,0.00555127
931,0.00555127
932,0.00555127
933,0.00555127
934,0.00555127
935,0.00555127
936,0.00555127
937,0.00555127
938,0.00555127
939,0.00555127
940,0.00555127
941,0.00555127
942,0.00555127
943,0.00555127
944,0.00555127
945,0.00555127
946,0.00555127
947,0.00555127
948,0.00555127
949,0.00555127
950,0.00555127
951,0.00555127
952,0.00555127
953,0.00555127
954,0.00555127
955,0.00555127
956,0.00555127
957,0.00555127
958,0.00555127
959,0.00555127
960,0.00555127
961,0.00555127
962,0.0055
963,0.0055
964,0.0055
965,0.0055
966,0.0055
967,0.0055
968,0.0055
969,0.0055
970,0.0055
971,0.0055
972,0.0055
973,0.0055
974,0.0055
975,0.0055
976,0.0055
977,0.0055
978,0.00548103
979,0.00548103
980,0.00548103
981,0.00548103
982,0.00548103
983,0.00548103
984,0.00548103
985,0.00548103
986,0.00548103
987,0.00548103
988,0.00548103
989,0.00548103
990,0.00560101
991,0.00560101
992,0.00560101
993,0.00560101
994,0.00560101
995,0.00560101
996,0.00560101
997,0.00560101
998,0.00560101
999,0.00560101
1000,0.00560101
1001,0.00560101
1002,0.00560101
1003,0.00560101
1004,0.00560101
1005,0.00560101
1006,0.00560101
1007,0.00560101
1008,0.00560101
1009,0.00560101
1010,0.00549023
1011,0.00549023
1012,0.00560101
1013,0.00560101
1014,0.00560101
1015,0.00560101
1016,0.00560101
1017,0.00560101
1018,0.00560101
1019,0.00560101
1020,0.00560101
1021,0.00560101
1022,0.00560101
1023,0.00560101
1024,0.00560101
1025,0.00560101
1026,0.00560101
1027,0.00560101
1028,0.00560101
1029,0.00555
1030,0.00555
1031,0.00555
1032,0.00555
1033,0.00555
1034,0.00555
1035,0.00555
1036,0.00555
1037,0.00555
1038,0.00555
1039,0.00555
1040,0.00555
1041,0.00555
1042,0.00555
1043,0.00555
1044,0.00555
1045,0.00555
1046,0.00555
1047,0.00555
1048,0.00561511
1049,0.00561511
1050,0.00561511
1051,0.00561511
1052,0.00561511
1053,0.00561511
1054,0.00561511
1055,0.00561511
1056,0.00561511
1057,0.00561511
1058,0.00561511
1059,0.00561511
1060,0.00561511
1061,0.00561511
1062,0.00561511
1063,0.00561511
1064,0.00561511
1065,0.00561511
1066,0.00561511
1067,0.00561511
1068,0.00561511
1069,0.00561509
1070,0.00561509
1071,0.00561509
1072,0.00561509
1073,0.00561509
1074,0.00561509
1075,0.00561509
1076,0.00561509
1077,0.0055505
1078,0.0055505
1079,0.0055505
1080,0.0055505
1081,0.0055505
1082,0.0055505
1083,0.0055505
1084,0.0055505
1085,0.005615
1086,0.005615
1087,0.005615
1088,0.005615
1089,0.005615
1090,0.005615
1091,0.005615
1092,0.005615
1093,0.005615
1094,0.005615
1095,0.005615
1096,0.005615
1097,0.005615
1098,0.005615
1099,0.005615
1100,0.005615
1101,0.005615
1102,0.005615
1103,0.005615
1104,0.005615
1105,0.005615
1106,0.005615
1107,0.005615
1108,0.005615
1109,0.00561511
1110,0.00561511
1111,0.00561511
1112,0.00561511
1113,0.0056
1114,0.0056
1115,0.00561761
1116,0.00561761
1117,0.00561761
1118,0.00561761
1119,0.00561761
1120,0.00561761
1121,0.00561761
1122,0.00561761
1123,0.00561761
1124,0.00561761
1125,0.00561761
1126,0.00561761
1127,0.00561761
1128,0.00561761
1129,0.00561761
1130,0.00561761
1131,0.00561761
1132,0.00561761
1133,0.00561761
1134,0.00561761
1135,0.00561761
1136,0.00561761
1137,0.00561761
1138,0.00561761
1139,0.00561761
1140,0.00561761
1141,0.00561761
1142,0.00561761
1143,0.00561761
1144,0.00561761
1145,0.00561761
1146,0.00561761
1147,0.00561761
1148,0.00561761
1149,0.00561761
1150,0.00561761
1151,0.00561761
1152,0.00561761
1153,0.00558436
1154,0.00558436
1155,0.00562772
1156,0.00562772
1157,0.00562772
1158,0.00562772
1159,0.00562772
1160,0.00562772
1161,0.00562772
1162,0.00562772
1163,0.00562772
1164,0.00562772
1165,0.00562772
1166,0.00562772
1167,0.00562772
1168,0.00562772
1169,0.00562772
1170,0.0056388
1171,0.0056388
1172,0.0056388
1173,0.0056388
1174,0.0056388
1175,0.0056388
1176,0.0056388
1177,0.0056388
1178,0.0056388
1179,0.0056388
1180,0.0056388
1181,0.0056388
1182,0.0056388
1183,0.0056388
1184,0.0056388
1185,0.0056388
1186,0.0056388
1187,0.00562772
1188,0.00562772
1189,0.00562772
1190,0.00562772
1191,0.00562772
1192,0.00562772
1193,0.00562772
1194,0.00562772
1195,0.00562772
1196,0.00562772
1197,0.00562772
1198,0.00562772
1199,0.00562772
1200,0.00562772
1201,0.00562772
1202,0.00562772
1203,0.00562772
1204,0.00562772
1205,0.00562772
1206,0.00562772
1207,0.00562772
1208,0.00562772
1209,0.00562772
1210,0.00562772
1211,0.00562772
1212,0.00562772
1213,0.00562772
1214,0.00562772
1215,0.00562772
1216,0.00562772
1217,0.00562772
1218,0.00562772
1219,0.00562772
1220,0.00562772
1221,0.00562772
1222,0.00562772
1223,0.00562772
1224,0.00562772
1225,0.00562772
1226,0.00562772
1227,0.00562772
1228,0.00562772
1229,0.00562772
1230,0.00562772
1231,0.00562772
1232,0.00562772
1233,0.00562772
1234,0.00562772
1235,0.00562772
1236,0.00562772
1237,0.00562772
1238,0.00562772
1239,0.00562772
1240,0.00562772
1241,0.00562772
1242,0.00562772
1243,0.00562772
1244,0.00562772
1245,0.00562772
1246,0.00562772
1247,0.00562772
1248,0.00562772
1249,0.00562772
1250,0.00562772
1251,0.00562772
1252,0.00562772
1253,0.00562772
1254,0.00562772
1255,0.00562772
1256,0.00562772
1257,0.00562772
1258,0.00562772
1259,0.00562772
1260,0.00562772
1261,0.00562772
1262,0.00562772
1263,0.00562772
1264,0.00562772
1265,0.00562772
1266,0.00562772
1267,0.00562772
1268,0.00562772
1269,0.00562772
1270,0.00562772
1271,0.00562772
1272,0.00562772
1273,0.00562772
1274,0.00562772
1275,0.00562772
1276,0.00562772
1277,0.00562772
1278,0.00562772
1279,0.00562772
1280,0.00562772
1281,0.00562772
1282,0.00562772
1283,0.00562772
1284,0.00562772
1285,0.00562772
1286,0.00562772
1287,0.00562772
1288,0.00562772
1289,0.00562772
1290,0.00562772
1291,0.00562772
1292,0.00562772
1293,0.00562772
1294,0.00562772
1295,0.00562772
1296,0.00562772
1297,0.00562772
1298,0.00562772
1299,0.00562772
1300,0.00562772
1301,0.00562772
1302,0.00562772
1303,0.00562772
1304,0.00562772
1305,0.00562772
1306,0.00562772
1307,0.00562772
1308,0.00562772
1309,0.00562772
1310,0.00562772
1311,0.00563986
1312,0.00563986
1313,0.00555676
1314,0.00563985
1315,0.00563985
1316,0.00563985
1317,0.00563985
1318,0.00563985
1319,0.00563985
1320,0.00563986
1321,0.00563986
1322,0.00563986
1323,0.00563986
1324,0.00563986
1325,0.00563986
1326,0.00563986
1327,0.00563986
1328,0.00563986
1329,0.00563986
1330,0.00563986
1331,0.00563986
1332,0.00563986
1333,0.00563986
1334,0.00563986
1335,0.00563986
1336,0.00563986
1337,0.00563986
1338,0.00563986
1339,0.00563986
1340,0.00563986
1341,0.00563986
1342,0.0055571
1343,0.0055571
1344,0.0055571
1345,0.0055571
1346,0.0055571
1347,0.0055571
1348,0.0055571
1349,0.0055571
1350,0.0055571
1351,0.0055571
1352,0.0055571
1353,0.0055571
1354,0.0055571
1355,0.0055571
1356,0.0055571
1357,0.0055571
1358,0.0055571
1359,0.0055571
1360,0.0055571
1361,0.00555
1362,0.00555
1363,0.00555
1364,0.00555
1365,0.00555
1366,0.00555
1367,0.00555
1368,0.00555
1369,0.00555
1370,0.00555
1371,0.00555
1372,0.00555
1373,0.00555
1374,0.00555
1375,0.00555
1376,0.00555
1377,0.00555
1378,0.00555
1379,0.00555
1380,0.00555
1381,0.00555
1382,0.00555
1383,0.00555
1384,0.00555
1385,0.00555
1386,0.00555
1387,0.00555
1388,0.00555
1389,0.00555
1390,0.00555
1391,0.00555
1392,0.00555
1393,0.00555
1394,0.00555
1395,0.00555
1396,0.00555
1397,0.00555
1398,0.00555
1399,0.00555
1400,0.00555
1401,0.00555
1402,0.00555
1403,0.00555
1404,0.00555
1405,0.00555
1406,0.00555
1407,0.00555
1408,0.00555
1409,0.00555
1410,0.00555
1411,0.00555
1412,0.00555
1413,0.00555
1414,0.00555
1415,0.00555
1416,0.00555
1417,0.00556645
1418,0.00555
1419,0.00555
1420,0.00555
1421,0.00555
1422,0.0055002
1423,0.00546804
1424,0.00559993
1425,0.00539538
1426,0.00539538
1427,0.00539538
1428,0.00539538
1429,0.00539538
1430,0.00539538
1431,0.00539538
1432,0.00539538
1433,0.00538117
1434,0.00538117
1435,0.00538117
1436,0.00538117
1437,0.00539538
1438,0.00539537
1439,0.00539537
1440,0.00539537
1441,0.00539537
1442,0.00539537
1443,0.00539537
1444,0.00539537
1445,0.00539537
1446,0.00539537
1447,0.00539537
1448,0.00539537
1449,0.00539537
1450,0.00539538
1451,0.00542017
1452,0.00542017
1453,0.00542017
1454,0.00542017
1455,0.00542017
1456,0.00542017
1457,0.00544563
1458,0.00544563
1459,0.00544563
1460,0.00544563
1461,0.00544563
1462,0.00544563
1463,0.00544563
1464,0.00544543
1465,0.00544543
1466,0.00544543
1467,0.00544543
1468,0.00544543
1469,0.00544543
1470,0.00544543
1471,0.00544543
1472,0.00544543
1473,0.0054
1474,0.0054
1475,0.0054
1476,0.0054
1477,0.0054
1478,0.0054
1479,0.0054
1480,0.00539999
1481,0.00539999
1482,0.00539999
1483,0.00539999
1484,0.00539999
1485,0.00539999
1486,0.00539999
1487,0.00539999
1488,0.005311
1489,0.005311
1490,0.00540306
1491,0.00540306
1492,0.00540306
1493,0.00540306
1494,0.00540306
1495,0.00540306
1496,0.00540306
1497,0.00540306
1498,0.00540306
1499,0.00540306
1500,0.00540306
1501,0.00540306
1502,0.00540306
1503,0.00540306
1504,0.00540306
1505,0.00531206
1506,0.00531206
1507,0.00531224
1508,0.00531224
1509,0.00531224
1510,0.00531224
1511,0.00539949
1512,0.00539949
1513,0.00539949
1514,0.00539949
1515,0.00539949
1516,0.00539949
1517,0.00539949
1518,0.00539949
1519,0.00539874
1520,0.00539874
1521,0.00539874
1522,0.00539874
1523,0.00539874
1524,0.00539874
1525,0.00539874
1526,0.00539874
1527,0.00539874
1528,0.00539874
1529,0.00539874
1530,0.00539874
1531,0.00539874
1532,0.00539874
1533,0.00535597
1534,0.00535597
1535,0.00535597
1536,0.00535597
1537,0.00535597
1538,0.00535597
1539,0.00535597
1540,0.00535597
1541,0.00535597
1542,0.00535597
1543,0.00535597
1544,0.00535597
1545,0.00535597
1546,0.00535597
1547,0.00535597
1548,0.00535597
1549,0.00535597
1550,0.00535597
1551,0.00535597
1552,0.00535597
1553,0.00535571
1554,0.00535571
1555,0.00535571
1556,0.00535571
1557,0.00535597
1558,0.00535597
1559,0.00535597
1560,0.00535597
1561,0.00535597
1562,0.00535597
1563,0.00535597
1564,0.00535597
1565,0.00535597
1566,0.00535597
1567,0.00535597
1568,0.00535597
1569,0.00535597
1570,0.00535597
1571,0.00535597
1572,0.00540875
1573,0.00540875
1574,0.00540875
1575,0.00540875
1576,0.00540875
1577,0.00540875
1578,0.00540875
1579,0.00540875
1580,0.00540875
1581,0.00540875
1582,0.005311
1583,0.005311
1584,0.005311
1585,0.005311
1586,0.005311
1587,0.005311
1588,0.005311
1589,0.005311
1590,0.005311
1591,0.00531125
1592,0.005311
1593,0.005311
1594,0.005311
1595,0.005311
1596,0.005311
1597,0.005311
1598,0.005311
1599,0.00531101
1600,0.005311
1601,0.005311
1602,0.005311
1603,0.005311
1604,0.005311
1605,0.005311
1606,0.005311
1607,0.005311
1608,0.005311
1609,0.005311
1610,0.005311
1611,0.005311
1612,0.00540255
1613,0.00540255
1614,0.00540255
1615,0.00540255
1616,0.00540255
1617,0.005311
1618,0.005311
1619,0.005311
1620,0.00540154
1621,0.00540154
1622,0.00540154
1623,0.00540154
1624,0.00540154
1625,0.005312
1626,0.005312
1627,0.005312
1628,0.005312
1629,0.005312
1630,0.005312
1631,0.005312
1632,0.005312
1633,0.005312
1634,0.005312
1635,0.005312
1636,0.005312
1637,0.005312
1638,0.005312
1639,0.00536692
1640,0.00536692
1641,0.00536692
1642,0.00536692
1643,0.00536692
1644,0.0053987
1645,0.0053987
1646,0.0053987
1647,0.0053987
1648,0.00539801
1649,0.00539801
1650,0.00539801
1651,0.005311
1652,0.005311
1653,0.005311
1654,0.005311
1655,0.005311
1656,0.005311
1657,0.005311
1658,0.005311
1659,0.0053964
1660,0.005311
1661,0.005311
1662,0.005311
1663,0.005311
1664,0.005311
1665,0.005311
1666,0.005311
1667,0.005311
1668,0.005311
1669,0.005311
1670,0.005311
1671,0.00531101
1672,0.00531101
1673,0.00531101
1674,0.00531101
1675,0.00531101
1676,0.00531101
1677,0.00531101
1678,0.00531101
1679,0.00531101
1680,0.00531101
1681,0.00531101
1682,0.00531101
1683,0.00531101
1684,0.00531101
1685,0.00531101
1686,0.00531101
1687,0.00531101
1688,0.005311
1689,0.005311
1690,0.005311
1691,0.005311
1692,0.005311
1693,0.005311
1694,0.005392
1695,0.005392
1696,0.005392
1697,0.005392
1698,0.005392
1699,0.005392
1700,0.005392
1701,0.005392
1702,0.005311
1703,0.005311
1704,0.005311
1705,0.005311
1706,0.005311
1707,0.005311
1708,0.005311
1709,0.005311
1710,0.005311
1711,0.005311
1712,0.005311
1713,0.005311
1714,0.005311
1715,0.005311
1716,0.005311
1717,0.005311
1718,0.005311
1719,0.005311
1720,0.005311
1721,0.005311
1722,0.005311
1723,0.005311
1724,0.005311
1725,0.005311
1726,0.005311
1727,0.005311
1728,0.005311
1729,0.005311
1730,0.00538646
1731,0.00538646
1732,0.00538646
1733,0.00538646
1734,0.00538646
1735,0.00538646
1736,0.005311
1737,0.005311
1738,0.005311
1739,0.005311
1740,0.005311
1741,0.005311
1742,0.005311
1743,0.005311
1744,0.005311
1745,0.005311
1746,0.005311
1747,0.005311
1748,0.005311
1749,0.005311
1750,0.005311
1751,0.005311
1752,0.005311
1753,0.005311
1754,0.005311
1755,0.005311
1756,0.005311
1757,0.005311
1758,0.005311
1759,0.005311
1760,0.005311
1761,0.005311
1762,0.005311
1763,0.005311
1764,0.005311
1765,0.005311
1766,0.005311
1767,0.005311
1768,0.005311
1769,0.005311
1770,0.005311
1771,0.005311
1772,0.005311
1773,0.005311
1774,0.005311
1775,0.005311
1776,0.005311
1777,0.005311
1778,0.005311
1779,0.005311
1780,0.005311
1781,0.005311
1782,0.005311
1783,0.005311
1784,0.005311
1785,0.005311
1786,0.005311
1787,0.005311
1788,0.005311
1789,0.005311
1790,0.005311
1791,0.00537721
1792,0.00537721
1793,0.00537721
1794,0.00537721
1795,0.00537721
1796,0.00537721
1797,0.00537721
1798,0.00537721
1799,0.00537721
1800,0.00537721
1801,0.00537721
1802,0.00537721
1803,0.00537721
1804,0.00537721
1805,0.00537721
1806,0.00537721
1807,0.00537721
1808,0.00537721
1809,0.00537721
1810,0.00537721
1811,0.00537721
1812,0.00537721
1813,0.00537721
1814,0.00537721
1815,0.00537721
1816,0.00537721
1817,0.00537721
1818,0.00537721
1819,0.00537721
1820,0.00537348
1821,0.00537348
1822,0.00537348
1823,0.00537348
1824,0.00537348
1825,0.00537348
1826,0.00537348
1827,0.00537348
1828,0.00537348
1829,0.00537348
1830,0.00537348
1831,0.00537348
1832,0.00537348
1833,0.00537348
1834,0.00537348
1835,0.00537348
1836,0.00537348
1837,0.00537348
1838,0.00537348
1839,0.00537348
1840,0.00537348
1841,0.00537348
1842,0.00537348
1843,0.00537348
1844,0.00537348
1845,0.00537348
1846,0.00537348
1847,0.00537348
1848,0.00537348
1849,0.00537348
1850,0.00537348
1851,0.00537348
1852,0.00537348
1853,0.00537348
1854,0.00537348
1855,0.00537348
1856,0.00537348
1857,0.00537348
1858,0.00537348
1859,0.00537348
1860,0.00537348
1861,0.00537348
1862,0.00537348
1863,0.00537348
1864,0.00537348
1865,0.00522
1866,0.00522
1867,0.00522
1868,0.00522
1869,0.00536621
1870,0.00536621
1871,0.00536621
1872,0.00536621
1873,0.00536621
1874,0.00522025
1875,0.00522025
1876,0.00522025
1877,0.00522025
1878,0.00522025
1879,0.00522025
1880,0.00522025
1881,0.00522025
1882,0.00522025
1883,0.00522025
1884,0.00522025
1885,0.00522025
1886,0.00522025
1887,0.00522025
1888,0.00535936
1889,0.00533339
1890,0.00533339
1891,0.00533339
1892,0.00533339
1893,0.00533339
1894,0.00533339
1895,0.00533339
1896,0.00533339
1897,0.00533339
1898,0.00522024
1899,0.00522023
1900,0.00522023
1901,0.00522023
1902,0.00522022
1903,0.00522022
1904,0.00522
1905,0.0052202
1906,0.00522019
1907,0.00522019
1908,0.00522019
1909,0.00522019
1910,0.00522019
1911,0.00522019
1912,0.00522019
1913,0.00522019
1914,0.00522019
1915,0.00522019
1916,0.00522019
1917,0.00522019
1918,0.00522019
1919,0.00522
1920,0.00522
1921,0.00522
1922,0.00522
1923,0.00522
1924,0.00522
1925,0.00522023
1926,0.00522023
1927,0.00522023
1928,0.00522023
1929,0.00522023
1930,0.00522023
1931,0.00522023
1932,0.00522023
1933,0.00522023
1934,0.00522023
1935,0.00522023
1936,0.00522023
1937,0.00522023
1938,0.00522023
1939,0.00522023
1940,0.00522023
1941,0.00522023
1942,0.00522023
1943,0.00522023
1944,0.00522023
1945,0.00522023
1946,0.00522024
1947,0.00522024
1948,0.00522024
1949,0.00522024
1950,0.00522024
1951,0.00522024
1952,0.00522029
1953,0.00522029
1954,0.00522029
1955,0.00522029
1956,0.00522029
1957,0.00522029
1958,0.00522029
1959,0.00522029
1960,0.00522029
1961,0.00522029
1962,0.00522029
1963,0.00522029
1964,0.00522029
1965,0.00522029
1966,0.00522029
1967,0.00522029
1968,0.00522029
1969,0.00522
1970,0.00522
1971,0.00522
1972,0.00522
1973,0.00522
1974,0.00522
1975,0.00522
1976,0.00522
1977,0.00522
1978,0.00522
1979,0.00522
1980,0.00522
1981,0.00522
1982,0.00522
1983,0.00529851
1984,0.00529851
1985,0.00529851
1986,0.00521
1987,0.00521
1988,0.00521
1989,0.00521
1990,0.00521
1991,0.00521
1992,0.00521
1993,0.00511
1994,0.00511
1995,0.00511
1996,0.00511
1997,0.00511
1998,0.00511
1999,0.00511
2000,0.00520662
2001,0.00520662
2002,0.00520662
2003,0.00520662
2004,0.00520662
2005,0.00520662
2006,0.00520662
2007,0.00520662
2008,0.00520662
2009,0.00520662
2010,0.00517731
2011,0.00517731
2012,0.00517731
2013,0.00517731
2014,0.00517731
2015,0.00517731
2016,0.00517731
2017,0.00517731
2018,0.00517731
2019,0.00517731
2020,0.00517731
2021,0.00517731
2022,0.00517731
2023,0.00517731
2024,0.00517731
2025,0.00517731
2026,0.00517731
2027,0.00517731
2028,0.00517731
2029,0.00517731
2030,0.00517731
2031,0.00517731
2032,0.00517731
2033,0.00517731
2034,0.00517731
2035,0.00517731
2036,0.00517731
2037,0.00517731
2038,0.00517731
2039,0.00517731
2040,0.00517731
2041,0.00517731
2042,0.00504072
2043,0.00504072
2044,0.00504073
2045,0.00504072
2046,0.00504072
2047,0.00504071
2048,0.00504071
2049,0.00504029
2050,0.00504029
2051,0.00504029
2052,0.00504029
2053,0.00504029
2054,0.00504029
2055,0.00504029
2056,0.00504029
2057,0.00504029
2058,0.00504029
2059,0.005037
2060,0.005037
2061,0.005037
2062,0.005037
2063,0.005037
2064,0.005037
2065,0.00504029
2066,0.00503702
2067,0.00503702
2068,0.00503702
2069,0.00503702
2070,0.00503702
2071,0.00503702
2072,0.00503702
2073,0.00503702
2074,0.00503702
2075,0.00503702
2076,0.00503702
2077,0.00503702
2078,0.00503702
2079,0.00503702
2080,0.00503702
2081,0.00503776
2082,0.00503776
2083,0.00503776
2084,0.00503776
2085,0.00503776
2086,0.00503776
2087,0.00503776
2088,0.00503776
2089,0.00503776
2090,0.00503776
2091,0.00503776
2092,0.00503776
2093,0.00503776
2094,0.00503776
2095,0.00503776
2096,0.00503776
2097,0.00503776
2098,0.00503776
2099,0.00503776
2100,0.00503776
2101,0.00503776
2102,0.00503776
2103,0.00503776
2104,0.00503776
2105,0.00516765
2106,0.00516765
2107,0.00516765
2108,0.00516765
2109,0.00516765
2110,0.00516717
2111,0.00516717
2112,0.00516717
2113,0.0051
2114,0.0051
2115,0.0051
2116,0.00509998
2117,0.00509998
2118,0.00509998
2119,0.00509998
2120,0.00509998
2121,0.00509998
2122,0.00509998
2123,0.00509998
2124,0.00504002
2125,0.00504002
2126,0.00504002
2127,0.00504002
2128,0.00504002
2129,0.00504002
2130,0.00509042
2131,0.00503701
2132,0.00503701
2133,0.00503701
2134,0.00503701
2135,0.00503701
2136,0.00503701
2137,0.005037
2138,0.00508737
2139,0.00508737
2140,0.00508737
2141,0.00508737
2142,0.00508737
2143,0.00508737
2144,0.00508737
2145,0.00508737
2146,0.00508737
2147,0.00508737
2148,0.00508737
2149,0.00508737
2150,0.00508737
2151,0.00508737
2152,0.00508737
2153,0.00508737
2154,0.00508737
2155,0.00508737
2156,0.00508737
2157,0.00501651
2158,0.00501651
2159,0.00501651
2160,0.00501651
2161,0.00501651
2162,0.00501651
2163,0.00501651
2164,0.00501651
2165,0.00501651
2166,0.00501651
2167,0.00501651
2168,0.00501651
2169,0.00501651
2170,0.00501651
2171,0.00501651
2172,0.00501651
2173,0.00501651
2174,0.00501651
2175,0.00501651
2176,0.00501651
2177,0.00501651
2178,0.00501651
2179,0.00501651
2180,0.00501651
2181,0.00501651
2182,0.00501651
2183,0.00501651
2184,0.00501651
2185,0.00501651
2186,0.00501651
2187,0.00501651
2188,0.00501651
2189,0.00501651
2190,0.00501651
2191,0.00501651
2192,0.00501651
2193,0.00501651
2194,0.00501651
2195,0.00501651
2196,0.00501651
2197,0.00501651
2198,0.00501651
2199,0.00501651
2200,0.00501651
2201,0.00501651
2202,0.00501651
2203,0.00501651
2204,0.00501651
2205,0.00501651
2206,0.00501651
2207,0.00501651
2208,0.00501651
2209,0.00501651
2210,0.00501651
2211,0.00501651
2212,0.00501651
2213,0.00501651
2214,0.00501651
2215,0.00501651
2216,0.00501651
2217,0.00501651
2218,0.00501651
2219,0.00501651
2220,0.00501651
2221,0.00501651
2222,0.00501651
2223,0.00508735
2224,0.00508735
2225,0.00508735
2226,0.00508735
2227,0.00508735
2228,0.00508735
2229,0.00508735
2230,0.00508735
2231,0.00508735
2232,0.00508735
2233,0.00508735
2234,0.00509998
2235,0.0051
2236,0.0051
2237,0.0051
2238,0.0051
2239,0.0051
2240,0.0051
2241,0.0051
2242,0.0051
2243,0.0051
2244,0.0051
2245,0.0051
2246,0.0051
2247,0.0051
2248,0.0051
2249,0.0051
2250,0.0051
2251,0.0051
2252,0.0051
2253,0.0051
2254,0.0051
2255,0.0051
2256,0.0051
2257,0.0051
2258,0.0051
2259,0.0051
2260,0.0051
2261,0.0051
2262,0.0051
2263,0.0051
2264,0.0051
2265,0.0051
2266,0.0051
2267,0.0051
2268,0.0051
2269,0.0051
2270,0.0051
2271,0.0051
2272,0.0051
2273,0.0051
2274,0.0051
2275,0.0051
2276,0.0051
2277,0.0051
2278,0.0051
2279,0.0051
2280,0.0051
2281,0.0051
2282,0.0051
2283,0.0051
2284,0.0051
2285,0.00514916
2286,0.00514916
2287,0.00514897
2288,0.00514889
2289,0.0051487
2290,0.0051487
2291,0.0051487
2292,0.0051487
2293,0.0051487
2294,0.0051487
2295,0.0051483
2296,0.0051483
2297,0.00514811
2298,0.00514811
2299,0.00514811
2300,0.00514811
2301,0.00514811
2302,0.00514811
2303,0.00514811
2304,0.00514811
2305,0.00514811
2306,0.00514811
2307,0.00514811
2308,0.00514811
2309,0.00514811
2310,0.00514811
2311,0.00514811
2312,0.00514811
2313,0.00514811
2314,0.00514811
2315,0.00514811
2316,0.00514811
2317,0.00514811
2318,0.00514811
2319,0.00514811
2320,0.00514811
2321,0.00514811
2322,0.00514811
2323,0.00514811
2324,0.00514811
2325,0.00514811
2326,0.00514811
2327,0.00514811
2328,0.00514811
2329,0.00514811
2330,0.00514811
2331,0.00514811
2332,0.00514811
2333,0.00514811
2334,0.00514811
2335,0.00514811
2336,0.00514811
2337,0.00514811
2338,0.00514811
2339,0.00514811
2340,0.00514811
2341,0.00514811
2342,0.00514811
2343,0.00514811
2344,0.00514811
2345,0.00514811
2346,0.00514811
2347,0.00514811
2348,0.00514811
2349,0.00514811
2350,0.00514811
2351,0.00514811
2352,0.00514811
2353,0.00514811
2354,0.00514811
2355,0.00514811
2356,0.00514811
2357,0.00514811
2358,0.00514811
2359,0.00514811
2360,0.00514811
2361,0.00514811
2362,0.00514811
2363,0.00514811
2364,0.00509498
2365,0.00509498
2366,0.00509498
2367,0.00509498
2368,0.00509498
2369,0.00509498
2370,0.00509498
2371,0.00509498
2372,0.00509498
2373,0.00509498
2374,0.00509498
2375,0.00509498
2376,0.00509498
2377,0.00509498
2378,0.00509498
2379,0.00509498
2380,0.00509498
2381,0.00509498
2382,0.00509498
2383,0.00509498
2384,0.00509498
2385,0.00509498
2386,0.00509498
2387,0.00509498
2388,0.0050803
2389,0.0050803
2390,0.0050803
2391,0.0050803
2392,0.0050803
2393,0.0050803
2394,0.0050803
2395,0.0050803
2396,0.0050803
2397,0.0050803
2398,0.0050803
2399,0.0050803
2400,0.0050803
2401,0.0050803
2402,0.0050803
2403,0.0050803
2404,0.0050803
2405,0.0050803
2406,0.0050803
2407,0.0050803
2408,0.0050803
2409,0.0050803
2410,0.0050803
2411,0.0050803
2412,0.0050803
2413,0.0050803
2414,0.0050803
2415,0.0050803
2416,0.0050803
2417,0.0050803
2418,0.0050803
2419,0.0050803
2420,0.0050803
2421,0.0050803
2422,0.0050803
2423,0.0050803
2424,0.0050803
2425,0.0050803
2426,0.0050803
2427,0.0050803
2428,0.0050803
2429,0.0050803
2430,0.0050803
2431,0.0050803
2432,0.0050803
2433,0.0050803
2434,0.0050803
2435,0.0050803
2436,0.0050803
2437,0.0050803
2438,0.0050803
2439,0.0050803
2440,0.0050803
2441,0.0050803
2442,0.0050803
2443,0.0050803
2444,0.0050803
2445,0.0050803
2446,0.0050803
2447,0.0050803
2448,0.0050803
2449,0.0050803
2450,0.0050803
2451,0.0050803
2452,0.0050803
2453,0.0050803
2454,0.0050803
2455,0.0050803
2456,0.0050803
2457,0.0050803
2458,0.0050803
2459,0.0050803
2460,0.0050803
2461,0.00513153
2462,0.00513153
2463,0.00513153
2464,0.00513153
2465,0.00513153
2466,0.00513153
2467,0.00513153
2468,0.00513153
2469,0.00513153
2470,0.00513153
2471,0.00513153
2472,0.00513153
2473,0.00513153
2474,0.00513153
2475,0.00513153
2476,0.00513153
2477,0.00513153
2478,0.00513153
2479,0.00513153
2480,0.00513153
2481,0.00513153
2482,0.00513153
2483,0.00513153
2484,0.00513153
2485,0.00513153
2486,0.00513153
2487,0.00513153
2488,0.00513153
2489,0.00513153
2490,0.00512889
2491,0.00512889
2492,0.00512889
2493,0.00512889
2494,0.00512889
2495,0.00512889
2496,0.00512889
2497,0.00512889
2498,0.00512889
2499,0.00512889
2500,0.00512889
2501,0.00512889
2502,0.00512889
2503,0.00512889
2504,0.00512889
2505,0.00512889
2506,0.00512889
2507,0.00512889
2508,0.00512889
2509,0.00512889
2510,0.00512889
2511,0.00523669
2512,0.00523669
2513,0.00523669
2514,0.00523669
2515,0.00523669
2516,0.00523669
2517,0.00523669
2518,0.00523669
2519,0.00523669
2520,0.00523669
2521,0.00523669
2522,0.00523669
2523,0.00523669
2524,0.00523669
2525,0.00523669
2526,0.00523669
2527,0.0051004
2528,0.0051004
2529,0.0051004
2530,0.0051004
2531,0.0051004
2532,0.0051004
2533,0.0051004
2534,0.0051004
2535,0.0051004
2536,0.0051004
2537,0.0051004
2538,0.0051004
2539,0.0051004
2540,0.0051004
2541,0.0051004
2542,0.0051004
2543,0.0051004
2544,0.0051004
2545,0.0051004
2546,0.0051004
2547,0.00515166
2548,0.0052166
2549,0.0052166
2550,0.0052166
2551,0.0052166
2552,0.0052166
2553,0.00515044
2554,0.00515044
2555,0.00515044
2556,0.00515044
2557,0.00515044
2558,0.00515044
2559,0.00515044
2560,0.00515044
2561,0.00515044
2562,0.00515044
2563,0.00515044
2564,0.00515044
2565,0.00515044
2566,0.00515044
2567,0.00515044
2568,0.00515044
2569,0.00515044
2570,0.00515044
2571,0.00515044
2572,0.00515044
2573,0.00515044
2574,0.00515044
2575,0.00515044
2576,0.00515044
2577,0.00515044
2578,0.00515044
2579,0.00515044
2580,0.00515044
2581,0.00515044
2582,0.00515044
2583,0.00515044
2584,0.00523397
2585,0.00523397
2586,0.00523397
2587,0.00523397
2588,0.00523397
2589,0.00523397
2590,0.00523397
2591,0.00523397
2592,0.00523397
2593,0.00523397
2594,0.00523397
2595,0.00523397
2596,0.00523397
2597,0.00523397
2598,0.00523397
2599,0.00523397
2600,0.00523397
2601,0.00523397
2602,0.00523397
2603,0.00523397
2604,0.00523397
2605,0.00523397
2606,0.00523397
2607,0.00523397
2608,0.00523397
2609,0.00523397
2610,0.00523397
2611,0.00523397
2612,0.00523397
2613,0.00523397
2614,0.00523397
2615,0.00523397
2616,0.00523397
2617,0.00523397
2618,0.00523397
2619,0.00523397
2620,0.00523397
2621,0.00523397
2622,0.00523397
2623,0.00523397
2624,0.00523397
2625,0.00523397
2626,0.00523397
2627,0.00523397
2628,0.00523397
2629,0.00523397
2630,0.00523397
2631,0.00523397
2632,0.00523397
2633,0.00523397
2634,0.00523397
2635,0.00523397
2636,0.00523397
2637,0.00523397
2638,0.00523397
2639,0.00523397
2640,0.00523397
2641,0.00523397
2642,0.00523397
2643,0.00523397
2644,0.00523397
2645,0.00523397
2646,0.00523397
2647,0.00523397
2648,0.00523397
2649,0.00523397
2650,0.00523397
2651,0.00523397
2652,0.00523397
2653,0.00523397
2654,0.00523397
2655,0.00523397
2656,0.00515045
2657,0.00515045
2658,0.00515045
2659,0.00515045
2660,0.005096
2661,0.00504166
2662,0.00514524
2663,0.00514522
2664,0.00514522
2665,0.00514518
2666,0.00514518
2667,0.00514518
2668,0.00514518
2669,0.00514518
2670,0.00514517
2671,0.00514517
2672,0.00514517
2673,0.00514517
2674,0.00514517
2675,0.00514517
2676,0.00514517
2677,0.00514517
2678,0.00514517
2679,0.00514517
2680,0.00514517
2681,0.00514517
2682,0.00514517
2683,0.00514517
2684,0.00514517
2685,0.00514517
2686,0.00514517
2687,0.00514517
2688,0.00514517
2689,0.00514517
2690,0.00514517
2691,0.00514517
2692,0.00514517
2693,0.00514517
2694,0.00514517
2695,0.00514517
2696,0.00514517
2697,0.00514517
2698,0.00514517
2699,0.00514517
2700,0.00514517
2701,0.00514517
2702,0.00514517
2703,0.00514517
2704,0.00514517
2705,0.00514517
2706,0.00514517
2707,0.00514517
2708,0.00514517
2709,0.00514517
2710,0.00514517
2711,0.00514517
2712,0.00514517
2713,0.00514517
2714,0.00514517
2715,0.00514517
2716,0.00514517
2717,0.00514517
2718,0.00514517
2719,0.00514517
2720,0.00514517
2721,0.00514517
2722,0.00514517
2723,0.00514517
2724,0.00514517
2725,0.00514517
2726,0.00514517
2727,0.00514517
2728,0.00514517
2729,0.00514517
2730,0.00514517
2731,0.00514517
2732,0.00514517
2733,0.00514517
2734,0.00514517
2735,0.00514517
2736,0.00522555
2737,0.00522555
2738,0.00522555
2739,0.00522555
2740,0.00522555
2741,0.00522555
2742,0.00522555
2743,0.00522555
2744,0.00522555
2745,0.00522555
2746,0.00522555
2747,0.0052
2748,0.0052
2749,0.0052
2750,0.0052
2751,0.0052
2752,0.0052
2753,0.0052
2754,0.0052
2755,0.0052
2756,0.0052
2757,0.00515817
2758,0.00515816
2759,0.00515101
2760,0.00512666
2761,0.00506682
2762,0.00506682
2763,0.00506682
2764,0.00506682
2765,0.00506682
2766,0.00506682
2767,0.00506682
2768,0.00506682
2769,0.00506682
2770,0.00506682
2771,0.00506682
2772,0.00506682
2773,0.00506682
2774,0.00506682
2775,0.00506682
2776,0.00506682
2777,0.00506682
2778,0.00506682
2779,0.00506682
2780,0.00506682
2781,0.00506682
2782,0.00506682
2783,0.00506682
2784,0.00506682
2785,0.00506682
2786,0.00506682
2787,0.00506682
2788,0.00506682
2789,0.00506682
2790,0.00506682
2791,0.00506682
2792,0.00506682
2793,0.00506682
2794,0.00521863
2795,0.00521863
2796,0.00521863
2797,0.00521863
2798,0.00521863
2799,0.00521863
2800,0.00521863
2801,0.00521863
2802,0.00521863
2803,0.00521863
2804,0.00521863
2805,0.00521863
2806,0.00521863
2807,0.00521863
2808,0.00521863
2809,0.00521863
2810,0.00521863
2811,0.00521863
2812,0.00521863
2813,0.00521863
2814,0.00521863
2815,0.00521863
2816,0.00521863
2817,0.00521863
2818,0.00521863
2819,0.00521863
2820,0.00521863
2821,0.00521863
2822,0.00521863
2823,0.00521863
2824,0.00521863
2825,0.00521863
2826,0.00521863
2827,0.00521863
2828,0.00521863
2829,0.00521863
2830,0.00521863
2831,0.00521863
2832,0.00521863
2833,0.00521863
2834,0.00521863
2835,0.00521863
2836,0.00521863
2837,0.00521863
2838,0.00521863
2839,0.00521863
2840,0.00521863
2841,0.00521863
2842,0.00521863
2843,0.00521863
2844,0.00521863
2845,0.00521863
2846,0.00521863
2847,0.00521863
2848,0.00521863
2849,0.00521863
2850,0.00521863
2851,0.00521863
2852,0.00521692
2853,0.00521692
2854,0.00521692
2855,0.00521692
2856,0.00521692
2857,0.00521692
2858,0.00521692
2859,0.00521692
2860,0.00521692
2861,0.00521692
2862,0.00521692
2863,0.00521692
2864,0.00521692
2865,0.00521692
2866,0.00521692
2867,0.00521692
2868,0.00521692
2869,0.00521692
2870,0.00521692
2871,0.00521692
2872,0.00521643
2873,0.00521643
2874,0.00521643
2875,0.00521643
2876,0.00521643
2877,0.00521643
2878,0.00521643
2879,0.00521643
2880,0.00521643
2881,0.00521643
2882,0.00521643
2883,0.00521643
2884,0.00521643
2885,0.00521643
2886,0.00521643
2887,0.00521643
2888,0.00521643
2889,0.00521643
2890,0.00521643
2891,0.00521643
2892,0.00521643
2893,0.00521643
2894,0.00521643
2895,0.00521643
2896,0.00521643
2897,0.00521643
2898,0.00521643
2899,0.00521643
2900,0.00521643
2901,0.00521643
2902,0.00521643
2903,0.00521643
2904,0.00521643
2905,0.00521643
2906,0.00521643
2907,0.00521643
2908,0.00521643
2909,0.00521643
2910,0.00521643
2911,0.00521643
2912,0.00521643
2913,0.00521643
2914,0.00521643
2915,0.00521643
2916,0.00521643
2917,0.00521643
2918,0.00521643
2919,0.00521643
2920,0.00521643
2921,0.00521643
2922,0.00521643
2923,0.00521643
2924,0.00521643
2925,0.00521643
2926,0.00521643
2927,0.00521643
2928,0.00521643
2929,0.00521643
2930,0.00521643
2931,0.00521643
2932,0.00521643
2933,0.00521643
2934,0.00521643
2935,0.00521643
2936,0.00521643
2937,0.00521643
2938,0.00521643
2939,0.00521643
2940,0.00521643
2941,0.00521643
2942,0.00521643
2943,0.00521643
2944,0.00521643
2945,0.00521643
2946,0.00521643
2947,0.00521643
2948,0.00521643
2949,0.00521643
2950,0.00521643
2951,0.00521643
2952,0.00521643
2953,0.00521643
2954,0.00521643
2955,0.00521643
2956,0.00521643
2957,0.00521643
2958,0.00521643
2959,0.00521643
2960,0.00521643
2961,0.00521643
2962,0.005189
2963,0.005189
2964,0.005189
2965,0.00511444
2966,0.00511444
2967,0.00511444
2968,0.00511444
2969,0.00511444
2970,0.00511444
2971,0.00511479
2972,0.00511479
2973,0.00511479
2974,0.00511479
2975,0.00511479
2976,0.00511479
2977,0.00511479
2978,0.00511479
2979,0.00511479
2980,0.00511479
2981,0.00511479
2982,0.00511479
2983,0.00511479
2984,0.00511479
2985,0.00511479
2986,0.00511479
2987,0.00511479
2988,0.00511479
2989,0.00511479
2990,0.00511479
2991,0.00511479
2992,0.00511479
2993,0.00511479
2994,0.00511479
2995,0.00511479
2996,0.00511479
2997,0.00511479
2998,0.00511479
2999,0.00511479
3000,0.00511479
3001,0.00511479
3002,0.00511479
3003,0.00511479
3004,0.00511479
3005,0.00511479
3006,0.00511479
3007,0.00511479
3008,0.00511479
3009,0.00511479
3010,0.00511479
3011,0.00511479
3012,0.00511479
3013,0.00511479
3014,0.00511479
3015,0.00511479
3016,0.00511479
3017,0.00511479
3018,0.00511479
3019,0.00511479
3020,0.00511479
3021,0.00511479
3022,0.00511479
3023,0.00511479
3024,0.00511479
3025,0.00511479
3026,0.00511479
3027,0.00511479
3028,0.00511479
3029,0.00511479
3030,0.00511479
3031,0.00511479
3032,0.00511479
3033,0.00511479
3034,0.00511479
3035,0.00511479
3036,0.00511479
3037,0.00511479
3038,0.00511479
3039,0.00511479
3040,0.00511479
3041,0.00511479
3042,0.00511479
3043,0.00511479
3044,0.00511479
3045,0.00511479
3046,0.00511479
3047,0.00511479
3048,0.00511479
3049,0.00511479
3050,0.00511479
3051,0.00511479
3052,0.00511479
3053,0.00518744
3054,0.00518744
3055,0.00518744
3056,0.00518744
3057,0.00518744
3058,0.00518744
3059,0.00518744
3060,0.00518744
3061,0.00518744
3062,0.00518744
3063,0.00518744
3064,0.00518744
3065,0.00518744
3066,0.00518744
3067,0.00518744
3068,0.00518744
3069,0.00518744
3070,0.00518744
3071,0.00518744
3072,0.00518744
3073,0.00518744
3074,0.00518744
3075,0.00518744
3076,0.00518744
3077,0.00518744
3078,0.00518744
3079,0.00518744
3080,0.00518744
3081,0.00518744
3082,0.00518744
3083,0.00518744
3084,0.00518744
3085,0.00518744
3086,0.00518744
3087,0.00518744
3088,0.00518744
3089,0.00518744
3090,0.00518744
3091,0.00518744
3092,0.00518744
3093,0.00518744
3094,0.00518744
3095,0.00518744
3096,0.00518744
3097,0.00518744
3098,0.00518744
3099,0.00518744
3100,0.00518744
3101,0.00518744
3102,0.00518744
3103,0.00518744
3104,0.00518744
3105,0.00518744
3106,0.00518744
3107,0.0051148
3108,0.0051148
3109,0.0051148
3110,0.0051148
3111,0.0051148
3112,0.0051148
3113,0.0051148
3114,0.0051148
3115,0.0051148
3116,0.0051148
3117,0.0051148
3118,0.0051148
3119,0.0051148
3120,0.0051148
3121,0.0051148
3122,0.0051148
3123,0.0051148
3124,0.0051148
3125,0.0051148
3126,0.00518518
3127,0.00518518
3128,0.00518518
3129,0.00518518
3130,0.00518505
3131,0.00518505
3132,0.00518505
3133,0.00518505
3134,0.00518491
3135,0.00518491
3136,0.00518491
3137,0.00518491
3138,0.00518491
3139,0.00518479
3140,0.00518479
3141,0.00518479
3142,0.00518479
3143,0.00518479
3144,0.00518479
3145,0.00518479
3146,0.00518479
3147,0.00518479
3148,0.00518479
3149,0.00518479
3150,0.00518479
3151,0.00518479
3152,0.00518479
3153,0.00518479
3154,0.00518479
3155,0.00518479
3156,0.00518479
3157,0.00518479
3158,0.00511652
3159,0.00511652
3160,0.00511652
3161,0.00511652
3162,0.00518415
3163,0.00518415
3164,0.00518415
3165,0.00518415
3166,0.00518415
3167,0.00518415
3168,0.00518415
3169,0.00518415
3170,0.00518415
3171,0.00518415
3172,0.00518415
3173,0.00518415
3174,0.00518415
3175,0.00518415
3176,0.00518415
3177,0.00518415
3178,0.00518415
3179,0.00518415
3180,0.00518415
3181,0.00518415
3182,0.0051836
3183,0.0051836
3184,0.0051836
3185,0.0051836
3186,0.0051836
3187,0.0051836
3188,0.00518346
3189,0.00518347
3190,0.00518347
3191,0.00518341
3192,0.00518341
3193,0.00518341
3194,0.00518341
3195,0.00518341
3196,0.00518341
3197,0.00518341
3198,0.00518341
3199,0.00518341
3200,0.00518341
3201,0.00518341
3202,0.00518341
3203,0.00518341
3204,0.00518341
3205,0.00518341
3206,0.00518341
3207,0.00518341
3208,0.00518341
3209,0.00518279
3210,0.00518279
3211,0.00518279
3212,0.00518271
3213,0.00518271
3214,0.00518271
3215,0.00512021
3216,0.00512021
3217,0.00512021
3218,0.00512021
3219,0.00512021
3220,0.00512021
3221,0.00512021
3222,0.00512021
3223,0.0050901
3224,0.00509012
3225,0.00509011
3226,0.00509011
3227,0.00509007
3228,0.00509007
3229,0.00508916
3230,0.00508916
3231,0.00508916
3232,0.00508916
3233,0.00508916
3234,0.00508916
3235,0.00508916
3236,0.00508916
3237,0.00508916
3238,0.00508916
3239,0.00508916
3240,0.00508916
3241,0.00508916
3242,0.00508916
3243,0.00508916
3244,0.00508916
3245,0.00508916
3246,0.00508916
3247,0.00508916
3248,0.00508916
3249,0.00508916
3250,0.00508912
3251,0.00508912
3252,0.00508912
3253,0.00506645
3254,0.00506645
3255,0.00506645
3256,0.00506645
3257,0.00506645
3258,0.00506645
3259,0.00506645
3260,0.00506645
3261,0.00506645
3262,0.00506645
3263,0.00506645
3264,0.00506645
3265,0.00506645
3266,0.00506645
3267,0.00506645
3268,0.00506645
3269,0.00506645
3270,0.00506645
3271,0.00506645
3272,0.00506645
3273,0.00506645
3274,0.00506645
3275,0.00506645
3276,0.00506645
3277,0.00506645
3278,0.00506645
3279,0.00506645
3280,0.00506645
3281,0.00506645
3282,0.00506645
3283,0.00506645
3284,0.00506645
3285,0.00517965
3286,0.00517965
3287,0.00517965
3288,0.00517965
3289,0.00517965
3290,0.00517965
3291,0.00517965
3292,0.00517965
3293,0.00517965
3294,0.00517965
3295,0.00517965
3296,0.00517965
3297,0.00517965
3298,0.00517965
3299,0.00517965
3300,0.00517965
3301,0.00517965
3302,0.00517965
3303,0.00517965
3304,0.00517965
3305,0.00517965
3306,0.00517965
3307,0.00517965
3308,0.00517965
3309,0.00511999
3310,0.00511999
3311,0.00511999
3312,0.00511999
3313,0.00511999
3314,0.00511999
3315,0.00511999
3316,0.00512
3317,0.00512
3318,0.00512
3319,0.00512
3320,0.00512
3321,0.00512
3322,0.00512
3323,0.00512
3324,0.0050166
3325,0.0050166
3326,0.0050166
3327,0.0050166
3328,0.0050166
3329,0.0050166
3330,0.0050166
3331,0.0050166
3332,0.0050166
3333,0.00501771
3334,0.00502981
3335,0.00502981
3336,0.00502981
3337,0.00502981
3338,0.00502981
3339,0.00502981
3340,0.00502981
3341,0.00502981
3342,0.00502981
3343,0.00502981
3344,0.00502981
3345,0.00517709
3346,0.00517709
3347,0.00517709
3348,0.00517709
3349,0.00517709
3350,0.00517709
3351,0.00517709
3352,0.00517709
3353,0.00517709
3354,0.00517709
3355,0.00517709
3356,0.00517709
3357,0.00517709
3358,0.00517709
3359,0.00517709
3360,0.00517709
3361,0.00517709
3362,0.00517709
3363,0.00517709
3364,0.00517709
3365,0.00517709
3366,0.00517637
3367,0.00517637
3368,0.00506114
3369,0.00506114
3370,0.00506114
3371,0.00506114
3372,0.00517626
3373,0.00517626
3374,0.00517626
3375,0.00517626
3376,0.00517626
3377,0.00517626
3378,0.00517626
3379,0.00517626
3380,0.00517626
3381,0.00517626
3382,0.00517626
3383,0.00517626
3384,0.00517626
3385,0.00508
3386,0.00508
3387,0.00508
3388,0.00517592
3389,0.00502108
3390,0.00502108
3391,0.00501667
3392,0.00501667
3393,0.00501667
3394,0.00501667
3395,0.00517536
3396,0.00517536
3397,0.00517536
3398,0.00517536
3399,0.00517536
3400,0.00517536
3401,0.00517536
3402,0.00517536
3403,0.00517536
3404,0.00517536
3405,0.00517536
3406,0.00517536
3407,0.00517536
3408,0.00517536
3409,0.00517536
3410,0.00517536
3411,0.00517536
3412,0.00517536
3413,0.00517536
3414,0.00517536
3415,0.00517536
3416,0.00517536
3417,0.00517536
3418,0.00517536
3419,0.00517536
3420,0.00517536
3421,0.00517536
3422,0.00517536
3423,0.00517536
3424,0.00517536
3425,0.00517536
3426,0.00517536
3427,0.00502328
3428,0.00502328
3429,0.00502328
3430,0.00502328
3431,0.00502328
3432,0.00502328
3433,0.00502328
3434,0.00502328
3435,0.00502328
3436,0.00502328
3437,0.00502328
3438,0.00502328
3439,0.00502328
3440,0.00502328
3441,0.00503744
3442,0.00503744
3443,0.00503744
3444,0.00503744
3445,0.00503744
3446,0.00503744
3447,0.00503744
3448,0.00503744
3449,0.00503744
3450,0.00503744
3451,0.00503744
3452,0.00503744
3453,0.00503744
3454,0.00503744
3455,0.00503744
3456,0.00503744
3457,0.00503744
3458,0.00503744
3459,0.00503744
3460,0.00503744
3461,0.00503744
3462,0.00503744
3463,0.00503744
3464,0.00503744
3465,0.00503744
3466,0.00503744
3467,0.00503994
3468,0.00503994
3469,0.00503992
3470,0.00503991
3471,0.00503991
3472,0.00503991
3473,0.00502134
3474,0.00502134
3475,0.00501651
3476,0.00501651
3477,0.00501651
3478,0.00501651
3479,0.00501651
3480,0.00501651
3481,0.00501651
3482,0.00501651
3483,0.00501651
3484,0.00501651
3485,0.00501651
3486,0.00501651
3487,0.00501651
3488,0.00501651
3489,0.00501651
3490,0.00501651
3491,0.00501651
3492,0.00501651
3493,0.00501651
3494,0.00501651
3495,0.00501651
3496,0.00501651
3497,0.00501651
3498,0.00502094
3499,0.00502094
3500,0.00502094
3501,0.00502094
3502,0.00502094
3503,0.00502094
3504,0.00502094
3505,0.00502094
3506,0.00502094
3507,0.0050208
3508,0.0050208
3509,0.0050208
3510,0.0050208
3511,0.0050208
3512,0.0050208
3513,0.0050208
3514,0.0050208
3515,0.0050208
3516,0.00502144
3517,0.00502142
3518,0.00502142
3519,0.00502139
3520,0.00502139
3521,0.00502139
3522,0.00502139
3523,0.00502139
3524,0.00502139
3525,0.00502139
3526,0.00502139
3527,0.00502139
3528,0.00502139
3529,0.00502139
3530,0.00502139
3531,0.00502139
3532,0.00502139
3533,0.00502139
3534,0.00502139
3535,0.00502139
3536,0.00502139
3537,0.00502139
3538,0.00502139
3539,0.00501649
3540,0.00501649
3541,0.00501649
3542,0.00501649
3543,0.00501649
3544,0.00501649
3545,0.00501649
3546,0.00501649
3547,0.00501649
3548,0.00501649
3549,0.00501649
3550,0.00504074
3551,0.00504074
3552,0.00504074
3553,0.00504074
3554,0.00504072
3555,0.00504072
3556,0.00504059
3557,0.00504059
3558,0.00504059
3559,0.00504059
3560,0.00504059
3561,0.00504059
3562,0.00504059
3563,0.00504059
3564,0.00504059
3565,0.00504059
3566,0.00504059
3567,0.00504059
3568,0.00504059
3569,0.00504059
3570,0.00504059
3571,0.00504055
3572,0.00504055
3573,0.00504055
3574,0.00504055
3575,0.0051469
3576,0.0051469
3577,0.0051469
3578,0.0051469
3579,0.0051469
3580,0.0051469
3581,0.0051469
3582,0.0051469
3583,0.0051469
3584,0.0051469
3585,0.0051469
3586,0.0051469
3587,0.0051469
3588,0.0051469
3589,0.0051469
3590,0.0051469
3591,0.0051469
3592,0.0051469
3593,0.0051469
3594,0.0051469
3595,0.0051469
3596,0.0051469
3597,0.0051469
3598,0.0051469
3599,0.0051469
3600,0.0051469
3601,0.0051469
3602,0.0051469
3603,0.0051469
3604,0.0051469
3605,0.0051469
3606,0.0051469
3607,0.0051469
3608,0.0051469
3609,0.0051469
3610,0.0051469
3611,0.0051469
3612,0.0051469
3613,0.0051469
3614,0.0051469
3615,0.0051469
3616,0.0051469
3617,0.0051469
3618,0.0051469
3619,0.0051469
3620,0.0051469
3621,0.00513792
3622,0.00513792
3623,0.00513792
3624,0.00504116
3625,0.00504116
3626,0.00504116
3627,0.00504116
3628,0.00504116
3629,0.00504116
3630,0.00504116
3631,0.00504116
3632,0.00504116
3633,0.00504116
3634,0.00504116
3635,0.00504116
3636,0.00504116
3637,0.00504116
3638,0.00509157
3639,0.00509157
3640,0.00509157
3641,0.00509157
3642,0.00509157
3643,0.00509157
3644,0.00509157
3645,0.00509157
3646,0.00509157
3647,0.00509157
3648,0.00509157
3649,0.00509079
3650,0.00509079
3651,0.00497627
3652,0.00498
3653,0.00498
3654,0.00498
3655,0.00498
3656,0.00498
3657,0.00498
3658,0.00498
3659,0.00498
3660,0.00498
3661,0.00498
3662,0.00497
3663,0.00497
3664,0.00497
3665,0.00497
3666,0.00497
3667,0.00497
3668,0.00497
3669,0.00497989
3670,0.00497989
3671,0.00497989
3672,0.00497
3673,0.00497
3674,0.00497
3675,0.00497
3676,0.00497
3677,0.00497
3678,0.00497
3679,0.00497
3680,0.00497
3681,0.00497
3682,0.00497
3683,0.00497
3684,0.00497
3685,0.00497
3686,0.0049797
3687,0.0049797
3688,0.0049797
3689,0.0049797
3690,0.0049797
3691,0.0049797
3692,0.0049797
3693,0.0049797
3694,0.0049797
3695,0.0049797
3696,0.0049797
3697,0.0049797
3698,0.00497979
3699,0.00497979
3700,0.00497979
3701,0.00497979
3702,0.00497979
3703,0.00497979
3704,0.00497979
3705,0.00497979
3706,0.00497979
3707,0.00497979
3708,0.00497979
3709,0.00497979
3710,0.00497979
3711,0.00497979
3712,0.00497979
3713,0.00497979
3714,0.00497979
3715,0.00497979
3716,0.00497979
3717,0.00497979
3718,0.00497979
3719,0.00497979
3720,0.00497979
3721,0.0049779
3722,0.0049779
3723,0.00497772
3724,0.0049777
3725,0.0049777
3726,0.0049777
3727,0.0049777
3728,0.0049777
3729,0.0049777
3730,0.00497711
3731,0.00497711
3732,0.00497711
3733,0.00497711
3734,0.0049317
3735,0.00493169
3736,0.0049
3737,0.0049
3738,0.0049
3739,0.0049
3740,0.0049
3741,0.0049
3742,0.0049
3743,0.0049
3744,0.0049
3745,0.0049
3746,0.0049
3747,0.0049
3748,0.0049
3749,0.00490001
3750,0.00490001
3751,0.00490001
3752,0.00490001
3753,0.00490001
3754,0.00490001
3755,0.00490001
3756,0.00490001
3757,0.00490001
3758,0.00490001
3759,0.00490001
3760,0.00490001
3761,0.00490001
3762,0.00490001
3763,0.00490001
3764,0.00490001
3765,0.00490001
3766,0.00490001
3767,0.00490001
3768,0.00490001
3769,0.00490001
3770,0.00490001
3771,0.00490001
3772,0.0049317
3773,0.0049317
3774,0.0049317
3775,0.0049317
3776,0.0049317
3777,0.0049317
3778,0.0049317
3779,0.0049317
3780,0.0049317
3781,0.0049317
3782,0.0049317
3783,0.0049317
3784,0.0049317
3785,0.0049317
3786,0.00493923
3787,0.00493923
3788,0.00493923
3789,0.00493923
3790,0.00493923
3791,0.00493923
3792,0.00493914
3793,0.00493914
3794,0.00493914
3795,0.00493914
3796,0.00493914
3797,0.00493914
3798,0.00493914
3799,0.00493914
3800,0.00493914
3801,0.00493914
3802,0.00493914
3803,0.00493914
3804,0.00493914
3805,0.00493914
3806,0.00493914
3807,0.00493914
3808,0.00493914
3809,0.00493914
3810,0.00493914
3811,0.00493914
3812,0.00493914
3813,0.00493914
3814,0.00493914
3815,0.00493914
3816,0.00493914
3817,0.00493914
3818,0.00493914
3819,0.00493914
3820,0.00493914
3821,0.00493914
3822,0.00493914
3823,0.00493914
3824,0.00493914
3825,0.00493914
3826,0.00493914
3827,0.00495
3828,0.00495
3829,0.00495
3830,0.00495
3831,0.00495
3832,0.00495
3833,0.00495881
3834,0.00495881
3835,0.00495881
3836,0.00495881
3837,0.00495881
3838,0.00495881
3839,0.00495881
3840,0.00495881
3841,0.00495881
3842,0.00495881
3843,0.00495881
3844,0.00495881
3845,0.00495881
3846,0.00497812
3847,0.00497812
3848,0.00497812
3849,0.00497812
3850,0.00497812
3851,0.00497812
3852,0.00497804
3853,0.00497804
3854,0.00497804
3855,0.00497804
3856,0.00497804
3857,0.00497804
3858,0.00497804
3859,0.00498
3860,0.00498
3861,0.00498
3862,0.00498
3863,0.00498
3864,0.00498
3865,0.00498
3866,0.00498
3867,0.00498
3868,0.00498
3869,0.00498
3870,0.00498
3871,0.00498
3872,0.00498
3873,0.00498
3874,0.00498576
3875,0.00498576
3876,0.00498576
3877,0.00498576
3878,0.00499
3879,0.00499
3880,0.00499
3881,0.00499
3882,0.00499
3883,0.00499
3884,0.00499
3885,0.00499
3886,0.00499
3887,0.00499
3888,0.00499
3889,0.00499
3890,0.00499
3891,0.00499
3892,0.00499
3893,0.00499
3894,0.00499
3895,0.00497903
3896,0.00497903
3897,0.00497903
3898,0.00497903
3899,0.00497903
3900,0.00497903
3901,0.00497903
3902,0.00497903
3903,0.00497903
3904,0.00497903
3905,0.00497903
3906,0.00497903
3907,0.00497903
3908,0.00497903
3909,0.00497903
3910,0.00499
3911,0.00499
3912,0.00499
3913,0.00499
3914,0.00499
3915,0.00499
3916,0.00499
3917,0.00499
3918,0.00499
3919,0.00499
3920,0.00499
3921,0.00499
3922,0.00499
3923,0.00499
3924,0.00499
3925,0.00499
3926,0.00499
3927,0.00499
3928,0.00499
3929,0.00498451
3930,0.00498451
3931,0.00498451
3932,0.00498451
3933,0.00498451
3934,0.00498451
3935,0.00498451
3936,0.00504
3937,0.00504
3938,0.00504
3939,0.00504
3940,0.00504
3941,0.00504
3942,0.00504
3943,0.00504
3944,0.00504
3945,0.00504
3946,0.00504465
3947,0.00504465
3948,0.00504465
3949,0.00504465
3950,0.00504465
3951,0.00504465
3952,0.00504465
3953,0.00504465
3954,0.00504465
3955,0.00504465
3956,0.00504465
3957,0.00504465
3958,0.00504465
3959,0.00504465
3960,0.00504465
3961,0.00504465
3962,0.00506715
3963,0.00506715
3964,0.00506715
3965,0.00506715
3966,0.00506715
3967,0.00506715
3968,0.0051093
3969,0.0051093
3970,0.0051093
3971,0.00504036
3972,0.00504036
3973,0.00504036
3974,0.00504036
3975,0.00504036
3976,0.00504036
3977,0.00504036
3978,0.00504036
3979,0.00504036
3980,0.00504036
3981,0.00504036
3982,0.00504036
3983,0.00504036
3984,0.00504036
3985,0.00504036
3986,0.00504036
3987,0.00504036
3988,0.00504036
3989,0.00506
3990,0.00506
3991,0.00510899
3992,0.00510899
3993,0.00510899
3994,0.00510899
3995,0.00506151
3996,0.005124
3997,0.005124
3998,0.005124
3999,0.005124
4000,0.005124
4001,0.005124
4002,0.005124
4003,0.005124
4004,0.005124
4005,0.005124
4006,0.005124
4007,0.005124
4008,0.005124
4009,0.005124
4010,0.005124
4011,0.005124
4012,0.005124
4013,0.005124
4014,0.00516
4015,0.00516
4016,0.00516
4017,0.00518144
4018,0.00516
4019,0.00516
4020,0.00516
4021,0.00516
4022,0.00516
4023,0.00516
4024,0.00516
4025,0.00516
4026,0.005124
4027,0.005124
4028,0.005124
4029,0.005124
4030,0.005124
4031,0.005124
4032,0.005124
4033,0.005124
4034,0.005124
4035,0.005124
4036,0.005124
4037,0.005124
4038,0.005124
4039,0.005124
4040,0.005124
4041,0.005124
4042,0.005124
4043,0.005124
4044,0.00518349
4045,0.00518349
4046,0.00518349
4047,0.00518349
4048,0.00518349
4049,0.00518349
4050,0.00518349
4051,0.00518349
4052,0.00506088
4053,0.00506088
4054,0.00506088
4055,0.00506088
4056,0.00506088
4057,0.00506088
4058,0.00506088
4059,0.00506088
4060,0.00506088
4061,0.00506088
4062,0.00506088
4063,0.00506088
4064,0.00506088
4065,0.00506088
4066,0.00506088
4067,0.00506088
4068,0.00506088
4069,0.00506177
4070,0.00506177
4071,0.00506177
4072,0.00506177
4073,0.00506177
4074,0.00506177
4075,0.00506177
4076,0.00506177
4077,0.00506177
4078,0.00518134
4079,0.00518134
4080,0.00518134
4081,0.00518134
4082,0.00518134
4083,0.00518134
4084,0.00518134
4085,0.00518134
4086,0.00518134
4087,0.00518134
4088,0.00518134
4089,0.00518134
4090,0.00518134
4091,0.00518134
4092,0.00518134
4093,0.00518134
4094,0.00518134
4095,0.00518134
4096,0.00518134
4097,0.00518134
4098,0.00518134
4099,0.00518134
4100,0.00518134
4101,0.00518134
4102,0.00518134
4103,0.00518134
4104,0.00518134
4105,0.00518134
4106,0.00518134
4107,0.00518134
4108,0.00518134
4109,0.00518134
4110,0.00518134
4111,0.00518134
4112,0.00518134
4113,0.00518134
4114,0.00518134
4115,0.00518134
4116,0.00518134
4117,0.00518134
4118,0.00518134
4119,0.00518134
4120,0.00518134
4121,0.00518134
4122,0.00518134
4123,0.00518134
4124,0.00518134
4125,0.00518134
4126,0.00506357
4127,0.00506357
4128,0.00506357
4129,0.00506357
4130,0.00506384
4131,0.00506384
4132,0.00506384
4133,0.00506392
4134,0.00506392
4135,0.00506392
4136,0.00506392
4137,0.00506392
4138,0.00506392
4139,0.00506392
4140,0.00506392
4141,0.00506392
4142,0.00506392
4143,0.00506392
4144,0.00506392
4145,0.00506392
4146,0.00506392
4147,0.00504012
4148,0.00504015
4149,0.00504015
4150,0.00504015
4151,0.00504015
4152,0.00504015
4153,0.00504015
4154,0.00504015
4155,0.00504015
4156,0.00504015
4157,0.00504015
4158,0.00504015
4159,0.00504015
4160,0.00504034
4161,0.00504034
4162,0.00504034
4163,0.00504034
4164,0.00504034
4165,0.00504047
4166,0.00504047
4167,0.00504047
4168,0.00504047
4169,0.00504047
4170,0.00504047
4171,0.00504058
4172,0.00504058
4173,0.00504058
4174,0.00504058
4175,0.00504058
4176,0.00504058
4177,0.00504058
4178,0.00504058
4179,0.00504058
4180,0.00504058
4181,0.00504058
4182,0.00504058
4183,0.00504058
4184,0.00504058
4185,0.00504058
4186,0.00504058
4187,0.00504058
4188,0.00504058
4189,0.00504058
4190,0.00504058
4191,0.00507531
4192,0.00507531
4193,0.00507531
4194,0.00507531
4195,0.00507531
4196,0.00504112
4197,0.00504112
4198,0.00504112
4199,0.00504112
4200,0.00507529
4201,0.00507529
4202,0.00507529
4203,0.00507529
4204,0.00507529
4205,0.00507529
4206,0.00507529
4207,0.00507529
4208,0.00507529
4209,0.00507529
4210,0.00507529
4211,0.00507529
4212,0.00507529
4213,0.00507529
4214,0.00507529
4215,0.00504152
4216,0.00504152
4217,0.00504152
4218,0.00504152
4219,0.00504152
4220,0.00504152
4221,0.00504152
4222,0.00504152
4223,0.00504152
4224,0.00504152
4225,0.00506359
4226,0.00506359
4227,0.00506359
4228,0.00506359
4229,0.00506359
4230,0.00506359
4231,0.00506359
4232,0.00506359
4233,0.00506359
4234,0.00506359
4235,0.00506359
4236,0.00506359
4237,0.00506359
4238,0.00506359
4239,0.00506359
4240,0.00506359
4241,0.00506359
4242,0.00506359
4243,0.00506359
4244,0.00504191
4245,0.00504191
4246,0.00504191
4247,0.00504191
4248,0.00504191
4249,0.00504191
4250,0.00505841
4251,0.00505841
4252,0.00505841
4253,0.00505841
4254,0.00505841
4255,0.00505841
4256,0.00505841
4257,0.00505841
4258,0.00505841
4259,0.00505841
4260,0.00505841
4261,0.00505841
4262,0.00505841
4263,0.00505841
4264,0.00505841
4265,0.00505841
4266,0.00505841
4267,0.00505841
4268,0.00505841
4269,0.00504191
4270,0.00504191
4271,0.0050419
4272,0.0050419
4273,0.00505844
4274,0.00505844
4275,0.00505844
4276,0.00505844
4277,0.00509192
4278,0.00509192
4279,0.00509192
4280,0.00509192
4281,0.00509192
4282,0.00509192
4283,0.00509192
4284,0.00509192
4285,0.00509192
4286,0.00504191
4287,0.0050419
4288,0.0050419
4289,0.0050419
4290,0.0050419
4291,0.0050419
4292,0.0050419
4293,0.0050419
4294,0.0050419
4295,0.0050419
4296,0.0050419
4297,0.0050419
4298,0.00509192
4299,0.00509192
4300,0.00509192
4301,0.00509192
4302,0.0050419
4303,0.00504
4304,0.00504
4305,0.00504
4306,0.00504
4307,0.00504
4308,0.00504
4309,0.00504
4310,0.00504
4311,0.00504
4312,0.00504
4313,0.00504
4314,0.0050672
4315,0.0050672
4316,0.0050672
4317,0.0050672
4318,0.0050672
4319,0.0050672
4320,0.0050672
4321,0.0050672
4322,0.0050672
4323,0.0050672
4324,0.00501001
4325,0.00503888
4326,0.00501001
4327,0.00501001
4328,0.00501001
4329,0.00501001
4330,0.00501001
4331,0.00501001
4332,0.00501001
4333,0.00501001
4334,0.00501001
4335,0.00501001
4336,0.00501001
4337,0.00497813
4338,0.00497813
4339,0.00497813
4340,0.00497813
4341,0.00497813
4342,0.00497813
4343,0.00497804
4344,0.00497804
4345,0.00497804
4346,0.00497804
4347,0.00497805
4348,0.00497805
4349,0.00497805
4350,0.00497804
4351,0.00497804
4352,0.00497804
4353,0.00497804
4354,0.00497804
4355,0.00497804
4356,0.00497804
4357,0.00497804
4358,0.00497804
4359,0.00503742
4360,0.00503742
4361,0.00503742
4362,0.00503742
4363,0.00503742
4364,0.00503742
4365,0.00503742
4366,0.00497805
4367,0.00497805
4368,0.00497805
4369,0.00497805
4370,0.00497805
4371,0.00497805
4372,0.00497805
4373,0.00497805
4374,0.00497805
4375,0.00497805
4376,0.00497805
4377,0.00497805
4378,0.00497805
4379,0.00497805
4380,0.00497805
4381,0.00497805
4382,0.00497805
4383,0.00497805
4384,0.00497805
4385,0.00497805
4386,0.00497805
4387,0.00497804
4388,0.00497804
4389,0.00497804
4390,0.00497805
4391,0.00497804
4392,0.00497804
4393,0.00497804
4394,0.00497804
4395,0.00497804
4396,0.00497804
4397,0.00497775
4398,0.00497775
4399,0.00497775
4400,0.00497775
4401,0.00497775
4402,0.00497775
4403,0.00497775
4404,0.00497775
4405,0.00497775
4406,0.00497775
4407,0.00497775
4408,0.00497775
4409,0.00497775
4410,0.00497775
4411,0.00497775
4412,0.00494991
4413,0.0049499
4414,0.0049499
4415,0.0049499
4416,0.0049499
4417,0.0049499
4418,0.0049499
4419,0.00494946
4420,0.00494946
4421,0.00490004
4422,0.00490004
4423,0.00490004
4424,0.00490004
4425,0.0049735
4426,0.005
4427,0.005
4428,0.005
4429,0.005
4430,0.005
4431,0.005
4432,0.005
4433,0.005
4434,0.005
4435,0.005
4436,0.005
4437,0.005
4438,0.005
4439,0.005
4440,0.005
4441,0.005
4442,0.005
4443,0.005
4444,0.005
4445,0.005
4446,0.005
4447,0.005
4448,0.005
4449,0.005
4450,0.005
4451,0.005
4452,0.005
4453,0.005
4454,0.005
4455,0.005
4456,0.005
4457,0.005
4458,0.005
4459,0.005
4460,0.005
4461,0.005
4462,0.005
4463,0.005
4464,0.005
4465,0.005
4466,0.0049704
4467,0.0049704
4468,0.0049704
4469,0.00497003
4470,0.00497003
4471,0.00497003
4472,0.00496984
4473,0.00496984
4474,0.00496984
4475,0.00496984
4476,0.00496984
4477,0.00496984
4478,0.00496984
4479,0.00496984
4480,0.00496984
4481,0.00496984
4482,0.00496984
4483,0.00496984
4484,0.00496984
4485,0.00496984
4486,0.00496984
4487,0.00496984
4488,0.00496984
4489,0.00496984
4490,0.00496984
4491,0.00496984
4492,0.00496984
4493,0.00490077
4494,0.00490079
4495,0.00490079
4496,0.00490079
4497,0.00490079
4498,0.00490079
4499,0.00490079
4500,0.00490079
4501,0.00490079
4502,0.00490079
4503,0.00490079
4504,0.00490079
4505,0.00490079
4506,0.00490079
4507,0.00490079
4508,0.00490079
4509,0.00490079
4510,0.00490093
4511,0.00490093
4512,0.00490093
4513,0.00490093
4514,0.00490093
4515,0.00490096
4516,0.00490097
4517,0.00490096
4518,0.00490096
4519,0.00490096
4520,0.00490096
4521,0.00490096
4522,0.00490096
4523,0.00493763
4524,0.00493763
4525,0.00493763
4526,0.00493763
4527,0.00493763
4528,0.00493763
4529,0.00493763
4530,0.00493763
4531,0.00493763
4532,0.00493763
4533,0.00493763
4534,0.00493763
4535,0.00493763
4536,0.00493763
4537,0.00493763
4538,0.00493763
4539,0.00493763
4540,0.0049008
4541,0.00490007
4542,0.00490007
4543,0.00490007
4544,0.00490007
4545,0.00490007
4546,0.00490007
4547,0.00490007
4548,0.00490007
4549,0.00490007
4550,0.00490007
4551,0.00496456
4552,0.00496456
4553,0.00496456
4554,0.00496456
4555,0.00496456
4556,0.00496456
4557,0.00496456
4558,0.00496456
4559,0.00496396
4560,0.00496396
4561,0.00496396
4562,0.00496396
4563,0.00496396
4564,0.00496396
4565,0.00496349
4566,0.00496349
4567,0.00496349
4568,0.00496349
4569,0.00496349
4570,0.00496349
4571,0.00490012
4572,0.00490012
4573,0.00490007
4574,0.00490007
4575,0.00490007
4576,0.00490007
4577,0.00490007
4578,0.00490007
4579,0.00490007
4580,0.00490007
4581,0.00490007
4582,0.00490007
4583,0.00490007
4584,0.00490007
4585,0.00490007
4586,0.00490007
4587,0.00490007
4588,0.00490007
4589,0.00490007
4590,0.00490007
4591,0.00490007
4592,0.00490007
4593,0.00490007
4594,0.00490007
4595,0.00490007
4596,0.00490007
4597,0.00490007
4598,0.00490007
4599,0.00490007
4600,0.00490007
4601,0.00490007
4602,0.00490007
4603,0.00490007
4604,0.00490007
4605,0.00490007
4606,0.00490007
4607,0.00490007
4608,0.00490007
4609,0.00490012
4610,0.00490012
4611,0.00490012
4612,0.00490012
4613,0.00490012
4614,0.00490012
4615,0.00490012
4616,0.00490012
4617,0.00490012
4618,0.00490006
4619,0.00490006
4620,0.00490006
4621,0.00490006
4622,0.00490006
4623,0.00490006
4624,0.00490006
4625,0.00490006
4626,0.00490012
4627,0.00490012
4628,0.00490012
4629,0.00490012
4630,0.00490012
4631,0.00490006
4632,0.00490006
4633,0.00490006
4634,0.00490006
4635,0.00490006
4636,0.00490006
4637,0.00490006
4638,0.00490006
4639,0.00490006
4640,0.00490006
4641,0.00490006
4642,0.00490006
4643,0.00490006
4644,0.00490006
4645,0.00490006
4646,0.00490006
4647,0.00490006
4648,0.00490006
4649,0.00490006
4650,0.00490006
4651,0.00490006
4652,0.00490006
4653,0.00490006
4654,0.00490006
4655,0.00490006
4656,0.00490006
4657,0.00490006
4658,0.00490006
4659,0.00490006
4660,0.00490006
4661,0.00490006
4662,0.00490006
4663,0.00490006
4664,0.00490006
4665,0.00490006
4666,0.00490006
4667,0.00490006
4668,0.00490006
4669,0.00490006
4670,0.00490006
4671,0.00490006
4672,0.00490006
4673,0.00490006
4674,0.00490006
4675,0.00490006
4676,0.00490006
4677,0.00490006
4678,0.004897
4679,0.004897
4680,0.00489683
4681,0.00489682
4682,0.00489682
4683,0.00489682
4684,0.00489682
4685,0.00485106
4686,0.00485106
4687,0.00485106
4688,0.00485106
4689,0.00485105
4690,0.00485105
4691,0.00485105
4692,0.00485105
4693,0.00485105
4694,0.00485105
4695,0.00485105
4696,0.00485105
4697,0.00485105
4698,0.00485105
4699,0.00485105
4700,0.00485105
4701,0.00485105
4702,0.00485105
4703,0.00485105
4704,0.00485105
4705,0.00485105
4706,0.00485105
4707,0.00485105
4708,0.00485105
4709,0.00485105
4710,0.00485105
4711,0.00485105
4712,0.00485105
4713,0.00485105
4714,0.00485105
4715,0.00485105
4716,0.00485105
4717,0.00480091
4718,0.00480091
4719,0.00480093
4720,0.00480093
4721,0.00480093
4722,0.00480093
4723,0.00480093
4724,0.004801
4725,0.004801
4726,0.00480104
4727,0.00480104
4728,0.00480104
4729,0.00480104
4730,0.00480104
4731,0.00480104
4732,0.00480104
4733,0.00480104
4734,0.00480104
4735,0.00480104
4736,0.00480104
4737,0.00480104
4738,0.00484939
4739,0.00484939
4740,0.00480104
4741,0.00480104
4742,0.00480104
4743,0.00480104
4744,0.00484893
4745,0.00484893
4746,0.00484893
4747,0.00484893
4748,0.00484893
4749,0.00484893
4750,0.00484893
4751,0.00484893
4752,0.00484893
4753,0.00484893
4754,0.00480102
4755,0.00480101
4756,0.00480103
4757,0.00480103
4758,0.00480103
4759,0.00480103
4760,0.00480103
4761,0.00480103
4762,0.00480103
4763,0.00480103
4764,0.00480103
4765,0.00480103
4766,0.00480103
4767,0.00480098
4768,0.00480098
4769,0.00480098
4770,0.00480098
4771,0.00480098
4772,0.00489649
4773,0.00489649
4774,0.00489649
4775,0.00489621
4776,0.00489621
4777,0.00480084
4778,0.00480084
4779,0.00480084
4780,0.0048
4781,0.0048
4782,0.0048
4783,0.0048
4784,0.00480001
4785,0.00480001
4786,0.00480001
4787,0.00480001
4788,0.00480001
4789,0.00480001
4790,0.00480001
4791,0.00480001
4792,0.00480001
4793,0.00480001
4794,0.00480001
4795,0.00480001
4796,0.00473089
4797,0.00473089
4798,0.00489446
4799,0.00489446
4800,0.00489446
4801,0.00489446
4802,0.00489446
4803,0.00489446
4804,0.00489446
4805,0.00489446
4806,0.00489446
4807,0.00489446
4808,0.00489446
4809,0.00489446
4810,0.00489446
4811,0.00489446
4812,0.0048
4813,0.0048
4814,0.00473149
4815,0.00473149
4816,0.00489285
4817,0.00489285
4818,0.00489285
4819,0.00489285
4820,0.00489285
4821,0.00489285
4822,0.00489285
4823,0.00489285
4824,0.00489285
4825,0.004732
4826,0.004732
4827,0.004732
4828,0.004732
4829,0.004732
4830,0.004732
4831,0.004732
4832,0.00473089
4833,0.00473089
4834,0.00473089
4835,0.00472169
4836,0.004703
4837,0.00472167
4838,0.00472168
4839,0.00472164
4840,0.00472165
4841,0.00472165
4842,0.0047217
4843,0.0047217
4844,0.004703
4845,0.004703
4846,0.004703
4847,0.004703
4848,0.004703
4849,0.004703
4850,0.004703
4851,0.004703
4852,0.004703
4853,0.004703
4854,0.004703
4855,0.004703
4856,0.004703
4857,0.004703
4858,0.00471717
4859,0.00471717
4860,0.004703
4861,0.004703
4862,0.004703
4863,0.004703
4864,0.004703
4865,0.004703
4866,0.004703
4867,0.00472163
4868,0.00472164
4869,0.00472164
4870,0.00472164
4871,0.00472164
4872,0.00472164
4873,0.00472164
4874,0.004703
4875,0.004703
4876,0.004703
4877,0.004703
4878,0.004703
4879,0.004703
4880,0.004703
4881,0.004703
4882,0.004703
4883,0.004703
4884,0.004703
4885,0.004703
4886,0.004703
4887,0.004703
4888,0.004703
4889,0.004703
4890,0.004703
4891,0.004703
4892,0.004703
4893,0.004703
4894,0.004703
4895,0.004703
4896,0.004703
4897,0.004703
4898,0.004703
4899,0.004703
4900,0.004703
4901,0.004703
4902,0.004703
4903,0.00471232
4904,0.00471232
4905,0.00471232
4906,0.00471232
4907,0.00471232
4908,0.00471232
4909,0.00471232
4910,0.00471232
4911,0.00471232
4912,0.00471232
4913,0.00471232
4914,0.00471232
4915,0.00471232
4916,0.00471232
4917,0.004703
4918,0.004703
4919,0.004703
4920,0.004703
4921,0.004703
4922,0.004703
4923,0.004703
4924,0.004703
4925,0.004703
4926,0.004703
4927,0.004703
4928,0.00471232
4929,0.00471232
4930,0.00471232
4931,0.00471232
4932,0.00471232
4933,0.00471232
4934,0.00471232
4935,0.00471232
4936,0.00471232
4937,0.00471233
4938,0.00471233
4939,0.00471233
4940,0.00471233
4941,0.00471234
4942,0.00471234
4943,0.00471234
4944,0.00471234
4945,0.00471234
4946,0.00471234
4947,0.00471234
4948,0.00471234
4949,0.00471234
4950,0.00471234
4951,0.00471234
4952,0.00471234
4953,0.00471234
4954,0.00471234
4955,0.00471234
4956,0.00471234
4957,0.00472
4958,0.00486601
4959,0.00486601
4960,0.00486601
4961,0.00486601
4962,0.00486601
4963,0.00486601
4964,0.00486601
4965,0.00486601
4966,0.00486601
4967,0.00486571
4968,0.00472549
4969,0.00472549
4970,0.00472549
4971,0.00472549
4972,0.00472549
4973,0.00472549
4974,0.00472549
4975,0.00486542
4976,0.0048654
4977,0.0048654
4978,0.0048654
4979,0.0048654
4980,0.00486529
4981,0.00486529
4982,0.00486529
4983,0.00486529
4984,0.00486529
4985,0.00486529
4986,0.00486529
4987,0.00486529
4988,0.00486529
4989,0.0047401
4990,0.0047401
4991,0.0047401
4992,0.0047401
4993,0.00474019
4994,0.00474019
4995,0.00474019
4996,0.00474019
4997,0.00474019
4998,0.00474019
4999,0.00474019
5000,0.00474019
5001,0.00474019
5002,0.00474019
5003,0.00474019
5004,0.00474019
5005,0.00474019
5006,0.00474019
5007,0.00474019
5008,0.00474019
5009,0.00474019
5010,0.00474019
5011,0.00474019
5012,0.00474019
5013,0.00474019
5014,0.00474019
5015,0.00474019
5016,0.00474019
5017,0.00474019
5018,0.00474019
5019,0.00474019
5020,0.0048
5021,0.00480001
5022,0.00480001
5023,0.00480001
5024,0.00480001
5025,0.00480001
5026,0.00480001
5027,0.00480001
5028,0.00480001
5029,0.00480001
5030,0.00480001
5031,0.00480001
5032,0.00480001
5033,0.00480001
5034,0.00480001
5035,0.00480001
5036,0.00480001
5037,0.00480001
5038,0.00480001
5039,0.00480001
5040,0.00480001
5041,0.00480001
5042,0.00480001
5043,0.00480001
5044,0.00480001
5045,0.00480001
5046,0.00480001
5047,0.00480001
5048,0.00480001
5049,0.00480001
5050,0.00480001
5051,0.00480001
5052,0.0048326
5053,0.0048326
5054,0.0048326
5055,0.0048326
5056,0.0048326
5057,0.00483261
5058,0.00483262
5059,0.00483262
5060,0.00483262
5061,0.00483262
5062,0.00483262
5063,0.00483262
5064,0.00483262
5065,0.00483262
5066,0.00483262
5067,0.00483262
5068,0.00483262
5069,0.00483262
5070,0.00483262
5071,0.00483262
5072,0.00486625
5073,0.00486625
5074,0.00486625
5075,0.00486625
5076,0.00486625
5077,0.00486625
5078,0.00486625
5079,0.00486625
5080,0.00486625
5081,0.00486625
5082,0.00486625
5083,0.00486625
5084,0.0048671
5085,0.0048671
5086,0.0048671
5087,0.0048671
5088,0.0048671
5089,0.0048671
5090,0.0048671
5091,0.0048671
5092,0.00480094
5093,0.00480094
5094,0.00480094
5095,0.00480094
5096,0.00480011
5097,0.00480011
5098,0.00480011
5099,0.00486589
5100,0.00486589
5101,0.00486589
5102,0.00486589
5103,0.00486589
5104,0.00486589
5105,0.00486589
5106,0.00486589
5107,0.00480011
5108,0.00480011
5109,0.00480011
5110,0.00485001
5111,0.00485001
5112,0.00485001
5113,0.00485001
5114,0.00485001
5115,0.00485001
5116,0.00485001
5117,0.0048672
5118,0.0048672
5119,0.00487891
5120,0.00489997
5121,0.00489997
5122,0.00489997
5123,0.00489997
5124,0.00489997
5125,0.00489997
5126,0.00485146
5127,0.00485146
5128,0.00485146
5129,0.00485146
5130,0.00485146
5131,0.00485146
5132,0.00485146
5133,0.00485146
5134,0.00485194
5135,0.00485194
5136,0.00485194
5137,0.00485194
5138,0.00485221
5139,0.00485221
5140,0.00485221
5141,0.00485238
5142,0.00485238
5143,0.00485246
5144,0.00485246
5145,0.00485246
5146,0.00485246
5147,0.0049
5148,0.0049
5149,0.00489998
5150,0.00489998
5151,0.0049
5152,0.0049
5153,0.00491
5154,0.00491
5155,0.00491
5156,0.00491
5157,0.00491
5158,0.00491
5159,0.00491
5160,0.00491
5161,0.00491
5162,0.00491
5163,0.00491
5164,0.00491
5165,0.00491
5166,0.00491
5167,0.00491
5168,0.00491
5169,0.00491
5170,0.00491
5171,0.00491
5172,0.00491
5173,0.00491
5174,0.00491
5175,0.00491
5176,0.00491
5177,0.00491
5178,0.00491
5179,0.00491
5180,0.00491
5181,0.00491
5182,0.00491
5183,0.00491
5184,0.00491
5185,0.00491
5186,0.00491
5187,0.00491
5188,0.00491
5189,0.00491
5190,0.00491
5191,0.00491
5192,0.00491
5193,0.00491
5194,0.00491
5195,0.00491
5196,0.00491
5197,0.00491
5198,0.00491
5199,0.00491
5200,0.00491
5201,0.00491
5202,0.00491
5203,0.00491
5204,0.00491
5205,0.00491
5206,0.00491
5207,0.00491
5208,0.00490997
5209,0.00491
5210,0.00491
5211,0.00491
5212,0.00491
5213,0.00491004
5214,0.00491004
5215,0.00490003
5216,0.00490003
5217,0.00490003
5218,0.00490003
5219,0.00490003
5220,0.00490003
5221,0.00490003
5222,0.00490003
5223,0.00490003
5224,0.00490003
5225,0.00490003
5226,0.00490003
5227,0.00490003
5228,0.00490003
5229,0.00490003
5230,0.00490003
5231,0.00490003
5232,0.00490003
5233,0.00490003
5234,0.00490003
5235,0.00490003
5236,0.00490003
5237,0.00490003
5238,0.00490003
5239,0.00490003
5240,0.00490003
5241,0.00490003
5242,0.00490003
5243,0.00490003
5244,0.00490003
5245,0.00490003
5246,0.00490003
5247,0.00490003
5248,0.00490003
5249,0.00490003
5250,0.00490003
5251,0.00490003
5252,0.00490003
5253,0.00490003
5254,0.00490003
5255,0.00490003
5256,0.00490003
5257,0.00490003
5258,0.00490003
5259,0.00490003
5260,0.00490003
5261,0.00490003
5262,0.00490003
5263,0.00490003
5264,0.00491896
5265,0.00491896
5266,0.00491896
5267,0.00491896
5268,0.00491896
5269,0.00491896
5270,0.00491896
5271,0.00491896
5272,0.00491896
5273,0.00491896
5274,0.00491896
5275,0.00491896
5276,0.00491896
5277,0.00491896
5278,0.00491896
5279,0.00491896
5280,0.00491896
5281,0.00491896
5282,0.00491896
5283,0.00491896
5284,0.00491896
5285,0.00491896
5286,0.0049188
5287,0.0049188
5288,0.0049188
5289,0.0049188
5290,0.0049188
5291,0.0049188
5292,0.0049188
5293,0.00492
5294,0.00492
5295,0.00492
5296,0.00492
5297,0.00496945
5298,0.00496942
5299,0.00496943
5300,0.00496943
5301,0.00496943
5302,0.00496943
5303,0.00496943
5304,0.00496943
5305,0.00496943
5306,0.00496943
5307,0.00496943
5308,0.00496943
5309,0.00492016
5310,0.00492016
5311,0.00492016
5312,0.00492016
5313,0.00492016
5314,0.00492016
5315,0.00492016
5316,0.00492016
5317,0.00492016
5318,0.00492016
5319,0.00492016
5320,0.00492016
5321,0.00492016
5322,0.00492016
5323,0.00492016
5324,0.00492201
5325,0.00492201
5326,0.00492201
5327,0.00492201
5328,0.00495
5329,0.00495
5330,0.00495
5331,0.00496357
5332,0.00496357
5333,0.00496357
5334,0.00496357
5335,0.00496357
5336,0.00496357
5337,0.00496357
5338,0.00496357
5339,0.00496357
5340,0.00496943
5341,0.00496943
5342,0.00497001
5343,0.00497001
5344,0.00497001
5345,0.00497001
5346,0.00497002
5347,0.00498116
5348,0.005
5349,0.005
5350,0.005
5351,0.005
5352,0.005
5353,0.005
5354,0.00498116
5355,0.00498116
5356,0.00498116
5357,0.00498116
5358,0.00498116
5359,0.00498116
5360,0.00498116
5361,0.00498116
5362,0.00498116
5363,0.00498116
5364,0.00498116
5365,0.00495789
5366,0.00495789
5367,0.00495789
5368,0.00495789
5369,0.00495789
5370,0.00495789
5371,0.00495789
5372,0.00495789
5373,0.00495789
5374,0.00504647
5375,0.00504647
5376,0.00504649
5377,0.00504649
5378,0.00504649
5379,0.00504649
5380,0.00504649
5381,0.00506776
5382,0.00506776
5383,0.00506776
5384,0.00506776
5385,0.00506776
5386,0.00506776
5387,0.00506776
5388,0.00506776
5389,0.00506776
5390,0.00506776
5391,0.00506776
5392,0.00506776
5393,0.00506776
5394,0.00506776
5395,0.00506776
5396,0.00506776
5397,0.00506776
5398,0.00506776
5399,0.00506776
5400,0.00506776
5401,0.00506776
5402,0.00506776
5403,0.00506776
5404,0.00506776
5405,0.00506776
5406,0.00506776
5407,0.00506776
5408,0.00506776
5409,0.00506776
5410,0.00506776
5411,0.00506776
5412,0.00506776
5413,0.00506776
5414,0.00506776
5415,0.00506776
5416,0.00506776
5417,0.00506776
5418,0.00506776
5419,0.00506776
5420,0.00506776
5421,0.00506776
5422,0.00506776
5423,0.00506776
5424,0.00506776
5425,0.00506776
5426,0.00517675
5427,0.00517675
5428,0.00517675
5429,0.00517675
5430,0.00517675
5431,0.00517675
5432,0.00517675
5433,0.00517675
5434,0.00507526
5435,0.00507527
5436,0.00507527
5437,0.00507527
5438,0.00507527
5439,0.00507527
5440,0.00507527
5441,0.00507527
5442,0.00507527
5443,0.00507527
5444,0.00507527
5445,0.00507527
5446,0.00507527
5447,0.0050758
5448,0.0050758
5449,0.0050758
5450,0.0050758
5451,0.0050758
5452,0.0050758
5453,0.0050758
5454,0.00510005
5455,0.00510004
5456,0.00510004
5457,0.00510004
5458,0.00510004
5459,0.00510004
5460,0.00510004
5461,0.00510004
5462,0.00510004
5463,0.00510004
5464,0.00510004
5465,0.00510004
5466,0.00510004
5467,0.00510004
5468,0.00510004
5469,0.00510004
5470,0.00510004
5471,0.00510004
5472,0.00510004
5473,0.00510004
5474,0.00510004
5475,0.00510004
5476,0.00514683
5477,0.00514683
5478,0.00514683
5479,0.00514683
5480,0.00514683
5481,0.00514541
5482,0.00515
5483,0.00518349
5484,0.00518375
5485,0.00518375
5486,0.00518375
5487,0.00518375
5488,0.00518375
5489,0.00518375
5490,0.00518375
5491,0.00518375
5492,0.00518375
5493,0.00518375
5494,0.00518375
5495,0.00518375
5496,0.00518375
5497,0.00518375
5498,0.00518375
5499,0.00518375
5500,0.00518375
5501,0.00518375
5502,0.00518375
5503,0.00518375
5504,0.00518375
5505,0.00518375
5506,0.00518375
5507,0.00518375
5508,0.00518375
5509,0.00518375
5510,0.00518375
5511,0.00518375
5512,0.00518375
5513,0.00518375
5514,0.00518375
5515,0.00518375
5516,0.00518375
5517,0.00518375
5518,0.00518375
5519,0.00518375
5520,0.00518375
5521,0.00518375
5522,0.00518375
5523,0.00518375
5524,0.00518375
5525,0.00518375
5526,0.00518375
5527,0.00518375
5528,0.00518375
5529,0.00518375
5530,0.00518375
5531,0.00518375
5532,0.00518375
5533,0.00518375
5534,0.00518375
5535,0.00518375
5536,0.00518375
5537,0.00518375
5538,0.00518375
5539,0.00518375
5540,0.00518375
5541,0.00518375
5542,0.00518375
5543,0.00518375
5544,0.00518375
5545,0.00518375
5546,0.00518375
5547,0.00518375
5548,0.00518375
5549,0.00518375
5550,0.00518375
5551,0.00518375
5552,0.00518375
5553,0.00512001
5554,0.00512001
5555,0.00512001
5556,0.00513
5557,0.00513
5558,0.00513
5559,0.00513
5560,0.00513
5561,0.00522905
5562,0.00522905
5563,0.00522905
5564,0.00522908
5565,0.00522908
5566,0.00522913
5567,0.00522914
5568,0.00522914
5569,0.00522914
5570,0.00522914
5571,0.00522914
5572,0.00522914
5573,0.00522914
5574,0.00513075
5575,0.00529773
5576,0.00529773
5577,0.00529773
5578,0.00529773
5579,0.00525
5580,0.00525
5581,0.00525
5582,0.00525
5583,0.00525
5584,0.00525
5585,0.00525
5586,0.00525
5587,0.00525
5588,0.00525
5589,0.00525
5590,0.00525
5591,0.00533962
5592,0.00533962
5593,0.00533962
5594,0.00533962
5595,0.00536631
5596,0.00538015
5597,0.00538015
5598,0.00538015
5599,0.00525101
5600,0.00525101
5601,0.00538015
5602,0.00538015
5603,0.00538015
5604,0.00538015
5605,0.00538015
5606,0.00538015
5607,0.00538015
5608,0.00538015
5609,0.00538015
5610,0.00538015
5611,0.00538015
5612,0.00538015
5613,0.00538015
5614,0.00538015
5615,0.00538015
5616,0.00538015
5617,0.00538015
5618,0.00538015
5619,0.00538015
5620,0.00538015
5621,0.00538015
5622,0.00538015
5623,0.00535
5624,0.00525322
5625,0.00525322
5626,0.00525322
5627,0.00525402
5628,0.00525402
5629,0.00525402
5630,0.00525402
5631,0.00525402
5632,0.00525402
5633,0.00525402
5634,0.00525402
5635,0.00525402
5636,0.00525402
5637,0.00525402
5638,0.00525402
5639,0.00525402
5640,0.00525503
5641,0.00525503
5642,0.00525503
5643,0.00525503
5644,0.00525503
5645,0.00525503
5646,0.00525503
5647,0.00525503
5648,0.00525503
5649,0.00525503
5650,0.00525503
5651,0.00525503
5652,0.00525503
5653,0.00525503
5654,0.00525503
5655,0.00525503
5656,0.00525503
5657,0.00525503
5658,0.00525503
5659,0.00525301
5660,0.00525301
5661,0.00525301
5662,0.00525301
5663,0.00525301
5664,0.00525301
5665,0.00525301
5666,0.00525301
5667,0.00525301
5668,0.00525301
5669,0.00525301
5670,0.00525301
5671,0.00525301
5672,0.00525301
5673,0.00525201
5674,0.00525201
5675,0.00525201
5676,0.00525201
5677,0.00525201
5678,0.00525201
5679,0.00525201
5680,0.00525201
5681,0.00525201
5682,0.00525201
5683,0.00525201
5684,0.00525201
5685,0.00525201
5686,0.00525201
5687,0.00525201
5688,0.00525201
5689,0.00525201
5690,0.00525201
5691,0.00525201
5692,0.00525201
5693,0.00525201
5694,0.00525201
5695,0.00525201
5696,0.00513508
5697,0.00513504
5698,0.00513504
5699,0.00513504
5700,0.00513504
5701,0.00513504
5702,0.00513504
5703,0.00513504
5704,0.00513504
5705,0.00513504
5706,0.00513504
5707,0.00513504
5708,0.00513504
5709,0.00513545
5710,0.00513545
5711,0.00529968
5712,0.00529968
5713,0.00529968
5714,0.00529968
5715,0.00513583
5716,0.00513583
5717,0.00513583
5718,0.00513583
5719,0.00513583
5720,0.00513583
5721,0.00513583
5722,0.00513583
5723,0.00513583
5724,0.00513583
5725,0.00513583
5726,0.00513583
5727,0.00513583
5728,0.00513583
5729,0.00513583
5730,0.00529877
5731,0.00529877
5732,0.00529877
5733,0.00529877
5734,0.00529877
5735,0.00529877
5736,0.00529877
5737,0.00529877
5738,0.00529877
5739,0.00529877
5740,0.00529877
5741,0.00529877
5742,0.00529877
5743,0.005298
5744,0.005298
5745,0.005298
5746,0.005298
5747,0.005298
5748,0.005298
5749,0.005298
5750,0.005298
5751,0.005298
5752,0.005298
5753,0.005298
5754,0.005298
5755,0.005298
5756,0.005298
5757,0.005298
5758,0.005298
5759,0.005298
5760,0.005298
5761,0.005298
5762,0.005298
5763,0.005298
5764,0.005298
5765,0.005298
5766,0.005298
5767,0.005298
5768,0.005298
5769,0.005298
5770,0.005298
5771,0.005298
5772,0.005298
5773,0.005298
5774,0.005298
5775,0.005298
5776,0.005298
5777,0.005298
5778,0.005298
5779,0.005298
5780,0.005298
5781,0.005298
5782,0.005298
5783,0.005298
5784,0.005298
5785,0.005298
5786,0.005298
5787,0.005298
5788,0.005298
5789,0.005298
5790,0.005298
5791,0.005298
5792,0.005298
5793,0.005298
5794,0.005298
5795,0.005298
5796,0.005298
5797,0.005298
5798,0.005298
5799,0.005298
5800,0.005298
5801,0.005298
5802,0.005298
5803,0.005298
5804,0.005298
5805,0.005298
5806,0.005298
5807,0.0051623
5808,0.0051623
5809,0.00520442
5810,0.00520442
5811,0.00520442
5812,0.00520442
5813,0.00520442
5814,0.00520442
5815,0.00520442
5816,0.00520442
5817,0.00520442
5818,0.00520442
5819,0.00520442
5820,0.00520442
5821,0.00520442
5822,0.00520442
5823,0.00520442
5824,0.00520442
5825,0.00520442
5826,0.00520442
5827,0.00520442
5828,0.00520442
5829,0.00520442
5830,0.00520442
5831,0.00520442
5832,0.00520442
5833,0.00520442
5834,0.00520442
5835,0.00520442
5836,0.00520442
5837,0.00520442
5838,0.00520442
5839,0.00520442
5840,0.00520442
5841,0.00520442
5842,0.00520442
5843,0.00520442
5844,0.00520442
5845,0.00520442
5846,0.00520442
5847,0.00520442
5848,0.00520442
5849,0.00520442
5850,0.00520442
5851,0.00520442
5852,0.00520439
5853,0.00520439
5854,0.00520439
5855,0.00520439
5856,0.00520439
5857,0.00513004
5858,0.00513004
5859,0.00513004
5860,0.00513004
5861,0.00513004
5862,0.00513004
5863,0.00513004
5864,0.00513004
5865,0.00513004
5866,0.00513004
5867,0.00513004
5868,0.00513004
5869,0.00513004
5870,0.00513004
5871,0.00513004
5872,0.00513004
5873,0.00513004
5874,0.00513004
5875,0.00513004
5876,0.00513004
5877,0.00513004
5878,0.00513004
5879,0.00513004
5880,0.00513004
5881,0.00513004
5882,0.00513004
5883,0.00516719
5884,0.00516718
5885,0.00516718
5886,0.00516718
5887,0.00516718
5888,0.00516718
5889,0.00516718
5890,0.00516718
5891,0.00516718
5892,0.00516718
5893,0.00516718
5894,0.00516718
5895,0.00516718
5896,0.00516718
5897,0.00516718
5898,0.00516718
5899,0.00516718
5900,0.00514066
5901,0.00514066
5902,0.00514066
5903,0.00514066
5904,0.00514066
5905,0.00514066
5906,0.00514066
5907,0.00514066
5908,0.00514066
5909,0.00514066
5910,0.00514066
5911,0.00514066
5912,0.00514066
5913,0.00514066
5914,0.00514066
5915,0.00514066
5916,0.00514066
5917,0.00514066
5918,0.00514066
5919,0.00514066
5920,0.00514066
5921,0.00514066
5922,0.00514066
5923,0.00514066
5924,0.00514066
5925,0.00514066
5926,0.00514066
5927,0.00514066
5928,0.00514066
5929,0.00514066
5930,0.00514066
5931,0.00514066
5932,0.00514066
5933,0.00514066
5934,0.00514066
5935,0.00514066
5936,0.00514066
5937,0.00514066
5938,0.00514066
5939,0.00514066
5940,0.00514066
5941,0.00515381
5942,0.00515381
5943,0.00515381
5944,0.00515381
5945,0.00515381
5946,0.00515381
5947,0.00515381
5948,0.00515381
5949,0.00515381
5950,0.00515381
5951,0.00515381
5952,0.00515381
5953,0.00515365
5954,0.00515368
5955,0.00515368
5956,0.00515368
5957,0.00515368
5958,0.00515368
5959,0.00515368
5960,0.00515368
5961,0.00515381
5962,0.00515381
5963,0.00515381
5964,0.00515381
5965,0.00515381
5966,0.00515381
5967,0.00515381
5968,0.00515381
5969,0.00515381
5970,0.00515381
5971,0.00515381
5972,0.00515381
5973,0.00515381
5974,0.00515381
5975,0.00515381
5976,0.00515381
5977,0.00515381
5978,0.00515381
5979,0.00515381
5980,0.00515381
5981,0.00515381
5982,0.00515381
5983,0.00515381
5984,0.00515381
5985,0.00515381
5986,0.00515381
5987,0.00515381
5988,0.00515381
5989,0.00515381
5990,0.00515381
5991,0.00515381
5992,0.00515381
5993,0.00515381
5994,0.00515381
5995,0.00515381
5996,0.00515381
5997,0.00515381
5998,0.00515381
5999,0.00515381
6000,0.00515381
6001,0.00519788
6002,0.00519788
6003,0.00519788
6004,0.00519788
6005,0.00519788
6006,0.00519788
6007,0.00519788
6008,0.00519788
6009,0.00519788
6010,0.00515368
6011,0.00515368
6012,0.00515368
6013,0.00515368
6014,0.00515368
6015,0.00515368
6016,0.00515368
6017,0.00515368
6018,0.00515368
6019,0.00515368
6020,0.00515368
6021,0.00515368
6022,0.00515368
6023,0.00515368
6024,0.00515368
6025,0.00515368
6026,0.00515368
6027,0.00515368
6028,0.00515368
6029,0.00515368
6030,0.00515368
6031,0.00515368
6032,0.00515368
6033,0.00515368
6034,0.00515368
6035,0.00515368
6036,0.00515368
6037,0.00515368
6038,0.00515368
6039,0.00515368
6040,0.00515368
6041,0.00515368
6042,0.00515368
6043,0.00515368
6044,0.00515368
6045,0.00515368
6046,0.00515368
6047,0.00515368
6048,0.00515368
6049,0.00515368
6050,0.00515368
6051,0.00515368
6052,0.00515368
6053,0.00515368
6054,0.00515368
6055,0.00515368
6056,0.00515368
6057,0.00517469
6058,0.00517469
6059,0.00517469
6060,0.00517469
6061,0.00517469
6062,0.00517469
6063,0.00517469
6064,0.00517469
6065,0.00517469
6066,0.00517469
6067,0.00517469
6068,0.00517469
6069,0.00517469
6070,0.00517469
6071,0.00513
6072,0.00513
6073,0.00513
6074,0.00513
6075,0.00500071
6076,0.0050008
6077,0.0050008
6078,0.0050957
6079,0.0050957
6080,0.0050957
6081,0.0050957
6082,0.0050957
6083,0.0050957
6084,0.0050957
6085,0.0050957
6086,0.0050957
6087,0.0050957
6088,0.0050957
6089,0.0050957
6090,0.0050957
6091,0.0050016
6092,0.00500161
6093,0.00500172
6094,0.00500172
6095,0.00500172
6096,0.00500172
6097,0.00500172
6098,0.00500172
6099,0.00500202
6100,0.00500209
6101,0.00500221
6102,0.00500221
6103,0.00500221
6104,0.00500221
6105,0.00500221
6106,0.00500221
6107,0.00500221
6108,0.00500221
6109,0.00500221
6110,0.00500221
6111,0.00500221
6112,0.00500221
6113,0.00500221
6114,0.00516029
6115,0.00516029
6116,0.00516029
6117,0.00516029
6118,0.00516029
6119,0.00516029
6120,0.00516029
6121,0.00516029
6122,0.00512111
6123,0.00512111
6124,0.00512111
6125,0.00512111
6126,0.00512111
6127,0.00512111
6128,0.00512111
6129,0.0050957
6130,0.0050957
6131,0.0050957
6132,0.0050957
6133,0.0050957
6134,0.0050957
6135,0.00508185
6136,0.00508167
6137,0.00508165
6138,0.00508165
6139,0.00508165
6140,0.00508165
6141,0.00508165
6142,0.00508165
6143,0.00508165
6144,0.00508165
6145,0.00508076
6146,0.00508076
6147,0.00508076
6148,0.00500001
6149,0.00492
6150,0.00492
6151,0.00492
6152,0.00492
6153,0.0049
6154,0.0049
6155,0.0049
6156,0.0049
6157,0.0049
6158,0.0049
6159,0.0049
6160,0.0049
6161,0.0049
6162,0.0049
6163,0.0049
6164,0.0049
6165,0.0049
6166,0.0049
6167,0.0049
6168,0.0049
6169,0.0049
6170,0.0049
6171,0.0049
6172,0.0049
6173,0.00507744
6174,0.00507744
6175,0.00507744
6176,0.00507744
6177,0.00507744
6178,0.00507744
6179,0.00507744
6180,0.00496907
6181,0.00496884
6182,0.00496883
6183,0.00496883
6184,0.00496883
6185,0.00496883
6186,0.00496883
6187,0.00496883
6188,0.00496883
6189,0.00496883
6190,0.00496883
6191,0.00496883
6192,0.00496883
6193,0.00496883
6194,0.0048801
6195,0.0048801
6196,0.0048801
6197,0.0048801
6198,0.0048801
6199,0.0048801
6200,0.0048801
6201,0.0048801
6202,0.0048801
6203,0.0048801
6204,0.0048801
6205,0.0048801
6206,0.0048801
6207,0.0048801
6208,0.0048801
6209,0.0048801
6210,0.0048801
6211,0.0048765
6212,0.0048765
6213,0.0048765
6214,0.0048765
6215,0.0048765
6216,0.0048765
6217,0.0048765
6218,0.0048765
6219,0.0048765
6220,0.00486361
6221,0.00480009
6222,0.00480009
6223,0.00480009
6224,0.00480009
6225,0.00480009
6226,0.00480009
6227,0.00496421
6228,0.00496421
6229,0.00496421
6230,0.00496421
6231,0.00496421
6232,0.00496421
6233,0.00496421
6234,0.00496421
6235,0.00496421
6236,0.00496421
6237,0.00496421
6238,0.00496421
6239,0.00496421
6240,0.00488461
6241,0.00488461
6242,0.00488461
6243,0.00488461
6244,0.00488461
6245,0.00488461
6246,0.00488461
6247,0.00488461
6248,0.00488461
6249,0.0048836
6250,0.0048836
6251,0.0048836
6252,0.0048836
6253,0.0048836
6254,0.0048836
6255,0.0048836
6256,0.0048836
6257,0.0048836
6258,0.0048836
6259,0.0048836
6260,0.0048836
6261,0.0048836
6262,0.0048836
6263,0.0048836
6264,0.0048836
6265,0.0048836
6266,0.0048836
6267,0.0048836
6268,0.0048836
6269,0.0048836
6270,0.0048836
6271,0.0048836
6272,0.0048836
6273,0.0048836
