0,0.04239934
1,0.04239934
2,0.04239934
3,0.04239934
4,0.04239934
5,0.04239934
6,0.04239934
7,0.04239934
8,0.04239934
9,0.04239934
10,0.04239934
11,0.04239934
12,0.04239934
13,0.04239934
14,0.04239934
15,0.04239934
16,0.04239934
17,0.04239934
18,0.04239934
19,0.04239934
20,0.04239934
21,0.04239934
22,0.04239934
23,0.04239934
24,0.04239934
25,0.04239934
26,0.04239934
27,0.04239934
28,0.04239934
29,0.04239934
30,0.04239934
31,0.04239934
32,0.04239934
33,0.04239934
34,0.04239934
35,0.04239934
36,0.04239934
37,0.04239934
38,0.04239934
39,0.04239934
40,0.04239934
41,0.04239934
42,0.04239934
43,0.04239934
44,0.04239934
45,0.04239934
46,0.04239934
47,0.04239934
48,0.04239934
49,0.04239934
50,0.04239934
51,0.04239934
52,0.04239934
53,0.04239934
54,0.04239934
55,0.04239934
56,0.04239934
57,0.04239934
58,0.04239934
59,0.04239934
60,0.04239934
61,0.04239934
62,0.04239934
63,0.04239934
64,0.04239934
65,0.04239934
66,0.04239934
67,0.04239934
68,0.04239934
69,0.04239934
70,0.04239934
71,0.04239934
72,0.04239934
73,0.04239934
74,0.04239934
75,0.04239934
76,0.04239934
77,0.04239934
78,0.04239934
79,0.04239934
80,0.04239934
81,0.04239934
82,0.04239934
83,0.04239934
84,0.04239934
85,0.04239934
86,0.04239934
87,0.04239934
88,0.04239405
89,0.04239405
90,0.04239405
91,0.04239405
92,0.04239405
93,0.04239405
94,0.04239405
95,0.04239405
96,0.04239405
97,0.04239405
98,0.04239405
99,0.04239405
100,0.04239405
101,0.04239405
102,0.04239405
103,0.04239405
104,0.04239405
105,0.04239405
106,0.04239405
107,0.0419901
108,0.0419901
109,0.0419901
110,0.0419901
111,0.0419901
112,0.0419901
113,0.041985
114,0.041985
115,0.041985
116,0.041985
117,0.041985
118,0.04239356
119,0.04239356
120,0.04239356
121,0.04239356
122,0.04239356
123,0.04239356
124,0.04239356
125,0.04239356
126,0.04125718
127,0.04125718
128,0.04125718
129,0.04239329
130,0.04239327
131,0.04239327
132,0.04239327
133,0.04239327
134,0.04239327
135,0.04239327
136,0.04239327
137,0.04239327
138,0.04239327
139,0.04239327
140,0.04239327
141,0.04239327
142,0.04239327
143,0.04239327
144,0.04239327
145,0.04239327
146,0.04239327
147,0.04239327
148,0.04239327
149,0.04239327
150,0.04239327
151,0.04239327
152,0.04239327
153,0.04239327
154,0.04239327
155,0.04239327
156,0.04239327
157,0.04239327
158,0.04239327
159,0.04239327
160,0.04239327
161,0.04239327
162,0.04239327
163,0.04239327
164,0.04239327
165,0.04239327
166,0.04239327
167,0.04239327
168,0.04239327
169,0.04239327
170,0.04239327
171,0.04239327
172,0.04239327
173,0.04239327
174,0.04239327
175,0.04239327
176,0.04239327
177,0.04239327
178,0.04239327
179,0.04239327
180,0.04239327
181,0.04239327
182,0.04239327
183,0.04239327
184,0.04239327
185,0.04239327
186,0.04239327
187,0.04239327
188,0.04239327
189,0.04239327
190,0.04239327
191,0.04239327
192,0.04239327
193,0.04239327
194,0.04239327
195,0.04239327
196,0.04239327
197,0.04239327
198,0.04239327
199,0.04239327
200,0.04239327
201,0.04239327
202,0.04239327
203,0.04239327
204,0.04239327
205,0.04239327
206,0.04125654
207,0.04125654
208,0.04125654
209,0.04125654
210,0.04125654
211,0.04125654
212,0.04125654
213,0.04125654
214,0.04125654
215,0.04125654
216,0.04125654
217,0.04125654
218,0.04125654
219,0.04125654
220,0.04125654
221,0.04125654
222,0.04125654
223,0.04125654
224,0.04125654
225,0.04125654
226,0.04125654
227,0.04125654
228,0.04125654
229,0.04125654
230,0.04125654
231,0.04125654
232,0.04125654
233,0.04125654
234,0.04125654
235,0.04125654
236,0.04125654
237,0.04125654
238,0.04125654
239,0.04125654
240,0.04125654
241,0.04125654
242,0.04157019
243,0.04157019
244,0.04157019
245,0.0415702
246,0.0415702
247,0.0415702
248,0.0415702
249,0.0415702
250,0.0415702
251,0.0415702
252,0.0415702
253,0.0415702
254,0.0415702
255,0.0415702
256,0.0415702
257,0.0415702
258,0.0415702
259,0.0415702
260,0.0415702
261,0.0415702
262,0.0415702
263,0.0415702
264,0.0415702
265,0.0415702
266,0.0415702
267,0.0415702
268,0.0415702
269,0.0415702
270,0.0415702
271,0.0415702
272,0.0415702
273,0.0415702
274,0.0415702
275,0.0415702
276,0.0415702
277,0.04207389
278,0.04207389
279,0.04207389
280,0.04207389
281,0.04207389
282,0.04207389
283,0.04215486
284,0.04237017
285,0.04237017
286,0.04237017
287,0.04237017
288,0.04237017
289,0.04237017
290,0.04237017
291,0.04237017
292,0.04237017
293,0.04232415
294,0.04232415
295,0.04232415
296,0.04232415
297,0.04232415
298,0.04232415
299,0.04232415
300,0.04232415
301,0.04232415
302,0.04232415
303,0.04232415
304,0.04232415
305,0.04232415
306,0.04232415
307,0.04232415
308,0.04232415
309,0.04232415
310,0.04232415
311,0.04232415
312,0.04232415
313,0.04232415
314,0.04232415
315,0.04232415
316,0.04232415
317,0.04232415
318,0.04232415
319,0.04232415
320,0.04232415
321,0.04232415
322,0.04232415
323,0.04232415
324,0.04232415
325,0.04232415
326,0.04232415
327,0.04232415
328,0.04232415
329,0.04232415
330,0.04232415
331,0.04232415
332,0.04232415
333,0.04232415
334,0.04232415
335,0.04232415
336,0.04232415
337,0.04232415
338,0.04232415
339,0.04232415
340,0.04232415
341,0.04232415
342,0.04232415
343,0.04232415
344,0.04232415
345,0.04232415
346,0.04232415
347,0.04232415
348,0.04232415
349,0.04232415
350,0.04232415
351,0.04232415
352,0.04232415
353,0.04232415
354,0.04232415
355,0.04232415
356,0.04232415
357,0.04232415
358,0.04232415
359,0.04232415
360,0.04232415
361,0.04232415
362,0.04232415
363,0.04232415
364,0.04232415
365,0.04232415
366,0.04232415
367,0.04232415
368,0.04232415
369,0.04232415
370,0.04232415
371,0.04232415
372,0.04232415
373,0.04232415
374,0.04232415
375,0.04232415
376,0.04232415
377,0.04232415
378,0.04232415
379,0.04232415
380,0.04232415
381,0.04232415
382,0.04232415
383,0.04232415
384,0.04232415
385,0.04232415
386,0.04232415
387,0.04232415
388,0.04232415
389,0.04232415
390,0.04232415
391,0.04232415
392,0.04232415
393,0.04232415
394,0.04232415
395,0.04232415
396,0.04232415
397,0.04232415
398,0.04232415
399,0.04232415
400,0.04232415
401,0.04232415
402,0.04232415
403,0.04232415
404,0.04232415
405,0.04232415
406,0.04232415
407,0.04232415
408,0.04232415
409,0.04232415
410,0.04232415
411,0.04232415
412,0.04232415
413,0.04232415
414,0.04232415
415,0.04232415
416,0.04232415
417,0.04237018
418,0.04237018
419,0.04237018
420,0.04237018
421,0.04237018
422,0.04237018
423,0.04237018
424,0.04237018
425,0.04237018
426,0.04237018
427,0.04237018
428,0.04237018
429,0.04237018
430,0.04237018
431,0.04237018
432,0.04237018
433,0.04237018
434,0.04237018
435,0.04237018
436,0.04237018
437,0.04237018
438,0.04237018
439,0.04237018
440,0.04237018
441,0.04237018
442,0.04237018
443,0.04237018
444,0.04237018
445,0.04237018
446,0.04237018
447,0.04237018
448,0.04245
449,0.042
450,0.042
451,0.042
452,0.042
453,0.042
454,0.042
455,0.042
456,0.042
457,0.042
458,0.042
459,0.042
460,0.042
461,0.042
462,0.042
463,0.042
464,0.042
465,0.042
466,0.042
467,0.042
468,0.042
469,0.042
470,0.042
471,0.042
472,0.042
473,0.042
474,0.042
475,0.042
476,0.042
477,0.042
478,0.042
479,0.042
480,0.042
481,0.042
482,0.042
483,0.042
484,0.042
485,0.042
486,0.042
487,0.042
488,0.042
489,0.042
490,0.042
491,0.042
492,0.042
493,0.042
494,0.042
495,0.042
496,0.042
497,0.042
498,0.042
499,0.042
500,0.042
501,0.042
502,0.042
503,0.042
504,0.042
505,0.042
506,0.042
507,0.042
508,0.042
509,0.042
510,0.042
511,0.042
512,0.042
513,0.042
514,0.042
515,0.042
516,0.042
517,0.042
518,0.042
519,0.042
520,0.042
521,0.042
522,0.042
523,0.042
524,0.042
525,0.042
526,0.042
527,0.042
528,0.042
529,0.042
530,0.042
531,0.042
532,0.042
533,0.042
534,0.042
535,0.042
536,0.042
537,0.042
538,0.042
539,0.042
540,0.042
541,0.042
542,0.042
543,0.042
544,0.042
545,0.042
546,0.042
547,0.042
548,0.042
549,0.042
550,0.042
551,0.042
552,0.042
553,0.042
554,0.042
555,0.042
556,0.042
557,0.042
558,0.042
559,0.042
560,0.042
561,0.042
562,0.042
563,0.042
564,0.042
565,0.042
566,0.042
567,0.042
568,0.04200312
569,0.04200312
570,0.04200312
571,0.04200312
572,0.04200312
573,0.04200312
574,0.04200312
575,0.04200312
576,0.04200312
577,0.04200312
578,0.04200312
579,0.04200312
580,0.04200312
581,0.04200312
582,0.04200312
583,0.04200312
584,0.04200312
585,0.04200312
586,0.04200312
587,0.04200312
588,0.04200312
589,0.04200312
590,0.04213345
591,0.04252442
592,0.04252442
593,0.04252442
594,0.04252442
595,0.04252442
596,0.04252442
597,0.04252442
598,0.04252442
599,0.04252442
600,0.04252442
601,0.04252442
602,0.04252442
603,0.04252442
604,0.04252442
605,0.04252442
606,0.04252442
607,0.04252442
608,0.04252442
609,0.04252442
610,0.04252442
611,0.04252442
612,0.04252442
613,0.04252442
614,0.04252442
615,0.04252442
616,0.04252442
617,0.04252442
618,0.04252442
619,0.04252442
620,0.04252442
621,0.04252442
622,0.04252442
623,0.04252442
624,0.04252442
625,0.04252442
626,0.04252442
627,0.04252442
628,0.04252442
629,0.04252442
630,0.04252442
631,0.04252442
632,0.04252442
633,0.04252442
634,0.04252442
635,0.04213345
636,0.04213345
637,0.04213345
638,0.04213345
639,0.04213345
640,0.04213345
641,0.04213345
642,0.04213345
643,0.04213345
644,0.04213345
645,0.04213345
646,0.04213345
647,0.04213345
648,0.04213345
649,0.04213345
650,0.04213345
651,0.04213345
652,0.04213345
653,0.04213345
654,0.04213345
655,0.04213345
656,0.04213345
657,0.04213345
658,0.04213345
659,0.04213345
660,0.04213345
661,0.04213345
662,0.04213345
663,0.04213345
664,0.04213345
665,0.04213345
666,0.04213345
667,0.04213345
668,0.04213345
669,0.04213345
670,0.04213345
671,0.04213345
672,0.04213345
673,0.04213345
674,0.04213345
675,0.04213345
676,0.04213345
677,0.04213345
678,0.04213345
679,0.04213345
680,0.04213345
681,0.04213345
682,0.04213345
683,0.04213345
684,0.04213345
685,0.04213345
686,0.04213345
687,0.04213345
688,0.04213345
689,0.04213345
690,0.04213345
691,0.04213345
692,0.04213345
693,0.04213345
694,0.04213345
695,0.04213345
696,0.04213345
697,0.04213345
698,0.04213345
699,0.04213345
700,0.04213345
701,0.04213345
702,0.04213345
703,0.04254584
704,0.04254584
705,0.04254584
706,0.04254584
707,0.04254584
708,0.04254584
709,0.04254584
710,0.04255
711,0.04255
712,0.04255
713,0.04255
714,0.04257332
715,0.04257332
716,0.04339833
717,0.04339833
718,0.04339833
719,0.04339833
720,0.04339833
721,0.04339833
722,0.04339833
723,0.04339833
724,0.04339833
725,0.04339833
726,0.04339833
727,0.04339833
728,0.04339833
729,0.04339833
730,0.04267022
731,0.04267022
732,0.04267022
733,0.04267022
734,0.04267022
735,0.04279606
736,0.04279606
737,0.04279606
738,0.04279606
739,0.04279606
740,0.04279606
741,0.04279606
742,0.04279606
743,0.04279606
744,0.04279606
745,0.04279606
746,0.04279606
747,0.04279606
748,0.04279606
749,0.04279606
750,0.04279606
751,0.04279606
752,0.04279606
753,0.04279606
754,0.04279606
755,0.04279606
756,0.04279606
757,0.04339833
758,0.04324131
759,0.04267373
760,0.04267373
761,0.04267373
762,0.04267373
763,0.04267373
764,0.04267373
765,0.04267373
766,0.04267373
767,0.04267373
768,0.04267373
769,0.04267373
770,0.04267373
771,0.04267373
772,0.04267373
773,0.04267373
774,0.04267373
775,0.04357875
776,0.04350415
777,0.04350415
778,0.04350415
779,0.04350415
780,0.04350415
781,0.04350415
782,0.04350415
783,0.04350415
784,0.04367664
785,0.04357876
786,0.04357876
787,0.04357876
788,0.04357876
789,0.04357876
790,0.04357876
791,0.04357876
792,0.04357876
793,0.04357876
794,0.04357876
795,0.04357876
796,0.04357876
797,0.04357876
798,0.04378138
799,0.04363594
800,0.04384238
801,0.04399
802,0.04399
803,0.04399
804,0.04363622
805,0.04363622
806,0.04363622
807,0.04399
808,0.04399
809,0.04399
810,0.04399
811,0.044
812,0.044
813,0.04410025
814,0.04410025
815,0.04410025
816,0.04410025
817,0.04410025
818,0.04410025
819,0.04410025
820,0.0443
821,0.04410025
822,0.04410025
823,0.04410025
824,0.04410025
825,0.04410025
826,0.04410025
827,0.04410025
828,0.04410025
829,0.04410025
830,0.04410025
831,0.04410026
832,0.04410026
833,0.04410026
834,0.04410026
835,0.04410026
836,0.04410026
837,0.04410026
838,0.04410026
839,0.04410026
840,0.04410026
841,0.04363593
842,0.04363593
843,0.04363593
844,0.04363593
845,0.04363593
846,0.0436359
847,0.04322033
848,0.04322033
849,0.04322033
850,0.04322033
851,0.04322033
852,0.04322033
853,0.04322033
854,0.04322033
855,0.04322033
856,0.04322033
857,0.04322033
858,0.04322033
859,0.04322033
860,0.04322033
861,0.04322033
862,0.04322033
863,0.04322033
864,0.04322033
865,0.04322033
866,0.04322033
867,0.04322033
868,0.04322033
869,0.04322033
870,0.04322033
871,0.04322033
872,0.04322033
873,0.04322033
874,0.04322033
875,0.04322033
876,0.04322033
877,0.04322033
878,0.04322033
879,0.04322033
880,0.04322033
881,0.04322033
882,0.04322033
883,0.04322033
884,0.04322033
885,0.04322033
886,0.04329991
887,0.04329991
888,0.04329991
889,0.04329991
890,0.04329991
891,0.04329991
892,0.04329991
893,0.04329991
894,0.04329991
895,0.04329991
896,0.04329991
897,0.04329991
898,0.04329991
899,0.04329991
900,0.04329991
901,0.04329991
902,0.04329991
903,0.04329991
904,0.04329991
905,0.04329991
906,0.04329991
907,0.04329991
908,0.04329991
909,0.04329991
910,0.04329991
911,0.04329991
912,0.04329991
913,0.04329991
914,0.04329991
915,0.04329991
916,0.04329991
917,0.04329991
918,0.04329991
919,0.04329991
920,0.04329991
921,0.04329991
922,0.04329991
923,0.04329991
924,0.04329991
925,0.04329991
926,0.04329991
927,0.04329991
928,0.04329991
929,0.04329991
930,0.04329991
931,0.04329991
932,0.04329991
933,0.04329991
934,0.04329991
935,0.04329991
936,0.04329991
937,0.04329991
938,0.04329991
939,0.04329991
940,0.04329991
941,0.04329991
942,0.04329991
943,0.04329991
944,0.04329991
945,0.04329991
946,0.04329991
947,0.04329991
948,0.04329991
949,0.04329991
950,0.04329991
951,0.04329991
952,0.04329991
953,0.04329991
954,0.04329991
955,0.04329991
956,0.04329991
957,0.04329991
958,0.04329991
959,0.04329991
960,0.04329991
961,0.04329991
962,0.04329991
963,0.04329991
964,0.04329991
965,0.04329991
966,0.04329991
967,0.04329991
968,0.04329991
969,0.04329991
970,0.04329991
971,0.043375
972,0.043375
973,0.043375
974,0.043375
975,0.043375
976,0.043375
977,0.043375
978,0.043375
979,0.043375
980,0.043375
981,0.043375
982,0.043375
983,0.043375
984,0.043375
985,0.043375
986,0.043375
987,0.043375
988,0.043375
989,0.04408894
990,0.04408894
991,0.04408894
992,0.04429623
993,0.04429623
994,0.04429623
995,0.04429623
996,0.04429623
997,0.04429623
998,0.04429623
999,0.04429623
1000,0.04429623
1001,0.04429623
1002,0.04429623
1003,0.04429623
1004,0.04429623
1005,0.04429623
1006,0.04429623
1007,0.04429623
1008,0.04429623
1009,0.04429623
1010,0.04429623
1011,0.04429623
1012,0.04429623
1013,0.04429623
1014,0.04429623
1015,0.04429623
1016,0.04429623
1017,0.04429623
1018,0.04429623
1019,0.04429623
1020,0.04429623
1021,0.04429623
1022,0.04429623
1023,0.04429623
1024,0.04429623
1025,0.04429623
1026,0.04429623
1027,0.04429623
1028,0.04429623
1029,0.04429623
1030,0.04429623
1031,0.04429623
1032,0.04429623
1033,0.04429623
1034,0.04429623
1035,0.04429623
1036,0.0440058
1037,0.04400581
1038,0.04400581
1039,0.0443
1040,0.0443
1041,0.0443
1042,0.04409179
1043,0.04409179
1044,0.04429387
1045,0.04429387
1046,0.04406002
1047,0.04406003
1048,0.04422611
1049,0.04422611
1050,0.04499
1051,0.04499
1052,0.04499
1053,0.04499
1054,0.04499
1055,0.04499
1056,0.04442361
1057,0.04442361
1058,0.04442361
1059,0.04442361
1060,0.04442361
1061,0.04442361
1062,0.04442361
1063,0.04442361
1064,0.04442361
1065,0.04442361
1066,0.04442361
1067,0.04442361
1068,0.04442361
1069,0.04442361
1070,0.04442361
1071,0.04442361
1072,0.04442361
1073,0.04442361
1074,0.04442361
1075,0.04442361
1076,0.04442361
1077,0.04473771
1078,0.04473771
1079,0.04473771
1080,0.04473771
1081,0.04473771
1082,0.04473771
1083,0.04473771
1084,0.04473772
1085,0.04473772
1086,0.04473772
1087,0.04473772
1088,0.04473772
1089,0.04473772
1090,0.04473772
1091,0.04473772
1092,0.04473772
1093,0.04473772
1094,0.04488803
1095,0.04488803
1096,0.04488803
1097,0.04488803
1098,0.04488804
1099,0.04490362
1100,0.04490362
1101,0.04490362
1102,0.04490362
1103,0.04490362
1104,0.04490362
1105,0.04490362
1106,0.04490362
1107,0.04490362
1108,0.04490362
1109,0.04490362
1110,0.04490362
1111,0.04490362
1112,0.04490362
1113,0.04490362
1114,0.04490362
1115,0.04490362
1116,0.04490362
1117,0.04490362
1118,0.04490362
1119,0.04490362
1120,0.04490362
1121,0.04490362
1122,0.04490362
1123,0.04490362
1124,0.04490362
1125,0.04490362
1126,0.04490362
1127,0.04490362
1128,0.04490362
1129,0.04490362
1130,0.04490362
1131,0.04490362
1132,0.04490362
1133,0.04490362
1134,0.04490362
1135,0.04498999
1136,0.04499
1137,0.04499
1138,0.04499
1139,0.04499
1140,0.04499
1141,0.04499
1142,0.04499
1143,0.04499
1144,0.04499
1145,0.04499
1146,0.04499
1147,0.04498999
1148,0.04498999
1149,0.04499
1150,0.04499
1151,0.04499
1152,0.04499
1153,0.04499
1154,0.04499
1155,0.04499
1156,0.04499
1157,0.04499
1158,0.04499
1159,0.04499
1160,0.045
1161,0.045
1162,0.04498999
1163,0.04498999
1164,0.04498999
1165,0.04495642
1166,0.04495642
1167,0.04495642
1168,0.04495642
1169,0.04495642
1170,0.04495642
1171,0.04495642
1172,0.04454009
1173,0.04454008
1174,0.04454009
1175,0.04454009
1176,0.04454009
1177,0.04454009
1178,0.04454009
1179,0.04461546
1180,0.04461546
1181,0.04461546
1182,0.04461546
1183,0.04461546
1184,0.04461546
1185,0.04461546
1186,0.04461546
1187,0.0449
1188,0.0449
1189,0.0449
1190,0.0449
1191,0.0449
1192,0.0449
1193,0.0449
1194,0.0449
1195,0.0449
1196,0.0449
1197,0.0449
1198,0.0449
1199,0.0449
1200,0.0449
1201,0.0449
1202,0.0449
1203,0.0449
1204,0.0449
1205,0.0449
1206,0.0449
1207,0.0449
1208,0.0449
1209,0.0449
1210,0.0449
1211,0.0449
1212,0.0449
1213,0.0449
1214,0.0449
1215,0.0449
1216,0.0449
1217,0.0449
1218,0.0449
1219,0.0449
1220,0.0449
1221,0.0449
1222,0.0449
1223,0.0449
1224,0.0449
1225,0.0449
1226,0.0449
1227,0.0449
1228,0.0449
1229,0.0449
1230,0.0449
1231,0.0449
1232,0.0449
1233,0.0449
1234,0.0449
1235,0.0449
1236,0.0449
1237,0.0449
1238,0.0449
1239,0.0449
1240,0.0449
1241,0.0449
1242,0.0449
1243,0.0449
1244,0.0449
1245,0.0449
1246,0.0449
1247,0.0449
1248,0.0449
1249,0.0449
1250,0.0449
1251,0.0449
1252,0.0449
1253,0.0449
1254,0.0449
1255,0.0449
1256,0.0449
1257,0.0449
1258,0.0449
1259,0.0449
1260,0.0449
1261,0.0449
1262,0.0449
1263,0.0449
1264,0.0449
1265,0.0449
1266,0.0449
1267,0.0449
1268,0.0449
1269,0.0449
1270,0.0449
1271,0.0449
1272,0.0449
1273,0.0449
1274,0.0449
1275,0.0449
1276,0.0449
1277,0.0449
1278,0.0449
1279,0.0449
1280,0.0449
1281,0.0449
1282,0.0449
1283,0.0449
1284,0.0449
1285,0.0449
1286,0.0449
1287,0.0449
1288,0.0449
1289,0.0449
1290,0.0449
1291,0.0449
1292,0.0449
1293,0.0449
1294,0.0449
1295,0.0449
1296,0.0449
1297,0.0449
1298,0.0449
1299,0.0449
1300,0.0449
1301,0.0449
1302,0.0449
1303,0.0449
1304,0.0449
1305,0.0449
1306,0.0449
1307,0.0449
1308,0.0449
1309,0.0449
1310,0.0449
1311,0.0449
1312,0.0449
1313,0.0449
1314,0.0449
1315,0.0449
1316,0.0449
1317,0.0449
1318,0.0449
1319,0.0449
1320,0.0449
1321,0.0449
1322,0.0449
1323,0.0449
1324,0.0449
1325,0.0449
1326,0.0449
1327,0.0449
1328,0.04499995
1329,0.04499995
1330,0.04499995
1331,0.04499995
1332,0.04499995
1333,0.04499995
1334,0.0449
1335,0.0449
1336,0.0449
1337,0.0449
1338,0.0449
1339,0.0449
1340,0.0449
1341,0.0449
1342,0.0449
1343,0.0449
1344,0.0449
1345,0.0449
1346,0.0449
1347,0.0449
1348,0.0449
1349,0.0449
1350,0.0449
1351,0.0449
1352,0.0449
1353,0.0449
1354,0.0449
1355,0.0449
1356,0.0449
1357,0.0449
1358,0.0449
1359,0.0449
1360,0.0449
1361,0.0449
1362,0.0449
1363,0.0449
1364,0.0449
1365,0.0449
1366,0.0449
1367,0.0449
1368,0.0449
1369,0.0449
1370,0.0449
1371,0.0449
1372,0.0449
1373,0.0449
1374,0.0449
1375,0.0449
1376,0.0449
1377,0.0449
1378,0.0449
1379,0.0449
1380,0.0449
1381,0.0449
1382,0.0449
1383,0.0449
1384,0.0449
1385,0.0449
1386,0.0449
1387,0.0449
1388,0.0449
1389,0.0449
1390,0.0449
1391,0.0449
1392,0.045
1393,0.045
1394,0.045
1395,0.045
1396,0.045
1397,0.045
1398,0.045
1399,0.045
1400,0.045
1401,0.045
1402,0.045
1403,0.045
1404,0.045
1405,0.045
1406,0.045
1407,0.045
1408,0.045
1409,0.045
1410,0.045
1411,0.045
1412,0.045
1413,0.045
1414,0.045
1415,0.045
1416,0.045
1417,0.045
1418,0.045
1419,0.045
1420,0.0449
1421,0.0449
1422,0.0449
1423,0.0449
1424,0.0449
1425,0.0449
1426,0.0449
1427,0.0449
1428,0.0449
1429,0.0449
1430,0.0449
1431,0.0449
1432,0.0449
1433,0.0449
1434,0.0449
1435,0.0449
1436,0.0449
1437,0.0449
1438,0.0449
1439,0.0449
1440,0.0449
1441,0.0449
1442,0.0449
1443,0.0449
1444,0.0449
1445,0.0449
1446,0.0449
1447,0.0449
1448,0.0449
1449,0.0449
1450,0.0449
1451,0.0449
1452,0.0449
1453,0.0449
1454,0.0449
1455,0.045
1456,0.045
1457,0.045
1458,0.045
1459,0.045
1460,0.045
1461,0.045
1462,0.045
1463,0.045
1464,0.045
1465,0.045
1466,0.045
1467,0.045
1468,0.045
1469,0.045
1470,0.045
1471,0.045
1472,0.045
1473,0.045
1474,0.045
1475,0.045
1476,0.045
1477,0.045
1478,0.045
1479,0.045
1480,0.045
1481,0.045
1482,0.045
1483,0.045
1484,0.045
1485,0.045
1486,0.045
1487,0.045
1488,0.045
1489,0.045
1490,0.045
1491,0.045
1492,0.045
1493,0.045
1494,0.045
1495,0.045
1496,0.045
1497,0.045
1498,0.0449
1499,0.0449
1500,0.0449
1501,0.0449
1502,0.0449
1503,0.0449
1504,0.0449
1505,0.0449
1506,0.0449
1507,0.0449
1508,0.0449
1509,0.0449
1510,0.0449
1511,0.0449
1512,0.0449
1513,0.0449
1514,0.0449
1515,0.0449
1516,0.0449
1517,0.0449
1518,0.0449
1519,0.0449
1520,0.0449
1521,0.0449
1522,0.0449
1523,0.0449
1524,0.0449
1525,0.0449
1526,0.0449
1527,0.0449
1528,0.0449
1529,0.0449
1530,0.0449
1531,0.0449
1532,0.0449
1533,0.0449
1534,0.0449
1535,0.0449
1536,0.0449
1537,0.0449
1538,0.0449
1539,0.0449
1540,0.0449
1541,0.0449
1542,0.0449
1543,0.0449
1544,0.0449
1545,0.0449
1546,0.0449
1547,0.0449
1548,0.0449
1549,0.0449
1550,0.0449
1551,0.0449
1552,0.0449
1553,0.0449
1554,0.0449
1555,0.0449
1556,0.0449
1557,0.0449
1558,0.0449
1559,0.0449
1560,0.0449
1561,0.0449
1562,0.0449
1563,0.0449
1564,0.0449
1565,0.0449
1566,0.0449
1567,0.0449
1568,0.0449
1569,0.0449
1570,0.0449
1571,0.0449
1572,0.0449
1573,0.0449
1574,0.0449
1575,0.0449
1576,0.0449
1577,0.0449
1578,0.0449
1579,0.0449
1580,0.0449
1581,0.0449
1582,0.0449
1583,0.0449
1584,0.0449
1585,0.0449
1586,0.0449
1587,0.0449
1588,0.0449
1589,0.0449
1590,0.0449
1591,0.0449
1592,0.0449
1593,0.0449
1594,0.0449
1595,0.0449
1596,0.0449
1597,0.0449
1598,0.0449
1599,0.0449
1600,0.0449
1601,0.0449
1602,0.0449
1603,0.0449
1604,0.0449
1605,0.0449
1606,0.0449
1607,0.0449
1608,0.0449
1609,0.0449
1610,0.0449
1611,0.0449
1612,0.0449
1613,0.0449
1614,0.0449
1615,0.0449
1616,0.0449
1617,0.0449
1618,0.0449
1619,0.0449
1620,0.0449
1621,0.0449
1622,0.0449
1623,0.0449
1624,0.0449
1625,0.0449
1626,0.0449
1627,0.0449
1628,0.0449
1629,0.0449
1630,0.0449
1631,0.0449
1632,0.0449
1633,0.0449
1634,0.0449
1635,0.0449
1636,0.0449
1637,0.0449
1638,0.0449
1639,0.0449
1640,0.0449
1641,0.0449
1642,0.0449
1643,0.0449
1644,0.0449
1645,0.0449
1646,0.0449
1647,0.0449
1648,0.0449
1649,0.0449
1650,0.0449
1651,0.0449
1652,0.0449
1653,0.0449
1654,0.0449
1655,0.0449
1656,0.0449
1657,0.0449
1658,0.0449
1659,0.0449
1660,0.0449
1661,0.0449
1662,0.0449
1663,0.0449
1664,0.0449
1665,0.0449
1666,0.0449
1667,0.0449
1668,0.0449
1669,0.0449
1670,0.0449
1671,0.0449
1672,0.0449
1673,0.04428698
1674,0.04428698
1675,0.0440498
1676,0.043375
1677,0.043375
1678,0.043375
1679,0.043375
1680,0.043375
1681,0.043375
1682,0.043375
1683,0.043375
1684,0.04385202
1685,0.04385202
1686,0.04385202
1687,0.04385202
1688,0.04385202
1689,0.04385202
1690,0.04385202
1691,0.04385202
1692,0.04385202
1693,0.04385202
1694,0.04361151
1695,0.04390324
1696,0.04390324
1697,0.04390324
1698,0.04390324
1699,0.04390324
1700,0.04390324
1701,0.04390324
1702,0.04390324
1703,0.04390324
1704,0.04390324
1705,0.04390324
1706,0.04390324
1707,0.04390324
1708,0.04390324
1709,0.04390324
1710,0.04390324
1711,0.04390324
1712,0.04390324
1713,0.04390324
1714,0.04390324
1715,0.04390324
1716,0.04390324
1717,0.04390324
1718,0.04390324
1719,0.04390324
1720,0.04390324
1721,0.04390324
1722,0.04390324
1723,0.04390324
1724,0.04390324
1725,0.04390324
1726,0.04390324
1727,0.0433754
1728,0.0433754
1729,0.0433754
1730,0.0433754
1731,0.0433754
1732,0.0433754
1733,0.0433754
1734,0.0433754
1735,0.0433754
1736,0.0433754
1737,0.0433754
1738,0.0433754
1739,0.0433754
1740,0.0433754
1741,0.0433754
1742,0.0433754
1743,0.0433754
1744,0.0433754
1745,0.0433754
1746,0.0433754
1747,0.0433754
1748,0.0433754
1749,0.0433754
1750,0.0433754
1751,0.0433754
1752,0.0433754
1753,0.0433754
1754,0.0433754
1755,0.0433754
1756,0.0433754
1757,0.0433754
1758,0.0433754
1759,0.0433754
1760,0.0433754
1761,0.0433754
1762,0.0433754
1763,0.0433754
1764,0.0433754
1765,0.0433754
1766,0.0433754
1767,0.0433754
1768,0.0433754
1769,0.0433754
1770,0.0433754
1771,0.0433754
1772,0.0433754
1773,0.0433754
1774,0.0433754
1775,0.0433754
1776,0.0433754
1777,0.0433754
1778,0.0433754
1779,0.0433754
1780,0.0433754
1781,0.0433754
1782,0.0433754
1783,0.0433754
1784,0.0433754
1785,0.04337511
1786,0.04337511
1787,0.04337511
1788,0.04337511
1789,0.04337511
1790,0.04337511
1791,0.04337511
1792,0.04337511
1793,0.04337511
1794,0.04361801
1795,0.04361801
1796,0.04361801
1797,0.04361801
1798,0.04361801
1799,0.04361801
1800,0.04361801
1801,0.04361801
1802,0.04361801
1803,0.04361801
1804,0.04361801
1805,0.04361801
1806,0.04361801
1807,0.04361801
1808,0.04361801
1809,0.04361801
1810,0.04361801
1811,0.04361801
1812,0.04361801
1813,0.04361801
1814,0.04361801
1815,0.04361801
1816,0.04361801
1817,0.04361801
1818,0.04361801
1819,0.04361801
1820,0.04361801
1821,0.04361801
1822,0.04361801
1823,0.04361801
1824,0.04361801
1825,0.04361801
1826,0.04361801
1827,0.04361801
1828,0.04361801
1829,0.04361801
1830,0.04361801
1831,0.04361801
1832,0.04361801
1833,0.04361801
1834,0.04361801
1835,0.04361801
1836,0.04361801
1837,0.04361801
1838,0.04361801
1839,0.04361801
1840,0.04361801
1841,0.04361801
1842,0.04361801
1843,0.043375
1844,0.043375
1845,0.04319039
1846,0.04319039
1847,0.04319039
1848,0.04319039
1849,0.04319039
1850,0.04319039
1851,0.04319039
1852,0.04319039
1853,0.04319039
1854,0.04319039
1855,0.04319039
1856,0.04319039
1857,0.04319039
1858,0.04319039
1859,0.04319039
1860,0.04319039
1861,0.04319039
1862,0.04319039
1863,0.04319039
1864,0.04319039
1865,0.04319039
1866,0.04319039
1867,0.04319039
1868,0.04319039
1869,0.04319039
1870,0.04319039
1871,0.04319039
1872,0.04319039
1873,0.04319039
1874,0.04319039
1875,0.04319039
1876,0.04319039
1877,0.04319039
1878,0.04319039
1879,0.04319039
1880,0.04319039
1881,0.04319039
1882,0.04319039
1883,0.04319039
1884,0.04319039
1885,0.04319039
1886,0.04319039
1887,0.04319039
1888,0.04319039
1889,0.04319039
1890,0.04319039
1891,0.04319039
1892,0.04319039
1893,0.04319039
1894,0.04319039
1895,0.04319039
1896,0.04319039
1897,0.04319039
1898,0.04319039
1899,0.04319039
1900,0.0431904
1901,0.0431904
1902,0.0431904
1903,0.0431904
1904,0.0431904
1905,0.0431904
1906,0.0431904
1907,0.0431904
1908,0.0431904
1909,0.0431904
1910,0.0431904
1911,0.0431904
1912,0.0431904
1913,0.0431904
1914,0.0431904
1915,0.0431904
1916,0.0431904
1917,0.0431904
1918,0.0431904
1919,0.0431904
1920,0.0431904
1921,0.0431904
1922,0.0431904
1923,0.0431904
1924,0.0431904
1925,0.0431904
1926,0.0431904
1927,0.0431904
1928,0.0431904
1929,0.0431904
1930,0.0431904
1931,0.0431904
1932,0.0431904
1933,0.0431904
1934,0.0431904
1935,0.0431904
1936,0.0431904
1937,0.0431904
1938,0.0431904
1939,0.0431904
1940,0.0431904
1941,0.0431904
1942,0.0431904
1943,0.0431904
1944,0.0431904
1945,0.0431904
1946,0.0431904
1947,0.0431904
1948,0.0431904
1949,0.0431904
1950,0.0431904
1951,0.0431904
1952,0.0431904
1953,0.0431904
1954,0.0431904
1955,0.0431904
1956,0.0431904
1957,0.0431904
1958,0.0431904
1959,0.0431904
1960,0.0431904
1961,0.0431904
1962,0.04349999
1963,0.04349999
1964,0.04349999
1965,0.04349999
1966,0.04349999
1967,0.04349999
1968,0.04349999
1969,0.04349999
1970,0.04349999
1971,0.04349999
1972,0.04349999
1973,0.04349999
1974,0.04349999
1975,0.04349999
1976,0.04349999
1977,0.04349999
1978,0.04349999
1979,0.04349999
1980,0.04349999
1981,0.04349999
1982,0.04349999
1983,0.04349999
1984,0.04349999
1985,0.04349999
1986,0.04349999
1987,0.04349999
1988,0.04349999
1989,0.04349999
1990,0.04349999
1991,0.04349999
1992,0.04349999
1993,0.04349999
1994,0.04349999
1995,0.04349999
1996,0.04349999
1997,0.04349999
1998,0.04349999
1999,0.04349999
2000,0.04349999
2001,0.04349999
2002,0.04349999
2003,0.04349999
2004,0.04349999
2005,0.04349999
2006,0.04349999
2007,0.04349999
2008,0.04349999
2009,0.04349999
2010,0.04349999
2011,0.04349999
2012,0.0431904
2013,0.0431904
2014,0.0431904
2015,0.0431904
2016,0.0431904
2017,0.0431904
2018,0.0435
2019,0.0435
2020,0.0435
2021,0.0435
2022,0.0435
2023,0.0435
2024,0.0435
2025,0.0435
2026,0.0435
2027,0.0435
2028,0.0435
2029,0.0435
2030,0.0435
2031,0.0435
2032,0.0435
2033,0.0435
2034,0.0435
2035,0.0435
2036,0.0435
2037,0.0435
2038,0.0435
2039,0.0435
2040,0.0435
2041,0.0435
2042,0.0435
2043,0.0435
2044,0.0435
2045,0.0435
2046,0.0435
2047,0.0435
2048,0.0435
2049,0.0435
2050,0.0435
2051,0.0435
2052,0.0435
2053,0.0435
2054,0.0435
2055,0.0435
2056,0.0435
2057,0.0435
2058,0.0435
2059,0.04349999
2060,0.04349999
2061,0.04349999
2062,0.04349999
2063,0.04349999
2064,0.04349999
2065,0.04349999
2066,0.04349999
2067,0.04349999
2068,0.04349999
2069,0.0435
2070,0.0435
2071,0.0435
2072,0.0435
2073,0.0435
2074,0.0435
2075,0.045
2076,0.045
2077,0.045
2078,0.045
2079,0.045
2080,0.045
2081,0.045
2082,0.045
2083,0.045
2084,0.045
2085,0.045
2086,0.045
2087,0.04398205
2088,0.04398205
2089,0.04398205
2090,0.04398205
2091,0.04398205
2092,0.04423912
2093,0.04423912
2094,0.04423912
2095,0.04423912
2096,0.04423912
2097,0.045
2098,0.045
2099,0.045
2100,0.045
2101,0.045
2102,0.045
2103,0.045
2104,0.045
2105,0.045
2106,0.045
2107,0.045
2108,0.04531448
2109,0.04531448
2110,0.04531448
2111,0.04531448
2112,0.04500046
2113,0.04500046
2114,0.04500046
2115,0.04531448
2116,0.04531448
2117,0.04531448
2118,0.04531448
2119,0.04531448
2120,0.04531448
2121,0.04531448
2122,0.04531448
2123,0.04531448
2124,0.04531448
2125,0.04410045
2126,0.04410045
2127,0.04534955
2128,0.04534955
2129,0.04534955
2130,0.04534955
2131,0.04534955
2132,0.04534955
2133,0.04534955
2134,0.04534955
2135,0.04534955
2136,0.04534955
2137,0.04534955
2138,0.04534955
2139,0.04534955
2140,0.04534955
2141,0.04534955
2142,0.04534955
2143,0.04534955
2144,0.04534955
2145,0.04534955
2146,0.04534955
2147,0.04534955
2148,0.04534955
2149,0.04534955
2150,0.04486135
2151,0.04486135
2152,0.04486135
2153,0.04486135
2154,0.04486135
2155,0.04486135
2156,0.04486135
2157,0.04486135
2158,0.04486135
2159,0.04486135
2160,0.04486135
2161,0.04486135
2162,0.04486135
2163,0.04486135
2164,0.04486135
2165,0.04486135
2166,0.04486135
2167,0.04486135
2168,0.04486135
2169,0.04486135
2170,0.04486135
2171,0.04486135
2172,0.04486135
2173,0.04486135
2174,0.04486135
2175,0.04486135
2176,0.04486135
2177,0.04486135
2178,0.04486135
2179,0.04486135
2180,0.04486135
2181,0.04486135
2182,0.04486135
2183,0.04486135
2184,0.04486135
2185,0.04486135
2186,0.04486135
2187,0.04486135
2188,0.04535619
2189,0.04535619
2190,0.04535619
2191,0.04535619
2192,0.04539669
2193,0.04556
2194,0.0456788
2195,0.0456788
2196,0.0456788
2197,0.0456788
2198,0.0456788
2199,0.0456788
2200,0.0456788
2201,0.0456788
2202,0.0456788
2203,0.0456788
2204,0.0456788
2205,0.0456788
2206,0.04593801
2207,0.04593801
2208,0.0453967
2209,0.0453967
2210,0.0453967
2211,0.0453967
2212,0.0453967
2213,0.0453967
2214,0.0453967
2215,0.0453967
2216,0.0453967
2217,0.0453967
2218,0.0453967
2219,0.0453967
2220,0.0453967
2221,0.0453967
2222,0.0453967
2223,0.0453967
2224,0.0453967
2225,0.0453967
2226,0.0453967
2227,0.0453967
2228,0.04593802
2229,0.04593802
2230,0.04593802
2231,0.046
2232,0.046
2233,0.046
2234,0.046
2235,0.046
2236,0.04593802
2237,0.046
2238,0.046
2239,0.046
2240,0.046
2241,0.046
2242,0.046
2243,0.046
2244,0.046
2245,0.046
2246,0.046
2247,0.046
2248,0.046
2249,0.04593803
2250,0.04593803
2251,0.04593803
2252,0.04593802
2253,0.04593802
2254,0.04593802
2255,0.04593802
2256,0.04593802
2257,0.04593802
2258,0.04593802
2259,0.04593802
2260,0.04593802
2261,0.04593802
2262,0.04593802
2263,0.04593802
2264,0.04593802
2265,0.04593802
2266,0.04593802
2267,0.04593802
2268,0.04593802
2269,0.04593802
2270,0.04593802
2271,0.04593802
2272,0.04593802
2273,0.04593802
2274,0.04593802
2275,0.04593802
2276,0.04593802
2277,0.04593802
2278,0.04593802
2279,0.04608695
2280,0.04608695
2281,0.04608695
2282,0.04608695
2283,0.04608695
2284,0.04608695
2285,0.04608695
2286,0.04608695
2287,0.04608695
2288,0.04608695
2289,0.04608695
2290,0.04608695
2291,0.04608695
2292,0.04608695
2293,0.04608695
2294,0.04608695
2295,0.04608695
2296,0.04608695
2297,0.04608695
2298,0.04608695
2299,0.04608648
2300,0.04608648
2301,0.04608648
2302,0.04608648
2303,0.04608648
2304,0.04608648
2305,0.04608648
2306,0.04608648
2307,0.04608648
2308,0.04608648
2309,0.04608648
2310,0.04608648
2311,0.04608648
2312,0.04608648
2313,0.04608648
2314,0.04608648
2315,0.04608648
2316,0.04608648
2317,0.04608648
2318,0.04608648
2319,0.04608648
2320,0.04608648
2321,0.04608648
2322,0.04608648
2323,0.04608648
2324,0.04608648
2325,0.04608648
2326,0.04608648
2327,0.04608648
2328,0.04608648
2329,0.04608648
2330,0.04608648
2331,0.04608648
2332,0.04608648
2333,0.04608648
2334,0.04608648
2335,0.04608648
2336,0.04608648
2337,0.04608648
2338,0.04608648
2339,0.04608648
2340,0.04608648
2341,0.04608648
2342,0.04608648
2343,0.04608648
2344,0.04608648
2345,0.04608648
2346,0.04608648
2347,0.04608648
2348,0.04608648
2349,0.04608648
2350,0.04608648
2351,0.04608648
2352,0.04608648
2353,0.04608648
2354,0.04608648
2355,0.04608648
2356,0.04608648
2357,0.04608648
2358,0.04608648
2359,0.04608648
2360,0.04608648
2361,0.04608648
2362,0.04608648
2363,0.04608648
2364,0.04608648
2365,0.04608648
2366,0.04608648
2367,0.04608648
2368,0.04608648
2369,0.04608648
2370,0.04608648
2371,0.04608648
2372,0.04608648
2373,0.04608648
2374,0.04608648
2375,0.04608648
2376,0.04608648
2377,0.04608648
2378,0.04608648
2379,0.04608648
2380,0.04608648
2381,0.04608648
2382,0.04608695
2383,0.04608695
2384,0.04608695
2385,0.04608695
2386,0.04608695
2387,0.04608695
2388,0.04608695
2389,0.04608695
2390,0.04608695
2391,0.04608695
2392,0.04608695
2393,0.04608695
2394,0.04608695
2395,0.04608695
2396,0.04608695
2397,0.04608695
2398,0.04608695
2399,0.04608695
2400,0.04608695
2401,0.04608695
2402,0.04608695
2403,0.04548969
2404,0.04548969
2405,0.04611257
2406,0.04611257
2407,0.04611257
2408,0.04611257
2409,0.04611257
2410,0.04611257
2411,0.04630893
2412,0.04630893
2413,0.04630893
2414,0.04630893
2415,0.04630893
2416,0.04630893
2417,0.04630893
2418,0.04630893
2419,0.04630893
2420,0.04630893
2421,0.04630893
2422,0.04630893
2423,0.04687449
2424,0.04687449
2425,0.04687449
2426,0.04687449
2427,0.04687449
2428,0.04687449
2429,0.04687449
2430,0.04687449
2431,0.04687449
2432,0.04687449
2433,0.04687449
2434,0.04687449
2435,0.04687449
2436,0.04699
2437,0.04699
2438,0.04699
2439,0.04699
2440,0.047
2441,0.047
2442,0.047
2443,0.047
2444,0.047
2445,0.047
2446,0.047
2447,0.047
2448,0.047
2449,0.047
2450,0.047
2451,0.047
2452,0.047
2453,0.047
2454,0.047
2455,0.047
2456,0.047
2457,0.047
2458,0.047
2459,0.047
2460,0.047
2461,0.047
2462,0.047
2463,0.047
2464,0.047
2465,0.047
2466,0.047
2467,0.047
2468,0.047
2469,0.047
2470,0.047
2471,0.047
2472,0.047
2473,0.047
2474,0.047
2475,0.047
2476,0.047
2477,0.047
2478,0.047
2479,0.047
2480,0.047
2481,0.047
2482,0.047
2483,0.047
2484,0.047
2485,0.047
2486,0.047
2487,0.047
2488,0.047
2489,0.047
2490,0.047
2491,0.047
2492,0.047
2493,0.047
2494,0.047
2495,0.047
2496,0.047
2497,0.047
2498,0.047
2499,0.047
2500,0.047
2501,0.047
2502,0.047
2503,0.047
2504,0.047
2505,0.047
2506,0.047
2507,0.04715623
2508,0.04715623
2509,0.04715623
2510,0.04722049
2511,0.04722049
2512,0.04722049
2513,0.04722049
2514,0.04762946
2515,0.04762946
2516,0.04766251
2517,0.04766251
2518,0.04766251
2519,0.04766251
2520,0.04766251
2521,0.04766251
2522,0.047663
2523,0.047663
2524,0.04773638
2525,0.04773638
2526,0.04776433
2527,0.04776433
2528,0.04776433
2529,0.04776433
2530,0.04798765
2531,0.04798407
2532,0.04798407
2533,0.04798407
2534,0.04798407
2535,0.04799
2536,0.04799
2537,0.04799
2538,0.04799
2539,0.04799
2540,0.04799
2541,0.04799
2542,0.04799
2543,0.04799
2544,0.04799
2545,0.04799
2546,0.04799
2547,0.04799
2548,0.04799
2549,0.04799
2550,0.04799
2551,0.04799
2552,0.04799
2553,0.04799
2554,0.04799
2555,0.04799
2556,0.04799
2557,0.04799
2558,0.04799
2559,0.04799
2560,0.04799
2561,0.04799
2562,0.048
2563,0.048
2564,0.048
2565,0.04865357
2566,0.04865357
2567,0.04865357
2568,0.04865357
2569,0.04898999
2570,0.04898999
2571,0.04898999
2572,0.04898999
2573,0.04898999
2574,0.04887685
2575,0.04887685
2576,0.04887685
2577,0.04887685
2578,0.048941
2579,0.04899
2580,0.04899
2581,0.04899
2582,0.04899
2583,0.04899
2584,0.04899
2585,0.04899
2586,0.04899
2587,0.049
2588,0.049
2589,0.0489905
2590,0.0489905
2591,0.04920241
2592,0.04921277
2593,0.04929002
2594,0.04929023
2595,0.04929684
2596,0.04929872
2597,0.04947177
2598,0.04947177
2599,0.0494777
2600,0.04947901
2601,0.04947901
2602,0.04948224
2603,0.04956146
2604,0.04965238
2605,0.04965238
2606,0.04965238
2607,0.04965238
2608,0.04965238
2609,0.04965238
2610,0.04965238
2611,0.04965238
2612,0.04965238
2613,0.04965238
2614,0.04965238
2615,0.04965238
2616,0.04965238
2617,0.04966956
2618,0.04901471
2619,0.04901471
2620,0.04901471
2621,0.04901471
2622,0.04901471
2623,0.04901471
2624,0.0499
2625,0.0499
2626,0.0499
2627,0.0499
2628,0.0499
2629,0.04899555
2630,0.04899555
2631,0.04899
2632,0.04899
2633,0.04899
2634,0.04871669
2635,0.04871669
2636,0.04871669
2637,0.04871669
2638,0.04871666
2639,0.04871666
2640,0.04871666
2641,0.04871666
2642,0.04871666
2643,0.04871666
2644,0.04954155
2645,0.04954155
2646,0.04917799
2647,0.04871666
2648,0.04917791
2649,0.04917791
2650,0.04917791
2651,0.04917794
2652,0.04905497
2653,0.04905497
2654,0.0490549
2655,0.0490549
2656,0.04905485
2657,0.04905485
2658,0.04905485
2659,0.04905485
2660,0.04905485
2661,0.04905485
2662,0.04905485
2663,0.04905485
2664,0.04905485
2665,0.04905485
2666,0.04905485
2667,0.04905485
2668,0.04949959
2669,0.04949959
2670,0.04949959
2671,0.04949959
2672,0.04949959
2673,0.04949959
2674,0.04949959
2675,0.04949959
2676,0.04949959
2677,0.04949959
2678,0.04899997
2679,0.04899997
2680,0.04899997
2681,0.04899997
2682,0.04899997
2683,0.04899997
2684,0.04899997
2685,0.04899997
2686,0.04899997
2687,0.04899997
2688,0.04899997
2689,0.04899997
2690,0.04899997
2691,0.04899997
2692,0.04899997
2693,0.04899997
2694,0.04899997
2695,0.04899997
2696,0.04899997
2697,0.04899997
2698,0.04871666
2699,0.04871666
2700,0.04871666
2701,0.04871666
2702,0.04937389
2703,0.04937389
2704,0.04937382
2705,0.04937382
2706,0.04937382
2707,0.04937382
2708,0.04937382
2709,0.04937382
2710,0.04937382
2711,0.04937382
2712,0.04937382
2713,0.04937382
2714,0.04937382
2715,0.04937382
2716,0.04937382
2717,0.04937382
2718,0.04937382
2719,0.04937382
2720,0.04937382
2721,0.04937382
2722,0.04937382
2723,0.04937382
2724,0.04937382
2725,0.04937382
2726,0.04937382
2727,0.04937382
2728,0.04937382
2729,0.04937382
2730,0.04937382
2731,0.04937382
2732,0.04936508
2733,0.04936508
2734,0.04936508
2735,0.04936508
2736,0.04936508
2737,0.04936508
2738,0.04936508
2739,0.04936508
2740,0.04936508
2741,0.04936508
2742,0.04936508
2743,0.04936508
2744,0.04936463
2745,0.04936463
2746,0.04936463
2747,0.04936463
2748,0.04936463
2749,0.04936463
2750,0.04936463
2751,0.04936463
2752,0.04936463
2753,0.04871666
2754,0.04871666
2755,0.04871666
2756,0.04871666
2757,0.04871666
2758,0.04871666
2759,0.04871666
2760,0.04871666
2761,0.04871666
2762,0.04871666
2763,0.04871666
2764,0.04871666
2765,0.04871666
2766,0.04871666
2767,0.04871666
2768,0.04871666
2769,0.0495
2770,0.0495
2771,0.0495
2772,0.0495
2773,0.0495
2774,0.04955265
2775,0.04955265
2776,0.04973319
2777,0.049903
2778,0.049903
2779,0.049903
2780,0.049903
2781,0.049903
2782,0.049903
2783,0.04999
2784,0.04999
2785,0.04999
2786,0.04999
2787,0.04999
2788,0.04999
2789,0.04999
2790,0.04999
2791,0.04999
2792,0.04999
2793,0.04999
2794,0.04999
2795,0.04999
2796,0.04999
2797,0.04999
2798,0.04999
2799,0.04999
2800,0.04999
2801,0.04999
2802,0.04999
2803,0.04999
2804,0.04999
2805,0.04871666
2806,0.04871666
2807,0.04871666
2808,0.04988027
2809,0.04988027
2810,0.04988027
2811,0.04988027
2812,0.04988027
2813,0.04988027
2814,0.04988027
2815,0.04988027
2816,0.04988027
2817,0.04988027
2818,0.04988027
2819,0.04988027
2820,0.04988027
2821,0.04988027
2822,0.04988027
2823,0.04988027
2824,0.04988027
2825,0.04988027
2826,0.04988027
2827,0.04988027
2828,0.04988027
2829,0.04988027
2830,0.04988027
2831,0.04988027
2832,0.04988027
2833,0.04988027
2834,0.04988027
2835,0.04988027
2836,0.04871876
2837,0.04871876
2838,0.04871876
2839,0.04871876
2840,0.04871876
2841,0.04871876
2842,0.04871876
2843,0.04871876
2844,0.04871876
2845,0.04871876
2846,0.04871876
2847,0.04871876
2848,0.04871876
2849,0.04871876
2850,0.04871876
2851,0.04871876
2852,0.04871876
2853,0.04871876
2854,0.04871876
2855,0.04871876
2856,0.04871876
2857,0.04871876
2858,0.04871876
2859,0.04871876
2860,0.04871876
2861,0.04871876
2862,0.04871876
2863,0.04871876
2864,0.04873538
2865,0.04873538
2866,0.04873538
2867,0.04873538
2868,0.04873538
2869,0.04873538
2870,0.04873538
2871,0.04873758
2872,0.04873758
2873,0.04873758
2874,0.04873758
2875,0.04873758
2876,0.04873758
2877,0.04873758
2878,0.04873758
2879,0.04873758
2880,0.04873758
2881,0.04873758
2882,0.04873758
2883,0.04873758
2884,0.04873758
2885,0.04873758
2886,0.04873758
2887,0.04969634
2888,0.04969635
2889,0.04969635
2890,0.04969635
2891,0.04969635
2892,0.04969635
2893,0.04969635
2894,0.04969635
2895,0.04969635
2896,0.04969635
2897,0.04969635
2898,0.04969635
2899,0.04969635
2900,0.04969635
2901,0.04969635
2902,0.04969635
2903,0.04969635
2904,0.04969635
2905,0.04969635
2906,0.04969635
2907,0.04969635
2908,0.04969635
2909,0.04969635
2910,0.04969635
2911,0.04969635
2912,0.04969635
2913,0.04969635
2914,0.04969635
2915,0.04969635
2916,0.04969635
2917,0.04969635
2918,0.04969635
2919,0.04969635
2920,0.04969635
2921,0.04969635
2922,0.04969635
2923,0.04969635
2924,0.04969635
2925,0.04969635
2926,0.04969635
2927,0.04919941
2928,0.04871666
2929,0.04871666
2930,0.04871666
2931,0.04871666
2932,0.04871666
2933,0.04871666
2934,0.04871666
2935,0.04871666
2936,0.04871666
2937,0.04871666
2938,0.04871666
2939,0.04871666
2940,0.04871666
2941,0.04871666
2942,0.04871666
2943,0.04871666
2944,0.04871666
2945,0.04871666
2946,0.04871666
2947,0.04870243
2948,0.04870243
2949,0.04870243
2950,0.04870243
2951,0.04870243
2952,0.04870243
2953,0.04870243
2954,0.04870243
2955,0.04870243
2956,0.04870243
2957,0.04870243
2958,0.048
2959,0.048
2960,0.048
2961,0.048
2962,0.048
2963,0.04770851
2964,0.04770852
2965,0.04770852
2966,0.04870998
2967,0.04870998
2968,0.04870895
2969,0.04870895
2970,0.04870895
2971,0.04870895
2972,0.04870895
2973,0.04870895
2974,0.04870895
2975,0.04870895
2976,0.04870895
2977,0.04870895
2978,0.04870895
2979,0.04766251
2980,0.04766251
2981,0.0476
2982,0.0476
2983,0.0476
2984,0.0476
2985,0.0476
2986,0.0476
2987,0.04751253
2988,0.04751253
2989,0.04721155
2990,0.04721155
2991,0.04721155
2992,0.04801849
2993,0.04811705
2994,0.04811705
2995,0.04811705
2996,0.04811705
2997,0.04811705
2998,0.04811705
2999,0.04811705
3000,0.04811705
3001,0.04811705
3002,0.04811705
3003,0.04836567
3004,0.04824476
3005,0.04824476
3006,0.04824476
3007,0.04824476
3008,0.04824476
3009,0.04824476
3010,0.04824476
3011,0.0487135
3012,0.04866853
3013,0.04866853
3014,0.04866853
3015,0.04866853
3016,0.04866853
3017,0.04871663
3018,0.04895463
3019,0.04895463
3020,0.04895463
3021,0.04868021
3022,0.04868021
3023,0.04855799
3024,0.04855799
3025,0.04855799
3026,0.04855799
3027,0.04855799
3028,0.04855799
3029,0.04855799
3030,0.04855799
3031,0.04855799
3032,0.04855799
3033,0.04855799
3034,0.04855799
3035,0.04855799
3036,0.04855799
3037,0.04855799
3038,0.04855799
3039,0.04855799
3040,0.04855799
3041,0.04855799
3042,0.04855799
3043,0.04855799
3044,0.04855799
3045,0.04855799
3046,0.04855799
3047,0.04855799
3048,0.04855799
3049,0.04855799
3050,0.04855799
3051,0.04855799
3052,0.04855799
3053,0.04855799
3054,0.04855799
3055,0.04855799
3056,0.04853938
3057,0.04853938
3058,0.04853938
3059,0.04721173
3060,0.04721173
3061,0.04721173
3062,0.04721173
3063,0.04721173
3064,0.04721173
3065,0.04721173
3066,0.04721173
3067,0.04721173
3068,0.04721173
3069,0.04721173
3070,0.04721173
3071,0.04721173
3072,0.04721173
3073,0.04721173
3074,0.04721235
3075,0.04721235
3076,0.04721235
3077,0.04721235
3078,0.04721235
3079,0.04721235
3080,0.04721235
3081,0.04721235
3082,0.04721235
3083,0.04721235
3084,0.04721235
3085,0.04721235
3086,0.04721235
3087,0.04721235
3088,0.04721235
3089,0.04721235
3090,0.04721235
3091,0.04721235
3092,0.04721235
3093,0.04721235
3094,0.04721235
3095,0.04721235
3096,0.04721235
3097,0.04721235
3098,0.04721235
3099,0.04721235
3100,0.04721235
3101,0.04721235
3102,0.04721235
3103,0.04721235
3104,0.04721235
3105,0.04721235
3106,0.04721235
3107,0.04721235
3108,0.04721235
3109,0.04721235
3110,0.04721235
3111,0.04721235
3112,0.04721235
3113,0.04817799
3114,0.04817799
3115,0.04817799
3116,0.04817799
3117,0.04817799
3118,0.04817799
3119,0.04817799
3120,0.04817799
3121,0.04817799
3122,0.04817798
3123,0.04817798
3124,0.04817798
3125,0.04817798
3126,0.04817798
3127,0.04817798
3128,0.04817798
3129,0.04817799
3130,0.04817799
3131,0.04855851
3132,0.04855851
3133,0.04855851
3134,0.04895463
3135,0.04915563
3136,0.04939558
3137,0.04939558
3138,0.04939558
3139,0.04939558
3140,0.04928128
3141,0.04928128
3142,0.04928128
3143,0.04928128
3144,0.04928128
3145,0.04928128
3146,0.04928128
3147,0.04928128
3148,0.04928128
3149,0.04928128
3150,0.04928128
3151,0.04928128
3152,0.04928128
3153,0.04928128
3154,0.04928129
3155,0.04955775
3156,0.04955775
3157,0.04955775
3158,0.04955775
3159,0.04955775
3160,0.04955775
3161,0.04955775
3162,0.04955775
3163,0.04955775
3164,0.04955775
3165,0.04955775
3166,0.04955775
3167,0.04955775
3168,0.04955775
3169,0.04955775
3170,0.04955775
3171,0.04955775
3172,0.04955775
3173,0.04955775
3174,0.04955775
3175,0.04955775
3176,0.04955775
3177,0.04955775
3178,0.04955775
3179,0.04955775
3180,0.04955775
3181,0.04955775
3182,0.04928129
3183,0.04928129
3184,0.04928129
3185,0.04928129
3186,0.04928129
3187,0.04928129
3188,0.04928129
3189,0.04928129
3190,0.04928129
3191,0.04928129
3192,0.04928129
3193,0.04928129
3194,0.04928129
3195,0.0489718
3196,0.0489718
3197,0.04899629
3198,0.04899629
3199,0.04899629
3200,0.04899629
3201,0.04899629
3202,0.04899629
3203,0.04899629
3204,0.04899629
3205,0.04899629
3206,0.04899629
3207,0.04899629
3208,0.04899629
3209,0.04899629
3210,0.04899629
3211,0.04899629
3212,0.04899629
3213,0.04899629
3214,0.04899629
3215,0.04899629
3216,0.04899629
3217,0.04899629
3218,0.04899629
3219,0.04899629
3220,0.04899629
3221,0.04899629
3222,0.04899629
3223,0.04899629
3224,0.04899629
3225,0.04899629
3226,0.04899629
3227,0.04899629
3228,0.04899629
3229,0.04899629
3230,0.04899629
3231,0.04899629
3232,0.04899629
3233,0.04899629
3234,0.04899629
3235,0.04899629
3236,0.04899629
3237,0.04899629
3238,0.04899629
3239,0.04899629
3240,0.04899629
3241,0.04899629
3242,0.04899629
3243,0.04899629
3244,0.04899629
3245,0.04899629
3246,0.04899629
3247,0.04899629
3248,0.04899629
3249,0.04899629
3250,0.04899629
3251,0.04899629
3252,0.04899629
3253,0.04899629
3254,0.04899629
3255,0.04899629
3256,0.04899629
3257,0.04899629
3258,0.04899629
3259,0.04899629
3260,0.04899629
3261,0.04899629
3262,0.04899629
3263,0.04899629
3264,0.04899629
3265,0.04899629
3266,0.04899629
3267,0.04899629
3268,0.04899629
3269,0.04899629
3270,0.04899629
3271,0.04899629
3272,0.04899629
3273,0.04899629
3274,0.04899629
3275,0.04899629
3276,0.04899629
3277,0.04899629
3278,0.04899629
3279,0.04899629
3280,0.04899629
3281,0.04899629
3282,0.04899629
3283,0.04899629
3284,0.04899629
3285,0.04899629
3286,0.04932733
3287,0.04932733
3288,0.04932733
3289,0.04932733
3290,0.04932733
3291,0.04932733
3292,0.04932733
3293,0.04932733
3294,0.04932733
3295,0.04932733
3296,0.04932733
3297,0.04932733
3298,0.04932733
3299,0.04932733
3300,0.04932733
3301,0.04932733
3302,0.04932733
3303,0.04932733
3304,0.04932733
3305,0.04932733
3306,0.04932733
3307,0.04932733
3308,0.04932733
3309,0.04932733
3310,0.04932733
3311,0.04932733
3312,0.04932733
3313,0.04932733
3314,0.04932733
3315,0.04932733
3316,0.04932733
3317,0.04932733
3318,0.04932733
3319,0.04932733
3320,0.04932733
3321,0.04932733
3322,0.04932733
3323,0.04932733
3324,0.04932733
3325,0.04932733
3326,0.04932733
3327,0.04932733
3328,0.04932733
3329,0.04932733
3330,0.04932733
3331,0.04932733
3332,0.04932733
3333,0.04932733
3334,0.04932733
3335,0.04932733
3336,0.04932733
3337,0.04932733
3338,0.04932733
3339,0.04932733
3340,0.04932733
3341,0.04932733
3342,0.04932733
3343,0.04932733
3344,0.04932733
3345,0.04932733
3346,0.04932733
3347,0.04932733
3348,0.04932733
3349,0.04932733
3350,0.04932733
3351,0.04932733
3352,0.04932733
3353,0.04932733
3354,0.04932733
3355,0.04932733
3356,0.04932733
3357,0.04932733
3358,0.04932733
3359,0.04932733
3360,0.04932733
3361,0.04932733
3362,0.04932733
3363,0.04932733
3364,0.04932733
3365,0.04932733
3366,0.04932733
3367,0.04932733
3368,0.04932733
3369,0.04932733
3370,0.04932733
3371,0.04932733
3372,0.04932733
3373,0.04932733
3374,0.04932733
3375,0.04932733
3376,0.04932733
3377,0.04932733
3378,0.04932733
3379,0.0495
3380,0.0495
3381,0.0495
3382,0.0495
3383,0.0495
3384,0.0495
3385,0.0495
3386,0.0495
3387,0.0495
3388,0.04963149
3389,0.04963149
3390,0.04963149
3391,0.04963149
3392,0.04963149
3393,0.04963149
3394,0.04989143
3395,0.04994634
3396,0.04994634
3397,0.04994634
3398,0.04994634
3399,0.04994634
3400,0.04994634
3401,0.04994634
3402,0.04998999
3403,0.04998999
3404,0.04998999
3405,0.04998999
3406,0.04998999
3407,0.04998999
3408,0.04998999
3409,0.04998999
3410,0.04998999
3411,0.04998999
3412,0.04998999
3413,0.04998999
3414,0.04998999
3415,0.04998999
3416,0.04998999
3417,0.04998999
3418,0.04998999
3419,0.04998999
3420,0.04998999
3421,0.04998999
3422,0.04998999
3423,0.04998999
3424,0.04998999
3425,0.04998999
3426,0.04998999
3427,0.04888852
3428,0.04888852
3429,0.04888852
3430,0.04888852
3431,0.04888852
3432,0.04888852
3433,0.04888852
3434,0.04888852
3435,0.04888852
3436,0.04888936
3437,0.04888936
3438,0.04888936
3439,0.04888936
3440,0.04888936
3441,0.04888936
3442,0.04888936
3443,0.04888936
3444,0.04888936
3445,0.04888936
3446,0.04888936
3447,0.04888936
3448,0.04888936
3449,0.04888936
3450,0.04888936
3451,0.04888936
3452,0.04888936
3453,0.04888936
3454,0.04888936
3455,0.04888936
3456,0.04888936
3457,0.04888936
3458,0.04888936
3459,0.04888936
3460,0.04889879
3461,0.04889879
3462,0.04889879
3463,0.04889879
3464,0.04889879
3465,0.04889879
3466,0.04889879
3467,0.04889879
3468,0.04889879
3469,0.04889879
3470,0.04889879
3471,0.04889879
3472,0.04889879
3473,0.04889879
3474,0.04889879
3475,0.04889879
3476,0.04889879
3477,0.04889879
3478,0.04889879
3479,0.04889879
3480,0.04889879
3481,0.04889879
3482,0.04889879
3483,0.04889879
3484,0.04889879
3485,0.04889879
3486,0.04889879
3487,0.04998884
3488,0.04998884
3489,0.04998884
3490,0.04998884
3491,0.04998884
3492,0.04998884
3493,0.04998884
3494,0.04998884
3495,0.04998884
3496,0.04998884
3497,0.04998884
3498,0.04998884
3499,0.04998884
3500,0.04998884
3501,0.04998884
3502,0.04998884
3503,0.04998884
3504,0.04998884
3505,0.04998884
3506,0.04998884
3507,0.04998884
3508,0.04998884
3509,0.04998884
3510,0.04998884
3511,0.04998884
3512,0.04998884
3513,0.04998884
3514,0.04998884
3515,0.04998801
3516,0.04998801
3517,0.04998801
3518,0.04998801
3519,0.04998801
3520,0.04998801
3521,0.04998801
3522,0.04998801
3523,0.04998801
3524,0.04998801
3525,0.04998801
3526,0.04998801
3527,0.04998801
3528,0.04998801
3529,0.04998801
3530,0.04891319
3531,0.04891319
3532,0.04891319
3533,0.04891319
3534,0.04891319
3535,0.04891319
3536,0.04891319
3537,0.04891319
3538,0.04891395
3539,0.04891395
3540,0.04891395
3541,0.04891395
3542,0.04891395
3543,0.04891395
3544,0.04891395
3545,0.04891395
3546,0.04891395
3547,0.04891395
3548,0.04891395
3549,0.04891395
3550,0.04891395
3551,0.04891395
3552,0.04891395
3553,0.04891395
3554,0.04891395
3555,0.04891395
3556,0.04891395
3557,0.04891395
3558,0.04891395
3559,0.04891395
3560,0.04891395
3561,0.04891395
3562,0.04891395
3563,0.04891395
3564,0.04891395
3565,0.04891395
3566,0.04998537
3567,0.04998537
3568,0.04998537
3569,0.04998537
3570,0.04998537
3571,0.04998537
3572,0.04998537
3573,0.04998537
3574,0.04998537
3575,0.04998537
3576,0.04998537
3577,0.04998537
3578,0.04998537
3579,0.04998537
3580,0.04998537
3581,0.04998537
3582,0.04998537
3583,0.04998537
3584,0.04998537
3585,0.04998537
3586,0.04998537
3587,0.04998537
3588,0.04998537
3589,0.04998537
3590,0.04998537
3591,0.04998537
3592,0.04998537
3593,0.04998537
3594,0.04998537
3595,0.04998537
3596,0.04998537
3597,0.04998537
3598,0.04998537
3599,0.04998537
3600,0.04998537
3601,0.04998537
3602,0.04998537
3603,0.04998537
3604,0.04998537
3605,0.04998537
3606,0.04998537
3607,0.04998537
3608,0.04998537
3609,0.04998537
3610,0.04998537
3611,0.04998537
3612,0.04998537
3613,0.04998537
3614,0.04998537
3615,0.04998537
3616,0.04998537
3617,0.04998537
3618,0.04998537
3619,0.04998537
3620,0.04998537
3621,0.04998537
3622,0.04998537
3623,0.04998537
3624,0.04998537
3625,0.04998537
3626,0.04998537
3627,0.04998537
3628,0.04998537
3629,0.04998537
3630,0.04998537
3631,0.04998537
3632,0.04998537
3633,0.04998537
3634,0.04998537
3635,0.04998537
3636,0.04998537
3637,0.04998537
3638,0.04998537
3639,0.04998537
3640,0.04998537
3641,0.04998537
3642,0.04998537
3643,0.04998537
3644,0.04998537
3645,0.04998537
3646,0.04998537
3647,0.04998537
3648,0.04998537
3649,0.04998537
3650,0.04998537
3651,0.04998537
3652,0.04998537
3653,0.04998537
3654,0.04998537
3655,0.04998537
3656,0.04998537
3657,0.04998537
3658,0.04998537
3659,0.04998931
3660,0.04998931
3661,0.04998931
3662,0.04998931
3663,0.04998931
3664,0.04998931
3665,0.04998931
3666,0.04998931
3667,0.04998931
3668,0.04998931
3669,0.04998931
3670,0.04998931
3671,0.04998931
3672,0.04998931
3673,0.04998931
3674,0.04998931
3675,0.04998931
3676,0.04998931
3677,0.04998931
3678,0.04998931
3679,0.04998931
3680,0.04998931
3681,0.04998931
3682,0.04998931
3683,0.04998931
3684,0.04998931
3685,0.04982249
3686,0.04982249
3687,0.04982249
3688,0.04982249
3689,0.04982249
3690,0.04982249
3691,0.04982249
3692,0.04982249
3693,0.04989987
3694,0.04989987
3695,0.04989987
3696,0.04989987
3697,0.04990002
3698,0.04990002
3699,0.04990002
3700,0.04990002
3701,0.04990002
3702,0.04990002
3703,0.04990002
3704,0.04990002
3705,0.04990002
3706,0.04990002
3707,0.04990002
3708,0.04990002
3709,0.04990002
3710,0.04990002
3711,0.04990002
3712,0.04990002
3713,0.04990002
3714,0.04990002
3715,0.04990002
3716,0.04990002
3717,0.04990002
3718,0.04990002
3719,0.04990002
3720,0.04990002
3721,0.04990002
3722,0.04990002
3723,0.04990002
3724,0.04990002
3725,0.04990002
3726,0.04990002
3727,0.04990002
3728,0.04990002
3729,0.04990002
3730,0.04990002
3731,0.04990002
3732,0.04990002
3733,0.04990002
3734,0.04990002
3735,0.04990002
3736,0.04990002
3737,0.04990002
3738,0.04990002
3739,0.04990002
3740,0.04990002
3741,0.04990002
3742,0.04990002
3743,0.04990002
3744,0.04990002
3745,0.04990002
3746,0.04990002
3747,0.04990002
3748,0.04990002
3749,0.04990002
3750,0.04990002
3751,0.04990002
3752,0.04990002
3753,0.04990002
3754,0.04990002
3755,0.04990002
3756,0.04990002
3757,0.04990002
3758,0.04990002
3759,0.04990002
3760,0.04990002
3761,0.04990003
3762,0.04990003
3763,0.04990003
3764,0.04990003
3765,0.04990003
3766,0.04990003
3767,0.04990003
3768,0.04990003
3769,0.04998114
3770,0.04998114
3771,0.04998114
3772,0.04998114
3773,0.04998114
3774,0.04998114
3775,0.04998114
3776,0.04998114
3777,0.04998114
3778,0.04998114
3779,0.04998114
3780,0.04998114
3781,0.04997377
3782,0.04997377
3783,0.04997377
3784,0.04997377
3785,0.04997348
3786,0.04997348
3787,0.04997348
3788,0.04997348
3789,0.04997348
3790,0.04997347
3791,0.04997347
3792,0.04997347
3793,0.04997347
3794,0.04997347
3795,0.04997347
3796,0.04997347
3797,0.04997347
3798,0.04997347
3799,0.04997347
3800,0.04997347
3801,0.04997347
3802,0.04997347
3803,0.04997347
3804,0.04924451
3805,0.04924451
3806,0.04924451
3807,0.04924451
3808,0.04924451
3809,0.04924451
3810,0.04924451
3811,0.04924451
3812,0.04924451
3813,0.04992346
3814,0.04992346
3815,0.04992346
3816,0.04992346
3817,0.04992346
3818,0.04992346
3819,0.04924453
3820,0.04924453
3821,0.04924453
3822,0.04924453
3823,0.04924453
3824,0.04924453
3825,0.04991284
3826,0.04991284
3827,0.04999
3828,0.04999
3829,0.04999
3830,0.04999
3831,0.04999
3832,0.04999
3833,0.04999
3834,0.04999
3835,0.04999
3836,0.04999
3837,0.04999
3838,0.04999
3839,0.04999
3840,0.04999
3841,0.05005956
3842,0.05005956
3843,0.05005956
3844,0.05005956
3845,0.05005956
3846,0.05005956
3847,0.05005956
3848,0.05005956
3849,0.05005956
3850,0.05005956
3851,0.05005956
3852,0.05005956
3853,0.05005956
3854,0.05005956
3855,0.05017639
3856,0.05017639
3857,0.05029456
3858,0.05029456
3859,0.0505
3860,0.0505
3861,0.0505
3862,0.0505
3863,0.0505
3864,0.05022802
3865,0.05022802
3866,0.05022802
3867,0.05022802
3868,0.05022802
3869,0.05022802
3870,0.05022802
3871,0.05022802
3872,0.05022802
3873,0.05022802
3874,0.05022802
3875,0.05022802
3876,0.05022802
3877,0.05022802
3878,0.05022802
3879,0.05022802
3880,0.05022802
3881,0.05022802
3882,0.05022802
3883,0.05022802
3884,0.05061546
3885,0.05061546
3886,0.05061546
3887,0.05061546
3888,0.05061546
3889,0.05061546
3890,0.05061546
3891,0.05061546
3892,0.05061546
3893,0.05061546
3894,0.05061546
3895,0.05061546
3896,0.05061546
3897,0.05061546
3898,0.05061546
3899,0.05032488
3900,0.05032488
3901,0.05032488
3902,0.05032488
3903,0.05032488
3904,0.0505
3905,0.0505
3906,0.0505
3907,0.0505
3908,0.0505
3909,0.0505
3910,0.0505
3911,0.0505
3912,0.0505
3913,0.0505
3914,0.05075
3915,0.0508
3916,0.0508
3917,0.0508
3918,0.05022804
3919,0.05022804
3920,0.05022804
3921,0.05022804
3922,0.05022804
3923,0.05022804
3924,0.05084458
3925,0.05099
3926,0.051
3927,0.051
3928,0.051
3929,0.05100345
3930,0.05100345
3931,0.05100345
3932,0.0512123
3933,0.0512123
3934,0.0512123
3935,0.0512123
3936,0.0512123
3937,0.05127734
3938,0.0515
3939,0.0515
3940,0.0515
3941,0.0515
3942,0.05151377
3943,0.05151377
3944,0.05151377
3945,0.05175
3946,0.05175
3947,0.0518
3948,0.0518
3949,0.0518
3950,0.05199
3951,0.05199
3952,0.052
3953,0.05200775
3954,0.05200775
3955,0.05200775
3956,0.05200775
3957,0.05200775
3958,0.05224262
3959,0.05224262
3960,0.05230395
3961,0.0525
3962,0.0525
3963,0.0525
3964,0.05154003
3965,0.05154003
3966,0.05151396
3967,0.05163792
3968,0.05163792
3969,0.05163792
3970,0.05163792
3971,0.05163792
3972,0.05163792
3973,0.05163792
3974,0.05274053
3975,0.05274051
3976,0.05274051
3977,0.05274051
3978,0.05274051
3979,0.05274051
3980,0.05274051
3981,0.05274051
3982,0.05274051
3983,0.05274051
3984,0.05274051
3985,0.05274051
3986,0.05274051
3987,0.05274051
3988,0.05274051
3989,0.05274051
3990,0.05274051
3991,0.05274051
3992,0.05274051
3993,0.05274051
3994,0.05274051
3995,0.05274051
3996,0.05274051
3997,0.05274051
3998,0.05299
3999,0.05299
4000,0.05299
4001,0.05299
4002,0.05299
4003,0.054
4004,0.054
4005,0.054
4006,0.054
4007,0.052987
4008,0.052987
4009,0.052987
4010,0.052987
4011,0.052987
4012,0.05238151
4013,0.05238151
4014,0.05238151
4015,0.05238151
4016,0.05238151
4017,0.05238151
4018,0.05238151
4019,0.05238151
4020,0.05238151
4021,0.05238151
4022,0.052988
4023,0.052988
4024,0.052988
4025,0.052988
4026,0.052988
4027,0.052988
4028,0.052988
4029,0.052988
4030,0.052988
4031,0.052988
4032,0.052988
4033,0.052988
4034,0.052988
4035,0.052988
4036,0.052988
4037,0.052988
4038,0.052988
4039,0.05399993
4040,0.05399993
4041,0.05399993
4042,0.05399993
4043,0.05399993
4044,0.05399993
4045,0.05399993
4046,0.05399993
4047,0.05399975
4048,0.05399975
4049,0.05399975
4050,0.05399975
4051,0.05399975
4052,0.05399975
4053,0.05399975
4054,0.05399975
4055,0.05399975
4056,0.05399975
4057,0.05399975
4058,0.05399975
4059,0.05399975
4060,0.05399975
4061,0.05489999
4062,0.05489998
4063,0.05399999
4064,0.05399999
4065,0.05399999
4066,0.054
4067,0.05335199
4068,0.05335199
4069,0.05335199
4070,0.05335199
4071,0.05335199
4072,0.05335199
4073,0.05335199
4074,0.05335199
4075,0.05335199
4076,0.05335199
4077,0.05335199
4078,0.05335199
4079,0.05335199
4080,0.05335199
4081,0.05335199
4082,0.05335199
4083,0.05449427
4084,0.05449427
4085,0.05449427
4086,0.05449427
4087,0.05449427
4088,0.05421
4089,0.05421
4090,0.05421
4091,0.05421
4092,0.05421
4093,0.05421
4094,0.05421
4095,0.05421
4096,0.05421
4097,0.05429426
4098,0.05429426
4099,0.05429426
4100,0.05429426
4101,0.05429426
4102,0.05429426
4103,0.05429426
4104,0.05429426
4105,0.05429426
4106,0.05429426
4107,0.05429426
4108,0.05449413
4109,0.05449413
4110,0.05449413
4111,0.05449413
4112,0.053352
4113,0.053352
4114,0.053352
4115,0.053352
4116,0.053352
4117,0.053352
4118,0.053352
4119,0.053352
4120,0.053352
4121,0.053352
4122,0.053352
4123,0.053352
4124,0.053352
4125,0.053352
4126,0.053352
4127,0.053352
4128,0.05335201
4129,0.05335201
4130,0.05335201
4131,0.05335201
4132,0.05228496
4133,0.05228496
4134,0.05228496
4135,0.05228496
4136,0.05220606
4137,0.05175144
4138,0.05175144
4139,0.05175144
4140,0.05175144
4141,0.05153328
4142,0.05153328
4143,0.05153328
4144,0.051
4145,0.05153328
4146,0.05153328
4147,0.05153328
4148,0.05153328
4149,0.05153328
4150,0.05153328
4151,0.05153328
4152,0.05195298
4153,0.05208066
4154,0.05208066
4155,0.05208066
4156,0.05208066
4157,0.05208066
4158,0.05228496
4159,0.05228496
4160,0.05228496
4161,0.05228496
4162,0.05228496
4163,0.05228496
4164,0.05228496
4165,0.05238151
4166,0.05238151
4167,0.05238151
4168,0.05238151
4169,0.05238151
4170,0.05238151
4171,0.05238151
4172,0.05238151
4173,0.05238151
4174,0.05238151
4175,0.05238151
4176,0.05238151
4177,0.05238151
4178,0.05238151
4179,0.05238151
4180,0.05238151
4181,0.05238151
4182,0.05238151
4183,0.05238151
4184,0.05238151
4185,0.05238151
4186,0.05238151
4187,0.05238151
4188,0.05238151
4189,0.05238151
4190,0.05238151
4191,0.05299913
4192,0.05299913
4193,0.05299913
4194,0.05299913
4195,0.05299913
4196,0.05299913
4197,0.05299913
4198,0.05299913
4199,0.05299931
4200,0.05299931
4201,0.05299931
4202,0.05299931
4203,0.05299931
4204,0.05299931
4205,0.05299931
4206,0.05299931
4207,0.05299931
4208,0.05299931
4209,0.05299931
4210,0.05299931
4211,0.05299931
4212,0.053352
4213,0.053352
4214,0.053352
4215,0.053352
4216,0.053352
4217,0.053352
4218,0.053352
4219,0.053352
4220,0.0533512
4221,0.0533512
4222,0.0533512
4223,0.0533512
4224,0.0533512
4225,0.0533512
4226,0.0533512
4227,0.0533512
4228,0.0533512
4229,0.0533512
4230,0.0533512
4231,0.0533512
4232,0.053352
4233,0.0525
4234,0.0525
4235,0.0525
4236,0.0525
4237,0.0525
4238,0.0525
4239,0.0525
4240,0.0525
4241,0.0525
4242,0.0525
4243,0.0525
4244,0.0525
4245,0.0525
4246,0.0525
4247,0.0525
4248,0.0525
4249,0.0525
4250,0.053
4251,0.053
4252,0.0537747
4253,0.0537747
4254,0.0537747
4255,0.05239392
4256,0.0522
4257,0.0522
4258,0.0522
4259,0.0522
4260,0.0522
4261,0.0522
4262,0.0522
4263,0.0522
4264,0.0522
4265,0.0522
4266,0.0522
4267,0.0522
4268,0.0522
4269,0.0522
4270,0.05275826
4271,0.05275826
4272,0.05275826
4273,0.05275826
4274,0.05275826
4275,0.05275826
4276,0.05275826
4277,0.05275826
4278,0.05275826
4279,0.05275826
4280,0.05275826
4281,0.05275826
4282,0.05275826
4283,0.05275826
