0,0.00162121
1,0.00162121
2,0.00162121
3,0.00162121
4,0.00162121
5,0.00162121
6,0.00162
7,0.00162
8,0.00162274
9,0.00162274
10,0.00162274
11,0.00162274
12,0.00162274
13,0.00162274
14,0.00162274
15,0.00162274
16,0.00162274
17,0.00162274
18,0.00162274
19,0.00162274
20,0.00161922
21,0.00160685
22,0.00160685
23,0.00160685
24,0.00160685
25,0.00160685
26,0.00160685
27,0.00160685
28,0.00160685
29,0.00160685
30,0.00160685
31,0.00160685
32,0.00160685
33,0.00160685
34,0.00158604
35,0.00158604
36,0.00158604
37,0.00158604
38,0.00158604
39,0.00158604
40,0.00158604
41,0.00158604
42,0.00158604
43,0.00158604
44,0.00158604
45,0.00160099
46,0.00160099
47,0.001601
48,0.001601
49,0.001601
50,0.001601
51,0.001601
52,0.001601
53,0.001601
54,0.001601
55,0.001601
56,0.001601
57,0.001601
58,0.001601
59,0.001601
60,0.001601
61,0.001601
62,0.001601
63,0.001601
64,0.001601
65,0.001601
66,0.001601
67,0.001601
68,0.001601
69,0.001601
70,0.001601
71,0.001601
72,0.001601
73,0.001601
74,0.001601
75,0.001601
76,0.001601
77,0.001601
78,0.001601
79,0.001601
80,0.001601
81,0.001601
82,0.001601
83,0.001601
84,0.001601
85,0.001601
86,0.001601
87,0.001601
88,0.001601
89,0.001601
90,0.001601
91,0.001601
92,0.001601
93,0.001601
94,0.001601
95,0.001601
96,0.001601
97,0.001601
98,0.001601
99,0.001601
100,0.001601
101,0.001601
102,0.001601
103,0.001601
104,0.001601
105,0.001601
106,0.001601
107,0.001601
108,0.001601
109,0.001601
110,0.001601
111,0.001601
112,0.00159942
113,0.00159942
114,0.00159942
115,0.00159942
116,0.00159942
117,0.00159942
118,0.00159942
119,0.00159942
120,0.00159884
121,0.00159875
122,0.00159864
123,0.00159864
124,0.00159864
125,0.00159864
126,0.00159864
127,0.00159864
128,0.00159864
129,0.00159864
130,0.00159864
131,0.00159864
132,0.00159864
133,0.00159781
134,0.00159781
135,0.00159781
136,0.00159781
137,0.00159781
138,0.00159781
139,0.00159781
140,0.00159781
141,0.00159781
142,0.00159781
143,0.00157161
144,0.00157161
145,0.00157161
146,0.00157161
147,0.00157161
148,0.00157161
149,0.00157161
150,0.00157161
151,0.00157161
152,0.00157161
153,0.00157161
154,0.00157161
155,0.00157161
156,0.00157161
157,0.00157161
158,0.00157161
159,0.00157161
160,0.00157161
161,0.00157161
162,0.00157161
163,0.00157161
164,0.00157161
165,0.00157161
166,0.00157161
167,0.00157161
168,0.00157161
169,0.00157161
170,0.0015694
171,0.0015694
172,0.0015694
173,0.00156657
174,0.00156657
175,0.00156657
176,0.00156657
177,0.00156657
178,0.00156657
179,0.00156657
180,0.00156657
181,0.00156657
182,0.00156657
183,0.00156657
184,0.00156657
185,0.00156657
186,0.00156657
187,0.00156657
188,0.00156657
189,0.00156657
190,0.00156657
191,0.00156578
192,0.00156578
193,0.00158954
194,0.00155737
195,0.00155737
196,0.00155568
197,0.00155568
198,0.00155568
199,0.00155568
200,0.00155568
201,0.00155568
202,0.00155568
203,0.00155568
204,0.00158014
205,0.00158014
206,0.00158014
207,0.00158014
208,0.00158014
209,0.00155568
210,0.00155568
211,0.00155568
212,0.00155568
213,0.00157191
214,0.00157191
215,0.00157168
216,0.00157168
217,0.00157168
218,0.00155568
219,0.00155568
220,0.00155568
221,0.00155568
222,0.00155568
223,0.00155568
224,0.00155568
225,0.00155568
226,0.00155568
227,0.00155568
228,0.00158069
229,0.00158069
230,0.00158069
231,0.00158069
232,0.00158069
233,0.00158069
234,0.00155568
235,0.00155568
236,0.00155568
237,0.00155224
238,0.00155224
239,0.00155224
240,0.00155224
241,0.00155224
242,0.00155224
243,0.00154921
244,0.00154921
245,0.00154921
246,0.00154921
247,0.00154921
248,0.00154921
249,0.00154921
250,0.00154921
251,0.00154921
252,0.00154921
253,0.00154921
254,0.00157298
255,0.00157298
256,0.00157298
257,0.00157298
258,0.00157298
259,0.00157298
260,0.00157298
261,0.00157298
262,0.00157298
263,0.00157298
264,0.00157298
265,0.00157298
266,0.00157298
267,0.00154669
268,0.00154669
269,0.00154669
270,0.00154669
271,0.00154669
272,0.00154669
273,0.00154669
274,0.00154669
275,0.00154669
276,0.00154669
277,0.00154669
278,0.00154669
279,0.00154669
280,0.00154669
281,0.00154669
282,0.00154669
283,0.00154669
284,0.00154669
285,0.00154669
286,0.00154804
287,0.00154804
288,0.00154804
289,0.0015479
290,0.0015479
291,0.0015479
292,0.0015479
293,0.0015479
294,0.0015479
295,0.0015479
296,0.0015479
297,0.0015479
298,0.0015479
299,0.0015479
300,0.0015479
301,0.0015479
302,0.0015479
303,0.0015479
304,0.0015479
305,0.0015479
306,0.0015479
307,0.0015479
308,0.0015479
309,0.00153885
310,0.00153463
311,0.00154115
312,0.00154115
313,0.00154115
314,0.00154115
315,0.00154115
316,0.00154115
317,0.00154115
318,0.00154115
319,0.00154115
320,0.00154115
321,0.00154115
322,0.00154115
323,0.00154115
324,0.00154115
325,0.00154115
326,0.00153224
327,0.00153224
328,0.00153224
329,0.00153224
330,0.00153224
331,0.00153224
332,0.00153224
333,0.00153224
334,0.00153224
335,0.00153224
336,0.00153224
337,0.00153224
338,0.00153224
339,0.00153224
340,0.00153224
341,0.00153224
342,0.00153224
343,0.00153224
344,0.00153224
345,0.00153328
346,0.00153224
347,0.00153224
348,0.00152971
349,0.00152971
350,0.00152971
351,0.00152971
352,0.00152971
353,0.00152971
354,0.00152863
355,0.00152863
356,0.00152863
357,0.00152863
358,0.00152863
359,0.00152863
360,0.00152863
361,0.00152863
362,0.00152863
363,0.00152863
364,0.00152863
365,0.00152863
366,0.00152863
367,0.00152863
368,0.00152863
369,0.00152863
370,0.00152863
371,0.00152237
372,0.00152237
373,0.00152237
374,0.00152237
375,0.00152237
376,0.00152237
377,0.00152237
378,0.00152237
379,0.00152237
380,0.00152237
381,0.00152237
382,0.00152237
383,0.00152237
384,0.00152237
385,0.00152237
386,0.00152237
387,0.00152237
388,0.00152237
389,0.00152237
390,0.00152048
391,0.00152048
392,0.00152048
393,0.00152048
394,0.00152048
395,0.00152048
396,0.00152048
397,0.00152048
398,0.00152048
399,0.00152048
400,0.00152048
401,0.00152048
402,0.00152048
403,0.00152048
404,0.00152048
405,0.00152048
406,0.00152048
407,0.00152048
408,0.00152048
409,0.00152048
410,0.00152048
411,0.00152048
412,0.00152048
413,0.00152048
414,0.00152048
415,0.00152048
416,0.00152048
417,0.00152048
418,0.00152048
419,0.00152048
420,0.00152048
421,0.00152048
422,0.00152048
423,0.00152048
424,0.00152048
425,0.00152048
426,0.00152048
427,0.00152048
428,0.00152048
429,0.00152048
430,0.00152048
431,0.00152048
432,0.00152048
433,0.00152048
434,0.00152048
435,0.00152048
436,0.00152048
437,0.00152048
438,0.00152048
439,0.00152048
440,0.00152048
441,0.00152048
442,0.00152
443,0.00152
444,0.00152
445,0.00152
446,0.00152
447,0.00152
448,0.00152
449,0.00152
450,0.00152
451,0.00152
452,0.00152
453,0.00152
454,0.00152
455,0.00152
456,0.00152
457,0.00152
458,0.00152
459,0.00152
460,0.00152
461,0.00152
462,0.00153837
463,0.00153837
464,0.00153837
465,0.00153803
466,0.00153803
467,0.00153803
468,0.00153803
469,0.00153803
470,0.00153803
471,0.00153803
472,0.00153803
473,0.00153803
474,0.00153803
475,0.00153803
476,0.00153803
477,0.00153803
478,0.00153803
479,0.00153803
480,0.00153803
481,0.00153803
482,0.00153803
483,0.00153803
484,0.00153803
485,0.00153623
486,0.00153623
487,0.00153623
488,0.00153623
489,0.00153623
490,0.00153623
491,0.00153623
492,0.00153623
493,0.00153623
494,0.00153623
495,0.00153623
496,0.00153623
497,0.00153623
498,0.00155433
499,0.00155479
500,0.00155479
501,0.00155479
502,0.00155479
503,0.00155479
504,0.00155479
505,0.00155479
506,0.00155479
507,0.00155479
508,0.00155479
509,0.00155479
510,0.00155479
511,0.00155479
512,0.00155479
513,0.00155479
514,0.00155479
515,0.00155479
516,0.00156113
517,0.00156113
518,0.00156113
519,0.00156113
520,0.00156113
521,0.00155479
522,0.00156113
523,0.00156113
524,0.00156113
525,0.00156113
526,0.00156113
527,0.00156113
528,0.00156113
529,0.00156113
530,0.00156113
531,0.00156113
532,0.00156113
533,0.00156113
534,0.00156113
535,0.00156113
536,0.00156113
537,0.00156113
538,0.00156113
539,0.00156113
540,0.00156113
541,0.00156113
542,0.00156113
543,0.00154521
544,0.00154521
545,0.00154521
546,0.00154521
547,0.00154521
548,0.00154521
549,0.00154521
550,0.00154521
551,0.00154521
552,0.00154521
553,0.00154521
554,0.00153748
555,0.00153748
556,0.00153748
557,0.00153748
558,0.00153748
559,0.00153748
560,0.00153748
561,0.00153748
562,0.00153748
563,0.00153748
564,0.00153748
565,0.00152118
566,0.00152118
567,0.00152118
568,0.00152118
569,0.00152118
570,0.00152118
571,0.00152118
572,0.00152118
573,0.00152118
574,0.00152118
575,0.00152118
576,0.00152118
577,0.00152118
578,0.00152118
579,0.00152118
580,0.00152118
581,0.00152118
582,0.00152119
583,0.00152119
584,0.00152119
585,0.00152119
586,0.00152151
587,0.00152151
588,0.00152151
589,0.00152151
590,0.00152532
591,0.00152103
592,0.00152103
593,0.00152103
594,0.00152103
595,0.00152103
596,0.00152103
597,0.00152103
598,0.00152103
599,0.00152103
600,0.00152103
601,0.00152103
602,0.00152103
603,0.00152103
604,0.00152103
605,0.00152103
606,0.00152103
607,0.00152335
608,0.00152335
609,0.00152335
610,0.00152335
611,0.00152335
612,0.00152335
613,0.00152335
614,0.00152335
615,0.00152335
616,0.00152335
617,0.00152335
618,0.00152335
619,0.00152335
620,0.00152335
621,0.00152335
622,0.00152335
623,0.00152335
624,0.00152335
625,0.00152335
626,0.00152105
627,0.00152105
628,0.00152105
629,0.00152104
630,0.00152103
631,0.00152103
632,0.00152103
633,0.00152102
634,0.00152
635,0.00151954
636,0.00151954
637,0.00151954
638,0.00151954
639,0.00151954
640,0.00151962
641,0.00151963
642,0.00151963
643,0.00151963
644,0.00151963
645,0.00151963
646,0.00151963
647,0.00151963
648,0.00151849
649,0.00151849
650,0.00151849
651,0.00151849
652,0.00151849
653,0.00151849
654,0.00151849
655,0.00151849
656,0.00151849
657,0.00151849
658,0.00151849
659,0.00151849
660,0.00151849
661,0.00151849
662,0.00151849
663,0.00151849
664,0.00151849
665,0.00151849
666,0.00151849
667,0.00151849
668,0.00151849
669,0.00151849
670,0.00151849
671,0.00151849
672,0.00151849
673,0.00151849
674,0.00151849
675,0.00151849
676,0.00151849
677,0.00151849
678,0.00151849
679,0.00151849
680,0.00151849
681,0.00151849
682,0.00151849
683,0.00151849
684,0.00151849
685,0.00151849
686,0.00151849
687,0.00151849
688,0.00151849
689,0.00151849
690,0.00151849
691,0.00151849
692,0.00151849
693,0.00151849
694,0.00151849
695,0.00151849
696,0.00151849
697,0.00151849
698,0.00151849
699,0.00151849
700,0.00151849
701,0.00151849
702,0.00151849
703,0.00151849
704,0.00151849
705,0.00151849
706,0.00151849
707,0.00151849
708,0.00151849
709,0.00151849
710,0.00151849
711,0.00151849
712,0.00151849
713,0.00151849
714,0.00151849
715,0.00151849
716,0.00151849
717,0.00151849
718,0.00151849
719,0.00151849
720,0.00151849
721,0.00151849
722,0.00151849
723,0.00151849
724,0.00151849
725,0.00151849
726,0.00151363
727,0.00151363
728,0.00151363
729,0.00151363
730,0.00151363
731,0.00151363
732,0.00151363
733,0.00151363
734,0.00151363
735,0.00151363
736,0.00151363
737,0.00151363
738,0.00151363
739,0.00151363
740,0.00151363
741,0.00151363
742,0.00151363
743,0.00150631
744,0.00150631
745,0.00150631
746,0.00150631
747,0.00150631
748,0.00150631
749,0.0015269
750,0.0015269
751,0.0015269
752,0.0015269
753,0.0015269
754,0.0015269
755,0.0015269
756,0.0015269
757,0.00153278
758,0.00153278
759,0.00153278
760,0.00150648
761,0.00150648
762,0.00153438
763,0.00153438
764,0.00153438
765,0.0015063
766,0.0015063
767,0.0015063
768,0.0015063
769,0.0015063
770,0.0015063
771,0.0015063
772,0.0015063
773,0.0015063
774,0.0015063
775,0.0015063
776,0.0015063
777,0.0015063
778,0.0015063
779,0.0015063
780,0.0015063
781,0.0015063
782,0.0015063
783,0.0015063
784,0.0015063
785,0.0015063
786,0.0015063
787,0.0015063
788,0.0015063
789,0.0015063
790,0.0015063
791,0.0015063
792,0.0015063
793,0.0015063
794,0.0015063
795,0.0015063
796,0.0015063
797,0.0015063
798,0.0015063
799,0.0015063
800,0.0015063
801,0.0015063
802,0.0015063
803,0.0015063
804,0.00151913
805,0.00151913
806,0.00151915
807,0.00151915
808,0.00151915
809,0.00151915
810,0.00151915
811,0.00151915
812,0.00151915
813,0.00150532
814,0.00150532
815,0.00150532
816,0.00150532
817,0.00150532
818,0.00150532
819,0.00150532
820,0.00150532
821,0.00150532
822,0.00150532
823,0.00150532
824,0.00150532
825,0.00150532
826,0.00150532
827,0.00150532
828,0.00150532
829,0.00150532
830,0.00150532
831,0.00150532
832,0.00150532
833,0.00150532
834,0.00150532
835,0.00150532
836,0.00150532
837,0.00150532
838,0.00150532
839,0.00150532
840,0.00150532
841,0.00150532
842,0.00150532
843,0.00150532
844,0.00150532
845,0.00150532
846,0.00150532
847,0.00150532
848,0.00150532
849,0.00150532
850,0.00150532
851,0.00152471
852,0.00152471
853,0.00152471
854,0.00152471
855,0.00152471
856,0.00152471
857,0.00152471
858,0.00152471
859,0.00152471
860,0.00152471
861,0.00152471
862,0.00152471
863,0.00152471
864,0.00152471
865,0.00152471
866,0.00152471
867,0.00152471
868,0.00152471
869,0.00152471
870,0.00152471
871,0.00152471
872,0.00152471
873,0.00152471
874,0.00152471
875,0.00152471
876,0.00152473
877,0.00150381
878,0.00150381
879,0.00150381
880,0.00150381
881,0.00150381
882,0.00150381
883,0.00150381
884,0.00150381
885,0.00150381
886,0.00150381
887,0.00150381
888,0.00150381
889,0.00150381
890,0.00150381
891,0.00150381
892,0.00150381
893,0.00150381
894,0.00152
895,0.00152
896,0.00152
897,0.00152
898,0.00152
899,0.00152
900,0.00152
901,0.00152
902,0.00152
903,0.00152
904,0.00152
905,0.00152
906,0.00152
907,0.00152
908,0.00152
909,0.00152
910,0.00152
911,0.00152
912,0.00152
913,0.00152
914,0.00152
915,0.00152
916,0.00152
917,0.00152
918,0.00152
919,0.00152
920,0.00152
921,0.00152
922,0.00152
923,0.00152
924,0.00152
925,0.00152
926,0.00152
927,0.00152
928,0.00152
929,0.00152
930,0.00152
931,0.00152
932,0.00152
933,0.00152
934,0.00152
935,0.00152
936,0.00152
937,0.00152
938,0.00152
939,0.00152
940,0.00152
941,0.00152
942,0.00152
943,0.00152
944,0.00152
945,0.00152
946,0.00152
947,0.00152
948,0.00152
949,0.00152
950,0.00152
951,0.00152
952,0.00152
953,0.00152
954,0.00152
955,0.00152
956,0.00152
957,0.00152
958,0.00152
959,0.00152
960,0.00152
961,0.00152
962,0.00152
963,0.00152
964,0.00152
965,0.00152
966,0.00152
967,0.00152
968,0.00152
969,0.00152
970,0.00152
971,0.00152
972,0.00152
973,0.00152
974,0.00152
975,0.00152
976,0.00152
977,0.00152
978,0.00152
979,0.00152
980,0.00152
981,0.00152
982,0.00152
983,0.00152
984,0.00152
985,0.00152
986,0.00152
987,0.00152
988,0.00152
989,0.00152
990,0.00152
991,0.00152
992,0.00152
993,0.00152
994,0.00152
995,0.00152
996,0.00152
997,0.00152
998,0.00152
999,0.00152
1000,0.00152
1001,0.00152
1002,0.00152
1003,0.00152473
1004,0.00152473
1005,0.00152473
1006,0.00152473
1007,0.00152473
1008,0.00152473
1009,0.00152473
1010,0.00152473
1011,0.00152473
1012,0.00152473
1013,0.00152473
1014,0.00152473
1015,0.00152473
1016,0.00152473
1017,0.00152473
1018,0.00152473
1019,0.00152473
1020,0.00152473
1021,0.00152473
1022,0.00152473
1023,0.00152473
1024,0.00152625
1025,0.00152625
1026,0.00152625
1027,0.00152625
1028,0.00152625
1029,0.00152625
1030,0.00152625
1031,0.00152625
1032,0.00152625
1033,0.00152625
1034,0.00152625
1035,0.00152625
1036,0.00152626
1037,0.00152626
1038,0.00152626
1039,0.00152626
1040,0.00152626
1041,0.00152626
1042,0.00152057
1043,0.00152057
1044,0.00152057
1045,0.00152057
1046,0.00152057
1047,0.00152057
1048,0.00152057
1049,0.00152057
1050,0.00152057
1051,0.00152057
1052,0.00152057
1053,0.00152057
1054,0.00152057
1055,0.00152057
1056,0.00152057
1057,0.00152057
1058,0.00152057
1059,0.00152057
1060,0.00152057
1061,0.00152057
1062,0.00152057
1063,0.00152057
1064,0.00152057
1065,0.00152057
1066,0.00152057
1067,0.00152057
1068,0.00152057
1069,0.00152057
1070,0.00152057
1071,0.00152057
1072,0.00152057
1073,0.00152057
1074,0.00152057
1075,0.00152057
1076,0.00152057
1077,0.00152057
1078,0.00152057
1079,0.00152057
1080,0.00152057
1081,0.00152057
1082,0.00152057
1083,0.00152057
1084,0.00152057
1085,0.00152057
1086,0.00152722
1087,0.00152722
1088,0.00152722
1089,0.00152722
1090,0.00152722
1091,0.00152722
1092,0.00152058
1093,0.00152058
1094,0.00152058
1095,0.00152058
1096,0.00152058
1097,0.00152058
1098,0.00152058
1099,0.00153365
1100,0.00153365
1101,0.00153365
1102,0.00153365
1103,0.00153365
1104,0.00153365
1105,0.00153365
1106,0.00153365
1107,0.00153365
1108,0.00153365
1109,0.00153365
1110,0.00152224
1111,0.00152224
1112,0.00152224
1113,0.001515
1114,0.001515
1115,0.001515
1116,0.001515
1117,0.001515
1118,0.001515
1119,0.001515
1120,0.001515
1121,0.001515
1122,0.001515
1123,0.001515
1124,0.001515
1125,0.001515
1126,0.001515
1127,0.001515
1128,0.001515
1129,0.001515
1130,0.001515
1131,0.001515
1132,0.001515
1133,0.001515
1134,0.001515
1135,0.001515
1136,0.001515
1137,0.001515
1138,0.001515
1139,0.001515
1140,0.001515
1141,0.001515
1142,0.001515
1143,0.001515
1144,0.001515
1145,0.001515
1146,0.0015048
1147,0.0015048
1148,0.0015171
1149,0.0015171
1150,0.0015171
1151,0.0015171
1152,0.0015171
1153,0.0015171
1154,0.0015171
1155,0.0015171
1156,0.0015171
1157,0.0015171
1158,0.0015171
1159,0.0015171
1160,0.0015171
1161,0.0015171
1162,0.0015171
1163,0.0015171
1164,0.0015171
1165,0.0015171
1166,0.0015171
1167,0.0015171
1168,0.0015171
1169,0.00153494
1170,0.00153494
1171,0.00153494
1172,0.00153494
1173,0.00153494
1174,0.00153494
1175,0.00153494
1176,0.00153494
1177,0.00153494
1178,0.00153494
1179,0.00153494
1180,0.00153463
1181,0.00153463
1182,0.00153463
1183,0.00153463
1184,0.00153463
1185,0.00153463
1186,0.00153463
1187,0.00153439
1188,0.00153437
1189,0.00153437
1190,0.00153437
1191,0.00153437
1192,0.00153437
1193,0.00153421
1194,0.00153421
1195,0.00153421
1196,0.00153421
1197,0.00153421
1198,0.00153421
1199,0.00153421
1200,0.00153421
1201,0.00153421
1202,0.00153421
1203,0.00153421
1204,0.00153421
1205,0.00153421
1206,0.00153421
1207,0.00153421
1208,0.00153421
1209,0.00153421
1210,0.00153421
1211,0.00153421
1212,0.00153421
1213,0.00153421
1214,0.00153421
1215,0.00153421
1216,0.00153421
1217,0.00153421
1218,0.00153421
1219,0.00153421
1220,0.00153421
1221,0.00153421
1222,0.00153421
1223,0.00153421
1224,0.00153421
1225,0.00153421
1226,0.00151442
1227,0.00151442
1228,0.00151442
1229,0.00151442
1230,0.00150481
1231,0.00150481
1232,0.00150481
1233,0.00150481
1234,0.00150481
1235,0.00150481
1236,0.00150481
1237,0.00150481
1238,0.00150481
1239,0.00150481
1240,0.00150481
1241,0.00150481
1242,0.00150481
1243,0.00150481
1244,0.00150481
1245,0.00150481
1246,0.00150481
1247,0.00150481
1248,0.00150481
1249,0.00150481
1250,0.00150481
1251,0.00151756
1252,0.00151756
1253,0.00151756
1254,0.00150494
1255,0.00150437
1256,0.00152321
1257,0.00152321
1258,0.00152321
1259,0.00152321
1260,0.00152321
1261,0.00152321
1262,0.00152321
1263,0.00152321
1264,0.00150437
1265,0.00150437
1266,0.00150437
1267,0.00150437
1268,0.00150437
1269,0.00150437
1270,0.00150437
1271,0.00151236
1272,0.00151236
1273,0.00151236
1274,0.00151236
1275,0.00151236
1276,0.00151236
1277,0.00151236
1278,0.00151236
1279,0.00151236
1280,0.00152241
1281,0.00152241
1282,0.00152241
1283,0.00152241
1284,0.00152241
1285,0.00152241
1286,0.00152241
1287,0.00152241
1288,0.00152241
1289,0.00152241
1290,0.00152241
1291,0.00152241
1292,0.00152241
1293,0.00152241
1294,0.00152241
1295,0.00152241
1296,0.00152241
1297,0.00152241
1298,0.00152241
1299,0.00152241
1300,0.00152241
1301,0.00152241
1302,0.00152241
1303,0.00150478
1304,0.00150478
1305,0.00150475
1306,0.00150475
1307,0.00150475
1308,0.00150475
1309,0.00150379
1310,0.00150379
1311,0.00150379
1312,0.00150379
1313,0.00150379
1314,0.00150379
1315,0.00150379
1316,0.00150379
1317,0.00150379
1318,0.00150379
1319,0.00150379
1320,0.00150379
1321,0.00150379
1322,0.00150379
1323,0.00150379
1324,0.00150379
1325,0.00150379
1326,0.00150475
1327,0.00150475
1328,0.00150475
1329,0.00150475
1330,0.00150475
1331,0.00150475
1332,0.00150475
1333,0.00150475
1334,0.00150475
1335,0.00150475
1336,0.00150475
1337,0.00150475
1338,0.00150475
1339,0.00150475
1340,0.00150475
1341,0.00150475
1342,0.00150475
1343,0.00150475
1344,0.00150475
1345,0.00150475
1346,0.00150475
1347,0.00150475
1348,0.00150475
1349,0.00150475
1350,0.00150475
1351,0.00150475
1352,0.00150475
1353,0.00150475
1354,0.00150379
1355,0.00150379
1356,0.00150379
1357,0.00150379
1358,0.00150379
1359,0.00150379
1360,0.00150379
1361,0.00150475
1362,0.00150475
1363,0.00150475
1364,0.00150475
1365,0.00150475
1366,0.00150475
1367,0.00150475
1368,0.00150475
1369,0.00150475
1370,0.00150475
1371,0.00150475
1372,0.00150475
1373,0.00150475
1374,0.00150475
1375,0.00150379
1376,0.00150379
1377,0.00150379
1378,0.00150379
1379,0.00150379
1380,0.00150379
1381,0.00150379
1382,0.00150379
1383,0.00150379
1384,0.00150379
1385,0.00150379
1386,0.00150379
1387,0.00150379
1388,0.00150379
1389,0.00150379
1390,0.00150379
1391,0.00150379
1392,0.00150379
1393,0.00150379
1394,0.00150379
1395,0.00150379
1396,0.00150379
1397,0.00150379
1398,0.00150475
1399,0.00150379
1400,0.00150475
1401,0.00150475
1402,0.00150475
1403,0.00150475
1404,0.00150475
1405,0.00150475
1406,0.00150475
1407,0.00150475
1408,0.00150475
1409,0.00150475
1410,0.00150475
1411,0.00150475
1412,0.00150475
1413,0.00150475
1414,0.00150475
1415,0.00150475
1416,0.00150475
1417,0.00150475
1418,0.00150475
1419,0.00150475
1420,0.00150475
1421,0.00150475
1422,0.00150475
1423,0.00150475
1424,0.00150475
1425,0.00150475
1426,0.00150475
1427,0.00150475
1428,0.00150475
1429,0.00150475
1430,0.00150475
1431,0.00150475
1432,0.00150475
1433,0.00150475
1434,0.00150475
1435,0.00150475
1436,0.00150475
1437,0.00150475
1438,0.00150475
1439,0.00150475
1440,0.00150475
1441,0.00150475
1442,0.00150475
1443,0.00150475
1444,0.00150475
1445,0.00150475
1446,0.00150475
1447,0.00150475
1448,0.00150475
1449,0.00150475
1450,0.00150475
1451,0.00150475
1452,0.00150475
1453,0.00150475
1454,0.00150475
1455,0.00150475
1456,0.00150475
1457,0.00150475
1458,0.00150475
1459,0.00150475
1460,0.00150475
1461,0.00150475
1462,0.00150475
1463,0.00150475
1464,0.00150475
1465,0.00150475
1466,0.00150475
1467,0.00150475
1468,0.00150475
1469,0.00150475
1470,0.00150475
1471,0.00150475
1472,0.00150475
1473,0.00150475
1474,0.00150475
1475,0.00150475
1476,0.00150475
1477,0.00150475
1478,0.00150475
1479,0.00151035
1480,0.00151035
1481,0.00151687
1482,0.00151687
1483,0.00151687
1484,0.00151687
1485,0.00151687
1486,0.00152278
1487,0.00152278
1488,0.00152278
1489,0.00152278
1490,0.00152278
1491,0.00152278
1492,0.00152278
1493,0.00152278
1494,0.00152278
1495,0.00152278
1496,0.00152278
1497,0.00152278
1498,0.00152278
1499,0.00152278
1500,0.00152278
1501,0.00152278
1502,0.00152278
1503,0.00152278
1504,0.00152278
1505,0.00152278
1506,0.00152278
1507,0.00152278
1508,0.00152278
1509,0.00152278
1510,0.00152278
1511,0.00152278
1512,0.0015228
1513,0.0015228
1514,0.0015228
1515,0.0015228
1516,0.0015228
1517,0.0015228
1518,0.0015228
1519,0.0015228
1520,0.0015228
1521,0.0015228
1522,0.0015228
1523,0.0015228
1524,0.0015228
1525,0.0015228
1526,0.0015228
1527,0.0015228
1528,0.0015228
1529,0.0015228
1530,0.0015228
1531,0.0015228
1532,0.0015228
1533,0.0015228
1534,0.0015228
1535,0.0015228
1536,0.0015228
1537,0.0015228
1538,0.00152384
1539,0.00152384
1540,0.00152384
1541,0.00152384
1542,0.00152384
1543,0.00152384
1544,0.00152384
1545,0.00152384
1546,0.00152384
1547,0.00152384
1548,0.00152384
1549,0.00152384
1550,0.00152384
1551,0.00152384
1552,0.00152384
1553,0.00152384
1554,0.00152384
1555,0.00152384
1556,0.00152384
1557,0.00152384
1558,0.00152384
1559,0.0015249
1560,0.0015249
1561,0.0015249
1562,0.0015249
1563,0.0015249
1564,0.0015249
1565,0.0015249
1566,0.0015249
1567,0.0015228
1568,0.0015228
1569,0.0015228
1570,0.0015228
1571,0.0015228
1572,0.00153196
1573,0.00153196
1574,0.00153196
1575,0.00153196
1576,0.00153196
1577,0.00153196
1578,0.00153196
1579,0.00153196
1580,0.00153196
1581,0.00153196
1582,0.00153196
1583,0.00153196
1584,0.00153196
1585,0.00153196
1586,0.00153196
1587,0.00153196
1588,0.00153196
1589,0.00153196
1590,0.00153196
1591,0.00153196
1592,0.00153196
1593,0.00152634
1594,0.00152634
1595,0.00152634
1596,0.00152634
1597,0.00152236
1598,0.00152236
1599,0.00152236
1600,0.00152236
1601,0.00152236
1602,0.00152236
1603,0.00152236
1604,0.00152236
1605,0.00152236
1606,0.00152236
1607,0.00152236
1608,0.00152236
1609,0.00152236
1610,0.00152236
1611,0.00152236
1612,0.00152236
1613,0.00152236
1614,0.00152236
1615,0.00152236
1616,0.00152236
1617,0.00152236
1618,0.00152236
1619,0.00152236
1620,0.00152236
1621,0.00152236
1622,0.00152236
1623,0.00153324
1624,0.00153324
1625,0.00153324
1626,0.00153324
1627,0.00153324
1628,0.00153324
1629,0.00153324
1630,0.00153324
1631,0.00153324
1632,0.00153324
1633,0.00153324
1634,0.00153494
1635,0.00153494
1636,0.00153494
1637,0.00153494
1638,0.00153494
1639,0.00153494
1640,0.00153494
1641,0.00153494
1642,0.00153494
1643,0.00153494
1644,0.00153494
1645,0.00153494
1646,0.00153414
1647,0.00153414
1648,0.00153414
1649,0.00153414
1650,0.00153414
1651,0.00153414
1652,0.00153414
1653,0.00153414
1654,0.00153414
1655,0.00153414
1656,0.00153414
1657,0.00153414
1658,0.00153414
1659,0.00153414
1660,0.00153414
1661,0.00153414
1662,0.00153414
1663,0.00153414
1664,0.00153414
1665,0.00153414
1666,0.00153414
1667,0.00153414
1668,0.00153414
1669,0.00153414
1670,0.00153414
1671,0.00153414
1672,0.00153414
1673,0.00153414
1674,0.00153414
1675,0.00153414
1676,0.00153414
1677,0.00153414
1678,0.00153414
1679,0.00153414
1680,0.00153414
1681,0.00153414
1682,0.00153414
1683,0.00153414
1684,0.00153414
1685,0.00153414
1686,0.00153414
1687,0.00153414
1688,0.00153494
1689,0.00153494
1690,0.00153494
1691,0.00153494
1692,0.00153494
1693,0.00153494
1694,0.00153494
1695,0.00153494
1696,0.00153494
1697,0.00153494
1698,0.00153494
1699,0.00153494
1700,0.00153494
1701,0.00153494
1702,0.00153494
1703,0.00153494
1704,0.00153494
1705,0.00153494
1706,0.00153494
1707,0.00153494
1708,0.00153494
1709,0.00153494
1710,0.00153494
1711,0.00153494
1712,0.00153494
1713,0.00153494
1714,0.00153494
1715,0.00153494
1716,0.00153494
1717,0.00153494
1718,0.00153494
1719,0.00153494
1720,0.00153494
1721,0.00153494
1722,0.00153494
1723,0.00153494
1724,0.00153494
1725,0.00153494
1726,0.00153494
1727,0.00153494
1728,0.00153494
1729,0.00153494
1730,0.00153494
1731,0.00153494
1732,0.00153494
1733,0.00153494
1734,0.00153494
1735,0.00153494
1736,0.00153494
1737,0.00153494
1738,0.00153494
1739,0.00153494
1740,0.00153537
1741,0.00153537
1742,0.00153537
1743,0.00153537
1744,0.00153537
1745,0.00153537
1746,0.00153537
1747,0.00153537
1748,0.00153537
1749,0.00153537
1750,0.00153537
1751,0.00153537
1752,0.00153537
1753,0.00153537
1754,0.00153537
1755,0.00153537
1756,0.00153538
1757,0.00153538
1758,0.00153538
1759,0.00153538
1760,0.00153538
1761,0.00153538
1762,0.00153538
1763,0.00153538
1764,0.00153538
1765,0.00153538
1766,0.00153538
1767,0.00153538
1768,0.00153538
1769,0.00153538
1770,0.00153538
1771,0.00153538
1772,0.00153538
1773,0.00153538
1774,0.00153538
1775,0.00153538
1776,0.00153538
1777,0.00153538
1778,0.00153538
1779,0.00153538
1780,0.00153538
1781,0.00153538
1782,0.00153538
1783,0.00153538
1784,0.00153538
1785,0.00153538
1786,0.00153538
1787,0.00153538
1788,0.00153538
1789,0.00153538
1790,0.00153538
1791,0.00154039
1792,0.00154039
1793,0.00154039
1794,0.00154039
1795,0.00154039
1796,0.00154039
1797,0.00154039
1798,0.00154039
1799,0.00154039
1800,0.00154039
1801,0.00154039
1802,0.00154039
1803,0.00154039
1804,0.00154039
1805,0.00154039
1806,0.00153997
1807,0.00153997
1808,0.00153997
1809,0.00153997
1810,0.00153997
1811,0.00153997
1812,0.00153997
1813,0.00153997
1814,0.00153979
1815,0.00153979
1816,0.00153979
1817,0.00153979
1818,0.00153979
1819,0.00153979
1820,0.00153979
1821,0.0015359
1822,0.0015359
1823,0.0015359
1824,0.0015359
1825,0.0015359
1826,0.0015359
1827,0.0015359
1828,0.00153978
1829,0.00153978
1830,0.00153978
1831,0.00153978
1832,0.00153978
1833,0.00153978
1834,0.00153978
1835,0.00153978
1836,0.00153978
1837,0.00153978
1838,0.00153978
1839,0.00153978
1840,0.00153978
1841,0.00153978
1842,0.00153978
1843,0.00153978
1844,0.00153978
1845,0.00153978
1846,0.00153978
1847,0.00153978
1848,0.00153978
1849,0.00153978
1850,0.00153978
1851,0.00153978
1852,0.00153978
1853,0.00153978
1854,0.00153978
1855,0.00153978
1856,0.00153978
1857,0.00153978
1858,0.00153978
1859,0.00153978
1860,0.00153978
1861,0.00153978
1862,0.00153978
1863,0.00153978
1864,0.00153978
1865,0.00153978
1866,0.00153978
1867,0.00153978
1868,0.00153978
1869,0.00153978
1870,0.00153978
1871,0.00152592
1872,0.00153978
1873,0.00153978
1874,0.00153978
1875,0.00153978
1876,0.00153978
1877,0.00153978
1878,0.00153979
1879,0.00153979
1880,0.00153979
1881,0.00153979
1882,0.00154579
1883,0.00154579
1884,0.00154579
1885,0.00154579
1886,0.00155101
1887,0.00155101
1888,0.00155101
1889,0.00155101
1890,0.00155101
1891,0.00155101
1892,0.00155101
1893,0.00155101
1894,0.00155101
1895,0.00155101
1896,0.00155101
1897,0.00155101
1898,0.00155101
1899,0.00155761
1900,0.00155761
1901,0.00155761
1902,0.00155761
1903,0.0015462
1904,0.00154053
1905,0.00154053
1906,0.00154053
1907,0.00154053
1908,0.00154053
1909,0.00154053
1910,0.00154053
1911,0.00154053
1912,0.00154053
1913,0.00154053
1914,0.00154053
1915,0.00154053
1916,0.00154053
1917,0.00154053
1918,0.00154053
1919,0.00154053
1920,0.00154053
1921,0.00154053
1922,0.00153519
1923,0.00153569
1924,0.0015576
1925,0.0015576
1926,0.0015576
1927,0.0015576
1928,0.00155756
1929,0.00155756
1930,0.00155756
1931,0.00155756
1932,0.00155756
1933,0.00155756
1934,0.00155756
1935,0.00155756
1936,0.00155756
1937,0.00155756
1938,0.00155756
1939,0.00155756
1940,0.00155756
1941,0.00155756
1942,0.00155756
1943,0.00155756
1944,0.00155756
1945,0.00155756
1946,0.00155756
1947,0.00155756
1948,0.00155756
1949,0.00155699
1950,0.00154321
1951,0.00154321
1952,0.00154321
1953,0.00154321
1954,0.001537
1955,0.001537
1956,0.001537
1957,0.001537
1958,0.001537
1959,0.001537
1960,0.001537
1961,0.001537
1962,0.001537
1963,0.001537
1964,0.001537
1965,0.001537
1966,0.001537
1967,0.001537
1968,0.00155505
1969,0.00155505
1970,0.00155505
1971,0.00155505
1972,0.00155505
1973,0.00155505
1974,0.00155757
1975,0.00155757
1976,0.00155761
1977,0.00155761
1978,0.00153998
1979,0.00153998
1980,0.00153998
1981,0.00153998
1982,0.00153998
1983,0.00153998
1984,0.00153998
1985,0.00153998
1986,0.00153998
1987,0.00153998
1988,0.00153998
1989,0.00155758
1990,0.00155758
1991,0.00155758
1992,0.00155758
1993,0.00155758
1994,0.00155758
1995,0.00156096
1996,0.00156096
1997,0.00156096
1998,0.00156096
1999,0.00156096
2000,0.00156096
2001,0.00156096
2002,0.00156096
2003,0.00156085
2004,0.00156085
2005,0.00156085
2006,0.00156085
2007,0.00156085
2008,0.00156085
2009,0.00156085
2010,0.00156085
2011,0.00156085
2012,0.00156098
2013,0.00156098
2014,0.00156098
2015,0.00156098
2016,0.00156098
2017,0.00156098
2018,0.00156098
2019,0.00156097
2020,0.00156097
2021,0.00156097
2022,0.00156097
2023,0.00156097
2024,0.00156097
2025,0.00156097
2026,0.00156097
2027,0.00156097
2028,0.00156097
2029,0.00156097
2030,0.00156097
2031,0.00156097
2032,0.00156097
2033,0.00156097
2034,0.00156097
2035,0.00156097
2036,0.00156097
2037,0.00156097
2038,0.00156097
2039,0.00156097
2040,0.00156097
2041,0.00156097
2042,0.00156114
2043,0.00156114
2044,0.00156114
2045,0.00157
2046,0.00157
2047,0.00157
2048,0.00157
2049,0.00157
2050,0.00157
2051,0.00156397
2052,0.00156097
2053,0.00155795
2054,0.00155795
2055,0.00155795
2056,0.00155795
2057,0.00155795
2058,0.00155795
2059,0.00155795
2060,0.00155795
2061,0.00155795
2062,0.00155795
2063,0.00155795
2064,0.00155795
2065,0.00155795
2066,0.00155795
2067,0.00155795
2068,0.00155795
2069,0.00155795
2070,0.00155795
2071,0.00155461
2072,0.00155461
2073,0.00155459
2074,0.00155459
2075,0.00155459
2076,0.00155459
2077,0.00155459
2078,0.00155459
2079,0.00154822
2080,0.00154822
2081,0.00154822
2082,0.00154822
2083,0.00154822
2084,0.00154822
2085,0.00154822
2086,0.00153978
2087,0.00153978
2088,0.00153978
2089,0.00153978
2090,0.00153978
2091,0.00153978
2092,0.00153678
2093,0.00155215
2094,0.00153627
2095,0.00153627
2096,0.00153627
2097,0.00153627
2098,0.00153627
2099,0.00153627
2100,0.00153627
2101,0.00153627
2102,0.00153627
2103,0.00152226
2104,0.00151463
2105,0.00151463
2106,0.00151463
2107,0.00151456
2108,0.00151456
2109,0.00152485
2110,0.00152485
2111,0.00152598
2112,0.00152598
2113,0.00152598
2114,0.00152598
2115,0.00152598
2116,0.00152598
2117,0.00152598
2118,0.00152598
2119,0.00152598
2120,0.00152598
2121,0.00152598
2122,0.00152598
2123,0.00152598
2124,0.00152598
2125,0.00152598
2126,0.00152598
2127,0.00152598
2128,0.00152598
2129,0.00152598
2130,0.00152598
2131,0.00152598
2132,0.00152598
2133,0.00152598
2134,0.00152598
2135,0.00152598
2136,0.00152598
2137,0.00152598
2138,0.00152598
2139,0.00152598
2140,0.00152598
2141,0.00152598
2142,0.00152598
2143,0.00152598
2144,0.00152598
2145,0.00152598
2146,0.00152598
2147,0.00152598
2148,0.00152598
2149,0.00152598
2150,0.00152598
2151,0.00152598
2152,0.00152598
2153,0.00152598
2154,0.00152598
2155,0.00152598
2156,0.00152598
2157,0.00152598
2158,0.00152598
2159,0.00152598
2160,0.00152598
2161,0.00152598
2162,0.00152598
2163,0.00152598
2164,0.00152598
2165,0.00152598
2166,0.00152598
2167,0.00152598
2168,0.00152277
2169,0.00152277
2170,0.00152277
2171,0.00152277
2172,0.00152277
2173,0.00152277
2174,0.00152277
2175,0.00152277
2176,0.00152277
2177,0.00152277
2178,0.00152277
2179,0.00152277
2180,0.00152277
2181,0.00152277
2182,0.00152277
2183,0.00152277
2184,0.00152277
2185,0.00152277
2186,0.00152277
2187,0.00152277
2188,0.00152277
2189,0.00152277
2190,0.00151693
2191,0.00151693
2192,0.00151693
2193,0.00152286
2194,0.00152286
2195,0.00152901
2196,0.00152901
2197,0.00152901
2198,0.00152901
2199,0.00152901
2200,0.00152901
2201,0.00153486
2202,0.00153486
2203,0.00153486
2204,0.00153486
2205,0.00153486
2206,0.00153486
2207,0.00153486
2208,0.00153486
2209,0.00153486
2210,0.00153486
2211,0.00153486
2212,0.00153486
2213,0.00153486
2214,0.00153486
2215,0.00153486
2216,0.00153486
2217,0.00153486
2218,0.00153486
2219,0.00153486
2220,0.00153486
2221,0.00153486
2222,0.00153486
2223,0.00153486
2224,0.00153486
2225,0.00153486
2226,0.00153486
2227,0.00153486
2228,0.00153486
2229,0.00153486
2230,0.00153486
2231,0.00153411
2232,0.00153411
2233,0.00153411
2234,0.00153411
2235,0.00153411
2236,0.00153411
2237,0.00153411
2238,0.00153411
2239,0.00153411
2240,0.00153411
2241,0.00153411
2242,0.00153411
2243,0.00153411
2244,0.00153411
2245,0.00153411
2246,0.00153411
2247,0.00153411
2248,0.00153411
2249,0.00153411
2250,0.00153411
2251,0.00153411
2252,0.00153411
2253,0.00153411
2254,0.00153411
2255,0.00153411
2256,0.00153411
2257,0.00153411
2258,0.00153411
2259,0.00153411
2260,0.00153411
2261,0.00153411
2262,0.00153411
2263,0.00153411
2264,0.00153411
2265,0.00153411
2266,0.00153411
2267,0.00153411
2268,0.00153411
2269,0.00153411
2270,0.00153411
2271,0.00153411
2272,0.00153411
2273,0.00153411
2274,0.00151208
2275,0.00151208
2276,0.00151208
2277,0.00151208
2278,0.00151208
2279,0.00151208
2280,0.00151208
2281,0.00151208
2282,0.00151208
2283,0.00151208
2284,0.00151208
2285,0.00153324
2286,0.00151201
2287,0.001512
2288,0.001511
2289,0.001511
2290,0.001511
2291,0.001511
2292,0.001511
2293,0.001511
2294,0.001511
2295,0.001511
2296,0.001511
2297,0.001511
2298,0.001511
2299,0.001511
2300,0.001511
2301,0.001511
2302,0.001511
2303,0.001511
2304,0.001511
2305,0.001511
2306,0.001511
2307,0.001505
2308,0.001505
2309,0.001505
2310,0.001505
2311,0.001505
2312,0.001505
2313,0.00150982
2314,0.00150982
2315,0.00150982
2316,0.00150982
2317,0.00150982
2318,0.00150982
2319,0.00150982
2320,0.00150982
2321,0.00150982
2322,0.00150982
2323,0.00150982
2324,0.00150982
2325,0.00150982
2326,0.00150982
2327,0.00150982
2328,0.00150982
2329,0.00150982
2330,0.00150982
2331,0.00150982
2332,0.00150982
2333,0.00150982
2334,0.00150539
2335,0.00150539
2336,0.00150539
2337,0.00150539
2338,0.00150539
2339,0.00151747
2340,0.00151747
2341,0.00151747
2342,0.001505
2343,0.00150036
2344,0.00150036
2345,0.00150036
2346,0.00150036
2347,0.00150036
2348,0.00150036
2349,0.00150036
2350,0.00150036
2351,0.00150036
2352,0.00150036
2353,0.00150036
2354,0.00150036
2355,0.00150036
2356,0.00150036
2357,0.00150036
2358,0.00150036
2359,0.00150036
2360,0.00150036
2361,0.00150036
2362,0.00150036
2363,0.00150036
2364,0.0015008
2365,0.00151657
2366,0.00150036
2367,0.00150036
2368,0.00150036
2369,0.00150036
2370,0.00150036
2371,0.00150036
2372,0.00150036
2373,0.0015008
2374,0.0015008
2375,0.0015008
2376,0.00150036
2377,0.00150036
2378,0.00150036
2379,0.00150091
2380,0.00150036
2381,0.00150036
2382,0.00150036
2383,0.00150036
2384,0.00150036
2385,0.00150036
2386,0.00150311
2387,0.00150311
2388,0.00150311
2389,0.00150036
2390,0.00150036
2391,0.00150036
2392,0.00150036
2393,0.00150036
2394,0.00150036
2395,0.00150036
2396,0.00150036
2397,0.00150036
2398,0.00150036
2399,0.00150036
2400,0.00150036
2401,0.00150036
2402,0.00150036
2403,0.00150036
2404,0.00150036
2405,0.00150036
2406,0.00150036
2407,0.00150036
2408,0.00150036
2409,0.00150036
2410,0.00150036
2411,0.00150036
2412,0.00150036
2413,0.00150036
2414,0.00150036
2415,0.00150037
2416,0.00150037
2417,0.00150037
2418,0.00150195
2419,0.00150195
2420,0.00150037
2421,0.00150037
2422,0.00150037
2423,0.00150037
2424,0.00150037
2425,0.00150037
2426,0.00150036
2427,0.00150036
2428,0.00150036
2429,0.00150036
2430,0.00150036
2431,0.00150036
2432,0.00150036
2433,0.00150036
2434,0.00150036
2435,0.00150036
2436,0.00150683
2437,0.00150683
2438,0.00150683
2439,0.00150683
2440,0.00150683
2441,0.00150683
2442,0.00150683
2443,0.00149965
2444,0.00149965
2445,0.00149769
2446,0.00149769
2447,0.00149712
2448,0.00149265
2449,0.00149265
2450,0.00149265
2451,0.00149265
2452,0.00149265
2453,0.00149265
2454,0.00149265
2455,0.00148909
2456,0.0014856
2457,0.0014856
2458,0.0014856
2459,0.0014856
2460,0.0014856
2461,0.0014856
2462,0.0014856
2463,0.0014856
2464,0.0014856
2465,0.0014856
2466,0.0014856
2467,0.0014856
2468,0.0014856
2469,0.0014856
2470,0.0014856
2471,0.0014856
2472,0.0014856
2473,0.0014856
2474,0.0014856
2475,0.001485
2476,0.001485
2477,0.001485
2478,0.001485
2479,0.001485
2480,0.001485
2481,0.001485
2482,0.00148454
2483,0.00147937
2484,0.00147937
2485,0.00147937
2486,0.00147937
2487,0.00147937
2488,0.00147937
2489,0.00147937
2490,0.00147937
2491,0.00147937
2492,0.001475
2493,0.001475
2494,0.001475
2495,0.001475
2496,0.001475
2497,0.001475
2498,0.00147937
2499,0.00147937
2500,0.00147615
2501,0.00147615
2502,0.00147615
2503,0.00147615
2504,0.00147615
2505,0.00147615
2506,0.00147615
2507,0.00147615
2508,0.00147615
2509,0.00147615
2510,0.00147615
2511,0.00147615
2512,0.00147615
2513,0.00147615
2514,0.00147615
2515,0.00147615
2516,0.00147615
2517,0.00147615
2518,0.00147615
2519,0.001475
2520,0.001475
2521,0.001475
2522,0.001475
2523,0.001475
2524,0.001475
2525,0.001475
2526,0.001475
2527,0.001475
2528,0.001475
2529,0.001475
2530,0.00147937
2531,0.00147937
2532,0.00147937
2533,0.00147937
2534,0.001475
2535,0.001475
2536,0.00147938
2537,0.00147938
2538,0.00147938
2539,0.00147938
2540,0.00147938
2541,0.00147938
2542,0.00147938
2543,0.00147938
2544,0.00147938
2545,0.00147938
2546,0.00147938
2547,0.00147938
2548,0.00147938
2549,0.00147938
2550,0.00147938
2551,0.00147938
2552,0.00147938
2553,0.00147938
2554,0.00147938
2555,0.00147938
2556,0.00147938
2557,0.00147938
2558,0.00147938
2559,0.00147938
2560,0.00147938
2561,0.00147938
2562,0.00147939
2563,0.00147939
2564,0.00147
2565,0.00147
2566,0.00147
2567,0.00147
2568,0.00147
2569,0.00147
2570,0.00147
2571,0.00147
2572,0.00147939
2573,0.00147939
2574,0.00147939
2575,0.00147939
2576,0.00147939
2577,0.00147939
2578,0.00147939
2579,0.00147939
2580,0.00147939
2581,0.00147939
2582,0.00147939
2583,0.00147939
2584,0.00147939
2585,0.00147939
2586,0.00147939
2587,0.00148378
2588,0.00148378
2589,0.00148378
2590,0.00147001
2591,0.00147001
2592,0.00147001
2593,0.00148483
2594,0.00148378
2595,0.00148378
2596,0.00148378
2597,0.00147013
2598,0.00147013
2599,0.00145588
2600,0.00145588
2601,0.00145588
2602,0.00145588
2603,0.00145588
2604,0.00145588
2605,0.00145588
2606,0.00145588
2607,0.00145588
2608,0.00145643
2609,0.00145643
2610,0.00145643
2611,0.00145643
2612,0.00145643
2613,0.00145643
2614,0.00145643
2615,0.00145643
2616,0.00145643
2617,0.00145643
2618,0.00145882
2619,0.0014881
2620,0.0014881
2621,0.0014881
2622,0.00148801
2623,0.00148801
2624,0.00148801
2625,0.00148801
2626,0.00148801
2627,0.00145643
2628,0.00145643
2629,0.00145643
2630,0.00145643
2631,0.00145643
2632,0.00145643
2633,0.00145643
2634,0.00145643
2635,0.00145643
2636,0.00145643
2637,0.00145643
2638,0.00145643
2639,0.00145643
2640,0.00145643
2641,0.00145643
2642,0.00145643
2643,0.00145643
2644,0.00145643
2645,0.00145643
2646,0.00145643
2647,0.00148749
2648,0.00148749
2649,0.00148749
2650,0.00148749
2651,0.00148749
2652,0.00148749
2653,0.00147208
2654,0.00147208
2655,0.00147208
2656,0.00147208
2657,0.00147208
2658,0.00147208
2659,0.00147208
2660,0.00147208
2661,0.00147208
2662,0.0014839
2663,0.0014839
2664,0.0014839
2665,0.0014839
2666,0.0014839
2667,0.0014839
2668,0.0014839
2669,0.0014839
2670,0.0014839
2671,0.0014839
2672,0.00148763
2673,0.00148763
2674,0.00148763
2675,0.00148763
2676,0.00148763
2677,0.00148754
2678,0.00148754
2679,0.00148754
2680,0.00148754
2681,0.00148754
2682,0.00148754
2683,0.00148754
2684,0.00148754
2685,0.00148754
2686,0.00147833
2687,0.00147833
2688,0.00147833
2689,0.00147833
2690,0.00147833
2691,0.00147833
2692,0.00147833
2693,0.00147833
2694,0.00147833
2695,0.00147833
2696,0.00148813
2697,0.00148813
2698,0.00148813
2699,0.00148813
2700,0.00148813
2701,0.00148813
2702,0.00148813
2703,0.00148813
2704,0.00148813
2705,0.00148813
2706,0.00148813
2707,0.00148819
2708,0.00148819
2709,0.00148819
2710,0.00148819
2711,0.00148819
2712,0.00148819
2713,0.00148819
2714,0.00148819
2715,0.00148819
2716,0.00148819
2717,0.00148819
2718,0.00148819
2719,0.00148819
2720,0.00148819
2721,0.00148819
2722,0.00148819
2723,0.00148819
2724,0.00148819
2725,0.00148819
2726,0.00148819
2727,0.00148819
2728,0.00148819
2729,0.00148819
2730,0.00148819
2731,0.00148819
2732,0.00148819
2733,0.00149007
2734,0.00149007
2735,0.00149007
2736,0.00149007
2737,0.00149007
2738,0.00149007
2739,0.00149007
2740,0.00149007
2741,0.00149007
2742,0.00149007
2743,0.00149007
2744,0.00149007
2745,0.00149007
2746,0.00149048
2747,0.00149048
2748,0.00149048
2749,0.00149048
2750,0.00149048
2751,0.00149048
2752,0.00149048
2753,0.00149048
2754,0.00149048
2755,0.00149048
2756,0.00149048
2757,0.00149739
2758,0.00149739
2759,0.00149739
2760,0.00149739
2761,0.00149739
2762,0.00149739
2763,0.00149739
2764,0.00149739
2765,0.00149739
2766,0.00149739
2767,0.00149739
2768,0.00149739
2769,0.00149739
2770,0.00149739
2771,0.00149739
2772,0.00149739
2773,0.00149739
2774,0.00149739
2775,0.00149739
2776,0.00149739
2777,0.00149739
2778,0.00149739
2779,0.00149739
2780,0.00149739
2781,0.00149739
2782,0.00149739
2783,0.00149739
2784,0.00149739
2785,0.00150037
2786,0.00150037
2787,0.00150037
2788,0.00150037
2789,0.00150037
2790,0.00150037
2791,0.00150037
2792,0.00150037
2793,0.00150037
2794,0.00150037
2795,0.00150037
2796,0.00150037
2797,0.00150037
2798,0.00150037
2799,0.00150037
2800,0.00150037
2801,0.00150037
2802,0.00150037
2803,0.00150037
2804,0.00150037
2805,0.00150037
2806,0.00150266
2807,0.00150266
2808,0.00150266
2809,0.00150266
2810,0.00150037
2811,0.00150037
2812,0.00150037
2813,0.00150037
2814,0.00150037
2815,0.00150037
2816,0.00150037
2817,0.00150037
2818,0.00150037
2819,0.00150037
2820,0.00150037
2821,0.00150037
2822,0.00150266
2823,0.00150266
2824,0.00150266
2825,0.00150266
2826,0.00150266
2827,0.00150266
2828,0.00150303
2829,0.00150304
2830,0.00150304
2831,0.00150337
2832,0.00150337
2833,0.00150304
2834,0.00150304
2835,0.00150304
2836,0.00150304
2837,0.00150304
2838,0.00150304
2839,0.00150304
2840,0.00149805
2841,0.00149805
2842,0.00149805
2843,0.00150132
2844,0.00150132
2845,0.00150132
2846,0.00150132
2847,0.00150132
2848,0.00150132
2849,0.00150132
2850,0.00150132
2851,0.00150132
2852,0.00150132
2853,0.00150132
2854,0.00150132
2855,0.00150132
2856,0.00150132
2857,0.00150132
2858,0.00150132
2859,0.00150132
2860,0.00150132
2861,0.00150132
2862,0.00150132
2863,0.00150132
2864,0.00150132
2865,0.00150132
2866,0.00150132
2867,0.00150132
2868,0.00150132
2869,0.00150132
2870,0.00150132
2871,0.00150132
2872,0.00150132
2873,0.00150132
2874,0.00150132
2875,0.00150132
2876,0.00150132
2877,0.00150132
2878,0.00150132
2879,0.00150132
2880,0.00150132
2881,0.00150132
2882,0.00150132
2883,0.00150132
2884,0.00150132
2885,0.00150132
2886,0.00150132
2887,0.00150132
2888,0.00150132
2889,0.00150132
2890,0.00150132
2891,0.00150337
2892,0.00150337
2893,0.00150337
2894,0.00150337
2895,0.00150337
2896,0.00150337
2897,0.00150337
2898,0.00150337
2899,0.00150337
2900,0.00150337
2901,0.00150337
2902,0.00150337
2903,0.00150337
2904,0.00150337
2905,0.00150337
2906,0.00150337
2907,0.00149
2908,0.00149
2909,0.00149
2910,0.00149
2911,0.00149
2912,0.00149
2913,0.00149
2914,0.00148389
2915,0.00148389
2916,0.00148389
2917,0.00150325
2918,0.00150325
2919,0.00150325
2920,0.00150325
2921,0.00150325
2922,0.00150325
2923,0.00150325
2924,0.00150325
2925,0.00150297
2926,0.00150297
2927,0.00150297
2928,0.00150297
2929,0.00150297
2930,0.00150297
2931,0.00150297
2932,0.00150297
2933,0.00150297
2934,0.00150297
2935,0.00150297
2936,0.00150297
2937,0.00150297
2938,0.00148753
2939,0.00148753
2940,0.00148753
2941,0.00150248
2942,0.00150248
2943,0.00148754
2944,0.00148754
2945,0.00148754
2946,0.00148754
2947,0.00148754
2948,0.00148754
2949,0.00148754
2950,0.00148754
2951,0.00148754
2952,0.00148754
2953,0.00148754
2954,0.00148754
2955,0.00148754
2956,0.00148754
2957,0.00148754
2958,0.00148754
2959,0.00148754
2960,0.00148754
2961,0.00148754
2962,0.00148754
2963,0.00148754
2964,0.00148754
2965,0.00148754
2966,0.00148754
2967,0.00148754
2968,0.00148754
2969,0.00148754
2970,0.00148754
2971,0.00148754
2972,0.00148754
2973,0.00148754
2974,0.00148754
2975,0.00148754
2976,0.00148754
2977,0.00148754
2978,0.00148754
2979,0.00150318
2980,0.00150318
2981,0.00150206
2982,0.00150206
2983,0.00150312
2984,0.00150206
2985,0.00150206
2986,0.00150206
2987,0.00150206
2988,0.00150206
2989,0.00150206
2990,0.00150206
2991,0.00150206
2992,0.00150206
2993,0.00150206
2994,0.00150206
2995,0.00150206
2996,0.00150206
2997,0.00150206
2998,0.00150018
2999,0.00150018
3000,0.00150018
3001,0.00150018
3002,0.00150018
3003,0.00150018
3004,0.00150018
3005,0.00150018
3006,0.00150018
3007,0.00150018
3008,0.00150018
3009,0.00150018
3010,0.00150338
3011,0.00150338
3012,0.00150338
3013,0.00150338
3014,0.00150338
3015,0.00150338
3016,0.00150338
3017,0.00150338
3018,0.00150338
3019,0.00150338
3020,0.00150338
3021,0.00150338
3022,0.00150338
3023,0.00150338
3024,0.00150338
3025,0.00150338
3026,0.00150338
3027,0.00150338
3028,0.00150338
3029,0.00150338
3030,0.00150338
3031,0.00150338
3032,0.00150338
3033,0.00150338
3034,0.00150338
3035,0.00150338
3036,0.00150338
3037,0.00150338
3038,0.00150338
3039,0.00150338
3040,0.00150338
3041,0.00150338
3042,0.00150338
3043,0.00150338
3044,0.00150338
3045,0.00150338
3046,0.00150338
3047,0.00150338
3048,0.00150338
3049,0.00150338
3050,0.00150338
3051,0.00150338
3052,0.00150338
3053,0.00150338
3054,0.00150338
3055,0.00150338
3056,0.00150338
3057,0.00150338
3058,0.00150338
3059,0.00150338
3060,0.00150338
3061,0.00150338
3062,0.00150338
3063,0.00150338
3064,0.00150338
3065,0.00150338
3066,0.00150338
3067,0.00150556
3068,0.00150556
3069,0.00150556
3070,0.00150556
3071,0.00150556
3072,0.00150556
3073,0.00150556
3074,0.00150556
3075,0.00150556
3076,0.00150556
3077,0.00150556
3078,0.00150661
3079,0.00150661
3080,0.00150661
3081,0.00150661
3082,0.00150661
3083,0.00150661
3084,0.00150661
3085,0.00150661
3086,0.00150661
3087,0.00150661
3088,0.00150661
3089,0.00150661
3090,0.00150661
3091,0.00150661
3092,0.00150338
3093,0.0015
3094,0.0015
3095,0.0015
3096,0.0015
3097,0.00149757
3098,0.00149757
3099,0.00149757
3100,0.00149757
3101,0.00149757
3102,0.00149757
3103,0.00149757
3104,0.00149757
3105,0.00149757
3106,0.00149757
3107,0.00149757
3108,0.00149757
3109,0.00149757
3110,0.00149757
3111,0.00149757
3112,0.00149757
3113,0.00149757
3114,0.00149757
3115,0.00149757
3116,0.00149757
3117,0.00149757
3118,0.00149757
3119,0.00149757
3120,0.00149757
3121,0.00149757
3122,0.00149757
3123,0.00149757
3124,0.00149757
3125,0.00149757
3126,0.00149757
3127,0.00149757
3128,0.00149757
3129,0.00149757
3130,0.00149757
3131,0.00149757
3132,0.00149757
3133,0.00149757
3134,0.0015
3135,0.0015
3136,0.0015
3137,0.0015
3138,0.0015
3139,0.0015
3140,0.0015
3141,0.00149757
3142,0.00149757
3143,0.00149757
3144,0.00149757
3145,0.00149757
3146,0.00149757
3147,0.00149757
3148,0.00149757
3149,0.00149757
3150,0.0015
3151,0.0015
3152,0.0015
3153,0.0015
3154,0.0015
3155,0.0015
3156,0.0015
3157,0.0015
3158,0.0015
3159,0.0015
3160,0.0015
3161,0.0015
3162,0.00150679
3163,0.00150679
3164,0.00150679
3165,0.00150679
3166,0.00150679
3167,0.00150698
3168,0.00150698
3169,0.00150698
3170,0.00150698
3171,0.00150698
3172,0.00150698
3173,0.00150698
3174,0.00150698
3175,0.00150698
3176,0.00150698
3177,0.00150698
3178,0.00150698
3179,0.00150698
3180,0.00150698
3181,0.00150698
3182,0.00151568
3183,0.00151568
3184,0.00151568
3185,0.00151568
3186,0.00151568
3187,0.00151568
3188,0.00151568
3189,0.00151568
3190,0.00151568
3191,0.00151568
3192,0.00151568
3193,0.00151568
3194,0.00151568
3195,0.00151568
3196,0.00151568
3197,0.00151568
3198,0.00151568
3199,0.00151568
3200,0.00151568
3201,0.00151648
3202,0.00151648
3203,0.00151648
3204,0.00151648
3205,0.00151648
3206,0.00151648
3207,0.00151648
3208,0.00151706
3209,0.00151706
3210,0.00151706
3211,0.00151706
3212,0.00151706
3213,0.00151706
3214,0.00151706
3215,0.00151706
3216,0.00151706
3217,0.00151706
3218,0.00151706
3219,0.00151706
3220,0.00151706
3221,0.00151706
3222,0.00151706
3223,0.00151706
3224,0.00151706
3225,0.00152254
3226,0.00152254
3227,0.00152254
3228,0.00152254
3229,0.00152824
3230,0.00152824
3231,0.00152824
3232,0.00152824
3233,0.00152824
3234,0.00152824
3235,0.00152824
3236,0.00152824
3237,0.00152824
3238,0.00152824
3239,0.00152824
3240,0.00152824
3241,0.00152824
3242,0.00152824
3243,0.00152824
3244,0.00152824
3245,0.00152824
3246,0.00152824
3247,0.00152824
3248,0.00152824
3249,0.00152824
3250,0.00152824
3251,0.00152824
3252,0.00152824
3253,0.00152824
3254,0.00152824
3255,0.00153157
3256,0.00153157
3257,0.00153157
3258,0.00153157
3259,0.00153157
3260,0.00153157
3261,0.00153157
3262,0.00153157
3263,0.00153157
3264,0.00153157
3265,0.00153157
3266,0.00153157
3267,0.00153157
3268,0.00153157
3269,0.00153157
3270,0.00153157
3271,0.00153157
3272,0.00153157
3273,0.00153157
3274,0.00153157
3275,0.00153157
3276,0.00153157
3277,0.00153157
3278,0.00153157
3279,0.00153157
3280,0.00153157
3281,0.00153157
3282,0.00153157
3283,0.00153157
3284,0.00153157
3285,0.00153157
3286,0.00153157
3287,0.00153157
3288,0.00153157
3289,0.00153157
3290,0.00153157
3291,0.00153157
3292,0.00153157
3293,0.00153157
3294,0.00153157
3295,0.00153157
3296,0.00153157
3297,0.00153157
3298,0.00153157
3299,0.00153157
3300,0.00153157
3301,0.00153157
3302,0.00153157
3303,0.00153157
3304,0.00153157
3305,0.00153157
3306,0.00153157
3307,0.00153157
3308,0.00153157
3309,0.00153157
3310,0.00153157
3311,0.00153157
3312,0.00153157
3313,0.00153157
3314,0.00153157
3315,0.00153157
3316,0.00153157
3317,0.00153157
3318,0.00153158
3319,0.00153158
3320,0.00153627
3321,0.00153627
3322,0.00153627
3323,0.00154
3324,0.00154
3325,0.00154
3326,0.00154539
3327,0.00154539
3328,0.00154539
3329,0.00154539
3330,0.00154539
3331,0.00154539
3332,0.00154539
3333,0.00154539
3334,0.00154539
3335,0.00154539
3336,0.00154539
3337,0.00154539
3338,0.00154539
3339,0.00154539
3340,0.00154539
3341,0.00154539
3342,0.00154539
3343,0.00154539
3344,0.00154539
3345,0.00154539
3346,0.00154539
3347,0.00154539
3348,0.00154539
3349,0.00154539
3350,0.00154539
3351,0.00154539
3352,0.00154539
3353,0.00154539
3354,0.00154539
3355,0.00154539
3356,0.00154539
3357,0.00154539
3358,0.00154539
3359,0.00154539
3360,0.00154539
3361,0.00154539
3362,0.00154539
3363,0.00154539
3364,0.00154539
3365,0.00154539
3366,0.00154539
3367,0.00154539
3368,0.00154539
3369,0.00154539
3370,0.00154539
3371,0.00154539
3372,0.00154539
3373,0.00154539
3374,0.00154539
3375,0.00154539
3376,0.00154539
3377,0.00154539
3378,0.00154539
3379,0.00154539
3380,0.00154539
3381,0.00154539
3382,0.00154539
3383,0.00154539
3384,0.00154539
3385,0.00154539
3386,0.00154539
3387,0.00154539
3388,0.00154539
3389,0.00154539
3390,0.00154539
3391,0.00154539
3392,0.00154539
3393,0.00154539
3394,0.00154539
3395,0.00154539
3396,0.00154539
3397,0.00154539
3398,0.00154539
3399,0.00154539
3400,0.00154539
3401,0.00154539
3402,0.00154539
3403,0.00154539
3404,0.00154539
3405,0.00154539
3406,0.00154539
3407,0.00154539
3408,0.00154539
3409,0.00154539
3410,0.00154313
3411,0.00154305
3412,0.00153157
3413,0.00153157
3414,0.00153157
3415,0.00153157
3416,0.00153157
3417,0.00153157
3418,0.00153157
3419,0.00153157
3420,0.00153157
3421,0.00153157
3422,0.00153157
3423,0.00153157
3424,0.00153157
3425,0.00153157
3426,0.00153157
3427,0.00153157
3428,0.00153157
3429,0.00153157
3430,0.00153157
3431,0.00153157
3432,0.00153157
3433,0.00153157
3434,0.00153157
3435,0.00153176
3436,0.00153176
3437,0.00153176
3438,0.00153176
3439,0.00153176
3440,0.00153176
3441,0.00153176
3442,0.00153176
3443,0.00153176
3444,0.00153176
3445,0.00153176
3446,0.00153176
3447,0.00153176
3448,0.00153165
3449,0.00153165
3450,0.00153165
3451,0.00153165
3452,0.00153164
3453,0.00153164
3454,0.00153164
3455,0.00153164
3456,0.00153164
3457,0.00153164
3458,0.00153164
3459,0.00153164
3460,0.00153164
3461,0.00153164
3462,0.00153164
3463,0.00153164
3464,0.00153164
3465,0.00153164
3466,0.00153164
3467,0.00153164
3468,0.00153164
3469,0.00153164
3470,0.00153164
3471,0.00153164
3472,0.00153164
3473,0.00153164
3474,0.00153164
3475,0.00153164
3476,0.00153164
3477,0.00153164
3478,0.00153164
3479,0.00153164
3480,0.00153164
3481,0.00153164
3482,0.00153164
3483,0.00153164
3484,0.00153164
3485,0.00153164
3486,0.00153164
3487,0.00153164
3488,0.00153164
3489,0.00153164
3490,0.00153157
3491,0.00153157
3492,0.00153157
3493,0.00153157
3494,0.00153157
3495,0.00153157
3496,0.00153157
3497,0.00153157
3498,0.00153157
3499,0.00153157
3500,0.00153157
3501,0.00153157
3502,0.00153157
3503,0.00153157
3504,0.00153157
3505,0.00153157
3506,0.00153157
3507,0.00153157
3508,0.00153157
3509,0.00153157
3510,0.00153157
3511,0.00153157
3512,0.00153157
3513,0.00153157
3514,0.00153164
3515,0.00153164
3516,0.00153164
3517,0.00153164
3518,0.00153164
3519,0.00153157
3520,0.00153157
3521,0.00153076
3522,0.00153076
3523,0.00153076
3524,0.00153076
3525,0.00153076
3526,0.00153076
3527,0.00153076
3528,0.00153076
3529,0.00153076
3530,0.00153076
3531,0.00153076
3532,0.00153076
3533,0.00153076
3534,0.00153076
3535,0.00153076
3536,0.00153076
3537,0.00153076
3538,0.00153076
3539,0.00153076
3540,0.00153164
3541,0.00153164
3542,0.00153164
3543,0.00153164
3544,0.00153164
3545,0.00153164
3546,0.00153164
3547,0.00153164
3548,0.00153164
3549,0.00153164
3550,0.00153164
3551,0.00153164
3552,0.00153164
3553,0.00153164
3554,0.00153164
3555,0.00153164
3556,0.00153164
3557,0.00153164
3558,0.00153164
3559,0.00153164
3560,0.00153164
3561,0.00153164
3562,0.00153164
3563,0.00153164
3564,0.00153164
3565,0.00153164
3566,0.00153164
3567,0.00153164
3568,0.00153164
3569,0.00153164
3570,0.00153164
3571,0.00153164
3572,0.00153164
3573,0.00153164
3574,0.00153164
3575,0.00153164
3576,0.00153164
3577,0.00153164
3578,0.00153164
3579,0.00153164
3580,0.00153164
3581,0.00153164
3582,0.00153164
3583,0.00153164
3584,0.00153164
3585,0.00153164
3586,0.00153164
3587,0.00153164
3588,0.00153164
3589,0.00153164
3590,0.00153164
3591,0.00153164
3592,0.00153164
3593,0.00153164
3594,0.00153164
3595,0.00153164
3596,0.00153164
3597,0.00153164
3598,0.00153164
3599,0.00153164
3600,0.00153164
3601,0.00153164
3602,0.00153164
3603,0.00153164
3604,0.00153164
3605,0.00153164
3606,0.00153164
3607,0.00153164
3608,0.00153164
3609,0.00153164
3610,0.00153164
3611,0.00153164
3612,0.00153164
3613,0.00153164
3614,0.00153164
3615,0.00153164
3616,0.00153164
3617,0.00153164
3618,0.00153164
3619,0.00153164
3620,0.00153164
3621,0.00153164
3622,0.00153164
3623,0.00153164
3624,0.00153164
3625,0.00153164
3626,0.00153164
3627,0.00153164
3628,0.00153164
3629,0.00153164
3630,0.00153164
3631,0.00153164
3632,0.00153164
3633,0.00153164
3634,0.00153164
3635,0.00153164
3636,0.00153164
3637,0.00153164
3638,0.00153164
3639,0.00153164
3640,0.00153164
3641,0.00153164
3642,0.00153164
3643,0.00153164
3644,0.00153164
3645,0.00153164
3646,0.00153164
3647,0.00153164
3648,0.00153164
3649,0.00153164
3650,0.00153164
3651,0.00153164
3652,0.00153164
3653,0.00153164
3654,0.00153164
3655,0.00153164
3656,0.00153164
3657,0.00153164
3658,0.00153164
3659,0.00153164
3660,0.00153164
3661,0.00153164
3662,0.00153164
3663,0.00153164
3664,0.00153164
3665,0.00153164
3666,0.00153164
3667,0.00153164
3668,0.00153164
3669,0.00153164
3670,0.00153164
3671,0.00153164
3672,0.00153164
3673,0.00153164
3674,0.00153164
3675,0.00153163
3676,0.00153163
3677,0.00153163
3678,0.00153163
3679,0.00153163
3680,0.00153163
3681,0.00153163
3682,0.00153163
3683,0.00153163
3684,0.00153163
3685,0.00153163
3686,0.00153163
3687,0.00153163
3688,0.00153076
3689,0.00153076
3690,0.00153076
3691,0.00153076
3692,0.00153076
3693,0.00153164
3694,0.00153164
3695,0.00153164
3696,0.00153164
3697,0.00153164
3698,0.00153164
3699,0.00153164
3700,0.00153164
3701,0.00153164
3702,0.00153164
3703,0.00153163
3704,0.00153163
3705,0.00153163
3706,0.00153163
3707,0.00153163
3708,0.00153163
3709,0.00153163
3710,0.00153163
3711,0.00153163
3712,0.00153
3713,0.00153
3714,0.00153
3715,0.00153
3716,0.00153
3717,0.00153
3718,0.00153
3719,0.00153
3720,0.00153
3721,0.00153
3722,0.00153
3723,0.00153
3724,0.00153
3725,0.00153
3726,0.00153
3727,0.00153
3728,0.00153
3729,0.00153
3730,0.00153
3731,0.00153
3732,0.00153
3733,0.00153
3734,0.00153
3735,0.00153
3736,0.00153
3737,0.00153
3738,0.00153
3739,0.00153
3740,0.00153
3741,0.00153
3742,0.00153
3743,0.00153
3744,0.00153
3745,0.00153
3746,0.00153
3747,0.00153
3748,0.00153
3749,0.00153
3750,0.00153
3751,0.00153
3752,0.00153
3753,0.00153
3754,0.00153
3755,0.00153
3756,0.00153
3757,0.00153
3758,0.00153
3759,0.00153
3760,0.00153
3761,0.00153
3762,0.00153
3763,0.00152254
3764,0.00152254
3765,0.00152254
3766,0.00152254
3767,0.00152254
3768,0.00152254
3769,0.00152254
3770,0.00152254
3771,0.00152254
3772,0.00152254
3773,0.00152254
3774,0.00152254
3775,0.00152254
3776,0.00152254
3777,0.00152254
3778,0.00152254
3779,0.00152254
3780,0.00152254
3781,0.00152254
3782,0.00152254
3783,0.00152254
3784,0.00152254
3785,0.00153163
3786,0.00153163
3787,0.00153163
3788,0.00153163
3789,0.00153163
3790,0.00153163
3791,0.00153163
3792,0.00153163
3793,0.00153163
3794,0.00153163
3795,0.00153163
3796,0.00153163
3797,0.00153163
3798,0.00153163
3799,0.00153163
3800,0.00153163
3801,0.00153163
3802,0.00153163
3803,0.00153163
3804,0.00153163
3805,0.00153163
3806,0.00153163
3807,0.00153163
3808,0.00153163
3809,0.00153163
3810,0.00153163
3811,0.00152254
3812,0.00152254
3813,0.00152254
3814,0.00152254
3815,0.00152254
3816,0.00152254
3817,0.00152254
3818,0.00152254
3819,0.00152254
3820,0.00152254
3821,0.00152254
3822,0.00152254
3823,0.00152254
3824,0.00152254
3825,0.00152254
3826,0.001525
3827,0.001525
3828,0.001525
3829,0.001525
3830,0.001525
3831,0.001525
3832,0.001525
3833,0.001525
3834,0.001525
3835,0.001525
3836,0.001525
3837,0.001525
3838,0.001525
3839,0.001525
3840,0.001525
3841,0.001525
3842,0.001525
3843,0.001525
3844,0.001525
3845,0.001525
3846,0.001525
3847,0.001525
3848,0.001525
3849,0.001525
3850,0.001525
3851,0.001525
3852,0.001525
3853,0.001525
3854,0.001525
3855,0.001525
3856,0.001525
3857,0.001525
3858,0.001525
3859,0.001525
3860,0.001525
3861,0.001525
3862,0.001525
3863,0.001525
3864,0.001525
3865,0.001525
3866,0.001525
3867,0.001525
3868,0.001525
3869,0.001525
3870,0.001525
3871,0.001525
3872,0.001525
3873,0.001525
3874,0.001525
3875,0.00152254
3876,0.00152254
3877,0.00152254
3878,0.00152254
3879,0.00152254
3880,0.00152254
3881,0.00152254
3882,0.00152254
3883,0.00152254
3884,0.00152254
3885,0.00152254
3886,0.00152254
3887,0.00152254
3888,0.00152254
3889,0.00152254
3890,0.00152254
3891,0.00152254
3892,0.00152254
3893,0.00152254
3894,0.00152254
3895,0.00152254
3896,0.00152254
3897,0.00152254
3898,0.00152254
3899,0.00152254
3900,0.00152254
3901,0.00152254
3902,0.00152254
3903,0.00152254
3904,0.00152254
3905,0.00152254
3906,0.00152254
3907,0.00152254
3908,0.00152254
3909,0.00152254
3910,0.00152254
3911,0.00149087
3912,0.00149087
3913,0.00149087
3914,0.00149087
3915,0.00149087
3916,0.00149087
3917,0.00149087
3918,0.00149087
3919,0.00149087
3920,0.00149087
3921,0.00149087
3922,0.00149087
3923,0.00149087
3924,0.00149087
3925,0.00149087
3926,0.00149087
3927,0.00149087
3928,0.00149087
3929,0.00149087
3930,0.00149087
3931,0.00149087
3932,0.00149087
3933,0.00149087
3934,0.00149087
3935,0.00149087
3936,0.00149087
3937,0.00149087
3938,0.00149087
3939,0.00149087
3940,0.00149087
3941,0.00149087
3942,0.00149087
3943,0.00149087
3944,0.00149087
3945,0.001518
3946,0.001518
3947,0.001518
3948,0.001518
3949,0.001518
3950,0.001518
3951,0.001518
3952,0.00151923
3953,0.00151923
3954,0.00151923
3955,0.00151923
3956,0.00151923
3957,0.00151923
3958,0.00151923
3959,0.00151923
3960,0.00151923
3961,0.00151923
3962,0.00151923
3963,0.00151923
3964,0.00151923
3965,0.00151923
3966,0.00151923
3967,0.00151923
3968,0.00151923
3969,0.00151923
3970,0.00151923
3971,0.00151923
3972,0.00151923
3973,0.00151923
3974,0.00151923
3975,0.00151923
3976,0.00151961
3977,0.00151961
3978,0.00151961
3979,0.00151961
3980,0.00151961
3981,0.00151961
3982,0.00151961
3983,0.00151961
3984,0.00152495
3985,0.00152495
3986,0.00152495
3987,0.00152495
3988,0.00152495
3989,0.00152495
3990,0.00152495
3991,0.00152495
3992,0.00152495
3993,0.00152495
3994,0.00152495
3995,0.00152495
3996,0.00152495
3997,0.00152495
3998,0.00152495
3999,0.00152
4000,0.00152
4001,0.00152
4002,0.00152
4003,0.00152
4004,0.00152
4005,0.00152498
4006,0.00152498
4007,0.00152498
4008,0.00152498
4009,0.00152498
4010,0.00152497
4011,0.00152497
4012,0.001525
4013,0.001525
4014,0.001525
4015,0.001525
4016,0.001525
4017,0.001525
4018,0.001525
4019,0.001525
4020,0.00152499
4021,0.00152499
4022,0.00152498
4023,0.00152498
4024,0.00152498
4025,0.00152498
4026,0.00152498
4027,0.00152498
4028,0.00152498
4029,0.00152498
4030,0.00152498
4031,0.00152498
4032,0.00152498
4033,0.00152498
4034,0.00152498
4035,0.001525
4036,0.00152841
4037,0.00152841
4038,0.00152841
4039,0.00152841
4040,0.00152841
4041,0.00152841
4042,0.00152841
4043,0.001527
4044,0.001527
4045,0.001527
4046,0.001527
4047,0.00153162
4048,0.00153162
4049,0.00153162
4050,0.00153162
4051,0.00153162
4052,0.00153162
4053,0.001525
4054,0.001525
4055,0.001525
4056,0.001525
4057,0.001525
4058,0.001525
4059,0.00153163
4060,0.00153163
4061,0.00153163
4062,0.00153163
4063,0.00153163
4064,0.00153163
4065,0.00153163
4066,0.00153163
4067,0.00153163
4068,0.00153163
4069,0.00153163
4070,0.00153163
4071,0.00153163
4072,0.0015471
4073,0.00154708
4074,0.00154708
4075,0.00154704
4076,0.00154704
4077,0.00154704
4078,0.00154704
4079,0.00154704
4080,0.00154704
4081,0.00154704
4082,0.00154704
4083,0.00153278
4084,0.00153278
4085,0.00153278
4086,0.00153278
4087,0.00153278
4088,0.00153278
4089,0.00152251
4090,0.00152251
4091,0.00152251
4092,0.00152251
4093,0.00152251
4094,0.00152251
4095,0.0015467
4096,0.0015467
4097,0.0015467
4098,0.0015467
4099,0.0015467
4100,0.0015467
4101,0.0015467
4102,0.0015467
4103,0.0015467
4104,0.0015467
4105,0.0015467
4106,0.0015467
4107,0.0015467
4108,0.0015467
4109,0.00154572
4110,0.00154572
4111,0.00154572
4112,0.00154572
4113,0.00154572
4114,0.00154572
4115,0.00154572
4116,0.00154572
4117,0.00154572
4118,0.00154572
4119,0.00154572
4120,0.00154572
4121,0.00154572
4122,0.00154572
4123,0.00154572
4124,0.00154572
4125,0.00154572
4126,0.00154572
4127,0.00154572
4128,0.00154572
4129,0.00154572
4130,0.00154572
4131,0.00154572
4132,0.00154572
4133,0.001537
4134,0.001537
4135,0.001537
4136,0.001537
4137,0.001537
4138,0.001537
4139,0.001537
4140,0.001537
4141,0.001537
4142,0.001537
4143,0.001537
4144,0.001537
4145,0.001537
4146,0.001535
4147,0.001535
4148,0.001535
4149,0.001535
4150,0.001535
4151,0.001535
4152,0.001535
4153,0.001535
4154,0.001535
4155,0.001535
4156,0.001535
4157,0.001535
4158,0.001535
4159,0.001535
4160,0.001535
4161,0.001535
4162,0.001535
4163,0.001535
4164,0.001535
4165,0.001535
4166,0.001535
4167,0.001535
4168,0.001535
4169,0.001535
4170,0.001535
4171,0.001535
4172,0.001535
4173,0.001535
4174,0.001535
4175,0.00154704
4176,0.00154704
4177,0.00154704
4178,0.00154704
4179,0.00154704
4180,0.00154704
4181,0.00154704
4182,0.00154704
4183,0.00154704
4184,0.00154704
4185,0.00154704
4186,0.00154704
4187,0.00154704
4188,0.00154704
4189,0.00155157
4190,0.00155157
4191,0.00155157
4192,0.00155157
4193,0.00155157
4194,0.00155171
4195,0.00154704
4196,0.00154704
4197,0.00154704
4198,0.00154704
4199,0.00154704
4200,0.00154704
4201,0.00154704
4202,0.00154704
4203,0.00154704
4204,0.00154704
4205,0.00154704
4206,0.00154704
4207,0.00154704
4208,0.00154704
4209,0.00154704
4210,0.00154704
4211,0.00154704
4212,0.00154704
4213,0.00154704
4214,0.00154704
4215,0.00154704
4216,0.00154704
4217,0.00154704
4218,0.00154704
4219,0.00154704
4220,0.00154704
4221,0.00154704
4222,0.00155272
4223,0.00155272
4224,0.0015582
4225,0.0015582
4226,0.0015582
4227,0.0015582
4228,0.0015582
4229,0.0015582
4230,0.0015582
4231,0.0015582
4232,0.0015582
4233,0.0015582
4234,0.0015582
4235,0.00155271
4236,0.00155271
4237,0.00155271
4238,0.00155271
4239,0.00155271
4240,0.00155271
4241,0.00155271
4242,0.00155271
4243,0.00155271
4244,0.00155271
4245,0.00155271
4246,0.00155271
4247,0.00155271
4248,0.00155271
4249,0.00155271
4250,0.00155271
4251,0.00155271
4252,0.00155271
4253,0.00155271
4254,0.00155271
4255,0.00155271
4256,0.00155271
4257,0.00155271
4258,0.00155271
4259,0.00155271
4260,0.00155271
4261,0.00155271
4262,0.00155271
4263,0.00155271
4264,0.00154708
4265,0.00154708
4266,0.00154708
4267,0.00154708
4268,0.00155281
4269,0.00155281
4270,0.00155281
4271,0.00155281
4272,0.00155281
4273,0.00155281
4274,0.00155281
4275,0.00155281
4276,0.00155281
4277,0.00155281
4278,0.001558
4279,0.001558
4280,0.001558
4281,0.001558
4282,0.001558
4283,0.001558
