0,0.50358611
1,0.50358611
2,0.50358611
3,0.50358611
4,0.50358611
5,0.50358611
6,0.50358611
7,0.50358611
8,0.50358611
9,0.50358611
10,0.50358611
11,0.50358611
12,0.50358611
13,0.50358611
14,0.50358611
15,0.50358611
16,0.50358611
17,0.50358611
18,0.50358611
19,0.50358611
20,0.50358611
21,0.50358611
22,0.50358611
23,0.50358611
24,0.50358611
25,0.50358611
26,0.50358611
27,0.50358611
28,0.50358611
29,0.50358611
30,0.50358611
31,0.50358611
32,0.50358611
33,0.50358611
34,0.50358611
35,0.50358611
36,0.50358611
37,0.50358611
38,0.50358611
39,0.50358611
40,0.50358611
41,0.50358611
42,0.50358611
43,0.50358611
44,0.50144538
45,0.50144538
46,0.50144538
47,0.50144538
48,0.50144538
49,0.50396604
50,0.50396604
51,0.50396604
52,0.50396604
53,0.50396604
54,0.50396604
55,0.50396604
56,0.50396604
57,0.50396604
58,0.50396604
59,0.50396604
60,0.50396604
61,0.50396604
62,0.50396604
63,0.50396604
64,0.50396604
65,0.50396604
66,0.50396604
67,0.50396604
68,0.50396604
69,0.50396604
70,0.50396604
71,0.50396604
72,0.50396605
73,0.50396605
74,0.50396605
75,0.50396605
76,0.50396605
77,0.50396605
78,0.50396605
79,0.50396605
80,0.50396605
81,0.50396605
82,0.50396605
83,0.50396605
84,0.50396605
85,0.50396605
86,0.50396605
87,0.50396605
88,0.50396605
89,0.50396605
90,0.50396605
91,0.50396605
92,0.50396605
93,0.50396605
94,0.50396605
95,0.50396605
96,0.50396605
97,0.50396605
98,0.50396605
99,0.50160146
100,0.50160146
101,0.50160146
102,0.50160146
103,0.50160146
104,0.50160146
105,0.50160146
106,0.50160146
107,0.50160146
108,0.50747133
109,0.50747133
110,0.50747133
111,0.50747133
112,0.50747133
113,0.50747133
114,0.50747133
115,0.50747133
116,0.50747133
117,0.50747133
118,0.50747133
119,0.50747133
120,0.50747133
121,0.50749016
122,0.50749016
123,0.50749016
124,0.50749016
125,0.50749016
126,0.50749016
127,0.50749016
128,0.50749016
129,0.50749016
130,0.50749016
131,0.50749016
132,0.50749016
133,0.50749016
134,0.50749016
135,0.50749016
136,0.50749016
137,0.50749016
138,0.50749016
139,0.50749016
140,0.50749016
141,0.50749016
142,0.50749016
143,0.50749016
144,0.50749016
145,0.50749016
146,0.50749016
147,0.50749016
148,0.50749016
149,0.50749016
150,0.50749016
151,0.50749016
152,0.50749016
153,0.50749016
154,0.50749016
155,0.50749016
156,0.50749016
157,0.50749016
158,0.50749016
159,0.50749016
160,0.50749016
161,0.50749016
162,0.50749016
163,0.50749016
164,0.50749016
165,0.50749016
166,0.50749016
167,0.50749016
168,0.50749016
169,0.51016376
170,0.51016376
171,0.51016376
172,0.51016376
173,0.51016376
174,0.51016376
175,0.51016376
176,0.51016376
177,0.51016376
178,0.51016376
179,0.51016376
180,0.51016376
181,0.51016376
182,0.51016376
183,0.51016376
184,0.51016376
185,0.51016376
186,0.51016376
187,0.51016376
188,0.51016376
189,0.51016376
190,0.51016376
191,0.51016376
192,0.51016376
193,0.51016376
194,0.51016376
195,0.51016376
196,0.51016376
197,0.51016376
198,0.51016376
199,0.51016376
200,0.51016376
201,0.51016376
202,0.51016376
203,0.51016376
204,0.51212185
205,0.51212185
206,0.51212185
207,0.51212185
208,0.51212185
209,0.51212185
210,0.51212185
211,0.51212185
212,0.51212185
213,0.51212185
214,0.51212185
215,0.51212185
216,0.51212185
217,0.51212185
218,0.51212185
219,0.51212185
220,0.51212185
221,0.51212185
222,0.51212185
223,0.51212185
224,0.51212185
225,0.51212185
226,0.51212185
227,0.51212185
228,0.51212185
229,0.51212185
230,0.51212185
231,0.51212185
232,0.51212185
233,0.51212185
234,0.51212185
235,0.51212185
236,0.51212185
237,0.51212185
238,0.51212185
239,0.51212185
240,0.51212185
241,0.51212185
242,0.51212185
243,0.51212185
244,0.51212185
245,0.51212185
246,0.51212185
247,0.51212185
248,0.51212185
249,0.51016376
250,0.51016376
251,0.51016376
252,0.51016376
253,0.51016376
254,0.51016376
255,0.51016376
256,0.5057999
257,0.5057999
258,0.5057999
259,0.5057999
260,0.5057999
261,0.5057999
262,0.5057999
263,0.5057999
264,0.5057999
265,0.5057999
266,0.5057999
267,0.5057999
268,0.5057999
269,0.5057999
270,0.5057999
271,0.5057999
272,0.5057999
273,0.5057999
274,0.5057999
275,0.5057999
276,0.5057999
277,0.5057999
278,0.5057999
279,0.5057999
280,0.5057999
281,0.5057999
282,0.5057999
283,0.5057999
284,0.5057999
285,0.5057999
286,0.5057999
287,0.5057999
288,0.5057999
289,0.5057999
290,0.5057999
291,0.5057999
292,0.5057999
293,0.5057999
294,0.5057999
295,0.5057999
296,0.5057999
297,0.5057999
298,0.5057999
299,0.5057999
300,0.5057999
301,0.5057999
302,0.5057999
303,0.5057999
304,0.5057999
305,0.5057999
306,0.5057999
307,0.5057999
308,0.5057999
309,0.5057999
310,0.5057999
311,0.5057999
312,0.5057999
313,0.5057999
314,0.5057999
315,0.5057999
316,0.5057999
317,0.5057999
318,0.5057999
319,0.5057999
320,0.5057999
321,0.5057999
322,0.5057999
323,0.5057999
324,0.5057999
325,0.5057999
326,0.5057999
327,0.5057999
328,0.5057999
329,0.5057999
330,0.5057999
331,0.5057999
332,0.5057999
333,0.5057999
334,0.5057999
335,0.5057999
336,0.5057999
337,0.5057999
338,0.5057999
339,0.5057999
340,0.5057999
341,0.5057999
342,0.5057999
343,0.5057999
344,0.5057999
345,0.5057999
346,0.5057999
347,0.5057999
348,0.5057999
349,0.5057999
350,0.5057999
351,0.5057999
352,0.5057999
353,0.5057999
354,0.5057999
355,0.5057999
356,0.5057999
357,0.5057999
358,0.5057999
359,0.51140378
360,0.51140378
361,0.51140378
362,0.51140378
363,0.51140378
364,0.51140378
365,0.51140378
366,0.51140378
367,0.51140378
368,0.51140378
369,0.51140378
370,0.51140378
371,0.51140378
372,0.50706757
373,0.50706757
374,0.50706757
375,0.50706757
376,0.50706757
377,0.50706757
378,0.50706757
379,0.50706757
380,0.50706757
381,0.50706757
382,0.50706757
383,0.50706757
384,0.50706757
385,0.50706757
386,0.50706757
387,0.50706757
388,0.50706757
389,0.50706757
390,0.50706757
391,0.50706757
392,0.50706757
393,0.50706757
394,0.50706757
395,0.50706757
396,0.50706757
397,0.50706757
398,0.50706757
399,0.50706757
400,0.50706757
401,0.50706757
402,0.50706757
403,0.50706757
404,0.50706757
405,0.50706757
406,0.50706757
407,0.50706757
408,0.50706757
409,0.50706757
410,0.50706757
411,0.50706757
412,0.50706757
413,0.50706757
414,0.50706757
415,0.50706757
416,0.50706757
417,0.50706757
418,0.50706757
419,0.50706757
420,0.50706757
421,0.50706757
422,0.50706757
423,0.50706757
424,0.50706757
425,0.50706757
426,0.50706757
427,0.50706757
428,0.50706757
429,0.50706757
430,0.50706757
431,0.50706757
432,0.50706757
433,0.50706757
434,0.50706757
435,0.50706757
436,0.50706757
437,0.50706757
438,0.50706757
439,0.50706757
440,0.50706757
441,0.50706757
442,0.50706757
443,0.50706757
444,0.50706757
445,0.50706757
446,0.50706757
447,0.50706757
448,0.50706757
449,0.50706757
450,0.50706757
451,0.50706757
452,0.50706757
453,0.50706757
454,0.50706757
455,0.50706757
456,0.50707
457,0.50707
458,0.50707
459,0.50707
460,0.50707
461,0.50707
462,0.50707
463,0.50706757
464,0.50706757
465,0.50706757
466,0.50706757
467,0.50706757
468,0.50706757
469,0.50706757
470,0.50588897
471,0.50588897
472,0.50588897
473,0.50588897
474,0.50588897
475,0.50588897
476,0.50588897
477,0.50588897
478,0.50588897
479,0.50588897
480,0.50588897
481,0.50588897
482,0.50588897
483,0.50588897
484,0.50588897
485,0.50588897
486,0.50588897
487,0.50588897
488,0.50588897
489,0.50588897
490,0.50588897
491,0.50588897
492,0.50588897
493,0.50588897
494,0.50588897
495,0.50588897
496,0.50588897
497,0.50588897
498,0.50588897
499,0.50588897
500,0.50588897
501,0.50588897
502,0.50588897
503,0.50588897
504,0.50588897
505,0.50588897
506,0.50588897
507,0.50588897
508,0.50588897
509,0.50588897
510,0.50588897
511,0.50588897
512,0.50588897
513,0.50588897
514,0.50588888
515,0.50588888
516,0.50588888
517,0.50588888
518,0.50588888
519,0.50588888
520,0.50588888
521,0.50588888
522,0.50588888
523,0.50588888
524,0.50588888
525,0.50588888
526,0.50588888
527,0.51012355
528,0.50588888
529,0.50588888
530,0.50588888
531,0.50588888
532,0.50588888
533,0.50588888
534,0.50588888
535,0.50588888
536,0.50588888
537,0.50588888
538,0.50588888
539,0.50588888
540,0.50588888
541,0.50588888
542,0.50296586
543,0.50296586
544,0.50588888
545,0.50588888
546,0.50588888
547,0.50588888
548,0.50588888
549,0.50588888
550,0.50588888
551,0.50588888
552,0.50588888
553,0.50588888
554,0.50588888
555,0.50588888
556,0.50588888
557,0.50588888
558,0.50588888
559,0.50588888
560,0.50588888
561,0.50588888
562,0.50588888
563,0.50588888
564,0.50588888
565,0.50588888
566,0.50588888
567,0.50588888
568,0.50588888
569,0.50588888
570,0.50588888
571,0.50588888
572,0.50588888
573,0.50588888
574,0.50588888
575,0.50588888
576,0.50588888
577,0.50588888
578,0.50588888
579,0.50588888
580,0.50588888
581,0.50588888
582,0.50588888
583,0.50588888
584,0.50588888
585,0.50588888
586,0.50588888
587,0.50588888
588,0.50588888
589,0.50588888
590,0.5016351
591,0.5016351
592,0.5016351
593,0.50163524
594,0.50163524
595,0.50163524
596,0.50163524
597,0.50163524
598,0.50163524
599,0.50163524
600,0.50163524
601,0.50163524
602,0.50163524
603,0.50163524
604,0.50163524
605,0.50163524
606,0.50163524
607,0.50163524
608,0.50163524
609,0.50163524
610,0.50163524
611,0.50163524
612,0.50163524
613,0.50163524
614,0.50163524
615,0.50163524
616,0.50163524
617,0.50163524
618,0.50163524
619,0.50163524
620,0.50163524
621,0.50163524
622,0.50163524
623,0.50163524
624,0.50163524
625,0.50163524
626,0.50163524
627,0.50163524
628,0.50163524
629,0.50163524
630,0.50163524
631,0.50163524
632,0.50144577
633,0.50588887
634,0.50588887
635,0.50588887
636,0.50588887
637,0.50588887
638,0.50588887
639,0.50588887
640,0.50588887
641,0.50588887
642,0.50588887
643,0.50588887
644,0.50588887
645,0.50588887
646,0.50588887
647,0.50588887
648,0.50588887
649,0.50588887
650,0.50588887
651,0.50588887
652,0.50588887
653,0.50588887
654,0.50588887
655,0.50588887
656,0.50588887
657,0.50588887
658,0.50588887
659,0.50588887
660,0.50588887
661,0.50588887
662,0.50588887
663,0.50588887
664,0.50588887
665,0.50588887
666,0.50588887
667,0.50588887
668,0.50588887
669,0.50588887
670,0.50588887
671,0.50588887
672,0.50588887
673,0.50588887
674,0.50588887
675,0.50588887
676,0.50588887
677,0.50588887
678,0.50588887
679,0.50588887
680,0.50588887
681,0.50588887
682,0.50588887
683,0.50588887
684,0.50588887
685,0.50588887
686,0.50588887
687,0.50588887
688,0.50588887
689,0.50588887
690,0.50588887
691,0.50588887
692,0.50588887
693,0.50588887
694,0.50588887
695,0.50588887
696,0.50588887
697,0.50588887
698,0.50588887
699,0.50588887
700,0.50588887
701,0.50588887
702,0.50588887
703,0.50144562
704,0.50144562
705,0.50144562
706,0.50144562
707,0.50144562
708,0.50144562
709,0.50144562
710,0.50144562
711,0.50144562
712,0.50144562
713,0.50144562
714,0.50144562
715,0.50144562
716,0.50144562
717,0.50144562
718,0.50144562
719,0.50144562
720,0.50144562
721,0.50144562
722,0.50144562
723,0.50144562
724,0.50144562
725,0.50144562
726,0.50144562
727,0.50144562
728,0.50144562
729,0.50144562
730,0.50144562
731,0.50144562
732,0.50144562
733,0.50144562
734,0.50144562
735,0.50144562
736,0.50144562
737,0.50144562
738,0.50144562
739,0.50144562
740,0.50144562
741,0.50144562
742,0.50144562
743,0.50144562
744,0.50144562
745,0.50144562
746,0.50144562
747,0.50144562
748,0.50144562
749,0.50144562
750,0.50144562
751,0.50144562
752,0.50144562
753,0.50144562
754,0.50144562
755,0.50144562
756,0.50144562
757,0.50144562
758,0.50588837
759,0.50588837
760,0.50588837
761,0.50588837
762,0.50588837
763,0.50588837
764,0.50588837
765,0.50588837
766,0.50588837
767,0.50588837
768,0.50588837
769,0.50588837
770,0.50588837
771,0.50588837
772,0.50588837
773,0.50588837
774,0.50588837
775,0.50588837
776,0.50588837
777,0.50588837
778,0.50588837
779,0.50588837
780,0.50588837
781,0.50588837
782,0.50588837
783,0.50588837
784,0.50588837
785,0.50588837
786,0.50588837
787,0.50588837
788,0.50588837
789,0.50588837
790,0.50588837
791,0.50588837
792,0.50588837
793,0.50588837
794,0.50588837
795,0.50588837
796,0.50588837
797,0.50588837
798,0.50588837
799,0.50588817
800,0.50588817
801,0.50588817
802,0.50588817
803,0.50588817
804,0.50588817
805,0.50588817
806,0.50588817
807,0.50588817
808,0.50588817
809,0.50588817
810,0.50144562
811,0.50144562
812,0.5
813,0.5
814,0.50000001
815,0.50000001
816,0.50000001
817,0.50000001
818,0.50000001
819,0.50000001
820,0.49999985
821,0.49999985
822,0.49999985
823,0.49999985
824,0.49999985
825,0.49999985
826,0.49999985
827,0.49999985
828,0.49999985
829,0.49999985
830,0.49999985
831,0.49999985
832,0.49999985
833,0.49999985
834,0.49999985
835,0.49999985
836,0.49999985
837,0.49999985
838,0.49999985
839,0.49999985
840,0.49999985
841,0.49999985
842,0.49999985
843,0.49999985
844,0.49999985
845,0.49999985
846,0.49999985
847,0.49999985
848,0.49999985
849,0.49999985
850,0.49999985
851,0.49999985
852,0.49999985
853,0.49999985
854,0.49999985
855,0.49999985
856,0.49999985
857,0.49999985
858,0.49999985
859,0.49999985
860,0.49999985
861,0.49999985
862,0.49999985
863,0.49999985
864,0.49999985
865,0.49999985
866,0.49999985
867,0.49999985
868,0.49999985
869,0.49999985
870,0.49999985
871,0.49999985
872,0.49999985
873,0.49999985
874,0.49999985
875,0.49999985
876,0.49999985
877,0.49999985
878,0.49999985
879,0.49999985
880,0.49999985
881,0.49999985
882,0.49999985
883,0.49999985
884,0.49999985
885,0.49999985
886,0.49999985
887,0.49999985
888,0.49999985
889,0.49999985
890,0.49999985
891,0.49999985
892,0.49999985
893,0.49999985
894,0.49999985
895,0.49999985
896,0.49999985
897,0.49999985
898,0.49999985
899,0.49999985
900,0.50181331
901,0.50181331
902,0.50181331
903,0.50181331
904,0.50181331
905,0.50181331
906,0.50181331
907,0.50181331
908,0.50181331
909,0.50181331
910,0.50181331
911,0.50181331
912,0.50181331
913,0.50181331
914,0.50181331
915,0.50181331
916,0.50181331
917,0.50181331
918,0.50181331
919,0.50181331
920,0.50181331
921,0.50181331
922,0.50181331
923,0.50181331
924,0.50181331
925,0.50181331
926,0.50181331
927,0.50181331
928,0.50181331
929,0.50181331
930,0.50181331
931,0.50181331
932,0.50181331
933,0.50181331
934,0.50181331
935,0.50181331
936,0.50181331
937,0.50181331
938,0.50181331
939,0.50181331
940,0.50181331
941,0.50181331
942,0.50181331
943,0.50181331
944,0.50181331
945,0.50181331
946,0.50181331
947,0.50181331
948,0.50181331
949,0.50181331
950,0.50181331
951,0.50181331
952,0.50181331
953,0.50181331
954,0.50181331
955,0.50181331
956,0.50181331
957,0.50181331
958,0.50181331
959,0.50181331
960,0.50181331
961,0.50181331
962,0.50181331
963,0.50181331
964,0.50181331
965,0.50181332
966,0.50181332
967,0.50181332
968,0.50181332
969,0.50181332
970,0.50181332
971,0.50418138
972,0.50418138
973,0.50003104
974,0.50003104
975,0.50003104
976,0.50003104
977,0.50418138
978,0.50418138
979,0.50418138
980,0.50418138
981,0.50418138
982,0.50418138
983,0.50418138
984,0.50418138
985,0.50418138
986,0.50418138
987,0.50418138
988,0.50418138
989,0.50418138
990,0.50418138
991,0.50418138
992,0.50418138
993,0.50418138
994,0.50418138
995,0.50418138
996,0.50418138
997,0.50418138
998,0.50588888
999,0.50588888
1000,0.50588888
1001,0.50588888
1002,0.50852151
1003,0.50852151
1004,0.50852151
1005,0.50852151
1006,0.50852151
1007,0.50852151
1008,0.50852151
1009,0.50852151
1010,0.50852151
1011,0.50852151
1012,0.50852151
1013,0.50852151
1014,0.50852151
1015,0.50852151
1016,0.50852151
1017,0.50852151
1018,0.50852151
1019,0.50852151
1020,0.50852151
1021,0.50852151
1022,0.50852151
1023,0.50852151
1024,0.50852151
1025,0.50852151
1026,0.50852151
1027,0.50852151
1028,0.50852151
1029,0.50852151
1030,0.50852151
1031,0.50852151
1032,0.50852151
1033,0.5011571
1034,0.5011571
1035,0.5011571
1036,0.5011571
1037,0.5011571
1038,0.5011571
1039,0.5011571
1040,0.5011571
1041,0.5011571
1042,0.5011571
1043,0.5011571
1044,0.5011571
1045,0.5011571
1046,0.5011571
1047,0.5011571
1048,0.5011571
1049,0.5011571
1050,0.5011571
1051,0.5011571
1052,0.5011571
1053,0.5011571
1054,0.5011571
1055,0.5011571
1056,0.5011571
1057,0.5011571
1058,0.5011571
1059,0.5011571
1060,0.5011571
1061,0.5011571
1062,0.5011571
1063,0.5011571
1064,0.5011571
1065,0.5011571
1066,0.5011571
1067,0.5011571
1068,0.5011571
1069,0.5011571
1070,0.5011571
1071,0.5011571
1072,0.5011571
1073,0.5011571
1074,0.5011571
1075,0.5011571
1076,0.5011571
1077,0.5011571
1078,0.5011571
1079,0.5011571
1080,0.5011571
1081,0.5011571
1082,0.5011571
1083,0.5011571
1084,0.5011571
1085,0.5011571
1086,0.5011571
1087,0.5011571
1088,0.5011571
1089,0.5011571
1090,0.5011571
1091,0.5011571
1092,0.5011571
1093,0.5011571
1094,0.5011571
1095,0.5011571
1096,0.5011571
1097,0.5011571
1098,0.5011571
1099,0.5011571
1100,0.5011571
1101,0.5011571
1102,0.5011571
1103,0.5011571
1104,0.50923542
1105,0.50923542
1106,0.50932326
1107,0.50923542
1108,0.50923542
1109,0.50923542
1110,0.50923542
1111,0.50923542
1112,0.50923542
1113,0.50923542
1114,0.50923542
1115,0.50923542
1116,0.50923542
1117,0.50923542
1118,0.50923542
1119,0.50923542
1120,0.50923542
1121,0.50923542
1122,0.50923542
1123,0.50923542
1124,0.50492173
1125,0.50492173
1126,0.50492173
1127,0.50492173
1128,0.50492173
1129,0.50492173
1130,0.50492173
1131,0.50492173
1132,0.50492173
1133,0.50492173
1134,0.50492173
1135,0.50492173
1136,0.50492173
1137,0.50492173
1138,0.50492173
1139,0.50492173
1140,0.50492173
1141,0.50492173
1142,0.50492173
1143,0.50492173
1144,0.50492173
1145,0.50492173
1146,0.50492173
1147,0.50492173
1148,0.50858928
1149,0.50874715
1150,0.50874715
1151,0.50099519
1152,0.50099519
1153,0.50099519
1154,0.50099519
1155,0.50099519
1156,0.50099519
1157,0.50099519
1158,0.50099519
1159,0.50099519
1160,0.50099519
1161,0.50099519
1162,0.50099519
1163,0.50099519
1164,0.50099519
1165,0.50099519
1166,0.50099519
1167,0.50099519
1168,0.50099519
1169,0.50099519
1170,0.50099519
1171,0.50099519
1172,0.50099519
1173,0.50099519
1174,0.50099519
1175,0.50099519
1176,0.50099519
1177,0.50099519
1178,0.50099519
1179,0.50099519
1180,0.50107931
1181,0.50107931
1182,0.50107931
1183,0.50107931
1184,0.50107931
1185,0.50107931
1186,0.50107931
1187,0.50107931
1188,0.50107931
1189,0.50107931
1190,0.50107931
1191,0.50107931
1192,0.50107931
1193,0.50107931
1194,0.50107931
1195,0.50107964
1196,0.50107964
1197,0.50107964
1198,0.50107964
1199,0.50107964
1200,0.50107964
1201,0.50107964
1202,0.50107964
1203,0.50107964
1204,0.50107964
1205,0.50107964
1206,0.50107964
1207,0.50107964
1208,0.50107964
1209,0.50107964
1210,0.50107964
1211,0.50107964
1212,0.50107964
1213,0.50107964
1214,0.50107964
1215,0.50107964
1216,0.50107964
1217,0.50107964
1218,0.50107964
1219,0.50107964
1220,0.50107964
1221,0.50107964
1222,0.50107964
1223,0.50499349
1224,0.50499349
1225,0.50499349
1226,0.50499349
1227,0.50535004
1228,0.50535004
1229,0.50535004
1230,0.50535004
1231,0.50535004
1232,0.50535004
1233,0.50535004
1234,0.50579515
1235,0.50579515
1236,0.50579515
1237,0.50758775
1238,0.5078493
1239,0.5078493
1240,0.5078493
1241,0.5078493
1242,0.5083084
1243,0.5083084
1244,0.5083084
1245,0.5083084
1246,0.5083084
1247,0.5083084
1248,0.5083084
1249,0.50874714
1250,0.50874714
1251,0.50874714
1252,0.50874714
1253,0.50874714
1254,0.50874714
1255,0.5087471
1256,0.5087471
1257,0.5087471
1258,0.5087471
1259,0.5087471
1260,0.5087471
1261,0.50874713
1262,0.50874713
1263,0.50874713
1264,0.50874713
1265,0.50874713
1266,0.50874713
1267,0.50874712
1268,0.50874712
1269,0.50874712
1270,0.50874712
1271,0.50874712
1272,0.50874712
1273,0.50874712
1274,0.50874712
1275,0.50874712
1276,0.50874712
1277,0.50499349
1278,0.50499349
1279,0.50499349
1280,0.50499349
1281,0.50499349
1282,0.50499349
1283,0.50499349
1284,0.50499349
1285,0.50499349
1286,0.50499349
1287,0.50499349
1288,0.50499349
1289,0.50499349
1290,0.50499349
1291,0.50499349
1292,0.50499349
1293,0.50499349
1294,0.50499349
1295,0.50499349
1296,0.50499349
1297,0.50499349
1298,0.50499349
1299,0.50499349
1300,0.50499349
1301,0.50499349
1302,0.50499349
1303,0.50499349
1304,0.50499349
1305,0.50499349
1306,0.50499349
1307,0.50499349
1308,0.50499349
1309,0.50499349
1310,0.50499349
1311,0.50499349
1312,0.50499349
1313,0.50499349
1314,0.50499349
1315,0.50499349
1316,0.50499349
1317,0.50499349
1318,0.50499349
1319,0.50499349
1320,0.50499349
1321,0.50499349
1322,0.50499349
1323,0.50499349
1324,0.50499349
1325,0.50499349
1326,0.50499349
1327,0.50499349
1328,0.50499349
1329,0.50499349
1330,0.50499349
1331,0.50499349
1332,0.50499349
1333,0.50499349
1334,0.50499349
1335,0.50499349
1336,0.50499349
1337,0.50499349
1338,0.50499349
1339,0.50499349
1340,0.50499349
1341,0.50499349
1342,0.50499349
1343,0.50499349
1344,0.50499349
1345,0.50499349
1346,0.50499349
1347,0.50499349
1348,0.50499349
1349,0.50499349
1350,0.50499349
1351,0.50499349
1352,0.50499349
1353,0.50499349
1354,0.50499349
1355,0.50499349
1356,0.50499349
1357,0.50499349
1358,0.50499349
1359,0.50499349
1360,0.50499349
1361,0.50499349
1362,0.50499349
1363,0.50499349
1364,0.50499349
1365,0.50428042
1366,0.50749616
1367,0.50749616
1368,0.50749616
1369,0.50749616
1370,0.50749616
1371,0.50749616
1372,0.50749616
1373,0.50749616
1374,0.50749616
1375,0.50749616
1376,0.50749616
1377,0.50749616
1378,0.50749616
1379,0.50749616
1380,0.50749616
1381,0.50749616
1382,0.50800452
1383,0.50800452
1384,0.50800452
1385,0.50800452
1386,0.50800452
1387,0.50800452
1388,0.50800452
1389,0.50800452
1390,0.50800452
1391,0.50800452
1392,0.50800452
1393,0.50800452
1394,0.50800452
1395,0.50800452
1396,0.50800452
1397,0.50800452
1398,0.50800452
1399,0.50800452
1400,0.50800452
1401,0.50800452
1402,0.50800452
1403,0.50800452
1404,0.50800452
1405,0.50800452
1406,0.50800452
1407,0.50800452
1408,0.50800452
1409,0.50800452
1410,0.50800452
1411,0.50800452
1412,0.50800452
1413,0.50800452
1414,0.50800452
1415,0.50800452
1416,0.50800452
1417,0.50800452
1418,0.50800452
1419,0.50800452
1420,0.50800452
1421,0.50800452
1422,0.50800452
1423,0.50800452
1424,0.50800452
1425,0.50800452
1426,0.50800452
1427,0.50800452
1428,0.50800452
1429,0.50800452
1430,0.50800452
1431,0.50800452
1432,0.50800452
1433,0.50800452
1434,0.50800452
1435,0.50800452
1436,0.50800452
1437,0.50800452
1438,0.50800452
1439,0.50800452
1440,0.50800452
1441,0.50800452
1442,0.50800452
1443,0.50800452
1444,0.50800452
1445,0.50800452
1446,0.50800452
1447,0.50800452
1448,0.50800452
1449,0.50800452
1450,0.50800452
1451,0.50800452
1452,0.50800452
1453,0.50800452
1454,0.50800452
1455,0.50800452
1456,0.50800452
1457,0.50800452
1458,0.50874715
1459,0.5085
1460,0.5085
1461,0.5085
1462,0.50874715
1463,0.50874715
1464,0.50874715
1465,0.50874715
1466,0.50874715
1467,0.5085
1468,0.5085
1469,0.5085
1470,0.5085
1471,0.5085
1472,0.5085
1473,0.5085
1474,0.5085
1475,0.5085
1476,0.5085
1477,0.5085
1478,0.5085
1479,0.5085
1480,0.5085
1481,0.5085
1482,0.5085
1483,0.5085
1484,0.5085
1485,0.5085
1486,0.5085
1487,0.5085
1488,0.50932291
1489,0.50932291
1490,0.50932291
1491,0.50932291
1492,0.50932291
1493,0.50932291
1494,0.50932291
1495,0.50932291
1496,0.50932291
1497,0.50932291
1498,0.50932291
1499,0.50932291
1500,0.50932291
1501,0.50932291
1502,0.50932291
1503,0.50932291
1504,0.50932291
1505,0.50932291
1506,0.50932291
1507,0.50932291
1508,0.50932291
1509,0.50932291
1510,0.50932291
1511,0.50932291
1512,0.50932291
1513,0.50932291
1514,0.50932291
1515,0.50932291
1516,0.50932291
1517,0.50932291
1518,0.50932291
1519,0.50932291
1520,0.50932291
1521,0.50932291
1522,0.50932291
1523,0.50932291
1524,0.50932291
1525,0.50932291
1526,0.50932291
1527,0.50932291
1528,0.50932291
1529,0.50932291
1530,0.50932291
1531,0.50932291
1532,0.50932291
1533,0.50932291
1534,0.50932291
1535,0.5085
1536,0.5085
1537,0.5085
1538,0.5085
1539,0.5085
1540,0.5085
1541,0.5085
1542,0.5085
1543,0.5085
1544,0.5085
1545,0.5085
1546,0.50800452
1547,0.50800452
1548,0.50800452
1549,0.50800452
1550,0.50800452
1551,0.50800452
1552,0.50800452
1553,0.50800452
1554,0.50800452
1555,0.50800452
1556,0.50800452
1557,0.50800452
1558,0.50800452
1559,0.50800452
1560,0.50800452
1561,0.50800452
1562,0.50800452
1563,0.50800452
1564,0.50800452
1565,0.50800452
1566,0.50800452
1567,0.50800452
1568,0.50800452
1569,0.50800452
1570,0.50800452
1571,0.50800452
1572,0.50800452
1573,0.50800452
1574,0.50800452
1575,0.50800452
1576,0.50800452
1577,0.50800452
1578,0.50800452
1579,0.50800452
1580,0.50800452
1581,0.50800452
1582,0.50800452
1583,0.50434669
1584,0.50434669
1585,0.50434669
1586,0.50434669
1587,0.50434669
1588,0.50434669
1589,0.50434669
1590,0.50434669
1591,0.50434669
1592,0.50434669
1593,0.50434669
1594,0.50434669
1595,0.50434669
1596,0.50434669
1597,0.50434164
1598,0.50434164
1599,0.50434164
1600,0.50434164
1601,0.50434164
1602,0.50434164
1603,0.50800452
1604,0.50800452
1605,0.50800452
1606,0.50800452
1607,0.50800452
1608,0.50800452
1609,0.50800452
1610,0.50800452
1611,0.50800452
1612,0.50800452
1613,0.50800452
1614,0.50800452
1615,0.50800452
1616,0.50800452
1617,0.50800452
1618,0.50800452
1619,0.50800452
1620,0.50800452
1621,0.50800452
1622,0.50800452
1623,0.50800452
1624,0.50800452
1625,0.50800452
1626,0.50800452
1627,0.50800452
1628,0.50800452
1629,0.50800452
1630,0.50800452
1631,0.50800452
1632,0.50800452
1633,0.50800452
1634,0.50800452
1635,0.50800452
1636,0.50800452
1637,0.50800452
1638,0.50800452
1639,0.50800452
1640,0.50800452
1641,0.50800452
1642,0.50800452
1643,0.50800452
1644,0.50800452
1645,0.50800452
1646,0.50800452
1647,0.50800452
1648,0.50800452
1649,0.50800452
1650,0.50800452
1651,0.50800452
1652,0.50800452
1653,0.50800452
1654,0.50800452
1655,0.50800452
1656,0.50800452
1657,0.50800452
1658,0.50800452
1659,0.50800452
1660,0.50800452
1661,0.50800452
1662,0.50800452
1663,0.50800452
1664,0.50800452
1665,0.50800452
1666,0.50800452
1667,0.50800452
1668,0.50800452
1669,0.50800452
1670,0.50800452
1671,0.50800452
1672,0.50800452
1673,0.50800452
1674,0.50800452
1675,0.50800452
1676,0.50800452
1677,0.50800452
1678,0.50800452
1679,0.50800452
1680,0.50800452
1681,0.50800452
1682,0.50800452
1683,0.50800452
1684,0.50800452
1685,0.50800452
1686,0.50800452
1687,0.50800452
1688,0.50800452
1689,0.50800452
1690,0.50434168
1691,0.50434168
1692,0.50434168
1693,0.50434168
1694,0.50434168
1695,0.50434168
1696,0.50434168
1697,0.50434168
1698,0.50434168
1699,0.50434168
1700,0.50434168
1701,0.50434168
1702,0.50434168
1703,0.50434168
1704,0.50434168
1705,0.50434168
1706,0.50434168
1707,0.50434168
1708,0.50434168
1709,0.50434168
1710,0.50434168
1711,0.50932324
1712,0.50932324
1713,0.50932324
1714,0.50932324
1715,0.50932324
1716,0.50932324
1717,0.50932324
1718,0.50932324
1719,0.50932324
1720,0.50932324
1721,0.50932324
1722,0.50932324
1723,0.50932324
1724,0.50932324
1725,0.50932343
1726,0.50932343
1727,0.50932343
1728,0.50932343
1729,0.50932343
1730,0.50932343
1731,0.50932343
1732,0.50932343
1733,0.50932343
1734,0.50932343
1735,0.50932343
1736,0.50932343
1737,0.50932343
1738,0.50932343
1739,0.50932343
1740,0.50932343
1741,0.50932343
1742,0.50932343
1743,0.50932343
1744,0.50932343
1745,0.50932343
1746,0.50932343
1747,0.50932343
1748,0.50932343
1749,0.50932343
1750,0.50932343
1751,0.50932343
1752,0.50932343
1753,0.50932343
1754,0.50932343
1755,0.50932343
1756,0.50932343
1757,0.50932343
1758,0.50932343
1759,0.50932343
1760,0.50932343
1761,0.50932343
1762,0.50932343
1763,0.50932343
1764,0.50932343
1765,0.50932343
1766,0.50932343
1767,0.50932343
1768,0.50932343
1769,0.50932343
1770,0.50932343
1771,0.50932343
1772,0.50932343
1773,0.50932343
1774,0.50932343
1775,0.50932343
1776,0.50932343
1777,0.50932343
1778,0.50932343
1779,0.50932343
1780,0.50932324
1781,0.50932324
1782,0.50932324
1783,0.50932324
1784,0.50932324
1785,0.50932324
1786,0.50932324
1787,0.50932324
1788,0.50932324
1789,0.50932324
1790,0.50932324
1791,0.50932324
1792,0.50932324
1793,0.50932324
1794,0.50932324
1795,0.50932324
1796,0.50932324
1797,0.50932324
1798,0.50932324
1799,0.50932324
1800,0.50932324
1801,0.50932324
1802,0.50932324
1803,0.50932324
1804,0.50932324
1805,0.50932324
1806,0.50932324
1807,0.50932324
1808,0.50932324
1809,0.50932324
1810,0.50932324
1811,0.50932324
1812,0.50932324
1813,0.50932324
1814,0.50932324
1815,0.50932324
1816,0.50932324
1817,0.50932324
1818,0.50513674
1819,0.50513674
1820,0.50513674
1821,0.50513674
1822,0.50513674
1823,0.50513674
1824,0.50513674
1825,0.50513674
1826,0.50513674
1827,0.50513674
1828,0.50513674
1829,0.50513674
1830,0.50513674
1831,0.50513674
1832,0.50513674
1833,0.50513674
1834,0.50513674
1835,0.50513674
1836,0.50513674
1837,0.50513674
1838,0.50513674
1839,0.50513674
1840,0.50513674
1841,0.50513674
1842,0.50513674
1843,0.50513674
1844,0.50513674
1845,0.51096205
1846,0.51096205
1847,0.51096205
1848,0.51096205
1849,0.51096205
1850,0.51096205
1851,0.51096205
1852,0.51096205
1853,0.51096205
1854,0.51096205
1855,0.51096205
1856,0.51096205
1857,0.51096205
1858,0.51096205
1859,0.51096205
1860,0.51096205
1861,0.51096205
1862,0.51096205
1863,0.51096205
1864,0.51096205
1865,0.51096205
1866,0.51096205
1867,0.51096205
1868,0.51096205
1869,0.51096205
1870,0.51096205
1871,0.51096205
1872,0.51096205
1873,0.51096205
1874,0.51096205
1875,0.51096205
1876,0.51096205
1877,0.51096205
1878,0.51096205
1879,0.51096205
1880,0.51096205
1881,0.51096205
1882,0.51096205
1883,0.51096205
1884,0.51096205
1885,0.51096205
1886,0.51096205
1887,0.51096205
1888,0.51096205
1889,0.51096205
1890,0.51096205
1891,0.51096205
1892,0.51096205
1893,0.51096205
1894,0.51096205
1895,0.51096205
1896,0.51096205
1897,0.51096205
1898,0.51096205
1899,0.51096205
1900,0.51096205
1901,0.51096205
1902,0.51096205
1903,0.51110115
1904,0.51110115
1905,0.51110115
1906,0.51110115
1907,0.51110115
1908,0.51110115
1909,0.51110115
1910,0.51212185
1911,0.51212185
1912,0.51110115
1913,0.51110115
1914,0.51110115
1915,0.51110115
1916,0.51110115
1917,0.51110115
1918,0.51110115
1919,0.51110115
1920,0.51110115
1921,0.51209154
1922,0.51209154
1923,0.51110115
1924,0.51110115
1925,0.51110115
1926,0.51110115
1927,0.51110115
1928,0.51110115
1929,0.51110115
1930,0.51110115
1931,0.51110115
1932,0.51110115
1933,0.51110115
1934,0.51110115
1935,0.51110115
1936,0.51110115
1937,0.51110115
1938,0.51110115
1939,0.50434164
1940,0.50434165
1941,0.50434165
1942,0.50434165
1943,0.50434165
1944,0.50434165
1945,0.50434165
1946,0.50434165
1947,0.50434165
1948,0.50434165
1949,0.50434165
1950,0.50434165
1951,0.50434165
1952,0.50434165
1953,0.50434165
1954,0.50434165
1955,0.50434165
1956,0.50434165
1957,0.50434165
1958,0.50434165
1959,0.50434165
1960,0.50434165
1961,0.50434165
1962,0.50434165
1963,0.50434165
1964,0.50434165
1965,0.50434165
1966,0.50434165
1967,0.50434165
1968,0.50434165
1969,0.50434165
1970,0.50434164
1971,0.50434164
1972,0.50434164
1973,0.50434179
1974,0.50434179
1975,0.50434179
1976,0.50434179
1977,0.50434179
1978,0.50434179
1979,0.50434179
1980,0.50434179
1981,0.50434179
1982,0.50434179
1983,0.50434179
1984,0.50434179
1985,0.50434179
1986,0.50434179
1987,0.50434179
1988,0.50434179
1989,0.50434179
1990,0.50434179
1991,0.50434179
1992,0.50434179
1993,0.50434179
1994,0.50434179
1995,0.50434179
1996,0.50434179
1997,0.50434179
1998,0.50434179
1999,0.50434179
2000,0.50434179
2001,0.50434179
2002,0.50434179
2003,0.50464381
2004,0.50464381
2005,0.50464381
2006,0.50464381
2007,0.50464381
2008,0.50513242
2009,0.50513242
2010,0.50513242
2011,0.50513242
2012,0.50513242
2013,0.50513242
2014,0.50513242
2015,0.50513242
2016,0.50513242
2017,0.50513242
2018,0.50513242
2019,0.50513242
2020,0.50513242
2021,0.50513242
2022,0.50513242
2023,0.5097164
2024,0.5097164
2025,0.5097164
2026,0.5097164
2027,0.5097164
2028,0.5097164
2029,0.5097164
2030,0.5097164
2031,0.5097164
2032,0.5097164
2033,0.5097164
2034,0.5097164
2035,0.5097164
2036,0.5097164
2037,0.5097164
2038,0.5097164
2039,0.5097164
2040,0.5097164
2041,0.50625181
2042,0.50625181
2043,0.50625181
2044,0.50625181
2045,0.50625181
2046,0.50625181
2047,0.50625181
2048,0.50625181
2049,0.50625181
2050,0.50625181
2051,0.50625181
2052,0.50625181
2053,0.50625181
2054,0.50625181
2055,0.50625181
2056,0.50625181
2057,0.50625181
2058,0.50625181
2059,0.50900058
2060,0.50900058
2061,0.50900058
2062,0.5104017
2063,0.5104017
2064,0.5104017
2065,0.5104017
2066,0.509001
2067,0.509001
2068,0.509001
2069,0.509001
2070,0.509001
2071,0.509001
2072,0.509001
2073,0.509001
2074,0.509001
2075,0.509001
2076,0.509001
2077,0.509001
2078,0.509001
2079,0.509001
2080,0.509001
2081,0.509001
2082,0.509001
2083,0.509001
2084,0.509001
2085,0.509001
2086,0.509001
2087,0.509001
2088,0.509001
2089,0.509001
2090,0.509001
2091,0.509001
2092,0.509001
2093,0.509001
2094,0.509001
2095,0.509001
2096,0.509001
2097,0.509001
2098,0.509001
2099,0.509001
2100,0.509001
2101,0.509001
2102,0.509001
2103,0.509001
2104,0.509001
2105,0.509001
2106,0.509001
2107,0.509001
2108,0.509001
2109,0.509001
2110,0.509001
2111,0.509001
2112,0.509001
2113,0.509001
2114,0.50811572
2115,0.50811572
2116,0.50811572
2117,0.50811572
2118,0.50434164
2119,0.509001
2120,0.50428488
2121,0.50428488
2122,0.50781429
2123,0.50781429
2124,0.50781429
2125,0.50781429
2126,0.50781429
2127,0.50781429
2128,0.50781429
2129,0.50781429
2130,0.50781429
2131,0.50781429
2132,0.50781429
2133,0.50781429
2134,0.50781429
2135,0.50781429
2136,0.50781429
2137,0.50781429
2138,0.50781429
2139,0.50781429
2140,0.50781429
2141,0.50781429
2142,0.50781429
2143,0.50781429
2144,0.50781429
2145,0.50781429
2146,0.50781429
2147,0.50781429
2148,0.50781429
2149,0.50781429
2150,0.50781429
2151,0.50781429
2152,0.50781429
2153,0.50781429
2154,0.50781429
2155,0.50781429
2156,0.50781429
2157,0.50428488
2158,0.503069
2159,0.50309638
2160,0.50086038
2161,0.50321198
2162,0.50321198
2163,0.50321198
2164,0.50321198
2165,0.50321198
2166,0.50321198
2167,0.50321198
2168,0.50428488
2169,0.50428488
2170,0.50428488
2171,0.50428488
2172,0.5066534
2173,0.5066534
2174,0.5066534
2175,0.5066534
2176,0.5066534
2177,0.5066534
2178,0.5066534
2179,0.50781428
2180,0.50781428
2181,0.50781428
2182,0.50781428
2183,0.50781428
2184,0.50781428
2185,0.50781428
2186,0.50781428
2187,0.50781428
2188,0.50781428
2189,0.50781428
2190,0.50781428
2191,0.50781428
2192,0.50781428
2193,0.50781428
2194,0.50781428
2195,0.50781428
2196,0.50781428
2197,0.50781428
2198,0.50781428
2199,0.50781428
2200,0.50781428
2201,0.50781428
2202,0.50781428
2203,0.50781428
2204,0.50781428
2205,0.50781428
2206,0.50781428
2207,0.50781428
2208,0.50781428
2209,0.50781428
2210,0.50781428
2211,0.50781428
2212,0.50781429
2213,0.50781429
2214,0.50781429
2215,0.50781429
2216,0.50781429
2217,0.50781429
2218,0.50781429
2219,0.50781429
2220,0.50781429
2221,0.50781429
2222,0.50781429
2223,0.50781429
2224,0.50781429
2225,0.50781429
2226,0.50781429
2227,0.50781429
2228,0.50781429
2229,0.50781429
2230,0.50781429
2231,0.50781429
2232,0.50781429
2233,0.50781429
2234,0.50781429
2235,0.50781429
2236,0.50781429
2237,0.50781429
2238,0.50781429
2239,0.50781429
2240,0.50781429
2241,0.50781429
2242,0.50781429
2243,0.50781429
2244,0.50780043
2245,0.50780043
2246,0.50780043
2247,0.50780043
2248,0.50780043
2249,0.50780043
2250,0.50780043
2251,0.50780043
2252,0.50780043
2253,0.50780043
2254,0.50780043
2255,0.50780043
2256,0.50780043
2257,0.50780043
2258,0.50780043
2259,0.50780043
2260,0.50780043
2261,0.50780043
2262,0.50780043
2263,0.50780043
2264,0.50780043
2265,0.50780043
2266,0.50310945
2267,0.50781429
2268,0.50781429
2269,0.50781429
2270,0.50781429
2271,0.50781429
2272,0.50781429
2273,0.50781429
2274,0.50781429
2275,0.50781429
2276,0.50781429
2277,0.50781429
2278,0.50781429
2279,0.50781429
2280,0.50781429
2281,0.50781429
2282,0.50781429
2283,0.50781429
2284,0.50781429
2285,0.50781429
2286,0.50781429
2287,0.50781429
2288,0.50781429
2289,0.50781429
2290,0.50781429
2291,0.50781429
2292,0.50781429
2293,0.50781429
2294,0.50781429
2295,0.50781429
2296,0.50781429
2297,0.50781429
2298,0.50781429
2299,0.50781429
2300,0.50781429
2301,0.50781429
2302,0.50781429
2303,0.50781429
2304,0.50781429
2305,0.50781429
2306,0.50781429
2307,0.50781429
2308,0.50781429
2309,0.50781429
2310,0.50781429
2311,0.50781429
2312,0.509001
2313,0.509001
2314,0.509001
2315,0.509001
2316,0.509001
2317,0.509001
2318,0.5110542
2319,0.5110542
2320,0.5110542
2321,0.5110542
2322,0.5110542
2323,0.5110542
2324,0.5110542
2325,0.5110542
2326,0.5110542
2327,0.51104953
2328,0.51104953
2329,0.51104953
2330,0.51105419
2331,0.51105419
2332,0.5110533
2333,0.5110533
2334,0.5110533
2335,0.5110533
2336,0.5110533
2337,0.5110533
2338,0.5110533
2339,0.5110533
2340,0.5110533
2341,0.5110533
2342,0.5110533
2343,0.5110533
2344,0.5110533
2345,0.5110533
2346,0.5110533
2347,0.5110533
2348,0.5110533
2349,0.5110533
2350,0.5110533
2351,0.5110533
2352,0.5110533
2353,0.51105411
2354,0.51105411
2355,0.51105411
2356,0.51105411
2357,0.51105411
2358,0.50374346
2359,0.50374346
2360,0.50374346
2361,0.50374346
2362,0.50374346
2363,0.50374346
2364,0.50374346
2365,0.50374346
2366,0.50374346
2367,0.50374346
2368,0.50374346
2369,0.50374346
2370,0.50374346
2371,0.50374346
2372,0.50374346
2373,0.50374346
2374,0.50374346
2375,0.50374346
2376,0.50374346
2377,0.50374346
2378,0.50374346
2379,0.50374346
2380,0.50374346
2381,0.50374349
2382,0.50374349
2383,0.50374349
2384,0.50374349
2385,0.50374349
2386,0.50374349
2387,0.50374349
2388,0.50374349
2389,0.50374349
2390,0.50374349
2391,0.50374349
2392,0.50374349
2393,0.50374349
2394,0.50374349
2395,0.50374349
2396,0.50374349
2397,0.50374349
2398,0.50374349
2399,0.50485778
2400,0.50485778
2401,0.50485778
2402,0.50485778
2403,0.50485778
2404,0.50485778
2405,0.50485778
2406,0.50485778
2407,0.50485778
2408,0.50485778
2409,0.50485778
2410,0.50485778
2411,0.50485778
2412,0.50485778
2413,0.5110542
2414,0.5110542
2415,0.5110542
2416,0.5110542
2417,0.5110542
2418,0.5110542
2419,0.5110542
2420,0.5110542
2421,0.5110542
2422,0.5110542
2423,0.5110542
2424,0.5110542
2425,0.5110542
2426,0.5110542
2427,0.5110542
2428,0.5110542
2429,0.5110542
2430,0.5110542
2431,0.5110542
2432,0.51064457
2433,0.50814587
2434,0.50814587
2435,0.50814587
2436,0.50814587
2437,0.50814587
2438,0.50814587
2439,0.50814587
2440,0.50814587
2441,0.50814587
2442,0.50814587
2443,0.50814587
2444,0.50814587
2445,0.50814587
2446,0.50814587
2447,0.50814587
2448,0.50814587
2449,0.50814587
2450,0.50814587
2451,0.50814587
2452,0.50814587
2453,0.50814587
2454,0.50814587
2455,0.50814587
2456,0.50814587
2457,0.50814587
2458,0.50885632
2459,0.50885632
2460,0.50885632
2461,0.50885632
2462,0.50885632
2463,0.50885632
2464,0.50885632
2465,0.50885632
2466,0.50885632
2467,0.50885632
2468,0.50885632
2469,0.50885632
2470,0.50885632
2471,0.50885632
2472,0.50885632
2473,0.50885632
2474,0.50885632
2475,0.50885632
2476,0.50885632
2477,0.50885632
2478,0.50885632
2479,0.50885632
2480,0.50885632
2481,0.50885632
2482,0.50885632
2483,0.50885632
2484,0.50885632
2485,0.50885632
2486,0.50885632
2487,0.50885632
2488,0.50885632
2489,0.50885632
2490,0.50885632
2491,0.50885632
2492,0.50885632
2493,0.50885632
2494,0.50885632
2495,0.50885632
2496,0.50885632
2497,0.50885632
2498,0.50885632
2499,0.50885632
2500,0.50885632
2501,0.50885632
2502,0.50885632
2503,0.50885632
2504,0.50885632
2505,0.50885632
2506,0.50885632
2507,0.50885633
2508,0.50885633
2509,0.50885633
2510,0.50885633
2511,0.50885633
2512,0.50885632
2513,0.50885632
2514,0.50885632
2515,0.50885632
2516,0.50885632
2517,0.50885632
2518,0.50885632
2519,0.50885632
2520,0.50885632
2521,0.50885632
2522,0.50885632
2523,0.50885632
2524,0.50885632
2525,0.50885632
2526,0.50885632
2527,0.50885632
2528,0.50885632
2529,0.50885632
2530,0.50885632
2531,0.50885632
2532,0.50885632
2533,0.50885632
2534,0.50885632
2535,0.50885632
2536,0.50885632
2537,0.50885632
2538,0.50885632
2539,0.50885632
2540,0.50885632
2541,0.50885632
2542,0.50885632
2543,0.50885632
2544,0.50885632
2545,0.50885632
2546,0.50885632
2547,0.50885632
2548,0.50885632
2549,0.51077272
2550,0.51077272
2551,0.51077272
2552,0.51077272
2553,0.51077272
2554,0.51077272
2555,0.51077272
2556,0.51077272
2557,0.51077272
2558,0.51077272
2559,0.51077272
2560,0.51077272
2561,0.51077272
2562,0.51054944
2563,0.51054944
2564,0.51054944
2565,0.51054944
2566,0.51054944
2567,0.51054944
2568,0.51054944
2569,0.51054944
2570,0.51054944
2571,0.51054944
2572,0.51054944
2573,0.51054944
2574,0.51054944
2575,0.51054944
2576,0.51054944
2577,0.51054944
2578,0.51054944
2579,0.51054944
2580,0.51054944
2581,0.51054944
2582,0.51054944
2583,0.51054944
2584,0.51054944
2585,0.51054944
2586,0.51054944
2587,0.51054944
2588,0.51054944
2589,0.51054944
2590,0.51054944
2591,0.51054944
2592,0.51054944
2593,0.51054944
2594,0.51054944
2595,0.51054944
2596,0.51054944
2597,0.51054944
2598,0.51054944
2599,0.51054944
2600,0.51054944
2601,0.51054944
2602,0.51054944
2603,0.51054944
2604,0.51054944
2605,0.51054944
2606,0.51054944
2607,0.51054944
2608,0.51054944
2609,0.51054944
2610,0.51054944
2611,0.51054944
2612,0.51054944
2613,0.51054944
2614,0.51054944
2615,0.51054944
2616,0.51054944
2617,0.51054944
2618,0.50485778
2619,0.5048617
2620,0.5048617
2621,0.5048617
2622,0.5048617
2623,0.5048617
2624,0.5048617
2625,0.5048617
2626,0.5048617
2627,0.5048617
2628,0.5048617
2629,0.5048617
2630,0.5048617
2631,0.5048617
2632,0.5048617
2633,0.5048617
2634,0.50525849
2635,0.50525849
2636,0.50525849
2637,0.50525849
2638,0.50525849
2639,0.50667215
2640,0.50667215
2641,0.50667215
2642,0.50667215
2643,0.50667215
2644,0.50667215
2645,0.50667215
2646,0.50361322
2647,0.50361322
2648,0.50361322
2649,0.50361322
2650,0.50361322
2651,0.50361322
2652,0.50361322
2653,0.50361322
2654,0.50361322
2655,0.50361322
2656,0.50361322
2657,0.50361322
2658,0.50361322
2659,0.50361322
2660,0.50361322
2661,0.50361322
2662,0.50361322
2663,0.50361322
2664,0.50361322
2665,0.50361322
2666,0.50361322
2667,0.50361322
2668,0.50361322
2669,0.50361322
2670,0.50361322
2671,0.50361322
2672,0.50361322
2673,0.50361322
2674,0.50361322
2675,0.50361322
2676,0.50361322
2677,0.50361322
2678,0.50361322
2679,0.50361322
2680,0.50361322
2681,0.50361322
2682,0.50361322
2683,0.50361322
2684,0.50361322
2685,0.50361322
2686,0.50361322
2687,0.50361322
2688,0.50361322
2689,0.50361322
2690,0.50361322
2691,0.50361322
2692,0.50361322
2693,0.50361322
2694,0.50361322
2695,0.50361322
2696,0.50361322
2697,0.50361322
2698,0.50361322
2699,0.50361322
2700,0.50361322
2701,0.50361322
2702,0.50361322
2703,0.50361322
2704,0.50361322
2705,0.50361322
2706,0.50361322
2707,0.50361322
2708,0.50361322
2709,0.50361322
2710,0.50361322
2711,0.50361322
2712,0.50361322
2713,0.50361322
2714,0.50361322
2715,0.50361322
2716,0.50361322
2717,0.50361322
2718,0.50361322
2719,0.50361322
2720,0.50361322
2721,0.50361322
2722,0.50361322
2723,0.50361322
2724,0.50361322
2725,0.50361322
2726,0.50361322
2727,0.50361322
2728,0.50361322
2729,0.50361322
2730,0.50361322
2731,0.50361322
2732,0.50361322
2733,0.50361322
2734,0.50361322
2735,0.50361322
2736,0.5082864
2737,0.5082864
2738,0.5082864
2739,0.50966044
2740,0.5092229
2741,0.5092229
2742,0.5092229
2743,0.5092229
2744,0.5092229
2745,0.5092229
2746,0.5092229
2747,0.5092229
2748,0.5092229
2749,0.5092229
2750,0.5092229
2751,0.5092229
2752,0.5092229
2753,0.5092229
2754,0.5092229
2755,0.5092229
2756,0.5092229
2757,0.5092229
2758,0.5092229
2759,0.5092229
2760,0.5092229
2761,0.5092229
2762,0.5092229
2763,0.5092229
2764,0.5092229
2765,0.5092229
2766,0.5092229
2767,0.5092229
2768,0.5092229
2769,0.5092229
2770,0.5092229
2771,0.5092229
2772,0.5092229
2773,0.5092229
2774,0.5092229
2775,0.5092229
2776,0.5092229
2777,0.5092229
2778,0.50310945
2779,0.50310945
2780,0.50310945
2781,0.50310945
2782,0.50310945
2783,0.50310945
2784,0.50310945
2785,0.50310945
2786,0.50310945
2787,0.50310945
2788,0.50310945
2789,0.50310945
2790,0.50310945
2791,0.50310945
2792,0.50310945
2793,0.50310945
2794,0.50310945
2795,0.50310945
2796,0.50310945
2797,0.50310945
2798,0.50310945
2799,0.50310945
2800,0.50310945
2801,0.50310945
2802,0.50310945
2803,0.50310945
2804,0.50310945
2805,0.50310945
2806,0.50310945
2807,0.50310945
2808,0.50310945
2809,0.50310945
2810,0.50310945
2811,0.50310945
2812,0.50310945
2813,0.50310945
2814,0.50310945
2815,0.50310945
2816,0.50310945
2817,0.50310945
2818,0.50310945
2819,0.50310945
2820,0.50310945
2821,0.50310945
2822,0.50310945
2823,0.50310945
2824,0.50310945
2825,0.50310945
2826,0.50310945
2827,0.50310945
2828,0.50310945
2829,0.50310945
2830,0.50310945
2831,0.50310945
2832,0.50310945
2833,0.50310945
2834,0.5048579
2835,0.5048579
2836,0.5048579
2837,0.50554918
2838,0.50554918
2839,0.50554918
2840,0.50554918
2841,0.50678405
2842,0.50678405
2843,0.50678405
2844,0.50678405
2845,0.50678405
2846,0.50678405
2847,0.50678405
2848,0.50678405
2849,0.50678405
2850,0.50678405
2851,0.50678405
2852,0.50678405
2853,0.50678405
2854,0.50678405
2855,0.50678405
2856,0.50678405
2857,0.50678405
2858,0.50678405
2859,0.50678405
2860,0.50678405
2861,0.50678405
2862,0.50678405
2863,0.50678405
2864,0.50678405
2865,0.50678405
2866,0.50678405
2867,0.50678405
2868,0.50678405
2869,0.50678405
2870,0.50678405
2871,0.50678405
2872,0.50678405
2873,0.50678405
2874,0.50678405
2875,0.50728031
2876,0.50728031
2877,0.50728031
2878,0.50728031
2879,0.50728031
2880,0.50728031
2881,0.50728031
2882,0.50728031
2883,0.50728031
2884,0.50728031
2885,0.50728031
2886,0.50673015
2887,0.50673015
2888,0.50673015
2889,0.50673015
2890,0.50673015
2891,0.50673015
2892,0.50673015
2893,0.50673015
2894,0.50673015
2895,0.50673015
2896,0.50673015
2897,0.50673015
2898,0.50673015
2899,0.50673015
2900,0.50673015
2901,0.50673015
2902,0.50673015
2903,0.50673015
2904,0.50673015
2905,0.50673015
2906,0.50673015
2907,0.50673015
2908,0.50673015
2909,0.50673015
2910,0.50673015
2911,0.50673015
2912,0.50673015
2913,0.50310945
2914,0.50310945
2915,0.50310945
2916,0.50310945
2917,0.50310945
2918,0.50310945
2919,0.50310945
2920,0.50310945
2921,0.50310945
2922,0.50310945
2923,0.50310945
2924,0.50310945
2925,0.50310945
2926,0.50310945
2927,0.50310945
2928,0.50310945
2929,0.50310945
2930,0.50310945
2931,0.50310945
2932,0.50310945
2933,0.50310945
2934,0.50310945
2935,0.50310945
2936,0.50310945
2937,0.50310945
2938,0.50310945
2939,0.50310945
2940,0.50310945
2941,0.50310945
2942,0.50310945
2943,0.50376206
2944,0.50376206
2945,0.50376206
2946,0.50478449
2947,0.50478449
2948,0.50478449
2949,0.50478449
2950,0.50478449
2951,0.50478449
2952,0.50478449
2953,0.50478449
2954,0.50478449
2955,0.50478449
2956,0.50478449
2957,0.50478449
2958,0.50478449
2959,0.50478449
2960,0.50478449
2961,0.50478449
2962,0.50478449
2963,0.50478449
2964,0.50478449
2965,0.50478449
2966,0.50478449
2967,0.50478449
2968,0.50478449
2969,0.50478449
2970,0.50478449
2971,0.50478449
2972,0.50478449
2973,0.50478449
2974,0.50478449
2975,0.50478449
2976,0.50478449
2977,0.50478449
2978,0.50478449
2979,0.50478449
2980,0.50478449
2981,0.50478449
2982,0.50478449
2983,0.50478449
2984,0.50478449
2985,0.50478449
2986,0.50500909
2987,0.50500909
2988,0.50500909
2989,0.50500909
2990,0.50500909
2991,0.50500909
2992,0.50500909
2993,0.50500909
2994,0.50500909
2995,0.50500909
2996,0.50500909
2997,0.50500909
2998,0.50500909
2999,0.50500909
3000,0.50500909
3001,0.50500909
3002,0.50500909
3003,0.50500909
3004,0.50500909
3005,0.50500909
3006,0.50500909
3007,0.50500909
3008,0.50500909
3009,0.50500909
3010,0.50500909
3011,0.50500909
3012,0.50500909
3013,0.50500909
3014,0.50500909
3015,0.50500909
3016,0.50500909
3017,0.50500909
3018,0.50500909
3019,0.50500909
3020,0.50500909
3021,0.50500909
3022,0.50310945
3023,0.50310945
3024,0.50310945
3025,0.50310945
3026,0.50310945
3027,0.50310945
3028,0.50310945
3029,0.50310945
3030,0.50310945
3031,0.50310945
3032,0.50310945
3033,0.50310945
3034,0.50310945
3035,0.50310945
3036,0.50310945
3037,0.50310945
3038,0.50310945
3039,0.50310945
3040,0.50310945
3041,0.50310945
3042,0.50310945
3043,0.50310945
3044,0.50310945
3045,0.50310945
3046,0.50310945
3047,0.50310945
3048,0.50310945
3049,0.50310945
3050,0.50310945
3051,0.50310945
3052,0.50310945
3053,0.50310945
3054,0.50310945
3055,0.50310945
3056,0.50310945
3057,0.50310945
3058,0.50136124
3059,0.50136124
3060,0.50136124
3061,0.50136124
3062,0.50136124
3063,0.50136124
3064,0.50136124
3065,0.50136124
3066,0.50136124
3067,0.50136124
3068,0.50000001
3069,0.50000001
3070,0.50000001
3071,0.50000001
3072,0.50000001
3073,0.50000001
3074,0.50000001
3075,0.50000001
3076,0.50000001
3077,0.50000001
3078,0.50000001
3079,0.5004295
3080,0.5004295
3081,0.5004295
3082,0.5
3083,0.5
3084,0.5
3085,0.5
3086,0.5
3087,0.5
3088,0.5
3089,0.5
3090,0.5
3091,0.5
3092,0.5
3093,0.5
3094,0.5
3095,0.5
3096,0.5
3097,0.5
3098,0.5
3099,0.5
3100,0.5
3101,0.5
3102,0.5
3103,0.5
3104,0.5
3105,0.5
3106,0.49999983
3107,0.49999983
3108,0.49999
3109,0.49999
3110,0.49999
3111,0.49999
3112,0.49999
3113,0.5
3114,0.49954584
3115,0.49954584
3116,0.49954584
3117,0.49954584
3118,0.49954584
3119,0.49954584
3120,0.49954584
3121,0.49954584
3122,0.49954584
3123,0.49954584
3124,0.49954584
3125,0.49954584
3126,0.49954584
3127,0.49954584
3128,0.49954584
3129,0.49954584
3130,0.49954584
3131,0.49742129
3132,0.49401521
3133,0.49401521
3134,0.4940152
3135,0.4940152
3136,0.4940152
3137,0.4940152
3138,0.5
3139,0.5
3140,0.5
3141,0.5
3142,0.5
3143,0.5
3144,0.5
3145,0.5
3146,0.5
3147,0.5
3148,0.5
3149,0.5
3150,0.5
3151,0.5
3152,0.5
3153,0.5
3154,0.5
3155,0.5
3156,0.5
3157,0.5
3158,0.5
3159,0.5
3160,0.5
3161,0.5
3162,0.5
3163,0.5
3164,0.5
3165,0.5
3166,0.5
3167,0.5
3168,0.5
3169,0.5
3170,0.5
3171,0.5
3172,0.5
3173,0.5
3174,0.5
3175,0.5
3176,0.5
3177,0.5
3178,0.5
3179,0.5
3180,0.5
3181,0.5
3182,0.5
3183,0.5
3184,0.5
3185,0.5
3186,0.5
3187,0.5
3188,0.5
3189,0.5
3190,0.5
3191,0.5
3192,0.5
3193,0.5
3194,0.5
3195,0.5
3196,0.5
3197,0.5
3198,0.5
3199,0.5
3200,0.5
3201,0.5
3202,0.5
3203,0.5
3204,0.5
3205,0.5
3206,0.5
3207,0.5
3208,0.5
3209,0.5
3210,0.5
3211,0.49999999
3212,0.49999999
3213,0.49999999
3214,0.49999999
3215,0.49999999
3216,0.49999999
3217,0.49999999
3218,0.49999999
3219,0.49999999
3220,0.49999999
3221,0.49999999
3222,0.49999999
3223,0.49999999
3224,0.49999999
3225,0.49999999
3226,0.49999999
3227,0.49999999
3228,0.49999999
3229,0.49999999
3230,0.49999999
3231,0.49999999
3232,0.49999999
3233,0.49999999
3234,0.49999999
3235,0.49999999
3236,0.49999999
3237,0.49999999
3238,0.49999999
3239,0.49999999
3240,0.49999999
3241,0.49999999
3242,0.49999999
3243,0.49999999
3244,0.49999999
3245,0.49999999
3246,0.49999999
3247,0.49999999
3248,0.49999999
3249,0.49999999
3250,0.49999999
3251,0.49999999
3252,0.49999999
3253,0.49999999
3254,0.49999999
3255,0.49999999
3256,0.49999999
3257,0.49999999
3258,0.49999999
3259,0.49999999
3260,0.49999999
3261,0.49999999
3262,0.49999999
3263,0.49999999
3264,0.49999999
3265,0.49999999
3266,0.49999999
3267,0.49401815
3268,0.49401815
3269,0.49401815
3270,0.49401815
3271,0.49401815
3272,0.49401815
3273,0.49401815
3274,0.49401815
3275,0.49401815
3276,0.50187773
3277,0.50187773
3278,0.50187773
3279,0.50187773
3280,0.50187773
3281,0.50187773
3282,0.50187773
3283,0.50187773
3284,0.50187773
3285,0.50187773
3286,0.50187773
3287,0.50187773
3288,0.50187773
3289,0.50187773
3290,0.50187773
3291,0.50187773
3292,0.49616445
3293,0.49616445
3294,0.49616445
3295,0.49616445
3296,0.49616445
3297,0.49616445
3298,0.49616445
3299,0.49616445
3300,0.49616445
3301,0.49616445
3302,0.49616445
3303,0.49616445
3304,0.49616445
3305,0.49616445
3306,0.49616445
3307,0.49616445
3308,0.49616445
3309,0.49616445
3310,0.49616302
3311,0.49616302
3312,0.49616302
3313,0.49616302
3314,0.49616302
3315,0.49616302
3316,0.49616302
3317,0.49616302
3318,0.49616302
3319,0.49616302
3320,0.49616302
3321,0.49616302
3322,0.49616302
3323,0.49616302
3324,0.49616302
3325,0.49616302
3326,0.49616302
3327,0.49616302
3328,0.49616302
3329,0.49616302
3330,0.49616302
3331,0.49616302
3332,0.49616302
3333,0.49616302
3334,0.49616302
3335,0.49616302
3336,0.49616302
3337,0.49616302
3338,0.49616302
3339,0.49616302
3340,0.49616302
3341,0.49616302
3342,0.49616302
3343,0.49616302
3344,0.49616302
3345,0.49616302
3346,0.49616302
3347,0.49616302
3348,0.49616302
3349,0.49616302
3350,0.49616302
3351,0.49616302
3352,0.49616302
3353,0.49616302
3354,0.49616302
3355,0.49616302
3356,0.49616302
3357,0.49616302
3358,0.49616302
3359,0.49616302
3360,0.49616302
3361,0.49616302
3362,0.49616302
3363,0.49616302
3364,0.49616302
3365,0.49616302
3366,0.49616302
3367,0.49616302
3368,0.49616302
3369,0.49616302
3370,0.49616302
3371,0.49616302
3372,0.49616302
3373,0.49616302
3374,0.49616302
3375,0.49616302
3376,0.49616302
3377,0.49616302
3378,0.49616302
3379,0.49616302
3380,0.49616302
3381,0.49616302
3382,0.49616302
3383,0.49616302
3384,0.49616302
3385,0.49616302
3386,0.49616302
3387,0.49616302
3388,0.49616302
3389,0.49616302
3390,0.49438894
3391,0.49438894
3392,0.49438894
3393,0.49438894
3394,0.49438894
3395,0.49438894
3396,0.49438894
3397,0.49438894
3398,0.49438894
3399,0.49438894
3400,0.49438894
3401,0.49438894
3402,0.49438894
3403,0.49438894
3404,0.49438894
3405,0.49438894
3406,0.49438894
3407,0.49438894
3408,0.50485899
3409,0.50485899
3410,0.50485899
3411,0.50485899
3412,0.50485899
3413,0.50485899
3414,0.50485899
3415,0.50485899
3416,0.50485899
3417,0.50485899
3418,0.50485899
3419,0.50485899
3420,0.50485899
3421,0.50485899
3422,0.49993165
3423,0.49993165
3424,0.49993165
3425,0.49993165
3426,0.49993165
3427,0.49993165
3428,0.49993165
3429,0.49993165
3430,0.49993165
3431,0.49993165
3432,0.49993165
3433,0.49993165
3434,0.49993165
3435,0.49993165
3436,0.49993165
3437,0.49993165
3438,0.49993165
3439,0.49993165
3440,0.49993165
3441,0.49993165
3442,0.49993165
3443,0.49993165
3444,0.49993165
3445,0.49993165
3446,0.49993165
3447,0.49993165
3448,0.49993165
3449,0.49993165
3450,0.49993054
3451,0.49993054
3452,0.49993054
3453,0.49993054
3454,0.49993054
3455,0.49993054
3456,0.49993054
3457,0.49993054
3458,0.49993054
3459,0.49993054
3460,0.49993054
3461,0.49993054
3462,0.49993054
3463,0.5
3464,0.5
3465,0.5
3466,0.5
3467,0.5
3468,0.5
3469,0.5
3470,0.5
3471,0.5
3472,0.5
3473,0.5
3474,0.5
3475,0.5
3476,0.5
3477,0.5
3478,0.5
3479,0.5
3480,0.5
3481,0.5
3482,0.5
3483,0.5
3484,0.5
3485,0.5
3486,0.5
3487,0.5
3488,0.5
3489,0.5
3490,0.5
3491,0.5
3492,0.5
3493,0.5
3494,0.5
3495,0.5
3496,0.5
3497,0.5
3498,0.5
3499,0.5
3500,0.5
3501,0.5
3502,0.5
3503,0.5
3504,0.5
3505,0.5
3506,0.5
3507,0.5
3508,0.5
3509,0.5
3510,0.5
3511,0.5
3512,0.5
3513,0.5
3514,0.5
3515,0.5
3516,0.5
3517,0.5
3518,0.5
3519,0.5
3520,0.5
3521,0.5
3522,0.5
3523,0.5
3524,0.5
3525,0.5
3526,0.5
3527,0.5
3528,0.5
3529,0.5
3530,0.5
3531,0.5
3532,0.5
3533,0.5
3534,0.5
3535,0.5
3536,0.5
3537,0.5
3538,0.5
3539,0.5
3540,0.5
3541,0.5
3542,0.5
3543,0.5
3544,0.5
3545,0.5
3546,0.5
3547,0.5
3548,0.5
3549,0.5
3550,0.5
3551,0.5
3552,0.5
3553,0.5
3554,0.5
3555,0.5
3556,0.5
3557,0.5
3558,0.5
3559,0.5
3560,0.5
3561,0.5
3562,0.5
3563,0.5
3564,0.5
3565,0.5
3566,0.5
3567,0.5
3568,0.5
3569,0.5
3570,0.5
3571,0.5
3572,0.5
3573,0.5
3574,0.5
3575,0.5
3576,0.5
3577,0.5
3578,0.5
3579,0.5
3580,0.5
3581,0.5
3582,0.5
3583,0.5
3584,0.5
3585,0.5
3586,0.5
3587,0.5
3588,0.5
3589,0.5
3590,0.5
3591,0.5
3592,0.5
3593,0.5
3594,0.5
3595,0.5
3596,0.5
3597,0.5
3598,0.5
3599,0.5
3600,0.5
3601,0.5
3602,0.5
3603,0.5
3604,0.5
3605,0.5
3606,0.5
3607,0.49609219
3608,0.49609219
3609,0.49609219
3610,0.49609219
3611,0.49609219
3612,0.49464045
3613,0.49464045
3614,0.49464045
3615,0.49464045
3616,0.49464045
3617,0.49464045
3618,0.49464045
3619,0.49464045
3620,0.49464045
3621,0.49464045
3622,0.49464045
3623,0.49464045
3624,0.49464045
3625,0.49464045
3626,0.49609219
3627,0.49609219
3628,0.49609219
3629,0.49609219
3630,0.49609219
3631,0.49609219
3632,0.49609219
3633,0.49609219
3634,0.49609219
3635,0.49609219
3636,0.49609219
3637,0.49609219
3638,0.49609219
3639,0.49609219
3640,0.49609219
3641,0.49609219
3642,0.49609219
3643,0.49609219
3644,0.49609219
3645,0.49609219
3646,0.49609219
3647,0.49609219
3648,0.49609219
3649,0.49609219
3650,0.49609219
3651,0.49609219
3652,0.49609219
3653,0.49609219
3654,0.49609219
3655,0.49609219
3656,0.49609219
3657,0.49609219
3658,0.49790319
3659,0.49790319
3660,0.49790319
3661,0.49728327
3662,0.49728327
3663,0.49728327
3664,0.49728327
3665,0.49728327
3666,0.49728327
3667,0.49728327
3668,0.49728327
3669,0.49728327
3670,0.49728327
3671,0.49728327
3672,0.49728327
3673,0.49728327
3674,0.49870636
3675,0.49870636
3676,0.49870636
3677,0.49870636
3678,0.49870636
3679,0.49870636
3680,0.49870636
3681,0.49870636
3682,0.49870636
3683,0.49870636
3684,0.49870636
3685,0.49870636
3686,0.49870636
3687,0.49870636
3688,0.49870636
3689,0.49870636
3690,0.49870636
3691,0.49870636
3692,0.49870636
3693,0.49870636
3694,0.49870636
3695,0.49870636
3696,0.49870636
3697,0.49870636
3698,0.49870636
3699,0.49870636
3700,0.49870636
3701,0.49870636
3702,0.49870636
3703,0.49870636
3704,0.49870636
3705,0.49870636
3706,0.49870636
3707,0.49870636
3708,0.49870636
3709,0.49870636
3710,0.49870636
3711,0.49870636
3712,0.49870636
3713,0.49870636
3714,0.49870636
3715,0.49870636
3716,0.49870636
3717,0.49870636
3718,0.49870636
3719,0.49870636
3720,0.49870636
3721,0.49870636
3722,0.49870636
3723,0.49870636
3724,0.49869992
3725,0.49869992
3726,0.49869992
3727,0.49869992
3728,0.49869992
3729,0.49869992
3730,0.49869992
3731,0.49622364
3732,0.49622364
3733,0.49622364
3734,0.49622364
3735,0.49622364
3736,0.49622364
3737,0.49622364
3738,0.49622364
3739,0.49622364
3740,0.49622364
3741,0.49622364
3742,0.49622364
3743,0.49622364
3744,0.49622364
3745,0.49622364
3746,0.49622364
3747,0.49622364
3748,0.49622364
3749,0.49622364
3750,0.49622364
3751,0.49622364
3752,0.49622364
3753,0.49622364
3754,0.49622364
3755,0.49622364
3756,0.49622364
3757,0.49622364
3758,0.49622364
3759,0.49622364
3760,0.49622364
3761,0.49986169
3762,0.49986169
3763,0.49986169
3764,0.49986169
3765,0.49986169
3766,0.49986169
3767,0.49986169
3768,0.49986169
3769,0.49986169
3770,0.49986169
3771,0.49986169
3772,0.49986169
3773,0.49986169
3774,0.49986169
3775,0.49986169
3776,0.49986169
3777,0.49986169
3778,0.49986169
3779,0.49640905
3780,0.49640905
3781,0.49640905
3782,0.49640905
3783,0.49640905
3784,0.49640905
3785,0.49640905
3786,0.49640905
3787,0.49742808
3788,0.49742808
3789,0.49742808
3790,0.49881772
3791,0.49464045
3792,0.49464045
3793,0.49464045
3794,0.49464045
3795,0.49464045
3796,0.49464045
3797,0.49464045
3798,0.49464045
3799,0.49464045
3800,0.49464045
3801,0.49464045
3802,0.49904306
3803,0.49904306
3804,0.49904306
3805,0.49904306
3806,0.49808961
3807,0.49808961
3808,0.49808961
3809,0.49808961
3810,0.49808961
3811,0.49808961
3812,0.49808961
3813,0.49808961
3814,0.49808961
3815,0.49808961
3816,0.49808961
3817,0.49808961
3818,0.49808961
3819,0.49808961
3820,0.49808961
3821,0.49808961
3822,0.49808961
3823,0.49808961
3824,0.49808961
3825,0.49808961
3826,0.49808961
3827,0.49808961
3828,0.49808961
3829,0.49808961
3830,0.49808961
3831,0.49808961
3832,0.49808961
3833,0.49808961
3834,0.49808961
3835,0.49808961
3836,0.49808961
3837,0.49808961
3838,0.49808961
3839,0.49808961
3840,0.49808961
3841,0.49808961
3842,0.49986169
3843,0.49986169
3844,0.49986169
3845,0.49986169
3846,0.49986169
3847,0.49986169
3848,0.49986169
3849,0.49986169
3850,0.49986169
3851,0.49986169
3852,0.49986169
3853,0.49986169
3854,0.49986169
3855,0.49986169
3856,0.49986169
3857,0.49986169
3858,0.49986169
3859,0.49986169
3860,0.49986169
3861,0.49986169
3862,0.49986169
3863,0.49986169
3864,0.49986169
3865,0.4940152
3866,0.4940152
3867,0.4940152
3868,0.4940152
3869,0.4940152
3870,0.4940152
3871,0.4940152
3872,0.4940152
3873,0.4940152
3874,0.49401522
3875,0.49401522
3876,0.49401522
3877,0.49401522
3878,0.49401522
3879,0.49401522
3880,0.49401522
3881,0.49401522
3882,0.49401522
3883,0.49401522
3884,0.49401522
3885,0.49401522
3886,0.49567075
3887,0.49567075
3888,0.49567075
3889,0.49567075
3890,0.49567075
3891,0.49567075
3892,0.49567075
3893,0.49567075
3894,0.49567075
3895,0.49567075
3896,0.49567075
3897,0.49567075
3898,0.49567075
3899,0.49567075
3900,0.49567075
3901,0.49567075
3902,0.49567075
3903,0.49567075
3904,0.49567075
3905,0.49567075
3906,0.49567075
3907,0.49567075
3908,0.49567075
3909,0.49567075
3910,0.49567075
3911,0.49567075
3912,0.49567075
3913,0.49567075
3914,0.49567075
3915,0.49567075
3916,0.49567075
3917,0.49567075
3918,0.49567075
3919,0.49567075
3920,0.49567075
3921,0.49567075
3922,0.49567075
3923,0.49567075
3924,0.49567075
3925,0.49567075
3926,0.49567075
3927,0.49567075
3928,0.49567075
3929,0.49567075
3930,0.49567075
3931,0.49567075
3932,0.49567075
3933,0.49567075
3934,0.49567075
3935,0.49567075
3936,0.49567075
3937,0.49567075
3938,0.49567075
3939,0.49567075
3940,0.49567075
3941,0.49567075
3942,0.49567075
3943,0.49567075
3944,0.49567075
3945,0.49401521
3946,0.49401521
3947,0.49401521
3948,0.49401521
3949,0.49401521
3950,0.49401521
3951,0.49401521
3952,0.49401521
3953,0.49401521
3954,0.49401521
3955,0.49401521
3956,0.49401521
3957,0.49401521
3958,0.49401521
3959,0.49401521
3960,0.49401521
3961,0.49401521
3962,0.49401521
3963,0.49401521
3964,0.49401521
3965,0.49401521
3966,0.49401521
3967,0.49401521
3968,0.49401521
3969,0.49401521
3970,0.49401521
3971,0.49401521
3972,0.49401521
3973,0.49401521
3974,0.49401521
3975,0.49567075
3976,0.49567075
3977,0.49567075
3978,0.49567075
3979,0.49567075
3980,0.49567075
3981,0.49567075
3982,0.49567075
3983,0.49567075
3984,0.49567075
3985,0.49401521
3986,0.49401521
3987,0.49401521
3988,0.49401521
3989,0.49401521
3990,0.49401521
3991,0.49401521
3992,0.49401521
3993,0.49401521
3994,0.49401521
3995,0.49401521
3996,0.49401521
3997,0.49401521
3998,0.49401521
3999,0.49401521
4000,0.4940152
4001,0.4940152
4002,0.4940152
4003,0.4940152
4004,0.4940152
4005,0.4940152
4006,0.4940152
4007,0.4940152
4008,0.4940152
4009,0.4940152
4010,0.4940152
4011,0.4940152
4012,0.4940152
4013,0.4940152
4014,0.4940152
4015,0.4940152
4016,0.4940152
4017,0.4940152
4018,0.4940152
4019,0.4940152
4020,0.4940152
4021,0.4940152
4022,0.4940152
4023,0.4940152
4024,0.4940152
4025,0.4940152
4026,0.4940152
4027,0.4940152
4028,0.4940152
4029,0.4940152
4030,0.4940152
4031,0.4940152
4032,0.4940152
4033,0.4940152
4034,0.4940152
4035,0.4940152
4036,0.4940152
4037,0.4940152
4038,0.4940152
4039,0.4940152
4040,0.4940152
4041,0.4940152
4042,0.4940152
4043,0.4940152
4044,0.4940152
4045,0.4940152
4046,0.4940152
4047,0.4940152
4048,0.4940152
4049,0.4940152
4050,0.49967166
4051,0.49967166
4052,0.49967166
4053,0.49967166
4054,0.49967166
4055,0.49967166
4056,0.49967166
4057,0.49967166
4058,0.49967166
4059,0.49967166
4060,0.49967166
4061,0.49967166
4062,0.49967166
4063,0.49967166
4064,0.49967166
4065,0.49967166
4066,0.49967166
4067,0.49967166
4068,0.49967166
4069,0.49967166
4070,0.49425889
4071,0.49425889
4072,0.49425889
4073,0.49425889
4074,0.49425889
4075,0.49425889
4076,0.49425889
4077,0.49425889
4078,0.49425889
4079,0.49425889
4080,0.49425889
4081,0.49425889
4082,0.49425889
4083,0.49425889
4084,0.49425889
4085,0.49425889
4086,0.49425889
4087,0.49425889
4088,0.49425889
4089,0.49425889
4090,0.49425889
4091,0.49425889
4092,0.49425889
4093,0.49425889
4094,0.49425889
4095,0.49425889
4096,0.49425889
4097,0.49425889
4098,0.49425889
4099,0.49425889
4100,0.49425889
4101,0.49425889
4102,0.49425889
4103,0.49425889
4104,0.49425889
4105,0.49425889
4106,0.49425889
4107,0.49425889
4108,0.49425889
4109,0.49425889
4110,0.49425889
4111,0.49425889
4112,0.49425889
4113,0.49425889
4114,0.49425889
4115,0.49425889
4116,0.49425889
4117,0.49425889
4118,0.49425889
4119,0.49425889
4120,0.49425889
4121,0.49425889
4122,0.49425889
4123,0.49425889
4124,0.49425889
4125,0.49425889
4126,0.49425889
4127,0.49425889
4128,0.49425889
4129,0.49425889
4130,0.49425889
4131,0.49425889
4132,0.49425889
4133,0.49425889
4134,0.49425889
4135,0.49425889
4136,0.49425889
4137,0.49425889
4138,0.49425889
4139,0.49425889
4140,0.49425889
4141,0.49425889
4142,0.49425889
4143,0.49425889
4144,0.49425889
4145,0.49425889
4146,0.49425889
4147,0.49425889
4148,0.49425889
4149,0.49425889
4150,0.49425889
4151,0.49425889
4152,0.49425889
4153,0.49425889
4154,0.49425889
4155,0.49425889
4156,0.49425889
4157,0.49425889
4158,0.49425889
4159,0.49425889
4160,0.49425889
4161,0.49425889
4162,0.49425889
4163,0.49425889
4164,0.49425889
4165,0.49425889
4166,0.49425889
4167,0.49425889
4168,0.49425889
4169,0.49425889
4170,0.49425889
4171,0.49425889
4172,0.49425889
4173,0.49425889
4174,0.49425889
4175,0.49425889
4176,0.49425889
4177,0.49425889
4178,0.49425889
4179,0.49425889
4180,0.49293138
4181,0.49293138
4182,0.49293138
4183,0.49293138
4184,0.49293138
4185,0.49293138
4186,0.49293138
4187,0.49293138
4188,0.49293138
4189,0.49293138
4190,0.49293138
4191,0.49293138
4192,0.49293138
4193,0.49293138
4194,0.49293138
4195,0.49293138
4196,0.49293138
4197,0.49293138
4198,0.49780491
4199,0.49780491
4200,0.49780491
4201,0.49780491
4202,0.49780491
4203,0.49780491
4204,0.49780491
4205,0.49780491
4206,0.49780491
4207,0.49780491
4208,0.49780491
4209,0.49780491
4210,0.49780491
4211,0.49780491
4212,0.49780491
4213,0.49390734
4214,0.49390734
4215,0.49390734
4216,0.49390734
4217,0.49390734
4218,0.49294089
4219,0.49294089
4220,0.49294089
4221,0.49294089
4222,0.49294089
4223,0.49294089
4224,0.49854675
4225,0.49854675
4226,0.49854675
4227,0.49854675
4228,0.49854675
4229,0.49854675
4230,0.49854675
4231,0.49854675
4232,0.49854675
4233,0.49854675
4234,0.49854675
4235,0.49854675
4236,0.49854675
4237,0.49854675
4238,0.49854675
4239,0.49854675
4240,0.49854675
4241,0.49854675
4242,0.49854675
4243,0.49854675
4244,0.49854675
4245,0.49854675
4246,0.49854675
4247,0.49854675
4248,0.49854675
4249,0.4929423
4250,0.4929423
4251,0.4929423
4252,0.4929423
4253,0.4929423
4254,0.4929423
4255,0.4929423
4256,0.4929423
4257,0.4929423
4258,0.4929423
4259,0.4929423
4260,0.4929423
4261,0.4929423
4262,0.4929423
4263,0.4929423
4264,0.4929423
4265,0.4929423
4266,0.4929423
4267,0.4929423
4268,0.4929423
4269,0.4929423
4270,0.4929423
4271,0.4929423
4272,0.4929423
4273,0.4929423
4274,0.4929423
4275,0.4929423
4276,0.4929423
4277,0.4929423
4278,0.4929423
4279,0.4929423
4280,0.4929423
4281,0.4929423
4282,0.4929423
4283,0.4929423
