0,0.03197423
1,0.03197423
2,0.03197423
3,0.03197423
4,0.03197423
5,0.03197423
6,0.03197423
7,0.03197423
8,0.03197423
9,0.03197423
10,0.03197423
11,0.03197423
12,0.03197423
13,0.03197423
14,0.03197423
15,0.03197423
16,0.03197423
17,0.03197423
18,0.03197423
19,0.03197423
20,0.03197423
21,0.03197423
22,0.03197423
23,0.03197423
24,0.03197423
25,0.03197423
26,0.03197423
27,0.03197423
28,0.03197423
29,0.03197423
30,0.03197423
31,0.03197423
32,0.03197423
33,0.03197423
34,0.03197423
35,0.03197425
36,0.03197425
37,0.03197425
38,0.03197425
39,0.03197425
40,0.0320546
41,0.0320546
42,0.0320546
43,0.0321033
44,0.0321033
45,0.0321033
46,0.03231928
47,0.03231928
48,0.03211498
49,0.03211498
50,0.03211498
51,0.03230594
52,0.0321033
53,0.0320546
54,0.0320546
55,0.0320546
56,0.0320546
57,0.0320546
58,0.0320546
59,0.0320546
60,0.0320546
61,0.0320546
62,0.03230271
63,0.03230316
64,0.03230316
65,0.03230316
66,0.03230316
67,0.03230316
68,0.03230316
69,0.03230316
70,0.03230316
71,0.03230316
72,0.03230316
73,0.03207698
74,0.0320546
75,0.0320546
76,0.03192361
77,0.03188452
78,0.03188452
79,0.03188452
80,0.03188452
81,0.03192361
82,0.03192361
83,0.03192361
84,0.03192361
85,0.03192361
86,0.03192361
87,0.03192361
88,0.0320646
89,0.0320646
90,0.0320646
91,0.0320646
92,0.0320646
93,0.0320646
94,0.0320646
95,0.0320646
96,0.0320646
97,0.0320646
98,0.0320646
99,0.0320646
100,0.0320646
101,0.0320646
102,0.0320646
103,0.0320646
104,0.0320646
105,0.0320646
106,0.0320646
107,0.0320646
108,0.0320646
109,0.03222433
110,0.03222433
111,0.03222433
112,0.03222433
113,0.03222433
114,0.03229967
115,0.03229967
116,0.03229967
117,0.03229956
118,0.03229956
119,0.03229956
120,0.03229956
121,0.03229956
122,0.03229956
123,0.03229956
124,0.03229956
125,0.03229956
126,0.03229956
127,0.03229956
128,0.03229956
129,0.03229956
130,0.03229956
131,0.03229956
132,0.03229956
133,0.03229956
134,0.03229956
135,0.03229956
136,0.03229956
137,0.03229956
138,0.03229956
139,0.03229956
140,0.03229956
141,0.03229956
142,0.03229956
143,0.03229956
144,0.0322766
145,0.0322766
146,0.0322766
147,0.0322766
148,0.0322766
149,0.0322766
150,0.0322766
151,0.0322766
152,0.0322766
153,0.0322766
154,0.0322766
155,0.0322766
156,0.0322766
157,0.0322766
158,0.0322766
159,0.0322766
160,0.0322766
161,0.0322766
162,0.0322766
163,0.0322766
164,0.0322766
165,0.0322766
166,0.0322766
167,0.0322766
168,0.0322766
169,0.0322766
170,0.0322766
171,0.0322766
172,0.0322766
173,0.0322766
174,0.0322766
175,0.03212766
176,0.03212766
177,0.03212766
178,0.03212766
179,0.03212766
180,0.03199915
181,0.03189517
182,0.03193244
183,0.03193244
184,0.03193244
185,0.03193244
186,0.03193244
187,0.03193244
188,0.03193287
189,0.03193287
190,0.03193287
191,0.03193287
192,0.03193287
193,0.03193287
194,0.03193332
195,0.03193332
196,0.03193332
197,0.03193332
198,0.03193332
199,0.03193332
200,0.03193332
201,0.03193395
202,0.03193395
203,0.03193395
204,0.03193395
205,0.03193395
206,0.03193395
207,0.03193395
208,0.03193395
209,0.03189801
210,0.03189801
211,0.03189801
212,0.03189801
213,0.03189801
214,0.03189801
215,0.03189801
216,0.03190036
217,0.03190036
218,0.03190036
219,0.03190036
220,0.03190036
221,0.03190036
222,0.0319012
223,0.0319012
224,0.0319012
225,0.0319012
226,0.0319012
227,0.0319012
228,0.0319012
229,0.0319012
230,0.0319012
231,0.0319012
232,0.0319012
233,0.0319012
234,0.0319012
235,0.0319012
236,0.03200027
237,0.03200027
238,0.03200027
239,0.03200027
240,0.03200027
241,0.03200027
242,0.03200027
243,0.03200027
244,0.03200027
245,0.03200027
246,0.03200027
247,0.03213147
248,0.03213147
249,0.03213147
250,0.03213147
251,0.03213147
252,0.03213147
253,0.03213147
254,0.03213147
255,0.03213147
256,0.03215149
257,0.03215149
258,0.03215149
259,0.03213147
260,0.03213147
261,0.03213147
262,0.03213147
263,0.03213147
264,0.03213147
265,0.03215149
266,0.03215149
267,0.03215149
268,0.03215149
269,0.03215149
270,0.03215149
271,0.03215149
272,0.03215149
273,0.03215149
274,0.03215149
275,0.03215149
276,0.03215149
277,0.03215149
278,0.03215149
279,0.03215149
280,0.03215149
281,0.03215149
282,0.03215149
283,0.03215149
284,0.03215149
285,0.03215149
286,0.03215149
287,0.03215149
288,0.03215149
289,0.032
290,0.032
291,0.032
292,0.032
293,0.032
294,0.032
295,0.032
296,0.032
297,0.032
298,0.032
299,0.032
300,0.032
301,0.032
302,0.032
303,0.032
304,0.032
305,0.032
306,0.032
307,0.032
308,0.03188452
309,0.03188452
310,0.03188452
311,0.03188452
312,0.03188452
313,0.03188452
314,0.03188452
315,0.03188452
316,0.03188452
317,0.03188452
318,0.03188452
319,0.03188452
320,0.03188452
321,0.03188452
322,0.03188452
323,0.03188452
324,0.03188452
325,0.03188452
326,0.03188452
327,0.03188452
328,0.03188452
329,0.03188452
330,0.03188452
331,0.03188452
332,0.03188452
333,0.03178256
334,0.03178256
335,0.03178256
336,0.03178256
337,0.03178256
338,0.03178256
339,0.03178256
340,0.0317
341,0.0317
342,0.0317
343,0.0317
344,0.0317
345,0.0317
346,0.0317
347,0.0317
348,0.03193925
349,0.03193925
350,0.03193915
351,0.03193915
352,0.03193915
353,0.03193915
354,0.03193907
355,0.03193907
356,0.0317
357,0.0317
358,0.0317
359,0.0317
360,0.0317
361,0.0317
362,0.0317
363,0.0317
364,0.0317
365,0.0317
366,0.0317
367,0.0317
368,0.03166663
369,0.03166663
370,0.03166663
371,0.03166663
372,0.03166663
373,0.03166663
374,0.03166663
375,0.03166663
376,0.03166663
377,0.03166663
378,0.03166663
379,0.03166663
380,0.03166318
381,0.03166318
382,0.03166318
383,0.03166318
384,0.03166318
385,0.03166318
386,0.03166318
387,0.03166318
388,0.03166318
389,0.03166318
390,0.03166318
391,0.03166318
392,0.03166318
393,0.03166318
394,0.03166318
395,0.03166327
396,0.03166327
397,0.03166319
398,0.03166319
399,0.03153529
400,0.03155577
401,0.03155577
402,0.03155577
403,0.03155577
404,0.03155577
405,0.03155577
406,0.03155577
407,0.03155577
408,0.03155577
409,0.03155577
410,0.03155577
411,0.03155577
412,0.03155577
413,0.03155577
414,0.03155577
415,0.03157298
416,0.03157298
417,0.03157298
418,0.03157298
419,0.03157298
420,0.03166328
421,0.03166328
422,0.03166328
423,0.03166328
424,0.03166328
425,0.03166331
426,0.03166331
427,0.03166331
428,0.03166328
429,0.03166328
430,0.03166328
431,0.03166328
432,0.03166328
433,0.03166328
434,0.03166328
435,0.03166663
436,0.03166663
437,0.03166663
438,0.03166663
439,0.03166663
440,0.03166663
441,0.03166663
442,0.03166663
443,0.03166663
444,0.03166663
445,0.03166663
446,0.03166663
447,0.03166663
448,0.03166663
449,0.03166663
450,0.03166663
451,0.03166663
452,0.03166663
453,0.03166663
454,0.03166663
455,0.03166663
456,0.03167341
457,0.0318321
458,0.0318321
459,0.0318321
460,0.0318321
461,0.0318321
462,0.0318321
463,0.03185419
464,0.03185419
465,0.03185419
466,0.03185419
467,0.03185419
468,0.03185419
469,0.03185419
470,0.03185419
471,0.03185419
472,0.03185419
473,0.03185419
474,0.03185419
475,0.03185419
476,0.03185419
477,0.03185419
478,0.03185419
479,0.03185419
480,0.03185419
481,0.03185419
482,0.03185419
483,0.03185419
484,0.03185419
485,0.03185419
486,0.03185419
487,0.03185419
488,0.03150091
489,0.03150091
490,0.03150091
491,0.03150091
492,0.03150091
493,0.03150091
494,0.03150091
495,0.03150091
496,0.03150091
497,0.03150091
498,0.03150091
499,0.03150091
500,0.03150091
501,0.03150091
502,0.03150091
503,0.03150091
504,0.03150091
505,0.03150091
506,0.03150091
507,0.03150091
508,0.03150091
509,0.03150091
510,0.03150091
511,0.03150091
512,0.03150091
513,0.03150091
514,0.03150091
515,0.03150091
516,0.03150091
517,0.03150091
518,0.03150091
519,0.03155013
520,0.03155013
521,0.03155013
522,0.03155013
523,0.03155013
524,0.03155013
525,0.03155013
526,0.03155013
527,0.03155013
528,0.03155013
529,0.03155013
530,0.03155013
531,0.03155013
532,0.03155013
533,0.03155013
534,0.03155013
535,0.03155013
536,0.03155013
537,0.031699
538,0.031699
539,0.031699
540,0.031699
541,0.031699
542,0.031699
543,0.031699
544,0.031699
545,0.031699
546,0.031699
547,0.0318321
548,0.03185885
549,0.03185885
550,0.03185885
551,0.03185885
552,0.03185885
553,0.03185885
554,0.03185885
555,0.03185885
556,0.03185885
557,0.03185885
558,0.03185885
559,0.03185885
560,0.03185885
561,0.03185885
562,0.03185885
563,0.03185885
564,0.03185885
565,0.03185885
566,0.03185885
567,0.03185885
568,0.03185885
569,0.03185885
570,0.03185885
571,0.03185885
572,0.03185885
573,0.03185885
574,0.03185885
575,0.03185885
576,0.03185885
577,0.03185885
578,0.03185885
579,0.03185885
580,0.03185885
581,0.03185885
582,0.03185885
583,0.03185885
584,0.03185885
585,0.03185885
586,0.03185885
587,0.03185885
588,0.03185885
589,0.03185885
590,0.03185885
591,0.03185885
592,0.03185885
593,0.03185885
594,0.03185885
595,0.03185885
596,0.03185885
597,0.03185809
598,0.03185809
599,0.03185809
600,0.03185809
601,0.03185809
602,0.03185809
603,0.03185809
604,0.03185809
605,0.03185809
606,0.03185809
607,0.03185809
608,0.03185809
609,0.03185809
610,0.03185809
611,0.03185809
612,0.03185809
613,0.03185809
614,0.03185809
615,0.03185809
616,0.03185809
617,0.03185809
618,0.03185809
619,0.03185809
620,0.03185809
621,0.03185809
622,0.03185809
623,0.03185809
624,0.03185809
625,0.03185809
626,0.031689
627,0.031689
628,0.031689
629,0.031689
630,0.031689
631,0.031689
632,0.031689
633,0.031689
634,0.031689
635,0.031689
636,0.031689
637,0.031689
638,0.031689
639,0.031689
640,0.031689
641,0.031689
642,0.031689
643,0.031689
644,0.031689
645,0.031689
646,0.031689
647,0.031689
648,0.031689
649,0.031689
650,0.031689
651,0.031689
652,0.031689
653,0.031689
654,0.031689
655,0.031689
656,0.031689
657,0.031689
658,0.031689
659,0.031689
660,0.031689
661,0.031689
662,0.031689
663,0.031689
664,0.031689
665,0.031689
666,0.031689
667,0.031689
668,0.031689
669,0.031689
670,0.031689
671,0.031689
672,0.031689
673,0.031689
674,0.031689
675,0.031689
676,0.031689
677,0.031689
678,0.031689
679,0.031689
680,0.031689
681,0.031689
682,0.031689
683,0.031689
684,0.031689
685,0.031689
686,0.031689
687,0.031689
688,0.031689
689,0.03185383
690,0.03185383
691,0.03185383
692,0.03185383
693,0.03185383
694,0.03185383
695,0.03185383
696,0.03185383
697,0.03185383
698,0.03185383
699,0.03185886
700,0.03185886
701,0.03185886
702,0.03185886
703,0.03185886
704,0.03185886
705,0.03185886
706,0.03185886
707,0.03185886
708,0.03185886
709,0.03185886
710,0.03185886
711,0.03185886
712,0.03185886
713,0.03185886
714,0.03155085
715,0.03155085
716,0.03155085
717,0.03155085
718,0.03155085
719,0.03155085
720,0.03155085
721,0.03155085
722,0.03155085
723,0.03155085
724,0.03155085
725,0.03155085
726,0.03155085
727,0.03155085
728,0.03155085
729,0.03155085
730,0.03155085
731,0.03155085
732,0.03155085
733,0.03155085
734,0.03155085
735,0.03155235
736,0.03155235
737,0.03155235
738,0.03155235
739,0.03155235
740,0.03155235
741,0.03155235
742,0.03155235
743,0.03155235
744,0.03155235
745,0.03155235
746,0.03155235
747,0.03155235
748,0.03155235
749,0.03155235
750,0.03155235
751,0.03155235
752,0.03155235
753,0.03155235
754,0.03155235
755,0.03155235
756,0.03155235
757,0.03155235
758,0.03155235
759,0.03155235
760,0.03155235
761,0.03155235
762,0.03155235
763,0.03155235
764,0.03155235
765,0.03155235
766,0.03155235
767,0.03155235
768,0.0315548
769,0.0315548
770,0.0315548
771,0.03184927
772,0.03184927
773,0.03184927
774,0.03184927
775,0.03184927
776,0.03184927
777,0.03184927
778,0.03184927
779,0.03184927
780,0.03184927
781,0.03184927
782,0.03184927
783,0.03184927
784,0.03184927
785,0.03184927
786,0.03184927
787,0.03184927
788,0.03184927
789,0.03181747
790,0.03181747
791,0.03181747
792,0.03181747
793,0.03181747
794,0.03181747
795,0.03181747
796,0.03181747
797,0.03181747
798,0.03181747
799,0.03181747
800,0.03181747
801,0.03181747
802,0.03181747
803,0.03181747
804,0.03181747
805,0.03181747
806,0.03181747
807,0.03181747
808,0.03181747
809,0.03181747
810,0.03181747
811,0.03192944
812,0.03192944
813,0.03192944
814,0.03192944
815,0.03192944
816,0.03192944
817,0.03192944
818,0.03192944
819,0.03192944
820,0.03192944
821,0.03192944
822,0.03192944
823,0.03192944
824,0.03192944
825,0.03192944
826,0.03192944
827,0.03192944
828,0.03192944
829,0.03192944
830,0.03192944
831,0.03192944
832,0.03192944
833,0.03192944
834,0.03192944
835,0.03192944
836,0.03192944
837,0.03192944
838,0.03192944
839,0.03192944
840,0.03192944
841,0.03192944
842,0.03192944
843,0.03192944
844,0.03192944
845,0.03192944
846,0.03192944
847,0.03192944
848,0.03192944
849,0.03192944
850,0.03192944
851,0.03192944
852,0.03192944
853,0.03192944
854,0.03192944
855,0.03192944
856,0.03192944
857,0.03192944
858,0.03192944
859,0.03192944
860,0.03192944
861,0.03192944
862,0.03192944
863,0.03192944
864,0.03192944
865,0.03192944
866,0.03192944
867,0.03192944
868,0.03192944
869,0.03192944
870,0.03192944
871,0.03192944
872,0.03192944
873,0.03174747
874,0.03174747
875,0.03174747
876,0.03174747
877,0.03174747
878,0.03174747
879,0.03174747
880,0.03174747
881,0.03174747
882,0.03174747
883,0.03174747
884,0.03174747
885,0.03174747
886,0.03174747
887,0.03174747
888,0.03165223
889,0.03165223
890,0.03165223
891,0.03153056
892,0.03153056
893,0.03153056
894,0.03153056
895,0.03150001
896,0.03150001
897,0.03150001
898,0.03150001
899,0.03150003
900,0.03150003
901,0.03150003
902,0.03150003
903,0.03150003
904,0.03150003
905,0.03150003
906,0.03150003
907,0.03150003
908,0.03150003
909,0.03150003
910,0.03150003
911,0.03150003
912,0.03150003
913,0.03150003
914,0.03150003
915,0.03150003
916,0.03150003
917,0.03150003
918,0.03150003
919,0.03150003
920,0.03150003
921,0.03150003
922,0.03150003
923,0.03150003
924,0.03150003
925,0.03150003
926,0.03150003
927,0.03150003
928,0.03150003
929,0.03150003
930,0.03150003
931,0.03150003
932,0.03150003
933,0.03150003
934,0.03150003
935,0.03150003
936,0.03150003
937,0.03159425
938,0.03159425
939,0.03159425
940,0.03159425
941,0.03159425
942,0.03159425
943,0.03159425
944,0.03159425
945,0.03159425
946,0.03159425
947,0.03159425
948,0.03159425
949,0.03159425
950,0.03159425
951,0.03159425
952,0.03159425
953,0.03159425
954,0.03159425
955,0.03159425
956,0.03159425
957,0.03159425
958,0.03159425
959,0.03159425
960,0.03159425
961,0.03181936
962,0.03181936
963,0.03181936
964,0.03181936
965,0.03181936
966,0.03181936
967,0.03181936
968,0.03181936
969,0.03181936
970,0.03150004
971,0.03150004
972,0.03150004
973,0.03150004
974,0.03181903
975,0.03181903
976,0.03181903
977,0.03181903
978,0.03181903
979,0.03181903
980,0.03181903
981,0.03181903
982,0.03181903
983,0.03181903
984,0.03181903
985,0.03181903
986,0.03181903
987,0.03181903
988,0.03181903
989,0.03181903
990,0.03181903
991,0.03181903
992,0.03181903
993,0.03181903
994,0.03181903
995,0.03181903
996,0.03181903
997,0.03181903
998,0.03181903
999,0.03181903
1000,0.03181903
1001,0.03181903
1002,0.03181903
1003,0.03181903
1004,0.03181903
1005,0.03181903
1006,0.03181903
1007,0.03181903
1008,0.03181903
1009,0.03181903
1010,0.03181903
1011,0.03181903
1012,0.0316
1013,0.0316
1014,0.0316
1015,0.0316
1016,0.0315253
1017,0.0315253
1018,0.0315253
1019,0.0315253
1020,0.0315253
1021,0.0315253
1022,0.0315253
1023,0.0315253
1024,0.0315253
1025,0.0315253
1026,0.0315253
1027,0.0315253
1028,0.0315253
1029,0.0315253
1030,0.0315253
1031,0.0315253
1032,0.0315253
1033,0.0315253
1034,0.0315253
1035,0.0315253
1036,0.03150004
1037,0.03150004
1038,0.03150004
1039,0.03150004
1040,0.03150004
1041,0.03150004
1042,0.03150004
1043,0.03150004
1044,0.03150004
1045,0.03150004
1046,0.03150004
1047,0.03150004
1048,0.03150004
1049,0.03150004
1050,0.03150004
1051,0.03150004
1052,0.03150004
1053,0.03150004
1054,0.03150004
1055,0.03150004
1056,0.03150004
1057,0.03150004
1058,0.03150004
1059,0.03150004
1060,0.03150004
1061,0.03149931
1062,0.03149931
1063,0.03149931
1064,0.03149931
1065,0.03149931
1066,0.03149931
1067,0.03149931
1068,0.03149931
1069,0.03149931
1070,0.03149931
1071,0.03149931
1072,0.03149931
1073,0.03149931
1074,0.03149931
1075,0.03149931
1076,0.03149931
1077,0.03149931
1078,0.03140364
1079,0.03140364
1080,0.03140364
1081,0.03140364
1082,0.03140364
1083,0.03140364
1084,0.03140364
1085,0.03140364
1086,0.03140364
1087,0.03140364
1088,0.03140364
1089,0.03140364
1090,0.03140364
1091,0.03140364
1092,0.03140364
1093,0.03140364
1094,0.03140364
1095,0.03140364
1096,0.03140364
1097,0.03140364
1098,0.03140364
1099,0.03140364
1100,0.03140364
1101,0.03140364
1102,0.03140364
1103,0.03140364
1104,0.03140364
1105,0.03140364
1106,0.03140364
1107,0.03140364
1108,0.03140364
1109,0.03140364
1110,0.03140364
1111,0.03140364
1112,0.03140364
1113,0.03140364
1114,0.03140364
1115,0.03140364
1116,0.03140364
1117,0.03140364
1118,0.03140364
1119,0.03140364
1120,0.03140364
1121,0.03140364
1122,0.03140364
1123,0.03140364
1124,0.03140364
1125,0.03140364
1126,0.03140364
1127,0.03140364
1128,0.03140364
1129,0.03140364
1130,0.03140364
1131,0.03140364
1132,0.03140364
1133,0.03140364
1134,0.03140364
1135,0.03140364
1136,0.03140364
1137,0.03140364
1138,0.03140364
1139,0.03140364
1140,0.03140364
1141,0.03140364
1142,0.03140364
1143,0.03140364
1144,0.03140364
1145,0.03140364
1146,0.03140364
1147,0.03140364
1148,0.03140364
1149,0.03140364
1150,0.03140364
1151,0.03140364
1152,0.03140364
1153,0.03140364
1154,0.03140364
1155,0.03140364
1156,0.03140364
1157,0.03140364
1158,0.03140364
1159,0.03140364
1160,0.03140364
1161,0.03140364
1162,0.03140364
1163,0.03140364
1164,0.03140364
1165,0.03140364
1166,0.03140364
1167,0.03140363
1168,0.03139968
1169,0.03139968
1170,0.03139968
1171,0.03139968
1172,0.03139968
1173,0.03139968
1174,0.03139968
1175,0.03139968
1176,0.03139968
1177,0.03139968
1178,0.03139968
1179,0.03139968
1180,0.03139968
1181,0.03139968
1182,0.03139968
1183,0.03139968
1184,0.03139968
1185,0.03139968
1186,0.03139968
1187,0.03139968
1188,0.03178269
1189,0.03178269
1190,0.03178269
1191,0.03178269
1192,0.03178269
1193,0.03178269
1194,0.03178269
1195,0.03178269
1196,0.03178269
1197,0.03178269
1198,0.03178269
1199,0.03178269
1200,0.03178269
1201,0.03178269
1202,0.03178269
1203,0.03178269
1204,0.03178269
1205,0.03178269
1206,0.03178269
1207,0.03170481
1208,0.03170481
1209,0.03170481
1210,0.03170481
1211,0.03170481
1212,0.03170481
1213,0.03170481
1214,0.03139968
1215,0.03139968
1216,0.03139968
1217,0.03139968
1218,0.03139968
1219,0.03139968
1220,0.03139968
1221,0.03139968
1222,0.03139968
1223,0.03139968
1224,0.03139968
1225,0.03139968
1226,0.03139968
1227,0.03139968
1228,0.03139968
1229,0.03139968
1230,0.03139968
1231,0.03139968
1232,0.03139968
1233,0.03139968
1234,0.03139968
1235,0.03139968
1236,0.03139968
1237,0.03139968
1238,0.03139968
1239,0.03139968
1240,0.03139968
1241,0.03139968
1242,0.03139968
1243,0.03139968
1244,0.03139968
1245,0.03139968
1246,0.03139968
1247,0.03139968
1248,0.03139968
1249,0.03139968
1250,0.03139968
1251,0.03139968
1252,0.03139968
1253,0.03139968
1254,0.03139968
1255,0.03139968
1256,0.03139968
1257,0.03139968
1258,0.03139968
1259,0.03139968
1260,0.03139968
1261,0.03139968
1262,0.03139968
1263,0.03139968
1264,0.03139968
1265,0.03139968
1266,0.03139968
1267,0.03139968
1268,0.03139968
1269,0.03139968
1270,0.03139968
1271,0.03139968
1272,0.03139968
1273,0.03139968
1274,0.03139968
1275,0.03139968
1276,0.03139968
1277,0.03139968
1278,0.03139968
1279,0.03139968
1280,0.03139968
1281,0.03139968
1282,0.03139968
1283,0.03139968
1284,0.03139968
1285,0.03139968
1286,0.03139968
1287,0.03139968
1288,0.03139968
1289,0.03139968
1290,0.03139968
1291,0.03139968
1292,0.03139968
1293,0.03170468
1294,0.03170468
1295,0.03112214
1296,0.03112197
1297,0.03112197
1298,0.03112197
1299,0.03112197
1300,0.03112197
1301,0.03112197
1302,0.03112197
1303,0.03112197
1304,0.03112197
1305,0.03112197
1306,0.03112197
1307,0.03112197
1308,0.03112197
1309,0.03112197
1310,0.03112197
1311,0.03108716
1312,0.03108716
1313,0.03108716
1314,0.03108716
1315,0.03108716
1316,0.03108716
1317,0.03108716
1318,0.03108716
1319,0.03108716
1320,0.03108716
1321,0.03108716
1322,0.03108716
1323,0.03108716
1324,0.03108716
1325,0.03108716
1326,0.03108716
1327,0.03108716
1328,0.03108716
1329,0.03108716
1330,0.03108716
1331,0.03108716
1332,0.03108716
1333,0.03108716
1334,0.03108716
1335,0.03108716
1336,0.03108716
1337,0.03108716
1338,0.03108716
1339,0.03108716
1340,0.03108716
1341,0.03108716
1342,0.03142471
1343,0.03142471
1344,0.03142471
1345,0.03142471
1346,0.03142471
1347,0.03142471
1348,0.03154816
1349,0.03154816
1350,0.03154816
1351,0.03154816
1352,0.03154816
1353,0.03154816
1354,0.03154816
1355,0.03154816
1356,0.03154816
1357,0.03154816
1358,0.03154816
1359,0.03154816
1360,0.03154816
1361,0.03154816
1362,0.03154816
1363,0.03154816
1364,0.03154816
1365,0.03154816
1366,0.03154816
1367,0.03154816
1368,0.03154816
1369,0.03154816
1370,0.03154816
1371,0.03154816
1372,0.03154816
1373,0.03154816
1374,0.03154816
1375,0.03154816
1376,0.03154816
1377,0.03154816
1378,0.03154816
1379,0.03154816
1380,0.03154816
1381,0.03154816
1382,0.03154816
1383,0.03154816
1384,0.03154816
1385,0.03154816
1386,0.03142416
1387,0.03142416
1388,0.03142416
1389,0.03142416
1390,0.03142416
1391,0.03142416
1392,0.03142416
1393,0.03142416
1394,0.03142416
1395,0.03142416
1396,0.03142416
1397,0.03142416
1398,0.03142416
1399,0.03142416
1400,0.03142416
1401,0.03142416
1402,0.03142416
1403,0.03142416
1404,0.03142416
1405,0.03142416
1406,0.03142416
1407,0.03142416
1408,0.03154816
1409,0.03154816
1410,0.03154816
1411,0.03117344
1412,0.03117361
1413,0.03117361
1414,0.03117361
1415,0.03117361
1416,0.03117361
1417,0.03117361
1418,0.03117361
1419,0.03117361
1420,0.03117361
1421,0.03117361
1422,0.03117361
1423,0.03117361
1424,0.03117361
1425,0.03117361
1426,0.03117361
1427,0.03117361
1428,0.03117361
1429,0.03117361
1430,0.03117361
1431,0.03117361
1432,0.03154816
1433,0.03154816
1434,0.03154816
1435,0.03154816
1436,0.03154816
1437,0.03154816
1438,0.03154816
1439,0.03154816
1440,0.03154816
1441,0.03154816
1442,0.03154816
1443,0.03154816
1444,0.03154816
1445,0.03154816
1446,0.03154816
1447,0.03154816
1448,0.03154816
1449,0.03154816
1450,0.03154816
1451,0.03154816
1452,0.03154816
1453,0.0316522
1454,0.0316522
1455,0.03165203
1456,0.03165203
1457,0.03165203
1458,0.03165203
1459,0.03165203
1460,0.03165203
1461,0.03154816
1462,0.03154816
1463,0.03154816
1464,0.03154816
1465,0.03154816
1466,0.03154816
1467,0.03154816
1468,0.03154816
1469,0.03154816
1470,0.03154816
1471,0.03154816
1472,0.03154816
1473,0.03154816
1474,0.03154816
1475,0.03154816
1476,0.03154816
1477,0.03154816
1478,0.03154816
1479,0.03132812
1480,0.03132812
1481,0.03132812
1482,0.03132812
1483,0.03132812
1484,0.03132812
1485,0.03132812
1486,0.03132812
1487,0.03132812
1488,0.03132812
1489,0.03132812
1490,0.03132812
1491,0.03132812
1492,0.03132812
1493,0.03132812
1494,0.03159869
1495,0.03164754
1496,0.03164735
1497,0.03164735
1498,0.03164735
1499,0.03164735
1500,0.03164735
1501,0.03164735
1502,0.03164735
1503,0.03164735
1504,0.03164735
1505,0.03164735
1506,0.03164656
1507,0.03164656
1508,0.03164656
1509,0.03164656
1510,0.03164656
1511,0.03164614
1512,0.03164602
1513,0.03164602
1514,0.03164602
1515,0.03164602
1516,0.03164602
1517,0.03164602
1518,0.03164602
1519,0.03164547
1520,0.03164547
1521,0.03164547
1522,0.03164547
1523,0.03164547
1524,0.03164547
1525,0.03164547
1526,0.03164547
1527,0.03164547
1528,0.03164547
1529,0.03164547
1530,0.03164547
1531,0.03164547
1532,0.03164547
1533,0.03164547
1534,0.03164547
1535,0.03164547
1536,0.03164547
1537,0.03164547
1538,0.03164547
1539,0.03164547
1540,0.03164547
1541,0.03164547
1542,0.03164547
1543,0.03164547
1544,0.03164547
1545,0.03164547
1546,0.03164547
1547,0.03164547
1548,0.03164547
1549,0.03164547
1550,0.03164547
1551,0.03164547
1552,0.03164547
1553,0.03164547
1554,0.03164547
1555,0.03164547
1556,0.03164547
1557,0.03164547
1558,0.03164547
1559,0.03164547
1560,0.03164547
1561,0.03164547
1562,0.03164547
1563,0.03164547
1564,0.03164547
1565,0.03164547
1566,0.03164547
1567,0.03164547
1568,0.0312958
1569,0.0312958
1570,0.0312958
1571,0.0312958
1572,0.03134348
1573,0.03134348
1574,0.03134348
1575,0.03134348
1576,0.03134348
1577,0.03133661
1578,0.03133661
1579,0.03133661
1580,0.03133661
1581,0.03133661
1582,0.03133661
1583,0.03133661
1584,0.03133661
1585,0.03133661
1586,0.03162249
1587,0.03162249
1588,0.03162249
1589,0.03133661
1590,0.03133661
1591,0.03126676
1592,0.03126676
1593,0.03123704
1594,0.03115374
1595,0.03114837
1596,0.03128793
1597,0.03128793
1598,0.03128793
1599,0.03128793
1600,0.03128793
1601,0.03128793
1602,0.03128793
1603,0.03128793
1604,0.03128793
1605,0.03128793
1606,0.03094973
1607,0.03095469
1608,0.03098814
1609,0.03106391
1610,0.03106391
1611,0.03099243
1612,0.03099243
1613,0.03098787
1614,0.03080623
1615,0.03080623
1616,0.03080623
1617,0.03080623
1618,0.03080623
1619,0.03080623
1620,0.0307295
1621,0.0307295
1622,0.0307295
1623,0.0307295
1624,0.0307295
1625,0.03059433
1626,0.03059433
1627,0.03059433
1628,0.03059433
1629,0.03059433
1630,0.03059433
1631,0.03059433
1632,0.03059433
1633,0.03059433
1634,0.03073646
1635,0.0306029
1636,0.03073717
1637,0.03073717
1638,0.03073717
1639,0.03073717
1640,0.030592
1641,0.030592
1642,0.030592
1643,0.030592
1644,0.030592
1645,0.030592
1646,0.030592
1647,0.030592
1648,0.030592
1649,0.03093297
1650,0.03093297
1651,0.03093297
1652,0.03093297
1653,0.03093297
1654,0.03093297
1655,0.0304582
1656,0.0304582
1657,0.0304582
1658,0.0306714
1659,0.0306714
1660,0.0306714
1661,0.03045766
1662,0.03045766
1663,0.03041692
1664,0.0303905
1665,0.03031
1666,0.03067077
1667,0.03067077
1668,0.03067077
1669,0.03023855
1670,0.03023855
1671,0.03023855
1672,0.03023855
1673,0.03023855
1674,0.03023855
1675,0.03023855
1676,0.03023855
1677,0.03023855
1678,0.03023855
1679,0.03023855
1680,0.03023855
1681,0.03022894
1682,0.03000009
1683,0.03000009
1684,0.03012421
1685,0.02982015
1686,0.02979647
1687,0.03022867
1688,0.03022867
1689,0.03022867
1690,0.03022867
1691,0.03022867
1692,0.03022867
1693,0.0297877
1694,0.0297877
1695,0.0297877
1696,0.0297877
1697,0.0297877
1698,0.0297877
1699,0.0297877
1700,0.0297877
1701,0.0297877
1702,0.0297877
1703,0.03022674
1704,0.03022674
1705,0.03022674
1706,0.03022674
1707,0.02978769
1708,0.03043753
1709,0.03043753
1710,0.03049556
1711,0.03049545
1712,0.03049541
1713,0.03049531
1714,0.03049523
1715,0.03049521
1716,0.03049513
1717,0.03049509
1718,0.03049498
1719,0.03049488
1720,0.03049479
1721,0.03049468
1722,0.03049457
1723,0.03049452
1724,0.03049444
1725,0.03049434
1726,0.03049422
1727,0.03008158
1728,0.03049401
1729,0.03049391
1730,0.03049391
1731,0.03049391
1732,0.0304939
1733,0.03049382
1734,0.03049382
1735,0.03049382
1736,0.03049556
1737,0.03019116
1738,0.03065013
1739,0.03043753
1740,0.03065013
1741,0.03065013
1742,0.03065022
1743,0.03065022
1744,0.03065011
1745,0.03065011
1746,0.03065011
1747,0.03065011
1748,0.03065011
1749,0.0306502
1750,0.03065018
1751,0.0306501
1752,0.0306501
1753,0.0306501
1754,0.0306501
1755,0.0306501
1756,0.0306501
1757,0.0306501
1758,0.03044738
1759,0.03044738
1760,0.03044738
1761,0.03044738
1762,0.03044738
1763,0.03044738
1764,0.03044738
1765,0.03044738
1766,0.03044738
1767,0.03044738
1768,0.03044738
1769,0.03044738
1770,0.03044738
1771,0.03044738
1772,0.03044738
1773,0.03044738
1774,0.03044738
1775,0.03044738
1776,0.03044738
1777,0.03044738
1778,0.03044738
1779,0.03044738
1780,0.03044738
1781,0.03044738
1782,0.03044738
1783,0.03044738
1784,0.03044738
1785,0.03044738
1786,0.03029958
1787,0.03024788
1788,0.03024788
1789,0.03024796
1790,0.03024796
1791,0.03024815
1792,0.03024815
1793,0.03024815
1794,0.03024815
1795,0.03024815
1796,0.03024815
1797,0.03024815
1798,0.03024815
1799,0.03024815
1800,0.03024815
1801,0.03024815
1802,0.03024815
1803,0.03065022
1804,0.03065022
1805,0.03065022
1806,0.0306501
1807,0.0306501
1808,0.0306501
1809,0.0306501
1810,0.0306501
1811,0.0306501
1812,0.0306501
1813,0.0306501
1814,0.0306501
1815,0.0306501
1816,0.0306502
1817,0.03065012
1818,0.03065012
1819,0.03065012
1820,0.03065012
1821,0.03065013
1822,0.03065022
1823,0.03065022
1824,0.03065021
1825,0.03065021
1826,0.03065021
1827,0.03065021
1828,0.03065021
1829,0.03065022
1830,0.03065022
1831,0.03065022
1832,0.03065022
1833,0.03065022
1834,0.03065022
1835,0.03065022
1836,0.03065022
1837,0.03065022
1838,0.03065022
1839,0.03065022
1840,0.03065022
1841,0.03065022
1842,0.03065022
1843,0.03065022
1844,0.03065022
1845,0.03065022
1846,0.03065022
1847,0.03065022
1848,0.03065022
1849,0.03065022
1850,0.03065022
1851,0.03069138
1852,0.03069138
1853,0.03069138
1854,0.03069138
1855,0.03069138
1856,0.03069138
1857,0.03069138
1858,0.03069138
1859,0.03069138
1860,0.03069138
1861,0.03069138
1862,0.03069138
1863,0.03069138
1864,0.03069138
1865,0.03069138
1866,0.03069138
1867,0.0308113
1868,0.0308113
1869,0.0308113
1870,0.0308113
1871,0.0308113
1872,0.0308113
1873,0.0308113
1874,0.0308113
1875,0.0308113
1876,0.0308113
1877,0.0308113
1878,0.0308113
1879,0.0308113
1880,0.0308113
1881,0.0308113
1882,0.0308113
1883,0.0308113
1884,0.0308113
1885,0.0308113
1886,0.0308113
1887,0.0308113
1888,0.0308113
1889,0.0308113
1890,0.0308113
1891,0.0308113
1892,0.0308113
1893,0.0308113
1894,0.0308113
1895,0.0308113
1896,0.0308113
1897,0.0308113
1898,0.03079969
1899,0.0307952
1900,0.0307952
1901,0.03061906
1902,0.03061906
1903,0.03061906
1904,0.03061906
1905,0.03061906
1906,0.03061906
1907,0.03061906
1908,0.03061906
1909,0.03061906
1910,0.03061906
1911,0.03061906
1912,0.03096907
1913,0.03096907
1914,0.03096907
1915,0.03096907
1916,0.03096907
1917,0.03096907
1918,0.03096907
1919,0.03096907
1920,0.03096907
1921,0.03096907
1922,0.03096907
1923,0.03096907
1924,0.03096907
1925,0.03096907
1926,0.03096907
1927,0.03096907
1928,0.03098458
1929,0.03098458
1930,0.03098458
1931,0.0309877
1932,0.0309877
1933,0.03098786
1934,0.03098786
1935,0.03098787
1936,0.03098787
1937,0.03098787
1938,0.03098787
1939,0.03098458
1940,0.03098458
1941,0.03098458
1942,0.03098445
1943,0.03098244
1944,0.03094065
1945,0.03094065
1946,0.03094065
1947,0.03094065
1948,0.03094065
1949,0.03094065
1950,0.03094065
1951,0.03094065
1952,0.03094065
1953,0.03094065
1954,0.03094065
1955,0.03094065
1956,0.03094065
1957,0.03080545
1958,0.03080545
1959,0.03080545
1960,0.03080545
1961,0.03080545
1962,0.0306113
1963,0.03047778
1964,0.03047775
1965,0.03047774
1966,0.03043753
1967,0.03040517
1968,0.03040517
1969,0.03040517
1970,0.03040517
1971,0.03040517
1972,0.03031197
1973,0.03030685
1974,0.03030186
1975,0.03030186
1976,0.03030186
1977,0.03030186
1978,0.03030186
1979,0.03030186
1980,0.03030186
1981,0.03030186
1982,0.03030186
1983,0.03030186
1984,0.03030186
1985,0.03030186
1986,0.03030186
1987,0.03030186
1988,0.03030186
1989,0.03027035
1990,0.03027035
1991,0.03027035
1992,0.03027035
1993,0.03027035
1994,0.03027035
1995,0.03027035
1996,0.03027035
1997,0.03027035
1998,0.03027035
1999,0.03027035
2000,0.03043994
2001,0.03027035
2002,0.03056424
2003,0.03056424
2004,0.03056424
2005,0.03056424
2006,0.03056424
2007,0.03056424
2008,0.03056424
2009,0.03027035
2010,0.03027035
2011,0.03018648
2012,0.03018648
2013,0.03046405
2014,0.03046405
2015,0.03046405
2016,0.03046405
2017,0.03018648
2018,0.03018648
2019,0.03018648
2020,0.03018648
2021,0.03018648
2022,0.03018648
2023,0.03018648
2024,0.03018648
2025,0.03018648
2026,0.03018662
2027,0.03018662
2028,0.03018662
2029,0.03018662
2030,0.03018662
2031,0.03018662
2032,0.03018662
2033,0.03018662
2034,0.03018662
2035,0.03018662
2036,0.03018662
2037,0.03018662
2038,0.03018662
2039,0.03018662
2040,0.03018662
2041,0.03018662
2042,0.03018662
2043,0.03018662
2044,0.03018662
2045,0.03018662
2046,0.03018662
2047,0.03018662
2048,0.03047257
2049,0.03047257
2050,0.03047257
2051,0.03047257
2052,0.03047257
2053,0.03047257
2054,0.03047257
2055,0.03047257
2056,0.03047257
2057,0.03047257
2058,0.03047257
2059,0.03047257
2060,0.03047257
2061,0.03047257
2062,0.03047257
2063,0.03047257
2064,0.03047257
2065,0.03056494
2066,0.03056494
2067,0.03056494
2068,0.03056494
2069,0.03056494
2070,0.03056494
2071,0.03056494
2072,0.03056494
2073,0.03056683
2074,0.03056683
2075,0.03056635
2076,0.03056635
2077,0.03056635
2078,0.03056635
2079,0.03056635
2080,0.03056684
2081,0.03056684
2082,0.03056684
2083,0.03056684
2084,0.03056606
2085,0.03056196
2086,0.0303996
2087,0.0303996
2088,0.0303996
2089,0.0305194
2090,0.03051938
2091,0.03051938
2092,0.03051938
2093,0.03051938
2094,0.0302704
2095,0.0302704
2096,0.0302704
2097,0.0302704
2098,0.0302704
2099,0.0302704
2100,0.03055925
2101,0.03055925
2102,0.03051943
2103,0.03051943
2104,0.0305446
2105,0.0305446
2106,0.0305446
2107,0.0305446
2108,0.0305446
2109,0.03042787
2110,0.03062125
2111,0.03062125
2112,0.03062125
2113,0.03062125
2114,0.03062125
2115,0.03062125
2116,0.03062125
2117,0.03060904
2118,0.03060904
2119,0.03060904
2120,0.03060904
2121,0.03060904
2122,0.03060904
2123,0.03060904
2124,0.03060904
2125,0.03060904
2126,0.03060904
2127,0.03060904
2128,0.03060904
2129,0.03066836
2130,0.03056684
2131,0.03056684
2132,0.03056684
2133,0.03056684
2134,0.03065481
2135,0.03065481
2136,0.03065481
2137,0.03065481
2138,0.03065485
2139,0.03065485
2140,0.03067118
2141,0.03067118
2142,0.03067118
2143,0.03065485
2144,0.03065485
2145,0.03065485
2146,0.03065485
2147,0.03065485
2148,0.03065485
2149,0.03065485
2150,0.03065485
2151,0.03065485
2152,0.03065485
2153,0.03064077
2154,0.03064077
2155,0.03064077
2156,0.03064077
2157,0.03064077
2158,0.03056684
2159,0.03056684
2160,0.03056684
2161,0.03056684
2162,0.03056684
2163,0.03056684
2164,0.03056684
2165,0.03056684
2166,0.03056684
2167,0.03056684
2168,0.03056684
2169,0.03056684
2170,0.03056684
2171,0.03056684
2172,0.03056684
2173,0.03056684
2174,0.03056684
2175,0.03056684
2176,0.03056684
2177,0.03056684
2178,0.03056684
2179,0.03056684
2180,0.0305446
2181,0.0305446
2182,0.0305446
2183,0.0305446
2184,0.0305446
2185,0.0305446
2186,0.0305446
2187,0.0305446
2188,0.0305446
2189,0.0305446
2190,0.0305446
2191,0.0305446
2192,0.0305446
2193,0.0305446
2194,0.0305446
2195,0.0305446
2196,0.0305446
2197,0.03042787
2198,0.03042787
2199,0.03042787
2200,0.03042787
2201,0.03042787
2202,0.03042787
2203,0.03054269
2204,0.03004135
2205,0.03004135
2206,0.03004135
2207,0.03004135
2208,0.03004135
2209,0.03026676
2210,0.03003661
2211,0.03003661
2212,0.03003661
2213,0.03003661
2214,0.03003661
2215,0.03025645
2216,0.03024326
2217,0.03024326
2218,0.03024326
2219,0.03024326
2220,0.03024326
2221,0.03024326
2222,0.03024326
2223,0.03003661
2224,0.03025617
2225,0.03025617
2226,0.0302306
2227,0.03003661
2228,0.03003661
2229,0.03003661
2230,0.030243
2231,0.03003653
2232,0.0300013
2233,0.02998046
2234,0.02996627
2235,0.0298
2236,0.02996627
2237,0.02996627
2238,0.02995629
2239,0.02995629
2240,0.02995629
2241,0.02977837
2242,0.02977837
2243,0.02977837
2244,0.02977837
2245,0.02977837
2246,0.02977837
2247,0.02977837
2248,0.02977837
2249,0.02977837
2250,0.02977837
2251,0.02977837
2252,0.02977837
2253,0.02977837
2254,0.02977837
2255,0.02977837
2256,0.02977837
2257,0.02977837
2258,0.02977837
2259,0.02977837
2260,0.02977837
2261,0.02977837
2262,0.02977837
2263,0.02977837
2264,0.02977837
2265,0.02977837
2266,0.02977837
2267,0.02977837
2268,0.02977837
2269,0.02977837
2270,0.02977837
2271,0.02977837
2272,0.02977837
2273,0.02977837
2274,0.02977837
2275,0.02986362
2276,0.02986362
2277,0.02986362
2278,0.02986362
2279,0.02986362
2280,0.02986362
2281,0.02986362
2282,0.02986362
2283,0.02986362
2284,0.02986362
2285,0.02986362
2286,0.02986362
2287,0.02986362
2288,0.02986362
2289,0.02986362
2290,0.02986362
2291,0.03016603
2292,0.03016603
2293,0.03016603
2294,0.03016603
2295,0.03016603
2296,0.03016603
2297,0.03016603
2298,0.03016603
2299,0.03027025
2300,0.03027025
2301,0.03027025
2302,0.03027025
2303,0.03027025
2304,0.03027025
2305,0.03027025
2306,0.03024573
2307,0.03024573
2308,0.03024573
2309,0.03024573
2310,0.03024573
2311,0.03024573
2312,0.03024573
2313,0.03024573
2314,0.03024573
2315,0.03024573
2316,0.03024573
2317,0.03024573
2318,0.03024573
2319,0.03024573
2320,0.03024573
2321,0.03024573
2322,0.03024573
2323,0.03012188
2324,0.03012186
2325,0.03021393
2326,0.03021393
2327,0.03024889
2328,0.03024889
2329,0.03030834
2330,0.03030834
2331,0.03030834
2332,0.03030834
2333,0.03030834
2334,0.03030834
2335,0.03030834
2336,0.03030834
2337,0.03030834
2338,0.03030834
2339,0.03030834
2340,0.03030834
2341,0.03030834
2342,0.03030834
2343,0.03030834
2344,0.03030834
2345,0.03030834
2346,0.03030908
2347,0.03030908
2348,0.03030908
2349,0.03030908
2350,0.03030908
2351,0.03030908
2352,0.03030908
2353,0.03030908
2354,0.03030908
2355,0.03030908
2356,0.03030908
2357,0.03030908
2358,0.03030908
2359,0.03030908
2360,0.03030908
2361,0.03030908
2362,0.03030908
2363,0.03030908
2364,0.03030908
2365,0.03030908
2366,0.03030908
2367,0.03030908
2368,0.03030908
2369,0.03030908
2370,0.03030908
2371,0.03030908
2372,0.03030908
2373,0.03030908
2374,0.03030908
2375,0.03030908
2376,0.03030908
2377,0.03030908
2378,0.03030908
2379,0.03030908
2380,0.03030908
2381,0.03030908
2382,0.03030908
2383,0.03030908
2384,0.03030908
2385,0.03030908
2386,0.03030908
2387,0.03030908
2388,0.03030908
2389,0.03030908
2390,0.0302871
2391,0.0302871
2392,0.0302871
2393,0.0302871
2394,0.03029702
2395,0.03029702
2396,0.03029702
2397,0.03029702
2398,0.03029702
2399,0.03029702
2400,0.03029702
2401,0.03029702
2402,0.03029702
2403,0.03028705
2404,0.03026672
2405,0.0302574
2406,0.0302574
2407,0.03024767
2408,0.03024767
2409,0.03024767
2410,0.03024767
2411,0.03024767
2412,0.03024767
2413,0.03024767
2414,0.03024767
2415,0.03024767
2416,0.03024767
2417,0.03024767
2418,0.03024767
2419,0.03024767
2420,0.03024767
2421,0.03024767
2422,0.03024767
2423,0.03024767
2424,0.03024767
2425,0.03024767
2426,0.03024767
2427,0.03024767
2428,0.03024767
2429,0.02994836
2430,0.02994844
2431,0.02994844
2432,0.02994844
2433,0.02994844
2434,0.02994844
2435,0.02994844
2436,0.02994844
2437,0.02994844
2438,0.02994844
2439,0.02994844
2440,0.02994844
2441,0.02994844
2442,0.02994844
2443,0.02994844
2444,0.02994844
2445,0.02994844
2446,0.02994844
2447,0.03030908
2448,0.03030908
2449,0.03030908
2450,0.03030908
2451,0.03030908
2452,0.03030908
2453,0.03030908
2454,0.03030908
2455,0.03030908
2456,0.03030908
2457,0.03030908
2458,0.03030908
2459,0.03030908
2460,0.03030908
2461,0.03030908
2462,0.03030908
2463,0.03030908
2464,0.03030908
2465,0.03030908
2466,0.03030908
2467,0.03030908
2468,0.03030908
2469,0.03030908
2470,0.02994871
2471,0.02994871
2472,0.02994871
2473,0.02994871
2474,0.02994871
2475,0.02994871
2476,0.02994871
2477,0.02994871
2478,0.030309
2479,0.030309
2480,0.030309
2481,0.030309
2482,0.03030908
2483,0.03030908
2484,0.03030908
2485,0.03030908
2486,0.03030908
2487,0.03030908
2488,0.03030908
2489,0.03030908
2490,0.03030908
2491,0.03030908
2492,0.03030908
2493,0.03030908
2494,0.03030908
2495,0.03030908
2496,0.03030908
2497,0.03030908
2498,0.03030908
2499,0.03030908
2500,0.03030908
2501,0.03030908
2502,0.03030908
2503,0.03030908
2504,0.03030908
2505,0.03030908
2506,0.03030908
2507,0.03030908
2508,0.03030908
2509,0.03030908
2510,0.03030908
2511,0.03030908
2512,0.03030908
2513,0.03030908
2514,0.03030908
2515,0.03030908
2516,0.03030908
2517,0.03030908
2518,0.03030908
2519,0.03030908
2520,0.03030908
2521,0.03030908
2522,0.03030908
2523,0.03030908
2524,0.03030908
2525,0.03030908
2526,0.03030908
2527,0.03030908
2528,0.03030908
2529,0.03030908
2530,0.03030908
2531,0.03030908
2532,0.03030908
2533,0.03030908
2534,0.03030908
2535,0.03030908
2536,0.03030908
2537,0.03030908
2538,0.03030908
2539,0.03030908
2540,0.03030908
2541,0.03030908
2542,0.03030908
2543,0.03030908
2544,0.03030908
2545,0.03030908
2546,0.03030908
2547,0.03030908
2548,0.03030908
2549,0.03030908
2550,0.03030908
2551,0.03030908
2552,0.03031624
2553,0.03031624
2554,0.03031624
2555,0.03031624
2556,0.03031624
2557,0.03031624
2558,0.03031624
2559,0.03031624
2560,0.03031624
2561,0.03031624
2562,0.03031624
2563,0.03031624
2564,0.03031624
2565,0.03047257
2566,0.03047257
2567,0.03047257
2568,0.03047257
2569,0.03047257
2570,0.03047257
2571,0.03055139
2572,0.03055139
2573,0.03055139
2574,0.03055139
2575,0.03055139
2576,0.03055139
2577,0.03055139
2578,0.03055139
2579,0.03055139
2580,0.03055139
2581,0.03055139
2582,0.03055139
2583,0.03055139
2584,0.03055139
2585,0.03055139
2586,0.03055139
2587,0.03055139
2588,0.03055139
2589,0.03055139
2590,0.03055139
2591,0.03055139
2592,0.03055139
2593,0.03055139
2594,0.03055139
2595,0.03055139
2596,0.03055139
2597,0.03055139
2598,0.03055139
2599,0.03055139
2600,0.03055139
2601,0.03055139
2602,0.03055139
2603,0.03055139
2604,0.03055139
2605,0.03031624
2606,0.03031624
2607,0.03031624
2608,0.03031624
2609,0.03031624
2610,0.03031624
2611,0.03031624
2612,0.03031624
2613,0.03031624
2614,0.03031624
2615,0.03031624
2616,0.03031624
2617,0.03031624
2618,0.03031624
2619,0.03031624
2620,0.03029702
2621,0.03029702
2622,0.03029702
2623,0.03029702
2624,0.03029702
2625,0.03029702
2626,0.03029702
2627,0.03029702
2628,0.03029702
2629,0.03029702
2630,0.03029702
2631,0.03029702
2632,0.03029702
2633,0.03029702
2634,0.03029702
2635,0.03029702
2636,0.03029702
2637,0.03029702
2638,0.03029702
2639,0.03029702
2640,0.03029702
2641,0.03029702
2642,0.03029702
2643,0.03016818
2644,0.03016818
2645,0.03016818
2646,0.03016818
2647,0.03016818
2648,0.03016818
2649,0.03016818
2650,0.03016818
2651,0.03016818
2652,0.03016818
2653,0.03016818
2654,0.03016818
2655,0.03016818
2656,0.03016818
2657,0.03016818
2658,0.03016818
2659,0.03016818
2660,0.03056
2661,0.03055997
2662,0.03055997
2663,0.03055997
2664,0.03055997
2665,0.03055997
2666,0.03055997
2667,0.03055997
2668,0.03055997
2669,0.03055997
2670,0.03055997
2671,0.03055997
2672,0.03055997
2673,0.03055984
2674,0.03055984
2675,0.03055984
2676,0.03055984
2677,0.03055984
2678,0.03055984
2679,0.03055984
2680,0.03055984
2681,0.03055984
2682,0.03055984
2683,0.03055984
2684,0.03055984
2685,0.03055984
2686,0.03055984
2687,0.03055984
2688,0.03055984
2689,0.03055984
2690,0.03055984
2691,0.03055984
2692,0.03055984
2693,0.03055984
2694,0.03055984
2695,0.03055984
2696,0.03055984
2697,0.03055984
2698,0.03055984
2699,0.03055984
2700,0.03055984
2701,0.03055984
2702,0.03055984
2703,0.03055984
2704,0.03055984
2705,0.03055984
2706,0.03055984
2707,0.03055984
2708,0.03026604
2709,0.03026604
2710,0.03026604
2711,0.03026604
2712,0.03026604
2713,0.03026604
2714,0.03026604
2715,0.03026604
2716,0.03026604
2717,0.03026604
2718,0.03026604
2719,0.03026604
2720,0.03026604
2721,0.03026604
2722,0.03026604
2723,0.03026604
2724,0.03026604
2725,0.03026604
2726,0.03026604
2727,0.03026604
2728,0.03026604
2729,0.03026604
2730,0.03026604
2731,0.03026604
2732,0.03026604
2733,0.03026604
2734,0.03026604
2735,0.03026604
2736,0.03026604
2737,0.03055896
2738,0.03055896
2739,0.03055896
2740,0.03055896
2741,0.03055896
2742,0.03055896
2743,0.03055896
2744,0.03055896
2745,0.03055896
2746,0.03055896
2747,0.03055896
2748,0.03055896
2749,0.03055896
2750,0.03055896
2751,0.03055896
2752,0.03055896
2753,0.03055896
2754,0.03055896
2755,0.03055896
2756,0.03055896
2757,0.03055896
2758,0.03055896
2759,0.03055896
2760,0.03055896
2761,0.03055896
2762,0.03055896
2763,0.03055896
2764,0.03055896
2765,0.03055896
2766,0.03055896
2767,0.03055896
2768,0.03055896
2769,0.03055896
2770,0.03055896
2771,0.03055896
2772,0.03055896
2773,0.03055896
2774,0.03055896
2775,0.03055896
2776,0.03055896
2777,0.03055896
2778,0.03055896
2779,0.03019922
2780,0.03019922
2781,0.03019922
2782,0.03019922
2783,0.03019922
2784,0.03019922
2785,0.03019922
2786,0.03019922
2787,0.03019922
2788,0.03019922
2789,0.03019922
2790,0.03019922
2791,0.03019922
2792,0.03019922
2793,0.03019922
2794,0.03019922
2795,0.03019922
2796,0.03019922
2797,0.03019922
2798,0.03019922
2799,0.03019922
2800,0.03019922
2801,0.03019922
2802,0.03019922
2803,0.03019922
2804,0.03019922
2805,0.03019922
2806,0.03019922
2807,0.03019922
2808,0.03019922
2809,0.03019922
2810,0.03019922
2811,0.03022082
2812,0.03022082
2813,0.03022082
2814,0.03022082
2815,0.03056
2816,0.03056
2817,0.03056
2818,0.03056
2819,0.03056
2820,0.03056
2821,0.03056
2822,0.03056
2823,0.03056
2824,0.03056
2825,0.03056
2826,0.03056
2827,0.03056
2828,0.03056
2829,0.03056
2830,0.03056
2831,0.03055878
2832,0.03055762
2833,0.03055762
2834,0.03055762
2835,0.03056
2836,0.03056
2837,0.03056
2838,0.03032176
2839,0.03032176
2840,0.03032176
2841,0.03032176
2842,0.03032176
2843,0.03032176
2844,0.03032176
2845,0.03032176
2846,0.03055992
2847,0.03055992
2848,0.03055992
2849,0.03055992
2850,0.03055992
2851,0.03055992
2852,0.03055992
2853,0.03055992
2854,0.03055992
2855,0.03055992
2856,0.03055992
2857,0.03055992
2858,0.03055992
2859,0.03055992
2860,0.03055992
2861,0.03055992
2862,0.03055992
2863,0.03055992
2864,0.03055992
2865,0.03055992
2866,0.03055992
2867,0.03055992
2868,0.03023079
2869,0.03023079
2870,0.03023079
2871,0.03023079
2872,0.03023079
2873,0.03023079
2874,0.03023079
2875,0.03023079
2876,0.03023079
2877,0.03023079
2878,0.03023079
2879,0.03023079
2880,0.03023079
2881,0.03023079
2882,0.03023079
2883,0.03023079
2884,0.03023079
2885,0.03023079
2886,0.03023079
2887,0.03023079
2888,0.03023079
2889,0.03023079
2890,0.03023079
2891,0.03023079
2892,0.03023079
2893,0.03023079
2894,0.03023079
2895,0.03023079
2896,0.03023079
2897,0.03023079
2898,0.03023079
2899,0.03023079
2900,0.03023079
2901,0.03023079
2902,0.03023079
2903,0.03023079
2904,0.03023079
2905,0.03023079
2906,0.03023079
2907,0.03023079
2908,0.03023079
2909,0.03023079
2910,0.03023079
2911,0.03023079
2912,0.03023079
2913,0.03023079
2914,0.03023079
2915,0.03023079
2916,0.03023079
2917,0.03047277
2918,0.03047277
2919,0.03047277
2920,0.03047277
2921,0.03047277
2922,0.03047277
2923,0.03047277
2924,0.03047277
2925,0.03047277
2926,0.03047277
2927,0.03047277
2928,0.03047277
2929,0.03047277
2930,0.03047277
2931,0.03047277
2932,0.03047277
2933,0.03047277
2934,0.03047277
2935,0.03047277
2936,0.03047277
2937,0.03047277
2938,0.03047277
2939,0.03047277
2940,0.03047277
2941,0.03047277
2942,0.03047277
2943,0.03047277
2944,0.03047277
2945,0.03047277
2946,0.03047277
2947,0.03047277
2948,0.03047277
2949,0.03047277
2950,0.03047277
2951,0.03047277
2952,0.03047277
2953,0.03047277
2954,0.03047277
2955,0.03047277
2956,0.0302
2957,0.0302
2958,0.0302
2959,0.0302
2960,0.0302
2961,0.0302
2962,0.0302
2963,0.0302
2964,0.0302
2965,0.0304718
2966,0.03047178
2967,0.03047178
2968,0.03047178
2969,0.03047178
2970,0.03047178
2971,0.03047178
2972,0.03047178
2973,0.03047178
2974,0.03047178
2975,0.03047178
2976,0.03047178
2977,0.03047178
2978,0.03047178
2979,0.03047178
2980,0.03047178
2981,0.03047178
2982,0.03047178
2983,0.03047178
2984,0.03047178
2985,0.03047178
2986,0.03047178
2987,0.03047178
2988,0.03047178
2989,0.03047178
2990,0.03047178
2991,0.03047178
2992,0.03047178
2993,0.03047178
2994,0.03047178
2995,0.03047178
2996,0.03047178
2997,0.03047178
2998,0.03047178
2999,0.03047178
3000,0.03047178
3001,0.03047178
3002,0.03047178
3003,0.03047178
3004,0.03047178
3005,0.03047178
3006,0.03047178
3007,0.03047178
3008,0.03047178
3009,0.03047178
3010,0.03047178
3011,0.03047178
3012,0.03047178
3013,0.03047178
3014,0.03047178
3015,0.03047178
3016,0.03047178
3017,0.03047178
3018,0.03047139
3019,0.03047139
3020,0.03047139
3021,0.03047139
3022,0.03047139
3023,0.03047139
3024,0.03047139
3025,0.03047139
3026,0.03047139
3027,0.03047139
3028,0.03047139
3029,0.03047139
3030,0.03047139
3031,0.03047139
3032,0.03047139
3033,0.03047139
3034,0.03047139
3035,0.03047139
3036,0.03047139
3037,0.03047139
3038,0.03047139
3039,0.03047139
3040,0.03047139
3041,0.030473
3042,0.030473
3043,0.030473
3044,0.030473
3045,0.030473
3046,0.030473
3047,0.030473
3048,0.030473
3049,0.030473
3050,0.030473
3051,0.030473
3052,0.030473
3053,0.030473
3054,0.030473
3055,0.030473
3056,0.03055999
3057,0.03055999
3058,0.03055999
3059,0.03055999
3060,0.03055999
3061,0.03055999
3062,0.03055999
3063,0.03055999
3064,0.03055999
3065,0.03055999
3066,0.03055999
3067,0.03056
3068,0.03056
3069,0.03056
3070,0.03056
3071,0.03056
3072,0.03056
3073,0.03056
3074,0.03056
3075,0.03056
3076,0.03055999
3077,0.03055999
3078,0.03055999
3079,0.03055999
3080,0.03055999
3081,0.03055999
3082,0.03055999
3083,0.03055999
3084,0.03055999
3085,0.03055999
3086,0.03055999
3087,0.03055999
3088,0.03055999
3089,0.03055999
3090,0.03055999
3091,0.03055999
3092,0.03055999
3093,0.03055999
3094,0.03056
3095,0.03056
3096,0.03056
3097,0.03056
3098,0.03056
3099,0.03056
3100,0.03056
3101,0.03056
3102,0.03056
3103,0.03056
3104,0.03056
3105,0.03056
3106,0.03056
3107,0.03056
3108,0.03056
3109,0.03056
3110,0.03056
3111,0.03056
3112,0.03056
3113,0.03056
3114,0.03056
3115,0.03056
3116,0.03056
3117,0.03056
3118,0.03056
3119,0.03056
3120,0.03056
3121,0.03056
3122,0.03056
3123,0.03056
3124,0.03056
3125,0.03056
3126,0.03056
3127,0.03056
3128,0.03056
3129,0.03056
3130,0.03063614
3131,0.03063614
3132,0.03063614
3133,0.03063614
3134,0.03063614
3135,0.03063614
3136,0.03063614
3137,0.03063614
3138,0.03063614
3139,0.03063614
3140,0.03063614
3141,0.03063614
3142,0.03063614
3143,0.03063614
3144,0.03063614
3145,0.03063614
3146,0.03063614
3147,0.03071144
3148,0.03071144
3149,0.03071144
3150,0.03071144
3151,0.03071144
3152,0.03071144
3153,0.03071144
3154,0.03071144
3155,0.03071144
3156,0.03071144
3157,0.03071144
3158,0.03071144
3159,0.03071144
3160,0.03071144
3161,0.03071144
3162,0.03071144
3163,0.03071144
3164,0.03071144
3165,0.03071144
3166,0.03071144
3167,0.03071144
3168,0.03071144
3169,0.03071144
3170,0.03071144
3171,0.03071147
3172,0.03071147
3173,0.03071147
3174,0.03071147
3175,0.03071147
3176,0.0307115
3177,0.0307115
3178,0.0307115
3179,0.0307115
3180,0.0307115
3181,0.0307115
3182,0.0307115
3183,0.0307115
3184,0.0307115
3185,0.0307115
3186,0.0307115
3187,0.0307115
3188,0.0307115
3189,0.0307115
3190,0.0307115
3191,0.0307115
3192,0.0307115
3193,0.0307115
3194,0.0307115
3195,0.0307115
3196,0.0307115
3197,0.0307115
3198,0.0307115
3199,0.0307115
3200,0.0307115
3201,0.0307115
3202,0.0307115
3203,0.0307115
3204,0.0307115
3205,0.0307115
3206,0.0307115
3207,0.0307115
3208,0.0307115
3209,0.0307115
3210,0.03071144
3211,0.03071144
3212,0.03071144
3213,0.03071144
3214,0.03071144
3215,0.03071144
3216,0.03071144
3217,0.03071144
3218,0.03071144
3219,0.03071144
3220,0.03071144
3221,0.03048112
3222,0.03048112
3223,0.03048112
3224,0.03048112
3225,0.03048112
3226,0.03048112
3227,0.03048112
3228,0.03048112
3229,0.03048112
3230,0.03048112
3231,0.03048112
3232,0.03048112
3233,0.03048112
3234,0.03048112
3235,0.03048112
3236,0.03048112
3237,0.03048112
3238,0.03048112
3239,0.03048112
3240,0.03048112
3241,0.03048112
3242,0.03048112
3243,0.03048112
3244,0.03048112
3245,0.03048112
3246,0.03048112
3247,0.03048112
3248,0.03048112
3249,0.03048112
3250,0.03048112
3251,0.03048112
3252,0.03048112
3253,0.03048112
3254,0.03048112
3255,0.03048112
3256,0.03048112
3257,0.03048112
3258,0.03048112
3259,0.03048112
3260,0.03048112
3261,0.03048112
3262,0.03048112
3263,0.03048112
3264,0.03048112
3265,0.03048112
3266,0.03048112
3267,0.03048112
3268,0.03048112
3269,0.03050754
3270,0.03050754
3271,0.03050754
3272,0.03050754
3273,0.03050754
3274,0.03050754
3275,0.03050754
3276,0.03050754
3277,0.03050754
3278,0.03050754
3279,0.03050754
3280,0.03050754
3281,0.03050754
3282,0.03050754
3283,0.03050754
3284,0.03050754
3285,0.03050754
3286,0.03050754
3287,0.03050754
3288,0.03050754
3289,0.03050754
3290,0.03050754
3291,0.03050754
3292,0.03050748
3293,0.03050748
3294,0.03050748
3295,0.03050748
3296,0.03050748
3297,0.03050748
3298,0.03050748
3299,0.03050748
3300,0.03050748
3301,0.03050748
3302,0.03050748
3303,0.03050748
3304,0.03050747
3305,0.03050747
3306,0.03050747
3307,0.03050747
3308,0.03050747
3309,0.03050747
3310,0.03050747
3311,0.03050747
3312,0.03050747
3313,0.03050747
3314,0.03050747
3315,0.03050747
3316,0.03050747
3317,0.03050747
3318,0.03050747
3319,0.03050747
3320,0.03050747
3321,0.03050747
3322,0.03050747
3323,0.03050747
3324,0.03050747
3325,0.03050747
3326,0.03050747
3327,0.03050747
3328,0.03050747
3329,0.03050747
3330,0.03050747
3331,0.03050747
3332,0.03050747
3333,0.03050747
3334,0.03050747
3335,0.03050747
3336,0.03050747
3337,0.03050747
3338,0.03050747
3339,0.03050747
3340,0.03050747
3341,0.03050747
3342,0.03050747
3343,0.03050747
3344,0.03050747
3345,0.03050747
3346,0.03050747
3347,0.03050747
3348,0.03050747
3349,0.03050747
3350,0.03050747
3351,0.03050747
3352,0.03050747
3353,0.03050747
3354,0.03050747
3355,0.03050747
3356,0.03050747
3357,0.03050747
3358,0.03050747
3359,0.03050747
3360,0.03050747
3361,0.03050747
3362,0.03050747
3363,0.03050747
3364,0.03050747
3365,0.03050747
3366,0.03050747
3367,0.03050747
3368,0.03050747
3369,0.03050747
3370,0.03050747
3371,0.03050747
3372,0.03050747
3373,0.03050747
3374,0.03050747
3375,0.03050747
3376,0.03050747
3377,0.03050747
3378,0.03050747
3379,0.03050747
3380,0.03050747
3381,0.03050747
3382,0.03050747
3383,0.03050747
3384,0.03050747
3385,0.03050747
3386,0.03050747
3387,0.03050747
3388,0.03050747
3389,0.03050747
3390,0.03050747
3391,0.03050747
3392,0.03050747
3393,0.03050747
3394,0.03050747
3395,0.03050747
3396,0.03050747
3397,0.03050747
3398,0.03050747
3399,0.03050747
3400,0.03050747
3401,0.03050747
3402,0.03050747
3403,0.03050747
3404,0.03050747
3405,0.03050748
3406,0.03050748
3407,0.03050748
3408,0.03050748
3409,0.03050748
3410,0.03050748
3411,0.03050748
3412,0.03050748
3413,0.03050748
3414,0.03050748
3415,0.03050748
3416,0.03050748
3417,0.03050748
3418,0.03050748
3419,0.03050748
3420,0.03050748
3421,0.03050748
3422,0.03050748
3423,0.03050748
3424,0.03050748
3425,0.03050748
3426,0.03050748
3427,0.03050748
3428,0.03050748
3429,0.03050748
3430,0.03050748
3431,0.03050748
3432,0.03050748
3433,0.03050748
3434,0.03050748
3435,0.03050748
3436,0.03050748
3437,0.03050748
3438,0.03050748
3439,0.03050748
3440,0.03050748
3441,0.03050748
3442,0.03050748
3443,0.03050748
3444,0.03050748
3445,0.03050748
3446,0.03050748
3447,0.03050748
3448,0.03050748
3449,0.03050748
3450,0.03050748
3451,0.03050748
3452,0.03050748
3453,0.03050748
3454,0.03077695
3455,0.03077695
3456,0.03077695
3457,0.03077695
3458,0.03077695
3459,0.03077695
3460,0.03077695
3461,0.03077695
3462,0.03077695
3463,0.03077695
3464,0.03077695
3465,0.03077695
3466,0.03077695
3467,0.03077695
3468,0.03077695
3469,0.03077695
3470,0.03077695
3471,0.03077695
3472,0.03077695
3473,0.03077695
3474,0.03077695
3475,0.03077695
3476,0.03077695
3477,0.03077695
3478,0.03077695
3479,0.03077695
3480,0.03077695
3481,0.03077695
3482,0.03077695
3483,0.03077695
3484,0.03077695
3485,0.03077695
3486,0.03077695
3487,0.03077652
3488,0.03077652
3489,0.03077652
3490,0.03077652
3491,0.03077652
3492,0.03077652
3493,0.03077652
3494,0.03077652
3495,0.03077652
3496,0.03077652
3497,0.03077652
3498,0.03077652
3499,0.03077652
3500,0.03077652
3501,0.03077652
3502,0.03077652
3503,0.03077652
3504,0.03077652
3505,0.03077652
3506,0.03077652
3507,0.03077652
3508,0.03077652
3509,0.03077652
3510,0.03077652
3511,0.03077652
3512,0.03077652
3513,0.03077652
3514,0.03077652
3515,0.03077652
3516,0.03077652
3517,0.03077652
3518,0.03077652
3519,0.03077652
3520,0.03077652
3521,0.03077652
3522,0.03077652
3523,0.03077652
3524,0.03077652
3525,0.03077652
3526,0.03077652
3527,0.03077652
3528,0.03077652
3529,0.03077652
3530,0.03051
3531,0.03051
3532,0.03051
3533,0.03051
3534,0.03051
3535,0.03051
3536,0.03051
3537,0.03051
3538,0.03051
3539,0.03051
3540,0.03051
3541,0.03051
3542,0.03051
3543,0.03051
3544,0.03051
3545,0.03051
3546,0.03051
3547,0.03051
3548,0.03051
3549,0.03051
3550,0.03051
3551,0.03051
3552,0.03051
3553,0.03051
3554,0.03051
3555,0.03051
3556,0.03051
3557,0.03051
3558,0.03051
3559,0.03051
3560,0.03051
3561,0.03051
3562,0.03051
3563,0.03051
3564,0.03051
3565,0.03051
3566,0.03051
3567,0.03051
3568,0.03051
3569,0.03051
3570,0.03051
3571,0.03051
3572,0.03051
3573,0.03051
3574,0.03051
3575,0.03051
3576,0.03051
3577,0.03051
3578,0.03051
3579,0.03051
3580,0.03043753
3581,0.03043753
3582,0.03043753
3583,0.03043753
3584,0.03043753
3585,0.03043753
3586,0.03043753
3587,0.03051
3588,0.03051
3589,0.03051
3590,0.03051
3591,0.03051
3592,0.03051
3593,0.03051
3594,0.03051
3595,0.03051
3596,0.03051
3597,0.03051
3598,0.03051
3599,0.03051
3600,0.03051
3601,0.03051
3602,0.03077094
3603,0.03077094
3604,0.03077094
3605,0.03077094
3606,0.03077094
3607,0.03077094
3608,0.03077094
3609,0.03077094
3610,0.03077094
3611,0.03077094
3612,0.03077094
3613,0.03077094
3614,0.03077094
3615,0.03077094
3616,0.03077094
3617,0.03077094
3618,0.03077094
3619,0.03077094
3620,0.03077094
3621,0.03077094
3622,0.03077094
3623,0.03077094
3624,0.03077094
3625,0.03077094
3626,0.03077094
3627,0.03077094
3628,0.03077094
3629,0.03077094
3630,0.03077094
3631,0.03077094
3632,0.03077094
3633,0.03077094
3634,0.03077094
3635,0.03077094
3636,0.03076795
3637,0.03076795
3638,0.03076795
3639,0.03076795
3640,0.03076795
3641,0.03043753
3642,0.03043753
3643,0.03043753
3644,0.03043753
3645,0.03043753
3646,0.03043753
3647,0.03043753
3648,0.03043753
3649,0.03043753
3650,0.03043753
3651,0.03043753
3652,0.03043753
3653,0.03043753
3654,0.03071147
3655,0.03038968
3656,0.03038968
3657,0.03038968
3658,0.03038968
3659,0.03038968
3660,0.03038968
3661,0.03038968
3662,0.03038968
3663,0.03038968
3664,0.03038968
3665,0.03038968
3666,0.03038968
3667,0.03038968
3668,0.03038968
3669,0.03038968
3670,0.03038968
3671,0.03038968
3672,0.03038968
3673,0.03038968
3674,0.03038968
3675,0.03038968
3676,0.03038968
3677,0.03038968
3678,0.03038968
3679,0.03038968
3680,0.03038968
3681,0.03038968
3682,0.03038968
3683,0.03038968
3684,0.03038968
3685,0.03038968
3686,0.03038968
3687,0.03038968
3688,0.03038968
3689,0.03038968
3690,0.03063138
3691,0.03063138
3692,0.03063138
3693,0.03063314
3694,0.03063314
3695,0.03063314
3696,0.03063314
3697,0.03063314
3698,0.03063314
3699,0.03063314
3700,0.03063314
3701,0.03063314
3702,0.03063314
3703,0.03063314
3704,0.03040932
3705,0.03040932
3706,0.03040932
3707,0.03040932
3708,0.03040932
3709,0.03040932
3710,0.03040932
3711,0.03040932
3712,0.03040932
3713,0.03040932
3714,0.03040932
3715,0.03040932
3716,0.03040932
3717,0.03040932
3718,0.03040932
3719,0.03040932
3720,0.03040932
3721,0.03040932
3722,0.03040932
3723,0.03040932
3724,0.03040932
3725,0.03063131
3726,0.03063131
3727,0.03063131
3728,0.03063131
3729,0.03063131
3730,0.03063131
3731,0.03063316
3732,0.03063316
3733,0.03063316
3734,0.03063316
3735,0.03063316
3736,0.03063316
3737,0.03063316
3738,0.03063316
3739,0.03063316
3740,0.03063316
3741,0.03063316
3742,0.03063316
3743,0.03063316
3744,0.03063316
3745,0.03063316
3746,0.03063316
3747,0.03063316
3748,0.03063316
3749,0.03063316
3750,0.03063316
3751,0.03063316
3752,0.03063316
3753,0.03071147
3754,0.03071147
3755,0.03071147
3756,0.03071052
3757,0.03071052
3758,0.03071052
3759,0.03071052
3760,0.03071052
3761,0.03071052
3762,0.03071052
3763,0.03071052
3764,0.03071052
3765,0.03071052
3766,0.03036376
3767,0.03036376
3768,0.03036376
3769,0.03036376
3770,0.03036376
3771,0.03069999
3772,0.03069999
3773,0.03069999
3774,0.03069999
3775,0.03069999
3776,0.03069999
3777,0.03069999
3778,0.03069999
3779,0.03069999
3780,0.03069999
3781,0.03069999
3782,0.03069999
3783,0.03069999
3784,0.03059361
3785,0.03059003
3786,0.03059003
3787,0.0307
3788,0.0307
3789,0.0307
3790,0.0307
3791,0.0307
3792,0.03077169
3793,0.03077169
3794,0.03077169
3795,0.03077169
3796,0.03077169
3797,0.03077169
3798,0.03077169
3799,0.03077169
3800,0.03078487
3801,0.03078487
3802,0.03078487
3803,0.03078487
3804,0.03078487
3805,0.03078487
3806,0.03078487
3807,0.03078487
3808,0.03078487
3809,0.03078487
3810,0.03078487
3811,0.03078487
3812,0.03078487
3813,0.03078487
3814,0.03078487
3815,0.03078487
3816,0.03078487
3817,0.03078487
3818,0.03078487
3819,0.03078487
3820,0.03078487
3821,0.03078487
3822,0.03078487
3823,0.03078487
3824,0.03078487
3825,0.03078487
3826,0.03078487
3827,0.03078487
3828,0.03078487
3829,0.03078487
3830,0.03078487
3831,0.03078487
3832,0.03078487
3833,0.03078566
3834,0.03078566
3835,0.03078566
3836,0.03078566
3837,0.03078566
3838,0.03078566
3839,0.03078566
3840,0.03078566
3841,0.03078566
3842,0.03078566
3843,0.03092929
3844,0.03092929
3845,0.03092929
3846,0.03092929
3847,0.03092929
3848,0.03092182
3849,0.03092182
3850,0.03092182
3851,0.03092182
3852,0.03092182
3853,0.03092182
3854,0.03092182
3855,0.03092182
3856,0.03092182
3857,0.03092182
3858,0.03092182
3859,0.03092182
3860,0.03105788
3861,0.03105788
3862,0.03105788
3863,0.03105788
3864,0.03105788
3865,0.03105788
3866,0.03105788
3867,0.03105788
3868,0.03107959
3869,0.03108716
3870,0.03108716
3871,0.03108716
3872,0.03108716
3873,0.03108716
3874,0.03108716
3875,0.03108716
3876,0.03108716
3877,0.03108716
3878,0.03108716
3879,0.03108716
3880,0.03108716
3881,0.03108716
3882,0.03108716
3883,0.03108716
3884,0.03108716
3885,0.03108716
3886,0.03114707
3887,0.03114707
3888,0.03114707
3889,0.03114707
3890,0.03114707
3891,0.03114707
3892,0.03114707
3893,0.03114707
3894,0.03114707
3895,0.03114707
3896,0.03114707
3897,0.03114707
3898,0.03114707
3899,0.03114707
3900,0.03114707
3901,0.03114707
3902,0.03114707
3903,0.03114707
3904,0.03114707
3905,0.03114707
3906,0.03114707
3907,0.03114707
3908,0.03114707
3909,0.03114707
3910,0.03114707
3911,0.03122048
3912,0.03122048
3913,0.03121973
3914,0.03117209
3915,0.03114707
3916,0.03126676
3917,0.03126676
3918,0.03114707
3919,0.03114707
3920,0.03114707
3921,0.03114707
3922,0.03114707
3923,0.03114707
3924,0.03114707
3925,0.03114707
3926,0.03114707
3927,0.03121491
3928,0.03121492
3929,0.03121492
3930,0.03121492
3931,0.03121492
3932,0.03121492
3933,0.03121492
3934,0.03121492
3935,0.03121492
3936,0.03121492
3937,0.03121492
3938,0.03121492
3939,0.03122198
3940,0.03122198
3941,0.03122198
3942,0.03126676
3943,0.03126676
3944,0.03126676
3945,0.03126676
3946,0.03126676
3947,0.03126676
3948,0.03128425
3949,0.03128425
3950,0.03141275
3951,0.03128425
3952,0.03128425
3953,0.03128425
3954,0.03128425
3955,0.03142146
3956,0.03142146
3957,0.03142146
3958,0.03142146
3959,0.03142146
3960,0.03142146
3961,0.0313272
3962,0.0313272
3963,0.0313272
3964,0.0313272
3965,0.0313272
3966,0.0313272
3967,0.03126676
3968,0.03126676
3969,0.03116333
3970,0.03116333
3971,0.03116333
3972,0.03121187
3973,0.03121187
3974,0.03121187
3975,0.03123494
3976,0.03123494
3977,0.03123494
3978,0.03123494
3979,0.03123494
3980,0.03123494
3981,0.03123494
3982,0.03123494
3983,0.03123494
3984,0.03123494
3985,0.03123494
3986,0.03123494
3987,0.03123494
3988,0.03123494
3989,0.03123494
3990,0.03123494
3991,0.03123494
3992,0.03123494
3993,0.03123494
3994,0.03114707
3995,0.03114707
3996,0.03114707
3997,0.03124658
3998,0.03124658
3999,0.03124658
4000,0.03124658
4001,0.03124658
4002,0.03113924
4003,0.03113924
4004,0.03113924
4005,0.03113924
4006,0.03113924
4007,0.03113924
4008,0.03113924
4009,0.03113924
4010,0.03113924
4011,0.03122638
4012,0.03122638
4013,0.03122638
4014,0.03122638
4015,0.03122638
4016,0.03122638
4017,0.03122638
4018,0.03122638
4019,0.03122638
4020,0.03122638
4021,0.03122638
4022,0.03122638
4023,0.03122638
4024,0.03122638
4025,0.03122638
4026,0.03098787
4027,0.0309541
4028,0.0309541
4029,0.0309541
4030,0.0309541
4031,0.0309541
4032,0.0309541
4033,0.0309541
4034,0.0309541
4035,0.0309541
4036,0.0309541
4037,0.0309541
4038,0.0309541
4039,0.0309541
4040,0.0309541
4041,0.0309541
4042,0.0309541
4043,0.0309541
4044,0.0309541
4045,0.0309541
4046,0.0309541
4047,0.0309541
4048,0.0309541
4049,0.0309541
4050,0.0309541
4051,0.0309541
4052,0.0309541
4053,0.0309541
4054,0.0309541
4055,0.0309541
4056,0.0309541
4057,0.0309541
4058,0.0309541
4059,0.0309541
4060,0.0309541
4061,0.03083116
4062,0.03083116
4063,0.03083116
4064,0.03083116
4065,0.03083116
4066,0.03083116
4067,0.03083116
4068,0.03083116
4069,0.03076557
4070,0.03076557
4071,0.03076557
4072,0.03076557
4073,0.03076557
4074,0.03076557
4075,0.03076557
4076,0.03076557
4077,0.03076557
4078,0.03071147
4079,0.03064456
4080,0.03064456
4081,0.03064456
4082,0.03064456
4083,0.03064456
4084,0.03064456
4085,0.03064456
4086,0.03064456
4087,0.03064456
4088,0.03064456
4089,0.03064456
4090,0.03064456
4091,0.03064456
4092,0.03064456
4093,0.03064456
4094,0.03064456
4095,0.03064456
4096,0.03064456
4097,0.03064456
4098,0.03064456
4099,0.03064456
4100,0.03064456
4101,0.03064456
4102,0.03064456
4103,0.03064456
4104,0.03064456
4105,0.03064456
4106,0.03064456
4107,0.03045767
4108,0.03045767
4109,0.03056856
4110,0.0305131
4111,0.03045766
4112,0.03045766
4113,0.03045766
4114,0.03045766
4115,0.03045766
4116,0.03056856
4117,0.03056856
4118,0.03056856
4119,0.03056856
4120,0.03056856
4121,0.03056856
4122,0.03056856
4123,0.03056856
4124,0.03043753
4125,0.03043753
4126,0.03082994
4127,0.03082994
4128,0.03082994
4129,0.03082994
4130,0.03082994
4131,0.03082994
4132,0.03082994
4133,0.03082994
4134,0.03082994
4135,0.03082994
4136,0.03071146
4137,0.03071147
4138,0.03071147
4139,0.03071147
4140,0.03071147
4141,0.03071147
4142,0.03071147
4143,0.03071147
4144,0.03071147
4145,0.03071147
4146,0.03071147
4147,0.03071147
4148,0.03071147
4149,0.03071147
4150,0.03071147
4151,0.03071147
4152,0.03071147
4153,0.03071147
4154,0.03071147
4155,0.03071147
4156,0.03071147
4157,0.03071147
4158,0.03071147
4159,0.03071147
4160,0.03071147
4161,0.03071147
4162,0.03071147
4163,0.03071147
4164,0.03071147
4165,0.03071147
4166,0.03071147
4167,0.03071147
4168,0.03071147
4169,0.03071147
4170,0.03071147
4171,0.03071147
4172,0.03071147
4173,0.03071147
4174,0.03071147
4175,0.03071147
4176,0.03071147
4177,0.03064344
4178,0.03064344
4179,0.03064344
4180,0.03064344
4181,0.03064344
4182,0.03064344
4183,0.03064344
4184,0.03064344
4185,0.03064344
4186,0.03064344
4187,0.03064344
4188,0.03064344
4189,0.03064344
4190,0.03064344
4191,0.03064344
4192,0.03064344
4193,0.03043753
4194,0.03034019
4195,0.03034019
4196,0.03034019
4197,0.03052565
4198,0.03052565
4199,0.0302
4200,0.0302
4201,0.0302
4202,0.0302
4203,0.0302
4204,0.0302
4205,0.0302
4206,0.0302
4207,0.0302
4208,0.0302
4209,0.03049013
4210,0.03079778
4211,0.03071147
4212,0.03071138
4213,0.03071138
4214,0.03071147
4215,0.03071147
4216,0.03071147
4217,0.03083116
4218,0.03083116
4219,0.03083116
4220,0.03083116
4221,0.03083116
4222,0.03083116
4223,0.03083116
4224,0.03083116
4225,0.03083116
4226,0.03083116
4227,0.03083116
4228,0.03083116
4229,0.03083116
4230,0.03083116
4231,0.03083116
4232,0.03083116
4233,0.03083116
4234,0.03083116
4235,0.03083116
4236,0.03083116
4237,0.03083116
4238,0.03097263
4239,0.03097263
4240,0.03097263
4241,0.03097263
4242,0.03108981
4243,0.0311639
4244,0.0311639
4245,0.0311639
4246,0.0311639
4247,0.0311639
4248,0.0311639
4249,0.0311639
4250,0.0311639
4251,0.0311639
4252,0.0311639
4253,0.03060833
4254,0.03060171
4255,0.03060171
4256,0.03060171
4257,0.03060171
4258,0.03117439
4259,0.03117439
4260,0.03117439
4261,0.03117438
4262,0.03117438
4263,0.03052904
4264,0.03052904
4265,0.03052904
4266,0.03052904
4267,0.03052904
4268,0.03117432
4269,0.03054433
4270,0.03027776
4271,0.03027776
4272,0.03027776
4273,0.03027776
4274,0.03027776
4275,0.03031525
4276,0.03031525
4277,0.03031525
4278,0.03031525
4279,0.0303
4280,0.0303
4281,0.03022531
4282,0.0302
4283,0.03011951
4284,0.02981864
4285,0.02979111
4286,0.02979111
4287,0.02979111
4288,0.02979111
4289,0.02979111
4290,0.02979111
4291,0.03001181
4292,0.03001181
4293,0.03001181
4294,0.03001181
4295,0.03001181
4296,0.03001181
4297,0.03001181
4298,0.03001181
4299,0.03001181
4300,0.03019978
4301,0.03019978
4302,0.03028935
4303,0.03028926
4304,0.03028926
4305,0.03028926
4306,0.03028926
4307,0.03028926
4308,0.03028898
4309,0.03028898
4310,0.03035257
4311,0.03035257
4312,0.03035257
4313,0.02994354
4314,0.02994354
4315,0.02994354
4316,0.02994354
4317,0.02994354
4318,0.03035256
4319,0.03035256
4320,0.03035256
4321,0.03035256
4322,0.03035256
4323,0.03035256
4324,0.03035256
4325,0.03035256
4326,0.03035256
4327,0.03035256
4328,0.03035256
4329,0.03035256
4330,0.03035256
4331,0.03035256
4332,0.03035256
4333,0.03035256
4334,0.03035256
4335,0.03035256
4336,0.03035256
4337,0.03035256
4338,0.03035256
4339,0.03035255
4340,0.03035255
4341,0.03035255
4342,0.03035255
4343,0.03035257
4344,0.03035257
4345,0.03035257
4346,0.03035257
4347,0.03035257
4348,0.03036987
4349,0.03036986
4350,0.03036987
4351,0.03036987
4352,0.03055021
4353,0.03073419
4354,0.03073419
4355,0.03073419
4356,0.03073419
4357,0.03073419
4358,0.03073419
4359,0.03073419
4360,0.03073419
4361,0.0307342
4362,0.0307342
4363,0.03108714
4364,0.03108714
4365,0.03108714
4366,0.03108714
4367,0.03108714
4368,0.03108714
4369,0.03008669
4370,0.03008669
4371,0.03008669
4372,0.03008669
4373,0.03021866
4374,0.03021866
4375,0.03021866
4376,0.03021866
4377,0.03021866
4378,0.03021866
4379,0.03021866
4380,0.03043753
4381,0.03043753
4382,0.03053309
4383,0.03053309
4384,0.03053309
4385,0.03053309
4386,0.03053309
4387,0.03044149
4388,0.03043753
4389,0.03037228
4390,0.0303624
4391,0.0299997
4392,0.0299997
4393,0.0299997
4394,0.03037228
4395,0.03011102
4396,0.03011102
4397,0.03011102
4398,0.03011102
4399,0.03011102
4400,0.03011102
4401,0.03037228
4402,0.03042038
4403,0.03042039
4404,0.03042039
4405,0.03042039
4406,0.03042039
4407,0.03042039
4408,0.03042075
4409,0.03042075
4410,0.03042075
4411,0.03042075
4412,0.03042075
4413,0.03042075
4414,0.03042075
4415,0.03050256
4416,0.03050256
4417,0.03050256
4418,0.03050256
4419,0.03050256
4420,0.03098817
4421,0.03098817
4422,0.03098817
4423,0.03098817
4424,0.03098817
4425,0.03098817
4426,0.03098817
4427,0.03098817
4428,0.03098817
4429,0.03098817
4430,0.03098816
4431,0.03098816
4432,0.03050274
4433,0.03050274
4434,0.0301732
4435,0.0301732
4436,0.0301732
4437,0.03049184
4438,0.03049184
4439,0.03043753
4440,0.03043753
4441,0.03043753
4442,0.03043753
4443,0.03043753
4444,0.03043753
4445,0.03043753
4446,0.03043753
4447,0.03043753
4448,0.03043753
4449,0.03043753
4450,0.03043753
4451,0.03043753
4452,0.03043753
4453,0.03043753
4454,0.03074514
4455,0.03074513
4456,0.03074504
4457,0.03074502
4458,0.03074493
4459,0.03074482
4460,0.03074472
4461,0.03074472
4462,0.03074472
4463,0.03022846
4464,0.03022846
4465,0.03016195
4466,0.03016195
4467,0.03016195
4468,0.03016195
4469,0.03016195
4470,0.03016195
4471,0.03016195
4472,0.03034973
4473,0.03034973
4474,0.03034973
4475,0.03031968
4476,0.03007146
4477,0.03007146
4478,0.03007146
4479,0.03003703
4480,0.03001732
4481,0.03001732
4482,0.03025268
4483,0.03025268
4484,0.03001732
4485,0.02990044
4486,0.02990044
4487,0.02977837
4488,0.02977837
4489,0.02977837
4490,0.02977837
4491,0.02977837
4492,0.029845
4493,0.029845
4494,0.029845
4495,0.029845
4496,0.029845
4497,0.029845
4498,0.029845
4499,0.029845
4500,0.03014598
4501,0.03014598
4502,0.03014598
4503,0.02986347
4504,0.02968324
4505,0.02968324
4506,0.02962922
4507,0.02962922
4508,0.02962922
4509,0.02962922
4510,0.02962922
4511,0.02962922
4512,0.02962922
4513,0.02962922
4514,0.02962922
4515,0.02962922
4516,0.02962922
4517,0.02962922
4518,0.02962922
4519,0.02962922
4520,0.02962922
4521,0.02962922
4522,0.02962922
4523,0.02962922
4524,0.02962922
4525,0.02962922
4526,0.02962922
4527,0.02962922
4528,0.02962922
4529,0.02989725
4530,0.02989725
4531,0.02989725
4532,0.02989725
4533,0.02989725
4534,0.02989725
4535,0.02989725
4536,0.02989725
4537,0.02988732
4538,0.02988732
4539,0.02988732
4540,0.02988732
4541,0.02988732
4542,0.02988732
4543,0.02988732
4544,0.02988732
4545,0.02962922
4546,0.02962922
4547,0.02962456
4548,0.02962456
4549,0.02962456
4550,0.02962456
4551,0.02962456
4552,0.02999746
4553,0.02999746
4554,0.02999746
4555,0.02999746
4556,0.02999746
4557,0.02999746
4558,0.02974714
4559,0.02974714
4560,0.02962319
4561,0.02962319
4562,0.02962319
4563,0.02962319
4564,0.03008153
4565,0.03008153
4566,0.03008153
4567,0.03008153
4568,0.03008153
4569,0.03008153
4570,0.03008153
4571,0.03008153
4572,0.03008153
4573,0.03008508
4574,0.0301167
4575,0.0301167
4576,0.03019318
4577,0.03019318
4578,0.03019318
4579,0.03019318
4580,0.03019318
4581,0.03019318
4582,0.03019318
4583,0.03019318
4584,0.02998645
4585,0.03025268
4586,0.03025268
4587,0.03034869
4588,0.03034869
4589,0.03034869
4590,0.03034869
4591,0.03034869
4592,0.03045765
4593,0.03045765
4594,0.03045766
4595,0.03045766
4596,0.03045766
4597,0.03045766
4598,0.03045766
4599,0.03045766
4600,0.03045766
4601,0.03045766
4602,0.03016638
4603,0.03016638
4604,0.03016638
4605,0.03016638
4606,0.03016638
4607,0.03016638
4608,0.03016638
4609,0.03016638
4610,0.03016638
4611,0.03016638
4612,0.03016638
4613,0.03016638
4614,0.03016638
4615,0.03016638
4616,0.03016716
4617,0.03034834
4618,0.03034834
4619,0.03034834
4620,0.03034834
4621,0.03034834
4622,0.03045766
4623,0.03045766
4624,0.03045766
4625,0.03045766
4626,0.03045766
4627,0.03045766
4628,0.03045766
4629,0.03045766
4630,0.0305906
4631,0.0305906
4632,0.0305906
4633,0.0305906
4634,0.0305906
4635,0.0305906
4636,0.0305906
4637,0.0305906
4638,0.0305906
4639,0.0305906
4640,0.0305906
4641,0.03043753
4642,0.03043753
4643,0.0305899
4644,0.0305899
4645,0.0305899
4646,0.0305899
4647,0.03037335
4648,0.03031809
4649,0.03034834
4650,0.03040079
4651,0.0304007
4652,0.03040069
4653,0.03040069
4654,0.03040069
4655,0.03040069
4656,0.03040069
4657,0.03040069
4658,0.03040069
4659,0.03010042
4660,0.03010042
4661,0.03010042
4662,0.03010042
4663,0.03010033
4664,0.03010033
4665,0.03010033
4666,0.03010033
4667,0.03010033
4668,0.03007553
4669,0.03007553
4670,0.03007553
4671,0.03007553
4672,0.02992
4673,0.02988614
4674,0.02988614
4675,0.02988614
4676,0.02988614
4677,0.02988614
4678,0.02988614
4679,0.02988614
4680,0.03007403
4681,0.03007403
4682,0.03007403
4683,0.03007403
4684,0.03007403
4685,0.0297497
4686,0.0297497
4687,0.0297497
4688,0.0297497
4689,0.0297497
4690,0.0297497
4691,0.0297497
4692,0.02962327
4693,0.02962327
4694,0.02962327
4695,0.02962327
4696,0.02960991
4697,0.02960991
4698,0.02960991
4699,0.02954397
4700,0.02954397
4701,0.02937401
4702,0.02937401
4703,0.02937401
4704,0.02995808
4705,0.02937351
4706,0.02937351
4707,0.02937351
4708,0.02937351
4709,0.02937351
4710,0.02937351
4711,0.02937351
4712,0.02937351
4713,0.02937351
4714,0.02937351
4715,0.02937351
4716,0.0293745
4717,0.02933866
4718,0.02930422
4719,0.02930422
4720,0.02930422
4721,0.02930422
4722,0.02989568
4723,0.02989568
4724,0.02989568
4725,0.02989568
4726,0.02989568
4727,0.02989568
4728,0.02963029
4729,0.02989447
4730,0.02989447
4731,0.02943081
4732,0.02989439
4733,0.02989439
4734,0.02989439
4735,0.0298941
4736,0.0298941
4737,0.0298941
4738,0.02989391
4739,0.02989391
4740,0.02989391
4741,0.02989382
4742,0.02989382
4743,0.03004119
4744,0.03004119
4745,0.03004119
4746,0.03004119
4747,0.03004119
4748,0.03004119
4749,0.03004119
4750,0.03004119
4751,0.03004119
4752,0.03004119
4753,0.03004119
4754,0.03004119
4755,0.03004119
4756,0.03004119
4757,0.03004119
4758,0.03004119
4759,0.03004119
4760,0.03004119
4761,0.03004119
4762,0.03004119
4763,0.03004119
4764,0.03004119
4765,0.03004119
4766,0.03004119
4767,0.02989696
4768,0.02989696
4769,0.02989696
4770,0.02989696
4771,0.02989696
4772,0.02989696
4773,0.02989696
4774,0.02989696
4775,0.02989696
4776,0.02989696
4777,0.02989696
4778,0.02989696
4779,0.02989696
4780,0.02989696
4781,0.02989696
4782,0.02989696
4783,0.02989696
4784,0.02989696
4785,0.02989696
4786,0.02989696
4787,0.02969141
4788,0.02969141
4789,0.02969141
4790,0.02947898
4791,0.03000727
4792,0.03000727
4793,0.02973666
4794,0.02973666
4795,0.02973666
4796,0.02973666
4797,0.02973666
4798,0.02973666
4799,0.02973666
4800,0.02973666
4801,0.02973666
4802,0.02973666
4803,0.02973666
4804,0.02973666
4805,0.02973666
4806,0.02973666
4807,0.02973666
4808,0.02973666
4809,0.02973666
4810,0.02973666
4811,0.02973666
4812,0.02973666
4813,0.02973666
4814,0.02973666
4815,0.02973666
4816,0.02973666
4817,0.02973666
4818,0.02973666
4819,0.02973666
4820,0.02973666
4821,0.02973666
4822,0.02973666
4823,0.03000921
4824,0.03007553
4825,0.03007553
4826,0.03007553
4827,0.03007553
4828,0.03007553
4829,0.03013418
4830,0.03013418
4831,0.030249
4832,0.030249
4833,0.0303086
4834,0.0303086
4835,0.0303086
4836,0.0303086
4837,0.03037597
4838,0.03037597
4839,0.0303086
4840,0.0303086
4841,0.0303086
4842,0.0303086
4843,0.0303086
4844,0.030376
4845,0.030376
4846,0.03042934
4847,0.03043753
4848,0.03045766
4849,0.03045766
4850,0.03059178
4851,0.03059178
4852,0.0306136
4853,0.0306136
4854,0.0306136
4855,0.0306136
4856,0.030835
4857,0.03084954
4858,0.03084954
4859,0.03084954
4860,0.03084954
4861,0.03084954
4862,0.03084954
4863,0.03107143
4864,0.03107143
4865,0.03107143
4866,0.03107143
4867,0.03107143
4868,0.03107143
4869,0.03107143
4870,0.03107143
4871,0.03107143
4872,0.03107143
4873,0.03107143
4874,0.03107143
4875,0.03107142
4876,0.03107142
4877,0.03107142
4878,0.03107142
4879,0.03107142
4880,0.03107142
4881,0.03107142
4882,0.03098786
4883,0.03098786
4884,0.03098786
4885,0.03098786
4886,0.03064069
4887,0.03054998
4888,0.03054998
4889,0.03054998
4890,0.03054998
4891,0.03054998
4892,0.03054998
4893,0.03054998
4894,0.03054998
4895,0.03054998
4896,0.03054998
4897,0.03054998
4898,0.03054998
4899,0.03054998
4900,0.03045685
4901,0.03045685
4902,0.03045685
4903,0.03045685
4904,0.03045685
4905,0.03045685
4906,0.03045685
4907,0.03045685
4908,0.03045685
4909,0.03043753
4910,0.03043753
4911,0.03043753
4912,0.03043753
4913,0.03043753
4914,0.03043753
4915,0.03043753
4916,0.03039723
4917,0.03039723
4918,0.03039723
4919,0.03039723
4920,0.03032432
4921,0.03032432
4922,0.03032432
4923,0.03032432
4924,0.03032432
4925,0.03013779
4926,0.03011
4927,0.03011
4928,0.03011
4929,0.03011
4930,0.03011
4931,0.03011
4932,0.03011
4933,0.03011
4934,0.03011
4935,0.03011
4936,0.03011
4937,0.03011
4938,0.03011
4939,0.03011
4940,0.03011
4941,0.03011
4942,0.03011
4943,0.03011
4944,0.03011017
4945,0.03038793
4946,0.03038793
4947,0.03043753
4948,0.03043753
4949,0.03043753
4950,0.03045685
4951,0.03045685
4952,0.03061633
4953,0.03062755
4954,0.03064098
4955,0.03064098
4956,0.0306964
4957,0.03071147
4958,0.03071147
4959,0.03071147
4960,0.03073659
4961,0.03073741
4962,0.03073741
4963,0.03073741
4964,0.03073741
4965,0.03073741
4966,0.03098785
4967,0.03098785
4968,0.03098786
4969,0.03098786
4970,0.03098786
4971,0.03098786
4972,0.03098786
4973,0.03098786
4974,0.03098786
4975,0.03098786
4976,0.03098786
4977,0.03098787
4978,0.03098787
4979,0.03098787
4980,0.03098787
4981,0.03107143
4982,0.03107143
4983,0.03107143
4984,0.03107143
4985,0.03107143
4986,0.03107143
4987,0.03107143
4988,0.03051091
4989,0.03051091
4990,0.03051091
4991,0.03051113
4992,0.03051113
4993,0.03051113
4994,0.03051113
4995,0.03051113
4996,0.03051113
4997,0.03051113
4998,0.03051113
4999,0.03051113
5000,0.03051113
5001,0.03051113
5002,0.03051113
5003,0.03108716
5004,0.03108716
5005,0.03108716
5006,0.03108716
5007,0.03108716
5008,0.03108716
5009,0.03108716
5010,0.03108716
5011,0.03108716
5012,0.03108716
5013,0.03108716
5014,0.03108716
5015,0.03108716
5016,0.03085232
5017,0.03085232
5018,0.03076033
5019,0.03076033
5020,0.03076033
5021,0.03076033
5022,0.03094524
5023,0.03094524
5024,0.03094524
5025,0.03094524
5026,0.03094524
5027,0.03094524
5028,0.03094524
5029,0.03094524
5030,0.03094524
5031,0.03094524
5032,0.03094524
5033,0.03094524
5034,0.03094524
5035,0.03094524
5036,0.03094524
5037,0.03094524
5038,0.03094524
5039,0.03094524
5040,0.03094524
5041,0.03094524
5042,0.03094524
5043,0.03094524
5044,0.03094524
5045,0.03100676
5046,0.03100676
5047,0.03100676
5048,0.03100676
5049,0.03100676
5050,0.030815
5051,0.030815
5052,0.030815
5053,0.030815
5054,0.030815
5055,0.030815
5056,0.030815
5057,0.030815
5058,0.030815
5059,0.03071147
5060,0.03071147
5061,0.03071147
5062,0.03071147
5063,0.03071147
5064,0.03071147
5065,0.03071147
5066,0.03071147
5067,0.03071147
5068,0.03071147
5069,0.03071147
5070,0.03071147
5071,0.03071147
5072,0.03071147
5073,0.03071147
5074,0.03071147
5075,0.03071147
5076,0.03071147
5077,0.03071147
5078,0.03071147
5079,0.03071147
5080,0.03100676
5081,0.03100676
5082,0.03100676
5083,0.03100676
5084,0.03100676
5085,0.03109993
5086,0.03109993
5087,0.03109993
5088,0.03109993
5089,0.03109993
5090,0.03109993
5091,0.03109993
5092,0.03109993
5093,0.03109993
5094,0.03109993
5095,0.03109993
5096,0.03114083
5097,0.03114083
5098,0.03114083
5099,0.03114083
5100,0.03114083
5101,0.03114083
5102,0.03114083
5103,0.03114083
5104,0.03114083
5105,0.03114083
5106,0.03114083
5107,0.03114083
5108,0.03114083
5109,0.03114083
5110,0.03114083
5111,0.03114083
5112,0.03114083
5113,0.03114083
5114,0.03114083
5115,0.03114083
5116,0.03114083
5117,0.03114083
5118,0.03114083
5119,0.03114083
5120,0.03114083
5121,0.03114083
5122,0.03114083
5123,0.03114083
5124,0.03080001
5125,0.03080001
5126,0.03114083
5127,0.03114083
5128,0.03114083
5129,0.0308
5130,0.0308
5131,0.0308
5132,0.0308
5133,0.0308
5134,0.03117227
5135,0.03117227
5136,0.03100719
5137,0.03100719
5138,0.03100719
5139,0.0306987
5140,0.0306987
5141,0.0306987
5142,0.03061934
5143,0.03061934
5144,0.03061934
5145,0.03061934
5146,0.03061934
5147,0.03061934
5148,0.03052335
5149,0.03052335
5150,0.03052335
5151,0.03052335
5152,0.03052335
5153,0.03052335
5154,0.03045767
5155,0.03045767
5156,0.03045767
5157,0.03045767
5158,0.03045767
5159,0.03045766
5160,0.03045766
5161,0.03070807
5162,0.03070807
5163,0.03070807
5164,0.03070807
5165,0.03070807
5166,0.03070807
5167,0.03070807
5168,0.03070807
5169,0.03070807
5170,0.03070807
5171,0.03072918
5172,0.03072918
5173,0.03072918
5174,0.03072918
5175,0.03072918
5176,0.03072918
5177,0.03072918
5178,0.03072918
5179,0.03086465
5180,0.03086465
5181,0.03086465
5182,0.03086465
5183,0.03086465
5184,0.03086465
5185,0.03086465
5186,0.03086465
5187,0.03086465
5188,0.03086465
5189,0.03086465
5190,0.03086465
5191,0.03086465
5192,0.03086465
5193,0.03086465
5194,0.03086465
5195,0.03086465
5196,0.03086465
5197,0.03086417
5198,0.03086417
5199,0.03086417
5200,0.03086417
5201,0.03086417
5202,0.03086417
5203,0.03086417
5204,0.03086417
5205,0.03086417
5206,0.03086417
5207,0.03086417
5208,0.03086417
5209,0.03086417
5210,0.03086417
5211,0.03086417
5212,0.03086417
5213,0.03086417
5214,0.03086417
5215,0.03086417
5216,0.03086417
5217,0.03086417
5218,0.03086417
5219,0.03086417
5220,0.03086417
5221,0.03086417
5222,0.03086417
5223,0.03086417
5224,0.03086417
5225,0.03086417
5226,0.03086417
5227,0.03086417
5228,0.03086417
5229,0.03086417
5230,0.03086417
5231,0.03086417
5232,0.03086417
5233,0.03086417
5234,0.03086417
5235,0.03086417
5236,0.03086417
5237,0.03086417
5238,0.03086417
5239,0.03086417
5240,0.03086417
5241,0.03086416
5242,0.03086416
5243,0.03086416
5244,0.03086416
5245,0.03086416
5246,0.03086416
5247,0.03086416
5248,0.03086416
5249,0.03086416
5250,0.03086416
5251,0.03086416
5252,0.03086416
5253,0.03086416
5254,0.03045766
5255,0.03045766
5256,0.03045766
5257,0.03045766
5258,0.03045766
5259,0.03043753
5260,0.03043753
5261,0.03043753
5262,0.03043753
5263,0.03042644
5264,0.03042644
5265,0.03041493
5266,0.03041493
5267,0.03041493
5268,0.03039601
5269,0.03039601
5270,0.03039601
5271,0.03039601
5272,0.03039248
5273,0.03039248
5274,0.03039248
5275,0.03039248
5276,0.03039248
5277,0.03036699
5278,0.03036699
5279,0.03036699
5280,0.03036699
5281,0.03036699
5282,0.03036699
5283,0.03036699
5284,0.03036699
5285,0.03036699
5286,0.03036699
5287,0.03036699
5288,0.03036699
5289,0.03036699
5290,0.03036699
5291,0.03036699
5292,0.03036699
5293,0.03036699
5294,0.03036699
5295,0.03025635
5296,0.03025635
5297,0.03025635
5298,0.03025635
5299,0.03025635
5300,0.03025635
5301,0.03025635
5302,0.03025635
5303,0.03025635
5304,0.03025635
5305,0.03025635
5306,0.03025635
5307,0.03025635
5308,0.03025635
5309,0.03025635
5310,0.03025635
5311,0.03025635
5312,0.03025635
5313,0.03025635
5314,0.03025635
5315,0.03025635
5316,0.03025635
5317,0.03025635
5318,0.03025635
5319,0.03025635
5320,0.03025635
5321,0.030123
5322,0.030123
5323,0.030123
5324,0.03044147
5325,0.03044147
5326,0.03044147
5327,0.03044147
5328,0.03044147
5329,0.03044147
5330,0.03044147
5331,0.03044147
5332,0.03044147
5333,0.03044147
5334,0.03044147
5335,0.030123
5336,0.030123
5337,0.030123
5338,0.030123
5339,0.03011
5340,0.03011
5341,0.03011
5342,0.03011
5343,0.03009318
5344,0.03009318
5345,0.03009318
5346,0.03009318
5347,0.03009318
5348,0.03009318
5349,0.03029623
5350,0.03029623
5351,0.03029623
5352,0.03029623
5353,0.03036455
5354,0.03008932
5355,0.03008932
5356,0.03036454
5357,0.03036454
5358,0.03036454
5359,0.03036454
5360,0.03036454
5361,0.03036454
5362,0.03036454
5363,0.03036454
5364,0.03036454
5365,0.03036454
5366,0.03036454
5367,0.03036454
5368,0.03036454
5369,0.03036454
5370,0.03036454
5371,0.03001708
5372,0.03001708
5373,0.03001708
5374,0.0303644
5375,0.0303644
5376,0.0303644
5377,0.0303644
5378,0.0303644
5379,0.0303644
5380,0.0303644
5381,0.0303644
5382,0.0303644
5383,0.0303644
5384,0.0303644
5385,0.0303644
5386,0.0303644
5387,0.0303644
5388,0.0303644
5389,0.0303644
5390,0.0303644
5391,0.0303644
5392,0.0303644
5393,0.0303644
5394,0.0303644
5395,0.0303644
5396,0.0303644
5397,0.0303644
5398,0.0303644
5399,0.0303644
5400,0.0303644
5401,0.0303644
5402,0.03001711
5403,0.03001711
5404,0.03001711
5405,0.03001711
5406,0.03001711
5407,0.03001711
5408,0.03001707
5409,0.03039625
5410,0.03039625
5411,0.03039625
5412,0.03001723
5413,0.03001723
5414,0.03001723
5415,0.03001723
5416,0.03001723
5417,0.03001723
5418,0.03001723
5419,0.03001723
5420,0.03001723
5421,0.03001723
5422,0.03001723
5423,0.03001723
5424,0.0303
5425,0.0303
5426,0.0303
5427,0.0303
5428,0.0303
5429,0.0303
5430,0.0303
5431,0.0303
5432,0.0303
5433,0.0303
5434,0.0303
5435,0.0302677
5436,0.0302677
5437,0.0302677
5438,0.0302
5439,0.0302
5440,0.03048787
5441,0.03048786
5442,0.03048786
5443,0.03001708
5444,0.03001708
5445,0.03001708
5446,0.03001708
5447,0.03001708
5448,0.03001708
5449,0.03001708
5450,0.03001708
5451,0.03001708
5452,0.03001708
5453,0.03001708
5454,0.03001708
5455,0.03001708
5456,0.03001708
5457,0.02994172
5458,0.03013721
5459,0.03013721
5460,0.03013721
5461,0.03013721
5462,0.02994172
5463,0.02994172
5464,0.02994172
5465,0.02994172
5466,0.02994172
5467,0.02994172
5468,0.02994172
5469,0.02994172
5470,0.02994172
5471,0.03013449
5472,0.03027425
5473,0.03027425
5474,0.03027425
5475,0.03027425
5476,0.03027425
5477,0.03027425
5478,0.03027425
5479,0.03027425
5480,0.03027425
5481,0.03027425
5482,0.03027425
5483,0.03027425
5484,0.03027425
5485,0.03027425
5486,0.03045888
5487,0.03048787
5488,0.03048787
5489,0.03048787
5490,0.03048787
5491,0.03048787
5492,0.03048787
5493,0.03048787
5494,0.03048787
5495,0.03048787
5496,0.03048787
5497,0.03048787
5498,0.0304
5499,0.03048787
5500,0.03048787
5501,0.03048787
5502,0.03048787
5503,0.03048787
5504,0.03049332
5505,0.03049332
5506,0.03049332
5507,0.03044941
5508,0.03044941
5509,0.03044941
5510,0.03044941
5511,0.03044941
5512,0.03044941
5513,0.03043032
5514,0.03043033
5515,0.03043033
5516,0.03039013
5517,0.03039013
5518,0.03039013
5519,0.03027818
5520,0.03027818
5521,0.03027818
5522,0.03027818
5523,0.03027818
5524,0.03027818
5525,0.03027818
5526,0.03027818
5527,0.03027818
5528,0.03027818
5529,0.03027818
5530,0.03027818
5531,0.03027818
5532,0.03027818
5533,0.03021744
5534,0.03021744
5535,0.03021744
5536,0.03021744
5537,0.03021744
5538,0.03021744
5539,0.03021744
5540,0.03021744
5541,0.03021744
5542,0.03021744
5543,0.03021746
5544,0.03021746
5545,0.03021746
5546,0.03021746
5547,0.03021746
5548,0.03021746
5549,0.03021746
5550,0.03021746
5551,0.03021746
5552,0.03021746
5553,0.03021746
5554,0.03021746
5555,0.03021746
5556,0.03021746
5557,0.03021746
5558,0.03021746
5559,0.03021746
5560,0.03021746
5561,0.03021746
5562,0.03021746
5563,0.03029999
5564,0.03029999
5565,0.03029999
5566,0.03029999
5567,0.03029999
5568,0.03029999
5569,0.03029999
5570,0.03029999
5571,0.03029999
5572,0.03029999
5573,0.03029999
5574,0.030591
5575,0.030591
5576,0.030591
5577,0.03070887
5578,0.03070887
5579,0.03070887
5580,0.03070887
5581,0.03070887
5582,0.03070887
5583,0.03070887
5584,0.03070887
5585,0.03070887
5586,0.03070887
5587,0.03070887
5588,0.03070887
5589,0.03070887
5590,0.03070887
5591,0.03070887
5592,0.03070887
5593,0.03070887
5594,0.03070887
5595,0.03070887
5596,0.03070887
5597,0.03070887
5598,0.03070887
5599,0.03070887
5600,0.03070887
5601,0.03070887
5602,0.03070887
5603,0.03070887
5604,0.03070887
5605,0.03070887
5606,0.03070887
5607,0.03070887
5608,0.03070887
5609,0.03070887
5610,0.03070887
5611,0.03066742
5612,0.03066742
5613,0.03066742
5614,0.03066742
5615,0.03066742
5616,0.03066742
5617,0.03066742
5618,0.03066742
5619,0.03066742
5620,0.03066742
5621,0.03066742
5622,0.03066742
5623,0.03066742
5624,0.03066742
5625,0.03066742
5626,0.03066742
5627,0.03066742
5628,0.03066742
5629,0.03066742
5630,0.03066742
5631,0.03066742
5632,0.03066742
5633,0.03066742
5634,0.03066742
5635,0.03066742
5636,0.03066742
5637,0.03066742
5638,0.03066742
5639,0.03025874
5640,0.03025874
5641,0.03025874
5642,0.03025874
5643,0.03025874
5644,0.03025874
5645,0.03025874
5646,0.03025874
5647,0.03025874
5648,0.03025874
5649,0.03025874
5650,0.03025874
5651,0.03029231
5652,0.03029231
5653,0.03029231
5654,0.03018819
5655,0.03018819
5656,0.03018819
5657,0.03018819
5658,0.03018819
5659,0.03018819
5660,0.03018722
5661,0.03013237
5662,0.03013237
5663,0.03013237
5664,0.03013237
5665,0.03013237
5666,0.03013237
5667,0.03013237
5668,0.03013237
5669,0.03013237
5670,0.03013237
5671,0.03013237
5672,0.03013237
5673,0.03013237
5674,0.03013237
5675,0.03013237
5676,0.03013237
5677,0.03013237
5678,0.03013237
5679,0.03013237
5680,0.03013237
5681,0.03013237
5682,0.03013237
5683,0.03013237
5684,0.03013237
5685,0.03013237
5686,0.03013237
5687,0.03013237
5688,0.03013237
5689,0.03013237
5690,0.03013237
5691,0.03013237
5692,0.03013237
5693,0.03013237
5694,0.03013237
5695,0.03013237
5696,0.03013237
5697,0.03013237
5698,0.03013237
5699,0.03013237
5700,0.03013237
5701,0.03013237
5702,0.03013237
5703,0.03013237
5704,0.03013237
5705,0.03013237
5706,0.03013237
5707,0.03013237
5708,0.03013237
5709,0.03013237
5710,0.03013237
5711,0.03013237
5712,0.03013237
5713,0.03013237
5714,0.03013237
5715,0.03013237
5716,0.03013237
5717,0.03013237
5718,0.03013237
5719,0.03023118
5720,0.03023118
5721,0.03023118
5722,0.03023118
5723,0.03023118
5724,0.03023118
5725,0.03023118
5726,0.03023118
5727,0.03023118
5728,0.03023118
5729,0.03023118
5730,0.03023118
5731,0.03023118
5732,0.03023118
5733,0.03023118
5734,0.03023118
5735,0.03023118
5736,0.03023118
5737,0.03023118
5738,0.03023118
5739,0.03023118
5740,0.03023118
5741,0.03033
5742,0.03033
5743,0.03033
5744,0.03033
5745,0.03033
5746,0.03033
5747,0.03033
5748,0.03033
5749,0.03033
5750,0.03033
5751,0.03033838
5752,0.03033838
5753,0.03037378
5754,0.03037378
5755,0.03037378
5756,0.03037378
5757,0.03037378
5758,0.03037378
5759,0.03037378
5760,0.03037378
5761,0.03037378
5762,0.03037378
5763,0.03037378
5764,0.03037378
5765,0.03037378
5766,0.03013237
5767,0.03013237
5768,0.03013237
5769,0.03013237
5770,0.03013237
5771,0.03013237
5772,0.03013237
5773,0.03013237
5774,0.03013237
5775,0.03013237
5776,0.03013237
5777,0.03013237
5778,0.03013237
5779,0.03013237
5780,0.03013237
5781,0.03013237
5782,0.03013237
5783,0.03013237
5784,0.03013237
5785,0.03013237
5786,0.03013237
5787,0.03013237
5788,0.03035865
5789,0.03035865
5790,0.03035865
5791,0.03035865
5792,0.03035865
5793,0.03035865
5794,0.03035865
5795,0.03035865
5796,0.03035865
5797,0.03035865
5798,0.03035865
5799,0.03035865
5800,0.03035865
5801,0.03035865
5802,0.03035865
5803,0.03035865
5804,0.03035865
5805,0.03035865
5806,0.03035865
5807,0.03035865
5808,0.03035865
5809,0.03035865
5810,0.03035865
5811,0.0300297
5812,0.0300297
5813,0.0300297
5814,0.0300297
5815,0.03003017
5816,0.03003017
5817,0.03003017
5818,0.03003017
5819,0.03003017
5820,0.03003017
5821,0.03003021
5822,0.03003021
5823,0.03003021
5824,0.03003021
5825,0.03003021
5826,0.03003028
5827,0.03003028
5828,0.03003028
5829,0.03003028
5830,0.03003028
5831,0.03003028
5832,0.03003028
5833,0.03003028
5834,0.03003028
5835,0.03003028
5836,0.03003028
5837,0.03003028
5838,0.03002969
5839,0.03002969
5840,0.03002969
5841,0.03002969
5842,0.03002969
5843,0.03002969
5844,0.03002969
5845,0.03002969
5846,0.03002969
5847,0.03002969
5848,0.03002969
5849,0.03002969
5850,0.03002969
5851,0.03002969
5852,0.03002969
5853,0.03002969
5854,0.03002969
5855,0.03002969
5856,0.03002969
5857,0.03002969
5858,0.03002969
5859,0.0300297
5860,0.0300297
5861,0.0300297
5862,0.0300297
5863,0.0300297
5864,0.0300297
5865,0.0300297
5866,0.0300297
5867,0.0300297
5868,0.0300297
5869,0.03002972
5870,0.03002972
5871,0.03002972
5872,0.0300297
5873,0.0300297
5874,0.0300297
5875,0.0300297
5876,0.0300297
5877,0.0300297
5878,0.0300297
5879,0.0300297
5880,0.0300297
5881,0.0300297
5882,0.0300297
5883,0.0300297
5884,0.03002969
5885,0.03002969
5886,0.03002969
5887,0.03002969
5888,0.03002969
5889,0.03002969
5890,0.03002969
5891,0.03002969
5892,0.03002969
5893,0.03002969
5894,0.03002969
5895,0.03002969
5896,0.03002969
5897,0.03021264
5898,0.03021264
5899,0.03021264
5900,0.03021264
5901,0.03021264
5902,0.03021264
5903,0.03021264
5904,0.03021264
5905,0.03021264
5906,0.03021264
5907,0.03021264
5908,0.03021264
5909,0.03021264
5910,0.03021264
5911,0.03021264
5912,0.03021264
5913,0.03021264
5914,0.03021264
5915,0.03021264
5916,0.03021264
5917,0.03021264
5918,0.03021264
5919,0.03021264
5920,0.03021264
5921,0.03021264
5922,0.03021264
5923,0.03021264
5924,0.03021264
5925,0.03021264
5926,0.03021264
5927,0.0302102
5928,0.0302102
5929,0.0302102
5930,0.03020997
5931,0.03020997
5932,0.02995762
5933,0.02995762
5934,0.02995762
5935,0.02995762
5936,0.02995762
5937,0.02995762
5938,0.02995762
5939,0.02995762
5940,0.02995762
5941,0.02995762
5942,0.02995762
5943,0.02995762
5944,0.02995762
5945,0.02995762
5946,0.02995762
5947,0.02995762
5948,0.02995762
5949,0.02995762
5950,0.02995762
5951,0.02987974
5952,0.02987974
5953,0.02987973
5954,0.02987973
5955,0.02987973
5956,0.02987973
5957,0.02987973
5958,0.02977837
5959,0.02977837
5960,0.02977837
5961,0.02977837
5962,0.02977837
5963,0.02977837
5964,0.02977837
5965,0.02977837
5966,0.02977837
5967,0.02977837
5968,0.02977837
5969,0.02977837
5970,0.02977837
5971,0.02977837
5972,0.02977837
5973,0.02977837
5974,0.02977837
5975,0.02977837
5976,0.02977837
5977,0.02977837
5978,0.02977837
5979,0.02977837
5980,0.02977837
5981,0.02977837
5982,0.02977837
5983,0.02977837
5984,0.02977837
5985,0.02977837
5986,0.02977837
5987,0.02977837
5988,0.02977837
5989,0.02977837
5990,0.02977837
5991,0.02977837
5992,0.02977837
5993,0.03009973
5994,0.03009973
5995,0.03009973
5996,0.03009952
5997,0.03009952
5998,0.03009931
5999,0.03009931
6000,0.03009931
6001,0.03009931
6002,0.03009931
6003,0.03009931
6004,0.03009931
6005,0.03009931
6006,0.03009931
6007,0.03009931
6008,0.03009931
6009,0.03009931
6010,0.03009931
6011,0.03009931
6012,0.03009931
6013,0.03009931
6014,0.03009931
6015,0.03009931
6016,0.03009931
6017,0.03009931
6018,0.03009931
6019,0.03009931
6020,0.03009931
6021,0.03009931
6022,0.03009931
6023,0.02994888
6024,0.02994888
6025,0.02994888
6026,0.02994888
6027,0.02994888
6028,0.02994888
6029,0.02994888
6030,0.02994888
6031,0.02994888
6032,0.02994888
6033,0.02994888
6034,0.02994888
6035,0.02994888
6036,0.02979914
6037,0.02979914
6038,0.02974492
6039,0.02970582
6040,0.02970582
6041,0.02970582
6042,0.02970072
6043,0.02970072
6044,0.02970072
6045,0.02970072
6046,0.02970072
6047,0.02967431
6048,0.02967431
6049,0.02967431
6050,0.02965014
6051,0.02967431
6052,0.02949318
6053,0.02949318
6054,0.02949318
6055,0.02949318
6056,0.02949318
6057,0.02935561
6058,0.02935561
6059,0.02935561
6060,0.02935561
6061,0.02935561
6062,0.02935561
6063,0.02935561
6064,0.02935561
6065,0.02935561
6066,0.02935561
6067,0.02936001
6068,0.02936001
6069,0.02936001
6070,0.02936001
6071,0.02965014
6072,0.02967223
6073,0.02967222
6074,0.02965014
6075,0.02965014
6076,0.02965014
6077,0.02965014
6078,0.02965014
6079,0.02965014
6080,0.02967431
6081,0.02967431
6082,0.02967431
6083,0.02967431
6084,0.02967431
6085,0.02967431
6086,0.02967431
6087,0.02967431
6088,0.02967431
6089,0.02967431
6090,0.02967431
6091,0.02967431
6092,0.02967431
6093,0.02967431
6094,0.02979914
6095,0.02979914
6096,0.02979914
6097,0.02979914
6098,0.02979914
6099,0.02979914
6100,0.02989425
6101,0.02989425
6102,0.02978874
6103,0.02978874
6104,0.02978874
6105,0.02978874
6106,0.02978874
6107,0.02978874
6108,0.02978874
6109,0.02978874
6110,0.02978874
6111,0.02978874
6112,0.02978874
6113,0.02978874
6114,0.02942431
6115,0.02942431
6116,0.02942431
6117,0.02942431
6118,0.02989298
6119,0.02989298
6120,0.02989298
6121,0.02989298
6122,0.02989298
6123,0.02989298
6124,0.02989298
6125,0.02989298
6126,0.02989298
6127,0.02989298
6128,0.02989298
6129,0.02989298
6130,0.02989298
6131,0.02989298
6132,0.02989298
6133,0.02989298
6134,0.02989298
6135,0.02989298
6136,0.02989298
6137,0.02989298
6138,0.02989298
6139,0.02989298
6140,0.02989298
6141,0.02989298
6142,0.02989298
6143,0.02989298
6144,0.02989298
6145,0.02989298
6146,0.02989298
6147,0.02989174
6148,0.02989174
6149,0.02991948
6150,0.02991949
6151,0.02991949
6152,0.02991949
6153,0.02991949
6154,0.02991949
6155,0.02991949
6156,0.02991949
6157,0.02991949
6158,0.02991949
6159,0.02991949
6160,0.02991949
6161,0.02994888
6162,0.02994888
6163,0.02994888
6164,0.02994888
6165,0.03000173
6166,0.03000729
6167,0.03000729
6168,0.03008268
6169,0.03008268
6170,0.03008268
6171,0.03008268
6172,0.03008268
6173,0.03008268
6174,0.03008268
6175,0.03008268
6176,0.03008268
6177,0.03008268
6178,0.03006561
6179,0.03006561
6180,0.03006561
6181,0.03006561
6182,0.03006561
6183,0.03006561
6184,0.03006561
6185,0.03006561
6186,0.03006561
6187,0.03006561
6188,0.03016603
6189,0.0302
6190,0.0302
6191,0.0302
6192,0.03003514
6193,0.03008268
6194,0.03008268
6195,0.03008268
6196,0.03008268
6197,0.03008268
6198,0.03008269
6199,0.03008269
6200,0.03008268
6201,0.03008268
6202,0.03008268
6203,0.03008268
6204,0.03008268
6205,0.03003514
6206,0.03003514
6207,0.03003514
6208,0.03003514
6209,0.03003514
6210,0.03003514
6211,0.03003514
6212,0.03003514
6213,0.03003514
6214,0.03003514
6215,0.03003514
6216,0.03003514
6217,0.03003514
6218,0.03003514
6219,0.03003514
6220,0.03003514
6221,0.03003514
6222,0.0300001
6223,0.0300001
6224,0.0300001
6225,0.0300001
6226,0.0300001
6227,0.0300001
6228,0.0300001
6229,0.0300001
6230,0.0300001
6231,0.0300001
6232,0.0300001
6233,0.0300001
6234,0.0300001
6235,0.0300001
6236,0.0300001
6237,0.0300001
6238,0.0300001
6239,0.0300001
6240,0.0300001
6241,0.02994888
6242,0.02994888
6243,0.02994888
6244,0.02994888
6245,0.02994888
6246,0.02994888
6247,0.02994888
6248,0.02994888
6249,0.02994888
6250,0.02994888
6251,0.02994888
6252,0.02994888
6253,0.02994888
6254,0.02994888
6255,0.02994888
6256,0.02994888
6257,0.02994888
6258,0.02994888
6259,0.02994888
6260,0.02994888
6261,0.02994888
6262,0.02994888
6263,0.02994888
6264,0.02994888
6265,0.02994888
6266,0.02994888
6267,0.02994888
6268,0.02994888
6269,0.02994888
6270,0.02994888
6271,0.02994888
6272,0.02994888
6273,0.02994888
