0,0.62101865
1,0.62101865
2,0.62226072
3,0.62226072
4,0.62226072
5,0.62226072
6,0.62226072
7,0.62226072
8,0.62226072
9,0.62226072
10,0.62226072
11,0.62226072
12,0.62226072
13,0.62226072
14,0.62226072
15,0.62226072
16,0.62226072
17,0.62226072
18,0.62226072
19,0.62226072
20,0.62226072
21,0.62226072
22,0.62226072
23,0.62226072
24,0.62226072
25,0.62226072
26,0.62226072
27,0.62226072
28,0.62226071
29,0.62226071
30,0.62226071
31,0.62226071
32,0.62226071
33,0.62226071
34,0.62226071
35,0.62226071
36,0.62226071
37,0.62226071
38,0.62226071
39,0.62226071
40,0.62226071
41,0.62226071
42,0.62226071
43,0.62226071
44,0.62226071
45,0.62226071
46,0.62226071
47,0.62226071
48,0.62226071
49,0.62226071
50,0.62226071
51,0.62226071
52,0.62226071
53,0.62226071
54,0.62226071
55,0.62226071
56,0.62226
57,0.62226072
58,0.62226072
59,0.62226072
60,0.62126108
61,0.62126108
62,0.6213
63,0.6213
64,0.6213
65,0.6213
66,0.6213
67,0.6213
68,0.6213
69,0.6213
70,0.62127114
71,0.62127114
72,0.62127114
73,0.62127114
74,0.62127114
75,0.62127114
76,0.62226074
77,0.62226074
78,0.62226074
79,0.62226075
80,0.62226075
81,0.62226075
82,0.62350528
83,0.62350528
84,0.62350528
85,0.62350528
86,0.62350528
87,0.62350528
88,0.62350528
89,0.62350528
90,0.62350528
91,0.62350528
92,0.62350528
93,0.62350528
94,0.62350528
95,0.62350528
96,0.62350528
97,0.62350528
98,0.62350528
99,0.62126071
100,0.62126071
101,0.62126071
102,0.62126071
103,0.62126071
104,0.62126071
105,0.62409398
106,0.62409398
107,0.62409398
108,0.62409398
109,0.62409398
110,0.62409398
111,0.62409398
112,0.61917107
113,0.61917107
114,0.61917107
115,0.61917106
116,0.61917106
117,0.61917106
118,0.62350528
119,0.623506
120,0.623506
121,0.623506
122,0.623506
123,0.623506
124,0.623506
125,0.623506
126,0.61917108
127,0.61917108
128,0.61917108
129,0.61917108
130,0.61917108
131,0.6239
132,0.62399964
133,0.62399964
134,0.6240936
135,0.62409398
136,0.62409398
137,0.62829998
138,0.62829988
139,0.6282996
140,0.62829956
141,0.62289356
142,0.62829
143,0.62829
144,0.62829
145,0.62829
146,0.62829
147,0.62829
148,0.62829
149,0.62829
150,0.62829
151,0.62829
152,0.62829
153,0.62829
154,0.62829
155,0.62829
156,0.62725382
157,0.628
158,0.628
159,0.628
160,0.628
161,0.628
162,0.628
163,0.628
164,0.628
165,0.6275
166,0.6275
167,0.6275
168,0.62829954
169,0.62829954
170,0.62829954
171,0.62829954
172,0.62829954
173,0.62829954
174,0.6282996
175,0.6282996
176,0.6282996
177,0.6282996
178,0.6282996
179,0.6282996
180,0.6282996
181,0.6282996
182,0.6282996
183,0.6282996
184,0.6282996
185,0.62828999
186,0.62828999
187,0.62828999
188,0.62828999
189,0.62828999
190,0.62828999
191,0.62828999
192,0.62828999
193,0.62389358
194,0.62389358
195,0.62389358
196,0.62389358
197,0.62389357
198,0.62389357
199,0.62389357
200,0.62389357
201,0.62389357
202,0.62389357
203,0.62389357
204,0.62389357
205,0.62289356
206,0.62289356
207,0.62165025
208,0.62165025
209,0.62165025
210,0.62165026
211,0.62165026
212,0.62165026
213,0.62165027
214,0.62165027
215,0.62600181
216,0.62600181
217,0.62600181
218,0.62599553
219,0.62599553
220,0.62599553
221,0.62599553
222,0.62599553
223,0.62165025
224,0.6199
225,0.6199
226,0.6199
227,0.618
228,0.618
229,0.618
230,0.618
231,0.618
232,0.618
233,0.61629954
234,0.6155
235,0.6155
236,0.6155
237,0.61547083
238,0.61351446
239,0.61278774
240,0.61278774
241,0.61278774
242,0.61278774
243,0.61278774
244,0.61132121
245,0.61132121
246,0.61132121
247,0.61132121
248,0.61132121
249,0.61132121
250,0.61132121
251,0.61
252,0.61
253,0.61
254,0.61
255,0.61
256,0.61
257,0.61
258,0.61
259,0.60981009
260,0.60981004
261,0.60981004
262,0.60981004
263,0.60981004
264,0.60981004
265,0.60981004
266,0.61
267,0.61
268,0.611
269,0.611
270,0.61424233
271,0.61424233
272,0.6143
273,0.6143
274,0.6143
275,0.6143
276,0.61437779
277,0.6143
278,0.61484553
279,0.61484554
280,0.61484554
281,0.61484556
282,0.61484556
283,0.61590817
284,0.61590817
285,0.61590817
286,0.61590818
287,0.61590818
288,0.61590818
289,0.61590817
290,0.61590817
291,0.61590783
292,0.61590783
293,0.61590783
294,0.61590783
295,0.61590783
296,0.61590783
297,0.61590783
298,0.61590783
299,0.61590783
300,0.61590783
301,0.61590783
302,0.61590783
303,0.61590783
304,0.61590783
305,0.61100002
306,0.61100002
307,0.61100002
308,0.611
309,0.611
310,0.611
311,0.611
312,0.60954907
313,0.611
314,0.611
315,0.61
316,0.61
317,0.61
318,0.61
319,0.60954906
320,0.611
321,0.611
322,0.611
323,0.61730682
324,0.611
325,0.611
326,0.6111
327,0.6111
328,0.6111
329,0.6111
330,0.6111
331,0.61607526
332,0.61607526
333,0.61607526
334,0.61607526
335,0.61607526
336,0.61607526
337,0.616
338,0.61730498
339,0.61730498
340,0.61730498
341,0.61730498
342,0.61730498
343,0.61730497
344,0.61730497
345,0.61730497
346,0.61730497
347,0.61730497
348,0.61730494
349,0.61730493
350,0.61730493
351,0.613
352,0.613
353,0.613
354,0.613
355,0.61730486
356,0.61730486
357,0.61730486
358,0.61730486
359,0.61730486
360,0.61730486
361,0.61730482
362,0.61730482
363,0.61730482
364,0.61720482
365,0.614
366,0.614
367,0.614
368,0.614
369,0.614
370,0.614
371,0.61730498
372,0.61730498
373,0.61730498
374,0.61730498
375,0.613
376,0.613
377,0.613
378,0.613
379,0.613
380,0.613
381,0.613
382,0.613
383,0.613
384,0.613
385,0.613
386,0.613
387,0.613
388,0.613
389,0.613
390,0.613
391,0.613
392,0.613
393,0.613
394,0.613
395,0.613
396,0.613
397,0.613
398,0.613
399,0.61299899
400,0.61299899
401,0.61299899
402,0.6117927
403,0.6117927
404,0.6117927
405,0.6117927
406,0.6117927
407,0.613
408,0.613
409,0.6117927
410,0.6117927
411,0.6117927
412,0.6117927
413,0.6117927
414,0.6117927
415,0.6117927
416,0.6117927
417,0.6117927
418,0.6117927
419,0.6117927
420,0.6117927
421,0.6117927
422,0.6117927
423,0.6117927
424,0.6117927
425,0.6117927
426,0.6117927
427,0.6117927
428,0.6117927
429,0.613
430,0.613
431,0.613
432,0.613
433,0.613
434,0.613
435,0.613
436,0.613
437,0.613
438,0.613
439,0.613
440,0.612
441,0.612
442,0.612
443,0.612
444,0.612
445,0.612
446,0.612
447,0.612
448,0.612
449,0.612
450,0.6121
451,0.6121
452,0.6121
453,0.6121
454,0.6121
455,0.6121
456,0.6121
457,0.6121
458,0.6121
459,0.6121
460,0.6121
461,0.6121
462,0.6121
463,0.613
464,0.613
465,0.613
466,0.613
467,0.613
468,0.613
469,0.613
470,0.6185
471,0.6185
472,0.61600001
473,0.61600001
474,0.61600001
475,0.61600001
476,0.61600001
477,0.61600001
478,0.61600001
479,0.61600001
480,0.61600001
481,0.61600001
482,0.61600001
483,0.61600001
484,0.61600001
485,0.61600001
486,0.61600001
487,0.61600001
488,0.61600001
489,0.61600001
490,0.61600001
491,0.61829966
492,0.61829966
493,0.61829966
494,0.61829966
495,0.61829966
496,0.61829966
497,0.61829966
498,0.61829966
499,0.61829966
500,0.61829966
501,0.61829966
502,0.61829966
503,0.61829966
504,0.61829966
505,0.61829966
506,0.61301752
507,0.61301752
508,0.61301752
509,0.61301752
510,0.61301752
511,0.61301752
512,0.61301752
513,0.61301752
514,0.61301752
515,0.61301752
516,0.61301752
517,0.61301752
518,0.61301752
519,0.61301752
520,0.61301752
521,0.61301752
522,0.61301752
523,0.61730742
524,0.61730742
525,0.61730742
526,0.61730742
527,0.61730742
528,0.61730742
529,0.61730742
530,0.61730742
531,0.61301752
532,0.61301752
533,0.61301752
534,0.61301752
535,0.61301752
536,0.61301752
537,0.61301752
538,0.61301752
539,0.61301752
540,0.61301752
541,0.61301752
542,0.61301752
543,0.61301752
544,0.61301752
545,0.61301751
546,0.61301751
547,0.61301751
548,0.6130163
549,0.6130163
550,0.6130163
551,0.6130163
552,0.6130163
553,0.6130163
554,0.6130163
555,0.6130163
556,0.61301752
557,0.61301752
558,0.61301752
559,0.61301752
560,0.61301752
561,0.61301752
562,0.61301752
563,0.61301752
564,0.61301752
565,0.61301752
566,0.61301752
567,0.61301752
568,0.61301752
569,0.61301752
570,0.61301752
571,0.61301752
572,0.61301752
573,0.61301752
574,0.61301752
575,0.61301752
576,0.61301752
577,0.61301752
578,0.61301752
579,0.612
580,0.612
581,0.612
582,0.612
583,0.612
584,0.612
585,0.612
586,0.61179271
587,0.61179271
588,0.61179271
589,0.61179271
590,0.61179271
591,0.61179271
592,0.61179271
593,0.61179271
594,0.61179271
595,0.61179271
596,0.61179271
597,0.61179271
598,0.61179271
599,0.61179271
600,0.61179271
601,0.61179271
602,0.61179271
603,0.61179271
604,0.61179271
605,0.61179271
606,0.61179271
607,0.61179271
608,0.61179271
609,0.61179271
610,0.61179271
611,0.61179271
612,0.61179271
613,0.61399998
614,0.61399998
615,0.61399999
616,0.61399999
617,0.61399999
618,0.61399999
619,0.61399999
620,0.61399998
621,0.61399998
622,0.61399998
623,0.61399998
624,0.61399998
625,0.61399998
626,0.61399998
627,0.61399999
628,0.61399999
629,0.61399999
630,0.614
631,0.614
632,0.614
633,0.614
634,0.61399999
635,0.614
636,0.61399999
637,0.61399998
638,0.61399998
639,0.61399998
640,0.61399998
641,0.61399998
642,0.61399998
643,0.61399998
644,0.61399998
645,0.61399998
646,0.61399998
647,0.61399998
648,0.61399998
649,0.61399998
650,0.61399998
651,0.614
652,0.612009
653,0.612009
654,0.612009
655,0.612009
656,0.612009
657,0.612009
658,0.612009
659,0.612009
660,0.612009
661,0.612009
662,0.612009
663,0.612009
664,0.612009
665,0.61849573
666,0.61849573
667,0.6184957
668,0.6184957
669,0.6184957
670,0.6184957
671,0.6130163
672,0.6130163
673,0.6130163
674,0.6130163
675,0.6130163
676,0.612009
677,0.61179271
678,0.61179271
679,0.618495
680,0.61849474
681,0.61849474
682,0.61849474
683,0.61849474
684,0.61849474
685,0.61849474
686,0.61849474
687,0.61849474
688,0.61301631
689,0.61301631
690,0.61301631
691,0.61301631
692,0.61301631
693,0.61849275
694,0.61849275
695,0.61849275
696,0.61849275
697,0.61849275
698,0.61849275
699,0.61849275
700,0.61849275
701,0.61799986
702,0.61799986
703,0.61799986
704,0.61799986
705,0.61799986
706,0.61799986
707,0.61799986
708,0.61799988
709,0.61799988
710,0.61799988
711,0.61799988
712,0.61799988
713,0.61799988
714,0.618
715,0.618
716,0.618
717,0.618
718,0.618
719,0.618
720,0.618
721,0.618
722,0.618
723,0.618
724,0.618
725,0.618
726,0.618
727,0.618
728,0.61800001
729,0.61800001
730,0.618
731,0.618
732,0.618
733,0.618
734,0.61854197
735,0.61854197
736,0.61854197
737,0.61854197
738,0.61854197
739,0.61854197
740,0.6181
741,0.6181
742,0.6181
743,0.6181
744,0.6181
745,0.6181
746,0.6181
747,0.6181
748,0.6181
749,0.6181
750,0.6181
751,0.6181
752,0.6181
753,0.61854195
754,0.61854195
755,0.61854195
756,0.61854195
757,0.61854195
758,0.61854195
759,0.61854195
760,0.6185
761,0.6185
762,0.6185
763,0.6185
764,0.6154197
765,0.6154197
766,0.6154197
767,0.6154197
768,0.6154197
769,0.6154197
770,0.61541971
771,0.61541971
772,0.61541971
773,0.6185
774,0.6185
775,0.6185
776,0.6185
777,0.613001
778,0.613001
779,0.613001
780,0.6173074
781,0.6173074
782,0.6173074
783,0.61730738
784,0.61730738
785,0.61730738
786,0.61730738
787,0.61730738
788,0.61730738
789,0.61730738
790,0.61730738
791,0.61730738
792,0.61730738
793,0.61730738
794,0.61730738
795,0.61730736
796,0.61730736
797,0.61730736
798,0.61730737
799,0.61730737
800,0.61730737
801,0.61730737
802,0.61730737
803,0.61730737
804,0.61730737
805,0.61730737
806,0.61730737
807,0.61730736
808,0.613001
809,0.613001
810,0.613001
811,0.613001
812,0.613001
813,0.613001
814,0.613001
815,0.61819998
816,0.61819998
817,0.61819998
818,0.61819998
819,0.61799989
820,0.6130163
821,0.6130163
822,0.6130163
823,0.613001
824,0.613001
825,0.613001
826,0.613001
827,0.613001
828,0.613001
829,0.613
830,0.613
831,0.613
832,0.613
833,0.613
834,0.613
835,0.613
836,0.613
837,0.613
838,0.613
839,0.61
840,0.61
841,0.61
842,0.61
843,0.61
844,0.61
845,0.609777
846,0.609777
847,0.609777
848,0.609777
849,0.609777
850,0.609777
851,0.61500901
852,0.61500901
853,0.61500901
854,0.61500901
855,0.61057155
856,0.61057155
857,0.61057155
858,0.61057155
859,0.60935283
860,0.60935283
861,0.60935283
862,0.60935283
863,0.60935283
864,0.60935283
865,0.6093
866,0.6093
867,0.6081
868,0.609
869,0.6093
870,0.6093
871,0.6092
872,0.6093
873,0.6093
874,0.60929999
875,0.60929999
876,0.6093
877,0.6093
878,0.6092
879,0.6081
880,0.6092
881,0.6092
882,0.6092
883,0.6092
884,0.6092
885,0.6092
886,0.6092
887,0.6092
888,0.6092
889,0.609
890,0.609
891,0.609
892,0.609
893,0.609
894,0.609
895,0.609
896,0.609
897,0.609
898,0.609
899,0.609
900,0.609
901,0.6093
902,0.6093
903,0.6093
904,0.612
905,0.612
906,0.612
907,0.612
908,0.60930609
909,0.60930609
910,0.60930609
911,0.60930609
912,0.60930609
913,0.60930609
914,0.60930609
915,0.60930609
916,0.60930609
917,0.60930609
918,0.60930609
919,0.60930609
920,0.60930609
921,0.60930609
922,0.60930609
923,0.60930609
924,0.60930609
925,0.60930609
926,0.60930609
927,0.60930609
928,0.60930609
929,0.60930609
930,0.60930609
931,0.60930609
932,0.60930609
933,0.60930609
934,0.60930609
935,0.60930609
936,0.60930609
937,0.60930609
938,0.60930609
939,0.60930609
940,0.60930609
941,0.60930609
942,0.60930609
943,0.60930609
944,0.6093
945,0.6093
946,0.6093
947,0.6093
948,0.6093
949,0.6093
950,0.6093
951,0.6093
952,0.6093
953,0.6074
954,0.6074
955,0.6074
956,0.6074
957,0.6074
958,0.6074
959,0.6074
960,0.6074
961,0.6074
962,0.6074
963,0.6074
964,0.6074
965,0.6074
966,0.6074
967,0.6074
968,0.6074
969,0.60733385
970,0.607
971,0.607
972,0.607
973,0.60733385
974,0.60733385
975,0.607
976,0.607
977,0.607
978,0.607
979,0.607
980,0.607
981,0.607
982,0.607
983,0.607
984,0.607
985,0.60733384
986,0.60733384
987,0.60733384
988,0.60733384
989,0.60733385
990,0.606201
991,0.606201
992,0.606201
993,0.6074
994,0.6074
995,0.6074
996,0.6074
997,0.6074
998,0.6074
999,0.6074
1000,0.6074
1001,0.6074
1002,0.6074
1003,0.6074
1004,0.6074
1005,0.6074
1006,0.6074
1007,0.6074
1008,0.6074
1009,0.6074
1010,0.606201
1011,0.606201
1012,0.606201
1013,0.606201
1014,0.6074
1015,0.6074
1016,0.6074
1017,0.6074
1018,0.606201
1019,0.606201
1020,0.606
1021,0.606
1022,0.606
1023,0.606
1024,0.606
1025,0.606
1026,0.606
1027,0.606
1028,0.606
1029,0.606
1030,0.606
1031,0.606
1032,0.606
1033,0.606
1034,0.606
1035,0.606
1036,0.606
1037,0.606
1038,0.60593046
1039,0.60593046
1040,0.60588047
1041,0.60585824
1042,0.60091
1043,0.60080001
1044,0.60080001
1045,0.60080001
1046,0.60080001
1047,0.60080001
1048,0.60080001
1049,0.60080001
1050,0.60080001
1051,0.60080001
1052,0.60080001
1053,0.60080001
1054,0.605
1055,0.605
1056,0.60090001
1057,0.60090001
1058,0.60090002
1059,0.60090002
1060,0.606
1061,0.606
1062,0.606
1063,0.606
1064,0.606
1065,0.60620096
1066,0.6059
1067,0.6059
1068,0.6059
1069,0.6059
1070,0.6059
1071,0.6059
1072,0.60590001
1073,0.60590001
1074,0.60590001
1075,0.60590001
1076,0.60590001
1077,0.60590001
1078,0.60590001
1079,0.6059
1080,0.6059
1081,0.6059
1082,0.6059
1083,0.6059
1084,0.6059
1085,0.60316996
1086,0.6059
1087,0.6059
1088,0.6059
1089,0.6059
1090,0.6059
1091,0.6059
1092,0.6059
1093,0.60316996
1094,0.60316996
1095,0.60316996
1096,0.60316996
1097,0.60316996
1098,0.6059
1099,0.60090005
1100,0.60090005
1101,0.60090005
1102,0.60090005
1103,0.60090005
1104,0.60090005
1105,0.60090005
1106,0.60090005
1107,0.60090005
1108,0.60090005
1109,0.6059
1110,0.6059
1111,0.601
1112,0.601
1113,0.601
1114,0.60100002
1115,0.60100002
1116,0.60100002
1117,0.60100002
1118,0.6059
1119,0.6059
1120,0.6059
1121,0.605
1122,0.605
1123,0.605
1124,0.6059
1125,0.606201
1126,0.606201
1127,0.6059
1128,0.6059
1129,0.6059
1130,0.6059
1131,0.6059
1132,0.6059
1133,0.606201
1134,0.606201
1135,0.606201
1136,0.606201
1137,0.606201
1138,0.606201
1139,0.606201
1140,0.606201
1141,0.606201
1142,0.606201
1143,0.606201
1144,0.606201
1145,0.606201
1146,0.606201
1147,0.606201
1148,0.606201
1149,0.606201
1150,0.606201
1151,0.6059
1152,0.6059
1153,0.6059
1154,0.6059
1155,0.6059
1156,0.6059
1157,0.6059
1158,0.6059
1159,0.6059
1160,0.6059
1161,0.6059
1162,0.6059
1163,0.6059
1164,0.6059
1165,0.6059
1166,0.6059
1167,0.605
1168,0.605
1169,0.605
1170,0.605
1171,0.605
1172,0.605
1173,0.60500001
1174,0.60500001
1175,0.60500001
1176,0.60500001
1177,0.60500001
1178,0.60500001
1179,0.60500001
1180,0.605
1181,0.605
1182,0.60500001
1183,0.60500001
1184,0.60500001
1185,0.60500001
1186,0.605
1187,0.605
1188,0.605
1189,0.605
1190,0.60000008
1191,0.60000006
1192,0.6025
1193,0.6025
1194,0.6025
1195,0.60000006
1196,0.60000006
1197,0.60000006
1198,0.60000006
1199,0.60000006
1200,0.60000006
1201,0.60000006
1202,0.60000006
1203,0.60000006
1204,0.60000006
1205,0.6025
1206,0.6025
1207,0.6025
1208,0.6025
1209,0.6025
1210,0.6025
1211,0.6
1212,0.6
1213,0.6
1214,0.6
1215,0.6
1216,0.6
1217,0.6
1218,0.6
1219,0.6
1220,0.6
1221,0.6
1222,0.6
1223,0.6
1224,0.60249989
1225,0.60249989
1226,0.60249989
1227,0.60249981
1228,0.5978
1229,0.5978
1230,0.5978
1231,0.5978
1232,0.60249893
1233,0.60249893
1234,0.60249893
1235,0.60249893
1236,0.59777725
1237,0.59757928
1238,0.5974
1239,0.5974
1240,0.5974
1241,0.5974
1242,0.59
1243,0.59
1244,0.59
1245,0.58633602
1246,0.59
1247,0.58721553
1248,0.58721553
1249,0.58721553
1250,0.59
1251,0.58999999
1252,0.58999999
1253,0.59
1254,0.58721553
1255,0.58721553
1256,0.589
1257,0.589
1258,0.589
1259,0.589
1260,0.589
1261,0.589
1262,0.589
1263,0.589
1264,0.589
1265,0.58302907
1266,0.58302907
1267,0.58302907
1268,0.58302907
1269,0.58723006
1270,0.58840453
1271,0.58899996
1272,0.58899996
1273,0.58899996
1274,0.58840453
1275,0.5860556
1276,0.5860556
1277,0.5884
1278,0.58605499
1279,0.58839948
1280,0.58839931
1281,0.58839931
1282,0.58839999
1283,0.58605499
1284,0.58605499
1285,0.58722709
1286,0.58722709
1287,0.58722709
1288,0.58723
1289,0.58723
1290,0.58723
1291,0.58723
1292,0.58723
1293,0.58722709
1294,0.587
1295,0.587
1296,0.587
1297,0.587
1298,0.587
1299,0.5868
1300,0.5869923
1301,0.5869923
1302,0.5869923
1303,0.587
1304,0.5869923
1305,0.5869923
1306,0.58699231
1307,0.589
1308,0.58958133
1309,0.58958133
1310,0.5972
1311,0.59719994
1312,0.5971997
1313,0.59
1314,0.59719966
1315,0.6039
1316,0.6039
1317,0.59969028
1318,0.59699999
1319,0.59699999
1320,0.59699999
1321,0.59699999
1322,0.59372914
1323,0.593729
1324,0.59697611
1325,0.59697611
1326,0.59697611
1327,0.59697611
1328,0.5878274
1329,0.58782745
1330,0.58782745
1331,0.58782745
1332,0.58782745
1333,0.58782752
1334,0.58782752
1335,0.58782745
1336,0.59312001
1337,0.59311407
1338,0.58782753
1339,0.59311407
1340,0.59311407
1341,0.59311407
1342,0.58782753
1343,0.58665394
1344,0.58665394
1345,0.58665394
1346,0.58665394
1347,0.59076053
1348,0.58605499
1349,0.59076039
1350,0.59076039
1351,0.59060385
1352,0.59060385
1353,0.585
1354,0.58499999
1355,0.58431434
1356,0.58431434
1357,0.58431434
1358,0.584
1359,0.58350001
1360,0.58350001
1361,0.58350001
1362,0.58350001
1363,0.58350001
1364,0.58350001
1365,0.58350001
1366,0.5835
1367,0.5835
1368,0.5835
1369,0.5835
1370,0.5835
1371,0.5835
1372,0.5835
1373,0.5834
1374,0.5834
1375,0.5834
1376,0.58
1377,0.58
1378,0.58
1379,0.58299999
1380,0.58
1381,0.58
1382,0.58
1383,0.58
1384,0.58
1385,0.57999999
1386,0.57999999
1387,0.5825
1388,0.5825
1389,0.5825
1390,0.5825
1391,0.57999999
1392,0.57999999
1393,0.5799
1394,0.5799
1395,0.5799
1396,0.58245
1397,0.5798
1398,0.5779
1399,0.5779
1400,0.57789999
1401,0.57789999
1402,0.5779
1403,0.576
1404,0.576
1405,0.576
1406,0.5769999
1407,0.5769999
1408,0.576
1409,0.576
1410,0.576
1411,0.576
1412,0.576
1413,0.576
1414,0.576
1415,0.576
1416,0.576
1417,0.57599999
1418,0.57597515
1419,0.57597515
1420,0.57597515
1421,0.57597515
1422,0.57597515
1423,0.57597515
1424,0.57597515
1425,0.57427801
1426,0.57427801
1427,0.5725
1428,0.574278
1429,0.574278
1430,0.5725
1431,0.5725
1432,0.5725
1433,0.57247985
1434,0.5721
1435,0.57247984
1436,0.57247984
1437,0.57247984
1438,0.57247984
1439,0.57424
1440,0.57424
1441,0.57247985
1442,0.57247984
1443,0.5721
1444,0.5721
1445,0.572
1446,0.57247985
1447,0.57247985
1448,0.572
1449,0.57424
1450,0.57424
1451,0.57424
1452,0.57424
1453,0.57424
1454,0.57200001
1455,0.57424
1456,0.57424
1457,0.57424
1458,0.57424
1459,0.57424
1460,0.57676476
1461,0.577
1462,0.57789996
1463,0.5802323
1464,0.5802323
1465,0.581
1466,0.58
1467,0.581
1468,0.581
1469,0.581
1470,0.58
1471,0.583
1472,0.5800001
1473,0.58
1474,0.58299995
1475,0.5828991
1476,0.58
1477,0.58
1478,0.58289907
1479,0.58289907
1480,0.5828991
1481,0.58
1482,0.58
1483,0.58000007
1484,0.582891
1485,0.58
1486,0.581
1487,0.5796
1488,0.5796
1489,0.579
1490,0.579
1491,0.57900506
1492,0.57900506
1493,0.579
1494,0.579
1495,0.575
1496,0.575
1497,0.575002
1498,0.575002
1499,0.575002
1500,0.575002
1501,0.5785
1502,0.57390098
1503,0.57390098
1504,0.57390098
1505,0.5785
1506,0.5785
1507,0.5785
1508,0.5785
1509,0.575
1510,0.575
1511,0.57849999
1512,0.5785
1513,0.5785
1514,0.57849999
1515,0.58
1516,0.57504879
1517,0.57999999
1518,0.57500003
1519,0.5835
1520,0.5835
1521,0.5835
1522,0.5835
1523,0.5835
1524,0.5835
1525,0.5835
1526,0.583679
1527,0.58372069
1528,0.5835
1529,0.585
1530,0.585
1531,0.585
1532,0.585
1533,0.585
1534,0.585
1535,0.58605788
1536,0.58605788
1537,0.58723002
1538,0.58723001
1539,0.58723006
1540,0.58723002
1541,0.58751999
1542,0.588
1543,0.588
1544,0.588
1545,0.58723002
1546,0.588
1547,0.58949998
1548,0.58949994
1549,0.58949994
1550,0.58949994
1551,0.589
1552,0.58840453
1553,0.589
1554,0.589
1555,0.58949994
1556,0.58949994
1557,0.58949994
1558,0.58949994
1559,0.589005
1560,0.589005
1561,0.589005
1562,0.589005
1563,0.589005
1564,0.59076053
1565,0.59076053
1566,0.59076053
1567,0.59899999
1568,0.5919423
1569,0.59885022
1570,0.59885022
1571,0.59825137
1572,0.59825134
1573,0.59825134
1574,0.59825134
1575,0.59825134
1576,0.595
1577,0.595
1578,0.595
1579,0.595
1580,0.595
1581,0.59825131
1582,0.595
1583,0.595
1584,0.595
1585,0.595
1586,0.595
1587,0.595
1588,0.595
1589,0.59825133
1590,0.595
1591,0.595
1592,0.595
1593,0.595
1594,0.595
1595,0.595
1596,0.595
1597,0.59825134
1598,0.595
1599,0.59825135
1600,0.5988502
1601,0.5988502
1602,0.59885018
1603,0.59825135
1604,0.59885016
1605,0.59885015
1606,0.59885015
1607,0.59885015
1608,0.59885015
1609,0.595
1610,0.595
1611,0.595
1612,0.595
1613,0.595
1614,0.595
1615,0.59885009
1616,0.59885006
1617,0.59885006
1618,0.59885006
1619,0.595
1620,0.595
1621,0.595
1622,0.595
1623,0.595
1624,0.595
1625,0.59139307
1626,0.59139307
1627,0.59139307
1628,0.59139307
1629,0.59139307
1630,0.59139307
1631,0.59139307
1632,0.59799997
1633,0.596
1634,0.596
1635,0.596
1636,0.596
1637,0.596
1638,0.59599999
1639,0.59599999
1640,0.59599999
1641,0.59599999
1642,0.5924
1643,0.5924
1644,0.5924
1645,0.5924
1646,0.59599998
1647,0.59332501
1648,0.59332501
1649,0.59332501
1650,0.59332501
1651,0.593325
1652,0.593325
1653,0.5924
1654,0.5924
1655,0.59499999
1656,0.59499999
1657,0.59599999
1658,0.59599999
1659,0.59599999
1660,0.596
1661,0.596
1662,0.596
1663,0.596
1664,0.596
1665,0.596
1666,0.596
1667,0.596
1668,0.596
1669,0.596
1670,0.596
1671,0.596
1672,0.596
1673,0.596
1674,0.596
1675,0.596
1676,0.59599999
1677,0.59599999
1678,0.59599999
1679,0.59599999
1680,0.59599999
1681,0.59599999
1682,0.59599999
1683,0.59599998
1684,0.59599998
1685,0.59599998
1686,0.59599998
1687,0.594
1688,0.594
1689,0.594
1690,0.59599997
1691,0.594
1692,0.594
1693,0.594
1694,0.594
1695,0.5913928
1696,0.5913928
1697,0.5913928
1698,0.5913928
1699,0.5913928
1700,0.5913928
1701,0.59139301
1702,0.594
1703,0.594
1704,0.594
1705,0.594
1706,0.59599998
1707,0.59599998
1708,0.59599998
1709,0.59599998
1710,0.59599998
1711,0.594
1712,0.594
1713,0.594
1714,0.59599998
1715,0.59599998
1716,0.59599998
1717,0.59599998
1718,0.59599998
1719,0.59599998
1720,0.594
1721,0.59599998
1722,0.59599998
1723,0.59599998
1724,0.59599998
1725,0.59669186
1726,0.59788525
1727,0.59788525
1728,0.59834156
1729,0.59834156
1730,0.59819197
1731,0.59819197
1732,0.59819197
1733,0.59819197
1734,0.59819197
1735,0.59885005
1736,0.59885005
1737,0.59885005
1738,0.59885005
1739,0.59885005
1740,0.59885005
1741,0.59885004
1742,0.59885004
1743,0.59885004
1744,0.598
1745,0.598
1746,0.598
1747,0.598
1748,0.598
1749,0.598
1750,0.59669186
1751,0.59669186
1752,0.59669186
1753,0.59669186
1754,0.59669186
1755,0.59669186
1756,0.59669186
1757,0.59669186
1758,0.59959026
1759,0.59959026
1760,0.595
1761,0.595
1762,0.59959026
1763,0.59959026
1764,0.59959026
1765,0.59959026
1766,0.59959026
1767,0.59959026
1768,0.59959026
1769,0.59959026
1770,0.59959026
1771,0.6
1772,0.6
1773,0.6
1774,0.6
1775,0.6
1776,0.6
1777,0.6
1778,0.6
1779,0.6
1780,0.60027921
1781,0.60087684
1782,0.60087684
1783,0.60087684
1784,0.60087684
1785,0.60087684
1786,0.60087684
1787,0.60088795
1788,0.60298251
1789,0.60389997
1790,0.60389997
1791,0.60389997
1792,0.60389997
1793,0.605
1794,0.605
1795,0.60995125
1796,0.6065
1797,0.6065
1798,0.60884775
1799,0.6066
1800,0.6066
1801,0.6066
1802,0.6066
1803,0.6065
1804,0.6058935
1805,0.60450225
1806,0.6058935
1807,0.60329565
1808,0.60141311
1809,0.6058935
1810,0.6058935
1811,0.6058935
1812,0.6058935
1813,0.6058935
1814,0.6058935
1815,0.606
1816,0.6058935
1817,0.606
1818,0.606
1819,0.606
1820,0.606
1821,0.606
1822,0.606
1823,0.606
1824,0.606
1825,0.606
1826,0.606
1827,0.60300002
1828,0.60300002
1829,0.60630611
1830,0.60630611
1831,0.6061
1832,0.6061
1833,0.60303157
1834,0.60303155
1835,0.60303155
1836,0.603
1837,0.603
1838,0.603
1839,0.6021
1840,0.6021
1841,0.6021
1842,0.603
1843,0.603
1844,0.603
1845,0.6021
1846,0.603
1847,0.603
1848,0.603
1849,0.603
1850,0.603
1851,0.603
1852,0.60388572
1853,0.60388572
1854,0.60388572
1855,0.60388572
1856,0.60388572
1857,0.60388572
1858,0.60388572
1859,0.60388572
1860,0.604
1861,0.604
1862,0.604
1863,0.60509584
1864,0.60509581
1865,0.60509581
1866,0.60509581
1867,0.60509581
1868,0.60509581
1869,0.60509581
1870,0.60509581
1871,0.60509581
1872,0.60509581
1873,0.60509581
1874,0.60509581
1875,0.60509581
1876,0.60509581
1877,0.60509581
1878,0.60509581
1879,0.60509582
1880,0.60509582
1881,0.60509582
1882,0.60509582
1883,0.60509582
1884,0.60509582
1885,0.60509582
1886,0.60509582
1887,0.60509582
1888,0.60509582
1889,0.60509582
1890,0.60509582
1891,0.60509582
1892,0.606
1893,0.606
1894,0.606
1895,0.60984747
1896,0.60984747
1897,0.60984747
1898,0.60984741
1899,0.60984741
1900,0.60984741
1901,0.60984741
1902,0.606
1903,0.60832277
1904,0.60832277
1905,0.60832277
1906,0.60832277
1907,0.60832277
1908,0.60832277
1909,0.60832277
1910,0.60832277
1911,0.60680195
1912,0.60680195
1913,0.60984737
1914,0.60984737
1915,0.60832278
1916,0.60984738
1917,0.60984738
1918,0.6085
1919,0.6085
1920,0.6085
1921,0.6085
1922,0.6085
1923,0.6085
1924,0.6085
1925,0.6085
1926,0.60979998
1927,0.60979998
1928,0.60979998
1929,0.60979998
1930,0.60979998
1931,0.60899995
1932,0.60899995
1933,0.60899995
1934,0.605
1935,0.60899989
1936,0.60899989
1937,0.60899989
1938,0.60899989
1939,0.60899989
1940,0.6089998
1941,0.60899977
1942,0.605
1943,0.605
1944,0.605
1945,0.605
1946,0.605
1947,0.605
1948,0.603
1949,0.60000001
1950,0.60000001
1951,0.60000001
1952,0.60000001
1953,0.60000001
1954,0.60000001
1955,0.60000001
1956,0.6
1957,0.6
1958,0.6
1959,0.6
1960,0.60000001
1961,0.60000001
1962,0.60000001
1963,0.60000001
1964,0.60000001
1965,0.60000001
1966,0.60051402
1967,0.60051402
1968,0.60051402
1969,0.60051402
1970,0.60051402
1971,0.60051402
1972,0.59999999
1973,0.59999999
1974,0.59729867
1975,0.59729867
1976,0.59669186
1977,0.597
1978,0.597
1979,0.597
1980,0.59669186
1981,0.59669186
1982,0.59669186
1983,0.59669186
1984,0.59658313
1985,0.596
1986,0.596
1987,0.597
1988,0.595
1989,0.595
1990,0.595
1991,0.595
1992,0.595
1993,0.595
1994,0.59699999
1995,0.59699999
1996,0.59699999
1997,0.59699999
1998,0.596
1999,0.596
2000,0.596
2001,0.597
2002,0.597
2003,0.597
2004,0.597
2005,0.5969
2006,0.597
2007,0.597
2008,0.597
2009,0.597
2010,0.59757928
2011,0.59999992
2012,0.59999992
2013,0.59999993
2014,0.59999993
2015,0.59999993
2016,0.59999994
2017,0.60013382
2018,0.60147975
2019,0.60686416
2020,0.60686416
2021,0.60686416
2022,0.607
2023,0.607
2024,0.607513
2025,0.60671244
2026,0.60751291
2027,0.60751291
2028,0.60751288
2029,0.60751288
2030,0.60751288
2031,0.60751288
2032,0.60751288
2033,0.60307217
2034,0.60307217
2035,0.60307217
2036,0.60307217
2037,0.60307217
2038,0.60307217
2039,0.60307217
2040,0.60307217
2041,0.60307217
2042,0.60307217
2043,0.60307217
2044,0.60307217
2045,0.60307217
2046,0.60307217
2047,0.60307217
2048,0.60307217
2049,0.60307217
2050,0.60307217
2051,0.60307217
2052,0.60307217
2053,0.60186603
2054,0.60186603
2055,0.60186603
2056,0.60186603
2057,0.60186603
2058,0.60186603
2059,0.60186603
2060,0.60186603
2061,0.60186603
2062,0.602
2063,0.602
2064,0.602
2065,0.60192621
2066,0.602
2067,0.602
2068,0.602
2069,0.602
2070,0.602
2071,0.602
2072,0.602
2073,0.602
2074,0.602
2075,0.602
2076,0.60192636
2077,0.60192636
2078,0.60192636
2079,0.60192636
2080,0.60192636
2081,0.60192636
2082,0.60192636
2083,0.60192621
2084,0.60192621
2085,0.60192621
2086,0.60192621
2087,0.60192621
2088,0.60192628
2089,0.60192628
2090,0.60192628
2091,0.60192628
2092,0.60192629
2093,0.60192629
2094,0.60192629
2095,0.60192621
2096,0.60192621
2097,0.60192621
2098,0.60192621
2099,0.60192621
2100,0.60192621
2101,0.60192621
2102,0.6019263
2103,0.6019263
2104,0.6019263
2105,0.6019263
2106,0.6019263
2107,0.6019263
2108,0.6019263
2109,0.59500005
2110,0.59500005
2111,0.59500005
2112,0.59500005
2113,0.59500005
2114,0.59500005
2115,0.6
2116,0.6
2117,0.6
2118,0.6
2119,0.6
2120,0.6
2121,0.6
2122,0.6
2123,0.6
2124,0.6
2125,0.59500008
2126,0.59999982
2127,0.59999982
2128,0.59999982
2129,0.59999982
2130,0.59500001
2131,0.59500001
2132,0.59500001
2133,0.59500001
2134,0.59999982
2135,0.59999982
2136,0.59999982
2137,0.59999982
2138,0.59999939
2139,0.59999939
2140,0.59999939
2141,0.59999939
2142,0.59999939
2143,0.59999939
2144,0.59999939
2145,0.59999939
2146,0.59999939
2147,0.59999939
2148,0.59999939
2149,0.59999939
2150,0.595
2151,0.595
2152,0.595
2153,0.5991
2154,0.5991
2155,0.5991
2156,0.5991
2157,0.5991
2158,0.5991
2159,0.5991
2160,0.5991
2161,0.595
2162,0.595
2163,0.59254404
2164,0.59254404
2165,0.59254404
2166,0.59999727
2167,0.59999726
2168,0.59999726
2169,0.59999726
2170,0.59999726
2171,0.59999726
2172,0.59999726
2173,0.59999726
2174,0.59999726
2175,0.59999726
2176,0.59999726
2177,0.59999726
2178,0.59999726
2179,0.5923
2180,0.5923
2181,0.5923
2182,0.5923
2183,0.5923
2184,0.5923
2185,0.595
2186,0.595
2187,0.595
2188,0.595
2189,0.595
2190,0.595
2191,0.595
2192,0.5923
2193,0.5923
2194,0.5923
2195,0.5923
2196,0.5923
2197,0.58548297
2198,0.58548296
2199,0.58548297
2200,0.58548296
2201,0.58548296
2202,0.58350001
2203,0.58350001
2204,0.58350001
2205,0.58350001
2206,0.58350001
2207,0.58350001
2208,0.58548296
2209,0.58548297
2210,0.58548297
2211,0.58548297
2212,0.58351988
2213,0.58351987
2214,0.58351987
2215,0.58351988
2216,0.58351988
2217,0.58499998
2218,0.58499998
2219,0.5884045
2220,0.59133739
2221,0.59133739
2222,0.59133739
2223,0.59133639
2224,0.59133639
2225,0.59130439
2226,0.58840449
2227,0.59130432
2228,0.58840449
2229,0.59130431
2230,0.591
2231,0.58840449
2232,0.58840449
2233,0.58840449
2234,0.586654
2235,0.586654
2236,0.58665394
2237,0.58665394
2238,0.58665394
2239,0.58665394
2240,0.58665394
2241,0.58665393
2242,0.585
2243,0.585
2244,0.585
2245,0.585
2246,0.58
2247,0.58
2248,0.58
2249,0.58372068
2250,0.57900104
2251,0.58372068
2252,0.57900107
2253,0.57900107
2254,0.57900107
2255,0.57700109
2256,0.57700109
2257,0.58139277
2258,0.58139277
2259,0.58139277
2260,0.58139277
2261,0.58082238
2262,0.58082238
2263,0.58082238
2264,0.58082238
2265,0.58082238
2266,0.58082238
2267,0.58082238
2268,0.58082238
2269,0.58082238
2270,0.58139277
2271,0.578
2272,0.578
2273,0.58255557
2274,0.58139277
2275,0.58139277
2276,0.58255557
2277,0.58255557
2278,0.58
2279,0.58
2280,0.58
2281,0.58255556
2282,0.58255556
2283,0.58255556
2284,0.58005087
2285,0.58005087
2286,0.58005086
2287,0.58005086
2288,0.58005086
2289,0.58255557
2290,0.58255557
2291,0.58255557
2292,0.58352897
2293,0.58352897
2294,0.58352897
2295,0.58352897
2296,0.58352898
2297,0.58352898
2298,0.58352898
2299,0.58352898
2300,0.58352898
2301,0.58352898
2302,0.58352898
2303,0.58352898
2304,0.58371996
2305,0.58371996
2306,0.58371996
2307,0.58371997
2308,0.58371997
2309,0.58371998
2310,0.58371997
2311,0.58371997
2312,0.58371996
2313,0.58371996
2314,0.58371996
2315,0.581
2316,0.581
2317,0.579
2318,0.5805
2319,0.5805
2320,0.5805
2321,0.5805
2322,0.579
2323,0.577
2324,0.575
2325,0.57850602
2326,0.574
2327,0.574
2328,0.574
2329,0.574
2330,0.57390098
2331,0.57259998
2332,0.57259998
2333,0.57
2334,0.57
2335,0.57
2336,0.57
2337,0.57136848
2338,0.57136848
2339,0.57136848
2340,0.57136848
2341,0.56851409
2342,0.572
2343,0.56706207
2344,0.56706207
2345,0.56706207
2346,0.56594401
2347,0.5651
2348,0.5651
2349,0.56699999
2350,0.56699999
2351,0.5651
2352,0.5651
2353,0.5651
2354,0.5649
2355,0.5649
2356,0.565
2357,0.565
2358,0.567
2359,0.56839999
2360,0.57
2361,0.57
2362,0.57
2363,0.57
2364,0.569
2365,0.57199999
2366,0.573
2367,0.576
2368,0.57501
2369,0.57501
2370,0.57501
2371,0.5749999
2372,0.57501
2373,0.57501
2374,0.57599999
2375,0.57599999
2376,0.57523347
2377,0.57523346
2378,0.57331794
2379,0.573
2380,0.573
2381,0.573
2382,0.57047128
2383,0.57
2384,0.5701
2385,0.5701
2386,0.5701
2387,0.57
2388,0.57
2389,0.57
2390,0.57000015
2391,0.57000015
2392,0.57000015
2393,0.57000015
2394,0.57000015
2395,0.57000015
2396,0.57446459
2397,0.57446459
2398,0.57446459
2399,0.57561353
2400,0.57446459
2401,0.57047128
2402,0.57047128
2403,0.57047128
2404,0.57047128
2405,0.57047128
2406,0.57047128
2407,0.5731
2408,0.5731
2409,0.5731
2410,0.57446459
2411,0.57446459
2412,0.57561353
2413,0.57561353
2414,0.57561353
2415,0.57524877
2416,0.57561353
2417,0.57561353
2418,0.575249
2419,0.57561353
2420,0.57524877
2421,0.57510057
2422,0.57510057
2423,0.57524877
2424,0.57500041
2425,0.57500041
2426,0.57561353
2427,0.57561353
2428,0.57561353
2429,0.57676476
2430,0.57684016
2431,0.57684016
2432,0.57684016
2433,0.57791828
2434,0.57791828
2435,0.58
2436,0.58
2437,0.58139276
2438,0.58139277
2439,0.58139277
2440,0.58252668
2441,0.582
2442,0.58790999
2443,0.5879099
2444,0.58776301
2445,0.58776301
2446,0.5878
2447,0.58591828
2448,0.58591828
2449,0.58591828
2450,0.58591828
2451,0.58591828
2452,0.58790941
2453,0.58790941
2454,0.582
2455,0.58679238
2456,0.58679238
2457,0.58679238
2458,0.58679238
2459,0.582
2460,0.582
2461,0.582
2462,0.582
2463,0.58679237
2464,0.587
2465,0.587
2466,0.587
2467,0.587
2468,0.5860556
2469,0.5860556
2470,0.5860556
2471,0.5860556
2472,0.58200036
2473,0.58200036
2474,0.582
2475,0.582
2476,0.582
2477,0.582
2478,0.582
2479,0.582
2480,0.582
2481,0.58399999
2482,0.582
2483,0.58073101
2484,0.58073101
2485,0.5801
2486,0.5801
2487,0.5801
2488,0.5801
2489,0.58399999
2490,0.58399999
2491,0.58399999
2492,0.5798
2493,0.5798
2494,0.5798
2495,0.5798
2496,0.5798
2497,0.57966304
2498,0.57966304
2499,0.5785556
2500,0.57850602
2501,0.57850602
2502,0.578029
2503,0.57735131
2504,0.5751
2505,0.5751
2506,0.57724662
2507,0.57724662
2508,0.57724662
2509,0.5751
2510,0.5751
2511,0.5751
2512,0.5751
2513,0.5751
2514,0.5751
2515,0.5751
2516,0.5751
2517,0.5751
2518,0.5751
2519,0.5751
2520,0.58371897
2521,0.58371897
2522,0.5837189
2523,0.5837189
2524,0.5837189
2525,0.5837189
2526,0.5837189
2527,0.5837189
2528,0.5836665
2529,0.5772466
2530,0.5772466
2531,0.5772466
2532,0.5772466
2533,0.5772466
2534,0.5772466
2535,0.5772466
2536,0.5772466
2537,0.5772466
2538,0.5772466
2539,0.5772466
2540,0.5772466
2541,0.5772466
2542,0.5772466
2543,0.5772466
2544,0.5772466
2545,0.58366305
2546,0.58366305
2547,0.58307939
2548,0.58307939
2549,0.58652138
2550,0.58652138
2551,0.58652138
2552,0.58652138
2553,0.5843435
2554,0.5843435
2555,0.5843435
2556,0.5843435
2557,0.5843435
2558,0.5843435
2559,0.5843435
2560,0.5843435
2561,0.5843435
2562,0.58246357
2563,0.58082238
2564,0.58082238
2565,0.58082238
2566,0.58082238
2567,0.58016107
2568,0.58016107
2569,0.58016107
2570,0.58016107
2571,0.58016107
2572,0.58016107
2573,0.58016107
2574,0.58016107
2575,0.58016107
2576,0.58016107
2577,0.58082238
2578,0.58082238
2579,0.58082238
2580,0.58082238
2581,0.58082238
2582,0.58082238
2583,0.58082238
2584,0.58082238
2585,0.58082238
2586,0.58082238
2587,0.58082238
2588,0.58082238
2589,0.58434341
2590,0.5801
2591,0.58
2592,0.579
2593,0.579
2594,0.58082238
2595,0.58
2596,0.5843434
2597,0.58434341
2598,0.58434339
2599,0.58134347
2600,0.58134347
2601,0.58134347
2602,0.58
2603,0.58
2604,0.58
2605,0.58
2606,0.58
2607,0.58
2608,0.58
2609,0.58
2610,0.58
2611,0.58
2612,0.5775
2613,0.5775
2614,0.5775
2615,0.5775
2616,0.5775
2617,0.5773604
2618,0.57735131
2619,0.5775
2620,0.5775
2621,0.5775
2622,0.5775
2623,0.5775
2624,0.5775
2625,0.5775
2626,0.5775
2627,0.5775
2628,0.5775
2629,0.5775
2630,0.5772466
2631,0.5766801
2632,0.5766801
2633,0.5761989
2634,0.57668011
2635,0.57668011
2636,0.57668011
2637,0.57668011
2638,0.57668011
2639,0.577
2640,0.5802323
2641,0.57668011
2642,0.57668011
2643,0.57668011
2644,0.57668011
2645,0.57668011
2646,0.57639276
2647,0.57639276
2648,0.57639276
2649,0.57639275
2650,0.57639275
2651,0.57639275
2652,0.5761989
2653,0.5772466
2654,0.5772466
2655,0.5772466
2656,0.5772466
2657,0.576
2658,0.576
2659,0.576
2660,0.5761989
2661,0.57596457
2662,0.57596457
2663,0.57596458
2664,0.5756304
2665,0.5756304
2666,0.5756304
2667,0.5751
2668,0.5751
2669,0.5751
2670,0.5751
2671,0.5751
2672,0.5751
2673,0.5751
2674,0.5751
2675,0.57596458
2676,0.57596458
2677,0.57596458
2678,0.57596458
2679,0.57596458
2680,0.57596458
2681,0.57596459
2682,0.57596459
2683,0.58023227
2684,0.58023227
2685,0.58023227
2686,0.58023227
2687,0.58139192
2688,0.58139192
2689,0.58139192
2690,0.58
2691,0.58
2692,0.58021521
2693,0.58
2694,0.58
2695,0.5761989
2696,0.5761989
2697,0.576
2698,0.576
2699,0.576
2700,0.576
2701,0.576
2702,0.576
2703,0.576
2704,0.57596458
2705,0.57596458
2706,0.5751
2707,0.5750602
2708,0.5750602
2709,0.57504879
2710,0.57600056
2711,0.57600056
2712,0.57600056
2713,0.57600056
2714,0.57600056
2715,0.57600056
2716,0.57600056
2717,0.57600056
2718,0.57600056
2719,0.57600056
2720,0.57600056
2721,0.575
2722,0.575
2723,0.57499822
2724,0.57499822
2725,0.57499822
2726,0.57499822
2727,0.575
2728,0.575
2729,0.57390098
2730,0.57322002
2731,0.57322002
2732,0.5731
2733,0.5731
2734,0.57292336
2735,0.57292336
2736,0.57292336
2737,0.57292336
2738,0.574
2739,0.57275546
2740,0.57275546
2741,0.57275546
2742,0.57275546
2743,0.57265838
2744,0.57265838
2745,0.57265838
2746,0.57265838
2747,0.57265838
2748,0.57265838
2749,0.57265838
2750,0.5726584
2751,0.5726584
2752,0.5726584
2753,0.57100001
2754,0.57100001
2755,0.57100001
2756,0.57100001
2757,0.57100001
2758,0.57100001
2759,0.57100001
2760,0.57100001
2761,0.57265838
2762,0.57265838
2763,0.57265838
2764,0.57100004
2765,0.57100004
2766,0.57100004
2767,0.57100004
2768,0.57100004
2769,0.57100004
2770,0.57100004
2771,0.57100004
2772,0.57561353
2773,0.58
2774,0.58
2775,0.58
2776,0.58
2777,0.58
2778,0.58
2779,0.58
2780,0.58
2781,0.58
2782,0.58021519
2783,0.58021521
2784,0.58021521
2785,0.58080782
2786,0.58139272
2787,0.58139272
2788,0.58139272
2789,0.581
2790,0.581
2791,0.581
2792,0.581
2793,0.581
2794,0.58115
2795,0.58115
2796,0.58115
2797,0.58115
2798,0.58115
2799,0.58115
2800,0.58115
2801,0.58115
2802,0.58115
2803,0.58139272
2804,0.58139272
2805,0.58125
2806,0.58139278
2807,0.58141991
2808,0.58255557
2809,0.58255557
2810,0.58255557
2811,0.58255557
2812,0.58255557
2813,0.58255557
2814,0.58255557
2815,0.58372064
2816,0.58372064
2817,0.58372064
2818,0.58372064
2819,0.58372064
2820,0.58372065
2821,0.58372064
2822,0.58372065
2823,0.58372064
2824,0.58372069
2825,0.58372069
2826,0.58372069
2827,0.58373065
2828,0.58373065
2829,0.58373066
2830,0.58373066
2831,0.58373066
2832,0.58373066
2833,0.58373066
2834,0.58373066
2835,0.58373066
2836,0.58373066
2837,0.58373065
2838,0.58373065
2839,0.58372065
2840,0.58372065
2841,0.58373067
2842,0.58380892
2843,0.58380889
2844,0.58399999
2845,0.58399999
2846,0.58399999
2847,0.58
2848,0.58
2849,0.58
2850,0.58
2851,0.581
2852,0.581
2853,0.581
2854,0.58
2855,0.58
2856,0.58
2857,0.58000042
2858,0.58000042
2859,0.58000042
2860,0.58000042
2861,0.58000042
2862,0.58000042
2863,0.58000042
2864,0.58000042
2865,0.58000042
2866,0.58000042
2867,0.58000042
2868,0.58434341
2869,0.58653298
2870,0.5865329
2871,0.5865329
2872,0.58566304
2873,0.58653261
2874,0.58301378
2875,0.58301378
2876,0.58301378
2877,0.58301378
2878,0.58301378
2879,0.58301378
2880,0.58301378
2881,0.58301378
2882,0.58301378
2883,0.58301378
2884,0.58301378
2885,0.58301378
2886,0.58301378
2887,0.58301378
2888,0.58301378
2889,0.58301378
2890,0.58301378
2891,0.58301378
2892,0.58301378
2893,0.58082238
2894,0.58
2895,0.57600056
2896,0.576
2897,0.576
2898,0.576
2899,0.576
2900,0.576
2901,0.576
2902,0.576
2903,0.576
2904,0.576
2905,0.576
2906,0.576
2907,0.576
2908,0.58
2909,0.58
2910,0.576
2911,0.576
2912,0.576
2913,0.576
2914,0.576
2915,0.576
2916,0.576
2917,0.576
2918,0.576
2919,0.576
2920,0.576
2921,0.576
2922,0.576
2923,0.576
2924,0.576
2925,0.576
2926,0.576
2927,0.57504879
2928,0.57504879
2929,0.57504879
2930,0.57504879
2931,0.57504879
2932,0.575
2933,0.575
2934,0.57907414
2935,0.57907414
2936,0.57907414
2937,0.58
2938,0.58
2939,0.58299999
2940,0.58299999
2941,0.58299999
2942,0.58299999
2943,0.57850602
2944,0.57850602
2945,0.57850602
2946,0.57850602
2947,0.57850602
2948,0.57850602
2949,0.57850602
2950,0.57850602
2951,0.57850602
2952,0.57850602
2953,0.57850602
2954,0.57850602
2955,0.57850602
2956,0.57850602
2957,0.57850602
2958,0.57850602
2959,0.57850602
2960,0.57850602
2961,0.57850602
2962,0.578
2963,0.578
2964,0.578
2965,0.578
2966,0.578
2967,0.578
2968,0.57773513
2969,0.57773513
2970,0.57773513
2971,0.57773513
2972,0.57773513
2973,0.57735131
2974,0.57735131
2975,0.57735131
2976,0.57735131
2977,0.57735131
2978,0.5761989
2979,0.5761989
2980,0.5761989
2981,0.5761989
2982,0.5761989
2983,0.5761989
2984,0.5761989
2985,0.57504879
2986,0.5761989
2987,0.5761989
2988,0.5761989
2989,0.5761989
2990,0.5761989
2991,0.5761989
2992,0.576
2993,0.576
2994,0.576
2995,0.57504879
2996,0.576
2997,0.576
2998,0.576
2999,0.57310001
3000,0.57310001
3001,0.5731002
3002,0.5731002
3003,0.5731002
3004,0.5731002
3005,0.5731002
3006,0.5731002
3007,0.5731002
3008,0.5731002
3009,0.5731002
3010,0.5731002
3011,0.5731002
3012,0.5731002
3013,0.5731002
3014,0.5731002
3015,0.5731002
3016,0.5731002
3017,0.5731002
3018,0.5731002
3019,0.57676476
3020,0.57676476
3021,0.57676476
3022,0.57676476
3023,0.57676476
3024,0.57676476
3025,0.57676476
3026,0.57676476
3027,0.57676476
3028,0.57676476
3029,0.57676476
3030,0.57676476
3031,0.57676476
3032,0.57676476
3033,0.57676476
3034,0.57676476
3035,0.578029
3036,0.578029
3037,0.578029
3038,0.58
3039,0.58
3040,0.58
3041,0.58160741
3042,0.58160741
3043,0.58255496
3044,0.58255496
3045,0.58255496
3046,0.58255496
3047,0.58255497
3048,0.58255497
3049,0.58255498
3050,0.58255496
3051,0.58255498
3052,0.58255496
3053,0.58255496
3054,0.57504901
3055,0.57504901
3056,0.57504901
3057,0.57504901
3058,0.57504901
3059,0.57504901
3060,0.57504901
3061,0.5762
3062,0.57610001
3063,0.57610001
3064,0.5802323
3065,0.5802323
3066,0.5802323
3067,0.5802323
3068,0.58139278
3069,0.58139278
3070,0.58139278
3071,0.58139278
3072,0.58139278
3073,0.58139278
3074,0.58139278
3075,0.58139278
3076,0.58139278
3077,0.58179278
3078,0.58179278
3079,0.58179278
3080,0.58179278
3081,0.58179278
3082,0.58199278
3083,0.58199278
3084,0.58199278
3085,0.58219278
3086,0.58219278
3087,0.58219278
3088,0.58219278
3089,0.58239278
3090,0.58239278
3091,0.58239278
3092,0.58239278
3093,0.58239278
3094,0.583809
3095,0.583809
3096,0.583809
3097,0.58653293
3098,0.58653293
3099,0.58653293
3100,0.58653293
3101,0.58653294
3102,0.58668011
3103,0.58668011
3104,0.58668011
3105,0.58668011
3106,0.58840453
3107,0.589
3108,0.5895
3109,0.5895
3110,0.58978772
3111,0.58978772
3112,0.58978772
3113,0.58978772
3114,0.59420798
3115,0.59064273
3116,0.59417229
3117,0.59417229
3118,0.59066551
3119,0.59007484
3120,0.59018094
3121,0.59018094
3122,0.58994275
3123,0.589
3124,0.58782726
3125,0.58709887
3126,0.58314801
3127,0.58314833
3128,0.58314833
3129,0.58555655
3130,0.58555655
3131,0.58723006
3132,0.58723006
3133,0.58723006
3134,0.58994206
3135,0.59130076
3136,0.59130117
3137,0.59130116
3138,0.59130116
3139,0.59130117
3140,0.59130117
3141,0.59194206
3142,0.59200125
3143,0.59200125
3144,0.59312594
3145,0.5934
3146,0.59312593
3147,0.59312593
3148,0.59312593
3149,0.59312593
3150,0.59312592
3151,0.59312592
3152,0.59312592
3153,0.59312592
3154,0.59312592
3155,0.59439944
3156,0.59439944
3157,0.59439944
3158,0.59439944
3159,0.59439944
3160,0.59439942
3161,0.59439942
3162,0.59439942
3163,0.59439943
3164,0.59439943
3165,0.59439943
3166,0.59439943
3167,0.59439943
3168,0.59439943
3169,0.59441995
3170,0.59439943
3171,0.59441999
3172,0.59439943
3173,0.59442
3174,0.59442
3175,0.59442
3176,0.59480723
3177,0.59575
3178,0.59575
3179,0.59582046
3180,0.59627059
3181,0.59627059
3182,0.59627059
3183,0.59627059
3184,0.59627059
3185,0.59627059
3186,0.59627059
3187,0.59627059
3188,0.5961
3189,0.59515425
3190,0.5961
3191,0.59515425
3192,0.5961
3193,0.5961
3194,0.5961
3195,0.5961
3196,0.5961
3197,0.601
3198,0.601
3199,0.601
3200,0.60147358
3201,0.60147358
3202,0.60216108
3203,0.60216108
3204,0.60216108
3205,0.60216108
3206,0.60259997
3207,0.60201054
3208,0.60259998
3209,0.60259999
3210,0.60259999
3211,0.60259999
3212,0.60259999
3213,0.60259999
3214,0.60268274
3215,0.60268274
3216,0.60268274
3217,0.60268274
3218,0.60295866
3219,0.60295867
3220,0.60295867
3221,0.60799856
3222,0.60784656
3223,0.60795867
3224,0.60295922
3225,0.60295867
3226,0.60295921
3227,0.60295867
3228,0.60295867
3229,0.60419948
3230,0.60419948
3231,0.60419946
3232,0.60295867
3233,0.604199
3234,0.604
3235,0.604
3236,0.604
3237,0.60419892
3238,0.60419892
3239,0.60419892
3240,0.60419892
3241,0.60419892
3242,0.60419892
3243,0.60419892
3244,0.60419892
3245,0.60419892
3246,0.60419892
3247,0.60419892
3248,0.60419892
3249,0.60419892
3250,0.60510517
3251,0.60419892
3252,0.60419892
3253,0.60419892
3254,0.60419892
3255,0.60419892
3256,0.60419892
3257,0.60510515
3258,0.60419892
3259,0.6027
3260,0.6027
3261,0.6027
3262,0.6027
3263,0.6027
3264,0.6027
3265,0.6027
3266,0.6027
3267,0.6027
3268,0.6027
3269,0.604
3270,0.604
3271,0.60268274
3272,0.60268274
3273,0.60268274
3274,0.60268274
3275,0.60268274
3276,0.60268274
3277,0.60268274
3278,0.60268274
3279,0.60268274
3280,0.60268274
3281,0.60268274
3282,0.60268274
3283,0.60268274
3284,0.60268274
3285,0.60268274
3286,0.60268274
3287,0.60268274
3288,0.60259997
3289,0.60259997
3290,0.60259997
3291,0.60259997
3292,0.60259997
3293,0.60259997
3294,0.60259997
3295,0.60259997
3296,0.60259997
3297,0.60209146
3298,0.60209146
3299,0.60100026
3300,0.60100026
3301,0.60100026
3302,0.60100026
3303,0.60100026
3304,0.60100026
3305,0.601
3306,0.601
3307,0.601
3308,0.60100026
3309,0.60100026
3310,0.60100026
3311,0.60100026
3312,0.60100026
3313,0.60100026
3314,0.60100026
3315,0.60100026
3316,0.60100026
3317,0.6011
3318,0.60111
3319,0.60111
3320,0.60111
3321,0.602
3322,0.602
3323,0.602
3324,0.602
3325,0.602
3326,0.60111
3327,0.6
3328,0.6
3329,0.6
3330,0.6
3331,0.59442
3332,0.59560884
3333,0.59560884
3334,0.59560884
3335,0.59560884
3336,0.59560884
3337,0.59560884
3338,0.59560884
3339,0.59442001
3340,0.59560884
3341,0.59560884
3342,0.59560884
3343,0.59560884
3344,0.59560884
3345,0.59819276
3346,0.59819276
3347,0.59819276
3348,0.59819276
3349,0.59819277
3350,0.59819277
3351,0.59999977
3352,0.59999977
3353,0.59999977
3354,0.6
3355,0.59999977
3356,0.59999977
3357,0.59999977
3358,0.59999998
3359,0.6
3360,0.60027919
3361,0.6002792
3362,0.60099995
3363,0.60099995
3364,0.60099995
3365,0.60099996
3366,0.60099998
3367,0.60099999
3368,0.60099995
3369,0.601
3370,0.601
3371,0.60099995
3372,0.601
3373,0.601
3374,0.601
3375,0.601
3376,0.601
3377,0.60099995
3378,0.60099995
3379,0.60099995
3380,0.60099995
3381,0.601
3382,0.60145
3383,0.60145
3384,0.60145
3385,0.602
3386,0.602
3387,0.602
3388,0.60099995
3389,0.60099995
3390,0.602
3391,0.60099995
3392,0.6009999
3393,0.6009999
3394,0.6009999
3395,0.6009999
3396,0.6009999
3397,0.6009999
3398,0.6009999
3399,0.6009999
3400,0.6009999
3401,0.6009999
3402,0.602
3403,0.602
3404,0.602
3405,0.602
3406,0.602
3407,0.602
3408,0.602
3409,0.602
3410,0.602
3411,0.60099992
3412,0.60099992
3413,0.60268274
3414,0.60259999
3415,0.60259999
3416,0.60487303
3417,0.60487303
3418,0.60487303
3419,0.60487303
3420,0.60487303
3421,0.60487303
3422,0.60487303
3423,0.60487303
3424,0.60472181
3425,0.60472181
3426,0.60472181
3427,0.60472181
3428,0.60472181
3429,0.60509589
3430,0.60509589
3431,0.60500001
3432,0.60500001
3433,0.60500001
3434,0.6050959
3435,0.6050959
3436,0.605
3437,0.606
3438,0.605
3439,0.605
3440,0.60500001
3441,0.60630611
3442,0.60751
3443,0.60751
3444,0.60751
3445,0.60751001
3446,0.60751001
3447,0.60751001
3448,0.60751001
3449,0.60751001
3450,0.6062
3451,0.6062
3452,0.6062
3453,0.60751864
3454,0.60751864
3455,0.60751864
3456,0.60751864
3457,0.60751864
3458,0.60751864
3459,0.60751864
3460,0.60751864
3461,0.60751864
3462,0.60751864
3463,0.60751864
3464,0.60751864
3465,0.60751864
3466,0.6076
3467,0.6076
3468,0.6076
3469,0.6076
3470,0.60759
3471,0.60759
3472,0.60759
3473,0.60759
3474,0.60759
3475,0.60759
3476,0.60759
3477,0.60759
3478,0.60759
3479,0.60759
3480,0.60759
3481,0.605
3482,0.605
3483,0.605
3484,0.605
3485,0.605
3486,0.605
3487,0.605
3488,0.6
3489,0.6
3490,0.60509591
3491,0.60509591
3492,0.60000001
3493,0.60000001
3494,0.60581804
3495,0.60150378
3496,0.60150378
3497,0.60150378
3498,0.60301131
3499,0.60301131
3500,0.60301131
3501,0.60301131
3502,0.60301131
3503,0.60301131
3504,0.60301131
3505,0.60301131
3506,0.60301131
3507,0.60301131
3508,0.60301131
3509,0.60301131
3510,0.60508996
3511,0.60508996
3512,0.60508996
3513,0.60499999
3514,0.60150377
3515,0.60150377
3516,0.605
3517,0.605
3518,0.605
3519,0.605
3520,0.605
3521,0.605
3522,0.605
3523,0.605
3524,0.60508999
3525,0.605
3526,0.605
3527,0.605
3528,0.60581804
3529,0.60581804
3530,0.60581804
3531,0.60581804
3532,0.60581804
3533,0.60581804
3534,0.60581804
3535,0.60581804
3536,0.60581804
3537,0.60581804
3538,0.60581804
3539,0.60630611
3540,0.60630611
3541,0.608
3542,0.608
3543,0.61
3544,0.61
3545,0.6098475
3546,0.60899999
3547,0.608
3548,0.60899998
3549,0.60899998
3550,0.60618846
3551,0.60618846
3552,0.60999978
3553,0.6135
3554,0.6135
3555,0.6135
3556,0.6135
3557,0.614
3558,0.613605
3559,0.613605
3560,0.615
3561,0.61486166
3562,0.61486166
3563,0.6135
3564,0.6135
3565,0.61486166
3566,0.61486166
3567,0.6135
3568,0.6135
3569,0.6135
3570,0.6135
3571,0.6135
3572,0.6135
3573,0.61350001
3574,0.61350001
3575,0.61178735
3576,0.61178735
3577,0.61178735
3578,0.613
3579,0.611774
3580,0.611774
3581,0.611174
3582,0.61
3583,0.60571126
3584,0.61239352
3585,0.61115716
3586,0.61115716
3587,0.61115716
3588,0.61115716
3589,0.61115716
3590,0.61
3591,0.61
3592,0.61
3593,0.61
3594,0.61
3595,0.61
3596,0.613
3597,0.61499999
3598,0.61499996
3599,0.613
3600,0.61499992
3601,0.61499992
3602,0.61499989
3603,0.61499989
3604,0.61499989
3605,0.61499989
3606,0.61499985
3607,0.61499985
3608,0.61499985
3609,0.61499985
3610,0.61499985
3611,0.61057155
3612,0.61057155
3613,0.61057155
3614,0.61057155
3615,0.61057155
3616,0.61
3617,0.61
3618,0.61
3619,0.61
3620,0.61
3621,0.61
3622,0.61
3623,0.61
3624,0.61
3625,0.60935284
3626,0.60935284
3627,0.60935283
3628,0.60935283
3629,0.60935283
3630,0.60935283
3631,0.60935283
3632,0.60935283
3633,0.60935283
3634,0.60813655
3635,0.60813655
3636,0.60813655
3637,0.60813655
3638,0.60749022
3639,0.60749021
3640,0.60749021
3641,0.60692272
3642,0.60749034
3643,0.60692272
3644,0.60692272
3645,0.60692272
3646,0.60749044
3647,0.60749044
3648,0.60749044
3649,0.60749044
3650,0.60749044
3651,0.60749044
3652,0.60749044
3653,0.60749044
3654,0.60749044
3655,0.60699
3656,0.60699
3657,0.60699
3658,0.60749055
3659,0.60999995
3660,0.6069227
3661,0.6069227
3662,0.6069227
3663,0.6069227
3664,0.6069227
3665,0.6069227
3666,0.6074907
3667,0.6074907
3668,0.6074907
3669,0.6074907
3670,0.6074907
3671,0.6074907
3672,0.6074907
3673,0.6099
3674,0.6099
3675,0.6099
3676,0.6099
3677,0.6099
3678,0.6099
3679,0.6098
3680,0.61
3681,0.61
3682,0.61
3683,0.60999999
3684,0.60999996
3685,0.60990011
3686,0.60990011
3687,0.61239348
3688,0.61239352
3689,0.61239352
3690,0.61000001
3691,0.615
3692,0.61484625
3693,0.61115717
3694,0.61115717
3695,0.61499225
3696,0.61239349
3697,0.615
3698,0.61499226
3699,0.6153
3700,0.6156
3701,0.6154
3702,0.61499996
3703,0.61499996
3704,0.61499996
3705,0.61499996
3706,0.6153815
3707,0.61538766
3708,0.6154
3709,0.6154
3710,0.61538766
3711,0.61538766
3712,0.6153815
3713,0.6153815
3714,0.61538766
3715,0.6153815
3716,0.61539995
3717,0.61539995
3718,0.6153815
3719,0.6153815
3720,0.6153815
3721,0.6153815
3722,0.614
3723,0.614
3724,0.61538149
3725,0.61538149
3726,0.614
3727,0.614
3728,0.61396571
3729,0.61396571
3730,0.61396571
3731,0.61396571
3732,0.61396571
3733,0.61396571
3734,0.61
3735,0.61
3736,0.61
3737,0.61
3738,0.61
3739,0.61
3740,0.61
3741,0.61057155
3742,0.61057155
3743,0.61057155
3744,0.6135
3745,0.6135
3746,0.61057155
3747,0.61057155
3748,0.61057155
3749,0.61
3750,0.61
3751,0.61
3752,0.61
3753,0.61
3754,0.61
3755,0.60450225
3756,0.605
3757,0.60120001
3758,0.60120001
3759,0.60120001
3760,0.60120001
3761,0.603
3762,0.60299999
3763,0.603
3764,0.60299999
3765,0.60120001
3766,0.6012
3767,0.6012
3768,0.60299999
3769,0.60120001
3770,0.60120001
3771,0.60120001
3772,0.60120001
3773,0.60120001
3774,0.60120001
3775,0.60299998
3776,0.60299999
3777,0.60299999
3778,0.603
3779,0.60299999
3780,0.60299999
3781,0.60299999
3782,0.60299999
3783,0.60299999
3784,0.60299998
3785,0.60299999
3786,0.60299999
3787,0.603
3788,0.603
3789,0.603
3790,0.60499995
3791,0.603
3792,0.603
3793,0.60499994
3794,0.60499994
3795,0.60499994
3796,0.60499988
3797,0.60499996
3798,0.60499995
3799,0.60499995
3800,0.60499995
3801,0.60499996
3802,0.60499996
3803,0.60499994
3804,0.60499996
3805,0.60499996
3806,0.60499996
3807,0.60499996
3808,0.60499996
3809,0.604
3810,0.604
3811,0.60299998
3812,0.60299998
3813,0.60299998
3814,0.60299998
3815,0.60299998
3816,0.60299998
3817,0.60299998
3818,0.60499996
3819,0.60499995
3820,0.60499995
3821,0.60499996
3822,0.6049
3823,0.6049
3824,0.6049
3825,0.60499996
3826,0.60499996
3827,0.60299998
3828,0.60299998
3829,0.6049999
3830,0.60499997
3831,0.605
3832,0.605
3833,0.605
3834,0.605
3835,0.60630607
3836,0.60630607
3837,0.60630607
3838,0.605
3839,0.605
3840,0.60500001
3841,0.60500001
3842,0.60500001
3843,0.60500001
3844,0.60500001
3845,0.60500001
3846,0.60500001
3847,0.60500001
3848,0.60630606
3849,0.60630606
3850,0.60630606
3851,0.60630606
3852,0.60630611
3853,0.60630611
3854,0.60630611
3855,0.60630611
3856,0.60751873
3857,0.60751873
3858,0.60751873
3859,0.60751873
3860,0.60751873
3861,0.60841438
3862,0.6084144
3863,0.6084144
3864,0.6084144
3865,0.6084144
3866,0.6084144
3867,0.60841433
3868,0.60841433
3869,0.60841433
3870,0.60841434
3871,0.60841434
3872,0.60841435
3873,0.60841435
3874,0.60841435
3875,0.60841435
3876,0.60841435
3877,0.60841434
3878,0.60841434
3879,0.60841434
3880,0.60841434
3881,0.60841434
3882,0.60841434
3883,0.60841435
3884,0.60841435
3885,0.60841435
3886,0.60841435
3887,0.60841436
3888,0.60873378
3889,0.60873378
3890,0.60873378
3891,0.60873378
3892,0.60873378
3893,0.60841466
3894,0.60841436
3895,0.60841436
3896,0.60841436
3897,0.60841466
3898,0.60841466
3899,0.60841467
3900,0.60841467
3901,0.60873369
3902,0.60873369
3903,0.60841435
3904,0.60873369
3905,0.60873369
3906,0.60873369
3907,0.60873369
3908,0.60873369
3909,0.60873369
3910,0.60873369
3911,0.60873369
3912,0.60850001
3913,0.60850001
3914,0.6085
3915,0.60873369
3916,0.60873369
3917,0.6012
3918,0.6012
3919,0.6012
3920,0.60630611
3921,0.60630611
3922,0.60630611
3923,0.60630611
3924,0.60630611
3925,0.6063061
3926,0.6063061
3927,0.6063061
3928,0.6063061
3929,0.60630605
3930,0.60630606
3931,0.60630606
3932,0.60630605
3933,0.60630606
3934,0.60630606
3935,0.60630606
3936,0.60630607
3937,0.60630606
3938,0.60630606
3939,0.60630605
3940,0.60630605
3941,0.60599997
3942,0.60599997
3943,0.60599997
3944,0.60599997
3945,0.606
3946,0.606
3947,0.60136307
3948,0.60136307
3949,0.60599995
3950,0.60599995
3951,0.60599995
3952,0.60599995
3953,0.60599995
3954,0.60599995
3955,0.60236306
3956,0.60236306
3957,0.60236306
3958,0.60236306
3959,0.60236306
3960,0.60236306
3961,0.60236306
3962,0.60236306
3963,0.60236306
3964,0.60236306
3965,0.60236306
3966,0.60236306
3967,0.60236306
3968,0.6017
3969,0.60236306
3970,0.60236306
3971,0.60236306
3972,0.60236306
3973,0.60236306
3974,0.60236306
3975,0.60170663
3976,0.60170663
3977,0.60170663
3978,0.60170662
3979,0.60170662
3980,0.60170661
3981,0.60170661
3982,0.60170661
3983,0.60170661
3984,0.60170661
3985,0.60170661
3986,0.60170661
3987,0.60170662
3988,0.60236305
3989,0.60236305
3990,0.60236305
3991,0.60236305
3992,0.60236305
3993,0.60236306
3994,0.60599995
3995,0.60236304
3996,0.60236304
3997,0.60236304
3998,0.60236304
3999,0.60236304
4000,0.60236304
4001,0.60236304
4002,0.60236304
4003,0.60236304
4004,0.60236304
4005,0.60236304
4006,0.60236303
4007,0.60236303
4008,0.60236303
4009,0.60236303
4010,0.60236303
4011,0.60236303
4012,0.60236303
4013,0.60236303
4014,0.60236303
4015,0.60236303
4016,0.60236303
4017,0.60236303
4018,0.60236303
4019,0.60236303
4020,0.60236303
4021,0.60236303
4022,0.60236303
4023,0.60236303
4024,0.60236303
4025,0.60236303
4026,0.60236303
4027,0.60236303
4028,0.60236303
4029,0.60236303
4030,0.60236303
4031,0.606
4032,0.606
4033,0.606
4034,0.606
4035,0.606
4036,0.606
4037,0.606
4038,0.606
4039,0.606
4040,0.606
4041,0.606
4042,0.60630611
4043,0.60630611
4044,0.60630611
4045,0.60630611
4046,0.60630611
4047,0.60751873
4048,0.60751873
4049,0.60751873
4050,0.60751873
4051,0.60751873
4052,0.60751873
4053,0.60751873
4054,0.60751873
4055,0.60751873
4056,0.60751873
4057,0.60751873
4058,0.60873378
4059,0.60873378
4060,0.60873378
4061,0.60873378
4062,0.60935283
4063,0.60935283
4064,0.60935283
4065,0.60935283
4066,0.60935283
4067,0.60935283
4068,0.61
4069,0.61
4070,0.61
4071,0.61
4072,0.60873379
4073,0.60873378
4074,0.60873379
4075,0.60873379
4076,0.61
4077,0.61
4078,0.61183848
4079,0.61183848
4080,0.61183848
4081,0.61183848
4082,0.61183848
4083,0.61183848
4084,0.61183848
4085,0.61183848
4086,0.6119
4087,0.6119
4088,0.6119
4089,0.6119
4090,0.61239352
4091,0.612394
4092,0.612394
4093,0.612394
4094,0.612394
4095,0.613
4096,0.613
4097,0.613
4098,0.613
4099,0.613
4100,0.613
4101,0.613
4102,0.61361831
4103,0.613
4104,0.61399788
4105,0.61399788
4106,0.61474854
4107,0.615
4108,0.615
4109,0.615
4110,0.615
4111,0.615
4112,0.615
4113,0.615
4114,0.613
4115,0.615
4116,0.61474854
4117,0.61474854
4118,0.6149
4119,0.6149
4120,0.6149
4121,0.6149
4122,0.6149
4123,0.615
4124,0.6149
4125,0.6149
4126,0.6149
4127,0.6149
4128,0.61499998
4129,0.61499998
4130,0.6149
4131,0.6149
4132,0.6149
4133,0.6149
4134,0.614
4135,0.614
4136,0.614
4137,0.614
4138,0.613
4139,0.613
4140,0.611
4141,0.611
4142,0.611
4143,0.611
4144,0.61
4145,0.614
4146,0.614
4147,0.611
4148,0.611
4149,0.611
4150,0.611
4151,0.614
4152,0.614
4153,0.614
4154,0.614
4155,0.614
4156,0.614
4157,0.614
4158,0.614
4159,0.614
4160,0.614
4161,0.614
4162,0.61
4163,0.61
4164,0.61
4165,0.61
4166,0.61
4167,0.6139
4168,0.6139
4169,0.6139
4170,0.6139
4171,0.6139
4172,0.61390001
4173,0.61
4174,0.61
4175,0.61
4176,0.61
4177,0.61
4178,0.61
4179,0.61
4180,0.61
4181,0.61
4182,0.61
4183,0.60999999
4184,0.60989
4185,0.60989
4186,0.60989
4187,0.60989
4188,0.60989
4189,0.60989
4190,0.60989
4191,0.6084
4192,0.6084
4193,0.6084
4194,0.60989
4195,0.60989
4196,0.60989
4197,0.60989
4198,0.60989
4199,0.60989
4200,0.60989
4201,0.60989
4202,0.60989
4203,0.60989
4204,0.6084
4205,0.6084
4206,0.6084
4207,0.6084
4208,0.6084
4209,0.60989
4210,0.60989
4211,0.60989
4212,0.60989
4213,0.60989
4214,0.60989
4215,0.60989
4216,0.60989
4217,0.60989
4218,0.60989
4219,0.60989
4220,0.60989
4221,0.60989
4222,0.61
4223,0.61
4224,0.61
4225,0.61
4226,0.61183848
4227,0.61183848
4228,0.61183848
4229,0.61183848
4230,0.61183848
4231,0.61183848
4232,0.61183848
4233,0.61183848
4234,0.61183848
4235,0.61183848
4236,0.61183848
4237,0.61183848
4238,0.61183848
4239,0.61183848
4240,0.61183848
4241,0.61183848
4242,0.6085
4243,0.6085
4244,0.6085
4245,0.6085
4246,0.6085
4247,0.6085
4248,0.61361831
4249,0.61361831
4250,0.61361831
4251,0.61361831
4252,0.61361831
4253,0.61361831
4254,0.61361831
4255,0.61361831
4256,0.61361831
4257,0.61361831
4258,0.61361831
4259,0.61484556
4260,0.61484556
4261,0.61484556
4262,0.61484556
4263,0.61484556
4264,0.61484556
4265,0.61484556
4266,0.61484556
4267,0.61484556
4268,0.61484556
4269,0.61484556
4270,0.61499999
4271,0.61499999
4272,0.61499999
4273,0.61499999
4274,0.61499999
4275,0.61499999
4276,0.61499999
4277,0.61499999
4278,0.61499999
4279,0.61499998
4280,0.61499998
4281,0.61499998
4282,0.61499998
4283,0.61499999
