0,1.77018963
1,1.77018963
2,1.77018963
3,1.77018963
4,1.77180689
5,1.77499998
6,1.77499995
7,1.77499995
8,1.77499995
9,1.77499995
10,1.77499995
11,1.7701896
12,1.7701896
13,1.7701896
14,1.77499998
15,1.77499998
16,1.77499995
17,1.77499995
18,1.77499992
19,1.76829277
20,1.76829248
21,1.77030295
22,1.77499989
23,1.77030295
24,1.77030295
25,1.77030295
26,1.77030295
27,1.77030295
28,1.77030295
29,1.77499989
30,1.77499989
31,1.77499989
32,1.77144989
33,1.77499989
34,1.77499998
35,1.77499989
36,1.77499989
37,1.77499989
38,1.765
39,1.7749999
40,1.7749999
41,1.7749999
42,1.77499991
43,1.77499991
44,1.77144997
45,1.765
46,1.77
47,1.77
48,1.77
49,1.77085157
50,1.77085157
51,1.77085157
52,1.7749999
53,1.77
54,1.77
55,1.77
56,1.77
57,1.77
58,1.77
59,1.77
60,1.77283854
61,1.77283854
62,1.77
63,1.77
64,1.77
65,1.77499991
66,1.77499991
67,1.77
68,1.77
69,1.77
70,1.77
71,1.77
72,1.77
73,1.77
74,1.77
75,1.77
76,1.77499998
77,1.77499998
78,1.77
79,1.77499998
80,1.77499998
81,1.77499998
82,1.77499998
83,1.77499999
84,1.77499999
85,1.77499999
86,1.77499999
87,1.77
88,1.77
89,1.77
90,1.77
91,1.77
92,1.77
93,1.77
94,1.77
95,1.77
96,1.77
97,1.77
98,1.77
99,1.77
100,1.77
101,1.76526558
102,1.76500005
103,1.76500005
104,1.76500006
105,1.76626558
106,1.76500006
107,1.76500006
108,1.7675
109,1.7675
110,1.7675
111,1.7675
112,1.7675
113,1.7675
114,1.7675
115,1.7675
116,1.77
117,1.77
118,1.77
119,1.77
120,1.77
121,1.77
122,1.77
123,1.77
124,1.77199998
125,1.77199998
126,1.77
127,1.77
128,1.77
129,1.77
130,1.77
131,1.77
132,1.769
133,1.769
134,1.77
135,1.766
136,1.766
137,1.766
138,1.766
139,1.77
140,1.77
141,1.768
142,1.768
143,1.768
144,1.768
145,1.76600001
146,1.76600001
147,1.76600001
148,1.768
149,1.768
150,1.768
151,1.768
152,1.768
153,1.768
154,1.768
155,1.77
156,1.77
157,1.77
158,1.77
159,1.77999999
160,1.77999999
161,1.77999998
162,1.77999999
163,1.77999999
164,1.77884996
165,1.77884995
166,1.77000001
167,1.77000001
168,1.77000001
169,1.77000001
170,1.77000001
171,1.77999999
172,1.77999999
173,1.77999999
174,1.77884996
175,1.77884996
176,1.77884996
177,1.77884996
178,1.78
179,1.78
180,1.78
181,1.779425
182,1.779425
183,1.779425
184,1.779425
185,1.779425
186,1.779425
187,1.779425
188,1.779425
189,1.78
190,1.78
191,1.78
192,1.78
193,1.78
194,1.78
195,1.78
196,1.78
197,1.78
198,1.78
199,1.77942502
200,1.77942502
201,1.78190487
202,1.78190487
203,1.78190487
204,1.78190512
205,1.78449905
206,1.78449905
207,1.78517156
208,1.78999998
209,1.78999998
210,1.78999998
211,1.78770001
212,1.78770003
213,1.7899
214,1.7900006
215,1.7900006
216,1.79030175
217,1.79030175
218,1.79030175
219,1.79030175
220,1.7903018
221,1.7903018
222,1.7903018
223,1.7903018
224,1.7903018
225,1.79369923
226,1.79369923
227,1.79369923
228,1.79030182
229,1.79030182
230,1.794023
231,1.794023
232,1.794023
233,1.794023
234,1.794023
235,1.79030183
236,1.79030183
237,1.79030183
238,1.79030183
239,1.79030183
240,1.794023
241,1.794023
242,1.794023
243,1.79999996
244,1.79999996
245,1.79999996
246,1.79486673
247,1.79486673
248,1.794023
249,1.794023
250,1.794023
251,1.79030188
252,1.79030188
253,1.79030188
254,1.79030184
255,1.79030183
256,1.79030183
257,1.79030183
258,1.79030183
259,1.79499988
260,1.79030183
261,1.79030183
262,1.79030183
263,1.79030183
264,1.79499981
265,1.79030183
266,1.79030183
267,1.79030186
268,1.79030186
269,1.79030186
270,1.79
271,1.78526251
272,1.78526251
273,1.78526251
274,1.78526251
275,1.78526251
276,1.78526251
277,1.79
278,1.78526258
279,1.78526258
280,1.78526258
281,1.78999997
282,1.78999997
283,1.78899997
284,1.78899997
285,1.78617927
286,1.78526258
287,1.78526258
288,1.78526258
289,1.78000004
290,1.78000001
291,1.77999999
292,1.77999999
293,1.77999999
294,1.77999999
295,1.77999999
296,1.77999999
297,1.77999999
298,1.77999999
299,1.77999999
300,1.77999999
301,1.78
302,1.78617911
303,1.78
304,1.78617896
305,1.77884996
306,1.77884996
307,1.77884996
308,1.77884996
309,1.77884996
310,1.77884996
311,1.77884996
312,1.77884996
313,1.77884996
314,1.77884996
315,1.77999994
316,1.77999994
317,1.77999994
318,1.77999994
319,1.77999994
320,1.77999994
321,1.77884996
322,1.78
323,1.78308967
324,1.78308967
325,1.78308966
326,1.78308966
327,1.78308966
328,1.785
329,1.78
330,1.78
331,1.7788
332,1.7751789
333,1.78865042
334,1.77
335,1.77
336,1.77
337,1.78249999
338,1.7802
339,1.7802
340,1.7802
341,1.7802
342,1.7802
343,1.7802
344,1.7802
345,1.77970688
346,1.77970688
347,1.77970688
348,1.77970688
349,1.77970688
350,1.77970688
351,1.77970688
352,1.779706
353,1.76738958
354,1.76499993
355,1.76499993
356,1.77047751
357,1.77047751
358,1.7663
359,1.77
360,1.77
361,1.77970431
362,1.77080576
363,1.77080576
364,1.77080576
365,1.7642
366,1.7640006
367,1.7640006
368,1.764
369,1.764
370,1.7635473
371,1.7635473
372,1.7635473
373,1.7635473
374,1.7635473
375,1.76354723
376,1.76354723
377,1.76344735
378,1.76344734
379,1.76344732
380,1.76344729
381,1.763
382,1.76283603
383,1.76
384,1.76283603
385,1.76
386,1.76
387,1.76
388,1.76
389,1.76
390,1.76283594
391,1.75615811
392,1.75518178
393,1.75518178
394,1.75791427
395,1.75791427
396,1.75791427
397,1.7565
398,1.7565
399,1.7565
400,1.75650001
401,1.75650001
402,1.7566
403,1.7566
404,1.7566
405,1.7566
406,1.758
407,1.758
408,1.7566
409,1.7568
410,1.7568
411,1.75660002
412,1.75660002
413,1.75660002
414,1.7566
415,1.7566
416,1.7566
417,1.7566
418,1.7566
419,1.75516818
420,1.76241781
421,1.75518175
422,1.75009999
423,1.75009999
424,1.75009999
425,1.75185009
426,1.75185009
427,1.75185006
428,1.75185009
429,1.75185009
430,1.75185009
431,1.74999997
432,1.7467389
433,1.7467389
434,1.7467389
435,1.7467389
436,1.7467389
437,1.74706501
438,1.74000001
439,1.739
440,1.73814622
441,1.74
442,1.74
443,1.74999959
444,1.73237
445,1.74999829
446,1.7303
447,1.72
448,1.7303
449,1.7345
450,1.73449993
451,1.72000007
452,1.73380097
453,1.73380097
454,1.73380097
455,1.73299997
456,1.733
457,1.73206725
458,1.733
459,1.733
460,1.733
461,1.73426
462,1.733
463,1.73253482
464,1.73253482
465,1.72999993
466,1.72999993
467,1.72825322
468,1.72825322
469,1.72781656
470,1.72825319
471,1.72825322
472,1.72825322
473,1.72825322
474,1.72999993
475,1.72781656
476,1.73000008
477,1.73000008
478,1.73000008
479,1.73000028
480,1.73000028
481,1.73893727
482,1.74
483,1.74
484,1.74
485,1.74
486,1.74
487,1.74
488,1.74
489,1.73999993
490,1.73999993
491,1.73999993
492,1.73999993
493,1.73999993
494,1.74
495,1.74
496,1.74
497,1.74
498,1.74
499,1.7409829
500,1.7409829
501,1.74299993
502,1.74008291
503,1.74008291
504,1.74008291
505,1.74008291
506,1.74008291
507,1.74008291
508,1.74008291
509,1.74
510,1.74
511,1.74
512,1.74
513,1.74008291
514,1.74299992
515,1.7437218
516,1.74098876
517,1.744
518,1.744
519,1.744
520,1.74250791
521,1.74098876
522,1.74098876
523,1.74098876
524,1.74098876
525,1.74098876
526,1.74098876
527,1.74098876
528,1.74098875
529,1.74098875
530,1.74
531,1.74
532,1.74
533,1.73479555
534,1.73745999
535,1.73745999
536,1.74098855
537,1.74098855
538,1.74098843
539,1.74098836
540,1.74
541,1.7379884
542,1.73393966
543,1.73176375
544,1.73176375
545,1.73209885
546,1.73209894
547,1.735
548,1.74
549,1.74
550,1.74
551,1.74
552,1.74
553,1.74098835
554,1.74098835
555,1.74098826
556,1.74098826
557,1.7409881
558,1.7409881
559,1.7409881
560,1.7409881
561,1.7409881
562,1.7409881
563,1.7409881
564,1.7324
565,1.7324
566,1.73228356
567,1.732
568,1.732
569,1.732
570,1.732
571,1.732
572,1.732
573,1.73228357
574,1.73228357
575,1.73228357
576,1.73228357
577,1.73200004
578,1.74098802
579,1.74098802
580,1.74098802
581,1.74098802
582,1.74098774
583,1.74098774
584,1.733
585,1.733
586,1.733
587,1.733
588,1.73300001
589,1.73300001
590,1.73300001
591,1.73300001
592,1.73300001
593,1.73300002
594,1.73300002
595,1.73300002
596,1.73300002
597,1.73300001
598,1.73300001
599,1.73300001
600,1.73300001
601,1.73300001
602,1.73300001
603,1.73300001
604,1.73300001
605,1.73300007
606,1.73300007
607,1.74098807
608,1.74098807
609,1.74098807
610,1.735
611,1.735
612,1.7409881
613,1.7409881
614,1.7409881
615,1.7409881
616,1.7409881
617,1.7409881
618,1.7409881
619,1.7409881
620,1.7409881
621,1.7409881
622,1.7409881
623,1.7409881
624,1.7409881
625,1.73500002
626,1.73500002
627,1.73500002
628,1.73500002
629,1.73500002
630,1.73500002
631,1.73500002
632,1.74048988
633,1.74048988
634,1.74048988
635,1.74048988
636,1.74048988
637,1.74048988
638,1.74048988
639,1.74048988
640,1.74048988
641,1.7405
642,1.74048988
643,1.74048988
644,1.74048988
645,1.74048988
646,1.74049997
647,1.74049997
648,1.74049997
649,1.74049997
650,1.74049997
651,1.74048988
652,1.74048988
653,1.74048988
654,1.74049999
655,1.74049999
656,1.74049998
657,1.74049998
658,1.74049998
659,1.74049998
660,1.74049998
661,1.74049998
662,1.74049998
663,1.74049998
664,1.74049998
665,1.7405
666,1.7405
667,1.7405
668,1.7405
669,1.7405
670,1.7405
671,1.74048988
672,1.74048988
673,1.74048988
674,1.74048491
675,1.74048491
676,1.73750002
677,1.73750002
678,1.73750002
679,1.73748493
680,1.74048491
681,1.74048491
682,1.74048491
683,1.74048491
684,1.74048491
685,1.74048491
686,1.73748492
687,1.74048491
688,1.74048491
689,1.74048491
690,1.74048491
691,1.7405
692,1.7405
693,1.7405
694,1.7405
695,1.7405
696,1.7405
697,1.74050404
698,1.74050404
699,1.74098876
700,1.74098876
701,1.74098876
702,1.74098876
703,1.74098876
704,1.75634034
705,1.75634034
706,1.75634014
707,1.74372391
708,1.7437239
709,1.7437239
710,1.74372391
711,1.75
712,1.75
713,1.75
714,1.75599978
715,1.75599978
716,1.75599978
717,1.75599965
718,1.75599957
719,1.75599957
720,1.75599944
721,1.75599944
722,1.75599944
723,1.75599926
724,1.75599926
725,1.75599926
726,1.75599909
727,1.75599909
728,1.75499917
729,1.75499917
730,1.7500001
731,1.7500001
732,1.74476576
733,1.75498996
734,1.75100001
735,1.75399908
736,1.75399908
737,1.75399908
738,1.75399908
739,1.75094998
740,1.75094998
741,1.75094998
742,1.75094998
743,1.7478595
744,1.7478595
745,1.7478595
746,1.7478595
747,1.7478595
748,1.7478595
749,1.7478595
750,1.7478595
751,1.75000006
752,1.75000006
753,1.75000006
754,1.75633976
755,1.75633976
756,1.75633976
757,1.75633976
758,1.75633976
759,1.75000006
760,1.75000006
761,1.75000006
762,1.75253585
763,1.75253585
764,1.75253585
765,1.75253583
766,1.75253583
767,1.75253583
768,1.752
769,1.752
770,1.75033938
771,1.75253583
772,1.75253583
773,1.75253583
774,1.75253583
775,1.75000006
776,1.75
777,1.74999997
778,1.75
779,1.75
780,1.75634038
781,1.75634038
782,1.75634038
783,1.74822913
784,1.75122911
785,1.74822916
786,1.75
787,1.74822916
788,1.74822916
789,1.74822916
790,1.74822916
791,1.74822916
792,1.74822916
793,1.75819587
794,1.75819587
795,1.75819587
796,1.75819587
797,1.75819587
798,1.75875303
799,1.75875303
800,1.75875303
801,1.75875303
802,1.758753
803,1.758753
804,1.75875303
805,1.7587531
806,1.75890665
807,1.75890665
808,1.75890665
809,1.7587531
810,1.7599898
811,1.75998973
812,1.75998968
813,1.75998963
814,1.7559998
815,1.7559998
816,1.7559998
817,1.7559998
818,1.7559998
819,1.7559998
820,1.7559998
821,1.7559998
822,1.75599979
823,1.75599979
824,1.75599979
825,1.74822912
826,1.74822912
827,1.74822912
828,1.74721983
829,1.74721983
830,1.74721983
831,1.74721983
832,1.74721983
833,1.7472198
834,1.7472198
835,1.7472198
836,1.7472198
837,1.7472198
838,1.7437239
839,1.7437239
840,1.7442198
841,1.7437239
842,1.7437239
843,1.7437239
844,1.75009851
845,1.75009851
846,1.75009851
847,1.75009851
848,1.75009851
849,1.75009851
850,1.75009851
851,1.75009851
852,1.75009851
853,1.75009851
854,1.75009851
855,1.75009851
856,1.75009851
857,1.75009851
858,1.75009851
859,1.7437239
860,1.7437239
861,1.743
862,1.743
863,1.743
864,1.74609999
865,1.74609999
866,1.74609999
867,1.74609999
868,1.74609999
869,1.74609999
870,1.74609999
871,1.74609999
872,1.75250958
873,1.75250937
874,1.75250937
875,1.75250937
876,1.75250937
877,1.75250902
878,1.743
879,1.743
880,1.743
881,1.743
882,1.743
883,1.743
884,1.75199991
885,1.75199991
886,1.75199991
887,1.75199991
888,1.75199991
889,1.75199991
890,1.745
891,1.745
892,1.745
893,1.74050404
894,1.74050001
895,1.74050001
896,1.74050001
897,1.74050001
898,1.74050001
899,1.741
900,1.74
901,1.745
902,1.745
903,1.745
904,1.735
905,1.735
906,1.735
907,1.735
908,1.735
909,1.735
910,1.735
911,1.735
912,1.735
913,1.735
914,1.735
915,1.73504868
916,1.73504868
917,1.738
918,1.738
919,1.738
920,1.738
921,1.738
922,1.73799995
923,1.73799995
924,1.73799995
925,1.738
926,1.73799995
927,1.73799995
928,1.73799995
929,1.73799995
930,1.73799997
931,1.73799997
932,1.73799997
933,1.7330001
934,1.7330001
935,1.7330001
936,1.73561533
937,1.73561533
938,1.73561533
939,1.73561533
940,1.73561533
941,1.735
942,1.73300008
943,1.73300008
944,1.73300007
945,1.73300008
946,1.7305
947,1.7305
948,1.73300008
949,1.73300008
950,1.73300008
951,1.73499992
952,1.73499988
953,1.73499988
954,1.73499988
955,1.73499988
956,1.73499988
957,1.73499959
958,1.73
959,1.72550001
960,1.72550001
961,1.7255
962,1.7255
963,1.7255
964,1.73499932
965,1.73499932
966,1.73499932
967,1.73499932
968,1.73499932
969,1.7255
970,1.725
971,1.725
972,1.7272255
973,1.726725
974,1.726725
975,1.726725
976,1.72307207
977,1.72307207
978,1.72000001
979,1.72000001
980,1.72
981,1.72307491
982,1.72307491
983,1.72307491
984,1.72307491
985,1.72
986,1.72
987,1.72
988,1.72
989,1.72000006
990,1.72
991,1.72
992,1.72
993,1.72
994,1.72
995,1.72
996,1.72
997,1.72
998,1.706
999,1.706
1000,1.70814
1001,1.71329251
1002,1.71329237
1003,1.70511001
1004,1.71329229
1005,1.71329225
1006,1.711
1007,1.71329224
1008,1.71329224
1009,1.711
1010,1.711
1011,1.711
1012,1.711
1013,1.711
1014,1.71029225
1015,1.70588235
1016,1.7052
1017,1.70919643
1018,1.7052
1019,1.7052
1020,1.7052
1021,1.7052
1022,1.711
1023,1.711
1024,1.711
1025,1.706
1026,1.706
1027,1.70067895
1028,1.706
1029,1.706
1030,1.706
1031,1.71012122
1032,1.71012122
1033,1.70393888
1034,1.70510516
1035,1.70510516
1036,1.70510516
1037,1.70510516
1038,1.71111769
1039,1.71111769
1040,1.71202082
1041,1.71202082
1042,1.70010004
1043,1.7
1044,1.7
1045,1.7
1046,1.7
1047,1.7
1048,1.7
1049,1.7
1050,1.7
1051,1.7
1052,1.70000001
1053,1.70000001
1054,1.7
1055,1.69499997
1056,1.70849997
1057,1.70340001
1058,1.7034
1059,1.70679991
1060,1.70679991
1061,1.70679987
1062,1.7067998
1063,1.70679997
1064,1.70679997
1065,1.70679997
1066,1.70679997
1067,1.70679997
1068,1.70679997
1069,1.71063174
1070,1.71185954
1071,1.71362718
1072,1.71185954
1073,1.70721051
1074,1.71389644
1075,1.71389644
1076,1.71185954
1077,1.71389625
1078,1.71389625
1079,1.71185954
1080,1.71185954
1081,1.70169489
1082,1.71185954
1083,1.70843581
1084,1.70000003
1085,1.7
1086,1.7
1087,1.7
1088,1.7
1089,1.7
1090,1.70843547
1091,1.7
1092,1.69999997
1093,1.69999997
1094,1.69999997
1095,1.69999997
1096,1.69999991
1097,1.69999991
1098,1.69999991
1099,1.69999985
1100,1.69999985
1101,1.69999981
1102,1.69999978
1103,1.69999997
1104,1.7
1105,1.7
1106,1.69999997
1107,1.69999999
1108,1.69999998
1109,1.69999998
1110,1.69999998
1111,1.69999998
1112,1.69285837
1113,1.69285837
1114,1.69420003
1115,1.69420003
1116,1.68888888
1117,1.68999994
1118,1.68999989
1119,1.6865664
1120,1.68656636
1121,1.6832
1122,1.68999982
1123,1.68
1124,1.68487979
1125,1.6761002
1126,1.6829999
1127,1.67900643
1128,1.6829999
1129,1.67817608
1130,1.67817608
1131,1.67724012
1132,1.67724012
1133,1.68487978
1134,1.68182393
1135,1.6761002
1136,1.6761002
1137,1.6761002
1138,1.67781729
1139,1.67781729
1140,1.67781729
1141,1.6761003
1142,1.6761003
1143,1.68182381
1144,1.67610031
1145,1.67610039
1146,1.68182381
1147,1.69
1148,1.69
1149,1.69
1150,1.68999999
1151,1.69
1152,1.69
1153,1.68600001
1154,1.68182382
1155,1.68182386
1156,1.68183391
1157,1.69768039
1158,1.69768039
1159,1.699573
1160,1.699573
1161,1.69909985
1162,1.6986267
1163,1.6986267
1164,1.6986267
1165,1.6986267
1166,1.6986347
1167,1.69863
1168,1.69863
1169,1.69909959
1170,1.69909959
1171,1.6990995
1172,1.69029758
1173,1.69909947
1174,1.69909945
1175,1.69029711
1176,1.69029711
1177,1.69
1178,1.69
1179,1.69499998
1180,1.6866893
1181,1.6866893
1182,1.6866893
1183,1.6866893
1184,1.6866893
1185,1.6866893
1186,1.68182381
1187,1.68182381
1188,1.68952499
1189,1.68952499
1190,1.68952499
1191,1.68952499
1192,1.68952499
1193,1.68952499
1194,1.68087167
1195,1.68082381
1196,1.68082381
1197,1.68082381
1198,1.68082381
1199,1.68000001
1200,1.67610031
1201,1.68082381
1202,1.67610031
1203,1.67610033
1204,1.67611033
1205,1.687
1206,1.687
1207,1.68699999
1208,1.68699999
1209,1.688
1210,1.688
1211,1.68952498
1212,1.68952498
1213,1.68952498
1214,1.68952487
1215,1.68952431
1216,1.68952489
1217,1.68951989
1218,1.68951987
1219,1.67105253
1220,1.68899997
1221,1.67279993
1222,1.67105253
1223,1.67279993
1224,1.67279993
1225,1.67856331
1226,1.67856331
1227,1.67856331
1228,1.6710002
1229,1.67999997
1230,1.67999997
1231,1.67109027
1232,1.67109027
1233,1.67120963
1234,1.67120963
1235,1.672
1236,1.672
1237,1.671
1238,1.671
1239,1.66999996
1240,1.66999992
1241,1.669295
1242,1.669295
1243,1.66
1244,1.65413548
1245,1.66635327
1246,1.65448271
1247,1.65536702
1248,1.65536702
1249,1.65536702
1250,1.65536699
1251,1.65536702
1252,1.65289268
1253,1.65536699
1254,1.65986668
1255,1.65986668
1256,1.65536699
1257,1.65999989
1258,1.65999998
1259,1.65999998
1260,1.65999998
1261,1.656
1262,1.65
1263,1.65
1264,1.645
1265,1.645
1266,1.643
1267,1.643
1268,1.64
1269,1.64
1270,1.64
1271,1.64299999
1272,1.64
1273,1.64
1274,1.642
1275,1.64599999
1276,1.64664496
1277,1.64664491
1278,1.641
1279,1.641
1280,1.64664393
1281,1.641
1282,1.64
1283,1.64299996
1284,1.64299991
1285,1.64099997
1286,1.64099997
1287,1.63910043
1288,1.6399999
1289,1.63999986
1290,1.63999986
1291,1.63999986
1292,1.63999986
1293,1.63999992
1294,1.63999993
1295,1.63999992
1296,1.64999996
1297,1.64
1298,1.64000001
1299,1.6580564
1300,1.65
1301,1.65
1302,1.65814179
1303,1.65814171
1304,1.65814171
1305,1.65814171
1306,1.65908729
1307,1.65908729
1308,1.65814174
1309,1.65814174
1310,1.65814174
1311,1.66554493
1312,1.66554493
1313,1.66618345
1314,1.66618345
1315,1.66618345
1316,1.66618345
1317,1.67155359
1318,1.6662
1319,1.66862499
1320,1.66562501
1321,1.66562494
1322,1.66562494
1323,1.66562484
1324,1.66562469
1325,1.66562469
1326,1.66562469
1327,1.65532295
1328,1.65532295
1329,1.66562455
1330,1.66562455
1331,1.66562454
1332,1.66562454
1333,1.66267593
1334,1.65729643
1335,1.66199999
1336,1.65000003
1337,1.65
1338,1.65
1339,1.65
1340,1.65
1341,1.64999999
1342,1.64999998
1343,1.64
1344,1.64999984
1345,1.64
1346,1.63999993
1347,1.6325
1348,1.63476298
1349,1.6325
1350,1.63
1351,1.63
1352,1.62809934
1353,1.6266367
1354,1.62535125
1355,1.62680065
1356,1.627
1357,1.627
1358,1.63037909
1359,1.627
1360,1.625
1361,1.61999999
1362,1.61999999
1363,1.62
1364,1.62
1365,1.62099999
1366,1.62099999
1367,1.63162527
1368,1.64143418
1369,1.64473843
1370,1.63162525
1371,1.63162524
1372,1.632
1373,1.64473728
1374,1.631626
1375,1.631626
1376,1.63162612
1377,1.63138757
1378,1.63138757
1379,1.632
1380,1.63
1381,1.63301884
1382,1.625708
1383,1.63199997
1384,1.62827
1385,1.62989827
1386,1.632
1387,1.63499999
1388,1.63499999
1389,1.635
1390,1.6362613
1391,1.6362613
1392,1.6384973
1393,1.64
1394,1.64
1395,1.64154
1396,1.63849733
1397,1.64619721
1398,1.64154001
1399,1.6384973
1400,1.6384973
1401,1.6384973
1402,1.6384973
1403,1.63849727
1404,1.63849727
1405,1.63796609
1406,1.63796609
1407,1.63849727
1408,1.63849727
1409,1.63849723
1410,1.64491728
1411,1.63562612
1412,1.64491723
1413,1.64
1414,1.64
1415,1.64
1416,1.64
1417,1.64
1418,1.64
1419,1.64
1420,1.64
1421,1.63931521
1422,1.63931521
1423,1.63500016
1424,1.64635847
1425,1.64635847
1426,1.64635848
1427,1.64635848
1428,1.6463585
1429,1.6463585
1430,1.6463585
1431,1.6463585
1432,1.65036419
1433,1.6483
1434,1.65308632
1435,1.647
1436,1.64193795
1437,1.65126039
1438,1.65126039
1439,1.65126038
1440,1.64526039
1441,1.64000003
1442,1.64700001
1443,1.64700001
1444,1.64700001
1445,1.648
1446,1.648
1447,1.648
1448,1.64700001
1449,1.64700001
1450,1.64700001
1451,1.64699994
1452,1.64699994
1453,1.64699994
1454,1.64000001
1455,1.64000001
1456,1.64763008
1457,1.65308665
1458,1.6547924
1459,1.655
1460,1.655
1461,1.655
1462,1.65308633
1463,1.65308633
1464,1.65500001
1465,1.65500001
1466,1.65500001
1467,1.65539276
1468,1.65539276
1469,1.6565358
1470,1.6565358
1471,1.6516034
1472,1.6516034
1473,1.6516034
1474,1.6516034
1475,1.6516034
1476,1.6516034
1477,1.6516034
1478,1.65101584
1479,1.6510158
1480,1.64248795
1481,1.64257324
1482,1.64257324
1483,1.64257324
1484,1.64999993
1485,1.6499998
1486,1.64
1487,1.64
1488,1.6360973
1489,1.6360973
1490,1.64999815
1491,1.63
1492,1.63
1493,1.63
1494,1.64174779
1495,1.63837386
1496,1.63
1497,1.63
1498,1.63
1499,1.63
1500,1.63
1501,1.63167168
1502,1.62500001
1503,1.63
1504,1.63
1505,1.63026745
1506,1.63010693
1507,1.63004274
1508,1.62677018
1509,1.62677018
1510,1.62521451
1511,1.62256245
1512,1.62099999
1513,1.61999999
1514,1.62
1515,1.6159
1516,1.62
1517,1.61500101
1518,1.61500101
1519,1.62
1520,1.61999997
1521,1.6145133
1522,1.61549999
1523,1.6155
1524,1.61549999
1525,1.6145133
1526,1.6159
1527,1.61459
1528,1.6145133
1529,1.6159
1530,1.61459
1531,1.61459
1532,1.62196199
1533,1.63253087
1534,1.63337094
1535,1.63337094
1536,1.63337094
1537,1.63337094
1538,1.61800003
1539,1.61800003
1540,1.61800003
1541,1.618
1542,1.62
1543,1.62
1544,1.6182
1545,1.6145133
1546,1.6145133
1547,1.6145133
1548,1.61999981
1549,1.61566546
1550,1.61
1551,1.61
1552,1.60919643
1553,1.60919643
1554,1.60915636
1555,1.61010992
1556,1.6035
1557,1.6
1558,1.59736998
1559,1.59212408
1560,1.5967091
1561,1.59212405
1562,1.59
1563,1.59
1564,1.59111
1565,1.58562468
1566,1.59
1567,1.58562468
1568,1.58879593
1569,1.6
1570,1.6015377
1571,1.601
1572,1.60350059
1573,1.60350059
1574,1.60432275
1575,1.60496337
1576,1.60750934
1577,1.60751
1578,1.60030002
1579,1.6003
1580,1.60030002
1581,1.5954
1582,1.5954
1583,1.59
1584,1.59
1585,1.58665014
1586,1.59
1587,1.59952307
1588,1.59999996
1589,1.59999996
1590,1.59995907
1591,1.59995903
1592,1.59995794
1593,1.59995794
1594,1.59260495
1595,1.59260492
1596,1.58540474
1597,1.59260495
1598,1.59755862
1599,1.59
1600,1.58540479
1601,1.585
1602,1.583
1603,1.580001
1604,1.583
1605,1.58000002
1606,1.5710087
1607,1.57614971
1608,1.57614974
1609,1.57100872
1610,1.56438391
1611,1.56400509
1612,1.56841998
1613,1.562
1614,1.56
1615,1.56400505
1616,1.5637795
1617,1.56
1618,1.551
1619,1.55
1620,1.55000001
1621,1.546
1622,1.5455201
1623,1.55088396
1624,1.54999999
1625,1.54999998
1626,1.54999996
1627,1.54812712
1628,1.54999999
1629,1.54999999
1630,1.54
1631,1.54
1632,1.5394
1633,1.53999999
1634,1.53602385
1635,1.53922983
1636,1.53675757
1637,1.54
1638,1.54
1639,1.54
1640,1.543294
1641,1.543294
1642,1.5342921
1643,1.53
1644,1.54299996
1645,1.53
1646,1.53
1647,1.53
1648,1.525
1649,1.53
1650,1.51011231
1651,1.513
1652,1.51
1653,1.5068821
1654,1.5011
1655,1.495
1656,1.4898799
1657,1.48
1658,1.482
1659,1.47999988
1660,1.47
1661,1.46995273
1662,1.47999987
1663,1.4799998
1664,1.47250001
1665,1.4841269
1666,1.49897299
1667,1.47251009
1668,1.48422303
1669,1.49999999
1670,1.49999999
1671,1.5082192
1672,1.51000007
1673,1.51863535
1674,1.52861671
1675,1.52
1676,1.52
1677,1.52
1678,1.52333299
1679,1.51842288
1680,1.506777
1681,1.506777
1682,1.50200008
1683,1.515
1684,1.50356102
1685,1.50399997
1686,1.50200001
1687,1.5182403
1688,1.51499996
1689,1.50999996
1690,1.50999986
1691,1.50999984
1692,1.51
1693,1.51322976
1694,1.52333298
1695,1.51176633
1696,1.51322972
1697,1.523333
1698,1.53602381
1699,1.5360238
1700,1.53602385
1701,1.5360238
1702,1.53728904
1703,1.5448759
1704,1.54487598
1705,1.5452269
1706,1.54651277
1707,1.55
1708,1.55300001
1709,1.561144
1710,1.56513396
1711,1.57025425
1712,1.578904
1713,1.58910603
1714,1.588
1715,1.6
1716,1.59
1717,1.58000001
1718,1.579106
1719,1.57910597
1720,1.58000001
1721,1.579
1722,1.57508067
1723,1.57508067
1724,1.5798759
1725,1.5760101
1726,1.588
1727,1.58897109
1728,1.59
1729,1.6
1730,1.602209
1731,1.60374971
1732,1.60374975
1733,1.61302248
1734,1.615
1735,1.6
1736,1.6000001
1737,1.60999997
1738,1.61
1739,1.59944004
1740,1.60799996
1741,1.58897109
1742,1.58714387
1743,1.56092329
1744,1.58714376
1745,1.57509071
1746,1.576
1747,1.58999952
1748,1.58999996
1749,1.59943986
1750,1.598
1751,1.59021965
1752,1.59
1753,1.59799996
1754,1.59789999
1755,1.59000001
1756,1.5899999
1757,1.575
1758,1.57393484
1759,1.57393485
1760,1.57021965
1761,1.57
1762,1.57
1763,1.57
1764,1.5666489
1765,1.55003001
1766,1.56582249
1767,1.55003001
1768,1.5533155
1769,1.56
1770,1.55001001
1771,1.55001002
1772,1.559
1773,1.55
1774,1.55
1775,1.55000003
1776,1.561
1777,1.561
1778,1.564
1779,1.568
1780,1.551261
1781,1.57869834
1782,1.56220001
1783,1.56877536
1784,1.56119565
1785,1.56119565
1786,1.55000008
1787,1.55120012
1788,1.55999
1789,1.55
1790,1.55
1791,1.54
1792,1.5448759
1793,1.5448759
1794,1.54
1795,1.54
1796,1.54
1797,1.5415785
1798,1.539496
1799,1.53400003
1800,1.54
1801,1.534
1802,1.53398997
1803,1.519
1804,1.525
1805,1.525
1806,1.519
1807,1.51279141
1808,1.51899999
1809,1.519739
1810,1.51899999
1811,1.51899999
1812,1.51899999
1813,1.5197609
1814,1.52051698
1815,1.5326831
1816,1.53268314
1817,1.53874571
1818,1.53421581
1819,1.54000002
1820,1.55
1821,1.55000003
1822,1.55000003
1823,1.55724546
1824,1.56893682
1825,1.55724542
1826,1.56
1827,1.54255041
1828,1.54724542
1829,1.54255041
1830,1.53421582
1831,1.53301001
1832,1.53301001
1833,1.54
1834,1.54
1835,1.54
1836,1.54699877
1837,1.54724542
1838,1.54699878
1839,1.56
1840,1.58917753
1841,1.55600003
1842,1.55611003
1843,1.56001
1844,1.57604897
1845,1.58917746
1846,1.59
1847,1.57604902
1848,1.5891774
1849,1.5740243
1850,1.5717746
1851,1.55611
1852,1.55399709
1853,1.55611
1854,1.55
1855,1.55927433
1856,1.56
1857,1.56674183
1858,1.56674183
1859,1.56674183
1860,1.57
1861,1.57
1862,1.57177456
1863,1.575
1864,1.578
1865,1.586
1866,1.586
1867,1.58885145
1868,1.578
1869,1.57613006
1870,1.58
1871,1.57001207
1872,1.57
1873,1.57
1874,1.57998986
1875,1.57756721
1876,1.58297366
1877,1.5891774
1878,1.5891774
1879,1.6
1880,1.6
1881,1.6
1882,1.601
1883,1.60178409
1884,1.60178409
1885,1.6
1886,1.59300003
1887,1.59010102
1888,1.59499999
1889,1.598
1890,1.6
1891,1.602459
1892,1.59749337
1893,1.60773903
1894,1.60412499
1895,1.6077391
1896,1.6077391
1897,1.6077391
1898,1.60773905
1899,1.59990003
1900,1.59929801
1901,1.59929801
1902,1.6
1903,1.59000021
1904,1.59
1905,1.59398496
1906,1.59000003
1907,1.59000003
1908,1.59
1909,1.59
1910,1.58999897
1911,1.59210009
1912,1.59210012
1913,1.58999897
1914,1.59210012
1915,1.59210009
1916,1.59210012
1917,1.59210012
1918,1.5921001
1919,1.5917
1920,1.583
1921,1.58210012
1922,1.58154379
1923,1.58999979
1924,1.57613006
1925,1.565
1926,1.565
1927,1.565
1928,1.566565
1929,1.56999999
1930,1.56999996
1931,1.561
1932,1.56999996
1933,1.57
1934,1.56999985
1935,1.5649999
1936,1.55950657
1937,1.55000004
1938,1.56499983
1939,1.56499983
1940,1.5663
1941,1.566
1942,1.56629988
1943,1.56629983
1944,1.55846839
1945,1.559
1946,1.559
1947,1.559
1948,1.559
1949,1.559
1950,1.566
1951,1.566
1952,1.562
1953,1.562
1954,1.56
1955,1.5597
1956,1.556
1957,1.54871238
1958,1.54871239
1959,1.54871239
1960,1.54871239
1961,1.54871239
1962,1.548
1963,1.548
1964,1.548
1965,1.54100002
1966,1.54100002
1967,1.54
1968,1.54026
1969,1.538747
1970,1.511141
1971,1.511151
1972,1.51115109
1973,1.512
1974,1.52627802
1975,1.52627718
1976,1.52627794
1977,1.52700003
1978,1.533864
1979,1.53848833
1980,1.54
1981,1.54001007
1982,1.55504016
1983,1.55504019
1984,1.55504019
1985,1.55
1986,1.55
1987,1.54611878
1988,1.55447189
1989,1.54329418
1990,1.54329417
1991,1.54329408
1992,1.54
1993,1.5389
1994,1.53065759
1995,1.52627794
1996,1.53668987
1997,1.52286004
1998,1.53497992
1999,1.53497992
2000,1.51700001
2001,1.525
2002,1.518
2003,1.518
2004,1.517
2005,1.517
2006,1.511
2007,1.51100001
2008,1.52
2009,1.52360205
2010,1.5298
2011,1.5298
2012,1.5298
2013,1.52370004
2014,1.53399999
2015,1.534
2016,1.5347924
2017,1.5347924
2018,1.53497997
2019,1.53497997
2020,1.53971418
2021,1.5347924
2022,1.53279095
2023,1.53279095
2024,1.53279095
2025,1.54
2026,1.539714
2027,1.539714
2028,1.53999998
2029,1.53279091
2030,1.53279091
2031,1.53279091
2032,1.5240001
2033,1.53999952
2034,1.53999944
2035,1.53999944
2036,1.5399987
2037,1.5399987
2038,1.53999878
2039,1.53999878
2040,1.53999878
2041,1.54
2042,1.54246112
2043,1.54246113
2044,1.54246113
2045,1.55
2046,1.56
2047,1.56
2048,1.5661919
2049,1.56619189
2050,1.57794997
2051,1.57793996
2052,1.57794997
2053,1.56790401
2054,1.58481184
2055,1.55759956
2056,1.57211967
2057,1.56000019
2058,1.57157081
2059,1.56000019
2060,1.56000019
2061,1.5709999
2062,1.56
2063,1.56
2064,1.56
2065,1.56000001
2066,1.54300775
2067,1.54300775
2068,1.55
2069,1.54300783
2070,1.54310004
2071,1.55999891
2072,1.55
2073,1.5599988
2074,1.56000001
2075,1.55000005
2076,1.55000005
2077,1.56898315
2078,1.56898315
2079,1.57
2080,1.55111989
2081,1.56898315
2082,1.5733582
2083,1.56898317
2084,1.573
2085,1.575
2086,1.5787199
2087,1.57871977
2088,1.57871977
2089,1.57871977
2090,1.57871977
2091,1.57871977
2092,1.57799992
2093,1.57799992
2094,1.57799979
2095,1.57005426
2096,1.57005426
2097,1.57005424
2098,1.57005424
2099,1.57005424
2100,1.56898318
2101,1.57
2102,1.57005424
2103,1.57499997
2104,1.57999998
2105,1.57999998
2106,1.57999998
2107,1.57999995
2108,1.57999995
2109,1.58
2110,1.57998
2111,1.5813753
2112,1.58
2113,1.58137527
2114,1.57
2115,1.57
2116,1.56999999
2117,1.56
2118,1.55250003
2119,1.55250003
2120,1.56979393
2121,1.56979393
2122,1.56899999
2123,1.56899999
2124,1.56899991
2125,1.56899991
2126,1.56
2127,1.55440286
2128,1.55440286
2129,1.55440286
2130,1.555
2131,1.55999996
2132,1.555
2133,1.555
2134,1.555
2135,1.555
2136,1.555
2137,1.553
2138,1.56333657
2139,1.56333646
2140,1.55528464
2141,1.55528464
2142,1.55528455
2143,1.55528455
2144,1.56667948
2145,1.56667948
2146,1.56667948
2147,1.55717467
2148,1.55717464
2149,1.55717464
2150,1.55717461
2151,1.54300764
2152,1.54300764
2153,1.55717464
2154,1.55717464
2155,1.56667673
2156,1.56667673
2157,1.56
2158,1.56
2159,1.56
2160,1.56
2161,1.56
2162,1.56
2163,1.56
2164,1.55999997
2165,1.55999997
2166,1.55999997
2167,1.56667305
2168,1.56667305
2169,1.56667305
2170,1.56667305
2171,1.56667305
2172,1.56667848
2173,1.5666805
2174,1.56667848
2175,1.5666805
2176,1.5666805
2177,1.569
2178,1.5736
2179,1.569
2180,1.53000001
2181,1.57359974
2182,1.57359974
2183,1.57083492
2184,1.57359816
2185,1.57359812
2186,1.57359812
2187,1.57359812
2188,1.57359812
2189,1.57359812
2190,1.57359177
2191,1.57359177
2192,1.57359174
2193,1.57359174
2194,1.57
2195,1.57359174
2196,1.57359174
2197,1.57
2198,1.56359174
2199,1.56359174
2200,1.5599
2201,1.5599
2202,1.5599
2203,1.5599
2204,1.55500008
2205,1.5599
2206,1.55500008
2207,1.55500008
2208,1.55500024
2209,1.56122009
2210,1.5612
2211,1.5612
2212,1.55990001
2213,1.55
2214,1.55
2215,1.55
2216,1.55
2217,1.55331549
2218,1.55
2219,1.55
2220,1.54097454
2221,1.54097454
2222,1.53000271
2223,1.53000001
2224,1.53000001
2225,1.53000271
2226,1.54416809
2227,1.54416727
2228,1.53000091
2229,1.53000091
2230,1.55
2231,1.54999851
2232,1.54999928
2233,1.54999925
2234,1.55000003
2235,1.55000003
2236,1.54999997
2237,1.5533155
2238,1.5533155
2239,1.55000004
2240,1.5561325
2241,1.5561325
2242,1.5561325
2243,1.55619851
2244,1.5561325
2245,1.5561325
2246,1.5561325
2247,1.55947088
2248,1.55947088
2249,1.56287795
2250,1.56667637
2251,1.55700008
2252,1.56823681
2253,1.56823681
2254,1.56823681
2255,1.56999999
2256,1.56714488
2257,1.56714488
2258,1.56714488
2259,1.56100002
2260,1.56714488
2261,1.56714488
2262,1.56714488
2263,1.56714488
2264,1.562234
2265,1.562234
2266,1.562234
2267,1.57
2268,1.56521793
2269,1.56130003
2270,1.56130003
2271,1.56130003
2272,1.55613257
2273,1.56469991
2274,1.56299995
2275,1.56299995
2276,1.56299995
2277,1.56050108
2278,1.56299998
2279,1.56050108
2280,1.56050108
2281,1.5647
2282,1.5647
2283,1.5647
2284,1.5647
2285,1.57402347
2286,1.57402347
2287,1.5799999
2288,1.5799999
2289,1.57559175
2290,1.57559175
2291,1.5799999
2292,1.57999999
2293,1.57999999
2294,1.58
2295,1.58
2296,1.58
2297,1.56900022
2298,1.56900029
2299,1.56900029
2300,1.571
2301,1.571
2302,1.57000002
2303,1.57996959
2304,1.58
2305,1.58
2306,1.58
2307,1.58
2308,1.58
2309,1.58
2310,1.58
2311,1.58
2312,1.57201014
2313,1.581
2314,1.5833796
2315,1.5833796
2316,1.581
2317,1.58608703
2318,1.58362498
2319,1.58362498
2320,1.59100001
2321,1.596
2322,1.59000001
2323,1.59799999
2324,1.59799998
2325,1.597
2326,1.58999997
2327,1.58660633
2328,1.589999
2329,1.58660637
2330,1.59
2331,1.59
2332,1.59762492
2333,1.59761426
2334,1.59761426
2335,1.6
2336,1.598
2337,1.598
2338,1.5989789
2339,1.5870011
2340,1.59999998
2341,1.59103137
2342,1.59103137
2343,1.59103137
2344,1.59103137
2345,1.599999
2346,1.59103011
2347,1.6
2348,1.6
2349,1.59999897
2350,1.59999897
2351,1.59999897
2352,1.599989
2353,1.59999988
2354,1.58
2355,1.58415782
2356,1.58000002
2357,1.58999992
2358,1.58999992
2359,1.58999992
2360,1.58899946
2361,1.58899946
2362,1.59146472
2363,1.59146472
2364,1.5934009
2365,1.59340093
2366,1.59340093
2367,1.6
2368,1.6
2369,1.6
2370,1.6
2371,1.6
2372,1.6008
2373,1.6008
2374,1.6008
2375,1.59294972
2376,1.60079992
2377,1.59294965
2378,1.60091645
2379,1.59270003
2380,1.59270003
2381,1.60112699
2382,1.60112699
2383,1.60112699
2384,1.60112694
2385,1.60112694
2386,1.60112694
2387,1.59312139
2388,1.59312139
2389,1.60407582
2390,1.59312147
2391,1.6034223
2392,1.57762551
2393,1.57390786
2394,1.59279469
2395,1.59279469
2396,1.5927936
2397,1.5927936
2398,1.58858428
2399,1.59279472
2400,1.59279475
2401,1.60112702
2402,1.60675044
2403,1.59284372
2404,1.60675041
2405,1.60675044
2406,1.60675044
2407,1.60675042
2408,1.60675042
2409,1.60675042
2410,1.60675042
2411,1.60675042
2412,1.60100005
2413,1.60100005
2414,1.60675042
2415,1.61400003
2416,1.61409895
2417,1.62452725
2418,1.62701973
2419,1.63107151
2420,1.63107151
2421,1.64
2422,1.64221269
2423,1.64221269
2424,1.65201967
2425,1.65201967
2426,1.6422127
2427,1.65
2428,1.62701973
2429,1.62431829
2430,1.6399798
2431,1.61429523
2432,1.61429523
2433,1.63000001
2434,1.64
2435,1.64
2436,1.63799915
2437,1.64299847
2438,1.62596974
2439,1.62596974
2440,1.62596974
2441,1.62596974
2442,1.62596974
2443,1.61600006
2444,1.62596972
2445,1.6210846
2446,1.61600009
2447,1.6259696
2448,1.62596965
2449,1.625
2450,1.62596964
2451,1.62596974
2452,1.62596974
2453,1.62400003
2454,1.62400003
2455,1.626
2456,1.624
2457,1.62400003
2458,1.624
2459,1.624
2460,1.626
2461,1.626
2462,1.61600009
2463,1.62999996
2464,1.62599988
2465,1.61448915
2466,1.62598983
2467,1.62598983
2468,1.62598983
2469,1.624
2470,1.624
2471,1.624
2472,1.62329666
2473,1.62198646
2474,1.62301973
2475,1.61920445
2476,1.61920445
2477,1.624
2478,1.624
2479,1.624
2480,1.62329666
2481,1.615
2482,1.625
2483,1.63539197
2484,1.63539001
2485,1.63538994
2486,1.62980891
2487,1.62980891
2488,1.62754825
2489,1.62754825
2490,1.62838119
2491,1.62838119
2492,1.62838115
2493,1.62838115
2494,1.62980891
2495,1.62980891
2496,1.62980888
2497,1.62980888
2498,1.63539197
2499,1.63816515
2500,1.63816515
2501,1.63539197
2502,1.63539197
2503,1.63539197
2504,1.63539197
2505,1.635392
2506,1.635392
2507,1.63816519
2508,1.63816519
2509,1.6385
2510,1.63799999
2511,1.63
2512,1.63069634
2513,1.63
2514,1.63897243
2515,1.63897243
2516,1.6388901
2517,1.6388901
2518,1.6388901
2519,1.64
2520,1.63001028
2521,1.64299847
2522,1.645
2523,1.645
2524,1.645
2525,1.64738389
2526,1.65
2527,1.6511723
2528,1.65318701
2529,1.6535294
2530,1.65397965
2531,1.65397965
2532,1.65804013
2533,1.65397968
2534,1.65397968
2535,1.6653001
2536,1.66000004
2537,1.67399999
2538,1.67399999
2539,1.67399999
2540,1.674
2541,1.6759242
2542,1.67762597
2543,1.67
2544,1.67
2545,1.67
2546,1.655
2547,1.66304378
2548,1.655
2549,1.65385465
2550,1.64500004
2551,1.6528177
2552,1.645002
2553,1.64500204
2554,1.6518177
2555,1.6528177
2556,1.6528177
2557,1.6563531
2558,1.663
2559,1.6628177
2560,1.66304332
2561,1.66392364
2562,1.66304373
2563,1.66304373
2564,1.6628177
2565,1.66998992
2566,1.65337957
2567,1.65337956
2568,1.65337953
2569,1.65337949
2570,1.65337946
2571,1.65337946
2572,1.64500008
2573,1.65337956
2574,1.65337956
2575,1.65337956
2576,1.65751688
2577,1.65500001
2578,1.65500001
2579,1.65611
2580,1.66337955
2581,1.66337955
2582,1.66955808
2583,1.65385468
2584,1.6543
2585,1.65337949
2586,1.66165283
2587,1.63
2588,1.63999997
2589,1.64
2590,1.641409
2591,1.6364995
2592,1.62704334
2593,1.63000001
2594,1.60801013
2595,1.623
2596,1.60801014
2597,1.62399928
2598,1.6239992
2599,1.62399912
2600,1.61100004
2601,1.624
2602,1.62731617
2603,1.62399912
2604,1.62772416
2605,1.64140894
2606,1.64917127
2607,1.65
2608,1.64140902
2609,1.64140894
2610,1.64999997
2611,1.64140902
2612,1.6499998
2613,1.64999958
2614,1.64999958
2615,1.64997992
2616,1.64222647
2617,1.65
2618,1.65
2619,1.65
2620,1.64997992
2621,1.63222645
2622,1.64989011
2623,1.6482058
2624,1.64820576
2625,1.64820572
2626,1.64820568
2627,1.64820568
2628,1.64820491
2629,1.643
2630,1.643
2631,1.64529999
2632,1.64300018
2633,1.64529999
2634,1.64300037
2635,1.64300037
2636,1.64529999
2637,1.6453
2638,1.6453
2639,1.6453
2640,1.6453
2641,1.6453
2642,1.6358438
2643,1.64299843
2644,1.64299843
2645,1.64299843
2646,1.62731616
2647,1.62731615
2648,1.62731616
2649,1.620111
2650,1.62807058
2651,1.63171943
2652,1.63171943
2653,1.62
2654,1.62
2655,1.62
2656,1.62
2657,1.622
2658,1.622
2659,1.622
2660,1.6334866
2661,1.63100003
2662,1.631
2663,1.631
2664,1.631
2665,1.63099835
2666,1.63099835
2667,1.62999995
2668,1.62999987
2669,1.62999978
2670,1.62999978
2671,1.62999978
2672,1.62999333
2673,1.62999333
2674,1.62999333
2675,1.62999333
2676,1.62999978
2677,1.62999978
2678,1.63
2679,1.62999998
2680,1.6188
2681,1.6188
2682,1.62184333
2683,1.62184336
2684,1.62184336
2685,1.62184336
2686,1.62184336
2687,1.622845
2688,1.631
2689,1.62184426
2690,1.63098
2691,1.63
2692,1.63098983
2693,1.63098983
2694,1.63098979
2695,1.6309898
2696,1.6309898
2697,1.63098
2698,1.63098
2699,1.63098
2700,1.63098
2701,1.63098
2702,1.63098
2703,1.63098
2704,1.63098
2705,1.62307068
2706,1.62307068
2707,1.62307075
2708,1.631
2709,1.631
2710,1.63100003
2711,1.63100003
2712,1.6334865
2713,1.6334865
2714,1.6334865
2715,1.6334865
2716,1.63853365
2717,1.63853365
2718,1.63853365
2719,1.63853365
2720,1.63853365
2721,1.63849684
2722,1.63999999
2723,1.63999999
2724,1.63999999
2725,1.63999999
2726,1.63999999
2727,1.63999999
2728,1.63999999
2729,1.63
2730,1.63000007
2731,1.63000012
2732,1.63000016
2733,1.63000016
2734,1.63000016
2735,1.63000016
2736,1.63000016
2737,1.63674626
2738,1.63674625
2739,1.63674625
2740,1.63674625
2741,1.63674625
2742,1.63674625
2743,1.63674625
2744,1.63674625
2745,1.63674625
2746,1.63674614
2747,1.63674614
2748,1.63674614
2749,1.629
2750,1.629
2751,1.63674613
2752,1.63674613
2753,1.629
2754,1.629
2755,1.61983542
2756,1.6301242
2757,1.61983541
2758,1.616
2759,1.61
2760,1.61
2761,1.61599999
2762,1.616
2763,1.62999955
2764,1.62999955
2765,1.62999955
2766,1.62999955
2767,1.61599999
2768,1.61600001
2769,1.61600001
2770,1.61125999
2771,1.61600001
2772,1.61125998
2773,1.6081
2774,1.60799333
2775,1.60797301
2776,1.6
2777,1.59949068
2778,1.60797296
2779,1.60797225
2780,1.59341168
2781,1.59341168
2782,1.59341176
2783,1.59500508
2784,1.59500508
2785,1.59500508
2786,1.59286
2787,1.59345142
2788,1.59500505
2789,1.59500504
2790,1.589
2791,1.589
2792,1.589
2793,1.583
2794,1.58
2795,1.57999999
2796,1.57696841
2797,1.57696841
2798,1.57999999
2799,1.58
2800,1.58
2801,1.58
2802,1.58
2803,1.58
2804,1.58099204
2805,1.57596962
2806,1.5876612
2807,1.59175225
2808,1.59239889
2809,1.59239889
2810,1.59239889
2811,1.59239889
2812,1.58177434
2813,1.58177434
2814,1.58177434
2815,1.58177434
2816,1.59433083
2817,1.592399
2818,1.592399
2819,1.59747823
2820,1.59747823
2821,1.592
2822,1.592
2823,1.592
2824,1.592
2825,1.592
2826,1.592
2827,1.592
2828,1.58500103
2829,1.58500103
2830,1.592
2831,1.592
2832,1.592
2833,1.592
2834,1.592
2835,1.59
2836,1.59
2837,1.58500162
2838,1.593
2839,1.58500159
2840,1.58500159
2841,1.58500159
2842,1.59747659
2843,1.5974779
2844,1.5974779
2845,1.5974779
2846,1.5974779
2847,1.59747825
2848,1.59747825
2849,1.59747825
2850,1.5984168
2851,1.5984168
2852,1.6003609
2853,1.5984168
2854,1.6003609
2855,1.6003609
2856,1.59900003
2857,1.6035
2858,1.6035
2859,1.61140402
2860,1.61140402
2861,1.599
2862,1.59900001
2863,1.59899999
2864,1.59412082
2865,1.59411091
2866,1.59411091
2867,1.59812727
2868,1.59812727
2869,1.59222786
2870,1.59222786
2871,1.59222791
2872,1.59222792
2873,1.59222792
2874,1.5922
2875,1.58592812
2876,1.59812716
2877,1.59812716
2878,1.59812716
2879,1.581583
2880,1.581583
2881,1.57202015
2882,1.58316458
2883,1.57202016
2884,1.57202016
2885,1.57202015
2886,1.57
2887,1.57
2888,1.56999997
2889,1.57127641
2890,1.57127641
2891,1.57157
2892,1.57157
2893,1.57202015
2894,1.57202015
2895,1.57202015
2896,1.57202015
2897,1.57202066
2898,1.57202066
2899,1.57390691
2900,1.57390691
2901,1.57041673
2902,1.57041673
2903,1.5752273
2904,1.5752273
2905,1.5752273
2906,1.57390691
2907,1.573906
2908,1.573906
2909,1.58371285
2910,1.575
2911,1.575
2912,1.575
2913,1.575
2914,1.58660124
2915,1.58660124
2916,1.58371228
2917,1.57696849
2918,1.58660123
2919,1.5752273
2920,1.5752273
2921,1.57010012
2922,1.5752273
2923,1.5752273
2924,1.5752273
2925,1.5752273
2926,1.5752273
2927,1.5752273
2928,1.5752273
2929,1.5752273
2930,1.57010003
2931,1.57010003
2932,1.5701
2933,1.56982753
2934,1.57
2935,1.56889999
2936,1.5686648
2937,1.5686648
2938,1.5686648
2939,1.56843885
2940,1.56843885
2941,1.5686648
2942,1.56982757
2943,1.56982757
2944,1.56982768
2945,1.56982768
2946,1.56982768
2947,1.5734585
2948,1.5734585
2949,1.5734585
2950,1.5785967
2951,1.58000004
2952,1.58500006
2953,1.59
2954,1.59681567
2955,1.59681567
2956,1.59
2957,1.59928481
2958,1.59928482
2959,1.58728573
2960,1.58728573
2961,1.6015456
2962,1.6015456
2963,1.6015456
2964,1.6015456
2965,1.6015456
2966,1.6015456
2967,1.6015456
2968,1.60154473
2969,1.60154473
2970,1.60154473
2971,1.60154473
2972,1.60154559
2973,1.60154559
2974,1.60154559
2975,1.60154559
2976,1.60154428
2977,1.60154426
2978,1.60154426
2979,1.60154426
2980,1.60154426
2981,1.60154426
2982,1.60154426
2983,1.59000006
2984,1.59000006
2985,1.59999993
2986,1.59999993
2987,1.59999971
2988,1.59999954
2989,1.59
2990,1.59899993
2991,1.59899993
2992,1.59899993
2993,1.59899977
2994,1.59699991
2995,1.59699991
2996,1.58
2997,1.59399993
2998,1.59399993
2999,1.592
3000,1.592
3001,1.592
3002,1.592
3003,1.5937622
3004,1.5937622
3005,1.59
3006,1.58000161
3007,1.58000161
3008,1.58000161
3009,1.59490676
3010,1.59490676
3011,1.59490676
3012,1.59490676
3013,1.59490676
3014,1.59490582
3015,1.59490578
3016,1.59490578
3017,1.59490578
3018,1.59490578
3019,1.59490578
3020,1.59490578
3021,1.58932257
3022,1.58932257
3023,1.58932257
3024,1.58932257
3025,1.58932257
3026,1.58932257
3027,1.58932257
3028,1.59489983
3029,1.59489983
3030,1.59489997
3031,1.5949
3032,1.5949
3033,1.59831827
3034,1.59831826
3035,1.59831826
3036,1.59831826
3037,1.59831826
3038,1.59831826
3039,1.59831826
3040,1.59032667
3041,1.59032667
3042,1.59032667
3043,1.59032667
3044,1.59000005
3045,1.59000004
3046,1.59000004
3047,1.59000004
3048,1.59000004
3049,1.59000001
3050,1.59000001
3051,1.59000001
3052,1.59000001
3053,1.58692742
3054,1.59000001
3055,1.59000003
3056,1.59000004
3057,1.59000004
3058,1.59000001
3059,1.59000001
3060,1.5869255
3061,1.5869255
3062,1.5859303
3063,1.58999978
3064,1.5859303
3065,1.58593021
3066,1.58593017
3067,1.58593016
3068,1.58593016
3069,1.58593016
3070,1.58364004
3071,1.57800083
3072,1.58
3073,1.58
3074,1.58
3075,1.58
3076,1.58
3077,1.58
3078,1.58
3079,1.58
3080,1.58
3081,1.58136675
3082,1.5766276
3083,1.58136675
3084,1.57523
3085,1.57523
3086,1.57523
3087,1.57523
3088,1.58
3089,1.58
3090,1.58603097
3091,1.58603097
3092,1.58603097
3093,1.5860308
3094,1.58
3095,1.58
3096,1.58
3097,1.58
3098,1.58
3099,1.58
3100,1.58
3101,1.58
3102,1.58
3103,1.58
3104,1.58
3105,1.57177473
3106,1.57177473
3107,1.57177473
3108,1.57
3109,1.57999968
3110,1.57999968
3111,1.57999968
3112,1.57367961
3113,1.57367961
3114,1.57367961
3115,1.57367958
3116,1.57
3117,1.57367953
3118,1.57367953
3119,1.57367953
3120,1.5736795
3121,1.5736795
3122,1.572
3123,1.572
3124,1.572
3125,1.572
3126,1.572
3127,1.56469996
3128,1.56469996
3129,1.56626466
3130,1.57200125
3131,1.5649
3132,1.57200107
3133,1.57200103
3134,1.57200103
3135,1.57200091
3136,1.57200091
3137,1.57200091
3138,1.57199991
3139,1.57199991
3140,1.572
3141,1.572
3142,1.572
3143,1.572
3144,1.572
3145,1.57199999
3146,1.57199999
3147,1.57199999
3148,1.57199999
3149,1.57199999
3150,1.565
3151,1.565
3152,1.565
3153,1.565
3154,1.57199969
3155,1.5735
3156,1.5735
3157,1.5735
3158,1.5735
3159,1.56503039
3160,1.56503039
3161,1.5735
3162,1.5735
3163,1.5735
3164,1.5735
3165,1.5735
3166,1.5735
3167,1.5735
3168,1.5735
3169,1.57683967
3170,1.57683967
3171,1.5787947
3172,1.5787947
3173,1.5787947
3174,1.5787947
3175,1.5787947
3176,1.5787947
3177,1.57683964
3178,1.576
3179,1.57879478
3180,1.57879478
3181,1.57879478
3182,1.57879478
3183,1.5747947
3184,1.576
3185,1.576
3186,1.57479481
3187,1.57479481
3188,1.57479465
3189,1.57479465
3190,1.57683965
3191,1.57350003
3192,1.57247949
3193,1.57247946
3194,1.57247946
3195,1.57683945
3196,1.56469997
3197,1.56469997
3198,1.56469997
3199,1.56419299
3200,1.56896304
3201,1.56896304
3202,1.56896304
3203,1.56896304
3204,1.56896277
3205,1.56896277
3206,1.56896277
3207,1.56896268
3208,1.56896268
3209,1.56896268
3210,1.56896268
3211,1.56896268
3212,1.56896268
3213,1.56896292
3214,1.56021314
3215,1.56021311
3216,1.56021313
3217,1.56896292
3218,1.5602131
3219,1.5602131
3220,1.5602131
3221,1.556
3222,1.556
3223,1.556
3224,1.556
3225,1.55316459
3226,1.55316459
3227,1.55316459
3228,1.55471775
3229,1.556
3230,1.55937726
3231,1.55937726
3232,1.55937726
3233,1.5593772
3234,1.5593772
3235,1.55937723
3236,1.555
3237,1.55688303
3238,1.55316458
3239,1.55316458
3240,1.55316458
3241,1.55
3242,1.55050043
3243,1.55050043
3244,1.55050043
3245,1.55
3246,1.55001001
3247,1.55001001
3248,1.55001001
3249,1.56471703
3250,1.56471703
3251,1.56471703
3252,1.56471703
3253,1.56471699
3254,1.56471722
3255,1.56471722
3256,1.56471722
3257,1.56471722
3258,1.56471722
3259,1.56471722
3260,1.56471722
3261,1.56471722
3262,1.56471722
3263,1.56471722
3264,1.56471722
3265,1.56471722
3266,1.56471722
3267,1.56471722
3268,1.56715553
3269,1.56896309
3270,1.57034598
3271,1.57629653
3272,1.57999997
3273,1.58999998
3274,1.59000004
3275,1.6
3276,1.59999996
3277,1.59999996
3278,1.596
3279,1.59496369
3280,1.59496367
3281,1.59
3282,1.58001338
3283,1.58001338
3284,1.58001356
3285,1.58999992
3286,1.58999992
3287,1.59837513
3288,1.59837513
3289,1.59837513
3290,1.59837513
3291,1.59637004
3292,1.5983213
3293,1.598
3294,1.59832129
3295,1.5902
3296,1.59832127
3297,1.59832127
3298,1.59832127
3299,1.59832127
3300,1.5902
3301,1.59020001
3302,1.5902
3303,1.58000018
3304,1.59019989
3305,1.582249
3306,1.58999997
3307,1.58999997
3308,1.58224897
3309,1.58999983
3310,1.58224896
3311,1.58224897
3312,1.58
3313,1.58224881
3314,1.58224881
3315,1.57799999
3316,1.57799999
3317,1.57799999
3318,1.57799999
3319,1.57799999
3320,1.5723187
3321,1.58
3322,1.58
3323,1.57999997
3324,1.58
3325,1.58
3326,1.580158
3327,1.580158
3328,1.580158
3329,1.580158
3330,1.580158
3331,1.57999983
3332,1.57999999
3333,1.58
3334,1.58
3335,1.58
3336,1.574
3337,1.574
3338,1.574
3339,1.57999979
3340,1.57999979
3341,1.57999979
3342,1.57999979
3343,1.57999979
3344,1.58
3345,1.58
3346,1.58
3347,1.58
3348,1.58
3349,1.58
3350,1.58224896
3351,1.58224896
3352,1.58224896
3353,1.5799998
3354,1.57999979
3355,1.57999979
3356,1.58
3357,1.58
3358,1.58
3359,1.57233964
3360,1.57233964
3361,1.58
3362,1.58000001
3363,1.58000001
3364,1.58000001
3365,1.57999986
3366,1.57999986
3367,1.57999986
3368,1.57899988
3369,1.57899987
3370,1.57899987
3371,1.57899987
3372,1.57899987
3373,1.57899995
3374,1.57231871
3375,1.57231871
3376,1.57231871
3377,1.57231871
3378,1.579
3379,1.579
3380,1.579
3381,1.579
3382,1.579
3383,1.57899999
3384,1.57899999
3385,1.57899999
3386,1.57899999
3387,1.579
3388,1.579
3389,1.57899999
3390,1.57899999
3391,1.57899999
3392,1.579
3393,1.579
3394,1.579
3395,1.579
3396,1.579
3397,1.579
3398,1.579
3399,1.579
3400,1.579
3401,1.58224897
3402,1.58224897
3403,1.58224897
3404,1.58224897
3405,1.5800007
3406,1.58224897
3407,1.58224898
3408,1.58224897
3409,1.5874176
3410,1.58224902
3411,1.58224899
3412,1.59018999
3413,1.59019996
3414,1.5908131
3415,1.59344344
3416,1.59344344
3417,1.59344344
3418,1.59344344
3419,1.59344349
3420,1.59344343
3421,1.5934435
3422,1.5942158
3423,1.59344354
3424,1.59345354
3425,1.59832116
3426,1.59832116
3427,1.59346365
3428,1.59346365
3429,1.59346372
3430,1.59346372
3431,1.59832115
3432,1.59832115
3433,1.59832115
3434,1.59832115
3435,1.59832115
3436,1.59832115
3437,1.59832115
3438,1.58832118
3439,1.58832115
3440,1.58832115
3441,1.58832115
3442,1.58832115
3443,1.59832091
3444,1.59832091
3445,1.59832091
3446,1.584931
3447,1.58238217
3448,1.58238315
3449,1.5823775
3450,1.58250004
3451,1.58250004
3452,1.58250004
3453,1.58
3454,1.58
3455,1.58
3456,1.57959293
3457,1.57959293
3458,1.57959293
3459,1.57952606
3460,1.57952603
3461,1.57952603
3462,1.57952603
3463,1.57942155
3464,1.57942155
3465,1.57942155
3466,1.57900007
3467,1.57942148
3468,1.57900007
3469,1.579
3470,1.579
3471,1.5699999
3472,1.56980789
3473,1.56980792
3474,1.56896309
3475,1.56896309
3476,1.56896309
3477,1.56896309
3478,1.56896309
3479,1.56896309
3480,1.56896309
3481,1.56094763
3482,1.56094763
3483,1.56094763
3484,1.56094763
3485,1.57899411
3486,1.57899411
3487,1.57899411
3488,1.57899101
3489,1.57898969
3490,1.57898969
3491,1.57898915
3492,1.57898772
3493,1.571094
3494,1.571094
3495,1.571094
3496,1.571094
3497,1.571094
3498,1.571094
3499,1.57109405
3500,1.57109405
3501,1.57899435
3502,1.57899435
3503,1.57899435
3504,1.57899435
3505,1.57109934
3506,1.57109934
3507,1.56171104
3508,1.56171104
3509,1.57899436
3510,1.57899436
3511,1.57899436
3512,1.57899436
3513,1.57899436
3514,1.57899436
3515,1.57899436
3516,1.57899159
3517,1.57899159
3518,1.57899159
3519,1.57899159
3520,1.57898955
3521,1.5789889
3522,1.5789889
3523,1.5789889
3524,1.5789889
3525,1.5789889
3526,1.5789889
3527,1.57109225
3528,1.57109225
3529,1.57109225
3530,1.57109225
3531,1.57109225
3532,1.57109225
3533,1.57898472
3534,1.57898461
3535,1.572
3536,1.572
3537,1.57898367
3538,1.57898295
3539,1.57898295
3540,1.57898295
3541,1.57898235
3542,1.57898235
3543,1.57898235
3544,1.57898235
3545,1.57898235
3546,1.57898235
3547,1.57898235
3548,1.57310897
3549,1.57898962
3550,1.57898962
3551,1.57898962
3552,1.57898963
3553,1.57899436
3554,1.57899436
3555,1.5823652
3556,1.5823652
3557,1.5823652
3558,1.583
3559,1.58236521
3560,1.58236521
3561,1.58493095
3562,1.585
3563,1.57898969
3564,1.57898962
3565,1.57898962
3566,1.57898962
3567,1.57898962
3568,1.579
3569,1.57898965
3570,1.57000001
3571,1.57898959
3572,1.57000002
3573,1.57000002
3574,1.579
3575,1.57
3576,1.57
3577,1.57
3578,1.57
3579,1.57
3580,1.58172491
3581,1.58172491
3582,1.58172491
3583,1.57
3584,1.57
3585,1.58172463
3586,1.58172463
3587,1.58172463
3588,1.58172463
3589,1.58172463
3590,1.58
3591,1.58
3592,1.58
3593,1.58
3594,1.58
3595,1.58
3596,1.58
3597,1.58
3598,1.575
3599,1.575
3600,1.575
3601,1.575
3602,1.575
3603,1.575
3604,1.575
3605,1.58510808
3606,1.58510808
3607,1.58489993
3608,1.58489993
3609,1.58489993
3610,1.58489979
3611,1.58489979
3612,1.58489979
3613,1.58489979
3614,1.58489958
3615,1.58489958
3616,1.58489958
3617,1.58
3618,1.58
3619,1.58
3620,1.58
3621,1.58489988
3622,1.58489988
3623,1.5848999
3624,1.5848999
3625,1.58510807
3626,1.58510807
3627,1.58
3628,1.57697607
3629,1.57697611
3630,1.57697611
3631,1.58510801
3632,1.58510801
3633,1.58510801
3634,1.58489897
3635,1.58489887
3636,1.58489887
3637,1.58489883
3638,1.58489883
3639,1.57500013
3640,1.575
3641,1.58489869
3642,1.58489869
3643,1.58489869
3644,1.58489869
3645,1.575
3646,1.575
3647,1.575
3648,1.575
3649,1.575
3650,1.575
3651,1.575
3652,1.57598982
3653,1.57598982
3654,1.57598982
3655,1.57598982
3656,1.57598982
3657,1.57400249
3658,1.57409949
3659,1.574
3660,1.57
3661,1.56598982
3662,1.56598982
3663,1.57
3664,1.57
3665,1.57
3666,1.57
3667,1.57
3668,1.57
3669,1.57
3670,1.57
3671,1.57
3672,1.57
3673,1.57
3674,1.57
3675,1.57
3676,1.57
3677,1.57
3678,1.57
3679,1.57
3680,1.56608027
3681,1.56608027
3682,1.57
3683,1.57889997
3684,1.5789
3685,1.57889997
3686,1.5789
3687,1.5789
3688,1.5789
3689,1.5789
3690,1.58220996
3691,1.58220996
3692,1.58221
3693,1.584
3694,1.584
3695,1.58598982
3696,1.58598982
3697,1.58598982
3698,1.58598982
3699,1.58399998
3700,1.58399999
3701,1.584
3702,1.58400003
3703,1.58400003
3704,1.59534974
3705,1.58598988
3706,1.58598988
3707,1.59459896
3708,1.59459896
3709,1.59459896
3710,1.59459899
3711,1.59459899
3712,1.59459899
3713,1.59459899
3714,1.59459899
3715,1.59459899
3716,1.59459899
3717,1.59459899
3718,1.59459899
3719,1.59
3720,1.59534974
3721,1.59
3722,1.59
3723,1.59
3724,1.58999999
3725,1.58999999
3726,1.58737288
3727,1.58598982
3728,1.58729998
3729,1.58
3730,1.58
3731,1.58
3732,1.582
3733,1.582
3734,1.582
3735,1.582
3736,1.582
3737,1.57809384
3738,1.5906952
3739,1.5906952
3740,1.5906952
3741,1.58840098
3742,1.58840098
3743,1.58840098
3744,1.58840098
3745,1.58840098
3746,1.58840098
3747,1.58840098
3748,1.59179857
3749,1.59179857
3750,1.59179858
3751,1.59658725
3752,1.5917986
3753,1.5917986
3754,1.5917986
3755,1.5917986
3756,1.5917986
3757,1.5917986
3758,1.58383963
3759,1.58383963
3760,1.58383963
3761,1.58383963
3762,1.58383963
3763,1.58383962
3764,1.58383962
3765,1.58383962
3766,1.58383962
3767,1.58383962
3768,1.58383962
3769,1.58383962
3770,1.58383962
3771,1.59
3772,1.59660599
3773,1.59
3774,1.59
3775,1.59
3776,1.59
3777,1.59
3778,1.59
3779,1.59660599
3780,1.58384321
3781,1.58384321
3782,1.58384321
3783,1.58384321
3784,1.59660027
3785,1.592
3786,1.592
3787,1.592
3788,1.592
3789,1.592
3790,1.592
3791,1.59660027
3792,1.59660027
3793,1.58384143
3794,1.58384143
3795,1.58384143
3796,1.58384143
3797,1.58384143
3798,1.587025
3799,1.587025
3800,1.587025
3801,1.587025
3802,1.587025
3803,1.587025
3804,1.587025
3805,1.58500001
3806,1.59500001
3807,1.59500001
3808,1.5949999
3809,1.5949999
3810,1.5949999
3811,1.59499999
3812,1.58899999
3813,1.58383958
3814,1.595
3815,1.59499998
3816,1.59499998
3817,1.59499998
3818,1.59499998
3819,1.59499998
3820,1.58702497
3821,1.58702497
3822,1.58702497
3823,1.58
3824,1.58
3825,1.58
3826,1.58
3827,1.59349278
3828,1.57746877
3829,1.57746877
3830,1.57500139
3831,1.57
3832,1.57
3833,1.57
3834,1.57
3835,1.57000054
3836,1.57000054
3837,1.57
3838,1.57
3839,1.57000054
3840,1.57000054
3841,1.57000001
3842,1.57000001
3843,1.57000001
3844,1.57
3845,1.57
3846,1.57
3847,1.57
3848,1.57
3849,1.57
3850,1.57
3851,1.57000054
3852,1.57000054
3853,1.57000054
3854,1.57000054
3855,1.57000054
3856,1.57000054
3857,1.57000054
3858,1.57000054
3859,1.57000054
3860,1.57000054
3861,1.57000054
3862,1.57000054
3863,1.57000057
3864,1.5700006
3865,1.5700006
3866,1.5700006
3867,1.57
3868,1.56999999
3869,1.56999999
3870,1.56999999
3871,1.56999999
3872,1.57
3873,1.57
3874,1.57
3875,1.57
3876,1.57
3877,1.5700006
3878,1.5700006
3879,1.5700006
3880,1.5700006
3881,1.56600001
3882,1.56600001
3883,1.566
3884,1.566
3885,1.566
3886,1.566
3887,1.566
3888,1.57724045
3889,1.57724045
3890,1.57724045
3891,1.57724045
3892,1.57724045
3893,1.57724045
3894,1.57724045
3895,1.57724045
3896,1.57709979
3897,1.57709979
3898,1.57709968
3899,1.5770996
3900,1.5770996
3901,1.57709952
3902,1.57709952
3903,1.57709952
3904,1.57709952
3905,1.57709952
3906,1.57709952
3907,1.57709925
3908,1.57709925
3909,1.57709925
3910,1.57709925
3911,1.56921409
3912,1.566
3913,1.566
3914,1.566
3915,1.57499982
3916,1.57499982
3917,1.56598982
3918,1.5749997
3919,1.5749997
3920,1.56598982
3921,1.56232115
3922,1.56000056
3923,1.56000056
3924,1.5633374
3925,1.5633374
3926,1.5633374
3927,1.5633374
3928,1.5633374
3929,1.55346014
3930,1.55346014
3931,1.55346014
3932,1.5550136
3933,1.5550136
3934,1.5550136
3935,1.55346069
3936,1.55000007
3937,1.56122742
3938,1.55000005
3939,1.56122733
3940,1.56122727
3941,1.56122714
3942,1.56122709
3943,1.55
3944,1.54997995
3945,1.54999993
3946,1.54
3947,1.54899906
3948,1.54899905
3949,1.54899854
3950,1.54799992
3951,1.53500039
3952,1.53300002
3953,1.5411404
3954,1.54
3955,1.54
3956,1.54
3957,1.53300014
3958,1.53300014
3959,1.533
3960,1.53231514
3961,1.531
3962,1.53231511
3963,1.531
3964,1.53231513
3965,1.53231512
3966,1.53231512
3967,1.531
3968,1.53
3969,1.53
3970,1.53
3971,1.52927248
3972,1.5292
3973,1.526295
3974,1.52
3975,1.51899854
3976,1.5166
3977,1.51899854
3978,1.516
3979,1.515
3980,1.515
3981,1.51489967
3982,1.51471775
3983,1.51471775
3984,1.51899854
3985,1.51240004
3986,1.514
3987,1.514
3988,1.514
3989,1.514
3990,1.51240019
3991,1.50831597
3992,1.5124001
3993,1.5124001
3994,1.51240013
3995,1.52
3996,1.5083161
3997,1.5083161
3998,1.52364956
3999,1.52364956
4000,1.514
4001,1.51999996
4002,1.50832601
4003,1.51
4004,1.51
4005,1.50822489
4006,1.5015
4007,1.50791557
4008,1.50150006
4009,1.5015
4010,1.495
4011,1.49649497
4012,1.49649497
4013,1.496495
4014,1.49649497
4015,1.49649497
4016,1.49229999
4017,1.492
4018,1.492
4019,1.49543186
4020,1.49
4021,1.48999997
4022,1.48200009
4023,1.49
4024,1.48200012
4025,1.482
4026,1.48201008
4027,1.49
4028,1.49199997
4029,1.49199997
4030,1.48454
4031,1.49
4032,1.49197992
4033,1.49196984
4034,1.49194977
4035,1.48454
4036,1.48194981
4037,1.48101886
4038,1.48101886
4039,1.48101882
4040,1.4718568
4041,1.47091967
4042,1.47
4043,1.4661736
4044,1.46999997
4045,1.46
4046,1.46
4047,1.45220363
4048,1.45220365
4049,1.46499995
4050,1.46499995
4051,1.46
4052,1.45220364
4053,1.45221364
4054,1.45220369
4055,1.4483
4056,1.4379092
4057,1.4379092
4058,1.43
4059,1.43678856
4060,1.43
4061,1.42100001
4062,1.43677988
4063,1.421
4064,1.44
4065,1.44392853
4066,1.45
4067,1.45
4068,1.44500005
4069,1.45570014
4070,1.44700001
4071,1.45224523
4072,1.45224523
4073,1.45570014
4074,1.456
4075,1.46132175
4076,1.46
4077,1.46132176
4078,1.45000003
4079,1.45000003
4080,1.45
4081,1.45
4082,1.45000002
4083,1.44700001
4084,1.44003132
4085,1.45
4086,1.4379
4087,1.4379
4088,1.43572415
4089,1.43572415
4090,1.43572414
4091,1.43
4092,1.43
4093,1.42999995
4094,1.42999991
4095,1.41
4096,1.413
4097,1.413
4098,1.41464323
4099,1.40501899
4100,1.4
4101,1.4
4102,1.39779286
4103,1.39500001
4104,1.38818046
4105,1.38818045
4106,1.38402838
4107,1.38818046
4108,1.38
4109,1.37590008
4110,1.37590001
4111,1.36000005
4112,1.36000008
4113,1.37599993
4114,1.38
4115,1.365
4116,1.36999996
4117,1.37
4118,1.37000003
4119,1.361
4120,1.37684996
4121,1.37137015
4122,1.37499996
4123,1.37499995
4124,1.39294797
4125,1.385
4126,1.39
4127,1.39405067
4128,1.4
4129,1.39997997
4130,1.39294797
4131,1.39998992
4132,1.4
4133,1.4
4134,1.38900003
4135,1.38001005
4136,1.38000002
4137,1.37999999
4138,1.37999996
4139,1.38000002
4140,1.38
4141,1.38500001
4142,1.38499998
4143,1.38299997
4144,1.38499995
4145,1.37300005
4146,1.37301004
4147,1.39405065
4148,1.39999997
4149,1.38499998
4150,1.38492693
4151,1.39
4152,1.39192501
4153,1.39905062
4154,1.39505062
4155,1.39911528
4156,1.4
4157,1.4
4158,1.3995443
4159,1.4
4160,1.39545811
4161,1.41
4162,1.39903662
4163,1.39300008
4164,1.39999996
4165,1.39989996
4166,1.38100009
4167,1.399879
4168,1.3901
4169,1.375
4170,1.38910997
4171,1.37900006
4172,1.37900004
4173,1.39009997
4174,1.38336896
4175,1.38000001
4176,1.38
4177,1.3730953
4178,1.37308532
4179,1.37301103
4180,1.37301103
4181,1.361
4182,1.367385
4183,1.37307529
4184,1.36001006
4185,1.36500002
4186,1.36500004
4187,1.36
4188,1.35500063
4189,1.3535
4190,1.35100002
4191,1.35500061
4192,1.35000001
4193,1.35
4194,1.35
4195,1.35
4196,1.34755553
4197,1.34755553
4198,1.35000003
4199,1.35000004
4200,1.35
4201,1.34370088
4202,1.35
4203,1.35
4204,1.34999985
4205,1.34015
4206,1.34
4207,1.34000001
4208,1.33326
4209,1.33999996
4210,1.33
4211,1.32450001
4212,1.32
4213,1.32
4214,1.32
4215,1.315
4216,1.31299887
4217,1.31100003
4218,1.31
4219,1.30999996
4220,1.305
4221,1.3001
4222,1.29
4223,1.2902
4224,1.28458297
4225,1.28739999
4226,1.28740002
4227,1.27770004
4228,1.27672195
4229,1.2716207
4230,1.26
4231,1.26
4232,1.26
4233,1.259
4234,1.26100003
4235,1.27
4236,1.26161979
4237,1.27161973
4238,1.26100003
4239,1.26100003
4240,1.25469502
4241,1.25999996
4242,1.247
4243,1.24989997
4244,1.24700001
4245,1.25100001
4246,1.25100001
4247,1.2671
4248,1.26710001
4249,1.27
4250,1.29
4251,1.29
4252,1.27100126
4253,1.27100128
4254,1.28999996
4255,1.28998992
4256,1.2899
4257,1.29
4258,1.28998985
4259,1.28998988
4260,1.28999999
4261,1.28999999
4262,1.277
4263,1.28
4264,1.30500001
4265,1.30500001
4266,1.2899
4267,1.31
4268,1.31890708
4269,1.30738193
4270,1.30000003
4271,1.344
4272,1.31868329
4273,1.34999996
4274,1.35
4275,1.361
4276,1.36149997
4277,1.37299993
4278,1.37193757
4279,1.37
4280,1.36150006
4281,1.38
4282,1.38778999
4283,1.39000003
4284,1.39000003
4285,1.39
4286,1.38999989
4287,1.38999996
4288,1.38990652
4289,1.37300037
4290,1.38
4291,1.36150009
4292,1.36999996
4293,1.36099995
4294,1.34922293
4295,1.32242998
4296,1.330555
4297,1.34299994
4298,1.3429999
4299,1.34299992
4300,1.34299991
4301,1.3429999
4302,1.34
4303,1.34
4304,1.3443429
4305,1.34
4306,1.3681
4307,1.3547134
4308,1.35471344
4309,1.36000001
4310,1.37535143
4311,1.37
4312,1.38032155
4313,1.38032154
4314,1.38032152
4315,1.39090622
4316,1.38101
4317,1.39999991
4318,1.39999991
4319,1.40001
4320,1.40001
4321,1.40976386
4322,1.41043648
4323,1.41689586
4324,1.41689584
4325,1.41535141
4326,1.41000001
4327,1.40338429
4328,1.4
4329,1.4
4330,1.4
4331,1.4
4332,1.3967
4333,1.40467399
4334,1.4046648
4335,1.40999985
4336,1.40999986
4337,1.41
4338,1.40999986
4339,1.41
4340,1.42
4341,1.42245189
4342,1.42
4343,1.4148
4344,1.40998986
4345,1.4046748
4346,1.42321143
4347,1.40467509
4348,1.418264
4349,1.38200001
4350,1.40467503
4351,1.39999987
4352,1.38999997
4353,1.38200002
4354,1.37399999
4355,1.37399996
4356,1.35834558
4357,1.36601918
4358,1.37286356
4359,1.36499991
4360,1.36499991
4361,1.36499985
4362,1.37288361
4363,1.3795
4364,1.385
4365,1.37288358
4366,1.38000001
4367,1.39300396
4368,1.39514703
4369,1.39514693
4370,1.39514704
4371,1.39515704
4372,1.39515622
4373,1.39007189
4374,1.39999999
4375,1.384703
4376,1.372
4377,1.375
4378,1.376375
4379,1.39
4380,1.3752
4381,1.3636
4382,1.3752
4383,1.37200003
4384,1.37077767
4385,1.36361
4386,1.382
4387,1.372
4388,1.37200001
4389,1.37200001
4390,1.37999995
4391,1.37999992
4392,1.376647
4393,1.37932418
4394,1.37174168
4395,1.37603348
4396,1.37299998
4397,1.36501
4398,1.365
4399,1.36484854
4400,1.36001003
4401,1.36269857
4402,1.355
4403,1.3540836
4404,1.32403292
4405,1.34999997
4406,1.32535696
4407,1.34001827
4408,1.33405953
4409,1.32500001
4410,1.31480113
4411,1.31480113
4412,1.31480113
4413,1.32081706
4414,1.31480113
4415,1.301
4416,1.301
4417,1.2935
4418,1.291
4419,1.2725
4420,1.2725
4421,1.272
4422,1.27999997
4423,1.27199
4424,1.272
4425,1.27200003
4426,1.272
4427,1.26981871
4428,1.25520007
4429,1.26999966
4430,1.27414899
4431,1.27851
4432,1.2827
4433,1.29456663
4434,1.2912922
4435,1.29456663
4436,1.29456663
4437,1.29456663
4438,1.29456663
4439,1.29956901
4440,1.304294
4441,1.32305787
4442,1.32305786
4443,1.32
4444,1.31999994
4445,1.31999991
4446,1.3112
4447,1.3
4448,1.304444
4449,1.3
4450,1.30444394
4451,1.29999998
4452,1.29999995
4453,1.2824436
4454,1.29000001
4455,1.29000001
4456,1.29
4457,1.28999994
4458,1.28999989
4459,1.28999988
4460,1.28244354
4461,1.29
4462,1.29000003
4463,1.3
4464,1.29526787
4465,1.3027807
4466,1.30278065
4467,1.29000001
4468,1.28999989
4469,1.28999983
4470,1.29
4471,1.28999999
4472,1.28870004
4473,1.29
4474,1.29499983
4475,1.29050004
4476,1.29499987
4477,1.30421997
4478,1.29629486
4479,1.31801588
4480,1.32283227
4481,1.30548001
4482,1.315
4483,1.315
4484,1.30795895
4485,1.30695141
4486,1.30000008
4487,1.2997168
4488,1.29629483
4489,1.29999993
4490,1.2999998
4491,1.29499983
4492,1.29999996
4493,1.29
4494,1.29
4495,1.2724
4496,1.27
4497,1.27508
4498,1.27000102
4499,1.26000001
4500,1.27634994
4501,1.26771439
4502,1.27
4503,1.26771436
4504,1.27203212
4505,1.27634941
4506,1.27001103
4507,1.27001108
4508,1.2763499
4509,1.29
4510,1.3
4511,1.29596434
4512,1.29000001
4513,1.29629481
4514,1.29629486
4515,1.29999999
4516,1.29629478
4517,1.29
4518,1.29000002
4519,1.29929481
4520,1.30219368
4521,1.29000056
4522,1.3
4523,1.29002003
4524,1.29002009
4525,1.3
4526,1.3
4527,1.3
4528,1.305
4529,1.311
4530,1.30520001
4531,1.32
4532,1.32501531
4533,1.33
4534,1.33520001
4535,1.342225
4536,1.342225
4537,1.33690934
4538,1.342225
4539,1.342224
4540,1.34222501
4541,1.34222501
4542,1.34305412
4543,1.34222501
4544,1.35
4545,1.35
4546,1.35
4547,1.35360284
4548,1.34000005
4549,1.34000003
4550,1.32011411
4551,1.32011411
4552,1.32011416
4553,1.33499993
4554,1.34222495
4555,1.34325003
4556,1.34000004
4557,1.34222495
4558,1.34222494
4559,1.34222494
4560,1.34222494
4561,1.34220299
4562,1.34220294
4563,1.32320017
4564,1.3232
4565,1.3232
4566,1.3232
4567,1.32000001
4568,1.32
4569,1.32
4570,1.3232
4571,1.32000002
4572,1.32122502
4573,1.34040159
4574,1.32122511
4575,1.33999986
4576,1.33999994
4577,1.33319936
4578,1.34000003
4579,1.34
4580,1.33837048
4581,1.342
4582,1.33000127
4583,1.33000127
4584,1.33844377
4585,1.33000144
4586,1.331
4587,1.32122502
4588,1.32122502
4589,1.32000146
4590,1.31998208
4591,1.311
4592,1.31998208
4593,1.3052
4594,1.29165144
4595,1.29
4596,1.30420292
4597,1.29000005
4598,1.28441591
4599,1.29
4600,1.28799997
4601,1.28077729
4602,1.288
4603,1.28156
4604,1.28
4605,1.27695519
4606,1.28000049
4607,1.28000049
4608,1.31020003
4609,1.31069818
4610,1.3172252
4611,1.31936143
4612,1.3172252
4613,1.30639026
4614,1.31
4615,1.30639026
4616,1.3
4617,1.30000003
4618,1.2972252
4619,1.2934558
4620,1.2934558
4621,1.2934558
4622,1.29622245
4623,1.29474917
4624,1.28043954
4625,1.28
4626,1.28
4627,1.27629481
4628,1.27779302
4629,1.27778302
4630,1.265
4631,1.265
4632,1.251
4633,1.25639026
4634,1.26
4635,1.26
4636,1.25999999
4637,1.25999998
4638,1.25
4639,1.24123
4640,1.2349992
4641,1.24
4642,1.23875
4643,1.24
4644,1.2349992
4645,1.23
4646,1.225
4647,1.22
4648,1.21
4649,1.20100011
4650,1.2
4651,1.19795
4652,1.19629482
4653,1.19629479
4654,1.19100001
4655,1.18
4656,1.18000001
4657,1.17000002
4658,1.17
4659,1.1673
4660,1.15999129
4661,1.15999129
4662,1.15999128
4663,1.15999128
4664,1.15999125
4665,1.155011
4666,1.151
4667,1.15
4668,1.15
4669,1.1501
4670,1.14884834
4671,1.14
4672,1.141411
4673,1.15
4674,1.15001111
4675,1.15229996
4676,1.15210004
4677,1.17377507
4678,1.19412499
4679,1.20648301
4680,1.21
4681,1.21435227
4682,1.22240922
4683,1.23046624
4684,1.23894284
4685,1.23299244
4686,1.22385
4687,1.23
4688,1.23
4689,1.23894284
4690,1.2426317
4691,1.2426317
4692,1.235
4693,1.235
4694,1.235
4695,1.243721
4696,1.2406117
4697,1.24372088
4698,1.24372088
4699,1.25
4700,1.25
4701,1.25
4702,1.25004712
4703,1.24372088
4704,1.2470891
4705,1.24
4706,1.23500035
4707,1.23
4708,1.23
4709,1.22
4710,1.2273641
4711,1.2185971
4712,1.2185971
4713,1.18910001
4714,1.20820205
4715,1.20820209
4716,1.21153083
4717,1.2
4718,1.20000003
4719,1.2
4720,1.20799997
4721,1.22
4722,1.201
4723,1.2199
4724,1.2227622
4725,1.219
4726,1.23708407
4727,1.23
4728,1.23
4729,1.23434714
4730,1.249
4731,1.25
4732,1.25
4733,1.25419386
4734,1.249
4735,1.25500008
4736,1.24900001
4737,1.23000001
4738,1.24587747
4739,1.23188319
4740,1.24275499
4741,1.24899998
4742,1.24899998
4743,1.23075502
4744,1.2351
4745,1.23075513
4746,1.2273747
4747,1.239
4748,1.23899997
4749,1.24099999
4750,1.25
4751,1.24900001
4752,1.24100011
4753,1.25
4754,1.24900002
4755,1.25
4756,1.25
4757,1.245
4758,1.24500005
4759,1.24900001
4760,1.25
4761,1.25264136
4762,1.2578475
4763,1.25899998
4764,1.25900002
4765,1.26
4766,1.26123924
4767,1.27
4768,1.27130508
4769,1.27010332
4770,1.27010334
4771,1.28999995
4772,1.27850083
4773,1.2899
4774,1.27850084
4775,1.27850084
4776,1.28
4777,1.288
4778,1.284
4779,1.289
4780,1.3
4781,1.29999997
4782,1.3
4783,1.30000003
4784,1.3098
4785,1.311
4786,1.31031838
4787,1.31031836
4788,1.31
4789,1.29534829
4790,1.287
4791,1.28425304
4792,1.29
4793,1.28900001
4794,1.27
4795,1.27
4796,1.27
4797,1.27
4798,1.2688
4799,1.2673924
4800,1.2639
4801,1.26
4802,1.2493277
4803,1.25369992
4804,1.2327
4805,1.242
4806,1.242
4807,1.242
4808,1.25
4809,1.25124999
4810,1.25
4811,1.24200008
4812,1.24864987
4813,1.26004685
4814,1.255
4815,1.255
4816,1.26
4817,1.25001007
4818,1.25999996
4819,1.25999996
4820,1.25001007
4821,1.25001007
4822,1.25999995
4823,1.26
4824,1.26
4825,1.26
4826,1.26
4827,1.26000001
4828,1.26
4829,1.25899991
4830,1.2635
4831,1.26339999
4832,1.26339999
4833,1.262
4834,1.25899991
4835,1.2639
4836,1.26500315
4837,1.27000001
4838,1.27313227
4839,1.27313235
4840,1.293
4841,1.29534833
4842,1.29534832
4843,1.30010333
4844,1.3
4845,1.29534832
4846,1.29
4847,1.30010333
4848,1.31836196
4849,1.30010341
4850,1.30010341
4851,1.30999997
4852,1.30999997
4853,1.30999994
4854,1.30999993
4855,1.309
4856,1.30200017
4857,1.31280207
4858,1.30000003
4859,1.30000007
4860,1.29922013
4861,1.3
4862,1.29675001
4863,1.29675
4864,1.30000003
4865,1.30000003
4866,1.30000003
4867,1.30000007
4868,1.30999997
4869,1.30999997
4870,1.311
4871,1.31000003
4872,1.315
4873,1.32
4874,1.32953094
4875,1.32953094
4876,1.32953094
4877,1.32020007
4878,1.3171825
4879,1.30000008
4880,1.30000005
4881,1.31718242
4882,1.29999997
4883,1.29675
4884,1.29534832
4885,1.2939822
4886,1.29674969
4887,1.29999997
4888,1.28000001
4889,1.28000001
4890,1.29999997
4891,1.29
4892,1.30000003
4893,1.30001
4894,1.30100003
4895,1.31499989
4896,1.3062
4897,1.3147
4898,1.32
4899,1.32222505
4900,1.32493686
4901,1.32973219
4902,1.321
4903,1.32973206
4904,1.32493687
4905,1.32899996
4906,1.32493687
4907,1.31231916
4908,1.32399992
4909,1.3095181
4910,1.3095181
4911,1.3095181
4912,1.3095181
4913,1.30951807
4914,1.30951807
4915,1.30951807
4916,1.30951807
4917,1.3095181
4918,1.31
4919,1.31560129
4920,1.31560129
4921,1.31560129
4922,1.3156013
4923,1.32000001
4924,1.32380001
4925,1.3238
4926,1.32399996
4927,1.33752398
4928,1.33717613
4929,1.33717613
4930,1.35057798
4931,1.35
4932,1.35057797
4933,1.35057799
4934,1.35
4935,1.35930889
4936,1.364
4937,1.3648398
4938,1.36
4939,1.35999997
4940,1.35057808
4941,1.35057798
4942,1.3589
4943,1.347
4944,1.34699997
4945,1.34699993
4946,1.34699884
4947,1.33020006
4948,1.33020007
4949,1.32736081
4950,1.33
4951,1.32496585
4952,1.33999897
4953,1.3399985
4954,1.32999999
4955,1.32500072
4956,1.31736223
4957,1.32500069
4958,1.3248
4959,1.32500071
4960,1.32500067
4961,1.3248
4962,1.31228567
4963,1.32479995
4964,1.32
4965,1.3219723
4966,1.3219723
4967,1.3219723
4968,1.32520162
4969,1.32520165
4970,1.32520171
4971,1.329229
4972,1.32922896
4973,1.32
4974,1.32520177
4975,1.31477909
4976,1.32520173
4977,1.32
4978,1.30527407
4979,1.29818112
4980,1.3
4981,1.3
4982,1.3
4983,1.31477869
4984,1.31
4985,1.31477888
4986,1.31477868
4987,1.31477889
4988,1.31477892
4989,1.32000001
4990,1.31477868
4991,1.30608187
4992,1.3119728
4993,1.30022322
4994,1.31477836
4995,1.3
4996,1.299
4997,1.28200004
4998,1.28328204
4999,1.282
5000,1.27852308
5001,1.28985259
5002,1.285
5003,1.275
5004,1.27313218
5005,1.27
5006,1.26339999
5007,1.26979994
5008,1.255
5009,1.26339999
5010,1.26979985
5011,1.27445872
5012,1.26980006
5013,1.28499998
5014,1.29286579
5015,1.28000004
5016,1.28000008
5017,1.28000003
5018,1.28000053
5019,1.28000053
5020,1.28000053
5021,1.2928657
5022,1.27599997
5023,1.27599997
5024,1.27600004
5025,1.27196568
5026,1.27599997
5027,1.27599997
5028,1.27600004
5029,1.276
5030,1.28499982
5031,1.28647317
5032,1.28647318
5033,1.2928658
5034,1.28900002
5035,1.3027807
5036,1.30278066
5037,1.30278056
5038,1.29999999
5039,1.29500003
5040,1.29999998
5041,1.29999998
5042,1.296267
5043,1.299999
5044,1.29999899
5045,1.29626674
5046,1.29626697
5047,1.29626675
5048,1.3
5049,1.3
5050,1.31675287
5051,1.3114921
5052,1.31675282
5053,1.31149219
5054,1.31799999
5055,1.31799999
5056,1.31799999
5057,1.32288863
5058,1.323
5059,1.32300004
5060,1.32348023
5061,1.32999992
5062,1.329
5063,1.323
5064,1.323
5065,1.323
5066,1.323
5067,1.32000111
5068,1.32999995
5069,1.32999987
5070,1.32899999
5071,1.32899996
5072,1.32899996
5073,1.32899996
5074,1.32899996
5075,1.32900001
5076,1.329
5077,1.32899997
5078,1.32899997
5079,1.32899997
5080,1.32899996
5081,1.329
5082,1.32899996
5083,1.33000001
5084,1.33229625
5085,1.33
5086,1.32800018
5087,1.328
5088,1.32800004
5089,1.33000007
5090,1.33100004
5091,1.328
5092,1.32502489
5093,1.31904288
5094,1.31899996
5095,1.32502489
5096,1.32452639
5097,1.32502489
5098,1.32502489
5099,1.32000004
5100,1.32000004
5101,1.32502489
5102,1.32502488
5103,1.32502488
5104,1.32
5105,1.32502487
5106,1.32502489
5107,1.32502489
5108,1.32502489
5109,1.32499997
5110,1.324
5111,1.324
5112,1.32399997
5113,1.32399997
5114,1.32299997
5115,1.32299997
5116,1.3239998
5117,1.321
5118,1.32000003
5119,1.32000003
5120,1.321
5121,1.32100004
5122,1.325
5123,1.325
5124,1.32000003
5125,1.32
5126,1.32
5127,1.32
5128,1.321
5129,1.32
5130,1.321
5131,1.32100015
5132,1.3238256
5133,1.32100015
5134,1.325
5135,1.325
5136,1.325
5137,1.32938955
5138,1.32938955
5139,1.34398999
5140,1.33000007
5141,1.3300014
5142,1.345335
5143,1.344
5144,1.35057914
5145,1.35
5146,1.35
5147,1.35236
5148,1.35286748
5149,1.35296831
5150,1.35499999
5151,1.35611897
5152,1.36182
5153,1.362
5154,1.36182298
5155,1.35000003
5156,1.35
5157,1.34711851
5158,1.34999991
5159,1.34097707
5160,1.341
5161,1.34097706
5162,1.33000003
5163,1.33000005
5164,1.33000003
5165,1.33333338
5166,1.33
5167,1.34318425
5168,1.3271612
5169,1.33057594
5170,1.34230837
5171,1.3243285
5172,1.33857591
5173,1.33057597
5174,1.34318425
5175,1.34318425
5176,1.34318425
5177,1.34400999
5178,1.34
5179,1.35489998
5180,1.35499996
5181,1.3548999
5182,1.34500011
5183,1.34500033
5184,1.34500033
5185,1.35
5186,1.35
5187,1.34595993
5188,1.35899975
5189,1.35899975
5190,1.34400999
5191,1.34400999
5192,1.34400999
5193,1.33057595
5194,1.33057594
5195,1.3499999
5196,1.34599999
5197,1.34599993
5198,1.33057594
5199,1.33899999
5200,1.330587
5201,1.325
5202,1.32100001
5203,1.3243285
5204,1.325
5205,1.32432847
5206,1.331001
5207,1.325
5208,1.32100003
5209,1.32499999
5210,1.325
5211,1.31149212
5212,1.31999996
5213,1.31999996
5214,1.31999996
5215,1.31340012
5216,1.32
5217,1.32543879
5218,1.31340033
5219,1.323
5220,1.333848
5221,1.33
5222,1.33384788
5223,1.33384801
5224,1.33384804
5225,1.34384785
5226,1.34384785
5227,1.34384785
5228,1.335
5229,1.335
5230,1.3365
5231,1.3365
5232,1.3365
5233,1.3365
5234,1.33649999
5235,1.3437406
5236,1.33649997
5237,1.33650003
5238,1.34374069
5239,1.34369995
5240,1.34384788
5241,1.33937072
5242,1.34553746
5243,1.33937065
5244,1.33937065
5245,1.34384788
5246,1.33500003
5247,1.33500003
5248,1.33500003
5249,1.33500003
5250,1.33500005
5251,1.33937065
5252,1.33937068
5253,1.34000004
5254,1.345
5255,1.345
5256,1.34500003
5257,1.35
5258,1.3514
5259,1.3514
5260,1.3533333
5261,1.3533333
5262,1.3533333
5263,1.35622801
5264,1.35622807
5265,1.35333331
5266,1.36
5267,1.3534152
5268,1.36
5269,1.36
5270,1.36
5271,1.35999997
5272,1.36
5273,1.35593218
5274,1.36
5275,1.36
5276,1.36
5277,1.36057595
5278,1.36000004
5279,1.36999999
5280,1.371
5281,1.3716
5282,1.38
5283,1.38
5284,1.38067605
5285,1.380676
5286,1.389
5287,1.384
5288,1.3921874
5289,1.39218744
5290,1.4
5291,1.40560134
5292,1.40310006
5293,1.40881952
5294,1.42106168
5295,1.41200001
5296,1.41200004
5297,1.41200006
5298,1.41899992
5299,1.41
5300,1.41799996
5301,1.41000003
5302,1.41
5303,1.41000003
5304,1.41000003
5305,1.41699999
5306,1.41699995
5307,1.40999999
5308,1.40025598
5309,1.39796616
5310,1.3921874
5311,1.39726711
5312,1.39726707
5313,1.38387398
5314,1.39726699
5315,1.39726698
5316,1.39726699
5317,1.38387424
5318,1.39599995
5319,1.39599995
5320,1.37000006
5321,1.38387392
5322,1.38387388
5323,1.38387382
5324,1.37000001
5325,1.36000002
5326,1.383
5327,1.38299995
5328,1.3799999
5329,1.38
5330,1.3799999
5331,1.382
5332,1.38
5333,1.38892267
5334,1.38892267
5335,1.38387424
5336,1.39
5337,1.38999999
5338,1.38999999
5339,1.38
5340,1.38
5341,1.38
5342,1.39267995
5343,1.39868437
5344,1.399
5345,1.40732089
5346,1.39868437
5347,1.40732088
5348,1.40086846
5349,1.40999989
5350,1.41
5351,1.40732089
5352,1.4103311
5353,1.41343367
5354,1.41343367
5355,1.413
5356,1.41999996
5357,1.41343371
5358,1.420031
5359,1.41343388
5360,1.425
5361,1.425
5362,1.42620659
5363,1.43
5364,1.4311913
5365,1.43119133
5366,1.43249888
5367,1.4311913
5368,1.435
5369,1.435
5370,1.44
5371,1.43000003
5372,1.43000003
5373,1.429
5374,1.425
5375,1.42
5376,1.42799996
5377,1.428
5378,1.4200002
5379,1.428
5380,1.428
5381,1.42799996
5382,1.42999999
5383,1.425
5384,1.433
5385,1.433
5386,1.433
5387,1.43799992
5388,1.43799988
5389,1.43799988
5390,1.43799995
5391,1.433
5392,1.43299987
5393,1.43300003
5394,1.433
5395,1.43300003
5396,1.415
5397,1.41
5398,1.41
5399,1.4
5400,1.39891002
5401,1.4
5402,1.4
5403,1.4003
5404,1.4
5405,1.38900004
5406,1.39
5407,1.39400005
5408,1.40200002
5409,1.4130159
5410,1.41374129
5411,1.41466261
5412,1.42
5413,1.41560705
5414,1.4198
5415,1.40799998
5416,1.41466258
5417,1.4113312
5418,1.40799995
5419,1.40799995
5420,1.41133109
5421,1.41466254
5422,1.41768847
5423,1.425
5424,1.42500001
5425,1.428
5426,1.43
5427,1.43000003
5428,1.43000003
5429,1.4300001
5430,1.43
5431,1.433
5432,1.43320683
5433,1.43645158
5434,1.44
5435,1.4426232
5436,1.4426232
5437,1.44012502
5438,1.44
5439,1.4426232
5440,1.4426232
5441,1.44391
5442,1.43645173
5443,1.43645173
5444,1.44023986
5445,1.4321515
5446,1.43
5447,1.42999999
5448,1.4290947
5449,1.41999885
5450,1.42
5451,1.423
5452,1.423
5453,1.4299999
5454,1.42000016
5455,1.43
5456,1.42909469
5457,1.43301899
5458,1.43301899
5459,1.43645165
5460,1.4429
5461,1.4356855
5462,1.43000016
5463,1.44289997
5464,1.43568557
5465,1.4356855
5466,1.4398202
5467,1.44023989
5468,1.44289997
5469,1.44289997
5470,1.442
5471,1.439
5472,1.439
5473,1.439
5474,1.439
5475,1.439
5476,1.439
5477,1.441
5478,1.44099987
5479,1.43756247
5480,1.4229003
5481,1.44099993
5482,1.4229004
5483,1.4229004
5484,1.43000007
5485,1.42694781
5486,1.42694781
5487,1.42694781
5488,1.4303219
5489,1.4303219
5490,1.4303219
5491,1.42694797
5492,1.4303219
5493,1.424
5494,1.42289997
5495,1.42289997
5496,1.42267976
5497,1.42289997
5498,1.42694778
5499,1.41415031
5500,1.41
5501,1.4141503
5502,1.4
5503,1.39499999
5504,1.39133454
5505,1.39
5506,1.38276644
5507,1.38374695
5508,1.38918996
5509,1.39
5510,1.38374696
5511,1.3894173
5512,1.40419927
5513,1.40000006
5514,1.405
5515,1.40500004
5516,1.40500004
5517,1.40419931
5518,1.41154496
5519,1.39216143
5520,1.40500004
5521,1.4
5522,1.4
5523,1.38941733
5524,1.392161
5525,1.392161
5526,1.39216099
5527,1.39216092
5528,1.392161
5529,1.39513876
5530,1.39888364
5531,1.39216092
5532,1.3951388
5533,1.39517134
5534,1.40499996
5535,1.39517142
5536,1.39517134
5537,1.39517134
5538,1.39517
5539,1.39517
5540,1.39517
5541,1.39517
5542,1.39517
5543,1.38941731
5544,1.38941731
5545,1.385
5546,1.39219334
5547,1.38
5548,1.379815
5549,1.37107986
5550,1.37981497
5551,1.37363
5552,1.36390128
5553,1.369
5554,1.37656817
5555,1.37107972
5556,1.38000004
5557,1.37107987
5558,1.38999996
5559,1.38133203
5560,1.38999996
5561,1.38134212
5562,1.39517139
5563,1.39517139
5564,1.39520003
5565,1.39
5566,1.39
5567,1.38253201
5568,1.38253195
5569,1.38253195
5570,1.38253195
5571,1.38253195
5572,1.38099999
5573,1.381
5574,1.37199888
5575,1.37199888
5576,1.36957681
5577,1.36
5578,1.361
5579,1.3599
5580,1.35672285
5581,1.34999996
5582,1.34999996
5583,1.34999999
5584,1.34
5585,1.34108739
5586,1.34000004
5587,1.35000005
5588,1.35200002
5589,1.36353332
5590,1.38253196
5591,1.36069117
5592,1.36069109
5593,1.36069109
5594,1.36
5595,1.36000003
5596,1.36000003
5597,1.36000007
5598,1.37399994
5599,1.3739999
5600,1.37399985
5601,1.35047134
5602,1.35
5603,1.34999999
5604,1.34537104
5605,1.34999999
5606,1.35053314
5607,1.35053314
5608,1.35053314
5609,1.35998999
5610,1.35053315
5611,1.35053315
5612,1.36000004
5613,1.36000004
5614,1.36000004
5615,1.35999992
5616,1.34999999
5617,1.3599998
5618,1.34999999
5619,1.34000017
5620,1.35999965
5621,1.34999999
5622,1.34000017
5623,1.35111833
5624,1.3511183
5625,1.34000021
5626,1.34
5627,1.35111819
5628,1.34003601
5629,1.349
5630,1.3511185
5631,1.35111847
5632,1.36000007
5633,1.35783887
5634,1.36
5635,1.36111847
5636,1.36
5637,1.36
5638,1.36
5639,1.35999996
5640,1.35999996
5641,1.36288728
5642,1.36288728
5643,1.36288728
5644,1.36288729
5645,1.36970174
5646,1.37069114
5647,1.37
5648,1.36288746
5649,1.362
5650,1.362
5651,1.36694354
5652,1.36694354
5653,1.369
5654,1.369
5655,1.3698675
5656,1.36011012
5657,1.3719283
5658,1.36011125
5659,1.361
5660,1.35
5661,1.36010858
5662,1.36009879
5663,1.35313819
5664,1.35313819
5665,1.35
5666,1.34999995
5667,1.34767976
5668,1.34767976
5669,1.34000002
5670,1.34000002
5671,1.34999997
5672,1.35
5673,1.3432501
5674,1.35313819
5675,1.3531379
5676,1.34767976
5677,1.3531379
5678,1.35313819
5679,1.35313819
5680,1.35000009
5681,1.35055353
5682,1.35313798
5683,1.35313803
5684,1.35400003
5685,1.35400003
5686,1.35034257
5687,1.35
5688,1.35
5689,1.35981964
5690,1.3505
5691,1.36
5692,1.36352435
5693,1.367911
5694,1.3698675
5695,1.37054523
5696,1.37000004
5697,1.37000004
5698,1.37054523
5699,1.37055001
5700,1.38253197
5701,1.38253197
5702,1.38253197
5703,1.39069114
5704,1.39069114
5705,1.40000003
5706,1.40000997
5707,1.40000997
5708,1.40053318
5709,1.40001
5710,1.40001
5711,1.40055012
5712,1.40055012
5713,1.40236559
5714,1.40055009
5715,1.40204134
5716,1.40204134
5717,1.4
5718,1.39999998
5719,1.39353052
5720,1.3999999
5721,1.3900988
5722,1.38601034
5723,1.38602031
5724,1.39009877
5725,1.38600991
5726,1.389
5727,1.38602034
5728,1.389
5729,1.39283409
5730,1.38610015
5731,1.38610015
5732,1.39306204
5733,1.39306204
5734,1.40001001
5735,1.40001001
5736,1.40001001
5737,1.40001001
5738,1.39999999
5739,1.39999999
5740,1.39999998
5741,1.39999892
5742,1.39999888
5743,1.39999877
5744,1.3999987
5745,1.395
5746,1.395
5747,1.395
5748,1.39499992
5749,1.39499992
5750,1.39008869
5751,1.3949
5752,1.39008869
5753,1.3900886
5754,1.39
5755,1.39008868
5756,1.38602034
5757,1.38602021
5758,1.38599997
5759,1.3800988
5760,1.3700001
5761,1.37200999
5762,1.38042922
5763,1.37109615
5764,1.38042916
5765,1.36800701
5766,1.36800705
5767,1.36800705
5768,1.36800705
5769,1.39199999
5770,1.39
5771,1.392
5772,1.395
5773,1.395
5774,1.395
5775,1.3979839
5776,1.39999896
5777,1.39427058
5778,1.39427058
5779,1.39427058
5780,1.39427058
5781,1.39427058
5782,1.39427058
5783,1.3972529
5784,1.39999899
5785,1.399999
5786,1.39999991
5787,1.39999991
5788,1.399999
5789,1.399999
5790,1.39427058
5791,1.39999896
5792,1.39999896
5793,1.39999896
5794,1.37907
5795,1.37907
5796,1.38110604
5797,1.38110604
5798,1.39582766
5799,1.39373502
5800,1.39373502
5801,1.39373502
5802,1.39373501
5803,1.39373501
5804,1.39373501
5805,1.39373502
5806,1.39
5807,1.38999989
5808,1.3864101
5809,1.3899998
5810,1.38603506
5811,1.38629513
5812,1.3803499
5813,1.38999996
5814,1.38999996
5815,1.38999999
5816,1.38999999
5817,1.39
5818,1.39
5819,1.38999999
5820,1.39
5821,1.39
5822,1.39000007
5823,1.39454272
5824,1.39454272
5825,1.39454272
5826,1.39752554
5827,1.39
5828,1.39454259
5829,1.39
5830,1.37907
5831,1.39
5832,1.39
5833,1.39
5834,1.39
5835,1.38999992
5836,1.39280143
5837,1.39280031
5838,1.39280031
5839,1.38999992
5840,1.39279973
5841,1.39279973
5842,1.39279964
5843,1.39279964
5844,1.39279964
5845,1.385
5846,1.38499997
5847,1.38499997
5848,1.37943481
5849,1.37907
5850,1.37907
5851,1.37943481
5852,1.37943481
5853,1.37907
5854,1.37907
5855,1.38652269
5856,1.38796249
5857,1.39137962
5858,1.39137962
5859,1.39137963
5860,1.39279952
5861,1.39279952
5862,1.39279952
5863,1.39136961
5864,1.39136961
5865,1.3879167
5866,1.38791673
5867,1.38000103
5868,1.38000103
5869,1.37
5870,1.36000006
5871,1.362
5872,1.37799996
5873,1.37799993
5874,1.37310092
5875,1.37310092
5876,1.37310092
5877,1.37310079
5878,1.37310069
5879,1.36
5880,1.35989997
5881,1.35989996
5882,1.355
5883,1.36
5884,1.36
5885,1.36686549
5886,1.35445365
5887,1.35445356
5888,1.35445356
5889,1.3544535
5890,1.35034257
5891,1.349
5892,1.35
5893,1.35
5894,1.349
5895,1.35999999
5896,1.35500003
5897,1.35500001
5898,1.35999995
5899,1.35999994
5900,1.35999994
5901,1.357
5902,1.35899972
5903,1.35319998
5904,1.3532
5905,1.3532
5906,1.35899943
5907,1.35899943
5908,1.35628147
5909,1.3532
5910,1.3532
5911,1.3532
5912,1.3505
5913,1.3505
5914,1.3505
5915,1.349
5916,1.34400961
5917,1.349
5918,1.34054524
5919,1.34054524
5920,1.33253197
5921,1.32553746
5922,1.32553746
5923,1.32000005
5924,1.32553746
5925,1.32000008
5926,1.32100002
5927,1.322
5928,1.33
5929,1.3318703
5930,1.31000001
5931,1.32866734
5932,1.33086997
5933,1.33086994
5934,1.33086994
5935,1.32100003
5936,1.32979947
5937,1.32467326
5938,1.32467327
5939,1.32
5940,1.3155375
5941,1.316
5942,1.31
5943,1.30999999
5944,1.30001003
5945,1.30316118
5946,1.30330001
5947,1.31172052
5948,1.31431313
5949,1.31108757
5950,1.31712446
5951,1.31750288
5952,1.31750288
5953,1.3251585
5954,1.33
5955,1.33000003
5956,1.33922857
5957,1.33
5958,1.33787553
5959,1.31500001
5960,1.32874654
5961,1.315
5962,1.315
5963,1.315
5964,1.31000003
5965,1.314
5966,1.31500003
5967,1.32378904
5968,1.3218509
5969,1.3245
5970,1.32185098
5971,1.32185098
5972,1.32185107
5973,1.32185107
5974,1.31822887
5975,1.31
5976,1.30591445
5977,1.31698249
5978,1.3
5979,1.29999897
5980,1.29
5981,1.27009881
5982,1.28421971
5983,1.27827493
5984,1.27554654
5985,1.2755465
5986,1.27554654
5987,1.27554653
5988,1.27
5989,1.27
5990,1.26000904
5991,1.28606167
5992,1.28606165
5993,1.28606168
5994,1.28607172
5995,1.29766675
5996,1.30148002
5997,1.30148001
5998,1.30148001
5999,1.28000004
6000,1.28000018
6001,1.28
6002,1.28
6003,1.27999999
6004,1.2714801
6005,1.27
6006,1.26574545
6007,1.26574545
6008,1.26495647
6009,1.28294715
6010,1.271
6011,1.29000013
6012,1.29000013
6013,1.29349998
6014,1.29000022
6015,1.2927595
6016,1.29999999
6017,1.29
6018,1.28495647
6019,1.28495647
6020,1.28495647
6021,1.28495647
6022,1.28495647
6023,1.29000001
6024,1.29
6025,1.29
6026,1.29
6027,1.2948
6028,1.29495638
6029,1.2948
6030,1.28902
6031,1.27100009
6032,1.27100009
6033,1.27100087
6034,1.27227187
6035,1.28
6036,1.28499456
6037,1.27856961
6038,1.27229198
6039,1.278
6040,1.27800001
6041,1.27233207
6042,1.28175542
6043,1.2723321
6044,1.271
6045,1.28175421
6046,1.27121032
6047,1.28175347
6048,1.28495586
6049,1.28175428
6050,1.3
6051,1.30148001
6052,1.30148001
6053,1.30999508
6054,1.31502265
6055,1.327
6056,1.32998999
6057,1.33
6058,1.33
6059,1.33538246
6060,1.33999999
6061,1.33131518
6062,1.33131504
6063,1.3315009
6064,1.34
6065,1.33200003
6066,1.32185099
6067,1.33989992
6068,1.33989989
6069,1.32330838
6070,1.32330838
6071,1.33
6072,1.32330855
6073,1.32330855
6074,1.329
6075,1.32900001
6076,1.334
6077,1.33999996
6078,1.33400003
6079,1.334
6080,1.33999992
6081,1.33400003
6082,1.33000012
6083,1.33
6084,1.33
6085,1.32999996
6086,1.32330823
6087,1.31999996
6088,1.31800192
6089,1.32510945
6090,1.31800192
6091,1.3180019
6092,1.31669999
6093,1.32899995
6094,1.32899995
6095,1.32899992
6096,1.32899993
6097,1.32899993
6098,1.32235494
6099,1.32764431
6100,1.32764431
6101,1.32764431
6102,1.32235511
6103,1.32235514
6104,1.32235498
6105,1.32235494
6106,1.32235494
6107,1.3167003
6108,1.32235484
6109,1.317
6110,1.317
6111,1.31615257
6112,1.31615256
6113,1.31615256
6114,1.317
6115,1.31615266
6116,1.31615266
6117,1.31615266
6118,1.31615288
6119,1.31615292
6120,1.33266085
6121,1.33843068
6122,1.33843094
6123,1.34
6124,1.34
6125,1.33843094
6126,1.33999999
6127,1.33999999
6128,1.33999998
6129,1.33843094
6130,1.34231201
6131,1.34
6132,1.33560044
6133,1.342766
6134,1.34277661
6135,1.34277661
6136,1.34400001
6137,1.34547798
6138,1.34608329
6139,1.350615
6140,1.350615
6141,1.35149846
6142,1.35100001
6143,1.34828176
6144,1.34828176
6145,1.34828165
6146,1.34828163
6147,1.33999998
6148,1.33600002
6149,1.3356275
6150,1.33820712
6151,1.3331484
6152,1.33
6153,1.3271712
6154,1.3382071
6155,1.33555656
6156,1.34828179
6157,1.34828179
6158,1.34828179
6159,1.34828179
6160,1.34828179
6161,1.33999999
6162,1.33999997
6163,1.33999997
6164,1.33
6165,1.33
6166,1.33000001
6167,1.33
6168,1.331
6169,1.33499979
6170,1.33499994
6171,1.33499994
6172,1.33499994
6173,1.3378555
6174,1.3435412
6175,1.33124813
6176,1.33124813
6177,1.34
6178,1.3435412
6179,1.33682349
6180,1.33682346
6181,1.33682346
6182,1.33682346
6183,1.32504695
6184,1.32504695
6185,1.32504695
6186,1.32504695
6187,1.33682349
6188,1.34
6189,1.34414476
6190,1.34414474
6191,1.34
6192,1.34
6193,1.34
6194,1.33330018
6195,1.33787429
6196,1.33742103
6197,1.33860959
6198,1.33999999
6199,1.34
6200,1.34
6201,1.34
6202,1.33800003
6203,1.338
6204,1.338
6205,1.338
6206,1.33330023
6207,1.33742104
6208,1.33742104
6209,1.33330031
6210,1.34
6211,1.34
6212,1.341
6213,1.341
6214,1.34999
6215,1.3599999
6216,1.357
6217,1.36
6218,1.357
6219,1.35500107
6220,1.35500107
6221,1.35999999
6222,1.36399896
6223,1.364
6224,1.36404766
6225,1.36404766
6226,1.36404766
6227,1.36007552
6228,1.35900004
6229,1.36
6230,1.36500112
6231,1.36000005
6232,1.36
6233,1.3505
6234,1.35999992
6235,1.35999992
6236,1.36
6237,1.36
6238,1.36
6239,1.35999992
6240,1.3599
6241,1.3599
6242,1.35451694
6243,1.35
6244,1.35
6245,1.35
6246,1.34358056
6247,1.35
6248,1.35
6249,1.358
6250,1.3631484
6251,1.36400001
6252,1.38107992
6253,1.3669176
6254,1.35000083
6255,1.35000083
6256,1.36000001
6257,1.36000001
6258,1.36000001
6259,1.36183938
6260,1.36183938
6261,1.36049251
6262,1.36049251
6263,1.36499995
6264,1.36499995
6265,1.3532014
6266,1.36499964
6267,1.35953994
6268,1.36499964
6269,1.36499964
6270,1.36
6271,1.36000002
6272,1.36499952
6273,1.36499952
