0,0.4289
1,0.4289
2,0.43
3,0.43
4,0.43
5,0.43
6,0.43
7,0.43
8,0.43
9,0.43
10,0.43
11,0.4299173
12,0.4299173
13,0.4299173
14,0.4299173
15,0.43
16,0.43
17,0.429957
18,0.429957
19,0.429957
20,0.429957
21,0.429957
22,0.429957
23,0.43
24,0.43
25,0.43
26,0.42999992
27,0.43
28,0.42999999
29,0.43
30,0.43
31,0.43
32,0.43
33,0.43
34,0.43
35,0.43
36,0.43
37,0.43
38,0.43
39,0.431761
40,0.431761
41,0.431761
42,0.431761
43,0.431761
44,0.43172187
45,0.43172187
46,0.43172187
47,0.43172187
48,0.43195432
49,0.43
50,0.43
51,0.43
52,0.43
53,0.43
54,0.43
55,0.43
56,0.43
57,0.43
58,0.43
59,0.43
60,0.43000246
61,0.42999181
62,0.42999181
63,0.4299173
64,0.42991403
65,0.42991403
66,0.42991403
67,0.42991403
68,0.42991403
69,0.42991403
70,0.42991403
71,0.42991403
72,0.42991403
73,0.42991403
74,0.42991403
75,0.42991403
76,0.42991403
77,0.42991403
78,0.42700005
79,0.42700005
80,0.42787031
81,0.42726113
82,0.42707837
83,0.42702355
84,0.42702355
85,0.42702355
86,0.4270071
87,0.4270071
88,0.42700216
89,0.42700216
90,0.42700216
91,0.42700216
92,0.42700216
93,0.42700216
94,0.42700216
95,0.42700216
96,0.42700216
97,0.42700216
98,0.42700216
99,0.42700216
100,0.42700216
101,0.42700216
102,0.42990093
103,0.42991812
104,0.42999918
105,0.43000246
106,0.43000246
107,0.43000246
108,0.43000246
109,0.42700005
110,0.42999993
111,0.42999993
112,0.42999993
113,0.42999993
114,0.42999993
115,0.42999993
116,0.42999993
117,0.42999993
118,0.42999993
119,0.42999993
120,0.42999993
121,0.42999993
122,0.42999993
123,0.42999993
124,0.42999993
125,0.42999993
126,0.42999993
127,0.42999993
128,0.42999993
129,0.42999993
130,0.42999993
131,0.42700005
132,0.42700005
133,0.42700005
134,0.42700005
135,0.42999999
136,0.42999999
137,0.42999999
138,0.42999999
139,0.42999999
140,0.42999999
141,0.42999999
142,0.42999999
143,0.42800006
144,0.42800006
145,0.42800006
146,0.42800006
147,0.42800006
148,0.42800006
149,0.42800005
150,0.42800005
151,0.42800005
152,0.42800005
153,0.42800005
154,0.42764056
155,0.42764056
156,0.42764056
157,0.42764056
158,0.42764056
159,0.42764056
160,0.42764056
161,0.42764056
162,0.42764056
163,0.42764056
164,0.42764056
165,0.42764056
166,0.42764056
167,0.42764056
168,0.42764056
169,0.42764056
170,0.42764056
171,0.42764056
172,0.42764056
173,0.42764056
174,0.42764056
175,0.42764056
176,0.42764056
177,0.42764056
178,0.42764056
179,0.43195653
180,0.43195653
181,0.43195653
182,0.43195653
183,0.43195653
184,0.43195653
185,0.43195655
186,0.43195655
187,0.43195655
188,0.43195655
189,0.43195655
190,0.43195648
191,0.43195648
192,0.43195648
193,0.43195648
194,0.43195648
195,0.43195648
196,0.43195648
197,0.43195648
198,0.43195648
199,0.43195648
200,0.43195648
201,0.43195648
202,0.43195648
203,0.43195648
204,0.43195648
205,0.43195648
206,0.43195648
207,0.43195648
208,0.43195652
209,0.43195652
210,0.43195652
211,0.43195652
212,0.43195652
213,0.43195652
214,0.43195652
215,0.43195652
216,0.43195652
217,0.4316
218,0.4316
219,0.4316
220,0.4316
221,0.4316
222,0.4316
223,0.4316
224,0.4316
225,0.4316
226,0.4316
227,0.43109264
228,0.43109264
229,0.43109264
230,0.43109264
231,0.43109264
232,0.43109264
233,0.43030907
234,0.43030907
235,0.43030907
236,0.43030907
237,0.43030907
238,0.43030907
239,0.42980323
240,0.42980323
241,0.42980323
242,0.42980323
243,0.42980323
244,0.42851768
245,0.42851768
246,0.42851768
247,0.42851768
248,0.42851768
249,0.42851768
250,0.42851768
251,0.42851768
252,0.42851768
253,0.42851768
254,0.42851768
255,0.42851768
256,0.42764139
257,0.42764139
258,0.42764139
259,0.42764139
260,0.42764139
261,0.42764139
262,0.42764139
263,0.42764139
264,0.4276414
265,0.4276414
266,0.4276414
267,0.4276414
268,0.4276414
269,0.42764057
270,0.42764057
271,0.42764057
272,0.42764057
273,0.42764057
274,0.42764057
275,0.43070064
276,0.43070064
277,0.43070064
278,0.43070064
279,0.43070064
280,0.43070064
281,0.43070064
282,0.43070064
283,0.43070064
284,0.43070064
285,0.43070064
286,0.43070064
287,0.43070084
288,0.43070085
289,0.43070085
290,0.43070085
291,0.43070064
292,0.43070064
293,0.4294126
294,0.4294126
295,0.4294126
296,0.4294126
297,0.4294126
298,0.4294126
299,0.42764057
300,0.42764057
301,0.42764057
302,0.42764057
303,0.42764057
304,0.42764057
305,0.42764057
306,0.42764057
307,0.42764057
308,0.42941261
309,0.42941261
310,0.42941261
311,0.42941261
312,0.42941261
313,0.42941261
314,0.42941261
315,0.42764057
316,0.42764057
317,0.42764057
318,0.42764057
319,0.42764057
320,0.42764057
321,0.42764057
322,0.42700005
323,0.42700005
324,0.42700005
325,0.42700005
326,0.42700005
327,0.42654245
328,0.42654245
329,0.42654245
330,0.42654245
331,0.42654245
332,0.42654245
333,0.42654245
334,0.42654245
335,0.42654245
336,0.42654245
337,0.42654245
338,0.42654245
339,0.42654245
340,0.42654245
341,0.42654245
342,0.42654245
343,0.42654245
344,0.42654245
345,0.42654245
346,0.42654245
347,0.42654245
348,0.42654245
349,0.42654245
350,0.42654245
351,0.42654245
352,0.42654245
353,0.42941247
354,0.42941247
355,0.42769494
356,0.42769494
357,0.42769494
358,0.42941243
359,0.42941243
360,0.42769494
361,0.42769494
362,0.42769494
363,0.42771212
364,0.42771212
365,0.4294121
366,0.42941205
367,0.42941205
368,0.42769494
369,0.42769494
370,0.42769494
371,0.42769494
372,0.42769494
373,0.42669667
374,0.42669667
375,0.42669667
376,0.42669667
377,0.42669667
378,0.42669667
379,0.42669667
380,0.42669667
381,0.42669667
382,0.42669667
383,0.42669667
384,0.42669667
385,0.42669667
386,0.42669667
387,0.42669667
388,0.42669667
389,0.42941075
390,0.42941075
391,0.42941075
392,0.42941075
393,0.42941075
394,0.42941075
395,0.42669667
396,0.42669667
397,0.42669667
398,0.42669667
399,0.42669667
400,0.42669667
401,0.42656669
402,0.42656669
403,0.42656669
404,0.42670837
405,0.42670837
406,0.42681365
407,0.42681365
408,0.42939972
409,0.42939972
410,0.42939972
411,0.42939972
412,0.42939972
413,0.42939972
414,0.42939947
415,0.42939947
416,0.42939947
417,0.42939947
418,0.42939947
419,0.42939947
420,0.42939924
421,0.42939924
422,0.42939924
423,0.42939924
424,0.42939924
425,0.42939924
426,0.42588754
427,0.42588754
428,0.42588754
429,0.42588754
430,0.42588754
431,0.42588754
432,0.42588754
433,0.42588754
434,0.42588754
435,0.42500548
436,0.42500548
437,0.42500507
438,0.42500507
439,0.42500507
440,0.42500507
441,0.42497334
442,0.42497334
443,0.42585991
444,0.42497334
445,0.424
446,0.42297125
447,0.42297125
448,0.42297125
449,0.42297125
450,0.42297125
451,0.42297123
452,0.42106702
453,0.42106702
454,0.42
455,0.42
456,0.42
457,0.42
458,0.42
459,0.41999999
460,0.41997201
461,0.42269337
462,0.42269337
463,0.42269337
464,0.42269337
465,0.42269337
466,0.42269337
467,0.42269337
468,0.41997201
469,0.42184798
470,0.42184798
471,0.42184798
472,0.42184798
473,0.42184798
474,0.42184798
475,0.41997201
476,0.41997201
477,0.41997201
478,0.41997201
479,0.418
480,0.41755983
481,0.41755983
482,0.4176647
483,0.4176647
484,0.4176647
485,0.4176647
486,0.4176647
487,0.4176647
488,0.4176647
489,0.4176647
490,0.41700007
491,0.41700007
492,0.41700013
493,0.4176647
494,0.41850003
495,0.41850003
496,0.41850003
497,0.41850003
498,0.41850003
499,0.42184799
500,0.42184799
501,0.42184799
502,0.42184799
503,0.42184799
504,0.42184799
505,0.42184799
506,0.42184799
507,0.42184799
508,0.42184799
509,0.42184799
510,0.42184799
511,0.42184799
512,0.42184799
513,0.42184799
514,0.42184799
515,0.4218483
516,0.4218483
517,0.4218483
518,0.4218483
519,0.4218483
520,0.42184799
521,0.42184799
522,0.42184799
523,0.42184799
524,0.42184799
525,0.42184799
526,0.42184799
527,0.42184799
528,0.42184799
529,0.42184799
530,0.42184799
531,0.42058623
532,0.42058623
533,0.42016067
534,0.42016067
535,0.42016067
536,0.42016067
537,0.42016067
538,0.42016067
539,0.42184799
540,0.42016067
541,0.42016067
542,0.42016067
543,0.42016067
544,0.42016067
545,0.42016067
546,0.42016067
547,0.42016067
548,0.42016067
549,0.42016067
550,0.42016067
551,0.42016067
552,0.42016067
553,0.42016067
554,0.42100429
555,0.42100429
556,0.42100429
557,0.42100429
558,0.42100429
559,0.42100429
560,0.42100429
561,0.42100429
562,0.42100429
563,0.42100429
564,0.42100429
565,0.42100429
566,0.42100429
567,0.42100429
568,0.42100429
569,0.42100429
570,0.42100429
571,0.42100429
572,0.42100429
573,0.42100429
574,0.42100429
575,0.42100429
576,0.42100429
577,0.42100429
578,0.42100429
579,0.42100429
580,0.42100429
581,0.42100429
582,0.42100429
583,0.42100429
584,0.42100429
585,0.42100429
586,0.42100429
587,0.42184799
588,0.42184799
589,0.42184799
590,0.42184799
591,0.42184799
592,0.42184806
593,0.42184806
594,0.42184806
595,0.42184806
596,0.42184806
597,0.42184806
598,0.42184806
599,0.42184806
600,0.42184806
601,0.42184806
602,0.42184806
603,0.42184806
604,0.42184806
605,0.42184806
606,0.42184806
607,0.42184806
608,0.42184806
609,0.42184806
610,0.42184806
611,0.42184806
612,0.42184806
613,0.42184806
614,0.42184806
615,0.42184806
616,0.42184806
617,0.42184806
618,0.42184806
619,0.42184806
620,0.42184806
621,0.42184806
622,0.42184806
623,0.42184806
624,0.42184806
625,0.42184806
626,0.42184806
627,0.42184806
628,0.42184806
629,0.42184806
630,0.42184806
631,0.42184806
632,0.42184806
633,0.42184806
634,0.42184806
635,0.42184806
636,0.42184806
637,0.42184806
638,0.42184806
639,0.42184806
640,0.42184806
641,0.42184806
642,0.42184806
643,0.42184806
644,0.42184806
645,0.42184806
646,0.42184806
647,0.42184806
648,0.42184806
649,0.42184806
650,0.42184806
651,0.42184806
652,0.42184806
653,0.42184806
654,0.42184806
655,0.42184806
656,0.42184806
657,0.42269338
658,0.42269338
659,0.42269338
660,0.42269338
661,0.42269338
662,0.42269338
663,0.42269338
664,0.42269338
665,0.42269338
666,0.42269338
667,0.42269339
668,0.42269339
669,0.42269339
670,0.42269339
671,0.42269339
672,0.42269339
673,0.42269339
674,0.42269339
675,0.42297125
676,0.42297125
677,0.42297125
678,0.42297125
679,0.42297125
680,0.42297125
681,0.42297125
682,0.42297125
683,0.42297125
684,0.42297125
685,0.424
686,0.42299818
687,0.42299818
688,0.42299818
689,0.42299818
690,0.42299818
691,0.42299818
692,0.42299818
693,0.42299818
694,0.424
695,0.424
696,0.424
697,0.424
698,0.424
699,0.424
700,0.424
701,0.424
702,0.42444963
703,0.42616845
704,0.42616845
705,0.42616845
706,0.42616845
707,0.42624379
708,0.42624379
709,0.42624379
710,0.42624379
711,0.42624379
712,0.42624379
713,0.42624379
714,0.42624379
715,0.42624379
716,0.4267582
717,0.4267582
718,0.4267582
719,0.4267582
720,0.4267582
721,0.42675821
722,0.42675821
723,0.42675821
724,0.42897174
725,0.42897174
726,0.42897176
727,0.42913696
728,0.42913696
729,0.42913696
730,0.42913696
731,0.42897178
732,0.42897178
733,0.42897178
734,0.42897178
735,0.4289883
736,0.42893873
737,0.42893873
738,0.42893873
739,0.42893873
740,0.42893873
741,0.42893873
742,0.42895849
743,0.42895849
744,0.4289585
745,0.42895849
746,0.42895849
747,0.4289585
748,0.4289585
749,0.42895849
750,0.42895849
751,0.42895849
752,0.42895849
753,0.42895849
754,0.4289585
755,0.4289585
756,0.42895849
757,0.42895849
758,0.42895849
759,0.42895849
760,0.42895849
761,0.42895849
762,0.42895849
763,0.42895849
764,0.42895849
765,0.42895849
766,0.42895849
767,0.42895849
768,0.42895849
769,0.42895849
770,0.42895849
771,0.42895849
772,0.42895849
773,0.42895849
774,0.42895849
775,0.42895849
776,0.42895849
777,0.42895849
778,0.42895849
779,0.42895849
780,0.42895849
781,0.42895849
782,0.42895849
783,0.42895849
784,0.42895849
785,0.42895849
786,0.42895849
787,0.42895849
788,0.42913526
789,0.42913526
790,0.42913526
791,0.42913526
792,0.42913526
793,0.42913493
794,0.42913493
795,0.42913493
796,0.42913493
797,0.42913493
798,0.42913493
799,0.42913493
800,0.42913493
801,0.42913493
802,0.42913493
803,0.42913493
804,0.42913493
805,0.42913493
806,0.42913493
807,0.42913493
808,0.42913493
809,0.42895849
810,0.42895849
811,0.42895849
812,0.42895849
813,0.42895849
814,0.42895849
815,0.42895849
816,0.42895849
817,0.42895849
818,0.42895849
819,0.42895849
820,0.42895849
821,0.42895849
822,0.42895849
823,0.42895849
824,0.42895849
825,0.42895849
826,0.42832343
827,0.42832343
828,0.42832343
829,0.42832343
830,0.42832343
831,0.42832343
832,0.42832343
833,0.42832343
834,0.42832343
835,0.42832343
836,0.42832343
837,0.42832205
838,0.42832205
839,0.42832205
840,0.42832205
841,0.42832205
842,0.42832205
843,0.42832205
844,0.42832205
845,0.42832205
846,0.42832205
847,0.42832205
848,0.42832205
849,0.42832205
850,0.42832205
851,0.42832205
852,0.42832205
853,0.42832205
854,0.42832205
855,0.42832205
856,0.42832205
857,0.42832205
858,0.42832205
859,0.42832205
860,0.42832205
861,0.42832205
862,0.42513527
863,0.42513527
864,0.42513527
865,0.42513527
866,0.42513527
867,0.42513527
868,0.42513527
869,0.42513527
870,0.42513527
871,0.42513527
872,0.42513527
873,0.42513527
874,0.42513527
875,0.42300115
876,0.42308585
877,0.42308585
878,0.42308597
879,0.42308611
880,0.42308611
881,0.42308611
882,0.42308611
883,0.42830967
884,0.42830967
885,0.42830967
886,0.42830967
887,0.42830967
888,0.42809941
889,0.42809956
890,0.42809956
891,0.42809956
892,0.42809956
893,0.42809956
894,0.42809956
895,0.42809956
896,0.42822969
897,0.42822969
898,0.42822969
899,0.42822969
900,0.42822969
901,0.42822969
902,0.42822969
903,0.42822969
904,0.42822969
905,0.42822969
906,0.42822969
907,0.42822969
908,0.42822969
909,0.42822969
910,0.42822969
911,0.42822969
912,0.42822969
913,0.42822969
914,0.42822969
915,0.42822969
916,0.42822969
917,0.42822969
918,0.42822969
919,0.428323
920,0.428323
921,0.428323
922,0.428323
923,0.428323
924,0.428323
925,0.428323
926,0.428323
927,0.428323
928,0.428323
929,0.428323
930,0.428323
931,0.428323
932,0.428323
933,0.428323
934,0.428323
935,0.428323
936,0.428323
937,0.428323
938,0.428323
939,0.428323
940,0.428323
941,0.428323
942,0.428323
943,0.428323
944,0.428323
945,0.428323
946,0.428323
947,0.428323
948,0.428323
949,0.428323
950,0.428323
951,0.428323
952,0.428323
953,0.428323
954,0.428323
955,0.428323
956,0.428323
957,0.428323
958,0.428323
959,0.428323
960,0.42832299
961,0.42832299
962,0.42832299
963,0.42832299
964,0.42832299
965,0.42832299
966,0.42832299
967,0.42832299
968,0.42832299
969,0.42832299
970,0.42832299
971,0.42832296
972,0.428323
973,0.428323
974,0.428323
975,0.428323
976,0.428323
977,0.428323
978,0.428323
979,0.428
980,0.428
981,0.428
982,0.428
983,0.428
984,0.428
985,0.428
986,0.428
987,0.428
988,0.428
989,0.428
990,0.428
991,0.428
992,0.428
993,0.428
994,0.428
995,0.428
996,0.428
997,0.428
998,0.428
999,0.428
1000,0.428
1001,0.428
1002,0.428
1003,0.428
1004,0.428
1005,0.428
1006,0.428
1007,0.428
1008,0.428
1009,0.428
1010,0.428
1011,0.428
1012,0.428
1013,0.428
1014,0.428
1015,0.428
1016,0.428
1017,0.428
1018,0.428
1019,0.428
1020,0.428
1021,0.428
1022,0.428
1023,0.4275
1024,0.4275
1025,0.4275
1026,0.4275
1027,0.4275
1028,0.4275
1029,0.4275
1030,0.4275
1031,0.4275
1032,0.4275
1033,0.4275
1034,0.4275
1035,0.4275
1036,0.4275
1037,0.42432314
1038,0.42432314
1039,0.42432314
1040,0.42432314
1041,0.42432314
1042,0.427
1043,0.427
1044,0.427
1045,0.427
1046,0.427
1047,0.427
1048,0.427
1049,0.427
1050,0.4275
1051,0.4275
1052,0.4275
1053,0.4275
1054,0.42332329
1055,0.42332329
1056,0.42332333
1057,0.42332329
1058,0.42332329
1059,0.42332329
1060,0.42332329
1061,0.42332329
1062,0.42332329
1063,0.42332329
1064,0.42332329
1065,0.42332329
1066,0.42332329
1067,0.42332329
1068,0.42332329
1069,0.42332329
1070,0.42332329
1071,0.42332329
1072,0.42332329
1073,0.42332329
1074,0.42332329
1075,0.42332329
1076,0.42332329
1077,0.42332329
1078,0.42332329
1079,0.42332329
1080,0.42332329
1081,0.42332329
1082,0.42332329
1083,0.42332329
1084,0.42332329
1085,0.42332329
1086,0.42332329
1087,0.42332329
1088,0.42332329
1089,0.42332329
1090,0.42332329
1091,0.42332329
1092,0.42332329
1093,0.42332329
1094,0.42332329
1095,0.42332329
1096,0.42332329
1097,0.42332329
1098,0.42332329
1099,0.42332329
1100,0.42332329
1101,0.42332329
1102,0.42332329
1103,0.42332329
1104,0.42332329
1105,0.42310543
1106,0.42310543
1107,0.42310543
1108,0.42310543
1109,0.42310543
1110,0.42310543
1111,0.42310543
1112,0.42310543
1113,0.42310543
1114,0.42310543
1115,0.42310543
1116,0.42310543
1117,0.42310543
1118,0.42310543
1119,0.42310543
1120,0.42310543
1121,0.42310943
1122,0.42310943
1123,0.42310943
1124,0.42310943
1125,0.42311039
1126,0.42311039
1127,0.42311039
1128,0.42311039
1129,0.42311039
1130,0.42311039
1131,0.42311039
1132,0.42311057
1133,0.4231
1134,0.4231
1135,0.4231
1136,0.4231
1137,0.4231
1138,0.4231
1139,0.4231
1140,0.42308575
1141,0.42308575
1142,0.42308575
1143,0.42308575
1144,0.42308575
1145,0.42308575
1146,0.42308575
1147,0.42308575
1148,0.42308575
1149,0.42308575
1150,0.42308575
1151,0.42308575
1152,0.42308575
1153,0.42308575
1154,0.42308575
1155,0.42659028
1156,0.42300115
1157,0.42300115
1158,0.42300115
1159,0.42300115
1160,0.42300113
1161,0.42300113
1162,0.42300113
1163,0.42300113
1164,0.42300113
1165,0.42300114
1166,0.42300114
1167,0.42300114
1168,0.42300114
1169,0.42300114
1170,0.42300114
1171,0.42300114
1172,0.42300114
1173,0.42300114
1174,0.42300114
1175,0.42297125
1176,0.42297125
1177,0.42496629
1178,0.42297125
1179,0.42297125
1180,0.42297125
1181,0.42297126
1182,0.42297126
1183,0.42297126
1184,0.42297125
1185,0.42274983
1186,0.42274983
1187,0.42274983
1188,0.42273786
1189,0.42273786
1190,0.42273786
1191,0.42273786
1192,0.42273786
1193,0.42273786
1194,0.42273786
1195,0.42273786
1196,0.42273786
1197,0.42273786
1198,0.4227341
1199,0.42273409
1200,0.42273409
1201,0.42273409
1202,0.42269338
1203,0.42269338
1204,0.42269338
1205,0.42269338
1206,0.42252411
1207,0.42252411
1208,0.42252411
1209,0.42252411
1210,0.42184806
1211,0.42184806
1212,0.42184806
1213,0.42184806
1214,0.42184806
1215,0.42184806
1216,0.42184806
1217,0.42184806
1218,0.42184806
1219,0.42193822
1220,0.42193822
1221,0.42184806
1222,0.42184806
1223,0.42184806
1224,0.42269336
1225,0.42269335
1226,0.42269335
1227,0.42269335
1228,0.42269335
1229,0.42
1230,0.42
1231,0.41999999
1232,0.41999999
1233,0.41999999
1234,0.41999999
1235,0.41999999
1236,0.41999999
1237,0.41999999
1238,0.41999999
1239,0.41999999
1240,0.41999999
1241,0.41935624
1242,0.4185
1243,0.4185
1244,0.4185
1245,0.4185
1246,0.4185
1247,0.4185
1248,0.4185
1249,0.4185
1250,0.4185
1251,0.4185
1252,0.4185
1253,0.4185
1254,0.4185
1255,0.41832299
1256,0.41832299
1257,0.41849999
1258,0.41849999
1259,0.41795829
1260,0.4176647
1261,0.4176647
1262,0.4176647
1263,0.4176647
1264,0.4176647
1265,0.41758493
1266,0.41758493
1267,0.415491
1268,0.415491
1269,0.415491
1270,0.415491
1271,0.415491
1272,0.415491
1273,0.415491
1274,0.415491
1275,0.41540225
1276,0.4150046
1277,0.4150046
1278,0.4150046
1279,0.4150046
1280,0.415
1281,0.415
1282,0.415
1283,0.415
1284,0.415
1285,0.415
1286,0.415
1287,0.415
1288,0.415
1289,0.415
1290,0.415
1291,0.415
1292,0.415
1293,0.415
1294,0.41276583
1295,0.41516269
1296,0.41516269
1297,0.41516269
1298,0.41516269
1299,0.41589367
1300,0.41276609
1301,0.4184995
1302,0.4184995
1303,0.4184995
1304,0.4184995
1305,0.4184995
1306,0.4184995
1307,0.4184995
1308,0.417
1309,0.417
1310,0.417
1311,0.417
1312,0.4151
1313,0.4151
1314,0.4151
1315,0.4151
1316,0.4151
1317,0.4151
1318,0.4151
1319,0.4151
1320,0.4151
1321,0.4151
1322,0.4151
1323,0.4151
1324,0.4151
1325,0.4151
1326,0.4151
1327,0.4151
1328,0.4151
1329,0.4151
1330,0.41276583
1331,0.41276583
1332,0.41679866
1333,0.41679866
1334,0.41214834
1335,0.41214834
1336,0.41214834
1337,0.41214835
1338,0.41169169
1339,0.41169169
1340,0.41099999
1341,0.41161335
1342,0.41000001
1343,0.41000001
1344,0.41000001
1345,0.41000001
1346,0.41000001
1347,0.41
1348,0.41
1349,0.41
1350,0.41
1351,0.41
1352,0.41
1353,0.41
1354,0.41
1355,0.41
1356,0.41
1357,0.41
1358,0.41
1359,0.41
1360,0.41
1361,0.41
1362,0.41
1363,0.41
1364,0.40982335
1365,0.40982335
1366,0.40982335
1367,0.40982335
1368,0.40982335
1369,0.40982334
1370,0.40982334
1371,0.40982334
1372,0.40982334
1373,0.40982334
1374,0.40982334
1375,0.40982334
1376,0.40982334
1377,0.40982334
1378,0.40982334
1379,0.40982334
1380,0.40982334
1381,0.40982334
1382,0.40982334
1383,0.40982334
1384,0.40982334
1385,0.40982334
1386,0.40983923
1387,0.40983923
1388,0.40999999
1389,0.40854504
1390,0.40854504
1391,0.40854504
1392,0.40854504
1393,0.40854504
1394,0.40854504
1395,0.40854504
1396,0.40999999
1397,0.40999999
1398,0.40999999
1399,0.40999999
1400,0.40999999
1401,0.40999999
1402,0.40999999
1403,0.40999999
1404,0.40999999
1405,0.40999999
1406,0.40999999
1407,0.40999999
1408,0.40999999
1409,0.40999999
1410,0.41169957
1411,0.41154296
1412,0.41154296
1413,0.41236602
1414,0.41154296
1415,0.41154296
1416,0.41154296
1417,0.41154296
1418,0.41154296
1419,0.41154296
1420,0.41154296
1421,0.40925959
1422,0.40925959
1423,0.40925959
1424,0.40925959
1425,0.40925959
1426,0.40925959
1427,0.40925959
1428,0.40925959
1429,0.40925959
1430,0.40925959
1431,0.40925959
1432,0.40925959
1433,0.40925959
1434,0.40925959
1435,0.40925959
1436,0.40925959
1437,0.40936628
1438,0.409366
1439,0.409366
1440,0.409366
1441,0.40926065
1442,0.40926065
1443,0.409366
1444,0.40925959
1445,0.40925959
1446,0.40925959
1447,0.40925959
1448,0.40925959
1449,0.40925959
1450,0.40925959
1451,0.40925959
1452,0.40925959
1453,0.40925959
1454,0.40925959
1455,0.40925959
1456,0.40925959
1457,0.40925959
1458,0.40925959
1459,0.40925959
1460,0.40925959
1461,0.4126335
1462,0.4126335
1463,0.4126335
1464,0.41263312
1465,0.41263312
1466,0.41263312
1467,0.41263312
1468,0.41263312
1469,0.41263312
1470,0.41263349
1471,0.41263349
1472,0.41263349
1473,0.41263349
1474,0.409366
1475,0.409366
1476,0.40954987
1477,0.40954987
1478,0.40954987
1479,0.40954987
1480,0.40962342
1481,0.40962342
1482,0.40962342
1483,0.40962342
1484,0.40962342
1485,0.40962342
1486,0.40962342
1487,0.40962342
1488,0.40962342
1489,0.40962342
1490,0.40962342
1491,0.40962342
1492,0.40962342
1493,0.40962342
1494,0.40962342
1495,0.40962342
1496,0.40962342
1497,0.40962342
1498,0.41065005
1499,0.41065005
1500,0.41065005
1501,0.41065005
1502,0.41065005
1503,0.41065005
1504,0.41065005
1505,0.41065005
1506,0.40954987
1507,0.40954987
1508,0.40954987
1509,0.409366
1510,0.409366
1511,0.408
1512,0.40940094
1513,0.40940094
1514,0.40940094
1515,0.40940094
1516,0.40940094
1517,0.408
1518,0.4077024
1519,0.40735021
1520,0.40735021
1521,0.40700228
1522,0.40700228
1523,0.40799993
1524,0.40690095
1525,0.40690095
1526,0.40690095
1527,0.40690095
1528,0.40659999
1529,0.40303001
1530,0.40303003
1531,0.40303005
1532,0.4065
1533,0.4065
1534,0.4065
1535,0.4065
1536,0.4065
1537,0.4065
1538,0.40649959
1539,0.40649959
1540,0.40649959
1541,0.40649959
1542,0.40649959
1543,0.403
1544,0.403
1545,0.406
1546,0.406
1547,0.406
1548,0.406
1549,0.406
1550,0.406
1551,0.406
1552,0.406
1553,0.4054
1554,0.4054
1555,0.40516999
1556,0.40516999
1557,0.40516999
1558,0.40516999
1559,0.40516999
1560,0.40516999
1561,0.40516999
1562,0.403
1563,0.403
1564,0.403
1565,0.40300001
1566,0.40300001
1567,0.40295085
1568,0.40295085
1569,0.40295085
1570,0.40295085
1571,0.40295085
1572,0.40295085
1573,0.40295085
1574,0.40295085
1575,0.40295085
1576,0.40295085
1577,0.40295085
1578,0.40295085
1579,0.40516998
1580,0.40516998
1581,0.40516998
1582,0.40516998
1583,0.40516998
1584,0.40516998
1585,0.40516998
1586,0.40516999
1587,0.40516999
1588,0.40516999
1589,0.40516999
1590,0.40516998
1591,0.40516998
1592,0.40516998
1593,0.40516998
1594,0.40516998
1595,0.40516998
1596,0.40516998
1597,0.40516998
1598,0.40516998
1599,0.40516998
1600,0.40516998
1601,0.40516998
1602,0.40516998
1603,0.40492761
1604,0.40221583
1605,0.40221617
1606,0.40221617
1607,0.40221622
1608,0.40221622
1609,0.40221622
1610,0.40221622
1611,0.40204995
1612,0.40182099
1613,0.40182099
1614,0.4017785
1615,0.4016
1616,0.4016
1617,0.4016
1618,0.40039948
1619,0.40039948
1620,0.40039948
1621,0.40039948
1622,0.40039948
1623,0.40039949
1624,0.40039949
1625,0.40039949
1626,0.40052359
1627,0.4054
1628,0.40041066
1629,0.40990252
1630,0.41064182
1631,0.41064182
1632,0.41064182
1633,0.41064182
1634,0.41064182
1635,0.40041068
1636,0.40041068
1637,0.40041068
1638,0.40041068
1639,0.40041068
1640,0.40041068
1641,0.40868278
1642,0.40868278
1643,0.40041104
1644,0.40041103
1645,0.40041103
1646,0.40041104
1647,0.40041104
1648,0.4
1649,0.397
1650,0.397
1651,0.397
1652,0.397
1653,0.40042066
1654,0.40042066
1655,0.40042066
1656,0.397
1657,0.397
1658,0.397
1659,0.397
1660,0.397
1661,0.397
1662,0.3969
1663,0.39692282
1664,0.39674214
1665,0.39674214
1666,0.39674214
1667,0.39674214
1668,0.396672
1669,0.39645901
1670,0.39645901
1671,0.39645901
1672,0.39645901
1673,0.39645901
1674,0.39645901
1675,0.39611775
1676,0.396011
1677,0.396
1678,0.39594866
1679,0.39583646
1680,0.3956
1681,0.39521898
1682,0.39521898
1683,0.39516998
1684,0.395
1685,0.395
1686,0.395
1687,0.39481558
1688,0.39357039
1689,0.3933
1690,0.3933
1691,0.39232999
1692,0.39232999
1693,0.39233
1694,0.39233
1695,0.39233
1696,0.39233
1697,0.3922889
1698,0.39219999
1699,0.3913583
1700,0.39233
1701,0.39233
1702,0.39233
1703,0.39233
1704,0.39233
1705,0.39233
1706,0.39233
1707,0.39233
1708,0.39233
1709,0.39233022
1710,0.39233003
1711,0.39583646
1712,0.39583646
1713,0.396011
1714,0.396011
1715,0.396011
1716,0.396011
1717,0.396
1718,0.39555768
1719,0.39555768
1720,0.39555768
1721,0.39555768
1722,0.3926613
1723,0.39587298
1724,0.39587298
1725,0.39556058
1726,0.39587298
1727,0.39587298
1728,0.396
1729,0.39674214
1730,0.39674214
1731,0.39674214
1732,0.39674214
1733,0.39674214
1734,0.39674214
1735,0.39674214
1736,0.39674214
1737,0.39674214
1738,0.39735901
1739,0.39666906
1740,0.39735901
1741,0.398
1742,0.39666906
1743,0.39666906
1744,0.39666906
1745,0.39666906
1746,0.39666903
1747,0.39666906
1748,0.39666903
1749,0.39666906
1750,0.39666906
1751,0.39666903
1752,0.39666904
1753,0.39666903
1754,0.39587298
1755,0.39587298
1756,0.39587298
1757,0.39587298
1758,0.39587298
1759,0.39666835
1760,0.39666835
1761,0.396
1762,0.396
1763,0.396
1764,0.396
1765,0.396
1766,0.396
1767,0.396
1768,0.396
1769,0.396
1770,0.396
1771,0.39599976
1772,0.39599976
1773,0.3926613
1774,0.3926613
1775,0.3926613
1776,0.3926613
1777,0.3926613
1778,0.3926613
1779,0.3926613
1780,0.3926613
1781,0.39520612
1782,0.39520612
1783,0.39599777
1784,0.39599777
1785,0.39599777
1786,0.39599777
1787,0.39599777
1788,0.3920853
1789,0.39527727
1790,0.39527727
1791,0.39527727
1792,0.39527727
1793,0.3920853
1794,0.3920853
1795,0.3920853
1796,0.3920853
1797,0.3920853
1798,0.3920853
1799,0.3920853
1800,0.3920853
1801,0.3920853
1802,0.392
1803,0.392
1804,0.392
1805,0.39086742
1806,0.39
1807,0.39
1808,0.39
1809,0.39
1810,0.38898993
1811,0.38898993
1812,0.38898993
1813,0.38898993
1814,0.38898993
1815,0.38898994
1816,0.38898994
1817,0.38898994
1818,0.38898994
1819,0.38898994
1820,0.38898994
1821,0.38898994
1822,0.38898994
1823,0.39
1824,0.39
1825,0.39
1826,0.39
1827,0.39
1828,0.39000032
1829,0.39
1830,0.39
1831,0.3899999
1832,0.39
1833,0.39
1834,0.39
1835,0.39
1836,0.39
1837,0.39
1838,0.39
1839,0.39
1840,0.39
1841,0.39
1842,0.39
1843,0.39475347
1844,0.39475347
1845,0.39665452
1846,0.39665451
1847,0.39665451
1848,0.39475306
1849,0.39475306
1850,0.39475306
1851,0.39475306
1852,0.39475306
1853,0.3910679
1854,0.39100021
1855,0.39100021
1856,0.39100021
1857,0.39100021
1858,0.39665293
1859,0.39665293
1860,0.39665293
1861,0.39665293
1862,0.39200043
1863,0.39665293
1864,0.39665293
1865,0.39665293
1866,0.39665293
1867,0.39665293
1868,0.39665293
1869,0.39665293
1870,0.39665293
1871,0.39665293
1872,0.39665293
1873,0.39665293
1874,0.39665293
1875,0.39665293
1876,0.39665293
1877,0.39665293
1878,0.39665293
1879,0.3966549
1880,0.39665491
1881,0.39665491
1882,0.39665491
1883,0.3966549
1884,0.3966678
1885,0.3966678
1886,0.3966678
1887,0.3966678
1888,0.3966678
1889,0.40130243
1890,0.40130243
1891,0.40130243
1892,0.40130243
1893,0.3966678
1894,0.3966678
1895,0.3966678
1896,0.3966678
1897,0.3966678
1898,0.3966678
1899,0.3966678
1900,0.3966678
1901,0.3966678
1902,0.397
1903,0.397
1904,0.397
1905,0.397
1906,0.39825247
1907,0.39825247
1908,0.397
1909,0.397
1910,0.397
1911,0.397
1912,0.3971
1913,0.397
1914,0.397
1915,0.39709334
1916,0.39709334
1917,0.39709334
1918,0.39709334
1919,0.39709334
1920,0.39709334
1921,0.39665491
1922,0.396655
1923,0.396655
1924,0.3966549
1925,0.3966549
1926,0.3926046
1927,0.3926046
1928,0.3926046
1929,0.3926046
1930,0.3926046
1931,0.39260467
1932,0.39250969
1933,0.39165464
1934,0.39165464
1935,0.3915
1936,0.3915
1937,0.3915
1938,0.3915
1939,0.3915
1940,0.39146597
1941,0.39146597
1942,0.39146597
1943,0.391
1944,0.391
1945,0.391
1946,0.391
1947,0.391
1948,0.39099999
1949,0.39099999
1950,0.39099999
1951,0.39077691
1952,0.39077691
1953,0.39077691
1954,0.39077691
1955,0.39006655
1956,0.39006655
1957,0.39045064
1958,0.39045064
1959,0.39045064
1960,0.39006657
1961,0.39006657
1962,0.39006657
1963,0.39006657
1964,0.39006657
1965,0.39006657
1966,0.39006699
1967,0.39006699
1968,0.39006699
1969,0.39045064
1970,0.39045064
1971,0.39006692
1972,0.39006692
1973,0.39
1974,0.39
1975,0.38999838
1976,0.38999838
1977,0.38999839
1978,0.39
1979,0.3876177
1980,0.3876177
1981,0.3869219
1982,0.3869219
1983,0.38833023
1984,0.38718964
1985,0.3871897
1986,0.38833023
1987,0.38677982
1988,0.38677981
1989,0.38677981
1990,0.38677981
1991,0.38677981
1992,0.38677981
1993,0.38854694
1994,0.38678003
1995,0.38678003
1996,0.39259256
1997,0.38665385
1998,0.38665386
1999,0.38665385
2000,0.38665385
2001,0.38665385
2002,0.385
2003,0.385
2004,0.385
2005,0.38505971
2006,0.385
2007,0.385
2008,0.385
2009,0.385
2010,0.385
2011,0.385
2012,0.385
2013,0.385
2014,0.38500001
2015,0.38531426
2016,0.38531427
2017,0.38708473
2018,0.38805463
2019,0.39202715
2020,0.39036538
2021,0.38651388
2022,0.38651388
2023,0.3903653
2024,0.3903653
2025,0.3903653
2026,0.3903653
2027,0.3865
2028,0.3865
2029,0.3865
2030,0.385
2031,0.385
2032,0.38322239
2033,0.38322239
2034,0.38475529
2035,0.38322262
2036,0.38475529
2037,0.38475529
2038,0.38475529
2039,0.38475529
2040,0.38475529
2041,0.38475529
2042,0.38475529
2043,0.38475529
2044,0.38322266
2045,0.38322266
2046,0.3847553
2047,0.3847553
2048,0.3847553
2049,0.3847553
2050,0.3847553
2051,0.38753836
2052,0.38753836
2053,0.38753836
2054,0.38753836
2055,0.38753836
2056,0.38753836
2057,0.38753836
2058,0.39
2059,0.39
2060,0.38753836
2061,0.38753836
2062,0.38753836
2063,0.38753836
2064,0.38504999
2065,0.38504999
2066,0.38504999
2067,0.38504999
2068,0.38504999
2069,0.38504999
2070,0.38504999
2071,0.38504999
2072,0.38504999
2073,0.38504999
2074,0.38504999
2075,0.38504999
2076,0.38504999
2077,0.38504999
2078,0.38586121
2079,0.38586121
2080,0.38586121
2081,0.38586121
2082,0.38586121
2083,0.38586131
2084,0.38590965
2085,0.38600238
2086,0.38602825
2087,0.38602825
2088,0.38612679
2089,0.38643721
2090,0.3946941
2091,0.3946941
2092,0.3946941
2093,0.3946941
2094,0.3946941
2095,0.38983287
2096,0.38983287
2097,0.38983287
2098,0.38983287
2099,0.38983287
2100,0.38701313
2101,0.38842314
2102,0.38701314
2103,0.38842314
2104,0.38842314
2105,0.3898327
2106,0.3898327
2107,0.3898327
2108,0.39124177
2109,0.39124177
2110,0.3898327
2111,0.3898327
2112,0.38732116
2113,0.3898327
2114,0.3898327
2115,0.3898327
2116,0.3898327
2117,0.38792013
2118,0.38792013
2119,0.38792013
2120,0.38792013
2121,0.3899512
2122,0.3899512
2123,0.3899512
2124,0.3899512
2125,0.3899512
2126,0.38792013
2127,0.38709054
2128,0.387
2129,0.38643721
2130,0.38643721
2131,0.39003463
2132,0.39003463
2133,0.39003429
2134,0.39003429
2135,0.39003429
2136,0.39003384
2137,0.39003384
2138,0.39003384
2139,0.39003384
2140,0.39003384
2141,0.39003384
2142,0.39003384
2143,0.380651
2144,0.380651
2145,0.38
2146,0.38076003
2147,0.38092313
2148,0.38103892
2149,0.38210622
2150,0.38210622
2151,0.38210622
2152,0.38210622
2153,0.38210622
2154,0.38367547
2155,0.38367547
2156,0.38532916
2157,0.38532916
2158,0.38532916
2159,0.38532916
2160,0.38532916
2161,0.38557714
2162,0.38557714
2163,0.38618428
2164,0.38618428
2165,0.38618428
2166,0.3865
2167,0.38748077
2168,0.38748077
2169,0.38748077
2170,0.38748077
2171,0.38748077
2172,0.38748077
2173,0.38748077
2174,0.3865
2175,0.3865
2176,0.3865
2177,0.3865
2178,0.3865
2179,0.38832915
2180,0.38832915
2181,0.38832915
2182,0.38832915
2183,0.38832915
2184,0.38832915
2185,0.38832915
2186,0.38832915
2187,0.38832915
2188,0.38832915
2189,0.38832916
2190,0.38832916
2191,0.38832916
2192,0.38832916
2193,0.38832916
2194,0.38832916
2195,0.38832916
2196,0.38832916
2197,0.38832916
2198,0.38832916
2199,0.38832916
2200,0.38832916
2201,0.38832916
2202,0.38832916
2203,0.38832916
2204,0.38832916
2205,0.38832916
2206,0.38832916
2207,0.38832916
2208,0.38832915
2209,0.38832915
2210,0.38832915
2211,0.38832915
2212,0.38832915
2213,0.387
2214,0.387
2215,0.387
2216,0.38532916
2217,0.38532916
2218,0.38532916
2219,0.38532916
2220,0.38532916
2221,0.38532916
2222,0.38532916
2223,0.38532916
2224,0.38532916
2225,0.38532916
2226,0.38532916
2227,0.38532916
2228,0.38532916
2229,0.38532916
2230,0.38532916
2231,0.38532916
2232,0.38532916
2233,0.38532916
2234,0.38532916
2235,0.38532916
2236,0.38311935
2237,0.38311935
2238,0.38311935
2239,0.38311935
2240,0.38311935
2241,0.38311935
2242,0.38311935
2243,0.38311935
2244,0.38553371
2245,0.38553371
2246,0.38553371
2247,0.38553371
2248,0.38553371
2249,0.38553371
2250,0.38553371
2251,0.38553371
2252,0.38553371
2253,0.38553371
2254,0.38553371
2255,0.38699963
2256,0.38699963
2257,0.38699963
2258,0.38699924
2259,0.38699924
2260,0.38699924
2261,0.38699924
2262,0.38498147
2263,0.38498147
2264,0.38498146
2265,0.38498147
2266,0.38498147
2267,0.38498147
2268,0.38699963
2269,0.38516317
2270,0.38699963
2271,0.38699963
2272,0.38699963
2273,0.38699963
2274,0.38699963
2275,0.38699963
2276,0.38699963
2277,0.38699963
2278,0.38699963
2279,0.38699963
2280,0.38699907
2281,0.38699907
2282,0.38699907
2283,0.38699983
2284,0.38699983
2285,0.38699983
2286,0.38699983
2287,0.38699983
2288,0.38699983
2289,0.387
2290,0.39564299
2291,0.39564299
2292,0.39564256
2293,0.39564256
2294,0.39564256
2295,0.39564256
2296,0.39564256
2297,0.39564204
2298,0.39564204
2299,0.39564204
2300,0.39564204
2301,0.39564204
2302,0.39564204
2303,0.39564204
2304,0.38700068
2305,0.38700068
2306,0.38700068
2307,0.38700068
2308,0.38700068
2309,0.38700068
2310,0.38700068
2311,0.38700068
2312,0.38700068
2313,0.38700068
2314,0.38700068
2315,0.38700068
2316,0.38700068
2317,0.38671888
2318,0.38671888
2319,0.38671888
2320,0.38671888
2321,0.38700007
2322,0.38700007
2323,0.38700007
2324,0.39087007
2325,0.39087007
2326,0.39087007
2327,0.39087007
2328,0.39087007
2329,0.39087007
2330,0.39087007
2331,0.39087007
2332,0.39087007
2333,0.3908
2334,0.3908
2335,0.3908
2336,0.388
2337,0.39323052
2338,0.39323052
2339,0.388
2340,0.388
2341,0.39322986
2342,0.39322986
2343,0.38500066
2344,0.38500066
2345,0.38500066
2346,0.38500066
2347,0.38500066
2348,0.38500066
2349,0.38500066
2350,0.38500066
2351,0.38500066
2352,0.38500066
2353,0.38500066
2354,0.38500098
2355,0.38500098
2356,0.38500098
2357,0.38500098
2358,0.38500098
2359,0.38500098
2360,0.38500098
2361,0.38500098
2362,0.38500098
2363,0.38500098
2364,0.38500098
2365,0.38500098
2366,0.39322419
2367,0.39322419
2368,0.38500068
2369,0.38500068
2370,0.38500068
2371,0.38500068
2372,0.38500068
2373,0.38500068
2374,0.38500068
2375,0.38500068
2376,0.38500068
2377,0.38500068
2378,0.38500068
2379,0.38500068
2380,0.38500068
2381,0.38500068
2382,0.38999778
2383,0.38999778
2384,0.386
2385,0.386
2386,0.386
2387,0.386
2388,0.386
2389,0.386
2390,0.38500069
2391,0.38500069
2392,0.38500069
2393,0.38500069
2394,0.38500069
2395,0.38500069
2396,0.38500069
2397,0.386
2398,0.386
2399,0.386
2400,0.38599999
2401,0.38599999
2402,0.38959427
2403,0.38959427
2404,0.38959427
2405,0.38959427
2406,0.38599998
2407,0.38599998
2408,0.38959305
2409,0.38599998
2410,0.38959246
2411,0.38959246
2412,0.38959246
2413,0.38959246
2414,0.38999054
2415,0.38999054
2416,0.38999054
2417,0.38999054
2418,0.38999054
2419,0.38999054
2420,0.38999054
2421,0.39
2422,0.39
2423,0.39564293
2424,0.39564293
2425,0.39564293
2426,0.39564238
2427,0.39564238
2428,0.39564238
2429,0.39564238
2430,0.39564238
2431,0.39564238
2432,0.39564238
2433,0.39564238
2434,0.39564238
2435,0.39564238
2436,0.39564238
2437,0.39564238
2438,0.39564238
2439,0.39564238
2440,0.39564238
2441,0.39564238
2442,0.39564238
2443,0.39564238
2444,0.39564238
2445,0.39564238
2446,0.39564238
2447,0.39564238
2448,0.39564238
2449,0.39564238
2450,0.39564238
2451,0.39564238
2452,0.39564238
2453,0.39499857
2454,0.39499857
2455,0.39499857
2456,0.39499857
2457,0.39499857
2458,0.39499857
2459,0.39499857
2460,0.39499857
2461,0.39499857
2462,0.39499857
2463,0.39499857
2464,0.39499857
2465,0.39499857
2466,0.39499857
2467,0.39499857
2468,0.39499857
2469,0.39499857
2470,0.39499857
2471,0.39499572
2472,0.39499572
2473,0.39499562
2474,0.39499562
2475,0.39499562
2476,0.39499562
2477,0.39499562
2478,0.39499562
2479,0.39499562
2480,0.39499562
2481,0.39499562
2482,0.39498995
2483,0.39498995
2484,0.39498995
2485,0.39498995
2486,0.39498995
2487,0.39498995
2488,0.38785526
2489,0.38785526
2490,0.38785526
2491,0.38785526
2492,0.38939399
2493,0.38939399
2494,0.39399917
2495,0.39399917
2496,0.39399917
2497,0.38939399
2498,0.38939399
2499,0.39005917
2500,0.39005917
2501,0.39005917
2502,0.39005917
2503,0.3883
2504,0.3883
2505,0.3883
2506,0.3883
2507,0.39
2508,0.39199912
2509,0.39
2510,0.39
2511,0.39
2512,0.39
2513,0.39
2514,0.39
2515,0.39
2516,0.39
2517,0.39
2518,0.39
2519,0.39
2520,0.39
2521,0.39
2522,0.39
2523,0.39
2524,0.39
2525,0.39
2526,0.39199623
2527,0.39199623
2528,0.39199623
2529,0.39199623
2530,0.39199623
2531,0.39199623
2532,0.39199623
2533,0.39199623
2534,0.39199623
2535,0.39199623
2536,0.39199623
2537,0.39199623
2538,0.39199623
2539,0.39199623
2540,0.39199623
2541,0.39199623
2542,0.39199623
2543,0.39199623
2544,0.38886926
2545,0.38886926
2546,0.38886926
2547,0.38886926
2548,0.38886926
2549,0.38886926
2550,0.39052782
2551,0.38830005
2552,0.3882293
2553,0.3882293
2554,0.3882293
2555,0.3882293
2556,0.3882293
2557,0.3882293
2558,0.3882293
2559,0.3882293
2560,0.3882293
2561,0.3882293
2562,0.3905281
2563,0.38713861
2564,0.38713861
2565,0.38713859
2566,0.38713859
2567,0.38713859
2568,0.38713859
2569,0.38713859
2570,0.38713861
2571,0.38713861
2572,0.38713861
2573,0.38713861
2574,0.38713861
2575,0.38713859
2576,0.38622613
2577,0.38622613
2578,0.38713859
2579,0.38713859
2580,0.38622634
2581,0.38622634
2582,0.38622634
2583,0.38622634
2584,0.38622634
2585,0.38622634
2586,0.38622634
2587,0.38622614
2588,0.38622614
2589,0.38622614
2590,0.38622613
2591,0.38622613
2592,0.38622613
2593,0.38622613
2594,0.38622613
2595,0.38622613
2596,0.38599957
2597,0.38599957
2598,0.38599957
2599,0.38599957
2600,0.38599957
2601,0.38599957
2602,0.38599957
2603,0.38599957
2604,0.38599957
2605,0.38599957
2606,0.38599957
2607,0.38599957
2608,0.38599957
2609,0.38599957
2610,0.38599957
2611,0.38599957
2612,0.38599957
2613,0.38599957
2614,0.38599957
2615,0.38599957
2616,0.38599957
2617,0.38599957
2618,0.39
2619,0.39
2620,0.39
2621,0.39
2622,0.38599959
2623,0.38599959
2624,0.38599959
2625,0.38599959
2626,0.38599959
2627,0.38599959
2628,0.38599959
2629,0.38599959
2630,0.38599959
2631,0.38999998
2632,0.38999998
2633,0.38999998
2634,0.38999998
2635,0.38999998
2636,0.38999998
2637,0.38999998
2638,0.38999998
2639,0.38999998
2640,0.38999996
2641,0.38999996
2642,0.38522613
2643,0.38522613
2644,0.38500068
2645,0.38500068
2646,0.38999878
2647,0.38999878
2648,0.38999878
2649,0.387
2650,0.387
2651,0.387
2652,0.38500069
2653,0.38213306
2654,0.38176611
2655,0.38176611
2656,0.38176611
2657,0.38176611
2658,0.38176611
2659,0.38176611
2660,0.38176611
2661,0.38176611
2662,0.38176611
2663,0.38176611
2664,0.38176611
2665,0.38176611
2666,0.38176611
2667,0.38184246
2668,0.38184246
2669,0.38184246
2670,0.38184246
2671,0.38184246
2672,0.38184246
2673,0.38184246
2674,0.38184246
2675,0.38184246
2676,0.38500068
2677,0.38500068
2678,0.38500068
2679,0.38500068
2680,0.38500068
2681,0.38500068
2682,0.38500068
2683,0.38500068
2684,0.38500068
2685,0.38500068
2686,0.38500068
2687,0.38500068
2688,0.38500068
2689,0.38599998
2690,0.38599998
2691,0.38599998
2692,0.38599998
2693,0.38599998
2694,0.38200012
2695,0.38200012
2696,0.38200012
2697,0.38200012
2698,0.38200012
2699,0.38200012
2700,0.38200012
2701,0.38200012
2702,0.38200012
2703,0.38200012
2704,0.38200012
2705,0.38200012
2706,0.38200012
2707,0.38200012
2708,0.38200012
2709,0.38200012
2710,0.38200012
2711,0.38200012
2712,0.38200012
2713,0.38200012
2714,0.38200012
2715,0.38200012
2716,0.383871
2717,0.3858
2718,0.3858
2719,0.3858
2720,0.3858
2721,0.3858
2722,0.386
2723,0.386
2724,0.386
2725,0.386
2726,0.386
2727,0.386
2728,0.386
2729,0.386
2730,0.386
2731,0.388
2732,0.38600001
2733,0.38600001
2734,0.38600001
2735,0.38600001
2736,0.38600001
2737,0.38600001
2738,0.38600001
2739,0.3899925
2740,0.3899925
2741,0.3899925
2742,0.38600002
2743,0.38600001
2744,0.38600001
2745,0.38600001
2746,0.38600001
2747,0.38600001
2748,0.38600001
2749,0.38600001
2750,0.386
2751,0.386
2752,0.386
2753,0.386
2754,0.386
2755,0.386
2756,0.386
2757,0.386
2758,0.38387101
2759,0.38387101
2760,0.38387101
2761,0.38387101
2762,0.38387101
2763,0.38387101
2764,0.38387101
2765,0.38387101
2766,0.3887102
2767,0.3887102
2768,0.38200102
2769,0.382
2770,0.38184246
2771,0.38184246
2772,0.38184246
2773,0.38184246
2774,0.38184246
2775,0.38100114
2776,0.38100114
2777,0.38773694
2778,0.38773694
2779,0.38773694
2780,0.38773694
2781,0.38773614
2782,0.38773612
2783,0.38773612
2784,0.38773612
2785,0.38773612
2786,0.38773612
2787,0.38773612
2788,0.38773612
2789,0.38773612
2790,0.38773612
2791,0.38773612
2792,0.382
2793,0.382
2794,0.382
2795,0.382
2796,0.382
2797,0.382
2798,0.382
2799,0.382
2800,0.382
2801,0.38200003
2802,0.38200003
2803,0.38200003
2804,0.38200003
2805,0.38200003
2806,0.38200003
2807,0.38200003
2808,0.38200003
2809,0.38200003
2810,0.38100302
2811,0.38100302
2812,0.38100302
2813,0.38609852
2814,0.38609852
2815,0.38609852
2816,0.38609852
2817,0.38609852
2818,0.38609852
2819,0.38609852
2820,0.38609852
2821,0.38105
2822,0.38105
2823,0.38105
2824,0.38105
2825,0.38105
2826,0.38105
2827,0.38105
2828,0.38105
2829,0.38211878
2830,0.38211878
2831,0.38211878
2832,0.38211878
2833,0.38101002
2834,0.38101002
2835,0.38101002
2836,0.38101002
2837,0.38101002
2838,0.38101002
2839,0.38101002
2840,0.38101002
2841,0.38101002
2842,0.38101002
2843,0.38223753
2844,0.38223753
2845,0.38223753
2846,0.38222566
2847,0.38222566
2848,0.38222566
2849,0.38599311
2850,0.38599292
2851,0.38105001
2852,0.38105001
2853,0.38105001
2854,0.3859923
2855,0.3859923
2856,0.38599214
2857,0.38599214
2858,0.38599214
2859,0.38599214
2860,0.38599214
2861,0.38599214
2862,0.38599214
2863,0.38599214
2864,0.38599214
2865,0.38599221
2866,0.38599221
2867,0.38599221
2868,0.38599221
2869,0.38609996
2870,0.386
2871,0.386
2872,0.38609996
2873,0.38609996
2874,0.38609996
2875,0.38599214
2876,0.38599214
2877,0.38599214
2878,0.38599214
2879,0.38599214
2880,0.38599214
2881,0.38599214
2882,0.38599214
2883,0.38599214
2884,0.38599214
2885,0.38599214
2886,0.38599214
2887,0.38599214
2888,0.38599214
2889,0.38599214
2890,0.38599214
2891,0.38599214
2892,0.38599214
2893,0.38599214
2894,0.38200033
2895,0.38200033
2896,0.38200033
2897,0.38200033
2898,0.38200033
2899,0.38200033
2900,0.38200033
2901,0.38200033
2902,0.38591475
2903,0.38591475
2904,0.38591475
2905,0.38591475
2906,0.38591475
2907,0.38591475
2908,0.38591475
2909,0.38591475
2910,0.38591475
2911,0.38591475
2912,0.38591475
2913,0.38591475
2914,0.38591475
2915,0.38591475
2916,0.38591475
2917,0.38591475
2918,0.38591475
2919,0.38591475
2920,0.38591493
2921,0.38591493
2922,0.38591493
2923,0.38591475
2924,0.38591475
2925,0.38591475
2926,0.382
2927,0.382
2928,0.382
2929,0.382
2930,0.382
2931,0.382
2932,0.38591494
2933,0.38591494
2934,0.38591494
2935,0.38591494
2936,0.386
2937,0.386
2938,0.386
2939,0.38201142
2940,0.38201142
2941,0.386
2942,0.386
2943,0.386
2944,0.38609996
2945,0.38609996
2946,0.38609996
2947,0.38609996
2948,0.38609996
2949,0.38609996
2950,0.38609996
2951,0.38609996
2952,0.38609996
2953,0.38609996
2954,0.38609996
2955,0.38609996
2956,0.38609996
2957,0.38609996
2958,0.38609996
2959,0.38609996
2960,0.38609996
2961,0.38223896
2962,0.38223896
2963,0.38223896
2964,0.38223896
2965,0.38223896
2966,0.38223896
2967,0.38223931
2968,0.38223931
2969,0.38223931
2970,0.38223931
2971,0.38223931
2972,0.38223931
2973,0.38223931
2974,0.38223931
2975,0.38749912
2976,0.38749912
2977,0.38749912
2978,0.38749859
2979,0.39460257
2980,0.39460257
2981,0.39460257
2982,0.39460257
2983,0.39460257
2984,0.39460257
2985,0.39460257
2986,0.39460257
2987,0.39460257
2988,0.39460257
2989,0.39460257
2990,0.38226024
2991,0.38226024
2992,0.38226024
2993,0.38226024
2994,0.38226024
2995,0.38226024
2996,0.3940008
2997,0.38809078
2998,0.38809078
2999,0.38809078
3000,0.38809078
3001,0.38712055
3002,0.38712055
3003,0.38712055
3004,0.38712055
3005,0.38712055
3006,0.38712055
3007,0.38712055
3008,0.38712055
3009,0.38712055
3010,0.39196952
3011,0.39196945
3012,0.39196945
3013,0.39196945
3014,0.39196945
3015,0.39196945
3016,0.39196945
3017,0.38227824
3018,0.38227824
3019,0.3876863
3020,0.39156316
3021,0.39156316
3022,0.39156316
3023,0.39156316
3024,0.39156316
3025,0.39156316
3026,0.39156316
3027,0.39156316
3028,0.39156316
3029,0.39156316
3030,0.39156316
3031,0.39156316
3032,0.39156316
3033,0.39156097
3034,0.39156097
3035,0.39156097
3036,0.39099987
3037,0.39099981
3038,0.39099981
3039,0.39099981
3040,0.39099944
3041,0.39099936
3042,0.39099936
3043,0.39099936
3044,0.3856259
3045,0.3856259
3046,0.3856259
3047,0.3856259
3048,0.3856259
3049,0.3856259
3050,0.3856259
3051,0.3856259
3052,0.3856259
3053,0.3856259
3054,0.3856259
3055,0.3856259
3056,0.3856259
3057,0.3856259
3058,0.3856259
3059,0.3856259
3060,0.39
3061,0.39
3062,0.39
3063,0.39
3064,0.39
3065,0.39
3066,0.39
3067,0.39
3068,0.39
3069,0.39
3070,0.39
3071,0.386
3072,0.386
3073,0.386
3074,0.3898317
3075,0.38356294
3076,0.38356294
3077,0.3835626
3078,0.3835626
3079,0.3835626
3080,0.3835626
3081,0.3835626
3082,0.3835626
3083,0.3835626
3084,0.3835626
3085,0.3835626
3086,0.3835626
3087,0.3835626
3088,0.3835626
3089,0.3835626
3090,0.3835626
3091,0.3835626
3092,0.3835626
3093,0.3835626
3094,0.3835626
3095,0.38356259
3096,0.38356259
3097,0.38356259
3098,0.38354957
3099,0.382011
3100,0.382011
3101,0.382011
3102,0.382011
3103,0.382011
3104,0.382011
3105,0.38159928
3106,0.38159928
3107,0.38159928
3108,0.382011
3109,0.382011
3110,0.382011
3111,0.382011
3112,0.38159928
3113,0.38
3114,0.38
3115,0.38
3116,0.38
3117,0.38000004
3118,0.38000004
3119,0.38000004
3120,0.38000004
3121,0.38000004
3122,0.38000004
3123,0.38000004
3124,0.38000004
3125,0.38000004
3126,0.38050003
3127,0.38050003
3128,0.38050003
3129,0.38050003
3130,0.38050003
3131,0.38050003
3132,0.38456004
3133,0.381
3134,0.381
3135,0.381
3136,0.381
3137,0.381
3138,0.381
3139,0.381
3140,0.381
3141,0.381
3142,0.38455822
3143,0.381
3144,0.381
3145,0.381
3146,0.381
3147,0.381
3148,0.381
3149,0.38455654
3150,0.38455649
3151,0.38455649
3152,0.381
3153,0.381
3154,0.381
3155,0.381
3156,0.38000037
3157,0.38
3158,0.38
3159,0.38
3160,0.38
3161,0.38000037
3162,0.38000037
3163,0.38000037
3164,0.38000037
3165,0.38000037
3166,0.38000037
3167,0.38000037
3168,0.38000037
3169,0.38000037
3170,0.38000037
3171,0.38000037
3172,0.38000037
3173,0.38455724
3174,0.38455724
3175,0.38455724
3176,0.38455724
3177,0.38455724
3178,0.38455724
3179,0.38455724
3180,0.38455724
3181,0.38455724
3182,0.38455724
3183,0.382
3184,0.382
3185,0.382
3186,0.382
3187,0.382
3188,0.38198469
3189,0.38198469
3190,0.38198469
3191,0.38198469
3192,0.38198469
3193,0.38198469
3194,0.38198469
3195,0.38198469
3196,0.38195788
3197,0.38195788
3198,0.38195788
3199,0.38195788
3200,0.38195788
3201,0.38448105
3202,0.38100083
3203,0.38100083
3204,0.38100083
3205,0.38000056
3206,0.38000056
3207,0.38000056
3208,0.38447995
3209,0.38000056
3210,0.38000056
3211,0.38000056
3212,0.38000056
3213,0.38000056
3214,0.38000056
3215,0.38000056
3216,0.38000056
3217,0.38000056
3218,0.38000056
3219,0.38001
3220,0.38001
3221,0.38001
3222,0.38001
3223,0.38001
3224,0.38063515
3225,0.38063515
3226,0.38063515
3227,0.38063515
3228,0.38063515
3229,0.38063515
3230,0.38063515
3231,0.38063515
3232,0.38063515
3233,0.38063515
3234,0.380655
3235,0.38447448
3236,0.380655
3237,0.380655
3238,0.38001
3239,0.38000056
3240,0.38000056
3241,0.38000056
3242,0.38000056
3243,0.38000056
3244,0.38000056
3245,0.38000056
3246,0.38447237
3247,0.38447237
3248,0.38447237
3249,0.38447237
3250,0.38447237
3251,0.38447237
3252,0.38447237
3253,0.38447237
3254,0.38293261
3255,0.38293261
3256,0.38293261
3257,0.38293261
3258,0.38293261
3259,0.38293261
3260,0.38446937
3261,0.38446937
3262,0.38446937
3263,0.38455978
3264,0.38455978
3265,0.38455978
3266,0.38001001
3267,0.38001001
3268,0.38455999
3269,0.38455999
3270,0.38455999
3271,0.38455999
3272,0.38455999
3273,0.38455999
3274,0.38455999
3275,0.38455999
3276,0.38455999
3277,0.3846
3278,0.3846
3279,0.3846
3280,0.381
3281,0.384
3282,0.384
3283,0.384
3284,0.384
3285,0.384
3286,0.38460014
3287,0.38460014
3288,0.38460014
3289,0.38460014
3290,0.38460014
3291,0.38460014
3292,0.38460014
3293,0.38460014
3294,0.38460014
3295,0.38460014
3296,0.38460014
3297,0.38460014
3298,0.38460014
3299,0.386133
3300,0.386133
3301,0.38613224
3302,0.38613224
3303,0.386
3304,0.386
3305,0.386
3306,0.386
3307,0.386
3308,0.386
3309,0.386
3310,0.386
3311,0.38613224
3312,0.38613259
3313,0.38613259
3314,0.38613224
3315,0.38460014
3316,0.38460014
3317,0.38460014
3318,0.38460014
3319,0.382677
3320,0.382677
3321,0.38100002
3322,0.38100002
3323,0.38100002
3324,0.38100002
3325,0.38100002
3326,0.38100002
3327,0.3861
3328,0.3861
3329,0.3861
3330,0.3861
3331,0.3861
3332,0.3861
3333,0.3861
3334,0.3861
3335,0.3816003
3336,0.3816003
3337,0.3816003
3338,0.38613259
3339,0.38613259
3340,0.38613259
3341,0.38613247
3342,0.38613247
3343,0.38610001
3344,0.38610001
3345,0.38613258
3346,0.3816
3347,0.3816
3348,0.3816
3349,0.3816
3350,0.3816
3351,0.3816
3352,0.3816
3353,0.3816
3354,0.38613258
3355,0.38613258
3356,0.38613258
3357,0.38613258
3358,0.38613258
3359,0.38613258
3360,0.38613258
3361,0.38613258
3362,0.38612871
3363,0.38612871
3364,0.38210043
3365,0.38210043
3366,0.38210043
3367,0.38210043
3368,0.38210043
3369,0.381555
3370,0.381555
3371,0.381555
3372,0.381555
3373,0.3815555
3374,0.3815555
3375,0.3815555
3376,0.3815555
3377,0.3815555
3378,0.3815555
3379,0.3815555
3380,0.3815555
3381,0.38155556
3382,0.38155556
3383,0.38155556
3384,0.38155556
3385,0.38155556
3386,0.38612872
3387,0.38612872
3388,0.38612872
3389,0.38612872
3390,0.38612872
3391,0.38612872
3392,0.38612872
3393,0.38612872
3394,0.38612872
3395,0.38603923
3396,0.38603923
3397,0.38603923
3398,0.38155555
3399,0.38155555
3400,0.38155555
3401,0.38155555
3402,0.38155555
3403,0.38155555
3404,0.38155555
3405,0.38155555
3406,0.38155555
3407,0.386
3408,0.386
3409,0.386
3410,0.3853711
3411,0.3853711
3412,0.3853711
3413,0.3853711
3414,0.3853711
3415,0.3853711
3416,0.3853711
3417,0.3853711
3418,0.3853711
3419,0.3853711
3420,0.3853711
3421,0.3853711
3422,0.3853711
3423,0.3853711
3424,0.3853711
3425,0.3853711
3426,0.3853711
3427,0.3853711
3428,0.3853711
3429,0.3853711
3430,0.3853711
3431,0.3853711
3432,0.3853711
3433,0.3853711
3434,0.3853711
3435,0.3853711
3436,0.3853711
3437,0.3853711
3438,0.3853711
3439,0.3853711
3440,0.3853711
3441,0.3853711
3442,0.3853711
3443,0.3853711
3444,0.3853711
3445,0.3853711
3446,0.3853711
3447,0.3853711
3448,0.3853711
3449,0.3853711
3450,0.3853711
3451,0.3853711
3452,0.38613256
3453,0.38613256
3454,0.38613256
3455,0.38613256
3456,0.38613256
3457,0.38613256
3458,0.38613256
3459,0.38613256
3460,0.385
3461,0.385
3462,0.385
3463,0.385
3464,0.385
3465,0.385
3466,0.385
3467,0.385
3468,0.3855
3469,0.3855
3470,0.3855
3471,0.3855
3472,0.3855
3473,0.3855
3474,0.3855
3475,0.3855
3476,0.3855
3477,0.3855
3478,0.3855
3479,0.385
3480,0.385
3481,0.385
3482,0.385
3483,0.38599909
3484,0.38599909
3485,0.38599909
3486,0.38599909
3487,0.38599909
3488,0.38599909
3489,0.38599909
3490,0.38599909
3491,0.38599999
3492,0.38599999
3493,0.38599999
3494,0.38599999
3495,0.38599999
3496,0.38599999
3497,0.38599999
3498,0.38599999
3499,0.38599999
3500,0.38599999
3501,0.38599896
3502,0.38599896
3503,0.38599896
3504,0.38599842
3505,0.38599842
3506,0.3811
3507,0.38599776
3508,0.38599776
3509,0.38599776
3510,0.3811
3511,0.3811
3512,0.38599675
3513,0.38599675
3514,0.38599636
3515,0.38599666
3516,0.38599666
3517,0.38599666
3518,0.38599611
3519,0.38599611
3520,0.38599611
3521,0.38599611
3522,0.38599611
3523,0.38599611
3524,0.38599611
3525,0.38599611
3526,0.38599611
3527,0.38599611
3528,0.38599611
3529,0.38599611
3530,0.38599611
3531,0.38599611
3532,0.38599611
3533,0.38100001
3534,0.38100001
3535,0.38100001
3536,0.38100001
3537,0.38100001
3538,0.38100001
3539,0.38100001
3540,0.38100001
3541,0.38100001
3542,0.38100001
3543,0.38100001
3544,0.38100001
3545,0.38100001
3546,0.38100001
3547,0.38100001
3548,0.38100001
3549,0.38599225
3550,0.38599225
3551,0.38599225
3552,0.38599225
3553,0.38599225
3554,0.38599225
3555,0.38599225
3556,0.38100886
3557,0.38100886
3558,0.38100886
3559,0.38100886
3560,0.38100886
3561,0.38100886
3562,0.38100886
3563,0.38100886
3564,0.38100886
3565,0.38100886
3566,0.38000101
3567,0.38000101
3568,0.38000101
3569,0.38000101
3570,0.38000101
3571,0.38000101
3572,0.38000101
3573,0.38000101
3574,0.38000101
3575,0.38000101
3576,0.3801
3577,0.3801
3578,0.3801
3579,0.38
3580,0.38
3581,0.38
3582,0.38000101
3583,0.38000101
3584,0.38000101
3585,0.38000101
3586,0.38000101
3587,0.38000101
3588,0.38000101
3589,0.38000101
3590,0.38000101
3591,0.38000101
3592,0.38000101
3593,0.38456003
3594,0.38456003
3595,0.38456003
3596,0.38456003
3597,0.38456003
3598,0.38456003
3599,0.38456003
3600,0.38456003
3601,0.38456003
3602,0.38456003
3603,0.38456003
3604,0.38456003
3605,0.38456003
3606,0.38456003
3607,0.38456003
3608,0.38457547
3609,0.38457547
3610,0.38457579
3611,0.38457579
3612,0.38457579
3613,0.38458342
3614,0.38458342
3615,0.38458342
3616,0.38611875
3617,0.38611875
3618,0.38611875
3619,0.38611875
3620,0.38458342
3621,0.38458342
3622,0.38458342
3623,0.38458342
3624,0.38458342
3625,0.38458342
3626,0.38458342
3627,0.38458342
3628,0.3847745
3629,0.3847745
3630,0.38456003
3631,0.38456003
3632,0.38544408
3633,0.38456003
3634,0.38456003
3635,0.38456003
3636,0.38456003
3637,0.38456003
3638,0.38456003
3639,0.38456003
3640,0.38234413
3641,0.38247543
3642,0.38247543
3643,0.38260748
3644,0.38441068
3645,0.38441068
3646,0.38441068
3647,0.38213627
3648,0.38213627
3649,0.38213627
3650,0.38213627
3651,0.38213627
3652,0.38213627
3653,0.38456003
3654,0.38456003
3655,0.38456003
3656,0.38456003
3657,0.38456003
3658,0.38456003
3659,0.38456003
3660,0.38456003
3661,0.38456003
3662,0.383
3663,0.383
3664,0.383
3665,0.383
3666,0.383
3667,0.383
3668,0.383
3669,0.383
3670,0.383
3671,0.383
3672,0.383
3673,0.383
3674,0.383
3675,0.383
3676,0.384
3677,0.384
3678,0.384
3679,0.384
3680,0.384
3681,0.384
3682,0.384
3683,0.384
3684,0.384
3685,0.384
3686,0.38456003
3687,0.38456003
3688,0.38456003
3689,0.38456003
3690,0.38456003
3691,0.38300014
3692,0.38300014
3693,0.38300014
3694,0.38300014
3695,0.38300014
3696,0.38300014
3697,0.38780428
3698,0.38780428
3699,0.38780428
3700,0.38780428
3701,0.38780428
3702,0.38780428
3703,0.38780428
3704,0.38780428
3705,0.38780428
3706,0.38780428
3707,0.38780428
3708,0.38780428
3709,0.38780433
3710,0.38780433
3711,0.38780433
3712,0.38780433
3713,0.38780433
3714,0.38780433
3715,0.38780433
3716,0.38780433
3717,0.38780433
3718,0.38780433
3719,0.38780433
3720,0.38780433
3721,0.38780433
3722,0.38780433
3723,0.38780433
3724,0.38780433
3725,0.38780433
3726,0.38780433
3727,0.38780433
3728,0.38780433
3729,0.38780433
3730,0.38780433
3731,0.38780433
3732,0.38780433
3733,0.38780476
3734,0.38780476
3735,0.38500001
3736,0.38500001
3737,0.38500001
3738,0.38500001
3739,0.38458759
3740,0.38458759
3741,0.38458759
3742,0.38458759
3743,0.38458759
3744,0.38458759
3745,0.38458759
3746,0.38458759
3747,0.38458759
3748,0.38458759
3749,0.38458759
3750,0.38503882
3751,0.38503882
3752,0.38503882
3753,0.38503882
3754,0.385
3755,0.385
3756,0.385
3757,0.385
3758,0.38503882
3759,0.38503882
3760,0.38503882
3761,0.38503882
3762,0.39052456
3763,0.39052456
3764,0.39052456
3765,0.39052456
3766,0.39093941
3767,0.39093941
3768,0.39093941
3769,0.39093941
3770,0.39093941
3771,0.39093941
3772,0.39093941
3773,0.39093941
3774,0.39093941
3775,0.39093941
3776,0.39093941
3777,0.39093941
3778,0.39093941
3779,0.39093941
3780,0.39093941
3781,0.39093941
3782,0.38507531
3783,0.38507531
3784,0.38507531
3785,0.38507531
3786,0.38383828
3787,0.38383828
3788,0.38383828
3789,0.38383828
3790,0.38383828
3791,0.38383828
3792,0.38383828
3793,0.38383828
3794,0.38383828
3795,0.38383828
3796,0.38383828
3797,0.38449354
3798,0.38630459
3799,0.38688874
3800,0.38688874
3801,0.387
3802,0.387
3803,0.387
3804,0.387
3805,0.387
3806,0.38700048
3807,0.38700001
3808,0.38742406
3809,0.38742406
3810,0.38742406
3811,0.38742406
3812,0.38742406
3813,0.38742406
3814,0.38700094
3815,0.38700015
3816,0.38700015
3817,0.38700015
3818,0.38700015
3819,0.388548
3820,0.388548
3821,0.388548
3822,0.388548
3823,0.388548
3824,0.38991964
3825,0.38700015
3826,0.38700015
3827,0.387
3828,0.387
3829,0.387
3830,0.387
3831,0.38630459
3832,0.38630459
3833,0.38630459
3834,0.38630459
3835,0.38630459
3836,0.38630459
3837,0.38630459
3838,0.38630459
3839,0.38630459
3840,0.38630459
3841,0.38630459
3842,0.38630459
3843,0.38630459
3844,0.38630459
3845,0.38630459
3846,0.38630459
3847,0.38630459
3848,0.38637651
3849,0.38637651
3850,0.38634055
3851,0.38634055
3852,0.38634055
3853,0.38637651
3854,0.38637651
3855,0.38637651
3856,0.38637651
3857,0.38637651
3858,0.38637651
3859,0.38637651
3860,0.38637651
3861,0.38637651
3862,0.38637651
3863,0.38637651
3864,0.38637651
3865,0.38637651
3866,0.38637651
3867,0.3863046
3868,0.38630459
3869,0.38630459
3870,0.38630459
3871,0.38176709
3872,0.38176709
3873,0.3863046
3874,0.3863046
3875,0.38176744
3876,0.38176744
3877,0.38176744
3878,0.38176744
3879,0.38892607
3880,0.38892607
3881,0.3817
3882,0.3817
3883,0.3817
3884,0.3817
3885,0.3817
3886,0.38892601
3887,0.38892601
3888,0.38892601
3889,0.38892601
3890,0.38892533
3891,0.38892533
3892,0.38892497
3893,0.38892497
3894,0.38892497
3895,0.38892497
3896,0.38599114
3897,0.38599114
3898,0.38599114
3899,0.38599114
3900,0.38599114
3901,0.38599114
3902,0.38599114
3903,0.38599114
3904,0.38599114
3905,0.38599114
3906,0.38599114
3907,0.38599114
3908,0.38599114
3909,0.38599114
3910,0.38599114
3911,0.38599114
3912,0.38599114
3913,0.38599114
3914,0.38599114
3915,0.38599114
3916,0.38599114
3917,0.38599114
3918,0.38599114
3919,0.38599114
3920,0.38599114
3921,0.38599114
3922,0.38599114
3923,0.3879517
3924,0.3879517
3925,0.3879517
3926,0.3879517
3927,0.3879517
3928,0.3879517
3929,0.3879517
3930,0.3879517
3931,0.3879517
3932,0.3879517
3933,0.3879517
3934,0.3879517
3935,0.3879517
3936,0.3879517
3937,0.3879517
3938,0.3879517
3939,0.3879517
3940,0.3879517
3941,0.3879517
3942,0.38599114
3943,0.38599514
3944,0.38599514
3945,0.38599514
3946,0.38599514
3947,0.38599514
3948,0.38599514
3949,0.38599514
3950,0.38599138
3951,0.38599114
3952,0.38599114
3953,0.38599114
3954,0.38599114
3955,0.38200051
3956,0.38200051
3957,0.38200051
3958,0.38136891
3959,0.38136891
3960,0.38761767
3961,0.38136891
3962,0.38136891
3963,0.38136891
3964,0.38136891
3965,0.38136892
3966,0.38136892
3967,0.38136892
3968,0.38136892
3969,0.38136892
3970,0.38136892
3971,0.38136891
3972,0.38136891
3973,0.38136892
3974,0.38136892
3975,0.38136892
3976,0.38136892
3977,0.38136892
3978,0.38136891
3979,0.38000001
3980,0.38000001
3981,0.38
3982,0.38
3983,0.38
3984,0.38
3985,0.38136892
3986,0.38
3987,0.38
3988,0.38
3989,0.38
3990,0.38
3991,0.38
3992,0.37854349
3993,0.37849984
3994,0.37849984
3995,0.37925684
3996,0.3782
3997,0.3782
3998,0.3782
3999,0.37925683
4000,0.377
4001,0.3752
4002,0.3752
4003,0.3752
4004,0.375
4005,0.375
4006,0.37399999
4007,0.37399999
4008,0.37399999
4009,0.37399999
4010,0.372555
4011,0.372555
4012,0.372555
4013,0.37399999
4014,0.37394723
4015,0.372555
4016,0.372555
4017,0.372555
4018,0.372555
4019,0.372555
4020,0.372555
4021,0.372555
4022,0.372555
4023,0.372555
4024,0.37200001
4025,0.37200001
4026,0.37200001
4027,0.37200001
4028,0.37200001
4029,0.37200001
4030,0.37200001
4031,0.37200001
4032,0.37199468
4033,0.37199468
4034,0.37200001
4035,0.37200001
4036,0.374
4037,0.374
4038,0.374
4039,0.37199468
4040,0.37325195
4041,0.37199468
4042,0.372555
4043,0.3716095
4044,0.370906
4045,0.36941459
4046,0.36684981
4047,0.3668498
4048,0.3668498
4049,0.36680002
4050,0.36680002
4051,0.36680002
4052,0.36680002
4053,0.36535103
4054,0.36693013
4055,0.36693013
4056,0.36758312
4057,0.36462155
4058,0.3645
4059,0.3645
4060,0.36431398
4061,0.364011
4062,0.364011
4063,0.36431398
4064,0.36431398
4065,0.36431398
4066,0.36473902
4067,0.36577124
4068,0.3675835
4069,0.3675835
4070,0.3675835
4071,0.36959997
4072,0.36959997
4073,0.36959998
4074,0.36432026
4075,0.36432034
4076,0.36432033
4077,0.36795474
4078,0.36432042
4079,0.36432042
4080,0.36431398
4081,0.36431398
4082,0.36431398
4083,0.36859997
4084,0.364
4085,0.364
4086,0.364
4087,0.364
4088,0.364
4089,0.364
4090,0.364
4091,0.3642
4092,0.3627818
4093,0.3627818
4094,0.3627818
4095,0.3627818
4096,0.3627818
4097,0.36000001
4098,0.3627818
4099,0.36167691
4100,0.36167691
4101,0.36167691
4102,0.35999998
4103,0.35995354
4104,0.35995354
4105,0.35810115
4106,0.35881734
4107,0.35810115
4108,0.35735752
4109,0.35735752
4110,0.35706413
4111,0.35706413
4112,0.3537
4113,0.3537
4114,0.35369649
4115,0.35232329
4116,0.353
4117,0.353
4118,0.3568775
4119,0.3523
4120,0.35999998
4121,0.35999998
4122,0.35999998
4123,0.35999971
4124,0.35927975
4125,0.35927975
4126,0.35998966
4127,0.35998966
4128,0.35998966
4129,0.35316513
4130,0.3543
4131,0.35691418
4132,0.35691418
4133,0.35691418
4134,0.35828147
4135,0.3523
4136,0.35370586
4137,0.3517
4138,0.3517
4139,0.3517
4140,0.3517001
4141,0.3517
4142,0.3517
4143,0.3501
4144,0.3501
4145,0.34
4146,0.33527201
4147,0.34929982
4148,0.34929982
4149,0.3486227
4150,0.35599999
4151,0.35599999
4152,0.35599999
4153,0.35599999
4154,0.35599999
4155,0.35599999
4156,0.34900015
4157,0.356
4158,0.35599962
4159,0.35999999
4160,0.35999999
4161,0.356
4162,0.35999997
4163,0.35599962
4164,0.355288
4165,0.355288
4166,0.35
4167,0.35000054
4168,0.35000054
4169,0.35927989
4170,0.35927986
4171,0.35000005
4172,0.35000005
4173,0.35000005
4174,0.35000005
4175,0.35000005
4176,0.35000005
4177,0.35924984
4178,0.35924984
4179,0.35924984
4180,0.35236309
4181,0.35236309
4182,0.3525
4183,0.35799283
4184,0.35236309
4185,0.35236309
4186,0.35236309
4187,0.350169
4188,0.350169
4189,0.350169
4190,0.350169
4191,0.350169
4192,0.35695345
4193,0.35695345
4194,0.35428646
4195,0.351
4196,0.351
4197,0.351
4198,0.351
4199,0.351
4200,0.351
4201,0.3501
4202,0.3501
4203,0.3501
4204,0.34930191
4205,0.3433719
4206,0.34337214
4207,0.34337214
4208,0.34338192
4209,0.34930114
4210,0.34930114
4211,0.34339165
4212,0.34500001
4213,0.34500001
4214,0.34500001
4215,0.33795825
4216,0.33795833
4217,0.33795838
4218,0.344
4219,0.344
4220,0.34431001
4221,0.33795856
4222,0.33
4223,0.33795858
4224,0.33795859
4225,0.33795861
4226,0.33795861
4227,0.33795861
4228,0.33795861
4229,0.33795861
4230,0.33795861
4231,0.33795861
4232,0.34399953
4233,0.3379586
4234,0.3379586
4235,0.33066021
4236,0.3379585
4237,0.33066026
4238,0.33066028
4239,0.33066018
4240,0.33066029
4241,0.32780006
4242,0.32999997
4243,0.32780005
4244,0.32749081
4245,0.32458343
4246,0.32458342
4247,0.32649049
4248,0.32220024
4249,0.32999995
4250,0.32999995
4251,0.3252326
4252,0.32493116
4253,0.32493116
4254,0.32493121
4255,0.32493123
4256,0.32493123
4257,0.32493123
4258,0.32999981
4259,0.32933981
4260,0.32933981
4261,0.32933981
4262,0.32493171
4263,0.32493116
4264,0.32493116
4265,0.324
4266,0.324
4267,0.32493116
4268,0.3228444
4269,0.32493175
4270,0.3289313
4271,0.32493175
4272,0.3289313
4273,0.33
4274,0.32493187
4275,0.33045834
4276,0.34062957
4277,0.34062957
4278,0.34062957
4279,0.34062957
4280,0.33200001
4281,0.33200001
4282,0.33200001
4283,0.33200001
4284,0.33999
4285,0.33999
4286,0.34062958
4287,0.34062958
4288,0.34062958
4289,0.34062958
4290,0.33999
4291,0.33999
4292,0.34599366
4293,0.33931002
4294,0.34598366
4295,0.34598366
4296,0.33500055
4297,0.33500055
4298,0.33500055
4299,0.33500055
4300,0.3350009
4301,0.33567056
4302,0.33567056
4303,0.33567057
4304,0.33567057
4305,0.33999989
4306,0.33999989
4307,0.33999989
4308,0.33506001
4309,0.33506
4310,0.34747135
4311,0.34747135
4312,0.33506001
4313,0.33506001
4314,0.33500001
4315,0.33500001
4316,0.33999999
4317,0.33999999
4318,0.33999999
4319,0.33999999
4320,0.33500002
4321,0.33901663
4322,0.33902024
4323,0.33902024
4324,0.33902024
4325,0.33902024
4326,0.34579741
4327,0.3457974
4328,0.34579739
4329,0.34579739
4330,0.34579739
4331,0.34579738
4332,0.34579738
4333,0.34579728
4334,0.34579728
4335,0.34579728
4336,0.34579698
4337,0.34579698
4338,0.34579698
4339,0.34579698
4340,0.34579694
4341,0.34579693
4342,0.34579693
4343,0.34579693
4344,0.34579685
4345,0.34579685
4346,0.34579685
4347,0.34579692
4348,0.34579692
4349,0.34579688
4350,0.34579688
4351,0.34579683
4352,0.34579683
4353,0.34250001
4354,0.34579686
4355,0.34579686
4356,0.34579682
4357,0.34250001
4358,0.34578994
4359,0.3400025
4360,0.34578969
4361,0.3400025
4362,0.3400025
4363,0.3400025
4364,0.3400025
4365,0.3400025
4366,0.33901684
4367,0.33901684
4368,0.33901684
4369,0.33901684
4370,0.3395
4371,0.3390171
4372,0.3390171
4373,0.3390171
4374,0.33901369
4375,0.33901369
4376,0.33833907
4377,0.33833907
4378,0.33833907
4379,0.33833907
4380,0.33799999
4381,0.33799999
4382,0.33799999
4383,0.33799999
4384,0.33799999
4385,0.33731368
4386,0.33098627
4387,0.33098627
4388,0.33098627
4389,0.33098627
4390,0.33098625
4391,0.33
4392,0.3379793
4393,0.3379793
4394,0.33699996
4395,0.33699996
4396,0.33699995
4397,0.33699995
4398,0.3353282
4399,0.33
4400,0.32893163
4401,0.33
4402,0.33
4403,0.33
4404,0.33
4405,0.3288
4406,0.3288
4407,0.3288
4408,0.32763207
4409,0.32763207
4410,0.32763207
4411,0.32763207
4412,0.32537999
4413,0.327633
4414,0.32763175
4415,0.3222
4416,0.3222
4417,0.3222
4418,0.3220906
4419,0.32220001
4420,0.32685264
4421,0.32619891
4422,0.32619891
4423,0.32619891
4424,0.3204921
4425,0.3204921
4426,0.32049211
4427,0.3204921
4428,0.3204921
4429,0.3204921
4430,0.3204921
4431,0.3204921
4432,0.3204921
4433,0.32049214
4434,0.32049214
4435,0.32049214
4436,0.32049214
4437,0.32049214
4438,0.32441187
4439,0.32441176
4440,0.3249315
4441,0.3204924
4442,0.3204924
4443,0.32049267
4444,0.3204927
4445,0.3204927
4446,0.32050001
4447,0.32428154
4448,0.32428154
4449,0.32428154
4450,0.32428154
4451,0.32428154
4452,0.32428154
4453,0.32428154
4454,0.32428154
4455,0.32428154
4456,0.32428154
4457,0.32428154
4458,0.32050046
4459,0.32050047
4460,0.32363298
4461,0.32363298
4462,0.32363298
4463,0.32363298
4464,0.32050092
4465,0.32050092
4466,0.32050092
4467,0.32050092
4468,0.32050092
4469,0.32050092
4470,0.32050092
4471,0.32100001
4472,0.32100001
4473,0.3239508
4474,0.325
4475,0.325
4476,0.325
4477,0.325
4478,0.32499962
4479,0.328
4480,0.328
4481,0.32893064
4482,0.33260504
4483,0.33260504
4484,0.3326048
4485,0.3326048
4486,0.3326048
4487,0.32500006
4488,0.33099989
4489,0.33099981
4490,0.33099981
4491,0.33099981
4492,0.33099981
4493,0.33099986
4494,0.33099986
4495,0.33099986
4496,0.32530639
4497,0.33099937
4498,0.32530642
4499,0.32530642
4500,0.32530642
4501,0.32530642
4502,0.32530642
4503,0.32530611
4504,0.32530599
4505,0.32530599
4506,0.32200018
4507,0.32200023
4508,0.32200023
4509,0.3253064
4510,0.3253064
4511,0.3253064
4512,0.3253064
4513,0.3253064
4514,0.32530599
4515,0.32530599
4516,0.32210005
4517,0.32210005
4518,0.32210005
4519,0.32210005
4520,0.32210005
4521,0.32210005
4522,0.32210005
4523,0.32210005
4524,0.32210005
4525,0.32210005
4526,0.32435648
4527,0.32530642
4528,0.32530642
4529,0.32530642
4530,0.331
4531,0.331
4532,0.32530653
4533,0.3320819
4534,0.3320819
4535,0.3320819
4536,0.3299967
4537,0.3299967
4538,0.3299967
4539,0.32630001
4540,0.32630001
4541,0.32630001
4542,0.32630001
4543,0.32630001
4544,0.32630001
4545,0.32630001
4546,0.32630001
4547,0.32630001
4548,0.32640008
4549,0.32999996
4550,0.32999996
4551,0.32999992
4552,0.32999977
4553,0.328
4554,0.328
4555,0.328
4556,0.328
4557,0.327
4558,0.327
4559,0.327
4560,0.327
4561,0.327
4562,0.323
4563,0.32300001
4564,0.32300001
4565,0.32400001
4566,0.32400001
4567,0.32400001
4568,0.32400001
4569,0.324
4570,0.325
4571,0.323
4572,0.325
4573,0.3222
4574,0.3222
4575,0.32799894
4576,0.32799894
4577,0.32799925
4578,0.32799925
4579,0.32799925
4580,0.32799925
4581,0.328
4582,0.328
4583,0.328
4584,0.328
4585,0.33313728
4586,0.33313728
4587,0.33313728
4588,0.32800002
4589,0.32800002
4590,0.32800002
4591,0.32800016
4592,0.33311727
4593,0.33311727
4594,0.3204921
4595,0.3204921
4596,0.3164
4597,0.32019682
4598,0.32019682
4599,0.32019682
4600,0.32799861
4601,0.324
4602,0.31713301
4603,0.31713301
4604,0.31713302
4605,0.31713302
4606,0.31713302
4607,0.31718059
4608,0.31718059
4609,0.31718059
4610,0.31718059
4611,0.31718059
4612,0.31718059
4613,0.31718059
4614,0.31718059
4615,0.32
4616,0.32399974
4617,0.32399972
4618,0.32399972
4619,0.32399972
4620,0.32399972
4621,0.32399972
4622,0.32399972
4623,0.32399972
4624,0.32399972
4625,0.32519123
4626,0.32519123
4627,0.32519123
4628,0.32519123
4629,0.32000001
4630,0.32000001
4631,0.32000001
4632,0.321
4633,0.321
4634,0.322
4635,0.321
4636,0.321
4637,0.32
4638,0.32162918
4639,0.3164
4640,0.3164
4641,0.31718057
4642,0.31718057
4643,0.3164
4644,0.3164
4645,0.3164
4646,0.3164
4647,0.31599999
4648,0.31495069
4649,0.31495069
4650,0.3145
4651,0.31332941
4652,0.31332941
4653,0.31293057
4654,0.3123493
4655,0.31199968
4656,0.31
4657,0.309
4658,0.308
4659,0.3041
4660,0.3047082
4661,0.3041
4662,0.30401507
4663,0.30318187
4664,0.30318187
4665,0.3
4666,0.29889744
4667,0.29889744
4668,0.29889744
4669,0.29889744
4670,0.29770908
4671,0.2981
4672,0.29397616
4673,0.2981
4674,0.2981
4675,0.29809981
4676,0.29397641
4677,0.29397641
4678,0.29809964
4679,0.29949524
4680,0.29949525
4681,0.29949525
4682,0.29949526
4683,0.30401464
4684,0.30401464
4685,0.30401475
4686,0.30401475
4687,0.30401463
4688,0.30401461
4689,0.29949611
4690,0.30401464
4691,0.29949642
4692,0.29949646
4693,0.30401462
4694,0.30401462
4695,0.30399999
4696,0.30399999
4697,0.304
4698,0.3040146
4699,0.30401428
4700,0.30339198
4701,0.30339197
4702,0.30339176
4703,0.30001707
4704,0.30339176
4705,0.30001729
4706,0.30001729
4707,0.30401464
4708,0.30001746
4709,0.30001746
4710,0.30340661
4711,0.30001769
4712,0.30001763
4713,0.3000177
4714,0.2995
4715,0.29949524
4716,0.29949524
4717,0.30009423
4718,0.2981
4719,0.2981
4720,0.2981
4721,0.29949999
4722,0.29949998
4723,0.29949998
4724,0.29949993
4725,0.29949993
4726,0.29949993
4727,0.30009423
4728,0.30009423
4729,0.30009423
4730,0.30009423
4731,0.30009423
4732,0.30288886
4733,0.30288886
4734,0.30288886
4735,0.30288886
4736,0.30401336
4737,0.30401336
4738,0.30287897
4739,0.30287897
4740,0.30287897
4741,0.30299983
4742,0.3029998
4743,0.3029998
4744,0.30299975
4745,0.30299975
4746,0.30299967
4747,0.30299964
4748,0.30299958
4749,0.30299958
4750,0.30299958
4751,0.2995
4752,0.2995
4753,0.2995
4754,0.2995
4755,0.2995
4756,0.2995
4757,0.29949999
4758,0.2980997
4759,0.2980997
4760,0.2980997
4761,0.2980997
4762,0.2980997
4763,0.2980997
4764,0.29809969
4765,0.2980997
4766,0.2980997
4767,0.30666352
4768,0.29869589
4769,0.29869598
4770,0.29869598
4771,0.29869598
4772,0.29520002
4773,0.30666276
4774,0.30666272
4775,0.30666272
4776,0.30666272
4777,0.30666237
4778,0.30666237
4779,0.30666237
4780,0.29850003
4781,0.30666189
4782,0.30666189
4783,0.30666189
4784,0.30666148
4785,0.30666148
4786,0.30666154
4787,0.30666177
4788,0.30020019
4789,0.30666176
4790,0.30666176
4791,0.30666176
4792,0.30020063
4793,0.30020063
4794,0.30020063
4795,0.30666172
4796,0.30666172
4797,0.30666172
4798,0.30666172
4799,0.30666155
4800,0.30666151
4801,0.30666151
4802,0.305
4803,0.305
4804,0.305
4805,0.30000019
4806,0.30006672
4807,0.30006672
4808,0.30499695
4809,0.30006678
4810,0.30006678
4811,0.30006678
4812,0.30499695
4813,0.30499695
4814,0.30499695
4815,0.30499695
4816,0.305
4817,0.305
4818,0.30006671
4819,0.30006671
4820,0.30666079
4821,0.30666079
4822,0.30666079
4823,0.30666079
4824,0.30666079
4825,0.30666079
4826,0.30666079
4827,0.30666079
4828,0.30310001
4829,0.30310001
4830,0.30310001
4831,0.30600003
4832,0.30600003
4833,0.30666082
4834,0.30666082
4835,0.30666082
4836,0.30666083
4837,0.30980043
4838,0.3099
4839,0.3105874
4840,0.3105874
4841,0.3105874
4842,0.3105874
4843,0.31058741
4844,0.31058745
4845,0.31058745
4846,0.31597009
4847,0.3105876
4848,0.3105876
4849,0.3105876
4850,0.3105876
4851,0.3105876
4852,0.3159701
4853,0.3159701
4854,0.3159701
4855,0.31749434
4856,0.31749434
4857,0.316
4858,0.3174943
4859,0.31749429
4860,0.31749429
4861,0.3174943
4862,0.31749429
4863,0.32
4864,0.32
4865,0.32159291
4866,0.32159291
4867,0.32159291
4868,0.32159291
4869,0.32159291
4870,0.32
4871,0.32
4872,0.32159291
4873,0.32159291
4874,0.3215929
4875,0.32159288
4876,0.32159288
4877,0.31800021
4878,0.32159285
4879,0.32159285
4880,0.32159285
4881,0.31801011
4882,0.3180101
4883,0.32159252
4884,0.31749453
4885,0.31749462
4886,0.31749453
4887,0.31749453
4888,0.31749462
4889,0.31749452
4890,0.31749452
4891,0.31749453
4892,0.31749453
4893,0.31749458
4894,0.31749452
4895,0.32149418
4896,0.31749454
4897,0.31749455
4898,0.32149383
4899,0.32149383
4900,0.32149371
4901,0.32149371
4902,0.32149363
4903,0.32149365
4904,0.32149363
4905,0.32149363
4906,0.32149363
4907,0.32149363
4908,0.32149334
4909,0.31749453
4910,0.31749453
4911,0.31749453
4912,0.3214933
4913,0.3214933
4914,0.32147292
4915,0.32147292
4916,0.32515042
4917,0.31749455
4918,0.31749455
4919,0.32573413
4920,0.32
4921,0.3274945
4922,0.3274945
4923,0.325
4924,0.325
4925,0.32499999
4926,0.32749441
4927,0.32749454
4928,0.32220001
4929,0.33
4930,0.33
4931,0.33
4932,0.33
4933,0.33
4934,0.32999982
4935,0.32600015
4936,0.32600015
4937,0.3299998
4938,0.32999978
4939,0.32999978
4940,0.32999978
4941,0.32999974
4942,0.32999974
4943,0.32999974
4944,0.32999974
4945,0.32999967
4946,0.32999967
4947,0.32600079
4948,0.32600079
4949,0.32600079
4950,0.32600079
4951,0.32600079
4952,0.32600079
4953,0.32502519
4954,0.32502519
4955,0.32502519
4956,0.32000027
4957,0.32064046
4958,0.3206405
4959,0.32128183
4960,0.32128186
4961,0.32128186
4962,0.32128186
4963,0.32128186
4964,0.32502557
4965,0.32502557
4966,0.32502557
4967,0.32502557
4968,0.32502557
4969,0.32502557
4970,0.32502571
4971,0.32502557
4972,0.32502557
4973,0.32502557
4974,0.32502557
4975,0.32502557
4976,0.32502557
4977,0.32128183
4978,0.32128183
4979,0.32128183
4980,0.32128183
4981,0.32128183
4982,0.32128183
4983,0.32128183
4984,0.32128183
4985,0.32128183
4986,0.32128183
4987,0.32499989
4988,0.32499989
4989,0.32499989
4990,0.32499989
4991,0.322
4992,0.322
4993,0.322
4994,0.322
4995,0.32128183
4996,0.32128183
4997,0.32128183
4998,0.32128183
4999,0.32103689
5000,0.32064045
5001,0.32
5002,0.32364038
5003,0.32364038
5004,0.31999996
5005,0.31419907
5006,0.3141991
5007,0.31419915
5008,0.31419915
5009,0.31419944
5010,0.31419944
5011,0.31419944
5012,0.31419944
5013,0.31419944
5014,0.31419964
5015,0.31419964
5016,0.31419964
5017,0.31419966
5018,0.31419901
5019,0.31419901
5020,0.31419901
5021,0.31419901
5022,0.31845594
5023,0.31845594
5024,0.31409901
5025,0.31409901
5026,0.31845515
5027,0.31845515
5028,0.31845515
5029,0.31845515
5030,0.31845515
5031,0.325
5032,0.325
5033,0.325
5034,0.325
5035,0.325
5036,0.325
5037,0.325
5038,0.325
5039,0.325
5040,0.325
5041,0.32
5042,0.32
5043,0.32
5044,0.31996473
5045,0.31996473
5046,0.31497111
5047,0.31497111
5048,0.31497111
5049,0.31497111
5050,0.31497111
5051,0.31992935
5052,0.31502119
5053,0.31502119
5054,0.31993903
5055,0.319943
5056,0.319943
5057,0.319943
5058,0.319943
5059,0.31995506
5060,0.31995507
5061,0.31995507
5062,0.319943
5063,0.319943
5064,0.319943
5065,0.319943
5066,0.319943
5067,0.319943
5068,0.319943
5069,0.319943
5070,0.319943
5071,0.32
5072,0.32
5073,0.32
5074,0.32
5075,0.32
5076,0.32
5077,0.325
5078,0.325
5079,0.325
5080,0.325
5081,0.325
5082,0.325
5083,0.32499998
5084,0.32499999
5085,0.32499999
5086,0.325
5087,0.32499999
5088,0.32499999
5089,0.32499998
5090,0.32499998
5091,0.325
5092,0.325
5093,0.325
5094,0.325
5095,0.325
5096,0.325
5097,0.325
5098,0.325
5099,0.325
5100,0.325
5101,0.32451395
5102,0.32451395
5103,0.32451395
5104,0.325
5105,0.325
5106,0.325
5107,0.325
5108,0.325
5109,0.325
5110,0.32502571
5111,0.32502571
5112,0.32354332
5113,0.32354332
5114,0.32177545
5115,0.32177553
5116,0.32177553
5117,0.32177553
5118,0.32177553
5119,0.32177553
5120,0.32177553
5121,0.32177553
5122,0.32177553
5123,0.32177553
5124,0.32177553
5125,0.32177545
5126,0.32177545
5127,0.32177545
5128,0.32177545
5129,0.32177545
5130,0.32177545
5131,0.32749075
5132,0.32749075
5133,0.32749075
5134,0.32749075
5135,0.3274907
5136,0.32177558
5137,0.32177558
5138,0.32695449
5139,0.32695449
5140,0.32695449
5141,0.3269545
5142,0.3269545
5143,0.3269545
5144,0.3269545
5145,0.3269545
5146,0.3269545
5147,0.3269545
5148,0.3269545
5149,0.32450022
5150,0.32450025
5151,0.33
5152,0.33
5153,0.33
5154,0.33
5155,0.33
5156,0.33
5157,0.33
5158,0.33
5159,0.32741223
5160,0.32741223
5161,0.32741223
5162,0.32940646
5163,0.32940646
5164,0.32940647
5165,0.32940646
5166,0.33009999
5167,0.32940646
5168,0.33009999
5169,0.33009999
5170,0.32940646
5171,0.32940646
5172,0.33009999
5173,0.32940646
5174,0.32940646
5175,0.32940646
5176,0.33041845
5177,0.33041845
5178,0.33041845
5179,0.33041845
5180,0.33041845
5181,0.33041845
5182,0.33041845
5183,0.33041845
5184,0.33041845
5185,0.33041845
5186,0.33041845
5187,0.33041845
5188,0.33041845
5189,0.33041845
5190,0.332
5191,0.3342144
5192,0.3342144
5193,0.332
5194,0.332
5195,0.32940778
5196,0.32940778
5197,0.32940778
5198,0.3341086
5199,0.33410854
5200,0.33410854
5201,0.332
5202,0.332
5203,0.332
5204,0.32940646
5205,0.32940646
5206,0.32940646
5207,0.32940645
5208,0.32940645
5209,0.32940645
5210,0.32940645
5211,0.32940645
5212,0.32940645
5213,0.32940645
5214,0.32940645
5215,0.32940645
5216,0.32940645
5217,0.32940645
5218,0.32940645
5219,0.32940645
5220,0.32940645
5221,0.32940646
5222,0.32940646
5223,0.32940646
5224,0.32940646
5225,0.329
5226,0.32940646
5227,0.32940646
5228,0.32940646
5229,0.32940646
5230,0.32940646
5231,0.33
5232,0.32842121
5233,0.32842121
5234,0.32890223
5235,0.32890223
5236,0.32900001
5237,0.32500281
5238,0.329
5239,0.329
5240,0.329
5241,0.329
5242,0.329
5243,0.329
5244,0.329
5245,0.329
5246,0.329
5247,0.329
5248,0.329
5249,0.329
5250,0.329
5251,0.329
5252,0.329
5253,0.329
5254,0.329
5255,0.329
5256,0.329
5257,0.329
5258,0.329
5259,0.33
5260,0.33
5261,0.33
5262,0.33
5263,0.33
5264,0.33
5265,0.32900012
5266,0.33409754
5267,0.33409754
5268,0.33409754
5269,0.33409754
5270,0.33409754
5271,0.33409754
5272,0.33409754
5273,0.33409754
5274,0.33409754
5275,0.33409754
5276,0.33409754
5277,0.33000042
5278,0.329
5279,0.33409739
5280,0.331
5281,0.331
5282,0.331
5283,0.331
5284,0.331
5285,0.331
5286,0.33409696
5287,0.33409696
5288,0.329
5289,0.329
5290,0.329
5291,0.3342144
5292,0.33464213
5293,0.33464213
5294,0.33464213
5295,0.33464213
5296,0.33464213
5297,0.335
5298,0.335
5299,0.335
5300,0.3356
5301,0.3356
5302,0.3357
5303,0.3357
5304,0.335
5305,0.335
5306,0.33799947
5307,0.3357216
5308,0.3357216
5309,0.3379993
5310,0.3379993
5311,0.3379993
5312,0.3379993
5313,0.3379993
5314,0.3379993
5315,0.33464214
5316,0.33799892
5317,0.33799892
5318,0.33799892
5319,0.33799892
5320,0.334642
5321,0.334642
5322,0.334642
5323,0.33432107
5324,0.33432107
5325,0.336
5326,0.336
5327,0.33399803
5328,0.33364122
5329,0.33364122
5330,0.33364121
5331,0.33332111
5332,0.33332111
5333,0.33168557
5334,0.33168557
5335,0.33069349
5336,0.33069349
5337,0.33069349
5338,0.33110654
5339,0.33110654
5340,0.33110654
5341,0.33110653
5342,0.33110653
5343,0.33110654
5344,0.33110654
5345,0.33110654
5346,0.33110654
5347,0.33110654
5348,0.33110654
5349,0.33110654
5350,0.33110654
5351,0.33110654
5352,0.33110654
5353,0.33110654
5354,0.33110654
5355,0.33515999
5356,0.33515999
5357,0.33515999
5358,0.33516
5359,0.33516
5360,0.336
5361,0.33632092
5362,0.33632092
5363,0.33632092
5364,0.33632092
5365,0.33632092
5366,0.33632092
5367,0.33632092
5368,0.33632092
5369,0.33632092
5370,0.33632093
5371,0.33632107
5372,0.33632107
5373,0.33632107
5374,0.33632107
5375,0.338
5376,0.338
5377,0.338
5378,0.33805518
5379,0.34
5380,0.33999992
5381,0.33999982
5382,0.33999999
5383,0.33999999
5384,0.3399867
5385,0.3399867
5386,0.3399867
5387,0.33800002
5388,0.33800002
5389,0.33862085
5390,0.33862085
5391,0.33881487
5392,0.33862086
5393,0.33862086
5394,0.33862086
5395,0.34
5396,0.338
5397,0.338
5398,0.33704405
5399,0.33603594
5400,0.33603594
5401,0.33603594
5402,0.3339973
5403,0.33863698
5404,0.33863698
5405,0.33466528
5406,0.33466529
5407,0.3339973
5408,0.3339973
5409,0.3339973
5410,0.33466529
5411,0.33466529
5412,0.33516
5413,0.33516
5414,0.33516
5415,0.33516
5416,0.33310914
5417,0.33516
5418,0.33516
5419,0.33516
5420,0.33516
5421,0.34
5422,0.34
5423,0.34
5424,0.34
5425,0.34316521
5426,0.34
5427,0.34
5428,0.34
5429,0.34
5430,0.34210171
5431,0.34174867
5432,0.34174867
5433,0.34174867
5434,0.34
5435,0.34174865
5436,0.34174865
5437,0.34174865
5438,0.34174865
5439,0.34174865
5440,0.34174865
5441,0.34013346
5442,0.34013346
5443,0.34013346
5444,0.34
5445,0.34
5446,0.34
5447,0.33898305
5448,0.33898305
5449,0.33898305
5450,0.33898305
5451,0.33796914
5452,0.33796914
5453,0.33796914
5454,0.33797028
5455,0.33797028
5456,0.33797028
5457,0.33797028
5458,0.33797028
5459,0.33796993
5460,0.33796914
5461,0.33695827
5462,0.33695827
5463,0.336866
5464,0.336866
5465,0.33898302
5466,0.33898302
5467,0.33898302
5468,0.33949593
5469,0.33660344
5470,0.33660344
5471,0.342
5472,0.34316519
5473,0.34316519
5474,0.34316519
5475,0.342
5476,0.3420303
5477,0.342
5478,0.342
5479,0.34148853
5480,0.34148853
5481,0.34148853
5482,0.34097707
5483,0.34097707
5484,0.34097707
5485,0.34097707
5486,0.34097707
5487,0.341
5488,0.341
5489,0.341
5490,0.3399572
5491,0.3399572
5492,0.3399572
5493,0.3399572
5494,0.34009094
5495,0.34009094
5496,0.33626233
5497,0.3400909
5498,0.3400909
5499,0.3400909
5500,0.33825742
5501,0.336
5502,0.336
5503,0.336
5504,0.336
5505,0.33300023
5506,0.33300023
5507,0.333
5508,0.333
5509,0.332
5510,0.33000001
5511,0.33000001
5512,0.33000001
5513,0.33193638
5514,0.33216022
5515,0.33216022
5516,0.33216022
5517,0.33216022
5518,0.33216035
5519,0.33499967
5520,0.33499967
5521,0.33499967
5522,0.33499967
5523,0.33499967
5524,0.33499967
5525,0.33499967
5526,0.33216035
5527,0.33216035
5528,0.33216035
5529,0.33216035
5530,0.33216023
5531,0.33499967
5532,0.33499967
5533,0.33499967
5534,0.33499967
5535,0.33499967
5536,0.33499967
5537,0.33216021
5538,0.33216021
5539,0.33416238
5540,0.33416238
5541,0.33416238
5542,0.33416238
5543,0.33416238
5544,0.33216021
5545,0.33
5546,0.33
5547,0.33
5548,0.33
5549,0.33
5550,0.33
5551,0.33
5552,0.33
5553,0.33
5554,0.33
5555,0.33
5556,0.33
5557,0.33
5558,0.33
5559,0.33
5560,0.33
5561,0.33
5562,0.33
5563,0.32975849
5564,0.32975849
5565,0.32975849
5566,0.329
5567,0.32501232
5568,0.32501232
5569,0.32501232
5570,0.32501232
5571,0.32501281
5572,0.3275849
5573,0.3275849
5574,0.32501314
5575,0.32501314
5576,0.32501314
5577,0.32501352
5578,0.32501352
5579,0.32501379
5580,0.32501379
5581,0.32501379
5582,0.32500999
5583,0.32500999
5584,0.32500999
5585,0.32699976
5586,0.32699976
5587,0.32699976
5588,0.32699976
5589,0.32584899
5590,0.32500999
5591,0.32500999
5592,0.32500999
5593,0.32500999
5594,0.32500999
5595,0.32500999
5596,0.32500999
5597,0.32500999
5598,0.32699976
5599,0.32699976
5600,0.32699976
5601,0.32699976
5602,0.32699976
5603,0.32699976
5604,0.32699976
5605,0.32500001
5606,0.32500001
5607,0.32500001
5608,0.32500001
5609,0.32500001
5610,0.32500001
5611,0.32500001
5612,0.32500001
5613,0.32500001
5614,0.32500001
5615,0.32500001
5616,0.32500001
5617,0.32500002
5618,0.32500002
5619,0.32500002
5620,0.32500001
5621,0.32500001
5622,0.325
5623,0.32465914
5624,0.32465914
5625,0.32465914
5626,0.32465914
5627,0.32465914
5628,0.32465914
5629,0.32465914
5630,0.32465914
5631,0.32500001
5632,0.32500001
5633,0.325
5634,0.3249998
5635,0.3249998
5636,0.3249998
5637,0.3249998
5638,0.3249998
5639,0.3249998
5640,0.3249998
5641,0.3249998
5642,0.3249998
5643,0.32500001
5644,0.32500001
5645,0.32500001
5646,0.32500001
5647,0.32500001
5648,0.32500001
5649,0.32500001
5650,0.32500001
5651,0.32500001
5652,0.325
5653,0.325
5654,0.325
5655,0.325
5656,0.325
5657,0.32699997
5658,0.32699997
5659,0.327
5660,0.327
5661,0.327
5662,0.3249998
5663,0.32497231
5664,0.32497231
5665,0.32497231
5666,0.32497231
5667,0.32497231
5668,0.32465914
5669,0.32465914
5670,0.32465914
5671,0.32465914
5672,0.32423515
5673,0.32497231
5674,0.32497231
5675,0.32497231
5676,0.325
5677,0.325
5678,0.325
5679,0.325
5680,0.325
5681,0.325
5682,0.325
5683,0.325
5684,0.32509288
5685,0.32509288
5686,0.32509288
5687,0.32528295
5688,0.32528295
5689,0.32528295
5690,0.32528295
5691,0.32528295
5692,0.32674445
5693,0.32674445
5694,0.32674445
5695,0.32674445
5696,0.327
5697,0.327
5698,0.327
5699,0.32891415
5700,0.32891415
5701,0.32891415
5702,0.32700033
5703,0.3301417
5704,0.33
5705,0.33016883
5706,0.333337
5707,0.333337
5708,0.33333724
5709,0.33333724
5710,0.33337057
5711,0.33337057
5712,0.33337057
5713,0.329
5714,0.33300045
5715,0.33300045
5716,0.33300045
5717,0.33300045
5718,0.33300045
5719,0.33300045
5720,0.33300045
5721,0.33300045
5722,0.33300045
5723,0.33300045
5724,0.33300045
5725,0.33300045
5726,0.33300045
5727,0.33300045
5728,0.33300045
5729,0.33300045
5730,0.33300045
5731,0.33300045
5732,0.33300045
5733,0.33300045
5734,0.33416238
5735,0.33305025
5736,0.33305025
5737,0.33305025
5738,0.33305025
5739,0.33305025
5740,0.33305025
5741,0.33305025
5742,0.33305025
5743,0.33305025
5744,0.33000014
5745,0.33000014
5746,0.33000014
5747,0.33000014
5748,0.33000014
5749,0.33000014
5750,0.33000014
5751,0.33000014
5752,0.33000014
5753,0.33000014
5754,0.33000014
5755,0.3299353
5756,0.3299353
5757,0.32983511
5758,0.32983511
5759,0.32983511
5760,0.32983511
5761,0.32983511
5762,0.32800038
5763,0.32800038
5764,0.32800038
5765,0.32800038
5766,0.32800038
5767,0.32800038
5768,0.3341605
5769,0.33
5770,0.33
5771,0.33
5772,0.33
5773,0.33
5774,0.33
5775,0.33
5776,0.33
5777,0.33
5778,0.33068281
5779,0.3308748
5780,0.33208014
5781,0.33063813
5782,0.33063813
5783,0.33063813
5784,0.33063813
5785,0.33063813
5786,0.33208014
5787,0.33208014
5788,0.33208014
5789,0.33208014
5790,0.33208014
5791,0.33412552
5792,0.33412552
5793,0.33412552
5794,0.3340238
5795,0.3340238
5796,0.33409159
5797,0.33409159
5798,0.33208014
5799,0.33208014
5800,0.33208014
5801,0.33208014
5802,0.33208014
5803,0.33415901
5804,0.33415901
5805,0.33415901
5806,0.33415901
5807,0.33415901
5808,0.33415901
5809,0.33415901
5810,0.33415901
5811,0.33415901
5812,0.334
5813,0.33208034
5814,0.33208035
5815,0.33208035
5816,0.33208035
5817,0.33208035
5818,0.33208035
5819,0.33208035
5820,0.33208035
5821,0.33208035
5822,0.33208035
5823,0.334
5824,0.334
5825,0.334
5826,0.334
5827,0.33456787
5828,0.33456787
5829,0.33456787
5830,0.33456787
5831,0.33456787
5832,0.33456787
5833,0.33456787
5834,0.33456787
5835,0.33456787
5836,0.33456787
5837,0.33456787
5838,0.33456724
5839,0.33456724
5840,0.33456724
5841,0.33456724
5842,0.33456724
5843,0.33456789
5844,0.33456789
5845,0.33456789
5846,0.33456789
5847,0.33456789
5848,0.33456724
5849,0.33456778
5850,0.33456724
5851,0.33456724
5852,0.33456724
5853,0.33456724
5854,0.33456724
5855,0.33456724
5856,0.33456724
5857,0.33456724
5858,0.33456724
5859,0.33456724
5860,0.33456789
5861,0.33386625
5862,0.33456778
5863,0.33456778
5864,0.33456778
5865,0.33456665
5866,0.33456665
5867,0.33208014
5868,0.33208014
5869,0.33208014
5870,0.33273266
5871,0.33273266
5872,0.33063813
5873,0.33063813
5874,0.33063813
5875,0.33063813
5876,0.33063813
5877,0.33000009
5878,0.33000009
5879,0.33
5880,0.33
5881,0.33
5882,0.32891805
5883,0.32891805
5884,0.32891805
5885,0.3289997
5886,0.3294997
5887,0.3294997
5888,0.32949969
5889,0.32949969
5890,0.32949969
5891,0.3294617
5892,0.32924959
5893,0.32924959
5894,0.32924959
5895,0.32924959
5896,0.32924959
5897,0.32924959
5898,0.32924959
5899,0.32924959
5900,0.32888229
5901,0.32888229
5902,0.32871929
5903,0.32871929
5904,0.32871929
5905,0.32871929
5906,0.32871929
5907,0.32871929
5908,0.32871929
5909,0.32888044
5910,0.3278361
5911,0.3278361
5912,0.32320002
5913,0.32320002
5914,0.32887856
5915,0.32887856
5916,0.32887856
5917,0.32887856
5918,0.32887856
5919,0.32887856
5920,0.32887856
5921,0.32887856
5922,0.32838711
5923,0.32838711
5924,0.3283872
5925,0.3283872
5926,0.3283872
5927,0.3283872
5928,0.3283872
5929,0.3283872
5930,0.32320014
5931,0.32320014
5932,0.32320022
5933,0.32320022
5934,0.32320022
5935,0.32320022
5936,0.32320022
5937,0.32320022
5938,0.32320022
5939,0.32320022
5940,0.32838617
5941,0.32838617
5942,0.32838617
5943,0.32838617
5944,0.32330028
5945,0.32330028
5946,0.32330028
5947,0.32330028
5948,0.32330028
5949,0.32330028
5950,0.32330028
5951,0.32330026
5952,0.32330026
5953,0.32330026
5954,0.32316238
5955,0.32316238
5956,0.32316238
5957,0.32316238
5958,0.32316252
5959,0.32717973
5960,0.32717972
5961,0.32717659
5962,0.32717659
5963,0.32717659
5964,0.32715646
5965,0.32715646
5966,0.32715646
5967,0.32715646
5968,0.32715646
5969,0.32715646
5970,0.32715646
5971,0.32715646
5972,0.32715646
5973,0.32715646
5974,0.32697691
5975,0.32316244
5976,0.32697331
5977,0.32697331
5978,0.32697331
5979,0.31955979
5980,0.31955979
5981,0.31955979
5982,0.31955979
5983,0.31955979
5984,0.31955978
5985,0.32339358
5986,0.31731299
5987,0.31616021
5988,0.31616021
5989,0.31502088
5990,0.31497069
5991,0.31497069
5992,0.31502088
5993,0.31502088
5994,0.31502088
5995,0.31502088
5996,0.31502088
5997,0.31502088
5998,0.31502088
5999,0.31502088
6000,0.31502088
6001,0.31502088
6002,0.31536775
6003,0.3153646
6004,0.3153646
6005,0.3153646
6006,0.3153646
6007,0.315
6008,0.315
6009,0.315
6010,0.31497069
6011,0.31497069
6012,0.31499982
6013,0.31499982
6014,0.32164571
6015,0.32164571
6016,0.31999982
6017,0.31497069
6018,0.31497069
6019,0.31497069
6020,0.31497069
6021,0.31497069
6022,0.31497069
6023,0.31497069
6024,0.31497069
6025,0.31497069
6026,0.31497069
6027,0.31497069
6028,0.31498
6029,0.31498
6030,0.31498
6031,0.31498
6032,0.31446042
6033,0.31199688
6034,0.31080186
6035,0.31080186
6036,0.312
6037,0.312
6038,0.312
6039,0.31047187
6040,0.31047187
6041,0.31047187
6042,0.31000004
6043,0.31000004
6044,0.31000004
6045,0.31
6046,0.31
6047,0.30888
6048,0.30888
6049,0.30999976
6050,0.30999976
6051,0.30999999
6052,0.3083184
6053,0.3083184
6054,0.30999999
6055,0.312
6056,0.312
6057,0.312
6058,0.312
6059,0.312
6060,0.31200938
6061,0.31113364
6062,0.31113363
6063,0.30602571
6064,0.31497069
6065,0.31497069
6066,0.31497069
6067,0.31497069
6068,0.32012655
6069,0.31953789
6070,0.30603612
6071,0.30603612
6072,0.30603612
6073,0.31953731
6074,0.31953731
6075,0.31953731
6076,0.31000019
6077,0.3137171
6078,0.31953664
6079,0.31953664
6080,0.31953664
6081,0.31953623
6082,0.31953623
6083,0.31953623
6084,0.31953623
6085,0.31101101
6086,0.31101101
6087,0.31101101
6088,0.31101101
6089,0.31101101
6090,0.31101101
6091,0.31474318
6092,0.31474318
6093,0.31474318
6094,0.31474318
6095,0.31474318
6096,0.31474318
6097,0.31474318
6098,0.31474318
6099,0.31474318
6100,0.31474318
6101,0.31474318
6102,0.31474318
6103,0.31474318
6104,0.31474318
6105,0.31474318
6106,0.31474318
6107,0.31474318
6108,0.31474318
6109,0.31474318
6110,0.31474318
6111,0.31150054
6112,0.31150054
6113,0.31150054
6114,0.31160025
6115,0.31160025
6116,0.31180175
6117,0.31200015
6118,0.31801713
6119,0.31801713
6120,0.31801713
6121,0.31801713
6122,0.31801713
6123,0.31801713
6124,0.31801713
6125,0.31801713
6126,0.31801713
6127,0.31801713
6128,0.31801713
6129,0.31801713
6130,0.31801713
6131,0.31801713
6132,0.31801713
6133,0.31801713
6134,0.319
6135,0.319
6136,0.319
6137,0.319
6138,0.319
6139,0.319
6140,0.319
6141,0.319
6142,0.319
6143,0.31213025
6144,0.31213025
6145,0.31213025
6146,0.31213025
6147,0.31213025
6148,0.31310024
6149,0.31310024
6150,0.32084159
6151,0.32084159
6152,0.32084159
6153,0.32084159
6154,0.32084159
6155,0.32084159
6156,0.32084159
6157,0.32084159
6158,0.32084159
6159,0.32084159
6160,0.32084159
6161,0.31500093
6162,0.31500093
6163,0.31510001
6164,0.31510001
6165,0.31500122
6166,0.31500122
6167,0.31500122
6168,0.31500122
6169,0.31500122
6170,0.31500122
6171,0.31878122
6172,0.315
6173,0.315
6174,0.3206
6175,0.3206
6176,0.3206
6177,0.3206
6178,0.3206
6179,0.3206
6180,0.3206
6181,0.3208416
6182,0.3208416
6183,0.3208416
6184,0.3208416
6185,0.321
6186,0.321
6187,0.321
6188,0.321
6189,0.321
6190,0.321
6191,0.321
6192,0.321
6193,0.321
6194,0.321
6195,0.3208416
6196,0.32000021
6197,0.32000021
6198,0.32000021
6199,0.32000021
6200,0.32000021
6201,0.32000021
6202,0.32000021
6203,0.32000021
6204,0.32000021
6205,0.32000021
6206,0.32000021
6207,0.32000033
6208,0.32000033
6209,0.32084159
6210,0.32084159
6211,0.32084159
6212,0.32084159
6213,0.32000033
6214,0.32000033
6215,0.32000033
6216,0.32499978
6217,0.32499978
6218,0.32499978
6219,0.32499978
6220,0.325
6221,0.32499988
6222,0.32499988
6223,0.32484483
6224,0.32499988
6225,0.325
6226,0.325
6227,0.325
6228,0.32499997
6229,0.32499997
6230,0.32499997
6231,0.32499997
6232,0.32499988
6233,0.32499988
6234,0.324999
6235,0.32499989
6236,0.32499989
6237,0.32499989
6238,0.32499989
6239,0.325
6240,0.32499999
6241,0.32499999
6242,0.325
6243,0.325
6244,0.32499999
6245,0.32499999
6246,0.32499999
6247,0.32499999
6248,0.32499999
6249,0.325
6250,0.32499999
6251,0.32499999
6252,0.32499999
6253,0.32499999
6254,0.325
6255,0.325
6256,0.325
6257,0.325
6258,0.325
6259,0.325
6260,0.32749081
6261,0.32749081
6262,0.32877256
6263,0.3289
6264,0.32949969
6265,0.32949969
6266,0.3289
6267,0.33074999
6268,0.33
6269,0.33
6270,0.33
6271,0.33
6272,0.33
6273,0.330375
