0,2596.0
1,2596.0
2,2596.0
3,2596.0
4,2596.0
5,2596.0
6,2596.0
7,2596.0
8,2596.0
9,2596.0
10,2596.00000005
11,2596.00000005
12,2596.00000005
13,2596.00000001
14,2596.00000001
15,2596.00000001
16,2597.9
17,2597.9
18,2597.9
19,2597.9
20,2597.9
21,2597.9
22,2597.9
23,2596.00000024
24,2596.00000024
25,2597.9
26,2597.9
27,2597.9
28,2597.9
29,2597.9
30,2597.9
31,2597.9
32,2597.9
33,2597.9
34,2597.9
35,2597.9
36,2597.9
37,2597.9
38,2597.9
39,2597.9
40,2597.9
41,2597.9
42,2597.9
43,2597.9
44,2597.9
45,2597.9
46,2597.9
47,2597.9
48,2597.9
49,2597.9
50,2597.9
51,2597.9
52,2597.9
53,2597.9
54,2598.65999962
55,2598.65999962
56,2598.65999962
57,2598.65999962
58,2598.65999963
59,2598.65999963
60,2598.65999963
61,2598.65999963
62,2598.65999963
63,2598.65999963
64,2598.65999963
65,2598.65999963
66,2598.65999963
67,2599.0
68,2599.0
69,2599.0
70,2599.0
71,2599.0
72,2599.0
73,2598.65999962
74,2598.65999962
75,2598.65999962
76,2598.65999962
77,2598.65999962
78,2598.65999962
79,2599.05999945
80,2599.05999962
81,2599.05999962
82,2599.05999962
83,2599.05999962
84,2599.05999962
85,2599.05999962
86,2599.05999962
87,2599.05999962
88,2599.05999962
89,2598.0
90,2598.0
91,2598.0
92,2598.0
93,2598.0
94,2587.00000008
95,2587.0
96,2586.0
97,2586.0
98,2586.0
99,2580.0
100,2580.0
101,2580.0
102,2578.99999948
103,2575.616
104,2575.616
105,2575.616
106,2575.616
107,2578.99989974
108,2578.99989974
109,2578.99989974
110,2570.0
111,2570.0
112,2570.0
113,2570.0
114,2570.0
115,2570.0
116,2570.0
117,2570.0
118,2570.0
119,2570.0
120,2580.0
121,2579.99999993
122,2579.99999993
123,2570.0
124,2570.0
125,2570.0
126,2570.0
127,2570.0
128,2570.0
129,2570.0
130,2570.0
131,2570.0
132,2579.99999979
133,2579.99999979
134,2564.98
135,2564.98
136,2564.98
137,2570.0
138,2570.0
139,2570.0
140,2570.0
141,2574.999
142,2574.999
143,2574.999
144,2570.00000001
145,2570.00000001
146,2570.00000001
147,2570.00000001
148,2570.0
149,2570.0
150,2570.0
151,2570.0
152,2570.0
153,2570.0
154,2570.0
155,2570.0
156,2570.0
157,2570.0
158,2570.0
159,2570.0
160,2570.0
161,2570.0
162,2579.99999963
163,2579.99999963
164,2579.99999963
165,2579.99999963
166,2579.99999963
167,2579.99999955
168,2579.99999955
169,2579.99999955
170,2579.99999955
171,2579.99999955
172,2579.99999955
173,2579.99999955
174,2579.99999955
175,2579.99999955
176,2579.99999955
177,2579.99999955
178,2579.99999955
179,2579.99999955
180,2579.99999955
181,2574.999
182,2574.999
183,2574.999
184,2574.999
185,2578.9999997
186,2566.10499995
187,2566.10499995
188,2566.10499995
189,2566.10499995
190,2566.10499995
191,2566.10499995
192,2566.10499995
193,2566.10499995
194,2566.10499995
195,2566.10499995
196,2566.10499995
197,2566.10499995
198,2566.10499995
199,2566.10499995
200,2566.10499995
201,2566.10499995
202,2566.10499995
203,2566.10499995
204,2561.0
205,2561.0
206,2567.81707114
207,2567.81707114
208,2567.81707114
209,2567.81707114
210,2565.92533389
211,2565.92533389
212,2565.92533389
213,2565.92533389
214,2565.92533389
215,2570.61053731
216,2570.61053731
217,2566.79451046
218,2566.79451046
219,2566.79451046
220,2566.79451046
221,2566.79451046
222,2566.79451046
223,2566.79451046
224,2569.99999988
225,2566.79451046
226,2564.0
227,2564.0
228,2564.0
229,2564.0
230,2565.394
231,2564.0
232,2564.0
233,2564.0
234,2553.7
235,2553.7
236,2553.7
237,2551.99497222
238,2545.0
239,2544.0
240,2541.00000001
241,2536.97557101
242,2544.99999997
243,2544.99999998
244,2544.99999994
245,2549.99
246,2549.99
247,2545.00000002
248,2545.00000005
249,2545.00000002
250,2545.00000002
251,2545.00000002
252,2545.00000002
253,2545.00000002
254,2545.00000002
255,2560.43641379
256,2545.00000001
257,2545.00000001
258,2544.99999998
259,2544.99999998
260,2544.99999998
261,2536.97557113
262,2557.9977069
263,2536.97557124
264,2536.97557124
265,2536.97557124
266,2540.78103472
267,2540.78103472
268,2540.78103472
269,2540.78103472
270,2540.78103495
271,2560.43679383
272,2560.4367938
273,2560.4367938
274,2560.43679381
275,2560.43679381
276,2560.43679381
277,2560.43679381
278,2547.63461005
279,2547.63461005
280,2547.63461005
281,2547.63461005
282,2560.43679386
283,2560.43679386
284,2560.43679386
285,2560.63717609
286,2561.99999985
287,2561.99999985
288,2561.99999985
289,2566.78999997
290,2560.63717608
291,2560.63717608
292,2566.78999996
293,2566.78999996
294,2566.78999996
295,2566.78999996
296,2566.78999996
297,2548.00000038
298,2548.00000038
299,2550.99000001
300,2566.7899997
301,2566.7899997
302,2550.99000012
303,2550.99000021
304,2550.99000021
305,2550.99000005
306,2550.99000005
307,2550.99000005
308,2550.99000005
309,2550.99000005
310,2550.99000005
311,2550.99000005
312,2550.99000005
313,2552.67907094
314,2550.99000008
315,2550.99000008
316,2550.99000008
317,2550.99000008
318,2550.99000008
319,2548.00000025
320,2548.00000025
321,2548.00000025
322,2548.00000025
323,2548.00000025
324,2551.00000003
325,2551.00000003
326,2551.00000003
327,2551.00000003
328,2551.00000003
329,2551.00000003
330,2551.00000003
331,2551.00000003
332,2551.00000003
333,2551.00000003
334,2551.00000003
335,2551.00000003
336,2551.00000003
337,2551.00000003
338,2551.00000003
339,2551.00000003
340,2551.00000003
341,2553.95032507
342,2553.95032507
343,2553.95032507
344,2553.95032507
345,2553.95032507
346,2553.95032507
347,2553.95032507
348,2553.95032507
349,2556.76989382
350,2556.76989382
351,2556.76989382
352,2556.76989382
353,2556.76989382
354,2555.0
355,2555.0
356,2555.0
357,2555.0
358,2555.0
359,2555.0
360,2555.0
361,2555.0
362,2555.0
363,2555.0
364,2555.0
365,2565.99182051
366,2565.99182051
367,2565.99058801
368,2565.99058801
369,2565.99058801
370,2565.99058801
371,2565.99058801
372,2565.99058801
373,2565.99058801
374,2565.99058801
375,2565.99058801
376,2565.99058801
377,2565.99058801
378,2565.99058801
379,2555.98913584
380,2555.98913584
381,2555.98913584
382,2555.98913584
383,2555.98913584
384,2565.97782651
385,2565.97782651
386,2565.97782651
387,2565.97782651
388,2565.97782651
389,2565.97782651
390,2565.97782651
391,2565.97782651
392,2565.97782651
393,2554.71114123
394,2550.9
395,2550.9
396,2550.9
397,2550.90000001
398,2548.00000025
399,2543.78684726
400,2543.78684726
401,2540.00294714
402,2540.00294714
403,2540.00294714
404,2540.00294714
405,2552.18741741
406,2552.18741741
407,2552.18741741
408,2552.18741741
409,2552.18741741
410,2552.18741741
411,2552.18741741
412,2552.18741741
413,2552.18741741
414,2552.18741741
415,2552.18741741
416,2552.18741741
417,2552.18741741
418,2552.18741741
419,2552.18741741
420,2552.18741741
421,2552.18741741
422,2552.123612
423,2552.123612
424,2552.123612
425,2552.123612
426,2545.0000002
427,2545.0000002
428,2545.0000002
429,2545.0000002
430,2545.0000002
431,2545.0000002
432,2552.123612
433,2552.123612
434,2552.123612
435,2552.123612
436,2552.123612
437,2552.123612
438,2553.0
439,2553.0
440,2553.0
441,2553.0
442,2553.0
443,2553.0
444,2553.0
445,2553.0
446,2553.0
447,2553.0
448,2545.00000001
449,2545.00000001
450,2545.00000001
451,2545.00000001
452,2545.00000001
453,2553.0
454,2553.0
455,2553.0
456,2553.0
457,2553.0
458,2553.0
459,2553.0
460,2553.0
461,2553.0
462,2553.0
463,2553.0
464,2553.0
465,2553.0
466,2553.0
467,2553.0
468,2553.0
469,2553.0
470,2552.12261342
471,2552.12261342
472,2552.12261342
473,2552.12261342
474,2552.12261342
475,2545.0000011
476,2552.12261342
477,2552.12261342
478,2552.12261342
479,2552.12261342
480,2552.12261342
481,2552.12261342
482,2552.12261342
483,2552.12261342
484,2552.12261342
485,2552.12261342
486,2552.12261342
487,2552.12261342
488,2552.12261342
489,2552.12261342
490,2552.12261342
491,2552.12261342
492,2555.00000125
493,2555.00000125
494,2565.98913584
495,2565.98913584
496,2546.00000159
497,2565.98913576
498,2565.98913576
499,2565.98913576
500,2565.98913576
501,2565.98913576
502,2565.98913576
503,2565.98913576
504,2565.98913576
505,2565.98913576
506,2565.98913576
507,2565.98913576
508,2565.98913576
509,2565.98913576
510,2565.98913576
511,2565.98913576
512,2565.98913576
513,2565.98913576
514,2565.98913576
515,2565.98913576
516,2565.98913576
517,2565.98913576
518,2565.98913576
519,2565.98913576
520,2565.98913576
521,2565.98913576
522,2565.98913576
523,2565.98913576
524,2553.50000015
525,2553.50000015
526,2553.50000015
527,2553.50000015
528,2553.50000015
529,2553.50000015
530,2553.50000015
531,2553.50000015
532,2553.50000015
533,2553.50000015
534,2553.50000015
535,2553.50000015
536,2553.50000015
537,2553.50000015
538,2553.50000015
539,2553.50000015
540,2553.50000015
541,2553.50000015
542,2553.50000015
543,2553.50000015
544,2553.50000015
545,2553.50000015
546,2553.50000015
547,2553.50000015
548,2553.50000015
549,2553.50000015
550,2553.50000015
551,2553.50000015
552,2555.00000004
553,2555.00000004
554,2555.00000016
555,2565.98913572
556,2565.98913572
557,2565.98913568
558,2565.98913568
559,2565.98913568
560,2565.98913568
561,2565.98913568
562,2565.98913568
563,2565.98913568
564,2565.98913568
565,2565.98913568
566,2549.00000003
567,2549.00000003
568,2549.00000003
569,2549.00000003
570,2549.00000003
571,2549.00000003
572,2549.00000003
573,2549.00000003
574,2549.00000003
575,2553.15918943
576,2553.15918943
577,2553.15918943
578,2553.15918943
579,2565.98913429
580,2565.98913429
581,2546.10000048
582,2546.10000048
583,2546.10000048
584,2546.10000048
585,2549.00000003
586,2549.00000003
587,2550.10000011
588,2550.10000011
589,2550.10000011
590,2550.10000011
591,2550.10000011
592,2550.10000011
593,2550.10000011
594,2550.10000011
595,2565.98913302
596,2565.98913301
597,2565.98913301
598,2565.98913301
599,2565.98913301
600,2565.98913301
601,2555.10000012
602,2555.10000012
603,2555.10000012
604,2555.10000012
605,2555.10000012
606,2555.10000012
607,2555.10000012
608,2555.10000012
609,2555.10000012
610,2565.9891351
611,2565.9891351
612,2565.9891351
613,2562.10000003
614,2562.10000003
615,2562.10000003
616,2562.10000003
617,2565.9891351
618,2565.9891325
619,2565.98913246
620,2565.98913246
621,2565.98913584
622,2565.98913246
623,2565.9891358
624,2565.98913584
625,2563.10000007
626,2563.10000007
627,2563.10000007
628,2563.10000007
629,2563.10000007
630,2565.9891358
631,2565.9891358
632,2565.98913584
633,2565.98913584
634,2563.1
635,2563.1
636,2563.1
637,2563.1
638,2563.1
639,2563.1
640,2563.1
641,2563.1
642,2563.1
643,2563.1
644,2563.1
645,2555.13664604
646,2555.13664604
647,2555.13664604
648,2555.13664604
649,2555.13664604
650,2555.13664604
651,2555.13664604
652,2555.13664604
653,2555.13664604
654,2555.13664604
655,2555.13664604
656,2555.13664604
657,2555.13664604
658,2566.78999827
659,2566.78999827
660,2566.78999827
661,2566.78999827
662,2566.78999827
663,2566.78999827
664,2566.78999827
665,2566.78999827
666,2566.78999827
667,2566.78999827
668,2566.78999827
669,2566.78999827
670,2566.78999827
671,2566.78999827
672,2566.78999827
673,2566.78999827
674,2566.78999827
675,2566.78999827
676,2566.78999827
677,2566.78999827
678,2566.78999827
679,2566.78999827
680,2556.78999859
681,2556.78999859
682,2556.78999859
683,2556.78999859
684,2566.78999969
685,2566.78999969
686,2566.78999969
687,2566.78999969
688,2566.78999969
689,2566.78999969
690,2566.78999969
691,2566.78999969
692,2566.78999969
693,2566.78999969
694,2568.0
695,2577.0
696,2577.41601474
697,2577.41601474
698,2578.99999998
699,2579.0
700,2579.0
701,2579.0
702,2579.0
703,2579.0
704,2578.99999997
705,2578.99999997
706,2578.99999997
707,2578.99999997
708,2578.99999997
709,2578.99999993
710,2570.00000015
711,2570.0
712,2578.99679682
713,2578.99679682
714,2578.99679682
715,2578.99679682
716,2578.99679682
717,2578.99679682
718,2578.99679682
719,2566.09972672
720,2566.09972672
721,2566.09972672
722,2566.09972672
723,2566.09972672
724,2578.98526572
725,2578.98526572
726,2578.98526572
727,2578.98526572
728,2578.98526572
729,2578.98526572
730,2578.98526572
731,2578.98526572
732,2578.98526572
733,2578.97591089
734,2578.97591089
735,2578.97591089
736,2578.97591089
737,2578.97591089
738,2578.97591089
739,2566.0713429
740,2566.0713429
741,2566.0713429
742,2566.0713429
743,2566.0713429
744,2566.0713429
745,2560.0
746,2560.0
747,2560.0
748,2557.04516175
749,2557.04516175
750,2557.04516175
751,2557.04516175
752,2557.04516175
753,2557.04516175
754,2557.04516175
755,2557.04516175
756,2557.04516175
757,2557.04516175
758,2557.04516175
759,2557.04516175
760,2557.04516175
761,2566.04883483
762,2560.0
763,2560.0
764,2560.0
765,2560.0
766,2560.0
767,2560.0
768,2560.0
769,2560.0
770,2560.1
771,2560.1
772,2560.1
773,2560.1
774,2560.1
775,2560.1
776,2560.1
777,2560.1
778,2578.94354926
779,2578.94354926
780,2578.94354926
781,2578.9435489
782,2560.1
783,2560.0
784,2560.0
785,2560.0
786,2560.0
787,2578.94354821
788,2578.94354821
789,2578.94354821
790,2578.94354821
791,2578.94354821
792,2578.94354821
793,2578.94354742
794,2578.94354733
795,2578.94354733
796,2578.94354733
797,2578.94354733
798,2578.94354694
799,2578.94354674
800,2578.94354674
801,2578.94354674
802,2578.94354674
803,2578.94354674
804,2560.1
805,2556.78999798
806,2556.78999798
807,2556.78999798
808,2556.78999798
809,2556.78999798
810,2556.78999798
811,2556.78999798
812,2556.78999798
813,2557.09999996
814,2557.09999996
815,2556.78999798
816,2556.78999798
817,2548.5846702
818,2548.5846702
819,2560.09999931
820,2560.09999927
821,2546.1
822,2545.0000012
823,2545.0000012
824,2545.0000012
825,2545.0000012
826,2560.09999865
827,2540.0
828,2541.88695572
829,2541.88695572
830,2541.88695572
831,2541.88695572
832,2535.98870982
833,2535.98870982
834,2535.98870982
835,2535.98870982
836,2535.98870982
837,2535.98870982
838,2535.98870982
839,2560.0870146
840,2560.0870146
841,2560.0870146
842,2537.10000001
843,2537.10000001
844,2537.10000001
845,2547.28225196
846,2549.78549998
847,2549.78549998
848,2549.78549998
849,2537.10000001
850,2537.10000001
851,2537.10000001
852,2537.10000001
853,2537.10000006
854,2537.10000006
855,2549.78549938
856,2549.78549938
857,2549.78549938
858,2549.78549921
859,2549.78549921
860,2549.78549908
861,2549.78549908
862,2549.78549908
863,2537.10000011
864,2537.10000011
865,2537.10000011
866,2537.10000011
867,2537.10000011
868,2537.10000011
869,2537.10000011
870,2537.10000011
871,2537.10000017
872,2537.10000017
873,2537.10000017
874,2549.78549815
875,2549.78549815
876,2549.78549817
877,2549.78549813
878,2549.78549812
879,2549.78549812
880,2549.78549812
881,2549.78549851
882,2549.78549846
883,2549.78549854
884,2549.78549884
885,2551.0603916
886,2551.0603916
887,2559.33466263
888,2559.33466263
889,2559.33466244
890,2551.0603916
891,2551.0603916
892,2551.0603916
893,2551.0603916
894,2551.0603916
895,2551.0603916
896,2551.0603916
897,2551.0603916
898,2551.0603916
899,2551.0603916
900,2551.0603916
901,2551.0603916
902,2551.0603916
903,2551.0603916
904,2551.0603916
905,2551.0603916
906,2559.33466132
907,2559.33466168
908,2546.53798823
909,2546.53798823
910,2546.53798823
911,2559.33466165
912,2559.33466165
913,2559.33466165
914,2559.33466165
915,2559.33466165
916,2559.33466165
917,2559.33466165
918,2559.33466165
919,2559.33466165
920,2559.33466165
921,2559.33466165
922,2559.33466165
923,2559.33466165
924,2559.33466165
925,2559.33466169
926,2568.0
927,2576.62534736
928,2576.62534739
929,2576.7466169
930,2576.7466169
931,2579.99999999
932,2579.99999999
933,2583.28960543
934,2583.28960543
935,2559.33466257
936,2559.33466257
937,2559.33466257
938,2559.33466257
939,2570.36909523
940,2570.3690952
941,2570.3690952
942,2560.0
943,2560.0
944,2560.0
945,2556.0
946,2559.33466278
947,2553.66678041
948,2553.66678041
949,2553.66678041
950,2553.66678041
951,2553.66678041
952,2553.66678041
953,2553.66678041
954,2553.66678041
955,2559.33466278
956,2559.33466278
957,2559.33466278
958,2559.33466278
959,2559.33466278
960,2559.33466278
961,2559.33466278
962,2559.33466278
963,2559.33466278
964,2559.33466278
965,2559.33466278
966,2559.33466278
967,2559.33466278
968,2567.09345293
969,2567.09345293
970,2567.09345293
971,2554.0
972,2554.0
973,2554.0
974,2554.0
975,2554.0
976,2554.0
977,2567.07936261
978,2567.07936261
979,2567.07936261
980,2567.07936261
981,2567.07936261
982,2545.1
983,2545.1
984,2545.1
985,2545.1
986,2545.1
987,2545.1
988,2545.1
989,2545.1
990,2545.1
991,2545.1
992,2545.1
993,2545.1
994,2545.1
995,2545.1
996,2545.1
997,2545.1
998,2545.1
999,2545.1
1000,2554.21511318
1001,2554.21511318
1002,2554.21511318
1003,2554.21511318
1004,2554.21511318
1005,2554.21511318
1006,2554.21511318
1007,2554.21511318
1008,2554.21511318
1009,2554.21511318
1010,2546.00000141
1011,2554.21511318
1012,2554.21511318
1013,2554.21511318
1014,2554.21511318
1015,2554.21511318
1016,2554.21511318
1017,2554.21511318
1018,2546.0
1019,2546.0
1020,2546.0
1021,2546.0
1022,2546.0
1023,2546.0
1024,2546.0
1025,2546.0
1026,2546.0
1027,2546.0
1028,2546.0
1029,2546.0
1030,2546.0
1031,2546.0
1032,2546.0
1033,2546.0
1034,2546.0
1035,2546.0
1036,2546.0
1037,2546.0
1038,2546.0
1039,2546.0
1040,2546.0
1041,2546.0
1042,2546.0
1043,2554.19999984
1044,2554.19999984
1045,2554.19999984
1046,2554.19999984
1047,2554.19999984
1048,2554.19999984
1049,2554.19999984
1050,2554.19999984
1051,2549.99999992
1052,2549.99999992
1053,2549.99999992
1054,2544.9
1055,2544.9
1056,2544.9
1057,2544.9
1058,2544.9
1059,2544.9
1060,2544.9
1061,2544.9
1062,2544.9
1063,2544.9
1064,2544.9
1065,2550.0
1066,2550.0
1067,2550.0
1068,2550.0
1069,2549.99999978
1070,2549.99999978
1071,2549.9999997
1072,2545.0
1073,2545.0
1074,2545.0
1075,2545.0
1076,2545.0
1077,2545.0
1078,2545.0
1079,2545.0
1080,2545.0
1081,2545.0
1082,2545.0
1083,2545.0
1084,2545.0
1085,2545.0
1086,2545.0
1087,2545.0
1088,2545.0
1089,2545.0
1090,2545.0
1091,2545.0
1092,2545.0
1093,2545.0
1094,2545.0
1095,2545.0
1096,2541.10000163
1097,2541.10000163
1098,2549.99999979
1099,2548.99999849
1100,2548.99999849
1101,2548.99999849
1102,2548.99999849
1103,2548.99999849
1104,2548.99999849
1105,2548.99999849
1106,2548.99999849
1107,2548.99999849
1108,2548.99999849
1109,2548.99999849
1110,2548.99999849
1111,2548.99999849
1112,2548.99999849
1113,2548.99999849
1114,2548.99999849
1115,2550.59999853
1116,2551.04759164
1117,2551.04759164
1118,2554.21511318
1119,2554.21511318
1120,2554.21511318
1121,2554.21511318
1122,2554.21511318
1123,2554.21511318
1124,2564.03132457
1125,2564.03132457
1126,2564.03132457
1127,2564.03132457
1128,2564.03132457
1129,2564.03132457
1130,2564.03132457
1131,2564.03132457
1132,2564.03132457
1133,2564.03132457
1134,2564.0313241
1135,2564.0313241
1136,2564.0313241
1137,2564.0313241
1138,2564.0313238
1139,2564.0313238
1140,2551.21116772
1141,2551.21116772
1142,2551.21116772
1143,2551.21116772
1144,2551.21116772
1145,2551.21116772
1146,2551.21116772
1147,2551.21116772
1148,2551.21116772
1149,2551.21116772
1150,2551.21116772
1151,2551.21116772
1152,2551.21116772
1153,2551.21116772
1154,2551.21116772
1155,2551.21116772
1156,2551.21116772
1157,2551.21116772
1158,2564.03132184
1159,2564.03132184
1160,2564.03132184
1161,2564.03132184
1162,2564.03132184
1163,2564.03132184
1164,2564.03132184
1165,2551.21116773
1166,2551.21116773
1167,2551.21116773
1168,2551.21116773
1169,2551.21116773
1170,2551.21116772
1171,2551.21116772
1172,2551.21116772
1173,2551.21116772
1174,2551.21116772
1175,2551.21116772
1176,2551.21116772
1177,2551.21116772
1178,2551.21116772
1179,2551.21116772
1180,2551.21116772
1181,2551.21116772
1182,2551.21116772
1183,2551.21116772
1184,2541.10000163
1185,2541.10000163
1186,2541.10000163
1187,2541.10000163
1188,2541.10000163
1189,2541.10000163
1190,2541.10000163
1191,2541.10000163
1192,2541.10000163
1193,2541.10000163
1194,2541.10000163
1195,2541.10000163
1196,2541.10000163
1197,2541.10000163
1198,2541.10000163
1199,2541.10000163
1200,2541.10000163
1201,2540.0
1202,2540.0
1203,2540.0
1204,2540.0
1205,2539.1
1206,2539.1
1207,2540.0999996
1208,2540.0999996
1209,2539.1
1210,2538.0
1211,2538.0
1212,2538.0
1213,2536.84629044
1214,2536.84629044
1215,2536.68152712
1216,2536.68152712
1217,2536.68152712
1218,2536.68152712
1219,2535.98457343
1220,2535.0
1221,2535.0
1222,2535.0
1223,2534.99999999
1224,2534.99999999
1225,2534.80690603
1226,2534.80690603
1227,2534.80690603
1228,2534.80690603
1229,2534.80690603
1230,2525.0
1231,2522.27853268
1232,2528.47875592
1233,2528.47875586
1234,2528.47875586
1235,2524.99999997
1236,2518.45036518
1237,2518.45036518
1238,2518.45036521
1239,2518.45036519
1240,2524.99999978
1241,2524.99999975
1242,2524.99999975
1243,2510.0
1244,2506.9999997
1245,2506.9999997
1246,2506.0
1247,2506.60399997
1248,2506.0
1249,2506.0
1250,2503.97500001
1251,2503.61937413
1252,2504.0
1253,2504.0
1254,2501.00000013
1255,2501.00000013
1256,2501.00000013
1257,2501.00000023
1258,2506.604
1259,2506.604
1260,2506.604
1261,2500.95792453
1262,2506.604
1263,2506.604
1264,2500.52846809
1265,2500.52846808
1266,2506.604
1267,2506.604
1268,2506.604
1269,2506.604
1270,2506.604
1271,2500.33939926
1272,2500.33939926
1273,2500.33939926
1274,2506.604
1275,2500.33939926
1276,2506.604
1277,2487.14860914
1278,2487.14860917
1279,2506.604
1280,2506.604
1281,2506.604
1282,2506.60399991
1283,2494.07098002
1284,2494.07098009
1285,2494.07098009
1286,2494.07098009
1287,2494.07098009
1288,2495.00000012
1289,2495.00000012
1290,2495.00000012
1291,2506.60399997
1292,2506.60399997
1293,2495.00000011
1294,2495.00000011
1295,2495.00000011
1296,2495.00000011
1297,2506.60399997
1298,2506.60399997
1299,2506.60399997
1300,2506.60400003
1301,2506.60400003
1302,2506.85584502
1303,2506.85584502
1304,2506.85584502
1305,2509.10984024
1306,2509.10984024
1307,2509.10984024
1308,2509.10984024
1309,2509.10984024
1310,2503.75000042
1311,2503.75000042
1312,2500.0
1313,2505.13701994
1314,2505.13701994
1315,2505.13701994
1316,2505.13701994
1317,2505.13701994
1318,2506.54133458
1319,2506.54133458
1320,2506.54133458
1321,2506.54133458
1322,2506.54133458
1323,2506.54133458
1324,2506.54133458
1325,2506.54133458
1326,2506.54133458
1327,2506.54133458
1328,2506.54133458
1329,2506.54133458
1330,2506.54133458
1331,2506.54133458
1332,2519.13701915
1333,2519.13701915
1334,2519.13701915
1335,2519.13701915
1336,2519.13701903
1337,2519.13701903
1338,2519.13701903
1339,2519.13701903
1340,2514.99999988
1341,2514.99999988
1342,2514.99999988
1343,2514.99999988
1344,2514.99999988
1345,2514.99999988
1346,2502.42499988
1347,2500.0
1348,2500.0
1349,2500.0
1350,2500.0
1351,2499.99999988
1352,2487.14860914
1353,2487.14860914
1354,2487.14860914
1355,2487.14860914
1356,2487.14860914
1357,2490.0
1358,2490.0
1359,2490.0
1360,2490.0
1361,2490.0
1362,2488.0
1363,2488.0
1364,2499.99999918
1365,2488.0
1366,2488.0
1367,2488.0
1368,2488.0
1369,2487.99999999
1370,2487.99999999
1371,2487.99999999
1372,2487.99999999
1373,2487.14860914
1374,2486.23422422
1375,2484.99999985
1376,2484.99999985
1377,2482.0
1378,2482.0
1379,2482.0
1380,2481.632
1381,2485.0
1382,2485.0
1383,2485.00000001
1384,2485.00000001
1385,2485.00000001
1386,2485.00000001
1387,2485.00000001
1388,2485.00000001
1389,2485.00000001
1390,2485.00000001
1391,2485.00000001
1392,2485.00000001
1393,2485.00000001
1394,2485.00000001
1395,2485.00000001
1396,2485.00000001
1397,2481.632
1398,2484.632
1399,2484.632
1400,2484.632
1401,2484.632
1402,2484.632
1403,2484.63200001
1404,2484.632
1405,2484.632
1406,2484.632
1407,2481.632
1408,2481.632
1409,2481.632
1410,2481.632
1411,2481.632
1412,2481.632
1413,2481.632
1414,2484.5
1415,2484.99999962
1416,2484.99999962
1417,2481.632
1418,2475.0
1419,2475.0
1420,2475.0
1421,2475.0
1422,2475.0
1423,2480.0
1424,2480.0
1425,2477.08023257
1426,2477.08023257
1427,2468.52687961
1428,2465.84509129
1429,2460.0
1430,2470.26359996
1431,2470.26359996
1432,2458.89443856
1433,2458.89443856
1434,2458.89443856
1435,2479.99999798
1436,2479.99999798
1437,2479.99999798
1438,2479.99999798
1439,2479.99999787
1440,2479.99999787
1441,2479.99999787
1442,2479.99999783
1443,2460.00104549
1444,2460.00104549
1445,2461.00000007
1446,2461.00000007
1447,2484.49999997
1448,2484.49999997
1449,2484.49999997
1450,2484.49999997
1451,2479.49999997
1452,2483.90019791
1453,2483.90019791
1454,2472.07749997
1455,2472.07749997
1456,2472.07749997
1457,2483.90019792
1458,2483.90019792
1459,2483.90019792
1460,2483.90019792
1461,2483.90019792
1462,2484.49999996
1463,2484.49999996
1464,2484.49999996
1465,2484.49999996
1466,2484.49999996
1467,2484.49999996
1468,2484.49999996
1469,2484.00197919
1470,2484.00197919
1471,2484.00197919
1472,2484.00197919
1473,2483.90019792
1474,2483.90019792
1475,2484.0019792
1476,2483.90019792
1477,2483.90019792
1478,2475.0
1479,2479.49999997
1480,2479.49999997
1481,2479.49999997
1482,2479.49999997
1483,2479.49999997
1484,2479.49999997
1485,2479.49999997
1486,2479.49999997
1487,2479.49999997
1488,2471.58196927
1489,2471.58196927
1490,2471.58196927
1491,2471.58196927
1492,2471.58196927
1493,2471.58196927
1494,2471.58196927
1495,2484.00197876
1496,2472.00197882
1497,2479.0339747
1498,2479.0339747
1499,2484.00197844
1500,2484.00197844
1501,2484.00197844
1502,2484.00197844
1503,2484.00197844
1504,2484.00197844
1505,2484.00197796
1506,2484.00197796
1507,2479.03397471
1508,2471.58196937
1509,2471.58196937
1510,2471.58196937
1511,2471.5819694
1512,2471.5819694
1513,2471.5819694
1514,2471.5819694
1515,2471.5819694
1516,2471.5819694
1517,2484.00197873
1518,2484.00197873
1519,2484.00197873
1520,2484.00197873
1521,2484.00197873
1522,2484.00197842
1523,2484.00197842
1524,2484.00197842
1525,2484.00197842
1526,2484.00197842
1527,2484.00197842
1528,2487.99999995
1529,2487.99999992
1530,2488.0
1531,2487.99999999
1532,2487.99999999
1533,2487.99999999
1534,2488.0
1535,2488.0
1536,2480.00000038
1537,2480.00000039
1538,2480.00000039
1539,2480.00000039
1540,2480.00000039
1541,2487.99999997
1542,2488.0
1543,2480.00000046
1544,2480.00000046
1545,2487.99999985
1546,2487.99999978
1547,2488.0
1548,2488.0
1549,2488.0
1550,2488.0
1551,2488.0
1552,2488.0
1553,2488.0
1554,2488.0
1555,2488.0
1556,2488.0
1557,2500.00000001
1558,2500.00000001
1559,2488.0000002
1560,2488.0000002
1561,2501.18441898
1562,2501.18441898
1563,2501.18441898
1564,2501.18441898
1565,2502.44
1566,2501.18441898
1567,2501.18441898
1568,2501.18441898
1569,2501.18441898
1570,2501.18441898
1571,2501.18441898
1572,2501.18441898
1573,2502.44
1574,2502.44
1575,2502.44
1576,2500.18401898
1577,2507.99999992
1578,2507.99999992
1579,2507.99999992
1580,2507.99999992
1581,2507.99999992
1582,2507.99999992
1583,2500.18401898
1584,2500.18401898
1585,2500.18401898
1586,2500.18401898
1587,2500.18401898
1588,2500.18401898
1589,2500.18401898
1590,2500.18401898
1591,2500.18401898
1592,2500.18401898
1593,2500.18401898
1594,2500.18401898
1595,2500.18401898
1596,2507.0
1597,2495.46087727
1598,2495.46087727
1599,2495.46087727
1600,2495.46087727
1601,2495.46087727
1602,2495.46273001
1603,2495.46273001
1604,2501.0
1605,2501.0
1606,2501.0
1607,2501.0
1608,2501.0
1609,2501.0
1610,2501.0
1611,2501.0
1612,2508.0
1613,2508.0
1614,2508.0
1615,2520.344
1616,2522.59674834
1617,2530.0
1618,2534.90345297
1619,2536.2178723
1620,2537.272
1621,2537.272
1622,2544.0
1623,2553.69999997
1624,2547.01923983
1625,2520.00000021
1626,2520.00000021
1627,2520.00000021
1628,2520.00000021
1629,2520.00000021
1630,2530.36869268
1631,2540.36869253
1632,2540.36869261
1633,2530.3686928
1634,2531.00000001
1635,2533.0
1636,2533.0
1637,2533.00000007
1638,2530.36869265
1639,2530.36869265
1640,2530.36869265
1641,2530.36869265
1642,2530.36869265
1643,2530.36869265
1644,2530.36869265
1645,2534.99999996
1646,2534.99999996
1647,2534.99999977
1648,2534.99999977
1649,2534.99999977
1650,2534.99999977
1651,2534.99999977
1652,2534.99999977
1653,2534.99999977
1654,2530.99999984
1655,2520.0
1656,2520.0
1657,2519.99999997
1658,2520.0
1659,2520.0
1660,2520.0
1661,2516.0
1662,2516.0
1663,2516.0
1664,2516.0
1665,2528.99999939
1666,2528.99999933
1667,2528.99999933
1668,2528.99999933
1669,2528.99999933
1670,2528.99999933
1671,2528.99999933
1672,2516.35499943
1673,2516.35499943
1674,2516.35499943
1675,2516.35499935
1676,2514.1
1677,2514.0771441
1678,2516.35499936
1679,2516.35499936
1680,2514.0771441
1681,2514.0771441
1682,2514.0771441
1683,2514.0771441
1684,2514.0771441
1685,2516.35499927
1686,2516.0
1687,2516.0
1688,2516.0
1689,2514.0771441
1690,2510.0
1691,2508.0
1692,2516.35499911
1693,2507.0
1694,2507.0
1695,2507.0
1696,2507.0
1697,2507.00000004
1698,2507.00000004
1699,2507.00000004
1700,2507.00000004
1701,2507.00000004
1702,2514.0999998
1703,2514.0999998
1704,2514.0999998
1705,2516.35499934
1706,2516.35499934
1707,2516.35499934
1708,2516.35499934
1709,2516.35499934
1710,2516.35499934
1711,2516.35499934
1712,2516.35499934
1713,2516.35499934
1714,2516.35499934
1715,2516.35499934
1716,2516.35499934
1717,2516.35499934
1718,2516.35499934
1719,2516.35499934
1720,2516.35499934
1721,2516.35499934
1722,2516.35499934
1723,2516.35499934
1724,2512.0
1725,2516.35499934
1726,2525.57300679
1727,2525.57300679
1728,2525.57300679
1729,2516.0
1730,2516.00000001
1731,2516.00000001
1732,2512.0000002
1733,2512.0000002
1734,2512.0000002
1735,2508.00000007
1736,2508.00000007
1737,2525.57300663
1738,2525.57300663
1739,2525.57300663
1740,2525.57300663
1741,2525.57300663
1742,2525.57300663
1743,2512.94514161
1744,2508.00000003
1745,2508.00000003
1746,2508.00000003
1747,2508.00000003
1748,2508.00000003
1749,2508.00000003
1750,2519.99999988
1751,2519.99999988
1752,2519.99999988
1753,2519.99999988
1754,2519.99999988
1755,2519.99999988
1756,2519.99999988
1757,2519.99999988
1758,2519.99999988
1759,2524.4999998
1760,2524.4999998
1761,2524.4999998
1762,2524.4999998
1763,2524.4999998
1764,2524.4999998
1765,2524.4999998
1766,2531.9999999
1767,2531.9999999
1768,2531.9999999
1769,2531.9999999
1770,2531.9999999
1771,2531.9999999
1772,2531.9999999
1773,2531.9999999
1774,2531.9999999
1775,2532.0
1776,2532.0
1777,2534.99999976
1778,2544.99999999
1779,2544.99999999
1780,2544.99999999
1781,2545.0
1782,2545.0
1783,2545.0
1784,2545.0
1785,2545.0
1786,2545.0
1787,2545.0
1788,2545.0
1789,2545.0
1790,2545.0
1791,2545.0
1792,2545.0
1793,2540.0
1794,2540.0
1795,2540.0
1796,2540.00000001
1797,2540.00000001
1798,2545.0
1799,2545.0
1800,2545.0
1801,2545.0
1802,2540.0
1803,2540.0
1804,2540.0
1805,2540.0
1806,2540.0
1807,2540.0
1808,2540.00000001
1809,2540.00000001
1810,2540.00000001
1811,2540.00000001
1812,2540.00000001
1813,2545.0
1814,2545.0
1815,2545.0
1816,2544.99999999
1817,2544.99999999
1818,2540.00000002
1819,2540.00000002
1820,2540.00000002
1821,2540.00000002
1822,2540.00000002
1823,2540.00000002
1824,2540.00000002
1825,2540.0
1826,2540.0
1827,2540.0
1828,2540.0
1829,2540.00000002
1830,2540.00000002
1831,2540.0
1832,2540.0
1833,2540.0
1834,2540.0
1835,2540.0
1836,2539.99999997
1837,2539.99999995
1838,2539.99999995
1839,2539.99999995
1840,2539.746
1841,2539.746
1842,2539.746
1843,2539.746
1844,2539.746
1845,2539.74599995
1846,2538.0
1847,2538.0
1848,2538.0
1849,2538.0
1850,2537.0
1851,2527.04727026
1852,2527.04727026
1853,2527.0
1854,2531.99999993
1855,2531.9999999
1856,2531.9999999
1857,2531.9999999
1858,2531.9999999
1859,2531.9999999
1860,2531.9999999
1861,2520.00000131
1862,2520.00000131
1863,2520.00000153
1864,2520.0000016
1865,2520.0000016
1866,2520.0000016
1867,2520.0000016
1868,2520.0000016
1869,2520.0000016
1870,2520.0000016
1871,2520.0000016
1872,2520.0000016
1873,2520.0000016
1874,2539.99999936
1875,2539.99999936
1876,2539.99999936
1877,2539.99999936
1878,2539.99999936
1879,2539.99999936
1880,2527.29999982
1881,2527.29999982
1882,2527.29999982
1883,2527.29999982
1884,2527.29999982
1885,2527.29999983
1886,2527.29999983
1887,2527.29999983
1888,2527.29999983
1889,2527.29999983
1890,2527.29999983
1891,2527.29999983
1892,2527.29999983
1893,2527.29999917
1894,2527.29999917
1895,2527.29999917
1896,2527.29999917
1897,2527.29999917
1898,2527.29999861
1899,2539.99999808
1900,2539.99999808
1901,2539.99999808
1902,2539.99999808
1903,2539.99999808
1904,2539.99999808
1905,2539.99999808
1906,2539.99999808
1907,2539.99999808
1908,2527.29999776
1909,2527.29999776
1910,2527.29999773
1911,2527.29999773
1912,2527.29999773
1913,2527.29999773
1914,2527.29999773
1915,2521.00000011
1916,2521.00000011
1917,2521.00000011
1918,2521.00000011
1919,2521.00000011
1920,2521.00000011
1921,2521.00000011
1922,2521.00000011
1923,2521.00000011
1924,2521.00000011
1925,2538.27147198
1926,2538.27147198
1927,2538.27147198
1928,2538.27147198
1929,2538.27147198
1930,2520.00000001
1931,2520.00000004
1932,2520.0
1933,2520.0
1934,2520.0
1935,2514.60000001
1936,2514.60000001
1937,2514.60000001
1938,2514.60000001
1939,2514.60000001
1940,2525.58011325
1941,2520.00000184
1942,2520.00000176
1943,2520.00000167
1944,2520.00000167
1945,2508.0
1946,2508.0
1947,2508.0
1948,2508.0
1949,2508.0
1950,2508.0
1951,2508.0
1952,2508.0
1953,2508.00000001
1954,2508.00000001
1955,2508.00000001
1956,2508.00000001
1957,2508.00000001
1958,2508.00000001
1959,2508.00000001
1960,2508.00000001
1961,2508.00000001
1962,2508.00000001
1963,2508.00000001
1964,2508.00000001
1965,2508.00000001
1966,2509.99999984
1967,2509.99999984
1968,2509.99999984
1969,2509.99999984
1970,2509.99999984
1971,2508.0
1972,2508.0
1973,2508.0
1974,2508.0
1975,2508.0
1976,2508.0
1977,2508.0
1978,2508.0
1979,2508.0
1980,2515.0
1981,2520.00000092
1982,2520.00000092
1983,2520.00000093
1984,2520.00000093
1985,2520.00000093
1986,2520.00000093
1987,2520.00000093
1988,2520.00000093
1989,2520.00000093
1990,2520.00000093
1991,2520.00000093
1992,2520.00000093
1993,2520.00000093
1994,2520.00000093
1995,2520.00000093
1996,2520.00000093
1997,2520.00000092
1998,2520.00000092
1999,2520.00000092
2000,2520.00000092
2001,2514.2000009
2002,2514.2000009
2003,2514.2000009
2004,2514.2000009
2005,2514.2000009
2006,2520.00000106
2007,2514.2000011
2008,2520.00000186
2009,2524.79999999
2010,2515.20000103
2011,2515.20000103
2012,2515.20000103
2013,2515.20000103
2014,2515.20000103
2015,2515.20000103
2016,2515.20000103
2017,2531.22093142
2018,2531.22093142
2019,2531.22093138
2020,2531.22093138
2021,2531.22093138
2022,2531.22093138
2023,2531.22093138
2024,2524.80000043
2025,2531.22093141
2026,2531.22093149
2027,2524.79999999
2028,2524.80000002
2029,2524.80000002
2030,2524.80000002
2031,2524.80000002
2032,2524.80000002
2033,2524.80000002
2034,2531.22093149
2035,2531.22093149
2036,2531.22093149
2037,2531.22093149
2038,2531.22093149
2039,2531.22093149
2040,2531.22093149
2041,2531.22093149
2042,2531.22093145
2043,2531.22093149
2044,2531.22093149
2045,2531.22093149
2046,2531.22093149
2047,2531.2209315
2048,2531.22093151
2049,2532.00000397
2050,2532.00000397
2051,2532.00000397
2052,2532.00000397
2053,2518.56482723
2054,2532.00000397
2055,2532.00000397
2056,2532.00000397
2057,2532.00000397
2058,2532.00000397
2059,2532.00000397
2060,2532.00000397
2061,2532.00000397
2062,2532.00000397
2063,2532.00000397
2064,2532.00000397
2065,2532.00000397
2066,2532.00000397
2067,2532.00000397
2068,2532.000004
2069,2532.000004
2070,2532.000004
2071,2533.00000401
2072,2533.00000401
2073,2533.00000401
2074,2533.00000401
2075,2533.00000404
2076,2539.99999986
2077,2539.99999993
2078,2533.000004
2079,2539.99999991
2080,2533.000004
2081,2533.00000401
2082,2539.99999991
2083,2539.99999993
2084,2539.99999991
2085,2539.99999994
2086,2527.3000001
2087,2539.99999993
2088,2539.99999998
2089,2539.99999998
2090,2539.99999991
2091,2539.99999991
2092,2539.99999991
2093,2539.99999991
2094,2539.99999991
2095,2539.99999991
2096,2540.26482732
2097,2540.26482732
2098,2540.26482732
2099,2540.26482732
2100,2540.26482732
2101,2540.26482732
2102,2540.26482732
2103,2540.26482732
2104,2540.26482732
2105,2540.26482732
2106,2540.26482732
2107,2540.26482732
2108,2540.26482732
2109,2540.26482732
2110,2540.26482732
2111,2540.26482727
2112,2540.26482727
2113,2540.26482727
2114,2540.26482727
2115,2540.26482727
2116,2540.26482727
2117,2540.26482727
2118,2540.26482727
2119,2540.26482727
2120,2540.26482727
2121,2540.26482727
2122,2540.26482727
2123,2540.26482727
2124,2539.99999991
2125,2539.99999991
2126,2539.99999992
2127,2534.91999991
2128,2534.91999991
2129,2534.91999991
2130,2534.91999991
2131,2534.91999991
2132,2529.85015991
2133,2529.85015991
2134,2527.3000005
2135,2527.3000005
2136,2527.3000005
2137,2527.3000005
2138,2527.3000005
2139,2527.3000005
2140,2527.3000005
2141,2527.3000005
2142,2527.3000005
2143,2527.3000005
2144,2527.3000005
2145,2527.3000005
2146,2527.3000005
2147,2527.3000005
2148,2527.3000005
2149,2527.3000005
2150,2527.3000005
2151,2527.3000005
2152,2527.3000005
2153,2527.3000005
2154,2520.00000549
2155,2520.00000549
2156,2520.00000549
2157,2520.00000549
2158,2520.00000549
2159,2520.00000549
2160,2520.00000549
2161,2520.00000549
2162,2520.00000549
2163,2520.00000549
2164,2520.00000549
2165,2520.00000549
2166,2520.00000549
2167,2520.00000549
2168,2520.00000549
2169,2520.00000549
2170,2520.00000549
2171,2520.00000549
2172,2520.00000549
2173,2520.00000549
2174,2520.00000549
2175,2520.00000549
2176,2520.00000549
2177,2520.00000549
2178,2520.00000549
2179,2520.000004
2180,2520.000004
2181,2520.000004
2182,2520.000004
2183,2520.000004
2184,2520.00000418
2185,2520.00000418
2186,2520.00000418
2187,2520.00000418
2188,2520.000004
2189,2520.000004
2190,2514.59999995
2191,2514.59999995
2192,2514.59999998
2193,2514.59999998
2194,2514.59999998
2195,2517.9999999
2196,2517.9999999
2197,2517.9999999
2198,2507.0
2199,2507.0
2200,2507.0
2201,2490.00000007
2202,2490.00000007
2203,2490.00000007
2204,2490.00000007
2205,2489.31
2206,2489.31
2207,2511.99999967
2208,2511.99999967
2209,2511.99999967
2210,2500.0
2211,2500.0
2212,2500.0
2213,2500.0
2214,2500.0
2215,2494.7045486
2216,2490.99999972
2217,2490.99999972
2218,2499.99999986
2219,2499.99999986
2220,2499.99999986
2221,2499.99999986
2222,2499.99999986
2223,2499.99999986
2224,2499.99999986
2225,2499.99999986
2226,2499.99999986
2227,2499.99999986
2228,2499.99999986
2229,2499.99999986
2230,2499.99999986
2231,2499.99999996
2232,2499.99999996
2233,2499.99999979
2234,2499.99999979
2235,2499.99999979
2236,2499.99999968
2237,2499.99999968
2238,2499.99999948
2239,2499.99999948
2240,2487.99999977
2241,2484.0
2242,2481.99999981
2243,2481.99999978
2244,2481.99999978
2245,2499.99999894
2246,2499.99999894
2247,2499.99999894
2248,2499.99999894
2249,2499.99999894
2250,2480.0
2251,2480.0
2252,2480.0
2253,2480.0
2254,2492.39999967
2255,2492.39999954
2256,2480.0
2257,2480.0
2258,2480.0
2259,2492.39999917
2260,2489.99999995
2261,2471.0
2262,2470.0
2263,2470.0
2264,2470.0
2265,2486.99999968
2266,2486.99999968
2267,2485.99999997
2268,2485.99999997
2269,2485.99999997
2270,2485.99999997
2271,2485.99999997
2272,2485.99999997
2273,2485.99999997
2274,2485.99999997
2275,2471.0
2276,2471.0
2277,2471.0
2278,2471.0
2279,2471.0
2280,2471.0
2281,2471.0
2282,2483.9999999
2283,2483.9999999
2284,2479.99999994
2285,2479.99999994
2286,2479.99999994
2287,2471.09999993
2288,2470.99999996
2289,2470.0
2290,2470.0
2291,2470.0
2292,2467.0
2293,2467.0
2294,2467.0
2295,2467.0
2296,2467.0
2297,2464.55945995
2298,2466.0
2299,2466.0
2300,2464.55945992
2301,2465.99999996
2302,2460.0
2303,2460.0
2304,2458.89405001
2305,2458.89405001
2306,2458.89405001
2307,2458.2022823
2308,2458.2022823
2309,2458.2022823
2310,2457.0
2311,2448.08786997
2312,2448.08786997
2313,2456.99999996
2314,2456.99999996
2315,2450.0
2316,2456.99999988
2317,2456.99999988
2318,2450.0
2319,2450.0
2320,2450.0
2321,2456.99999955
2322,2442.63
2323,2441.10030259
2324,2440.0
2325,2449.99999971
2326,2443.09
2327,2449.99999973
2328,2449.99999973
2329,2441.10000003
2330,2441.10000006
2331,2440.0
2332,2435.00000021
2333,2430.0
2334,2444.52999994
2335,2444.52999994
2336,2444.52999994
2337,2444.51999989
2338,2444.51999989
2339,2444.51999989
2340,2444.51999989
2341,2422.38091563
2342,2422.38091563
2343,2415.75630228
2344,2444.48999974
2345,2444.48999974
2346,2444.48999974
2347,2444.48999946
2348,2444.48999946
2349,2438.0878699
2350,2438.0878699
2351,2438.0878697
2352,2429.99999995
2353,2429.99999985
2354,2429.99999985
2355,2429.99999972
2356,2429.99999972
2357,2429.99999972
2358,2429.99999972
2359,2438.08786978
2360,2438.08786978
2361,2438.08786978
2362,2438.08786969
2363,2429.99999985
2364,2447.6156324
2365,2447.6156324
2366,2447.6156324
2367,2447.6156324
2368,2447.6156324
2369,2447.6156324
2370,2448.0
2371,2450.0
2372,2453.99999976
2373,2453.99999976
2374,2453.99999976
2375,2440.00000004
2376,2450.09999999
2377,2425.59900015
2378,2425.59900008
2379,2425.59900008
2380,2449.99999977
2381,2449.99999961
2382,2412.0
2383,2412.0
2384,2412.0
2385,2420.0
2386,2420.0
2387,2412.0
2388,2412.0
2389,2410.50186443
2390,2410.50186443
2391,2411.12261339
2392,2412.0
2393,2410.49999992
2394,2410.49999992
2395,2419.89999992
2396,2410.50000013
2397,2417.49999987
2398,2416.49999992
2399,2416.49999995
2400,2416.49999995
2401,2416.49999999
2402,2416.49999995
2403,2416.49999993
2404,2416.49999993
2405,2416.49999993
2406,2416.49999993
2407,2432.09999987
2408,2435.99999997
2409,2435.99999997
2410,2447.99999999
2411,2447.99999999
2412,2425.00213313
2413,2425.00236331
2414,2425.00397899
2415,2425.00397899
2416,2425.00397899
2417,2425.00397899
2418,2435.704
2419,2426.0
2420,2445.99575659
2421,2427.0
2422,2430.0
2423,2430.0
2424,2430.0
2425,2430.0
2426,2430.0
2427,2427.5
2428,2427.5
2429,2443.99999993
2430,2441.99999997
2431,2440.0
2432,2440.0
2433,2451.12261339
2434,2451.12261339
2435,2451.12261339
2436,2451.12261339
2437,2451.12261339
2438,2461.50916912
2439,2461.50916912
2440,2471.99999997
2441,2471.99999997
2442,2471.99999997
2443,2474.67304847
2444,2471.99999993
2445,2471.99999993
2446,2471.99999993
2447,2471.99999993
2448,2477.0
2449,2465.4047329
2450,2472.5836178
2451,2465.40473288
2452,2465.40473288
2453,2465.40473288
2454,2477.79370114
2455,2477.79370114
2456,2477.79370114
2457,2465.40473288
2458,2465.40473288
2459,2475.99999993
2460,2475.99999993
2461,2475.99999993
2462,2472.99999994
2463,2472.99999994
2464,2472.99999994
2465,2470.0
2466,2470.0
2467,2470.0
2468,2470.0
2469,2470.0
2470,2461.50916912
2471,2461.50916912
2472,2461.50916912
2473,2461.50916912
2474,2461.50916912
2475,2461.50916912
2476,2477.79370097
2477,2477.79370097
2478,2477.79370097
2479,2477.79370097
2480,2477.79370097
2481,2477.79370097
2482,2477.79370097
2483,2465.40473214
2484,2465.40473214
2485,2465.40473214
2486,2465.40473214
2487,2465.40473214
2488,2465.40473214
2489,2455.0
2490,2455.0
2491,2455.0
2492,2455.0
2493,2455.0
2494,2455.0
2495,2455.0
2496,2455.0
2497,2455.0
2498,2455.0
2499,2445.01565213
2500,2445.01565214
2501,2445.01565214
2502,2445.01565214
2503,2446.0
2504,2445.0156521
2505,2445.01565209
2506,2442.44121227
2507,2440.19370089
2508,2445.01565207
2509,2445.01565208
2510,2449.18085762
2511,2449.18085762
2512,2445.01565214
2513,2445.01565214
2514,2445.01565214
2515,2449.18085761
2516,2449.18085759
2517,2449.18085759
2518,2449.18085759
2519,2449.18085759
2520,2449.18085759
2521,2449.18085759
2522,2449.18085759
2523,2449.18085759
2524,2449.18085759
2525,2449.18085759
2526,2449.18085759
2527,2469.98967601
2528,2469.98967601
2529,2469.98967601
2530,2469.98967601
2531,2457.63923026
2532,2457.63923026
2533,2457.63923026
2534,2457.63923026
2535,2457.63923026
2536,2457.63923026
2537,2469.9835854
2538,2469.98358541
2539,2469.98358541
2540,2469.98358541
2541,2469.99792622
2542,2459.18056695
2543,2469.88975256
2544,2469.88975256
2545,2469.88975256
2546,2469.88975256
2547,2469.88975256
2548,2469.88975256
2549,2469.88975256
2550,2469.88975256
2551,2469.88975256
2552,2469.88975256
2553,2469.88975256
2554,2469.88975256
2555,2461.09636953
2556,2458.64793686
2557,2458.64793686
2558,2458.64793686
2559,2464.92596946
2560,2464.92596946
2561,2477.79196071
2562,2477.79196071
2563,2477.78991432
2564,2477.78991432
2565,2465.40096476
2566,2465.40096476
2567,2465.40096476
2568,2477.78991424
2569,2477.78991424
2570,2477.78991424
2571,2477.78991424
2572,2477.78991424
2573,2477.78991424
2574,2477.66968751
2575,2477.66968751
2576,2477.66968751
2577,2477.66968751
2578,2464.92596946
2579,2464.92596946
2580,2464.92596946
2581,2477.66250516
2582,2477.66250516
2583,2477.66250516
2584,2477.66250516
2585,2477.66250516
2586,2477.66250516
2587,2477.66250516
2588,2469.98358537
2589,2477.65178063
2590,2477.65178063
2591,2477.65103225
2592,2477.65103225
2593,2477.65103225
2594,2477.65103225
2595,2477.65103225
2596,2477.65103225
2597,2477.65103225
2598,2477.64453285
2599,2477.64453284
2600,2477.6445328
2601,2465.26667359
2602,2465.26667359
2603,2465.2666736
2604,2477.64453273
2605,2470.0
2606,2470.0
2607,2477.64453286
2608,2477.64516073
2609,2477.64594355
2610,2477.79614632
2611,2477.79614632
2612,2477.79614632
2613,2477.79614632
2614,2477.79748034
2615,2477.79748034
2616,2477.79748034
2617,2477.79748034
2618,2477.79748034
2619,2477.79748034
2620,2477.79748034
2621,2480.0
2622,2480.0
2623,2480.00177784
2624,2480.00177784
2625,2480.00177785
2626,2480.00177785
2627,2476.94792767
2628,2476.94792767
2629,2470.0
2630,2470.0
2631,2470.0
2632,2469.99999995
2633,2469.99999991
2634,2469.99863846
2635,2469.99739181
2636,2469.99739181
2637,2468.14282929
2638,2468.1428293
2639,2468.14282932
2640,2468.14282934
2641,2468.14282934
2642,2468.14282934
2643,2468.14282934
2644,2480.55104956
2645,2480.55104956
2646,2480.55104956
2647,2480.55104956
2648,2480.55104956
2649,2480.55104956
2650,2480.55104956
2651,2480.55104956
2652,2480.55104956
2653,2480.55104956
2654,2480.55104956
2655,2480.55104956
2656,2468.14829412
2657,2468.14829412
2658,2468.14282929
2659,2468.14282929
2660,2468.14282929
2661,2468.14282929
2662,2468.14282929
2663,2468.14282929
2664,2468.14282929
2665,2468.14282929
2666,2468.14282929
2667,2468.14282929
2668,2468.14282929
2669,2468.14282929
2670,2468.14282929
2671,2468.14282929
2672,2468.14282929
2673,2468.14282929
2674,2468.14282929
2675,2468.14282929
2676,2468.14282929
2677,2468.14282929
2678,2480.5353305
2679,2480.5353305
2680,2480.5353305
2681,2480.5353305
2682,2480.5353305
2683,2480.5353305
2684,2480.5353305
2685,2480.5353305
2686,2468.12773167
2687,2468.12773167
2688,2455.2017601
2689,2455.20176007
2690,2455.20176007
2691,2455.20176007
2692,2466.89236928
2693,2468.12773167
2694,2468.12773167
2695,2468.12773167
2696,2468.12773167
2697,2468.12773167
2698,2468.12773167
2699,2468.12773167
2700,2467.34375372
2701,2467.23908503
2702,2460.00000001
2703,2464.23908503
2704,2464.23908503
2705,2464.23908503
2706,2464.23908503
2707,2463.0
2708,2463.0
2709,2463.0
2710,2463.0
2711,2463.0
2712,2463.0
2713,2463.0
2714,2463.0
2715,2463.0
2716,2463.0
2717,2463.0
2718,2463.0
2719,2463.0
2720,2463.0
2721,2463.0
2722,2463.0
2723,2463.0
2724,2463.0
2725,2451.0
2726,2451.67999987
2727,2451.67999987
2728,2450.0
2729,2449.0
2730,2449.0
2731,2449.0
2732,2449.00000001
2733,2451.67999987
2734,2451.67999987
2735,2451.67999987
2736,2451.67999987
2737,2451.67999981
2738,2451.67999987
2739,2451.67999987
2740,2451.67999987
2741,2464.23908446
2742,2464.23908446
2743,2464.23908446
2744,2464.23908446
2745,2464.23908446
2746,2464.23908446
2747,2464.23908446
2748,2464.23908446
2749,2451.9178894
2750,2460.99999997
2751,2460.99999997
2752,2460.99999997
2753,2460.99999997
2754,2460.99999997
2755,2460.99999997
2756,2460.99999997
2757,2460.99999997
2758,2460.99999997
2759,2460.99999997
2760,2460.99999997
2761,2460.99999997
2762,2459.0
2763,2459.0
2764,2459.0
2765,2459.0
2766,2459.0
2767,2459.0
2768,2459.0
2769,2464.23908491
2770,2464.23908491
2771,2464.23908503
2772,2464.23908503
2773,2464.23908503
2774,2464.23908503
2775,2464.23908503
2776,2464.23908503
2777,2464.23908503
2778,2464.23908503
2779,2464.23908503
2780,2464.23908503
2781,2464.23908503
2782,2464.23908503
2783,2464.23908503
2784,2464.23908503
2785,2464.23908503
2786,2479.99397986
2787,2464.24000001
2788,2464.24000001
2789,2467.5999998
2790,2465.19939801
2791,2479.99999956
2792,2479.99999956
2793,2479.99999956
2794,2479.99999956
2795,2479.99999956
2796,2479.99999956
2797,2479.99999941
2798,2479.99999941
2799,2479.99999941
2800,2479.99999941
2801,2479.99999908
2802,2479.99999904
2803,2479.99999904
2804,2479.99999904
2805,2464.24
2806,2464.24
2807,2464.24
2808,2464.24
2809,2464.24
2810,2464.24
2811,2464.24
2812,2464.24
2813,2464.24
2814,2464.24
2815,2464.24
2816,2464.24
2817,2464.24
2818,2464.24
2819,2464.24
2820,2479.99999779
2821,2479.99999779
2822,2479.99999779
2823,2479.99999779
2824,2479.99999757
2825,2479.99999757
2826,2479.99999757
2827,2479.99999757
2828,2479.99999757
2829,2479.99999757
2830,2467.59999771
2831,2467.59999771
2832,2467.59999771
2833,2467.59999771
2834,2467.59999771
2835,2472.53519773
2836,2472.53519773
2837,2472.53519773
2838,2472.53519773
2839,2472.53519773
2840,2472.53519773
2841,2479.99999805
2842,2479.99999805
2843,2479.99999805
2844,2479.99999796
2845,2479.99999796
2846,2479.99999796
2847,2479.99999796
2848,2479.99999796
2849,2479.99999796
2850,2479.99999796
2851,2479.99999796
2852,2479.99999796
2853,2479.99999796
2854,2479.99999796
2855,2479.99999796
2856,2479.99999796
2857,2479.99999796
2858,2479.99999796
2859,2479.99999796
2860,2479.99999796
2861,2477.99999911
2862,2477.99999911
2863,2477.99999911
2864,2477.99999911
2865,2477.99999911
2866,2467.251
2867,2467.251
2868,2467.251
2869,2467.251
2870,2467.251
2871,2467.251
2872,2467.251
2873,2467.251
2874,2467.251
2875,2467.251
2876,2467.251
2877,2467.25
2878,2464.24
2879,2467.25000008
2880,2467.25000008
2881,2467.25000007
2882,2467.25000007
2883,2467.25000007
2884,2467.24999983
2885,2467.24999983
2886,2467.24999983
2887,2467.24999983
2888,2467.24999983
2889,2467.24999983
2890,2467.24999983
2891,2467.24999983
2892,2467.25000008
2893,2467.25000007
2894,2454.91375002
2895,2454.91375002
2896,2454.91375002
2897,2454.91375002
2898,2454.91375002
2899,2450.00000197
2900,2467.24999948
2901,2467.24999948
2902,2467.24999948
2903,2467.24999948
2904,2467.24999948
2905,2467.24999948
2906,2467.24999948
2907,2467.24999948
2908,2467.24999948
2909,2467.24999948
2910,2467.24999948
2911,2450.00000201
2912,2450.00000201
2913,2450.00000201
2914,2450.00000201
2915,2450.00000201
2916,2450.00000198
2917,2450.00000198
2918,2450.00000198
2919,2450.00000198
2920,2463.00000184
2921,2463.00000184
2922,2462.00000186
2923,2462.00000186
2924,2462.00000186
2925,2462.00000186
2926,2462.00000186
2927,2462.00000186
2928,2462.00000186
2929,2462.00000178
2930,2462.00000178
2931,2462.00000178
2932,2462.00000178
2933,2462.00000178
2934,2462.00000178
2935,2462.00000161
2936,2462.00000161
2937,2462.00000161
2938,2462.00000161
2939,2462.00000161
2940,2465.00000198
2941,2466.92400161
2942,2466.92400161
2943,2466.92400161
2944,2466.92400161
2945,2466.92400161
2946,2466.92400161
2947,2466.92400161
2948,2466.92400161
2949,2452.67500201
2950,2452.67500201
2951,2452.67500201
2952,2452.67500201
2953,2452.67500201
2954,2452.67500201
2955,2452.67500201
2956,2452.67500201
2957,2452.67500201
2958,2452.67500201
2959,2452.67500201
2960,2452.67500201
2961,2452.67500201
2962,2452.67500201
2963,2452.67500201
2964,2471.0000013
2965,2471.0000013
2966,2471.0000013
2967,2471.0000013
2968,2471.0000013
2969,2471.00000109
2970,2471.00000101
2971,2471.00000101
2972,2460.00000132
2973,2460.00000132
2974,2460.00000132
2975,2460.00000132
2976,2460.00000131
2977,2460.00000131
2978,2460.00000131
2979,2460.0000013
2980,2460.0000013
2981,2460.0000013
2982,2460.00000132
2983,2460.00000132
2984,2460.00000132
2985,2460.00000132
2986,2460.00000132
2987,2460.00000132
2988,2460.00000132
2989,2460.00000132
2990,2460.00000132
2991,2460.00000132
2992,2460.00000132
2993,2460.00000132
2994,2460.00000132
2995,2460.00000132
2996,2460.00000132
2997,2460.00000132
2998,2460.00000132
2999,2460.00000132
3000,2460.00000132
3001,2460.00000132
3002,2460.00000132
3003,2455.0
3004,2455.0
3005,2455.0
3006,2455.0
3007,2455.0
3008,2455.0
3009,2460.00000124
3010,2455.0
3011,2454.99999998
3012,2455.0
3013,2455.0
3014,2455.0
3015,2455.0
3016,2455.0
3017,2455.0
3018,2458.00000086
3019,2458.00000086
3020,2458.00000086
3021,2458.00000086
3022,2458.00000086
3023,2458.00000086
3024,2458.00000086
3025,2458.00000086
3026,2458.00000086
3027,2454.41
3028,2455.0
3029,2455.0
3030,2452.0000019
3031,2452.0000019
3032,2452.0000019
3033,2450.0
3034,2450.0
3035,2450.0000019
3036,2450.0000019
3037,2450.00000001
3038,2450.0000019
3039,2450.0000019
3040,2450.0000019
3041,2450.0000019
3042,2450.0000019
3043,2450.0000019
3044,2450.0000019
3045,2450.0
3046,2450.0
3047,2450.0
3048,2450.0
3049,2450.0
3050,2450.0
3051,2450.0
3052,2450.0
3053,2450.0
3054,2454.9999996
3055,2454.9999996
3056,2454.9999996
3057,2454.9999996
3058,2454.9999996
3059,2454.9999996
3060,2454.9999996
3061,2454.9999996
3062,2455.0
3063,2455.0
3064,2455.0
3065,2455.0
3066,2455.0
3067,2455.0
3068,2455.00003
3069,2455.00003
3070,2455.00003
3071,2455.00003
3072,2455.00003
3073,2455.00003
3074,2455.00003
3075,2455.1
3076,2455.1
3077,2455.1
3078,2455.1
3079,2455.00000006
3080,2455.00000006
3081,2455.00000006
3082,2455.00000006
3083,2455.00000006
3084,2455.00000006
3085,2455.00000006
3086,2455.00000006
3087,2455.00000006
3088,2455.00000006
3089,2455.00000006
3090,2455.00000006
3091,2475.38576083
3092,2475.38576084
3093,2475.38509237
3094,2475.38509237
3095,2475.38509237
3096,2475.38509237
3097,2475.38509237
3098,2475.38509237
3099,2475.3925694
3100,2475.3925694
3101,2475.3925694
3102,2475.3925694
3103,2475.3925694
3104,2475.3925694
3105,2475.3925694
3106,2475.3925694
3107,2475.3925694
3108,2480.0
3109,2480.55105
3110,2480.0
3111,2480.0
3112,2480.00000001
3113,2480.00000001
3114,2483.30210523
3115,2483.30210523
3116,2483.30210523
3117,2483.30210523
3118,2483.30210523
3119,2483.30210523
3120,2483.30210524
3121,2483.30210524
3122,2483.99999998
3123,2483.99999998
3124,2483.99999994
3125,2483.99999995
3126,2483.99999995
3127,2484.0
3128,2485.00000001
3129,2485.73999995
3130,2491.5465615
3131,2491.54656152
3132,2492.99999995
3133,2492.9999998
3134,2492.99999981
3135,2492.99999983
3136,2492.99999983
3137,2492.99999983
3138,2492.99999983
3139,2492.99999983
3140,2492.99999983
3141,2492.99999983
3142,2492.99999983
3143,2492.99999983
3144,2492.99999983
3145,2492.99999983
3146,2492.99999983
3147,2492.99999988
3148,2492.99999988
3149,2492.99999988
3150,2492.99999988
3151,2492.99999988
3152,2492.99999988
3153,2492.99999988
3154,2492.99999988
3155,2492.99999988
3156,2485.00113898
3157,2485.00113898
3158,2485.00113898
3159,2485.00113898
3160,2485.00113898
3161,2485.00113897
3162,2485.00113897
3163,2485.00113897
3164,2485.00113897
3165,2485.00113897
3166,2485.00113897
3167,2485.00113898
3168,2485.00113898
3169,2485.00113898
3170,2485.00113898
3171,2485.00113898
3172,2493.0
3173,2493.0
3174,2493.0
3175,2493.0
3176,2493.0
3177,2493.0
3178,2493.0
3179,2502.05068749
3180,2504.65604997
3181,2504.65604998
3182,2504.65604998
3183,2504.65604998
3184,2503.99999997
3185,2503.99999997
3186,2503.99999997
3187,2503.99999997
3188,2503.99999995
3189,2503.99999995
3190,2503.99999995
3191,2503.99999995
3192,2503.99999995
3193,2503.99999995
3194,2503.99999995
3195,2503.99999995
3196,2503.99999995
3197,2503.99999995
3198,2503.99999995
3199,2504.0
3200,2504.0
3201,2504.0
3202,2504.0
3203,2504.0
3204,2504.0
3205,2504.0
3206,2520.000004
3207,2528.4217061
3208,2516.11724473
3209,2516.11724473
3210,2516.11724473
3211,2516.11724473
3212,2516.11724473
3213,2516.11724473
3214,2516.11724473
3215,2516.11724473
3216,2516.11724473
3217,2516.11724473
3218,2516.11724473
3219,2516.11724473
3220,2525.50924163
3221,2525.50924163
3222,2525.50924163
3223,2525.50924163
3224,2520.0
3225,2520.0
3226,2525.75220602
3227,2525.75220602
3228,2525.75220602
3229,2525.75220602
3230,2525.75220602
3231,2525.75220602
3232,2525.75220602
3233,2522.13924405
3234,2522.13924405
3235,2522.13924405
3236,2522.13924405
3237,2522.13924405
3238,2522.13924405
3239,2522.13924405
3240,2522.13924405
3241,2522.13924405
3242,2522.13924405
3243,2524.90872292
3244,2527.99999999
3245,2527.99999999
3246,2527.99999999
3247,2527.99999999
3248,2527.99999999
3249,2528.0
3250,2520.0
3251,2512.6
3252,2512.6
3253,2512.6
3254,2512.6
3255,2512.6
3256,2512.6
3257,2512.6
3258,2512.6
3259,2512.6
3260,2512.6
3261,2512.6
3262,2512.59999999
3263,2512.59999998
3264,2512.59999998
3265,2512.59999997
3266,2512.52290976
3267,2512.52290976
3268,2512.52290976
3269,2512.52290977
3270,2512.52290977
3271,2512.59999995
3272,2512.59999995
3273,2512.59999995
3274,2512.59999995
3275,2512.59999995
3276,2512.59999996
3277,2512.59999996
3278,2512.59999996
3279,2512.6
3280,2513.00000011
3281,2526.00660288
3282,2526.00660288
3283,2526.00660288
3284,2526.00660288
3285,2513.00000036
3286,2513.00000036
3287,2513.00000036
3288,2513.00000036
3289,2513.00000036
3290,2513.00000036
3291,2513.00000036
3292,2513.00000036
3293,2513.00000036
3294,2526.00660291
3295,2526.00660291
3296,2526.00660291
3297,2526.00660291
3298,2526.00660291
3299,2526.00660291
3300,2526.00660291
3301,2526.00660291
3302,2526.00660291
3303,2526.00660291
3304,2526.00660291
3305,2526.00660291
3306,2526.00660291
3307,2526.00660291
3308,2526.00660291
3309,2526.00660291
3310,2526.00660291
3311,2524.99999999
3312,2524.99999999
3313,2524.99999998
3314,2524.99999998
3315,2524.99999998
3316,2524.99999998
3317,2524.99999998
3318,2524.99999998
3319,2524.99999998
3320,2524.99999998
3321,2524.99999998
3322,2524.99999998
3323,2524.99999998
3324,2524.99999998
3325,2524.99999998
3326,2524.99999998
3327,2524.99999998
3328,2524.99999998
3329,2524.99999998
3330,2524.99999998
3331,2507.40000016
3332,2507.40000016
3333,2505.00000003
3334,2505.0
3335,2505.0
3336,2505.0
3337,2505.0
3338,2505.0
3339,2505.0
3340,2505.0
3341,2505.0
3342,2505.0
3343,2505.0
3344,2505.0
3345,2505.0
3346,2505.0
3347,2505.0
3348,2505.0
3349,2505.0
3350,2504.41499995
3351,2500.0
3352,2500.0
3353,2500.0
3354,2500.0
3355,2500.0
3356,2516.99999983
3357,2516.99999983
3358,2495.00451134
3359,2495.00451134
3360,2495.00000003
3361,2495.00000003
3362,2495.00000003
3363,2495.00000003
3364,2495.00000003
3365,2495.00000003
3366,2495.00000003
3367,2495.00000003
3368,2504.4149997
3369,2504.4149997
3370,2504.4149997
3371,2504.4149997
3372,2504.4149997
3373,2504.4149997
3374,2495.0
3375,2495.0
3376,2495.0
3377,2495.0
3378,2495.00000003
3379,2495.00000003
3380,2495.00000003
3381,2495.0
3382,2495.0
3383,2495.0
3384,2495.0
3385,2495.0
3386,2495.0
3387,2495.0
3388,2495.0
3389,2495.0
3390,2497.99999999
3391,2492.42272653
3392,2491.02254334
3393,2491.02254334
3394,2487.3976807
3395,2487.3976807
3396,2487.3976807
3397,2487.3976807
3398,2487.3976807
3399,2487.3976807
3400,2487.3976807
3401,2487.3976807
3402,2487.3976807
3403,2487.3976807
3404,2487.39768067
3405,2487.39768067
3406,2487.39768067
3407,2487.39768067
3408,2487.39768067
3409,2485.99999999
3410,2485.99999999
3411,2485.99999999
3412,2485.99999999
3413,2485.99999999
3414,2485.99999999
3415,2485.99999999
3416,2485.99999999
3417,2485.99999999
3418,2485.99999999
3419,2485.50999899
3420,2485.50999899
3421,2485.50999899
3422,2485.50999899
3423,2485.50999899
3424,2485.50999899
3425,2485.50999899
3426,2485.50999899
3427,2485.5
3428,2485.5
3429,2485.5
3430,2485.5
3431,2485.5
3432,2485.5
3433,2485.01000002
3434,2485.01000002
3435,2485.00000001
3436,2485.00000001
3437,2485.00000001
3438,2485.49999997
3439,2485.49999997
3440,2485.49999998
3441,2485.49999998
3442,2485.49999998
3443,2485.49999998
3444,2485.49999998
3445,2485.49999998
3446,2485.49999998
3447,2485.49999998
3448,2485.49999998
3449,2485.49999998
3450,2485.49999998
3451,2485.49999998
3452,2485.49999998
3453,2485.49999998
3454,2485.49999998
3455,2485.49999998
3456,2485.49999998
3457,2485.49999999
3458,2485.49999999
3459,2485.49999999
3460,2485.49999999
3461,2485.49999999
3462,2485.49999999
3463,2485.49999999
3464,2485.49999999
3465,2485.49999999
3466,2485.49999999
3467,2485.49999999
3468,2485.49999999
3469,2485.49999999
3470,2485.49999999
3471,2485.49999999
3472,2485.49999999
3473,2485.49999999
3474,2485.49999999
3475,2485.49999999
3476,2485.49999999
3477,2485.49999999
3478,2485.5
3479,2485.5
3480,2485.5
3481,2485.5
3482,2485.5
3483,2485.00000001
3484,2485.00000001
3485,2485.00000001
3486,2485.00000001
3487,2485.00000001
3488,2485.00000001
3489,2485.00000001
3490,2485.00000001
3491,2485.00000001
3492,2485.00000001
3493,2485.5
3494,2485.5
3495,2485.5
3496,2485.5
3497,2485.5
3498,2497.99999386
3499,2497.99999386
3500,2497.99999386
3501,2497.99999386
3502,2497.99999386
3503,2497.99999386
3504,2497.99999386
3505,2497.99999386
3506,2497.99999386
3507,2497.99999517
3508,2497.99999517
3509,2497.99999517
3510,2497.99999517
3511,2497.99999517
3512,2497.99999517
3513,2497.99999517
3514,2497.99999517
3515,2497.99999517
3516,2497.99999517
3517,2497.99999517
3518,2497.99999517
3519,2497.99999517
3520,2497.99999517
3521,2497.99999517
3522,2497.99999517
3523,2497.99999517
3524,2497.99999517
3525,2497.99999517
3526,2497.99999517
3527,2497.99999517
3528,2497.99999517
3529,2497.90999527
3530,2497.90999527
3531,2497.90999533
3532,2497.90999533
3533,2497.99999524
3534,2497.99999524
3535,2497.99999524
3536,2497.99999524
3537,2497.99999524
3538,2497.99999524
3539,2497.99999524
3540,2497.99999524
3541,2497.99999524
3542,2497.99999534
3543,2497.99999534
3544,2497.99999534
3545,2508.57397309
3546,2508.57397309
3547,2508.57397309
3548,2508.57397309
3549,2508.57397309
3550,2508.57397309
3551,2508.57397285
3552,2508.57397285
3553,2508.57397285
3554,2508.57397274
3555,2508.57397274
3556,2508.57397274
3557,2508.57397274
3558,2508.57397274
3559,2508.57397274
3560,2508.57397274
3561,2508.57397274
3562,2508.57397274
3563,2508.57397274
3564,2508.57397274
3565,2508.57397274
3566,2508.57397274
3567,2508.57397279
3568,2508.57397279
3569,2508.57397287
3570,2508.57397287
3571,2508.57397287
3572,2508.57397287
3573,2508.57397287
3574,2508.57397287
3575,2508.57397287
3576,2508.57397287
3577,2508.57397287
3578,2508.57397287
3579,2503.57397294
3580,2503.57397294
3581,2503.57397294
3582,2503.57397294
3583,2503.57397294
3584,2503.57397294
3585,2508.57397257
3586,2508.57397257
3587,2508.57397257
3588,2508.57397257
3589,2508.57397257
3590,2508.57397257
3591,2497.99999532
3592,2497.99999532
3593,2497.99999532
3594,2497.99999532
3595,2497.99999528
3596,2497.99999528
3597,2497.99999528
3598,2497.99999528
3599,2497.99999528
3600,2497.99999524
3601,2497.99999524
3602,2497.99999524
3603,2497.99999524
3604,2497.99999524
3605,2497.99999524
3606,2497.99999524
3607,2497.99999525
3608,2497.99999525
3609,2497.99999525
3610,2497.99999525
3611,2497.99999527
3612,2497.99999524
3613,2497.99999525
3614,2497.99999525
3615,2497.99999525
3616,2497.99999525
3617,2497.99999526
3618,2497.99999526
3619,2497.99999526
3620,2497.99999526
3621,2497.99999526
3622,2497.99999526
3623,2497.99999526
3624,2497.99999526
3625,2497.99999526
3626,2497.99999528
3627,2497.99999528
3628,2507.6844241
3629,2507.6844241
3630,2507.6844241
3631,2507.6844241
3632,2500.99999526
3633,2500.99999526
3634,2500.99999526
3635,2500.0
3636,2500.0
3637,2500.0
3638,2497.90999528
3639,2497.90999528
3640,2497.90999528
3641,2497.90999528
3642,2497.90999528
3643,2497.90999528
3644,2497.90999528
3645,2497.90999528
3646,2497.90999528
3647,2495.0
3648,2495.0
3649,2495.0
3650,2485.50000001
3651,2495.0
3652,2495.0
3653,2495.0
3654,2495.0
3655,2495.0
3656,2495.0
3657,2495.0
3658,2495.0
3659,2495.0
3660,2495.0
3661,2495.0
3662,2495.0
3663,2485.50195207
3664,2485.50195207
3665,2485.50195207
3666,2485.50195207
3667,2485.50195207
3668,2485.50195207
3669,2485.5
3670,2491.99999999
3671,2491.99999999
3672,2491.99999999
3673,2494.68442332
3674,2494.68442332
3675,2494.99999942
3676,2494.99999942
3677,2494.99999942
3678,2494.99999942
3679,2494.99999986
3680,2494.99999989
3681,2494.99999989
3682,2494.99999989
3683,2494.99999989
3684,2494.99999989
3685,2495.0
3686,2495.0
3687,2495.0
3688,2509.26663364
3689,2509.26663364
3690,2509.26663364
3691,2509.26663364
3692,2509.26663364
3693,2509.26663364
3694,2509.26663364
3695,2509.26663364
3696,2509.26663364
3697,2509.26663364
3698,2509.26663364
3699,2509.26663362
3700,2503.00000005
3701,2490.0
3702,2485.5
3703,2485.5
3704,2485.5
3705,2499.95413739
3706,2499.95413739
3707,2499.95413739
3708,2499.95413739
3709,2499.95413739
3710,2499.95413739
3711,2499.95413739
3712,2499.95413739
3713,2499.95413739
3714,2499.95413739
3715,2490.00000002
3716,2490.00000002
3717,2490.00000002
3718,2490.00000002
3719,2490.00000002
3720,2498.1012311
3721,2498.1012311
3722,2498.1012311
3723,2498.1012311
3724,2498.1012311
3725,2493.26058585
3726,2476.00000001
3727,2476.00000001
3728,2476.00000001
3729,2476.00000001
3730,2476.00000001
3731,2476.00000001
3732,2476.00000001
3733,2476.00000001
3734,2490.84747358
3735,2490.84747358
3736,2490.84747358
3737,2490.84747358
3738,2484.69107527
3739,2484.69107527
3740,2484.69107527
3741,2484.69107527
3742,2484.69107527
3743,2484.69107527
3744,2484.69107527
3745,2484.69107527
3746,2484.69107527
3747,2484.69107527
3748,2484.69107527
3749,2484.69107528
3750,2484.69107528
3751,2484.69107528
3752,2484.69107528
3753,2484.69107528
3754,2484.69107528
3755,2484.69107528
3756,2484.69107528
3757,2484.69107528
3758,2484.69107528
3759,2484.69107528
3760,2484.69107528
3761,2484.69107528
3762,2484.69107528
3763,2484.69107528
3764,2484.69107528
3765,2490.61628505
3766,2490.61628505
3767,2490.61628505
3768,2490.61628505
3769,2490.61628505
3770,2489.32518167
3771,2489.32518167
3772,2489.32518167
3773,2489.32518167
3774,2489.32518167
3775,2489.32518167
3776,2489.32518167
3777,2489.32518167
3778,2489.32518167
3779,2489.32518167
3780,2489.32518167
3781,2489.32518167
3782,2484.69107529
3783,2484.69107528
3784,2484.69107528
3785,2476.0
3786,2476.0
3787,2476.0
3788,2476.0
3789,2476.0
3790,2476.0
3791,2476.0
3792,2476.0
3793,2476.0
3794,2476.0
3795,2476.0
3796,2476.0
3797,2476.0
3798,2476.0
3799,2476.0
3800,2476.0
3801,2476.0
3802,2476.0
3803,2476.0
3804,2476.0
3805,2476.0
3806,2476.0
3807,2476.0
3808,2476.87580359
3809,2476.87580359
3810,2476.87580359
3811,2476.87580359
3812,2476.87580359
3813,2476.87580359
3814,2476.87580359
3815,2476.87580359
3816,2476.87580359
3817,2476.0
3818,2476.0
3819,2476.0
3820,2476.0
3821,2476.0
3822,2476.0
3823,2476.0
3824,2476.0
3825,2476.0
3826,2476.0
3827,2476.0
3828,2476.0
3829,2476.0
3830,2476.0
3831,2476.0
3832,2476.0
3833,2476.0
3834,2489.3224135
3835,2489.3224135
3836,2489.3224135
3837,2489.3224135
3838,2489.32241378
3839,2489.32241378
3840,2489.32241383
3841,2489.32241402
3842,2489.32241477
3843,2489.32241477
3844,2489.32241477
3845,2489.32241477
3846,2489.32241477
3847,2489.32269145
3848,2489.32269145
3849,2489.32269145
3850,2489.32269145
3851,2489.32269145
3852,2507.99999995
3853,2507.99999995
3854,2507.99999995
3855,2507.99999995
3856,2507.99999995
3857,2507.99999995
3858,2507.99999995
3859,2491.41050306
3860,2491.41050306
3861,2491.41050306
3862,2491.41050306
3863,2491.41050306
3864,2491.41050306
3865,2491.41050306
3866,2492.00000018
3867,2491.41050305
3868,2491.41050305
3869,2491.41050305
3870,2491.41050305
3871,2491.41050305
3872,2491.41050305
3873,2491.41050305
3874,2491.41050305
3875,2491.41050305
3876,2491.41050305
3877,2491.41050305
3878,2491.41050305
3879,2491.41050305
3880,2491.41050305
3881,2491.41050305
3882,2491.41050305
3883,2491.4105029
3884,2491.4105029
3885,2491.4105029
3886,2491.4105029
3887,2491.4105029
3888,2491.4105029
3889,2491.4105029
3890,2491.4105029
3891,2491.4105029
3892,2491.4105029
3893,2491.4105029
3894,2491.4105029
3895,2491.4105029
3896,2491.4105029
3897,2503.93015242
3898,2503.93015242
3899,2503.93015242
3900,2503.93015242
3901,2503.93015242
3902,2503.93015242
3903,2503.93015242
3904,2503.93015242
3905,2503.93015242
3906,2503.93015242
3907,2503.93015242
3908,2503.93015242
3909,2503.93015242
3910,2503.93015242
3911,2491.4105009
3912,2491.4105009
3913,2491.4105009
3914,2489.32241379
3915,2503.93015084
3916,2503.93015084
3917,2503.93015084
3918,2503.93015084
3919,2503.93015084
3920,2503.93015084
3921,2503.93015084
3922,2501.45210281
3923,2493.54242851
3924,2493.54242851
3925,2491.40912511
3926,2491.40912511
3927,2491.40912511
3928,2484.61376076
3929,2484.61376076
3930,2472.32254321
3931,2472.32254321
3932,2472.32254321
3933,2477.11476257
3934,2477.11476257
3935,2477.11476257
3936,2477.11476257
3937,2477.11476257
3938,2477.11476257
3939,2473.23306487
3940,2477.11476255
3941,2473.23306488
3942,2473.23306488
3943,2473.23306488
3944,2473.23306488
3945,2473.23306488
3946,2473.23306488
3947,2477.11476254
3948,2477.11476254
3949,2477.11476254
3950,2477.11476254
3951,2477.11476254
3952,2477.11476255
3953,2477.11476255
3954,2477.11476255
3955,2477.11476255
3956,2477.11476255
3957,2477.11476255
3958,2477.11476255
3959,2477.11476255
3960,2477.11476255
3961,2477.11476255
3962,2477.11476255
3963,2477.11476256
3964,2477.11476256
3965,2493.44026824
3966,2493.44026824
3967,2493.44026824
3968,2493.44026824
3969,2493.44026824
3970,2493.44026824
3971,2493.43677713
3972,2493.43677713
3973,2493.43677713
3974,2493.43677713
3975,2493.43677713
3976,2493.43677713
3977,2476.06483139
3978,2476.06483139
3979,2476.06483139
3980,2476.06483139
3981,2476.06483139
3982,2476.06483139
3983,2476.06483139
3984,2476.06483139
3985,2476.06483139
3986,2476.06483139
3987,2476.06483139
3988,2476.07000071
3989,2476.07000071
3990,2476.07000081
3991,2476.07000088
3992,2476.07000098
3993,2476.07000098
3994,2476.07000098
3995,2476.07000098
3996,2476.07000098
3997,2476.07000098
3998,2476.07000098
3999,2476.07000098
4000,2476.07000098
4001,2476.07000098
4002,2476.07000098
4003,2493.5424285
4004,2493.5424285
4005,2493.5424285
4006,2493.5424285
4007,2493.5424285
4008,2493.5424285
4009,2493.5424285
4010,2493.5424285
4011,2493.5424285
4012,2493.5424285
4013,2493.5424285
4014,2493.5424285
4015,2493.5424285
4016,2493.5424285
4017,2493.5424285
4018,2493.5424285
4019,2493.5424285
4020,2493.5424285
4021,2493.5424285
4022,2493.5424285
4023,2493.5424285
4024,2493.5424285
4025,2493.5424285
4026,2495.07000024
4027,2495.07000024
4028,2495.07000024
4029,2495.07000024
4030,2495.07000024
4031,2495.07000024
4032,2495.07000024
4033,2495.07000024
4034,2499.07000025
4035,2499.07000025
4036,2499.07000025
4037,2499.07000025
4038,2499.07000025
4039,2499.07000025
4040,2499.07000025
4041,2499.07000025
4042,2499.07000025
4043,2499.07000025
4044,2499.07000025
4045,2499.07000025
4046,2499.07000025
4047,2499.07000025
4048,2499.07000025
4049,2499.07000025
4050,2510.0
4051,2510.0
4052,2510.0
4053,2510.0
4054,2499.07000054
4055,2499.07000054
4056,2499.07000054
4057,2503.27698559
4058,2503.27698559
4059,2512.86695639
4060,2512.86695639
4061,2512.86695639
4062,2512.86695639
4063,2512.86695639
4064,2512.86695639
4065,2512.86695639
4066,2507.4
4067,2507.4
4068,2507.4
4069,2507.4
4070,2507.4
4071,2507.4
4072,2507.4
4073,2507.4
4074,2507.4
4075,2507.4
4076,2507.4
4077,2515.0
4078,2515.0
4079,2515.0
4080,2515.0
4081,2507.40000027
4082,2507.40000027
4083,2507.40000027
4084,2515.0
4085,2525.01
4086,2525.01
4087,2525.01
4088,2525.01
4089,2526.00660296
4090,2526.00660296
4091,2516.00000001
4092,2516.00000001
4093,2516.00000001
4094,2516.00000001
4095,2516.00000001
4096,2516.00000001
4097,2516.00000001
4098,2516.00000001
4099,2515.00000001
4100,2515.00000001
4101,2515.0
4102,2515.0
4103,2515.0
4104,2515.43440479
4105,2515.43440479
4106,2515.43440479
4107,2515.0
4108,2516.0
4109,2516.0
4110,2524.99999987
4111,2524.99999987
4112,2524.99999987
4113,2524.99999987
4114,2524.99999987
4115,2520.00000001
4116,2525.99999994
4117,2520.0
4118,2520.0
4119,2520.423429
4120,2520.423429
4121,2511.00000002
4122,2511.00000002
4123,2510.99999999
4124,2510.99999999
4125,2510.99999999
4126,2510.99999999
4127,2510.99999999
4128,2510.99999999
4129,2525.0
4130,2525.0
4131,2507.65906226
4132,2504.89260044
4133,2504.89260044
4134,2504.89260044
4135,2504.89260044
4136,2504.89260044
4137,2504.89260044
4138,2504.89260044
4139,2504.89260044
4140,2504.89260044
4141,2504.89260044
4142,2504.89260044
4143,2504.89260044
4144,2504.89260044
4145,2504.89260044
4146,2504.89260044
4147,2504.89260044
4148,2504.89260044
4149,2504.89260044
4150,2504.89260044
4151,2504.89260044
4152,2507.65703278
4153,2505.0
4154,2505.0
4155,2505.0
4156,2505.0
4157,2503.27698548
4158,2503.27698548
4159,2503.27698548
4160,2507.65703273
4161,2496.00000003
4162,2496.00000003
4163,2496.00000003
4164,2496.00000003
4165,2496.00000003
4166,2496.00000003
4167,2496.00000003
4168,2496.00000003
4169,2496.00000003
4170,2496.00000003
4171,2496.00000003
4172,2496.00000003
4173,2496.00000003
4174,2497.44808201
4175,2497.44808201
4176,2497.44808201
4177,2497.44808201
4178,2496.0
4179,2496.0
4180,2496.0
4181,2497.44808157
4182,2497.44808157
4183,2497.44808157
4184,2497.44808145
4185,2497.44808145
4186,2497.44808145
4187,2497.44808198
4188,2497.44808198
4189,2497.44808153
4190,2497.44808153
4191,2497.44808201
4192,2497.44808201
4193,2497.44808201
4194,2497.44808201
4195,2497.44808201
4196,2496.0
4197,2497.44808194
4198,2497.44808194
4199,2497.44808194
4200,2497.44808194
4201,2496.0
4202,2496.0
4203,2496.0
4204,2496.0
4205,2496.0
4206,2496.0
4207,2496.0
4208,2496.0
4209,2496.0
4210,2496.0
4211,2496.0
4212,2496.0
4213,2496.0
4214,2496.0
4215,2496.0
4216,2496.0
4217,2496.0
4218,2496.0
4219,2496.0
4220,2496.0
4221,2496.0
4222,2496.0
4223,2496.0
4224,2496.0
4225,2496.0
4226,2496.0
4227,2496.0
4228,2496.0
4229,2496.0
4230,2496.0
4231,2496.0
4232,2496.0
4233,2496.0
4234,2496.0
4235,2496.0
4236,2496.0
4237,2496.0
4238,2496.0
4239,2496.0
4240,2496.0
4241,2496.0
4242,2496.0
4243,2496.0
4244,2496.0
4245,2496.0
4246,2496.0
4247,2496.0
4248,2496.0
4249,2496.0
4250,2496.0
4251,2496.0
4252,2496.0
4253,2496.0
4254,2496.0
4255,2496.0
4256,2496.0
4257,2496.0
4258,2496.0
4259,2496.0
4260,2496.0
4261,2496.0
4262,2496.0
4263,2496.0
4264,2496.0
4265,2496.0
4266,2496.0
4267,2496.0
4268,2496.99999999
4269,2496.99999999
4270,2494.863
4271,2494.863
4272,2494.863
4273,2497.44808201
4274,2497.44808201
4275,2497.44808201
4276,2497.44808201
4277,2497.44808201
4278,2497.44808201
4279,2497.44808201
4280,2497.44808201
4281,2497.44808201
4282,2497.44808201
4283,2497.44808201
