0,13759.99999921
1,13759.99999921
2,13759.99999921
3,13771.99999907
4,13760.00000001
5,13760.00000009
6,13791.9999997
7,13791.9999997
8,13791.9999997
9,13791.99999939
10,13791.99999938
11,13771.99999919
12,13791.99999939
13,13791.99999939
14,13791.99999939
15,13791.99999939
16,13791.99999999
17,13791.99999999
18,13791.99999999
19,13791.99999999
20,13791.99999999
21,13791.99999999
22,13773.00000006
23,13791.99999937
24,13774.00000007
25,13774.00000007
26,13791.99999938
27,13791.99999938
28,13791.99999938
29,13791.99999938
30,13774.00000062
31,13774.00000062
32,13774.00000062
33,13774.00000077
34,13791.99999994
35,13791.99999994
36,13791.99999994
37,13791.9999997
38,13791.9999997
39,13791.99999951
40,13791.99999951
41,13791.99999951
42,13791.0
43,13791.99999945
44,13791.99999951
45,13791.99999951
46,13799.99999932
47,13799.99999932
48,13799.99999932
49,13799.99999932
50,13762.56188631
51,13789.99999996
52,13789.99999992
53,13761.99999955
54,13761.99999961
55,13761.99999961
56,13761.99999979
57,13761.99999979
58,13789.99999824
59,13759.99999997
60,13759.9999992
61,13759.9999992
62,13750.0
63,13759.99999909
64,13759.99999909
65,13759.99999892
66,13759.99999892
67,13759.99999892
68,13749.99999748
69,13747.99999991
70,13747.99999984
71,13747.99999975
72,13747.99999966
73,13747.99999878
74,13747.99999878
75,13700.0
76,13690.00000059
77,13700.0
78,13742.29744446
79,13697.70985612
80,13697.70985612
81,13742.29744435
82,13740.81852366
83,13742.29744227
84,13732.0
85,13712.96537325
86,13731.9999984
87,13703.70985613
88,13703.70985597
89,13703.70985597
90,13689.9999992
91,13683.71697582
92,13670.75419331
93,13650.00000001
94,13650.0
95,13663.74839276
96,13659.74839354
97,13631.99999998
98,13627.7866662
99,13600.0
100,13590.00100156
101,13590.00100156
102,13580.12877838
103,13580.12877958
104,13581.00000014
105,13632.45867213
106,13592.00000003
107,13620.0711489
108,13645.40517627
109,13645.40517627
110,13645.40517627
111,13645.405177
112,13661.61852913
113,13661.61852917
114,13672.69598656
115,13672.69598656
116,13645.4051772
117,13645.40517715
118,13645.40517708
119,13651.4
120,13651.4060004
121,13651.40600031
122,13651.40600031
123,13628.11185006
124,13628.11185006
125,13628.11184997
126,13628.11185009
127,13645.40517689
128,13645.40517689
129,13651.4
130,13651.4
131,13650.00000015
132,13651.4
133,13651.4
134,13650.0000001
135,13655.00000011
136,13655.00000011
137,13708.4060033
138,13675.00000006
139,13708.40600305
140,13708.406003
141,13656.0
142,13656.0
143,13650.0
144,13650.0
145,13650.0
146,13655.99999836
147,13655.99999836
148,13645.8116151
149,13645.81161495
150,13645.81161491
151,13645.8116151
152,13645.8116151
153,13645.8116151
154,13671.41850448
155,13671.41850448
156,13671.41850448
157,13671.41850448
158,13671.41850043
159,13671.41850043
160,13650.00000014
161,13650.00000014
162,13647.41850456
163,13644.41850466
164,13600.00000004
165,13644.41850407
166,13641.41850458
167,13641.41850363
168,13641.41850314
169,13641.41850306
170,13641.41850296
171,13641.41850322
172,13671.41850479
173,13671.41850479
174,13671.41850479
175,13671.41850486
176,13671.41850486
177,13671.41850486
178,13653.56792837
179,13685.41850471
180,13653.56792856
181,13653.56792865
182,13669.41850462
183,13669.4185025
184,13669.4185025
185,13618.53088541
186,13619.00000003
187,13651.41850487
188,13619.00000021
189,13619.00000033
190,13651.41850312
191,13651.41850291
192,13620.00000026
193,13651.41850183
194,13640.4212524
195,13640.4212524
196,13640.4212524
197,13600.0
198,13602.52909782
199,13600.0
200,13600.0
201,13600.63221273
202,13600.6322126
203,13600.6322125
204,13583.1614103
205,13570.02880828
206,13566.99999997
207,13566.99999997
208,13566.99999997
209,13566.99999997
210,13585.71819446
211,13585.71819446
212,13614.7780512
213,13592.36468577
214,13585.71819335
215,13569.83708747
216,13569.83708747
217,13585.68191025
218,13585.68191025
219,13575.0
220,13575.0
221,13566.0
222,13550.0
223,13547.64579707
224,13524.98726352
225,13501.86899993
226,13513.744
227,13513.504
228,13514.84502566
229,13513.504
230,13514.8450255
231,13510.86999997
232,13501.0
233,13504.97902072
234,13461.9790207
235,13432.4813131
236,13424.84144002
237,13411.0
238,13385.88577135
239,13350.0
240,13349.88653664
241,13392.88577109
242,13392.88577113
243,13429.88653623
244,13394.88653742
245,13402.82279372
246,13433.0
247,13418.00000006
248,13432.81268856
249,13432.8126871
250,13419.00000001
251,13419.0
252,13419.13419003
253,13419.13419003
254,13400.00000055
255,13400.00000067
256,13405.99999999
257,13390.0
258,13401.81945972
259,13390.0
260,13390.89742527
261,13374.43609071
262,13376.00000015
263,13410.00000003
264,13433.06442845
265,13433.06442833
266,13410.00000022
267,13433.06442819
268,13433.06442819
269,13433.0644282
270,13433.06442821
271,13436.82000006
272,13440.0
273,13440.00000024
274,13443.10915114
275,13480.0
276,13479.93061016
277,13450.00000014
278,13450.00000014
279,13451.0
280,13455.0
281,13451.00000007
282,13455.0
283,13455.0
284,13455.0
285,13455.0
286,13455.0
287,13479.93060931
288,13479.93060923
289,13464.93060971
290,13433.06442821
291,13433.06442821
292,13442.93060864
293,13440.93061022
294,13440.9306101
295,13401.0
296,13400.99999999
297,13401.0
298,13433.06442786
299,13433.0644278
300,13433.06442771
301,13418.26032781
302,13433.0644282
303,13433.0644282
304,13433.06442821
305,13418.26032789
306,13418.26032789
307,13418.26032789
308,13418.26032789
309,13418.2603272
310,13454.99999954
311,13433.06442924
312,13433.06442995
313,13455.00000023
314,13455.00000023
315,13455.00000026
316,13455.00000026
317,13463.18061022
318,13428.18061024
319,13418.26032717
320,13455.00000024
321,13426.20015714
322,13426.20015714
323,13455.0
324,13435.75847391
325,13455.00000008
326,13455.00000008
327,13479.93060901
328,13464.04924095
329,13479.93060931
330,13479.93060931
331,13493.7320866
332,13484.20015796
333,13499.99999999
334,13500.0
335,13500.0
336,13499.99999983
337,13500.0
338,13500.16499983
339,13484.20015947
340,13480.00000003
341,13480.0
342,13480.0
343,13480.0
344,13480.0
345,13479.99999979
346,13473.18946033
347,13432.50000016
348,13432.50000016
349,13454.99999999
350,13435.0
351,13469.18946026
352,13469.18946021
353,13469.18946011
354,13436.85436466
355,13469.18945994
356,13460.18945997
357,13460.1894599
358,13444.18946053
359,13488.98084527
360,13488.98084527
361,13465.18946111
362,13488.285478
363,13488.28547804
364,13488.28547804
365,13471.33970372
366,13499.57966053
367,13471.33970376
368,13499.57966043
369,13471.33970385
370,13499.57966034
371,13499.57966027
372,13499.5796603
373,13500.0
374,13500.0
375,13523.55
376,13523.55
377,13523.55000007
378,13527.884361
379,13527.884361
380,13531.18575439
381,13531.18575298
382,13531.18575307
383,13500.18575718
384,13509.18946036
385,13509.18946036
386,13480.00000082
387,13500.18575678
388,13500.18575678
389,13480.00000145
390,13480.00000145
391,13480.00000145
392,13480.0000024
393,13480.00000247
394,13494.1938016
395,13494.19380152
396,13494.19379997
397,13494.19379901
398,13420.0
399,13420.0
400,13420.0
401,13420.0
402,13420.0
403,13461.19380207
404,13461.19380202
405,13461.19380202
406,13461.19380202
407,13499.99999921
408,13496.19380222
409,13496.19380222
410,13496.19380222
411,13500.0
412,13513.19380212
413,13528.87649982
414,13500.00000006
415,13528.87649978
416,13528.87649978
417,13513.19380209
418,13513.19380209
419,13500.0000004
420,13528.87649928
421,13528.87649943
422,13528.87649943
423,13528.87649943
424,13528.87649943
425,13528.87649929
426,13528.87649929
427,13528.87649929
428,13510.76410492
429,13520.00100033
430,13511.0
431,13510.54965501
432,13528.00000089
433,13511.00000007
434,13511.00000007
435,13511.00000007
436,13528.00000059
437,13528.00000053
438,13520.00000001
439,13511.0000004
440,13507.19380143
441,13490.4080001
442,13490.4080001
443,13490.4080001
444,13490.4080001
445,13490.4080001
446,13490.4080001
447,13500.40799995
448,13490.4080001
449,13490.4080001
450,13490.47595789
451,13500.4080001
452,13507.19380037
453,13507.19380034
454,13507.19380036
455,13519.99999995
456,13519.99999995
457,13519.99999996
458,13519.99999995
459,13519.99999996
460,13519.99999996
461,13520.0
462,13520.0
463,13520.0
464,13520.0
465,13520.0
466,13520.00000001
467,13519.99999999
468,13518.0
469,13500.18575685
470,13519.94380229
471,13490.40800082
472,13490.40800126
473,13490.40800126
474,13520.00000001
475,13500.40800051
476,13500.40800059
477,13500.40800069
478,13510.0
479,13500.40800084
480,13502.19380204
481,13502.19380213
482,13502.19380228
483,13519.94380227
484,13502.1938028
485,13502.1938028
486,13519.99999983
487,13519.99999983
488,13519.9999997
489,13519.99999964
490,13502.19380444
491,13522.94380234
492,13545.93904597
493,13545.93904625
494,13545.93904636
495,13568.93904584
496,13545.9390465
497,13557.26077664
498,13520.00000005
499,13520.00000015
500,13520.00000023
501,13520.0000003
502,13521.00000003
503,13521.00000003
504,13522.00000003
505,13522.00000004
506,13522.00000005
507,13522.00000001
508,13552.0
509,13552.0
510,13550.18380232
511,13524.19379933
512,13521.00000008
513,13521.00000008
514,13548.18380318
515,13548.18380316
516,13530.0
517,13530.0
518,13548.1838021
519,13530.0
520,13530.0
521,13548.18380164
522,13522.92521136
523,13522.92521136
524,13522.92521133
525,13522.92521133
526,13521.00000003
527,13521.00000003
528,13519.2660959
529,13519.26609589
530,13519.26609589
531,13519.26609572
532,13521.00000008
533,13521.00000008
534,13509.2644659
535,13521.00000008
536,13540.18379749
537,13540.18379749
538,13540.18379749
539,13540.18379749
540,13540.18379749
541,13540.18379749
542,13521.00000008
543,13540.18379724
544,13540.18379724
545,13540.18379724
546,13540.18379721
547,13540.18379715
548,13522.00000018
549,13522.00000018
550,13540.18379723
551,13523.00000019
552,13511.28317133
553,13511.28317142
554,13500.40800079
555,13504.37863997
556,13500.0
557,13498.15000015
558,13456.00000001
559,13456.00000001
560,13456.00000001
561,13497.99999964
562,13497.99999964
563,13496.15000008
564,13456.00000176
565,13496.14999987
566,13496.14999987
567,13496.14999987
568,13456.26446434
569,13456.26446434
570,13456.26446435
571,13456.26446439
572,13456.26446439
573,13470.99999905
574,13476.05000015
575,13476.05000015
576,13476.05000015
577,13492.1403179
578,13492.1403179
579,13500.0
580,13492.14031804
581,13497.01308438
582,13500.0
583,13500.0
584,13500.0
585,13516.99999975
586,13516.99999975
587,13519.54046784
588,13520.9999881
589,13520.9999881
590,13520.99998814
591,13520.99998822
592,13528.8765
593,13528.8765
594,13540.0
595,13528.8765
596,13540.0
597,13528.87650117
598,13528.87650117
599,13548.18380315
600,13548.18380315
601,13548.18380315
602,13548.18380315
603,13548.18380326
604,13548.18380326
605,13543.26446361
606,13548.18380315
607,13550.4587971
608,13555.99999908
609,13550.4587971
610,13554.99999997
611,13554.99999997
612,13554.99999997
613,13554.99999993
614,13554.99999999
615,13531.16938462
616,13531.16938475
617,13531.16938481
618,13531.16938481
619,13531.16938481
620,13554.99999973
621,13535.00000009
622,13535.00000009
623,13535.00000024
624,13554.99999951
625,13535.99999961
626,13554.99999931
627,13535.99999976
628,13554.99999918
629,13554.99999915
630,13554.99999907
631,13554.99999898
632,13554.99999885
633,13554.99999885
634,13519.35948835
635,13519.35948835
636,13519.35948835
637,13519.35948831
638,13527.58311358
639,13527.58311358
640,13527.58311358
641,13549.9999998
642,13549.9999998
643,13550.0
644,13557.81476667
645,13542.99999978
646,13520.0
647,13549.99999997
648,13549.99999987
649,13530.69913685
650,13530.69913685
651,13530.69913743
652,13530.69913746
653,13530.69913746
654,13530.69913746
655,13530.69913746
656,13540.00000003
657,13540.00000006
658,13540.00000003
659,13540.00000006
660,13549.99999981
661,13540.00000017
662,13540.0
663,13540.0
664,13540.00000017
665,13557.7203437
666,13540.16938469
667,13557.72034456
668,13557.72034456
669,13557.72034365
670,13557.72034365
671,13560.0
672,13560.0
673,13561.6314274
674,13561.6314274
675,13561.6314274
676,13566.16941813
677,13577.16336501
678,13561.63142741
679,13562.0
680,13562.00000002
681,13577.16336482
682,13561.23259926
683,13577.1633651
684,13564.16938462
685,13584.18835947
686,13584.18835947
687,13590.0
688,13597.96296045
689,13577.14270333
690,13589.99999999
691,13589.99999999
692,13584.18835953
693,13596.77691783
694,13600.0
695,13600.0
696,13600.0
697,13600.0
698,13619.99999997
699,13607.73029733
700,13622.73484665
701,13622.73484664
702,13622.73484659
703,13610.00000001
704,13622.73484531
705,13622.73484531
706,13607.73029733
707,13600.00000003
708,13600.0
709,13590.00000003
710,13590.0
711,13604.99999768
712,13604.99999527
713,13590.0
714,13590.0
715,13590.00000004
716,13590.0
717,13590.0
718,13604.99999056
719,13590.0
720,13590.0
721,13604.99998985
722,13604.99998741
723,13590.0
724,13570.00000003
725,13602.99999911
726,13602.99999757
727,13570.00000006
728,13599.99999901
729,13570.00000009
730,13585.14270318
731,13585.14270318
732,13585.14270296
733,13585.14270296
734,13570.0
735,13570.0
736,13570.0
737,13568.68686868
738,13568.68686868
739,13568.68686868
740,13570.0
741,13570.0
742,13570.0
743,13578.99999996
744,13578.99999977
745,13547.95941394
746,13547.95941394
747,13547.95941394
748,13547.95941394
749,13547.95941394
750,13578.99999924
751,13550.00000001
752,13569.99999993
753,13550.00000017
754,13550.00000017
755,13550.0000004
756,13569.99999986
757,13569.99999983
758,13569.99999983
759,13570.0
760,13570.0
761,13560.0
762,13550.00000101
763,13569.99999977
764,13569.99999976
765,13569.99999932
766,13569.99999885
767,13551.00000011
768,13569.9999987
769,13569.99999867
770,13569.99999867
771,13551.00000036
772,13551.00000036
773,13551.00000044
774,13551.00000052
775,13569.99999647
776,13569.99999647
777,13555.00000009
778,13569.99999998
779,13569.99999864
780,13578.99999985
781,13578.99999981
782,13578.99999918
783,13578.99999765
784,13604.99999896
785,13578.99999935
786,13578.99999943
787,13575.96102546
788,13604.99999781
789,13575.96102572
790,13575.96102572
791,13575.96102577
792,13575.96102544
793,13575.96102544
794,13555.00000004
795,13555.00000004
796,13575.96102573
797,13575.96102573
798,13575.96102573
799,13555.96102573
800,13555.96102573
801,13555.96102573
802,13555.96102573
803,13565.0
804,13565.0
805,13555.0
806,13555.0
807,13570.92817064
808,13570.92817058
809,13555.0
810,13555.0
811,13554.99999991
812,13554.99999991
813,13506.61184554
814,13542.92817045
815,13542.92816881
816,13542.92816806
817,13500.99999978
818,13500.9999999
819,13501.0000002
820,13501.0000002
821,13500.99999977
822,13500.99999997
823,13532.92817
824,13531.92817074
825,13500.99999977
826,13500.99999977
827,13500.99999977
828,13500.99999977
829,13500.99999977
830,13531.92816499
831,13501.0
832,13500.99999977
833,13531.9281628
834,13500.99999986
835,13501.00000001
836,13501.00000017
837,13549.99999924
838,13549.99999924
839,13549.99999924
840,13549.92817012
841,13501.00000069
842,13549.92816853
843,13549.92816853
844,13501.00000072
845,13513.84631338
846,13513.84631336
847,13540.92816886
848,13501.00000004
849,13501.00000004
850,13501.0
851,13513.84631332
852,13513.84631332
853,13501.00000004
854,13501.0
855,13513.84631332
856,13501.0
857,13501.0
858,13501.0
859,13501.0
860,13521.99999978
861,13501.00000001
862,13501.00000001
863,13501.00000001
864,13500.99999978
865,13500.99999978
866,13520.99999999
867,13511.92817078
868,13540.92816903
869,13540.92816903
870,13516.92817113
871,13529.87863903
872,13549.92816859
873,13549.92816859
874,13529.92817088
875,13549.92816865
876,13549.92816865
877,13555.39642226
878,13549.92816868
879,13549.92816868
880,13555.39642226
881,13547.92816887
882,13558.0
883,13558.00000005
884,13576.90262739
885,13558.00000009
886,13560.87299437
887,13560.87299437
888,13560.87299437
889,13560.87299437
890,13569.99999998
891,13558.0
892,13560.87299391
893,13558.0
894,13557.99999997
895,13557.99999992
896,13557.99999988
897,13557.99999982
898,13530.00000068
899,13530.00000074
900,13532.76209871
901,13526.00118891
902,13530.0
903,13529.99999999
904,13529.99999999
905,13512.57518293
906,13530.0
907,13529.99999999
908,13519.044647
909,13519.044647
910,13519.044647
911,13529.99999999
912,13526.42961285
913,13519.04464704
914,13519.044647
915,13526.42961285
916,13529.99999999
917,13512.46670476
918,13530.0
919,13529.99999996
920,13529.99999996
921,13529.99999996
922,13529.99999999
923,13529.99999999
924,13519.99602795
925,13529.99999995
926,13512.46670561
927,13529.99999987
928,13512.4667077
929,13506.98046468
930,13512.0
931,13529.9999995
932,13501.0189
933,13500.0
934,13490.99999884
935,13485.001887
936,13469.99999983
937,13490.99999884
938,13469.99999983
939,13502.08658877
940,13469.99999984
941,13475.0
942,13469.99999983
943,13461.51636362
944,13457.96296048
945,13457.96296051
946,13463.342217
947,13463.342217
948,13463.342217
949,13470.08659128
950,13475.0
951,13475.0
952,13480.99999982
953,13453.08659061
954,13456.82222365
955,13453.67118114
956,13453.67118114
957,13456.82222365
958,13456.82222365
959,13454.60133418
960,13454.60133418
961,13454.60133418
962,13450.9999999
963,13450.9999999
964,13435.0
965,13424.3718746
966,13423.73869407
967,13423.738694
968,13423.73869387
969,13414.4999998
970,13414.49999973
971,13400.0
972,13400.0
973,13400.0
974,13399.99999997
975,13399.99999997
976,13399.99999983
977,13390.0
978,13399.99999979
979,13399.99999982
980,13384.80000156
981,13384.80000156
982,13400.87650001
983,13400.87650001
984,13414.4999998
985,13434.99999979
986,13434.99999979
987,13419.27107877
988,13434.99999976
989,13434.99999996
990,13434.99999999
991,13434.99999976
992,13434.99999976
993,13439.99999988
994,13427.22658402
995,13427.22658393
996,13427.22658408
997,13427.22658408
998,13419.12746044
999,13419.12746052
1000,13460.67118113
1001,13420.00000002
1002,13442.37759434
1003,13442.37759425
1004,13407.68825072
1005,13407.68825092
1006,13407.68825092
1007,13439.9999997
1008,13439.99999958
1009,13405.29848984
1010,13399.99999982
1011,13399.99999983
1012,13400.39642226
1013,13400.39642227
1014,13400.39642227
1015,13400.39642227
1016,13400.39642227
1017,13400.39642226
1018,13401.00000017
1019,13401.00000017
1020,13437.99999823
1021,13437.99999823
1022,13412.51158221
1023,13412.51158221
1024,13412.51158221
1025,13406.19947833
1026,13406.19947834
1027,13406.19947834
1028,13412.51158221
1029,13429.99999999
1030,13419.12746055
1031,13419.12746055
1032,13419.12746055
1033,13406.19947853
1034,13406.19947856
1035,13406.19947853
1036,13428.65338918
1037,13401.00000029
1038,13400.39642226
1039,13398.19480578
1040,13370.84996932
1041,13370.84996928
1042,13396.27520665
1043,13384.71415654
1044,13397.59166928
1045,13407.83625611
1046,13407.83625607
1047,13407.83625638
1048,13429.99999978
1049,13420.24515671
1050,13412.58156449
1051,13420.24515691
1052,13429.99999948
1053,13429.99999947
1054,13426.65839213
1055,13430.0
1056,13419.91150017
1057,13412.58156506
1058,13412.58156506
1059,13426.65839213
1060,13426.65839213
1061,13426.65839213
1062,13412.58156448
1063,13412.58156448
1064,13412.58156524
1065,13426.658392
1066,13426.65839188
1067,13400.0
1068,13412.33946132
1069,13426.65839208
1070,13412.33946132
1071,13412.33946135
1072,13426.65839212
1073,13426.65839212
1074,13426.65839212
1075,13426.65839212
1076,13426.80000005
1077,13426.65839212
1078,13426.65839212
1079,13426.65839212
1080,13404.83625658
1081,13402.83625624
1082,13402.83625524
1083,13402.83625515
1084,13402.8362551
1085,13384.58114417
1086,13425.83625637
1087,13425.83625637
1088,13425.83625637
1089,13405.47326508
1090,13405.47326508
1091,13426.80000003
1092,13426.80000003
1093,13412.89461593
1094,13426.80000003
1095,13426.80000003
1096,13426.80000068
1097,13430.0
1098,13430.0
1099,13434.83625747
1100,13434.8362575
1101,13446.42685387
1102,13450.0000001
1103,13471.13084564
1104,13471.13084564
1105,13475.0
1106,13480.0
1107,13480.00000005
1108,13497.0
1109,13497.0
1110,13508.75607286
1111,13497.0
1112,13480.00000025
1113,13480.00000033
1114,13519.99999996
1115,13519.99999996
1116,13519.99999996
1117,13482.98033438
1118,13519.99999898
1119,13519.99999739
1120,13519.99999689
1121,13498.0
1122,13498.0
1123,13519.99999652
1124,13498.00000015
1125,13519.99999644
1126,13519.99999644
1127,13517.83625603
1128,13516.83625648
1129,13500.00000001
1130,13500.00000001
1131,13500.00000001
1132,13500.00000001
1133,13500.00000001
1134,13500.00000001
1135,13514.84608756
1136,13511.84608848
1137,13500.00000002
1138,13500.87133505
1139,13500.00000002
1140,13500.00000002
1141,13469.18940991
1142,13497.99999603
1143,13469.18940991
1144,13469.18940991
1145,13475.0
1146,13475.0
1147,13470.00000001
1148,13496.9999996
1149,13470.00000001
1150,13470.00000019
1151,13470.00000019
1152,13470.00000019
1153,13496.9999991
1154,13496.9999991
1155,13475.29256656
1156,13475.29256656
1157,13475.29256655
1158,13472.99999601
1159,13462.0
1160,13462.0
1161,13441.24917407
1162,13441.24917407
1163,13440.62719936
1164,13449.99999999
1165,13440.62719936
1166,13433.96370653
1167,13446.99999997
1168,13446.99999997
1169,13440.62719937
1170,13439.94644863
1171,13449.0
1172,13447.880617
1173,13449.0
1174,13440.62719949
1175,13450.0
1176,13450.0
1177,13440.62719938
1178,13414.87133522
1179,13414.87133522
1180,13414.87133507
1181,13414.87133507
1182,13433.20389972
1183,13419.20022423
1184,13433.20389996
1185,13433.20389999
1186,13440.62719946
1187,13440.62719946
1188,13434.76044976
1189,13440.62719946
1190,13449.888
1191,13449.888
1192,13434.66642138
1193,13434.66642138
1194,13434.66642138
1195,13434.66642138
1196,13434.66642138
1197,13412.34350421
1198,13419.33840834
1199,13425.62804743
1200,13446.99999986
1201,13425.62804769
1202,13425.62804745
1203,13407.66642137
1204,13412.3435042
1205,13407.66642137
1206,13407.66642137
1207,13407.66642137
1208,13408.88799984
1209,13375.77777778
1210,13375.77777778
1211,13358.0
1212,13358.0
1213,13358.0
1214,13365.77777777
1215,13358.19773601
1216,13358.19773601
1217,13375.77777777
1218,13358.19773597
1219,13375.77777733
1220,13375.77777736
1221,13375.77777736
1222,13350.0
1223,13350.0
1224,13350.0
1225,13342.0
1226,13341.00000001
1227,13347.5570035
1228,13339.79307874
1229,13333.0
1230,13333.0
1231,13333.0
1232,13333.0
1233,13319.94380227
1234,13311.77777609
1235,13306.00100156
1236,13332.99999972
1237,13306.00100156
1238,13332.61300354
1239,13300.0
1240,13279.99999988
1241,13279.99999988
1242,13250.0
1243,13210.0
1244,13210.00000001
1245,13223.58343843
1246,13222.00000004
1247,13230.32753218
1248,13230.32753214
1249,13224.00000001
1250,13222.01441644
1251,13257.97899142
1252,13224.91669969
1253,13241.86422542
1254,13269.99999979
1255,13242.00000017
1256,13242.00000017
1257,13269.99999954
1258,13242.00000023
1259,13240.0
1260,13203.66918534
1261,13224.9166996
1262,13230.84353533
1263,13233.84353536
1264,13233.59376478
1265,13242.0000002
1266,13233.84869513
1267,13234.75136281
1268,13242.0000002
1269,13249.99999992
1270,13250.0
1271,13250.0
1272,13249.99999993
1273,13250.0
1274,13250.0
1275,13269.99999983
1276,13260.00000007
1277,13263.75136281
1278,13279.75093905
1279,13309.3543443
1280,13316.4230318
1281,13246.60539303
1282,13225.04068911
1283,13297.99999999
1284,13245.46566039
1285,13250.4656604
1286,13250.46566039
1287,13252.37921824
1288,13252.37921824
1289,13252.37921825
1290,13268.68960907
1291,13300.00000002
1292,13300.0
1293,13300.0
1294,13300.0
1295,13300.00000001
1296,13300.0
1297,13300.0
1298,13301.99999997
1299,13301.99999997
1300,13301.99999997
1301,13301.99999997
1302,13301.99999997
1303,13308.9999999
1304,13300.0
1305,13300.0
1306,13358.24282976
1307,13358.24282976
1308,13358.24282976
1309,13358.24282957
1310,13358.24282953
1311,13333.19628789
1312,13333.19628789
1313,13326.94628793
1314,13326.94628789
1315,13326.94628773
1316,13326.94628765
1317,13326.94628759
1318,13326.9462875
1319,13300.00000001
1320,13300.00000001
1321,13299.99999997
1322,13280.0
1323,13279.99999994
1324,13290.21628793
1325,13292.21628818
1326,13292.11658762
1327,13292.21628817
1328,13292.21628818
1329,13292.21628818
1330,13351.78043097
1331,13292.21628821
1332,13285.02152881
1333,13291.78043124
1334,13291.78043122
1335,13291.78043104
1336,13291.78043093
1337,13291.7804308
1338,13250.00000027
1339,13285.79290281
1340,13222.72260752
1341,13279.99999977
1342,13222.72260752
1343,13221.71874975
1344,13214.8
1345,13256.80110256
1346,13208.75607508
1347,13243.81937747
1348,13199.99999997
1349,13237.93154051
1350,13234.93400552
1351,13178.41424546
1352,13186.59388159
1353,13233.9340054
1354,13233.93400534
1355,13186.80000028
1356,13186.80000028
1357,13213.03258145
1358,13186.80000037
1359,13221.7187494
1360,13191.93400567
1361,13232.00000005
1362,13232.00000005
1363,13232.00000005
1364,13189.93400559
1365,13189.93400559
1366,13186.80000013
1367,13184.41268977
1368,13184.41268982
1369,13184.41268982
1370,13185.0
1371,13185.0
1372,13180.7187495
1373,13184.41268978
1374,13184.41268978
1375,13184.41268978
1376,13184.41268978
1377,13180.7187495
1378,13184.41268978
1379,13180.7187495
1380,13180.7187495
1381,13214.19646983
1382,13180.7187495
1383,13214.19646982
1384,13184.41268978
1385,13194.19646982
1386,13194.19646982
1387,13169.99999983
1388,13169.99999983
1389,13169.99999983
1390,13205.34044958
1391,13169.99999984
1392,13169.99999984
1393,13169.99999983
1394,13180.71874949
1395,13180.71874949
1396,13169.99999983
1397,13169.99999984
1398,13205.0
1399,13149.99999997
1400,13169.99999993
1401,13169.9999999
1402,13169.9999999
1403,13150.00000006
1404,13155.00000001
1405,13149.0
1406,13155.0
1407,13155.00000001
1408,13150.00000001
1409,13150.0
1410,13155.0
1411,13149.0
1412,13150.00000001
1413,13155.00000001
1414,13155.00000001
1415,13147.3174556
1416,13147.3174556
1417,13148.92783825
1418,13138.34044958
1419,13138.34044958
1420,13138.34044958
1421,13138.34044958
1422,13139.0
1423,13138.34044958
1424,13138.99999996
1425,13126.95305532
1426,13126.95305535
1427,13126.95305535
1428,13138.34044954
1429,13138.34044955
1430,13139.00000003
1431,13225.0
1432,13214.23535459
1433,13187.23535467
1434,13187.23535466
1435,13138.34044962
1436,13187.23535438
1437,13160.3526111
1438,13147.23535448
1439,13187.23535399
1440,13187.23535391
1441,13168.73535422
1442,13187.23535384
1443,13187.23535402
1444,13187.23535384
1445,13187.23535402
1446,13187.23535402
1447,13200.0
1448,13187.23535403
1449,13187.23535403
1450,13187.23535403
1451,13162.04629096
1452,13163.04629084
1453,13171.04629075
1454,13187.24535403
1455,13200.0
1456,13191.03811126
1457,13191.03811126
1458,13190.03811154
1459,13191.03811126
1460,13229.0
1461,13229.0
1462,13229.99999983
1463,13229.0
1464,13200.00000039
1465,13200.00000039
1466,13228.2348
1467,13220.00000003
1468,13235.03811124
1469,13200.00000069
1470,13221.03811124
1471,13190.0
1472,13190.0
1473,13190.0
1474,13190.0
1475,13192.0000001
1476,13209.03811125
1477,13187.24535409
1478,13206.07936387
1479,13206.07936375
1480,13206.07936375
1481,13100.0
1482,13199.99999984
1483,13191.0
1484,13190.99999982
1485,13190.99999982
1486,13177.89189504
1487,13177.89189495
1488,13150.00000003
1489,13150.0
1490,13150.0
1491,13123.32936408
1492,13149.76455946
1493,13149.76455942
1494,13120.99999988
1495,13120.99999991
1496,13120.99999988
1497,13100.0
1498,13120.9999999
1499,13120.0
1500,13125.0
1501,13146.62256763
1502,13146.62256754
1503,13146.62256754
1504,13150.00000003
1505,13125.0000002
1506,13125.0
1507,13116.62256771
1508,13116.62256782
1509,13125.62102652
1510,13160.99999992
1511,13160.99999985
1512,13170.0
1513,13150.00000003
1514,13169.0
1515,13162.59582841
1516,13169.0000001
1517,13180.0
1518,13170.90101801
1519,13170.90101801
1520,13180.2195147
1521,13197.16849094
1522,13208.99999999
1523,13214.99999999
1524,13200.0
1525,13215.75000004
1526,13225.04629079
1527,13208.99999999
1528,13238.59582835
1529,13209.00000011
1530,13225.0
1531,13225.00000006
1532,13229.93069072
1533,13227.93069071
1534,13210.0
1535,13210.0
1536,13238.59582834
1537,13210.00000011
1538,13237.79301729
1539,13210.0
1540,13210.0
1541,13210.0
1542,13208.99999999
1543,13208.99999999
1544,13208.99999999
1545,13235.99999963
1546,13235.99999954
1547,13235.99999946
1548,13209.00000003
1549,13235.99999934
1550,13235.99999926
1551,13225.0
1552,13236.00000015
1553,13230.0
1554,13230.00000003
1555,13233.00000003
1556,13233.00000003
1557,13266.24743547
1558,13300.0
1559,13311.76654343
1560,13300.0
1561,13277.51961189
1562,13288.03922362
1563,13311.76654319
1564,13288.03922362
1565,13311.76654322
1566,13332.95728297
1567,13283.63957255
1568,13290.51000003
1569,13290.50999991
1570,13290.51000003
1571,13290.51000003
1572,13290.51000003
1573,13285.00000001
1574,13311.3669639
1575,13311.36696386
1576,13291.00000011
1577,13309.61696376
1578,13309.61696367
1579,13282.36749721
1580,13309.49999993
1581,13309.49999986
1582,13309.4999997
1583,13309.49899994
1584,13308.49999979
1585,13308.49999972
1586,13270.51000004
1587,13303.21349002
1588,13300.00000001
1589,13300.00000001
1590,13309.5
1591,13332.95728287
1592,13332.95699997
1593,13332.95699997
1594,13275.00000002
1595,13330.44500943
1596,13301.992045
1597,13317.48550455
1598,13320.48499986
1599,13294.77481827
1600,13294.77481847
1601,13294.77481847
1602,13332.95728021
1603,13301.99204518
1604,13301.99204518
1605,13332.9572794
1606,13304.49898273
1607,13320.54778522
1608,13304.49898377
1609,13320.54778522
1610,13331.5
1611,13331.49999965
1612,13331.29999988
1613,13330.99999982
1614,13320.54778522
1615,13324.99999989
1616,13323.0
1617,13332.9572813
1618,13320.0
1619,13347.31977907
1620,13347.31977907
1621,13335.0
1622,13347.3197791
1623,13347.3197791
1624,13350.319779
1625,13350.31977904
1626,13360.0
1627,13398.03889996
1628,13359.31977903
1629,13398.02999996
1630,13361.56000018
1631,13398.02999985
1632,13398.02999977
1633,13398.02999973
1634,13391.4975612
1635,13398.02999996
1636,13398.02999996
1637,13398.02999996
1638,13400.0
1639,13398.02999997
1640,13442.49756053
1641,13442.49756053
1642,13413.8054761
1643,13439.69718561
1644,13414.00000038
1645,13439.99999968
1646,13439.99999968
1647,13414.00000057
1648,13413.0
1649,13413.0
1650,13399.99999996
1651,13399.99999991
1652,13399.99999981
1653,13399.99999979
1654,13399.99999972
1655,13400.0
1656,13400.0
1657,13400.0
1658,13399.99999999
1659,13399.99999998
1660,13400.0
1661,13393.565
1662,13385.0
1663,13385.0
1664,13385.0
1665,13378.0
1666,13377.77021775
1667,13377.77021775
1668,13385.0
1669,13384.99999986
1670,13384.99999999
1671,13383.99999995
1672,13383.99999961
1673,13372.79999968
1674,13382.99999999
1675,13372.79999977
1676,13372.79999977
1677,13369.43278936
1678,13382.99999991
1679,13369.43278948
1680,13369.43278948
1681,13369.43278948
1682,13369.43278948
1683,13362.91433247
1684,13362.91433247
1685,13362.91433251
1686,13379.99999996
1687,13359.99999997
1688,13356.4306009
1689,13356.0
1690,13356.0
1691,13347.3197791
1692,13347.3197791
1693,13330.0
1694,13327.92218049
1695,13330.0
1696,13330.0
1697,13347.19999993
1698,13330.0000003
1699,13340.00000011
1700,13347.19999984
1701,13340.00000069
1702,13347.3197791
1703,13347.20000049
1704,13351.69718595
1705,13351.69718595
1706,13369.4327892
1707,13401.40441905
1708,13370.0
1709,13370.0
1710,13395.64061569
1711,13393.64621253
1712,13393.64621176
1713,13370.00000033
1714,13393.6462114
1715,13393.64621135
1716,13393.64621114
1717,13393.64621108
1718,13393.64621108
1719,13369.4327892
1720,13370.0
1721,13370.0
1722,13369.4327892
1723,13369.4327892
1724,13369.4327892
1725,13369.4327892
1726,13369.4327892
1727,13369.4327892
1728,13365.0583462
1729,13360.0
1730,13359.99999994
1731,13360.0
1732,13349.64621277
1733,13349.64621277
1734,13349.64621277
1735,13360.0
1736,13359.99999994
1737,13359.99999999
1738,13359.99999999
1739,13359.99999982
1740,13359.99999982
1741,13359.99999982
1742,13359.99999969
1743,13359.99999969
1744,13360.0
1745,13360.0
1746,13360.0
1747,13359.99999983
1748,13369.4327892
1749,13369.4327892
1750,13390.0
1751,13390.0
1752,13401.4044192
1753,13401.40441924
1754,13401.40441938
1755,13402.00000003
1756,13413.8054761
1757,13413.99999975
1758,13413.9999997
1759,13412.62837599
1760,13413.99999973
1761,13424.2938752
1762,13429.99999936
1763,13429.99999928
1764,13429.99999925
1765,13435.00000003
1766,13451.25179838
1767,13451.25179838
1768,13451.25179842
1769,13451.25179849
1770,13482.54888892
1771,13482.54888893
1772,13480.62393547
1773,13455.25179868
1774,13455.25179877
1775,13455.25179877
1776,13512.33
1777,13512.32999994
1778,13512.32999999
1779,13512.33
1780,13511.0
1781,13501.0
1782,13500.99999986
1783,13490.00000006
1784,13500.0
1785,13511.0
1786,13503.69799985
1787,13503.69799985
1788,13511.0
1789,13538.34044958
1790,13511.00000001
1791,13511.00000005
1792,13538.62369847
1793,13538.62369846
1794,13538.62369846
1795,13537.1532973
1796,13540.00000001
1797,13549.99999999
1798,13555.25179876
1799,13540.00000021
1800,13550.00000001
1801,13540.00000034
1802,13540.0
1803,13521.9003621
1804,13539.999999
1805,13538.37369849
1806,13536.41328721
1807,13533.61951347
1808,13500.0
1809,13500.00000035
1810,13528.87649958
1811,13500.00000003
1812,13528.0
1813,13527.99999915
1814,13527.99999905
1815,13503.6979999
1816,13503.69799986
1817,13527.99999868
1818,13503.69799994
1819,13527.99999817
1820,13527.99999817
1821,13527.8999999
1822,13503.6980002
1823,13504.00000001
1824,13504.00000001
1825,13504.00000007
1826,13500.00000007
1827,13487.63194052
1828,13499.99999998
1829,13491.0
1830,13482.16166224
1831,13482.16166225
1832,13482.16166239
1833,13498.99999969
1834,13498.99999958
1835,13496.99999995
1836,13482.0
1837,13482.16166241
1838,13482.00000001
1839,13482.1616624
1840,13482.00000005
1841,13480.196541
1842,13482.0
1843,13480.0141038
1844,13472.7266491
1845,13480.0
1846,13480.0
1847,13472.33727
1848,13472.33727
1849,13472.33727
1850,13472.33727
1851,13472.33727
1852,13472.33727
1853,13472.33727
1854,13480.0
1855,13480.0
1856,13496.99999841
1857,13496.99999841
1858,13480.0
1859,13480.0
1860,13472.33727
1861,13495.61951356
1862,13495.61951356
1863,13495.61951356
1864,13472.33727
1865,13472.33727
1866,13472.18300659
1867,13472.18300658
1868,13472.18300658
1869,13458.8434399
1870,13458.84343991
1871,13467.18300658
1872,13467.18300658
1873,13467.18300658
1874,13469.84343987
1875,13468.0
1876,13454.29086039
1877,13454.29086039
1878,13449.99999997
1879,13443.9699543
1880,13443.96995432
1881,13450.0
1882,13443.96995554
1883,13443.96995554
1884,13423.90376364
1885,13443.96995536
1886,13443.96995536
1887,13450.0
1888,13450.0
1889,13488.15376364
1890,13443.96995536
1891,13443.96995536
1892,13451.00000003
1893,13451.00000003
1894,13460.0
1895,13451.00000024
1896,13451.00000024
1897,13451.00000036
1898,13451.00000036
1899,13460.0
1900,13459.99999985
1901,13450.0
1902,13450.99999865
1903,13450.99999774
1904,13443.18670623
1905,13443.18670534
1906,13404.99413819
1907,13404.99413819
1908,13433.66738194
1909,13433.66738194
1910,13405.0
1911,13433.66737891
1912,13433.66737733
1913,13433.66737688
1914,13433.66737688
1915,13433.66737688
1916,13433.66737451
1917,13400.0
1918,13400.0
1919,13400.0
1920,13392.7200015
1921,13400.0
1922,13433.66737361
1923,13432.18670623
1924,13432.18670623
1925,13430.99999992
1926,13430.99999985
1927,13392.7199991
1928,13390.96995535
1929,13390.96995535
1930,13370.7199991
1931,13392.71999885
1932,13370.71999917
1933,13370.7199992
1934,13420.1867058
1935,13420.18670538
1936,13420.18670538
1937,13420.18670462
1938,13370.7199991
1939,13370.7199991
1940,13370.7199991
1941,13370.7199991
1942,13354.00000003
1943,13370.71999902
1944,13370.71999902
1945,13370.71999888
1946,13370.7199988
1947,13354.00000097
1948,13354.00000097
1949,13370.71999863
1950,13370.71999855
1951,13370.43672702
1952,13370.43672695
1953,13354.00000108
1954,13354.00000093
1955,13354.00000093
1956,13354.00000093
1957,13354.00000085
1958,13340.0
1959,13333.999999
1960,13333.999999
1961,13333.999999
1962,13333.999999
1963,13332.99999998
1964,13332.99999998
1965,13332.99999998
1966,13327.92218057
1967,13319.99999997
1968,13327.92218057
1969,13340.0
1970,13323.67864767
1971,13340.0
1972,13350.00000002
1973,13350.00000019
1974,13350.00000037
1975,13350.00000037
1976,13353.99999999
1977,13350.00000065
1978,13399.31996791
1979,13399.31996788
1980,13399.31996779
1981,13400.0
1982,13399.31997008
1983,13399.31996788
1984,13399.9999999
1985,13399.99999991
1986,13399.99999993
1987,13400.00000003
1988,13400.00000011
1989,13406.49811553
1990,13406.49811551
1991,13399.99999993
1992,13399.31997004
1993,13399.31997004
1994,13399.31997004
1995,13370.72003602
1996,13399.31996986
1997,13399.31996987
1998,13399.31996987
1999,13410.0
2000,13411.00000007
2001,13427.98114358
2002,13427.98114218
2003,13424.41099977
2004,13424.411
2005,13424.411
2006,13433.9999997
2007,13437.98114293
2008,13448.89247822
2009,13448.89247748
2010,13460.91814731
2011,13451.66882022
2012,13472.72665139
2013,13472.72665139
2014,13472.72665126
2015,13472.72665126
2016,13506.41882021
2017,13452.66882091
2018,13473.0
2019,13473.00000005
2020,13473.00000005
2021,13503.34097043
2022,13495.3444095
2023,13483.34440917
2024,13483.34440909
2025,13462.66882025
2026,13462.6688201
2027,13462.6688201
2028,13462.6688201
2029,13462.6688201
2030,13446.65640829
2031,13446.65640838
2032,13446.65640843
2033,13448.0
2034,13448.0
2035,13446.65640841
2036,13446.65640843
2037,13446.6564079
2038,13446.6563
2039,13454.9999997
2040,13453.99999997
2041,13462.66882025
2042,13462.66882025
2043,13462.0
2044,13462.0
2045,13462.66882025
2046,13512.1852737
2047,13512.1852737
2048,13470.00000001
2049,13465.0
2050,13465.0
2051,13465.0
2052,13469.99999982
2053,13464.99999981
2054,13464.99999932
2055,13464.99999923
2056,13464.99999919
2057,13464.00000003
2058,13465.00000034
2059,13469.99999982
2060,13469.99999982
2061,13465.00000051
2062,13465.00000051
2063,13465.00000051
2064,13465.00000051
2065,13495.34440546
2066,13470.00000085
2067,13495.34440469
2068,13495.34440469
2069,13495.34440469
2070,13495.34440302
2071,13480.00000046
2072,13480.00000046
2073,13480.00000046
2074,13480.00000046
2075,13480.00000023
2076,13464.00000021
2077,13464.0000002
2078,13479.99999951
2079,13479.99999931
2080,13479.99999931
2081,13479.99999889
2082,13480.00000046
2083,13480.00000046
2084,13480.00000046
2085,13454.22142709
2086,13479.99999993
2087,13479.99999988
2088,13479.99999988
2089,13479.99999985
2090,13479.99999977
2091,13479.99999977
2092,13479.99999978
2093,13479.999
2094,13480.0
2095,13479.99999999
2096,13480.0
2097,13454.22142793
2098,13454.22142804
2099,13454.22142804
2100,13480.0
2101,13480.0
2102,13480.0
2103,13479.99999996
2104,13454.22142863
2105,13454.22142863
2106,13479.99999999
2107,13479.99999999
2108,13479.99999999
2109,13480.0
2110,13479.99999989
2111,13479.99999989
2112,13479.99999989
2113,13479.99999989
2114,13479.99999991
2115,13479.99999991
2116,13479.99999989
2117,13479.99999989
2118,13479.99999989
2119,13479.99999989
2120,13479.99999989
2121,13479.99999989
2122,13479.99999989
2123,13479.99999989
2124,13479.99999988
2125,13479.99999988
2126,13480.00000046
2127,13480.00000004
2128,13480.00000004
2129,13479.99999989
2130,13457.34440995
2131,13480.00000046
2132,13480.00000039
2133,13480.00000039
2134,13479.99999991
2135,13479.99999987
2136,13480.0
2137,13480.0
2138,13480.0
2139,13480.0
2140,13445.05637169
2141,13458.00000009
2142,13440.0
2143,13440.0
2144,13440.0
2145,13458.00000009
2146,13439.05637183
2147,13458.00000009
2148,13479.99999962
2149,13479.99999961
2150,13458.00000009
2151,13479.99999947
2152,13462.10717456
2153,13462.10717451
2154,13462.10717445
2155,13439.05637251
2156,13458.64955401
2157,13452.10717441
2158,13439.05637269
2159,13452.10717437
2160,13452.10717437
2161,13452.10717437
2162,13450.0
2163,13452.10717437
2164,13452.10717437
2165,13425.5042524
2166,13417.0
2167,13432.10717426
2168,13432.10717418
2169,13432.10717414
2170,13432.10717414
2171,13404.22142805
2172,13422.107174
2173,13404.22142815
2174,13404.22142812
2175,13404.22142815
2176,13404.22142815
2177,13413.99999943
2178,13413.99999937
2179,13413.99999927
2180,13413.99999913
2181,13413.99999909
2182,13413.99999908
2183,13421.1071739
2184,13421.1071739
2185,13398.0
2186,13398.0
2187,13396.8484472
2188,13396.84844713
2189,13396.84844713
2190,13373.99999973
2191,13396.84844683
2192,13350.92615923
2193,13373.64774249
2194,13362.4776662
2195,13351.0
2196,13333.9999997
2197,13300.0
2198,13299.99999994
2199,13297.5000003
2200,13281.0
2201,13281.0
2202,13281.0
2203,13259.39337581
2204,13250.50999996
2205,13249.99999997
2206,13222.2276609
2207,13222.9292659
2208,13241.32988862
2209,13287.99999999
2210,13250.00000014
2211,13287.99999986
2212,13256.32363862
2213,13284.99999994
2214,13285.0
2215,13285.0
2216,13284.99999978
2217,13284.99999973
2218,13284.99999969
2219,13284.99999967
2220,13285.0
2221,13281.00000039
2222,13281.00000039
2223,13308.99999997
2224,13308.99999997
2225,13308.99999984
2226,13300.0
2227,13308.99999991
2228,13308.99999984
2229,13299.99999997
2230,13299.99999994
2231,13297.3382
2232,13296.99999989
2233,13294.6782
2234,13294.67819983
2235,13265.01426202
2236,13265.01426205
2237,13250.00000016
2238,13264.99999993
2239,13264.99999986
2240,13232.62284492
2241,13243.55247821
2242,13243.55247811
2243,13243.55247797
2244,13243.55247791
2245,13243.49999999
2246,13212.57363863
2247,13212.57363885
2248,13243.55247813
2249,13225.0882712
2250,13239.54320332
2251,13207.67626455
2252,13235.33550034
2253,13235.33550034
2254,13180.0
2255,13189.99999994
2256,13180.00000009
2257,13190.00000023
2258,13226.99999999
2259,13208.50000088
2260,13208.5000009
2261,13208.5000009
2262,13208.5000009
2263,13208.50000054
2264,13226.99999967
2265,13226.99999967
2266,13226.99999951
2267,13263.32363852
2268,13224.76604148
2269,13235.0
2270,13236.00000029
2271,13237.00000003
2272,13237.00000011
2273,13238.0
2274,13210.0
2275,13207.80349728
2276,13201.0
2277,13198.76784149
2278,13198.76784145
2279,13195.0
2280,13191.38100833
2281,13179.99999977
2282,13179.99999981
2283,13185.0
2284,13171.0
2285,13171.0
2286,13184.99999978
2287,13184.99999978
2288,13184.99999972
2289,13184.99999968
2290,13184.99999961
2291,13184.99999961
2292,13159.99999995
2293,13184.99999933
2294,13160.0
2295,13160.0
2296,13159.99999995
2297,13172.76604131
2298,13172.76604117
2299,13150.0
2300,13133.9999997
2301,13146.76620182
2302,13127.61951362
2303,13110.76620229
2304,13109.8388856
2305,13100.03
2306,13098.99999997
2307,13098.99999988
2308,13076.4150009
2309,13090.0
2310,13066.26529769
2311,13058.00000028
2312,13066.26529769
2313,13050.0
2314,13035.559
2315,13066.26529757
2316,13048.30196638
2317,13048.30196638
2318,13038.37621909
2319,13027.57130471
2320,13035.55900009
2321,12999.99
2322,12999.98999991
2323,12999.98999984
2324,12999.9899998
2325,12999.98999971
2326,12999.98999968
2327,12999.99
2328,12974.18792899
2329,12999.98999968
2330,12950.0
2331,12950.0
2332,12950.0
2333,12900.0
2334,12898.41268983
2335,12900.0
2336,12899.99999999
2337,12900.00000012
2338,12916.125
2339,12902.00000004
2340,12932.24999966
2341,12898.41268984
2342,12898.41268983
2343,12898.41268983
2344,12898.41268982
2345,12898.41268982
2346,12898.41268982
2347,12880.43456
2348,12875.0
2349,12873.99999997
2350,12860.99999995
2351,12879.99999978
2352,12867.94481249
2353,12898.41268982
2354,12932.99999999
2355,12932.99999999
2356,12959.9120828
2357,12950.00000011
2358,12993.9999995
2359,12993.99999949
2360,13000.0
2361,13011.31466058
2362,13066.2652976
2363,13050.00000007
2364,13050.0
2365,13098.99999989
2366,13094.99999996
2367,13066.27000001
2368,13066.27000006
2369,13066.27000003
2370,13050.00000001
2371,13049.99999995
2372,13066.27000003
2373,13059.98999999
2374,13054.0
2375,12870.91000004
2376,12870.91000004
2377,12870.91000004
2378,12868.13568984
2379,12870.91000002
2380,12870.91000004
2381,12870.91000004
2382,12870.91000004
2383,12870.91000001
2384,12868.13568974
2385,12870.91
2386,12870.91000004
2387,12870.91000004
2388,12870.91000004
2389,12870.91000004
2390,12870.91000003
2391,12870.91000003
2392,12870.91000004
2393,12870.91000004
2394,12870.91000004
2395,12870.91000004
2396,12870.91000004
2397,12870.91000004
2398,12870.91000004
2399,12870.91000004
2400,12870.90999998
2401,12870.91000004
2402,12870.91000004
2403,12870.91000004
2404,12870.91000004
2405,12871.0
2406,12999.0
2407,12901.83000011
2408,12971.25449237
2409,12970.0
2410,12968.0
2411,12950.88066312
2412,12939.99999997
2413,12940.0
2414,12939.99999994
2415,12989.21264941
2416,12950.91
2417,12979.00153202
2418,12979.00153204
2419,12985.21264932
2420,12969.99999997
2421,12969.99999993
2422,12951.88066315
2423,12969.99999994
2424,13006.76358419
2425,12970.00000012
2426,13026.80486099
2427,13026.80486098
2428,13000.00000001
2429,13001.0
2430,13007.0
2431,13007.00000101
2432,13059.99999994
2433,13066.26999993
2434,13094.2187515
2435,13114.49499977
2436,13114.49499981
2437,13122.0
2438,13122.99999997
2439,13150.49499983
2440,13130.0000001
2441,13130.00000018
2442,13152.0
2443,13159.99999995
2444,13170.58294526
2445,13170.58294523
2446,13170.58294519
2447,13160.58294527
2448,13158.0
2449,13150.49499942
2450,13150.49499941
2451,13148.99999999
2452,13148.99999984
2453,13100.0
2454,13099.99999973
2455,13100.0
2456,13099.99999977
2457,13100.0
2458,13100.0
2459,13100.0
2460,13100.0
2461,13100.0
2462,13100.0
2463,13100.0
2464,13100.0
2465,13100.00000033
2466,13100.00000033
2467,13100.00000033
2468,13146.57679993
2469,13100.00010035
2470,13049.99999994
2471,13050.0
2472,13118.5162995
2473,13118.51629954
2474,13144.99999966
2475,13118.51629951
2476,13118.5162995
2477,13051.00000059
2478,13051.00000067
2479,13037.77899916
2480,13088.99999838
2481,13037.77899913
2482,13023.55500018
2483,13020.0
2484,12999.99999999
2485,13034.99999994
2486,13007.17765298
2487,13007.17765373
2488,13007.17765531
2489,13060.8259984
2490,13060.8259984
2491,13060.8259984
2492,13010.00000028
2493,13010.0000004
2494,13010.00000056
2495,13001.97458829
2496,13010.00000036
2497,13001.97458804
2498,12970.00000037
2499,12960.0
2500,12970.00000026
2501,12970.00000015
2502,12942.316391
2503,12949.99999981
2504,12911.00099011
2505,12943.707146
2506,12934.99999997
2507,12936.82299274
2508,12936.83000001
2509,13001.97458784
2510,13033.99999988
2511,13001.97458796
2512,13010.00000006
2513,13010.0
2514,12985.30219235
2515,13010.00001014
2516,13010.00001027
2517,13010.00001034
2518,13037.8283899
2519,13011.00000007
2520,13011.0000001
2521,13033.99999967
2522,13037.82838935
2523,13011.00001008
2524,13037.82838871
2525,13011.00001027
2526,13011.0000104
2527,13037.82838861
2528,13049.9484
2529,13049.9484
2530,13011.111101
2531,13011.11110102
2532,13011.11110111
2533,13030.0
2534,13050.81999977
2535,13050.81999978
2536,13050.81999978
2537,13050.81999977
2538,13050.81999978
2539,13050.81999993
2540,13050.81999995
2541,13050.81999978
2542,13050.81999979
2543,13050.81999979
2544,13098.99999864
2545,13100.0
2546,13098.99999873
2547,13070.66807144
2548,13098.99999813
2549,13099.99999986
2550,13099.99999964
2551,13099.99999947
2552,13099.99999957
2553,13099.99999946
2554,13099.99999946
2555,13071.00000007
2556,13071.00000007
2557,13071.00000027
2558,13096.99999962
2559,13096.99999882
2560,13098.958869
2561,13109.59326649
2562,13118.0
2563,13100.0
2564,13080.0
2565,13072.00000001
2566,13072.0
2567,13072.00000001
2568,13071.99999998
2569,13072.00000001
2570,13060.00000028
2571,13060.0
2572,13059.99999995
2573,13050.81999983
2574,13060.0
2575,13060.0
2576,13060.0
2577,13060.0
2578,13060.0
2579,13050.81999992
2580,13060.0
2581,13060.0
2582,13072.00000001
2583,13050.82000014
2584,13118.0
2585,13117.99999958
2586,13100.00000006
2587,13099.99999993
2588,13050.81999986
2589,13050.81999983
2590,13050.81999978
2591,13050.81999986
2592,13086.09223051
2593,13050.82000033
2594,13050.82000033
2595,13086.0922303
2596,13086.0922302
2597,13051.82000132
2598,13086.09223009
2599,13086.09223002
2600,13086.09222999
2601,13100.0
2602,13104.6196397
2603,13104.6196397
2604,13104.6196397
2605,13118.0
2606,13118.0
2607,13118.00008
2608,13118.00008
2609,13118.00008
2610,13118.00008
2611,13118.00008
2612,13118.0
2613,13118.0
2614,13118.0
2615,13118.0
2616,13118.00002444
2617,13118.00008
2618,13118.01111039
2619,13118.00008
2620,13120.0
2621,13133.46054998
2622,13118.01111044
2623,13105.62964033
2624,13105.6296401
2625,13133.46054957
2626,13105.62964012
2627,13133.460549
2628,13133.460549
2629,13118.00000003
2630,13118.00000003
2631,13118.00000003
2632,13118.00000003
2633,13106.00000031
2634,13106.00000031
2635,13118.00000003
2636,13117.00000003
2637,13118.00000003
2638,13118.00000003
2639,13113.00000003
2640,13118.00000003
2641,13118.00000003
2642,13118.00000003
2643,13118.00000003
2644,13106.00000075
2645,13114.3113
2646,13129.99999988
2647,13129.99999985
2648,13118.00000004
2649,13106.00000091
2650,13106.0
2651,13129.99999956
2652,13106.0
2653,13104.6296397
2654,13106.0
2655,13125.99999934
2656,13100.0
2657,13125.99999926
2658,13125.99999921
2659,13121.99999993
2660,13121.99999986
2661,13121.99999977
2662,13121.99999967
2663,13121.99999965
2664,13100.00000092
2665,13121.99999959
2666,13125.99999959
2667,13121.99999963
2668,13125.99999947
2669,13125.0
2670,13124.99999973
2671,13124.9999995
2672,13124.99999935
2673,13121.99999962
2674,13121.99999962
2675,13123.0
2676,13122.99999999
2677,13121.99999962
2678,13123.3122
2679,13122.0
2680,13125.9999996
2681,13125.9999996
2682,13120.00000001
2683,13120.00000001
2684,13121.99999962
2685,13121.99999962
2686,13125.9999996
2687,13122.69999963
2688,13122.69999945
2689,13122.69999945
2690,13122.69999945
2691,13125.9999996
2692,13125.9999996
2693,13121.99999947
2694,13125.9999996
2695,13121.99999947
2696,13121.99999947
2697,13122.69999945
2698,13121.0
2699,13121.0
2700,13120.00000001
2701,13133.46054983
2702,13121.00000003
2703,13121.0
2704,13121.00000002
2705,13121.00000002
2706,13143.52064997
2707,13120.0
2708,13115.4666228
2709,13115.4666228
2710,13119.99999974
2711,13100.0
2712,13099.07719205
2713,13090.0
2714,13078.69999945
2715,13090.0
2716,13078.69999945
2717,13078.69999945
2718,13090.0
2719,13090.0
2720,13089.99999985
2721,13062.07183432
2722,13062.0718344
2723,13088.99999996
2724,13087.99999997
2725,13062.07183436
2726,13062.07183432
2727,13062.07183443
2728,13059.0
2729,13059.0
2730,13050.7843783
2731,13059.0
2732,13059.0
2733,13059.0
2734,13062.07183443
2735,13059.00000003
2736,13059.00000003
2737,13062.07183444
2738,13062.07183444
2739,13087.9999999
2740,13087.9999999
2741,13060.0
2742,13079.99999983
2743,13063.00000001
2744,13087.99999985
2745,13080.0
2746,13089.0
2747,13089.0
2748,13064.00000007
2749,13060.0
2750,13060.0
2751,13059.99999993
2752,13060.0
2753,13060.0
2754,13060.0
2755,13059.99999999
2756,13060.0
2757,13090.0
2758,13090.0
2759,13102.01
2760,13119.85
2761,13102.01000016
2762,13146.57680639
2763,13119.71880281
2764,13146.5768064
2765,13119.45641234
2766,13115.1120103
2767,13130.0
2768,13130.0
2769,13130.0
2770,13130.0
2771,13130.00000004
2772,13146.5768064
2773,13146.5768064
2774,13146.57680636
2775,13146.57680636
2776,13146.57680618
2777,13130.00000032
2778,13146.57680637
2779,13146.5768064
2780,13146.5768064
2781,13146.5768064
2782,13146.5768064
2783,13146.5768064
2784,13146.5768064
2785,13146.5768064
2786,13145.5768064
2787,13145.5768064
2788,13145.5768064
2789,13145.5768064
2790,13145.5768064
2791,13146.5768064
2792,13146.5768064
2793,13146.5768064
2794,13154.076514
2795,13154.076514
2796,13154.076514
2797,13148.5507
2798,13154.076514
2799,13154.07651396
2800,13154.07651395
2801,13151.5768064
2802,13151.57680625
2803,13148.5507
2804,13146.57680641
2805,13148.5507
2806,13154.076514
2807,13153.0
2808,13131.00000088
2809,13131.00000088
2810,13145.99999969
2811,13146.0
2812,13135.55070001
2813,13145.99999997
2814,13131.00000092
2815,13145.99999977
2816,13145.69999985
2817,13131.00000089
2818,13146.0
2819,13147.57680639
2820,13147.57680639
2821,13147.5768064
2822,13148.5507
2823,13154.076514
2824,13154.0
2825,13154.076514
2826,13154.00000001
2827,13154.076514
2828,13154.076514
2829,13154.076514
2830,13154.00000001
2831,13154.076514
2832,13154.00000001
2833,13154.00000001
2834,13154.076514
2835,13154.076514
2836,13154.076514
2837,13154.076514
2838,13154.076514
2839,13154.00000001
2840,13154.076514
2841,13154.076514
2842,13154.076514
2843,13157.99999987
2844,13157.99999987
2845,13157.99999987
2846,13157.99999987
2847,13157.99999987
2848,13157.99999987
2849,13157.99999987
2850,13154.00000001
2851,13154.00000001
2852,13157.99999987
2853,13157.99999987
2854,13157.99999987
2855,13157.99999987
2856,13157.99999987
2857,13157.99999987
2858,13157.99999987
2859,13157.99999987
2860,13157.99999987
2861,13157.99999987
2862,13157.99999987
2863,13157.99999987
2864,13157.99999986
2865,13154.0
2866,13160.58294526
2867,13154.0
2868,13154.0
2869,13160.58294526
2870,13160.58294526
2871,13160.58294526
2872,13160.58294526
2873,13154.00006
2874,13160.58294527
2875,13160.58294527
2876,13160.58294527
2877,13160.58294527
2878,13160.58294527
2879,13145.69999985
2880,13135.00000003
2881,13159.99999997
2882,13135.00000018
2883,13135.00000018
2884,13135.00000018
2885,13145.99999993
2886,13145.99999993
2887,13145.99999981
2888,13145.99999978
2889,13128.0
2890,13136.99999977
2891,13136.99999974
2892,13136.99999956
2893,13080.27
2894,13044.09867889
2895,13080.2699998
2896,13080.2699997
2897,13066.63370504
2898,13068.64
2899,13055.27000024
2900,13060.27000028
2901,13078.9999999
2902,13080.0
2903,13080.27
2904,13080.27
2905,13080.27
2906,13080.27
2907,13080.27
2908,13080.27
2909,13080.27
2910,13074.85909937
2911,13080.27
2912,13080.27
2913,13080.27
2914,13074.85909975
2915,13074.85909977
2916,13080.27
2917,13080.27
2918,13080.27000015
2919,13089.64398295
2920,13108.24869654
2921,13119.99999983
2922,13119.99999983
2923,13119.99999983
2924,13119.99999951
2925,13119.99999951
2926,13097.79612132
2927,13119.99999927
2928,13119.99999927
2929,13119.9999993
2930,13119.99999933
2931,13119.99999933
2932,13120.0
2933,13120.0
2934,13120.0
2935,13120.00000045
2936,13132.59108
2937,13132.59108001
2938,13138.7622227
2939,13138.7622227
2940,13138.7622227
2941,13120.00000093
2942,13120.00000093
2943,13138.7622227
2944,13138.7622227
2945,13138.7622227
2946,13120.00000299
2947,13138.7622227
2948,13132.59108098
2949,13146.0
2950,13160.58294527
2951,13156.00000001
2952,13156.0
2953,13156.0
2954,13160.58294527
2955,13160.58294527
2956,13160.58294527
2957,13160.5829452
2958,13160.5829452
2959,13160.5829452
2960,13160.58294526
2961,13160.58294526
2962,13160.0
2963,13160.0
2964,13160.58294527
2965,13160.0
2966,13160.0
2967,13160.58294527
2968,13132.59108617
2969,13132.59108622
2970,13132.59108624
2971,13132.59108405
2972,13122.0
2973,13160.5829448
2974,13160.58294471
2975,13160.58294458
2976,13119.99999948
2977,13160.58294451
2978,13160.58294451
2979,13160.58294438
2980,13160.58294438
2981,13160.58294414
2982,13160.58294408
2983,13160.58294439
2984,13160.58294527
2985,13160.58294527
2986,13160.58294527
2987,13160.58294527
2988,13160.58294527
2989,13160.58294527
2990,13160.58294527
2991,13160.58294527
2992,13160.58294527
2993,13160.58294415
2994,13160.58294527
2995,13160.58294415
2996,13160.58294527
2997,13160.58294527
2998,13160.58294527
2999,13160.58294416
3000,13160.58294527
3001,13160.58294527
3002,13160.58294415
3003,13160.58294416
3004,13160.58294527
3005,13160.58294527
3006,13160.58294416
3007,13160.58294416
3008,13160.58294415
3009,13160.58294505
3010,13160.58294416
3011,13160.58294415
3012,13160.58294415
3013,13160.58294415
3014,13160.58294527
3015,13160.58294527
3016,13160.582945
3017,13160.58294501
3018,13160.58294501
3019,13160.58294501
3020,13160.58294415
3021,13160.58294415
3022,13160.58294414
3023,13160.58294414
3024,13160.58294415
3025,13160.58294414
3026,13160.58294414
3027,13160.0
3028,13160.0
3029,13160.58294415
3030,13160.58294527
3031,13160.58294527
3032,13160.58294527
3033,13160.58294527
3034,13160.58294527
3035,13160.58294527
3036,13160.58294527
3037,13161.55297198
3038,13160.58294601
3039,13161.55297199
3040,13161.552972
3041,13175.0
3042,13175.0
3043,13175.0
3044,13175.0
3045,13175.0
3046,13175.0
3047,13174.0
3048,13173.99999965
3049,13175.0
3050,13174.0
3051,13160.58297199
3052,13160.58297199
3053,13160.58297199
3054,13160.58294601
3055,13175.0
3056,13160.58294636
3057,13175.0
3058,13175.0
3059,13175.0
3060,13193.99999968
3061,13193.99999968
3062,13193.99999968
3063,13193.99999968
3064,13204.40174864
3065,13204.79999983
3066,13214.91219627
3067,13220.0
3068,13220.0
3069,13220.0
3070,13220.0
3071,13200.00000029
3072,13220.0
3073,13220.0
3074,13219.99999999
3075,13219.99999999
3076,13220.00000002
3077,13220.0
3078,13225.0
3079,13225.0
3080,13225.0
3081,13225.0
3082,13225.0
3083,13233.00000001
3084,13240.00000006
3085,13240.00000013
3086,13261.35326647
3087,13245.00000013
3088,13245.00000014
3089,13275.0
3090,13275.0
3091,13286.80486095
3092,13300.0
3093,13295.00000002
3094,13301.8444565
3095,13302.99999998
3096,13305.00000004
3097,13305.59999996
3098,13319.0
3099,13327.59060365
3100,13328.44869953
3101,13332.99999985
3102,13316.6042198
3103,13340.0
3104,13359.26782497
3105,13346.56302196
3106,13350.00000004
3107,13357.11111099
3108,13357.11111106
3109,13357.11111107
3110,13357.11111111
3111,13380.00000004
3112,13380.00000008
3113,13381.87864498
3114,13381.71999979
3115,13360.27000017
3116,13360.27000015
3117,13369.99999983
3118,13357.99999986
3119,13346.3329998
3120,13340.27
3121,13339.99999999
3122,13335.27000001
3123,13333.27269007
3124,13333.27269007
3125,13335.26999966
3126,13325.27
3127,13325.27
3128,13300.0
3129,13320.27000005
3130,13291.87437695
3131,13307.07876374
3132,13307.07876382
3133,13329.99999904
3134,13339.9999996
3135,13337.07876382
3136,13310.06979066
3137,13330.0
3138,13329.99999997
3139,13329.99999997
3140,13329.99999997
3141,13329.99999997
3142,13329.99999986
3143,13329.99999986
3144,13329.99999986
3145,13330.0
3146,13330.0
3147,13330.0
3148,13330.0
3149,13330.00000015
3150,13337.07876361
3151,13337.0
3152,13336.99999999
3153,13361.1803634
3154,13360.0
3155,13359.99999997
3156,13359.99999993
3157,13359.99999993
3158,13361.1803634
3159,13361.18036345
3160,13361.0
3161,13340.00000014
3162,13361.18036337
3163,13361.1803633
3164,13361.1803633
3165,13361.18036286
3166,13340.00070035
3167,13340.00070035
3168,13340.00070035
3169,13360.00070001
3170,13360.00070009
3171,13347.00000049
3172,13359.9999999
3173,13359.9999999
3174,13360.0
3175,13381.71057656
3176,13352.00000011
3177,13381.71057656
3178,13381.71057656
3179,13381.71057574
3180,13381.71057543
3181,13381.71057543
3182,13381.71057543
3183,13380.0
3184,13380.0
3185,13353.00000005
3186,13350.00000012
3187,13350.00000025
3188,13379.99999977
3189,13379.9999997
3190,13399.0
3191,13399.0
3192,13398.99999982
3193,13398.99999989
3194,13399.27
3195,13399.27
3196,13399.27
3197,13430.96189446
3198,13400.0
3199,13400.00000017
3200,13400.00000022
3201,13400.00000024
3202,13421.99999974
3203,13400.00000039
3204,13422.00000003
3205,13422.00000014
3206,13423.00000001
3207,13439.99999997
3208,13440.56522231
3209,13439.0
3210,13440.56522218
3211,13454.22142852
3212,13439.0
3213,13439.0
3214,13453.99999987
3215,13440.56522232
3216,13468.0
3217,13440.56522246
3218,13467.99999999
3219,13441.00000015
3220,13441.00000019
3221,13441.50000003
3222,13441.50000007
3223,13465.47507267
3224,13464.99999996
3225,13464.99999996
3226,13445.27000021
3227,13440.56522238
3228,13455.47507267
3229,13450.52252461
3230,13425.4750728
3231,13425.47507287
3232,13425.475073
3233,13440.56522232
3234,13439.99999996
3235,13439.99999991
3236,13425.4750732
3237,13425.47507324
3238,13425.47507328
3239,13425.47507336
3240,13425.4750734
3241,13425.47507349
3242,13439.99999952
3243,13439.99999952
3244,13430.00000004
3245,13440.18020186
3246,13430.00000016
3247,13430.00000023
3248,13425.47507271
3249,13425.47507267
3250,13438.39271293
3251,13425.47507269
3252,13425.47507268
3253,13425.47507268
3254,13425.47507268
3255,13425.47507267
3256,13426.47507269
3257,13426.47507269
3258,13434.0
3259,13438.35750002
3260,13438.35750002
3261,13426.47507269
3262,13431.5
3263,13441.75072497
3264,13426.00000001
3265,13436.14895399
3266,13425.47507267
3267,13425.47507267
3268,13425.47507267
3269,13425.47507267
3270,13425.47507267
3271,13425.47507267
3272,13425.47507267
3273,13433.4246664
3274,13451.31341994
3275,13433.42466639
3276,13451.31341983
3277,13433.42466647
3278,13451.31341975
3279,13433.42466654
3280,13447.29067379
3281,13448.29759881
3282,13448.2975988
3283,13425.47507305
3284,13425.47507313
3285,13425.47507313
3286,13425.47507313
3287,13425.47507316
3288,13439.20814463
3289,13426.42466647
3290,13426.4246665
3291,13426.42466657
3292,13426.42466664
3293,13429.85331649
3294,13446.47507269
3295,13447.20814457
3296,13447.20814455
3297,13429.85331675
3298,13446.47507269
3299,13430.00000001
3300,13430.00000005
3301,13430.00000019
3302,13430.00000027
3303,13431.0
3304,13431.00000001
3305,13431.00000001
3306,13431.00000007
3307,13447.0040671
3308,13427.0
3309,13427.0
3310,13430.0
3311,13430.0
3312,13429.99999997
3313,13427.0
3314,13400.27
3315,13398.99999999
3316,13429.99999912
3317,13381.75652314
3318,13429.99999858
3319,13429.99999858
3320,13429.99999858
3321,13382.7565244
3322,13380.75652308
3323,13380.75652308
3324,13377.8636767
3325,13377.86367671
3326,13377.86367671
3327,13377.86367671
3328,13417.99999935
3329,13360.27000003
3330,13335.4839086
3331,13380.99999987
3332,13380.99999978
3333,13330.48390857
3334,13330.48390857
3335,13330.48390855
3336,13318.475073
3337,13316.17688758
3338,13330.48390856
3339,13313.23390857
3340,13311.5273489
3341,13330.4839086
3342,13350.0000001
3343,13390.0
3344,13350.00000062
3345,13389.99999971
3346,13308.8539329
3347,13350.00000046
3348,13350.00000046
3349,13308.85393297
3350,13316.30109672
3351,13350.0000002
3352,13350.00000013
3353,13316.30109712
3354,13316.30109739
3355,13316.30109739
3356,13316.30109739
3357,13348.8539329
3358,13348.8539329
3359,13331.5404167
3360,13331.5404168
3361,13331.5404168
3362,13344.99999999
3363,13344.99999999
3364,13324.5613537
3365,13344.99999999
3366,13324.56135389
3367,13324.56135393
3368,13324.56135402
3369,13324.56135413
3370,13324.56135413
3371,13316.30109676
3372,13308.85393297
3373,13308.85393297
3374,13308.85393291
3375,13301.54799481
3376,13301.54799481
3377,13282.53738783
3378,13316.30109673
3379,13316.30109673
3380,13282.53738784
3381,13316.30109664
3382,13282.53738783
3383,13282.53738784
3384,13282.53738802
3385,13282.53738858
3386,13282.53738897
3387,13282.53738875
3388,13282.53738875
3389,13282.53738875
3390,13299.99999975
3391,13299.99999965
3392,13299.99999961
3393,13299.99999961
3394,13299.9999995
3395,13282.53738881
3396,13292.4645713
3397,13282.53738908
3398,13282.53738919
3399,13282.53738934
3400,13282.53738934
3401,13282.53738934
3402,13300.0
3403,13300.0
3404,13300.0
3405,13300.0
3406,13285.69883052
3407,13320.85393289
3408,13338.00724017
3409,13300.00094003
3410,13300.00094032
3411,13338.00723985
3412,13338.00723985
3413,13338.00723985
3414,13289.0
3415,13286.00000001
3416,13286.00000003
3417,13286.00000003
3418,13286.00000003
3419,13286.00000003
3420,13286.00000003
3421,13292.99999988
3422,13292.99999988
3423,13292.99999988
3424,13308.8539329
3425,13308.8539329
3426,13308.85393272
3427,13308.85393263
3428,13308.85393257
3429,13298.42696646
3430,13308.85393236
3431,13308.8539323
3432,13308.85393236
3433,13300.85393242
3434,13300.0
3435,13308.85393233
3436,13308.8539323
3437,13308.85393223
3438,13308.8539329
3439,13308.8539329
3440,13308.85393223
3441,13308.85393223
3442,13308.85393223
3443,13300.00000001
3444,13308.85393223
3445,13308.85393223
3446,13308.85393223
3447,13308.85393223
3448,13308.85393223
3449,13308.85393223
3450,13308.85393223
3451,13308.85393223
3452,13308.85393223
3453,13308.85393223
3454,13308.85393223
3455,13308.85393223
3456,13307.42696612
3457,13290.01000002
3458,13290.01000006
3459,13308.85393223
3460,13308.85393223
3461,13308.85393223
3462,13291.01000006
3463,13308.85393223
3464,13308.85393223
3465,13308.85393223
3466,13308.85393223
3467,13307.0072402
3468,13307.0072402
3469,13308.85393223
3470,13308.85393223
3471,13308.85393223
3472,13308.85393223
3473,13308.85393223
3474,13308.85393223
3475,13308.8539329
3476,13308.85393223
3477,13308.8539329
3478,13308.8539329
3479,13308.8539329
3480,13308.8539329
3481,13308.8539329
3482,13308.8539329
3483,13308.8539329
3484,13308.8539329
3485,13308.8539329
3486,13308.8539329
3487,13308.8539329
3488,13308.8539329
3489,13308.85393289
3490,13308.8539329
3491,13303.77054226
3492,13308.8539329
3493,13308.8539329
3494,13308.8539329
3495,13367.53933637
3496,13308.85393297
3497,13308.85393297
3498,13308.85393297
3499,13314.33215701
3500,13314.33215701
3501,13314.33215701
3502,13367.53933634
3503,13367.53933634
3504,13367.5393364
3505,13367.5393364
3506,13367.53933631
3507,13336.44602606
3508,13336.44602606
3509,13336.44602606
3510,13336.44602606
3511,13336.44602611
3512,13336.44602615
3513,13350.0
3514,13350.0
3515,13350.00000011
3516,13377.0
3517,13350.00000023
3518,13377.8213828
3519,13389.99999999
3520,13389.99999998
3521,13350.00000051
3522,13396.13246654
3523,13350.00000094
3524,13396.13246585
3525,13396.13246585
3526,13390.33602446
3527,13390.33602412
3528,13390.13246654
3529,13390.3360237
3530,13390.13246655
3531,13390.13246655
3532,13390.13246655
3533,13390.13246654
3534,13390.13246655
3535,13390.13246655
3536,13390.13246658
3537,13390.13246658
3538,13390.13246658
3539,13399.99999999
3540,13399.99999999
3541,13399.99999999
3542,13399.99999999
3543,13399.99999999
3544,13399.99999999
3545,13399.99999999
3546,13400.0
3547,13400.0
3548,13399.99999984
3549,13391.71918897
3550,13399.99999977
3551,13399.99999999
3552,13376.8734347
3553,13399.99999999
3554,13399.19843956
3555,13390.0
3556,13399.99999997
3557,13400.0
3558,13399.99999996
3559,13400.0
3560,13400.0
3561,13376.87343554
3562,13430.00000001
3563,13429.99999997
3564,13429.99999997
3565,13400.13457888
3566,13400.13457888
3567,13400.1345787
3568,13400.13457888
3569,13376.89343537
3570,13376.89343544
3571,13378.00000001
3572,13378.00000001
3573,13378.00000009
3574,13400.13457888
3575,13378.00000024
3576,13378.00000031
3577,13378.00000001
3578,13378.00000016
3579,13378.00000015
3580,13381.86470288
3581,13381.86470288
3582,13380.93158186
3583,13376.89343488
3584,13376.89343507
3585,13376.89343482
3586,13376.89343464
3587,13376.894
3588,13376.894
3589,13376.89399999
3590,13361.55214579
3591,13371.52310343
3592,13367.52310342
3593,13365.45458815
3594,13348.32134721
3595,13348.3213466
3596,13361.55179999
3597,13348.32134695
3598,13336.4460263
3599,13348.32134666
3600,13348.32134666
3601,13348.32134696
3602,13348.32134696
3603,13348.32134696
3604,13348.32134674
3605,13348.32134682
3606,13348.32134682
3607,13348.32134682
3608,13348.32134682
3609,13348.32134667
3610,13348.32134667
3611,13348.32134682
3612,13348.32134668
3613,13348.32134676
3614,13348.32134676
3615,13348.32134676
3616,13348.32134676
3617,13348.32134682
3618,13348.32134666
3619,13348.32134666
3620,13348.32134666
3621,13348.32134666
3622,13348.3213468
3623,13321.5053076
3624,13348.32134679
3625,13321.50530771
3626,13321.50530771
3627,13348.32134679
3628,13348.32134666
3629,13348.32134665
3630,13348.32134665
3631,13348.32134682
3632,13348.32134665
3633,13348.32134665
3634,13348.3213468
3635,13321.50531037
3636,13348.3213468
3637,13321.50531055
3638,13321.50531064
3639,13321.50531072
3640,13348.32134664
3641,13321.50531081
3642,13348.32134623
3643,13348.32134623
3644,13347.99999934
3645,13321.50531109
3646,13321.50531118
3647,13321.50531128
3648,13321.50531128
3649,13345.07692992
3650,13321.60531132
3651,13340.99999914
3652,13340.99999914
3653,13340.99999914
3654,13340.99999914
3655,13321.60531166
3656,13321.60531166
3657,13340.99999292
3658,13321.60531177
3659,13340.99999195
3660,13321.60531195
3661,13307.98023623
3662,13307.9802363
3663,13307.98023634
3664,13307.98023631
3665,13329.99999994
3666,13329.99999994
3667,13329.99999994
3668,13329.99999964
3669,13329.99999953
3670,13321.99999993
3671,13321.9999998
3672,13321.9999998
3673,13321.99999963
3674,13314.99011802
3675,13348.07693013
3676,13430.0
3677,13343.32693013
3678,13363.85972874
3679,13364.0928395
3680,13412.99999998
3681,13363.85972893
3682,13392.67859431
3683,13363.85972922
3684,13419.4751812
3685,13363.85972941
3686,13392.67859427
3687,13392.67859427
3688,13414.47518114
3689,13370.00000008
3690,13414.47518109
3691,13371.85972967
3692,13371.85972967
3693,13371.85972967
3694,13371.85972967
3695,13371.85973013
3696,13381.85973002
3697,13401.85972988
3698,13381.85973022
3699,13365.85972946
3700,13365.85972945
3701,13211.7400938
3702,13365.85972936
3703,13365.85972928
3704,13365.85972916
3705,13353.85972846
3706,13353.85972831
3707,13287.09043004
3708,13287.09043017
3709,13339.99999978
3710,13311.0
3711,13330.0
3712,13287.09043069
3713,13329.99999997
3714,13287.09043096
3715,13287.09043106
3716,13287.0
3717,13275.00000021
3718,13286.99999952
3719,13275.0000002
3720,13275.0000002
3721,13257.07281986
3722,13286.99999819
3723,13286.99999779
3724,13286.99999779
3725,13286.99999779
3726,13286.99999779
3727,13286.99999779
3728,13286.99999698
3729,13286.99999698
3730,13286.99999698
3731,13286.99999621
3732,13257.07282093
3733,13257.072821
3734,13286.99999374
3735,13286.99999388
3736,13257.08210011
3737,13311.16072016
3738,13311.16072016
3739,13311.16072016
3740,13321.50530619
3741,13257.08210076
3742,13321.50530524
3743,13321.50530531
3744,13321.50530531
3745,13290.0
3746,13290.0
3747,13321.50529983
3748,13321.50529983
3749,13290.0
3750,13303.28999996
3751,13257.08210171
3752,13257.08210171
3753,13303.28999939
3754,13260.00000011
3755,13303.28999918
3756,13303.28999918
3757,13300.99999985
3758,13300.99999967
3759,13300.99999959
3760,13289.36527878
3761,13262.00000034
3762,13262.00000038
3763,13262.00000038
3764,13262.00000038
3765,13275.68263968
3766,13290.36741753
3767,13299.0
3768,13290.36741754
3769,13299.0
3770,13290.36741782
3771,13290.36741782
3772,13300.0
3773,13300.0
3774,13295.18370894
3775,13295.18370894
3776,13261.00000017
3777,13261.00000017
3778,13290.00000001
3779,13299.00000003
3780,13268.59334157
3781,13289.99999987
3782,13289.99999987
3783,13239.47215817
3784,13239.47215817
3785,13264.22516381
3786,13239.47215821
3787,13264.22516369
3788,13239.47215837
3789,13239.4721584
3790,13239.47215851
3791,13239.47215851
3792,13260.51221259
3793,13289.36527878
3794,13254.03275021
3795,13289.99999971
3796,13260.51221277
3797,13289.99999962
3798,13260.51221295
3799,13280.00099971
3800,13289.99999938
3801,13289.99999931
3802,13287.99999996
3803,13287.99999988
3804,13266.47215829
3805,13289.99999974
3806,13289.99999974
3807,13289.99999974
3808,13289.99999974
3809,13289.99999996
3810,13294.0
3811,13294.0
3812,13294.00000002
3813,13294.00000016
3814,13327.44656099
3815,13327.44656099
3816,13327.44656094
3817,13327.44656094
3818,13294.00000065
3819,13294.00000065
3820,13294.00000065
3821,13294.00000065
3822,13310.72328067
3823,13310.72328067
3824,13310.72328067
3825,13310.72328067
3826,13310.72328067
3827,13310.72328067
3828,13327.44656086
3829,13311.25000007
3830,13315.25000005
3831,13327.44656083
3832,13327.48680866
3833,13327.48680866
3834,13327.48680866
3835,13327.48680866
3836,13327.48680859
3837,13339.63327269
3838,13328.00000013
3839,13328.00000027
3840,13328.00000034
3841,13328.00000041
3842,13339.63327268
3843,13330.00000001
3844,13330.00000001
3845,13330.00000001
3846,13334.81663632
3847,13334.81663632
3848,13330.0
3849,13349.99999945
3850,13364.20401739
3851,13381.85973022
3852,13350.00000005
3853,13350.00000005
3854,13381.85973018
3855,13381.85973018
3856,13373.25000001
3857,13381.85973015
3858,13388.45131596
3859,13381.85973015
3860,13388.45131592
3861,13381.85973018
3862,13361.85973068
3863,13361.85973068
3864,13371.85973022
3865,13388.45131569
3866,13381.85973015
3867,13402.20400326
3868,13402.20400324
3869,13402.20400312
3870,13402.20400309
3871,13381.8597305
3872,13381.8597305
3873,13402.20400281
3874,13402.20400277
3875,13402.2040027
3876,13397.25
3877,13355.25000006
3878,13392.25252309
3879,13392.25252309
3880,13375.25252308
3881,13375.25252308
3882,13335.1929833
3883,13335.1929833
3884,13355.25252306
3885,13355.25252306
3886,13355.2499999
3887,13355.2499999
3888,13326.74659514
3889,13326.74659514
3890,13326.746595
3891,13299.55226366
3892,13326.25252309
3893,13326.25252302
3894,13326.25252295
3895,13299.55226396
3896,13326.2525227
3897,13326.25252262
3898,13326.25252245
3899,13326.25252245
3900,13320.00000003
3901,13300.0000004
3902,13320.00000006
3903,13300.00000048
3904,13300.00000044
3905,13300.00000044
3906,13300.0
3907,13300.0
3908,13319.99999981
3909,13319.99999981
3910,13319.99999981
3911,13319.99999944
3912,13319.99999944
3913,13310.0
3914,13287.99999988
3915,13305.00000019
3916,13305.00000019
3917,13287.99999988
3918,13287.5
3919,13287.49999986
3920,13270.99999935
3921,13266.25
3922,13266.25
3923,13261.6333721
3924,13259.99999993
3925,13259.99999993
3926,13241.25252314
3927,13266.24999979
3928,13266.24999979
3929,13261.85972998
3930,13261.85972998
3931,13261.85972998
3932,13261.85972998
3933,13261.85972998
3934,13261.85972998
3935,13261.85972951
3936,13261.85972951
3937,13261.85973015
3938,13259.2394877
3939,13278.2322964
3940,13280.16855575
3941,13280.16855575
3942,13280.16855608
3943,13282.36431519
3944,13280.16855608
3945,13282.3643152
3946,13282.36431519
3947,13282.3643152
3948,13305.00000013
3949,13288.15296842
3950,13288.15296842
3951,13302.15296835
3952,13302.15296835
3953,13303.00000018
3954,13305.00000014
3955,13304.99999995
3956,13304.99999995
3957,13304.99999995
3958,13303.00000012
3959,13304.99999994
3960,13304.99999994
3961,13304.99999994
3962,13303.00000012
3963,13282.36431526
3964,13282.3643152
3965,13282.36431526
3966,13282.36431521
3967,13280.0
3968,13276.6013556
3969,13276.6013556
3970,13255.79958716
3971,13276.6013556
3972,13280.60135563
3973,13297.16510035
3974,13297.16510035
3975,13276.61
3976,13235.18163036
3977,13295.18162986
3978,13295.18162986
3979,13254.16600983
3980,13254.16600983
3981,13254.16600983
3982,13295.16600939
3983,13295.16600939
3984,13295.16600914
3985,13295.16600896
3986,13295.16600896
3987,13295.16600883
3988,13295.16600883
3989,13266.78834884
3990,13295.16600857
3991,13295.16600857
3992,13295.16600825
3993,13295.16600883
3994,13295.16600883
3995,13295.16601067
3996,13295.1660107
3997,13295.16600832
3998,13305.00000005
3999,13305.00000008
4000,13305.00000008
4001,13305.00000008
4002,13295.18162948
4003,13295.18162951
4004,13295.18162951
4005,13295.18162951
4006,13295.18162956
4007,13295.18162956
4008,13295.18162956
4009,13315.99999941
4010,13315.99999928
4011,13314.16600977
4012,13314.16600969
4013,13314.16600969
4014,13314.16600969
4015,13295.18162942
4016,13295.18162942
4017,13295.16600832
4018,13295.18163038
4019,13295.18163034
4020,13295.1816304
4021,13295.18163033
4022,13295.1816303
4023,13295.18163033
4024,13295.18163033
4025,13295.18163043
4026,13295.18163111
4027,13316.0
4028,13295.18163255
4029,13295.18163255
4030,13307.16600982
4031,13307.16600999
4032,13315.1626392
4033,13362.0
4034,13362.0
4035,13361.16263881
4036,13367.14898767
4037,13374.14898767
4038,13390.58131765
4039,13390.581318
4040,13390.58131809
4041,13390.58131818
4042,13390.58131823
4043,13389.0
4044,13390.58131766
4045,13390.58131766
4046,13389.12962747
4047,13386.8645213
4048,13386.8645212
4049,13377.19073638
4050,13377.19073638
4051,13400.12962815
4052,13403.03798405
4053,13405.0379561
4054,13415.03795611
4055,13437.0379561
4056,13456.03795608
4057,13457.03795607
4058,13457.03795616
4059,13457.03795623
4060,13460.99493314
4061,13460.9949324
4062,13435.00000023
4063,13435.00000023
4064,13435.00000041
4065,13435.00000041
4066,13435.00000057
4067,13435.00000057
4068,13435.00000075
4069,13435.00000081
4070,13460.99492871
4071,13406.3238795
4072,13434.99999995
4073,13434.99999964
4074,13431.99999996
4075,13431.99999996
4076,13414.03793304
4077,13432.0
4078,13431.03793295
4079,13432.0
4080,13435.00000081
4081,13440.03793285
4082,13451.03790499
4083,13460.98021553
4084,13485.83567264
4085,13500.0
4086,13500.92000001
4087,13513.0
4088,13500.92000019
4089,13485.8356727
4090,13439.13234442
4091,13484.03464197
4092,13484.03464197
4093,13470.03711398
4094,13439.80431445
4095,13439.80431445
4096,13463.03711349
4097,13440.0
4098,13463.03711338
4099,13440.03711404
4100,13463.03711316
4101,13463.037113
4102,13463.037113
4103,13450.0
4104,13450.0
4105,13463.03711262
4106,13440.00000029
4107,13440.00000037
4108,13459.99999945
4109,13459.999999
4110,13463.75250225
4111,13451.03178616
4112,13491.83453604
4113,13463.03706977
4114,13463.03706986
4115,13486.0317861
4116,13464.83453615
4117,13464.83453624
4118,13463.75250225
4119,13463.0370697
4120,13463.0370697
4121,13446.08751171
4122,13456.08751215
4123,13445.08751196
4124,13445.08751196
4125,13439.80431445
4126,13438.82413537
4127,13430.04
4128,13430.04
4129,13428.82413537
4130,13414.03793296
4131,13414.03793296
4132,13414.03793296
4133,13414.03793296
4134,13414.03793296
4135,13415.03793297
4136,13415.03793189
4137,13414.0
4138,13414.0
4139,13414.00000001
4140,13413.99999984
4141,13413.99999984
4142,13400.00000001
4143,13400.00000001
4144,13400.00000001
4145,13400.00000001
4146,13400.00000001
4147,13400.00000001
4148,13406.49999953
4149,13400.0
4150,13400.0
4151,13378.8241354
4152,13309.8921762
4153,13320.55387016
4154,13320.55387016
4155,13353.08729337
4156,13353.08729337
4157,13380.53746199
4158,13380.53746184
4159,13380.53746156
4160,13355.2239478
4161,13380.53746016
4162,13380.53746018
4163,13380.53746014
4164,13357.22737158
4165,13357.22737164
4166,13361.69650004
4167,13361.69650004
4168,13380.53746277
4169,13380.53746277
4170,13378.53746269
4171,13378.53746269
4172,13361.6965
4173,13361.6965
4174,13375.53746273
4175,13375.53746273
4176,13362.0
4177,13375.53746249
4178,13374.00000004
4179,13398.63355671
4180,13398.63355675
4181,13398.63355674
4182,13398.63355712
4183,13398.63355727
4184,13406.42133539
4185,13409.00000006
4186,13409.00000005
4187,13409.00000004
4188,13409.0
4189,13408.99999992
4190,13398.63355671
4191,13375.53746283
4192,13375.53746291
4193,13347.00000003
4194,13368.3109373
4195,13365.31093739
4196,13347.00000013
4197,13365.31093724
4198,13348.88019285
4199,13362.99999993
4200,13362.99999989
4201,13348.88019272
4202,13362.99999979
4203,13348.88019276
4204,13347.00000004
4205,13375.53746247
4206,13375.53746238
4207,13375.53746253
4208,13375.53746256
4209,13398.63355655
4210,13398.63355655
4211,13398.63355637
4212,13398.63355633
4213,13375.53746374
4214,13398.63355625
4215,13398.63355621
4216,13398.63355617
4217,13398.63355611
4218,13404.14777467
4219,13376.00000337
4220,13404.1477747
4221,13376.00000404
4222,13397.31093742
4223,13376.0000042
4224,13376.0000042
4225,13376.0000042
4226,13376.0000042
4227,13376.0000042
4228,13376.0000042
4229,13376.0000042
4230,13375.5375312
4231,13375.5375312
4232,13375.5375312
4233,13375.5374625
4234,13375.5374625
4235,13370.03510094
4236,13370.03510094
4237,13370.03510111
4238,13370.03510111
4239,13370.03510111
4240,13389.31093738
4241,13370.03510187
4242,13370.03510187
4243,13396.31093743
4244,13401.31090411
4245,13401.31090427
4246,13401.31090576
4247,13409.00000008
4248,13402.31090602
4249,13444.08751196
4250,13425.31090423
4251,13425.31090425
4252,13425.31090436
4253,13425.31090438
4254,13425.31090438
4255,13409.0000003
4256,13425.31090438
4257,13409.00000047
4258,13409.00000043
4259,13409.00000043
4260,13409.00000043
4261,13425.31090438
4262,13410.00000012
4263,13444.08751196
4264,13425.31090418
4265,13420.0000001
4266,13420.00000024
4267,13440.0
4268,13440.0
4269,13440.0
4270,13444.08751196
4271,13440.0
4272,13444.08751196
4273,13440.0
4274,13440.0
4275,13440.0
4276,13440.0
4277,13409.00000006
4278,13434.99999994
4279,13409.00000021
4280,13434.99999979
4281,13376.86707455
4282,13376.86707455
4283,13434.99999955
