0,406.99999992
1,406.99999992
2,406.99999992
3,406.99999992
4,406.99999992
5,406.99999992
6,406.99999992
7,406.99999992
8,406.99999992
9,406.99999992
10,406.99999992
11,406.99999992
12,406.99999992
13,406.99999992
14,406.99999992
15,406.99999992
16,406.99999992
17,406.99999992
18,406.99999992
19,406.99999992
20,406.99999992
21,406.99999992
22,406.1
23,406.1
24,406.1
25,406.1
26,406.1
27,406.1
28,406.1
29,406.1
30,406.1
31,406.1
32,406.1
33,406.10000014
34,406.10000014
35,406.10000014
36,406.10000014
37,406.10000014
38,406.10000014
39,406.10000014
40,406.10000014
41,406.10000014
42,406.10000014
43,406.10000014
44,406.10000014
45,406.10000014
46,406.10000014
47,406.10000014
48,406.10000014
49,406.10000014
50,406.10000112
51,406.10000112
52,406.10000112
53,406.10000112
54,406.10000112
55,406.10000112
56,406.10000112
57,406.10000112
58,406.10000112
59,406.10000112
60,406.10000112
61,406.10000112
62,406.10000053
63,406.10000053
64,406.10000053
65,406.10000044
66,406.10000044
67,406.10000044
68,406.10000061
69,406.10000061
70,406.10000061
71,406.10000074
72,406.10000074
73,406.10000074
74,406.10000087
75,406.10000098
76,406.1000005
77,406.10000051
78,406.10000051
79,406.10000051
80,406.10000051
81,406.10000051
82,406.10000051
83,404.38295397
84,404.38295397
85,403.22288665
86,403.21079019
87,403.21079019
88,406.08781773
89,406.10000017
90,406.10000017
91,406.10000017
92,406.10000017
93,406.10000017
94,402.84167366
95,402.99999999
96,404.78558371
97,404.78558371
98,404.78558371
99,404.78558371
100,404.78558371
101,404.78558371
102,404.78558371
103,404.78558371
104,404.78558371
105,404.78558371
106,404.78558371
107,404.78558371
108,404.78558371
109,404.78558371
110,404.78558371
111,404.78558371
112,404.78558371
113,404.78558371
114,404.78558371
115,404.78558371
116,404.78558371
117,404.78558371
118,404.78558371
119,404.78558371
120,404.78558371
121,404.7896313
122,404.7896313
123,404.7896313
124,404.7896313
125,404.7896313
126,404.7896313
127,404.7896313
128,404.7896313
129,404.7896313
130,404.49999992
131,404.49999992
132,404.49999992
133,404.49999992
134,404.49999992
135,404.49999992
136,404.49999992
137,404.49999992
138,404.49999992
139,402.38263375
140,402.38263374
141,402.38263374
142,402.38263374
143,402.38263374
144,402.38263374
145,404.78963131
146,404.78963131
147,404.78963131
148,404.78963131
149,404.78963131
150,404.78963104
151,404.38295398
152,404.38295398
153,404.38295398
154,405.65143626
155,405.65143626
156,405.65143626
157,405.65143626
158,405.65143626
159,405.65143626
160,405.65143626
161,405.65143593
162,405.65143585
163,405.65143585
164,405.65143585
165,405.65143585
166,405.65143585
167,405.65143585
168,405.65143621
169,404.38295402
170,404.38295402
171,404.38295402
172,404.38295402
173,404.38295402
174,405.65143621
175,405.65143621
176,405.65143621
177,405.6514364
178,405.6514364
179,406.10000018
180,406.10000018
181,406.10000018
182,406.10000018
183,406.10000018
184,406.10000018
185,406.10000018
186,406.10000018
187,406.10000019
188,406.10000019
189,406.10000019
190,406.10000019
191,406.10000019
192,406.10000019
193,406.10000019
194,406.10000019
195,406.10000019
196,406.10000018
197,406.10000018
198,406.10000018
199,406.10000018
200,406.10000049
201,406.10000049
202,406.10000049
203,406.10000049
204,406.10000049
205,406.10000049
206,406.10000049
207,406.10000049
208,406.10000049
209,404.98952845
210,404.98952845
211,404.98952845
212,404.98952845
213,404.98952845
214,404.98952845
215,404.98952845
216,404.98952845
217,404.98952845
218,404.98952845
219,404.98952845
220,404.98952845
221,404.98952845
222,404.98952845
223,404.98952845
224,404.98952845
225,403.5198712
226,403.2625216
227,402.6586134
228,402.6586134
229,402.6586134
230,402.6586134
231,402.6586134
232,402.6586134
233,402.6586134
234,402.6586134
235,402.6586134
236,402.6586134
237,402.6586134
238,402.10558303
239,400.30000001
240,401.0
241,400.27366362
242,400.27366362
243,401.0
244,401.0
245,400.00000002
246,401.0
247,401.0
248,404.98919566
249,404.98919566
250,404.98919566
251,404.98919566
252,404.98919566
253,404.98919566
254,404.98919566
255,404.98919566
256,400.00000024
257,400.00000024
258,400.00000024
259,400.00000024
260,400.00000024
261,404.98880318
262,404.98880318
263,404.98880318
264,404.98880318
265,404.98880318
266,404.98880318
267,404.98880318
268,404.98880318
269,404.98880318
270,400.40000004
271,400.40000004
272,400.40000004
273,400.40000004
274,400.40000004
275,400.40000004
276,400.40000004
277,400.40000004
278,400.40000004
279,400.40000004
280,400.40000004
281,401.00060097
282,401.00060097
283,401.00060097
284,401.00060097
285,403.95775251
286,403.95775251
287,403.95775251
288,403.95775251
289,403.95775251
290,403.95775251
291,403.95775251
292,403.95775251
293,403.95775251
294,403.95775251
295,403.95775251
296,403.95775251
297,403.95775251
298,403.95775251
299,404.00060113
300,404.00060113
301,404.00060113
302,404.00060113
303,404.00060113
304,404.00060113
305,404.00060113
306,404.00060113
307,404.00060113
308,404.00060113
309,404.00060113
310,404.00060113
311,404.00060113
312,404.00060113
313,404.00060113
314,404.00060113
315,404.00060113
316,404.00060113
317,404.00060113
318,404.00060113
319,404.00060113
320,404.00060113
321,404.00060113
322,404.00060113
323,404.00060113
324,404.00060113
325,404.00060113
326,404.00060113
327,404.00060113
328,404.00060113
329,404.00060113
330,404.00060113
331,404.00060113
332,404.30000012
333,404.30000012
334,404.30000012
335,404.40000009
336,404.4000001
337,404.4000001
338,404.98952845
339,404.98952845
340,404.98952845
341,404.98952845
342,404.98952845
343,405.00000014
344,405.00000014
345,405.0
346,405.0
347,405.0
348,405.00000005
349,405.00000003
350,405.00000002
351,405.00000002
352,405.00000001
353,405.00000001
354,405.22668756
355,405.00000004
356,405.00000004
357,405.00000002
358,405.00000002
359,405.00000001
360,405.00000001
361,405.00000002
362,405.00000002
363,405.00000002
364,405.00000002
365,405.00000002
366,405.00000002
367,405.00000002
368,405.00000002
369,405.00000002
370,405.00000002
371,405.00000002
372,405.00000002
373,405.00000002
374,405.00000002
375,405.00000002
376,405.00000002
377,405.00000002
378,405.85577247
379,405.85577247
380,405.85577247
381,405.85577247
382,405.85577247
383,405.00000002
384,405.00000002
385,405.00000002
386,405.00000002
387,405.00000002
388,405.00000002
389,405.00000002
390,405.00000002
391,405.00000002
392,405.00000002
393,405.0
394,405.0
395,405.0
396,405.0
397,405.85517833
398,405.85517833
399,404.98952733
400,404.98952733
401,404.98952733
402,404.98952733
403,404.13555422
404,404.13555422
405,404.13555422
406,404.13555422
407,404.13555422
408,404.13555421
409,404.13555421
410,404.13555421
411,404.13555421
412,404.13555421
413,404.13555421
414,404.13555421
415,404.13555421
416,404.13555421
417,404.13555421
418,404.13555421
419,404.13555421
420,404.13555421
421,404.13555421
422,404.13555421
423,404.13555421
424,404.13555421
425,404.1355542
426,404.1355542
427,404.1355542
428,404.1355542
429,404.1355542
430,404.1355542
431,404.1355542
432,404.1355542
433,404.13555386
434,404.13555386
435,404.13555386
436,404.13555386
437,404.13555386
438,404.13555386
439,404.13555386
440,404.13555386
441,404.13555386
442,404.13555421
443,404.13555421
444,404.13555421
445,404.13555421
446,404.13555421
447,404.13555423
448,404.13555423
449,404.13555423
450,404.13555423
451,404.13555423
452,404.13555423
453,404.13555423
454,404.13555421
455,404.13555421
456,404.13555421
457,404.13555421
458,404.13555421
459,404.13555421
460,404.13555421
461,404.13555421
462,404.13555421
463,404.13555421
464,404.13555421
465,404.13555421
466,404.13555421
467,404.13555421
468,404.13555421
469,404.13533532
470,404.13533532
471,404.13533532
472,404.13533532
473,404.13533532
474,404.13533532
475,404.13533532
476,404.13533532
477,404.13533532
478,404.13533532
479,404.13533532
480,404.13533532
481,404.13533532
482,404.13533532
483,404.13533532
484,404.13533532
485,404.13533532
486,404.13533532
487,404.13533532
488,404.13533532
489,404.13533532
490,404.13533532
491,404.13533532
492,404.13533532
493,404.13533532
494,404.13533532
495,404.13533532
496,404.13533532
497,404.13533532
498,404.13533532
499,404.13533532
500,404.13533532
501,404.13533532
502,404.13533532
503,404.13533532
504,404.13533532
505,404.13533532
506,404.13533532
507,404.13533532
508,402.5
509,402.5
510,402.5
511,402.5
512,402.5
513,402.5
514,402.5
515,402.5
516,402.5
517,402.5
518,402.5
519,402.5
520,402.5
521,402.5
522,402.5
523,402.5
524,402.97500009
525,402.97500009
526,402.97500009
527,402.97500009
528,402.97500009
529,402.97500009
530,402.97500009
531,402.97500009
532,402.97500009
533,402.97500009
534,402.97500009
535,400.53577268
536,400.53577268
537,400.53577268
538,400.53577268
539,400.53577268
540,400.53577268
541,400.53577268
542,400.53577268
543,400.53577268
544,400.53577268
545,400.53577268
546,400.53577268
547,400.53577268
548,400.53577268
549,400.53577268
550,402.97499965
551,402.97499965
552,402.97499965
553,402.97499961
554,401.13657633
555,401.13657633
556,401.13657633
557,401.13657633
558,401.13657633
559,400.53555422
560,400.53555422
561,400.53555422
562,400.53555422
563,400.53555422
564,400.00000001
565,400.00000001
566,400.00000001
567,400.00000001
568,400.00000001
569,400.00000001
570,400.00000001
571,400.00000001
572,400.00000001
573,400.00000001
574,400.00000001
575,400.00000001
576,400.535554
577,400.535554
578,400.535554
579,400.535554
580,400.535554
581,400.535554
582,400.535554
583,400.535554
584,400.535554
585,400.535554
586,400.535554
587,400.535554
588,400.00000001
589,400.00000001
590,400.00000001
591,400.00000001
592,400.53555421
593,400.53555421
594,400.53555421
595,400.53555421
596,400.53555421
597,400.53555421
598,400.53555421
599,400.53555421
600,400.53555421
601,400.53555421
602,400.53555421
603,400.53555421
604,400.53555421
605,400.53555421
606,400.53555421
607,400.53555421
608,400.53555421
609,400.53555421
610,400.53555421
611,400.53555421
612,400.53555421
613,400.53555421
614,400.53555421
615,400.53555421
616,400.53555421
617,400.7
618,400.7
619,400.7
620,400.7
621,400.7
622,400.7
623,400.7
624,400.7
625,400.7
626,400.7
627,400.7
628,400.7
629,400.7
630,400.7
631,400.7
632,400.7
633,400.7
634,400.7
635,400.7
636,400.7
637,400.7
638,400.7
639,400.7
640,400.7
641,400.7
642,400.7
643,400.7
644,400.7
645,400.7
646,400.7
647,400.7
648,400.7
649,400.7
650,400.7
651,400.7
652,400.7
653,400.7
654,400.7
655,400.7
656,400.7
657,400.7
658,400.7
659,400.7
660,400.7
661,400.7
662,400.7
663,403.36011902
664,403.36011902
665,403.36011902
666,403.36011902
667,403.36011902
668,403.36011902
669,403.36011902
670,403.36011902
671,401.50135
672,401.50135
673,401.50135
674,401.50135
675,401.50135
676,401.6
677,401.6
678,401.6
679,401.6
680,401.6
681,401.6
682,401.6
683,401.6
684,401.6
685,401.6
686,401.60000001
687,401.60000001
688,401.60000001
689,401.60000001
690,401.60000001
691,401.60000001
692,401.60000001
693,401.60000001
694,401.60000001
695,401.60000001
696,401.60000001
697,401.60000001
698,401.60000001
699,401.60000001
700,401.60000001
701,401.60000001
702,403.36011899
703,403.36011899
704,403.36011899
705,403.36011899
706,403.36011899
707,401.60004899
708,401.60004899
709,401.60004899
710,403.36011895
711,403.36011895
712,403.36011895
713,403.36011895
714,403.36011895
715,403.36011895
716,403.36011883
717,403.36011883
718,403.36011883
719,403.36011883
720,403.36011883
721,403.36011883
722,403.36011883
723,403.36011883
724,403.36011883
725,403.36011883
726,403.36011883
727,403.36011883
728,403.36011883
729,403.36011883
730,403.3601184
731,403.3601184
732,403.3601184
733,403.3601184
734,403.3601184
735,403.3601184
736,403.3601184
737,403.3601184
738,403.3601184
739,403.3601184
740,403.3601184
741,403.3601184
742,403.3601184
743,401.50135
744,401.50135
745,401.50135
746,401.50135
747,401.50135
748,401.50135
749,401.50135
750,401.50135
751,401.50135
752,401.50135
753,401.50135
754,401.50135
755,401.50135
756,401.50135
757,401.50135
758,401.50135
759,401.50135
760,401.50135
761,401.50135
762,401.50135
763,401.50135
764,400.7428113
765,400.7428113
766,400.74281128
767,400.74281128
768,400.00000001
769,400.00000001
770,400.00000001
771,400.74281128
772,400.74281128
773,400.74281128
774,400.74281128
775,400.74281128
776,400.74281128
777,400.74281128
778,400.74281128
779,400.00000001
780,400.00000001
781,400.00000001
782,400.00000001
783,400.00000001
784,400.00000001
785,400.74281128
786,400.74281128
787,400.00000001
788,400.36476797
789,400.36476797
790,400.36476797
791,400.36476797
792,400.36476797
793,400.00000001
794,400.36476797
795,400.36476797
796,400.36476797
797,400.36476797
798,400.00000001
799,400.74281129
800,400.74281129
801,400.74281129
802,400.00000001
803,400.00000001
804,400.00000001
805,398.00000001
806,398.00000001
807,398.00000001
808,398.00000001
809,398.00000001
810,399.99999997
811,399.99999997
812,399.99999997
813,399.99999997
814,399.99999997
815,399.9999999
816,399.9999999
817,399.9999999
818,399.99999989
819,399.99999989
820,398.77204346
821,398.77204346
822,398.77204346
823,398.77204346
824,399.99999999
825,399.99999999
826,399.99999999
827,399.99999999
828,399.99999999
829,399.99999999
830,399.99999999
831,399.99999999
832,399.99999999
833,399.99999999
834,399.99999999
835,399.99999999
836,399.99999995
837,399.99999995
838,399.99999995
839,399.99999995
840,399.99999995
841,399.99999995
842,396.0
843,395.80783734
844,394.0
845,395.01622
846,395.01622
847,394.0082696
848,395.80783734
849,395.80783735
850,395.8611397
851,397.0
852,397.0
853,397.0
854,397.79948632
855,397.79948632
856,397.79948632
857,397.8
858,397.8
859,397.8
860,397.8
861,397.8
862,397.8
863,397.8
864,397.8
865,397.8
866,397.8
867,397.8
868,397.8
869,397.8
870,397.8
871,397.8
872,397.8
873,397.8
874,397.8
875,397.8
876,396.83434804
877,396.83434804
878,396.83434809
879,396.83434809
880,396.83434809
881,397.2
882,397.2
883,397.2
884,397.2
885,397.2
886,397.2
887,397.2
888,397.2
889,397.2
890,397.2
891,397.2
892,397.2
893,397.2
894,397.2
895,397.2
896,397.2
897,397.2
898,397.2
899,397.2
900,397.2
901,397.2
902,397.2
903,397.2
904,397.2
905,397.2
906,397.2
907,397.2
908,397.42959993
909,397.42959993
910,397.42959993
911,397.42959993
912,397.42959993
913,397.42959993
914,397.42959993
915,397.42959993
916,397.42959993
917,397.8
918,397.8
919,397.8
920,397.8
921,397.8
922,399.14578958
923,399.14578958
924,398.00000009
925,398.00000009
926,398.00000009
927,398.00000009
928,398.00000009
929,400.34683015
930,400.34683015
931,400.34683
932,399.14578958
933,400.95333923
934,400.95316682
935,400.95316682
936,397.42959993
937,400.0
938,400.0
939,400.0
940,400.0
941,400.0
942,400.0
943,400.0
944,400.0
945,400.0
946,399.88071019
947,399.88071019
948,399.88071019
949,399.88071019
950,399.88071019
951,400.9533392
952,400.9533392
953,400.95
954,400.95
955,400.95
956,400.95
957,400.95
958,400.95
959,400.95
960,400.95
961,400.95
962,400.95
963,400.95
964,400.95
965,400.95
966,400.95
967,400.95
968,399.88071019
969,399.88071019
970,398.64761622
971,400.94999999
972,400.94999999
973,400.94999999
974,400.00099996
975,400.00099996
976,400.00099996
977,400.00099996
978,400.00099996
979,400.00099996
980,400.00099996
981,400.00099996
982,400.00099996
983,400.00099996
984,400.00099996
985,400.00099996
986,400.00099996
987,400.00099996
988,400.00099996
989,400.00099996
990,398.64761619
991,398.64761619
992,398.64761619
993,398.64761619
994,398.64761619
995,398.64761619
996,398.64761619
997,398.64761619
998,398.64761619
999,398.64761619
1000,398.64761619
1001,398.64761619
1002,398.64761619
1003,398.64761619
1004,398.64761619
1005,398.64753816
1006,398.64753816
1007,398.64753816
1008,396.42959977
1009,396.38300015
1010,396.38300015
1011,396.3522028
1012,396.3522028
1013,396.3522028
1014,396.3522028
1015,396.3522028
1016,396.3522028
1017,396.3522028
1018,396.3522028
1019,396.3522028
1020,396.3522028
1021,396.3522028
1022,396.3522028
1023,396.3522028
1024,396.3522028
1025,396.3522028
1026,396.3522028
1027,396.3522028
1028,396.42959977
1029,396.42959977
1030,396.42959977
1031,396.42959977
1032,396.42959977
1033,396.42959977
1034,396.42959977
1035,396.42959977
1036,396.352203
1037,396.352203
1038,396.352203
1039,396.352203
1040,396.352203
1041,396.352203
1042,396.352203
1043,396.352203
1044,396.352203
1045,396.352203
1046,396.352203
1047,396.352203
1048,396.352203
1049,396.28679976
1050,396.28679976
1051,396.28679976
1052,396.28679976
1053,396.28679976
1054,396.28679976
1055,396.28679976
1056,396.28679976
1057,396.28679976
1058,395.9872834
1059,395.9872834
1060,395.9872834
1061,395.9872834
1062,395.19431366
1063,395.19431366
1064,395.19450813
1065,395.19489297
1066,395.19489297
1067,395.19489297
1068,395.19489297
1069,395.19489297
1070,395.19489297
1071,395.19489297
1072,395.19489297
1073,395.19489297
1074,395.19489297
1075,395.19489297
1076,395.19489297
1077,395.19489297
1078,395.19489297
1079,395.19489297
1080,395.19489297
1081,395.19489297
1082,395.19489297
1083,395.19385123
1084,395.19385123
1085,395.19385123
1086,395.19385123
1087,395.19385123
1088,395.19385123
1089,395.19385158
1090,395.19385158
1091,395.19385158
1092,395.19385158
1093,395.19385158
1094,395.19385158
1095,395.19385158
1096,395.19385158
1097,395.19385158
1098,395.19385158
1099,395.78664237
1100,395.78664237
1101,395.78664237
1102,395.78664237
1103,395.78664237
1104,395.78664237
1105,395.78664237
1106,395.78664237
1107,395.78664237
1108,395.78664237
1109,395.78664237
1110,395.78664237
1111,395.78664237
1112,395.78664237
1113,395.78664237
1114,395.78664237
1115,395.78664237
1116,395.78664237
1117,395.78664237
1118,395.78664237
1119,395.78664237
1120,395.78664237
1121,395.78664237
1122,395.78664237
1123,395.78664237
1124,395.78664237
1125,395.78664237
1126,395.78664237
1127,395.78664237
1128,395.78664237
1129,395.78664237
1130,395.78664237
1131,395.78664237
1132,395.78664237
1133,395.78664237
1134,395.78664237
1135,395.78664237
1136,395.78664237
1137,395.78664237
1138,395.78664237
1139,396.00018526
1140,396.00018526
1141,396.00018526
1142,396.00018526
1143,396.00018526
1144,396.00018526
1145,396.00018526
1146,396.00018526
1147,396.00018526
1148,396.00018526
1149,396.00018526
1150,396.00018526
1151,396.00018526
1152,396.00018526
1153,396.00018526
1154,396.00018526
1155,396.00018526
1156,396.00018526
1157,396.59418553
1158,396.59418553
1159,396.59418553
1160,396.59418553
1161,396.59418553
1162,396.59418553
1163,396.59418553
1164,396.59418553
1165,396.59418553
1166,396.59418553
1167,396.59418553
1168,396.59418553
1169,396.59418553
1170,396.59418553
1171,396.59418553
1172,396.59418553
1173,396.59418553
1174,396.59418553
1175,396.59418553
1176,396.59418553
1177,396.59418553
1178,397.1999974
1179,397.1999974
1180,397.1999974
1181,397.1999974
1182,397.1999974
1183,397.1999974
1184,397.1999974
1185,397.1999974
1186,397.1999974
1187,397.1999974
1188,397.1999974
1189,397.1999974
1190,397.1999974
1191,397.1999974
1192,397.1999974
1193,397.1999974
1194,397.1999974
1195,397.1999974
1196,397.1999974
1197,397.1999974
1198,397.1999974
1199,397.1999974
1200,397.1999974
1201,397.5
1202,397.5
1203,397.5
1204,397.5
1205,397.5
1206,397.5
1207,397.5
1208,397.5
1209,399.49997137
1210,399.49997137
1211,399.49997137
1212,397.5
1213,397.1999974
1214,398.3502525
1215,398.3502525
1216,398.3502525
1217,398.3502525
1218,398.3502525
1219,398.3502525
1220,398.3502525
1221,398.3502525
1222,398.3502525
1223,398.3502525
1224,398.3502525
1225,398.3502525
1226,398.3502525
1227,398.3502525
1228,398.3502525
1229,397.1999974
1230,397.1999974
1231,397.1999974
1232,397.1999974
1233,397.1999974
1234,396.59418553
1235,396.0
1236,396.0
1237,396.0
1238,396.0
1239,396.0
1240,396.0
1241,396.0
1242,395.0
1243,394.9418196
1244,394.9418196
1245,394.9418196
1246,392.36741117
1247,392.36741117
1248,392.36741117
1249,392.36741117
1250,392.36741117
1251,392.36741117
1252,392.36741117
1253,392.36741117
1254,392.36741117
1255,392.36741117
1256,392.36741117
1257,394.9999991
1258,394.9999991
1259,392.36741117
1260,392.36741117
1261,392.36741117
1262,392.36741117
1263,392.36741117
1264,392.36741117
1265,392.36741117
1266,392.36741117
1267,392.01310202
1268,392.01310202
1269,392.01310202
1270,392.01310202
1271,392.01310202
1272,390.77779428
1273,390.77779428
1274,390.77779428
1275,390.77779428
1276,390.77779428
1277,390.77779428
1278,390.77779428
1279,390.77779428
1280,390.77779428
1281,390.77779428
1282,390.77779428
1283,390.77779428
1284,390.77779428
1285,390.77779428
1286,390.77779428
1287,390.77779428
1288,390.77779428
1289,390.77779428
1290,390.77779428
1291,390.77779428
1292,390.00000071
1293,390.00000071
1294,390.00000071
1295,390.00000071
1296,390.00000071
1297,390.00000071
1298,390.00000071
1299,390.00000071
1300,390.00000071
1301,393.20558766
1302,393.20558766
1303,393.20558766
1304,393.20558766
1305,393.20558766
1306,393.20558766
1307,393.20558766
1308,393.20558766
1309,393.20558766
1310,393.20558766
1311,393.20558766
1312,389.0
1313,389.0
1314,389.0
1315,389.0
1316,389.0
1317,387.0
1318,389.0
1319,389.0
1320,389.0
1321,389.0
1322,389.0
1323,389.0
1324,389.0
1325,389.0
1326,389.0
1327,389.0
1328,389.0
1329,389.0
1330,389.0
1331,389.0
1332,389.0
1333,389.0
1334,389.0
1335,389.0
1336,389.0
1337,389.0
1338,388.7827637
1339,388.78276369
1340,388.78276369
1341,388.78276369
1342,388.78276369
1343,388.78276369
1344,388.78276369
1345,388.78276369
1346,388.78276369
1347,388.78276369
1348,388.78276369
1349,388.78276369
1350,388.78276369
1351,388.78276369
1352,388.78276369
1353,388.78276369
1354,388.78276369
1355,388.78276369
1356,388.78276369
1357,388.78276369
1358,388.78276369
1359,388.78276369
1360,388.78276369
1361,388.78276369
1362,388.78276369
1363,388.78276369
1364,388.78276369
1365,388.78276369
1366,388.78276369
1367,388.78276368
1368,388.78276368
1369,388.78276368
1370,388.78276368
1371,388.78276368
1372,388.78276368
1373,388.78276368
1374,388.78276368
1375,388.78276368
1376,388.78276368
1377,388.78276368
1378,388.78276368
1379,388.78276368
1380,388.78276368
1381,388.78276368
1382,388.78276368
1383,388.78276368
1384,388.78276368
1385,388.78276368
1386,388.78276368
1387,388.78276368
1388,388.78276368
1389,388.78276368
1390,388.78276368
1391,388.78276368
1392,388.78276368
1393,387.0
1394,387.0
1395,387.0
1396,387.0
1397,387.0
1398,386.34723472
1399,385.0
1400,384.93589282
1401,384.93589282
1402,384.75000015
1403,386.58232701
1404,386.58232701
1405,386.58232701
1406,386.58232695
1407,386.58232695
1408,386.5823269
1409,386.5823269
1410,386.5823269
1411,386.5823269
1412,386.5823269
1413,386.58232682
1414,386.58232682
1415,386.58232682
1416,386.58232682
1417,386.58232682
1418,386.58232682
1419,386.58232682
1420,386.58232682
1421,386.58232678
1422,386.58232678
1423,386.58232678
1424,386.58232678
1425,384.6507677
1426,386.0
1427,386.0
1428,385.99999999
1429,385.99999999
1430,385.99999996
1431,385.99999991
1432,385.99999987
1433,385.99999987
1434,384.35017725
1435,385.99941484
1436,385.99941483
1437,385.99941483
1438,385.99941483
1439,385.99941483
1440,385.99941483
1441,385.99941483
1442,385.99941483
1443,385.99941483
1444,385.99941483
1445,385.99941483
1446,383.9
1447,383.0805908
1448,383.0805908
1449,383.0805908
1450,383.0805908
1451,382.08738231
1452,385.99684618
1453,385.99684618
1454,383.0805908
1455,383.9
1456,384.7211621
1457,384.7211621
1458,384.7211621
1459,384.7211621
1460,384.7211621
1461,384.7211621
1462,384.7211621
1463,383.0805908
1464,383.0805908
1465,383.0805908
1466,383.0805908
1467,383.0805908
1468,383.0805908
1469,385.98825182
1470,383.0805908
1471,383.0805908
1472,383.0805908
1473,383.0805908
1474,383.0805908
1475,383.0805908
1476,383.0805908
1477,383.0805908
1478,383.0805908
1479,383.0805908
1480,383.0805908
1481,383.0805908
1482,383.0805908
1483,383.0805908
1484,383.0805908
1485,383.0805908
1486,385.96833857
1487,385.96833857
1488,385.96833857
1489,385.96823072
1490,385.96823072
1491,385.96823072
1492,385.96823072
1493,383.0
1494,382.8
1495,382.79999999
1496,382.79999999
1497,382.8
1498,382.8
1499,382.8
1500,382.8
1501,382.8
1502,382.8
1503,382.8
1504,382.8
1505,382.8
1506,382.8
1507,382.8
1508,382.08738231
1509,382.08738231
1510,382.08738231
1511,382.08738231
1512,382.08738231
1513,382.08738231
1514,382.08738231
1515,382.08738231
1516,382.08738231
1517,382.08738231
1518,382.8
1519,382.8
1520,382.8
1521,382.8
1522,382.8
1523,382.8
1524,382.8
1525,382.8
1526,382.8
1527,382.8
1528,382.8
1529,382.8
1530,381.80022714
1531,381.80022714
1532,381.80022714
1533,381.80022714
1534,381.80022714
1535,381.80022714
1536,382.8
1537,382.8
1538,382.8
1539,382.8
1540,382.8
1541,382.8
1542,382.8
1543,382.8
1544,381.80000004
1545,381.80000004
1546,381.80000004
1547,381.80000004
1548,385.96257804
1549,381.80001084
1550,381.80001084
1551,381.80001084
1552,381.80001084
1553,382.57300004
1554,382.57300004
1555,382.57300004
1556,382.57300004
1557,382.57300004
1558,382.57300005
1559,382.57300006
1560,382.57300006
1561,382.57300006
1562,382.57300006
1563,385.99999998
1564,385.99999998
1565,385.99999998
1566,385.99999998
1567,385.99999998
1568,386.82540974
1569,386.82540974
1570,386.82540974
1571,386.82540974
1572,386.82540974
1573,386.82540974
1574,386.82540974
1575,386.82540974
1576,387.0
1577,387.0
1578,387.0
1579,387.0
1580,387.0
1581,387.0
1582,387.4091995
1583,387.4091995
1584,387.4091995
1585,387.4091995
1586,387.4091995
1587,387.4091995
1588,387.4091995
1589,387.4091995
1590,387.4091995
1591,387.4091995
1592,386.58232682
1593,387.8252119
1594,387.8252119
1595,387.8252119
1596,387.824795
1597,387.824795
1598,387.824795
1599,387.824795
1600,387.824795
1601,387.824795
1602,387.824795
1603,387.824795
1604,387.824795
1605,387.824795
1606,387.824795
1607,387.824795
1608,387.824795
1609,387.824795
1610,387.824795
1611,387.824795
1612,387.824795
1613,387.824795
1614,387.827793
1615,387.827793
1616,386.0
1617,386.85822352
1618,386.85822352
1619,386.85822352
1620,386.85822352
1621,386.85822352
1622,386.85822352
1623,386.85822352
1624,386.85822352
1625,386.85822352
1626,386.85822352
1627,386.85822352
1628,386.85822352
1629,388.49727538
1630,388.49727538
1631,388.49727538
1632,389.66627417
1633,389.66627417
1634,389.66627417
1635,389.66627417
1636,389.66627417
1637,389.66627417
1638,389.66627417
1639,389.66627417
1640,389.66627417
1641,389.6662742
1642,388.49727538
1643,388.49727538
1644,388.49727538
1645,388.49727538
1646,388.49727538
1647,388.49727538
1648,388.49727538
1649,388.49727538
1650,388.49727538
1651,388.49727538
1652,388.49727538
1653,388.49727538
1654,388.49727538
1655,388.49727538
1656,390.49979618
1657,390.49979618
1658,390.49979618
1659,390.49979618
1660,390.49979618
1661,390.49979618
1662,390.49979618
1663,390.49979618
1664,390.49979618
1665,390.49979618
1666,390.49979618
1667,390.49979618
1668,390.49979618
1669,390.49979618
1670,390.49979618
1671,390.49979618
1672,390.49979618
1673,390.49979618
1674,390.49979618
1675,390.4997962
1676,390.4997962
1677,390.4997962
1678,390.4997962
1679,388.5914283
1680,388.5914283
1681,390.0
1682,390.0
1683,390.0
1684,390.0
1685,390.0
1686,390.0
1687,390.0
1688,390.0
1689,390.0
1690,390.0
1691,390.0
1692,390.0
1693,390.0
1694,390.83401837
1695,390.83401837
1696,390.83401837
1697,390.83401837
1698,390.83401837
1699,390.83401837
1700,390.83373535
1701,390.83373535
1702,390.83373535
1703,390.83373535
1704,390.83373535
1705,390.83373535
1706,390.83290078
1707,390.83290078
1708,390.83290078
1709,390.83290078
1710,390.83290078
1711,390.83290078
1712,390.83290078
1713,390.83290078
1714,392.01483508
1715,392.01483508
1716,392.01483508
1717,392.01483508
1718,389.00001
1719,389.00001
1720,389.00001
1721,389.00001
1722,389.00001
1723,389.00001
1724,389.00001
1725,388.59069373
1726,388.59069373
1727,388.59069373
1728,388.59069373
1729,388.59069373
1730,388.59069373
1731,388.59069373
1732,388.59069373
1733,388.59069373
1734,388.59069373
1735,388.59069373
1736,388.59069373
1737,388.59069373
1738,388.59069373
1739,388.59069373
1740,388.59069373
1741,388.59069373
1742,388.59069373
1743,388.59069373
1744,388.59069373
1745,388.49727538
1746,388.49727538
1747,388.49727538
1748,386.96909958
1749,386.96909958
1750,386.80000301
1751,386.80000301
1752,386.80000301
1753,386.80000301
1754,386.80000301
1755,386.80000301
1756,386.80000301
1757,386.80000301
1758,386.80000301
1759,390.8383617
1760,390.8383617
1761,390.8383617
1762,386.80203935
1763,386.80203935
1764,386.80203935
1765,386.80203935
1766,386.80203935
1767,386.80203935
1768,386.80203935
1769,386.80203935
1770,386.80203935
1771,386.80203935
1772,386.80203935
1773,391.87914599
1774,391.87914599
1775,391.87914599
1776,391.87914599
1777,387.00000001
1778,387.00000006
1779,391.87914598
1780,391.87914598
1781,391.87914593
1782,391.87914593
1783,391.87914593
1784,391.87914593
1785,391.87914593
1786,391.87914593
1787,391.87914593
1788,391.87914593
1789,391.87914593
1790,391.87914593
1791,391.87914593
1792,391.87914593
1793,391.87914593
1794,391.87914593
1795,391.87914593
1796,391.87914593
1797,391.87914593
1798,392.01483508
1799,392.01483508
1800,392.01483508
1801,392.01483508
1802,392.01483508
1803,392.01483508
1804,392.01483508
1805,392.5
1806,392.5
1807,392.5
1808,392.5
1809,392.5
1810,392.5
1811,392.5
1812,392.5
1813,392.5
1814,392.5
1815,392.5
1816,392.5
1817,393.08875
1818,393.20630512
1819,393.20630512
1820,393.20630512
1821,393.20630512
1822,393.20630512
1823,393.20630512
1824,393.20630512
1825,393.20630512
1826,392.5
1827,392.5
1828,392.5
1829,392.5
1830,393.20630501
1831,393.20630501
1832,391.1780703
1833,391.1780703
1834,391.1780703
1835,391.1780703
1836,391.1780703
1837,391.1780703
1838,390.9746034
1839,390.9746034
1840,390.9746034
1841,390.9746034
1842,390.9746034
1843,390.9746034
1844,391.0
1845,391.0
1846,391.0
1847,391.0
1848,391.0
1849,391.0
1850,391.0
1851,391.0
1852,391.0
1853,391.0
1854,391.0
1855,391.0
1856,391.0
1857,391.0
1858,391.0
1859,391.0
1860,391.0
1861,391.0
1862,391.0
1863,390.15071004
1864,390.15071004
1865,390.15071004
1866,390.15071004
1867,390.15071004
1868,390.15071004
1869,390.15071004
1870,390.15071004
1871,390.15071004
1872,390.15071004
1873,390.15071004
1874,390.15071004
1875,390.15071004
1876,390.15071004
1877,390.15071004
1878,390.15071004
1879,390.15071004
1880,390.15071004
1881,390.15071004
1882,389.30140429
1883,389.30140429
1884,389.30140429
1885,389.30140429
1886,389.30140429
1887,389.30140429
1888,389.30140429
1889,389.30140429
1890,389.30140429
1891,389.30140429
1892,389.30140429
1893,389.30140429
1894,389.30140429
1895,389.30140429
1896,389.30140429
1897,389.30140429
1898,389.30140429
1899,389.30140429
1900,390.99999991
1901,390.99999991
1902,390.99999991
1903,390.99999991
1904,390.99999991
1905,390.99999991
1906,390.99999991
1907,390.99999991
1908,390.99999991
1909,389.44064136
1910,389.44064136
1911,389.44064136
1912,389.44064136
1913,390.99999992
1914,390.99999992
1915,390.99999992
1916,390.99999992
1917,390.99999992
1918,390.99999992
1919,390.99999992
1920,390.99999992
1921,390.99999992
1922,390.99999992
1923,390.99999992
1924,390.99999992
1925,390.99999992
1926,390.99999992
1927,390.99999992
1928,390.99999992
1929,390.99999992
1930,390.99999992
1931,390.99999992
1932,390.99999992
1933,390.99999992
1934,390.99999992
1935,390.99999992
1936,390.99999992
1937,390.99999992
1938,390.99999992
1939,388.47046194
1940,388.47046194
1941,388.47046194
1942,388.47046194
1943,388.47046194
1944,388.47046194
1945,388.47046194
1946,388.47046194
1947,388.47046191
1948,388.47046191
1949,388.47046191
1950,388.47046191
1951,388.47046191
1952,388.47046191
1953,388.47046191
1954,388.47046191
1955,388.47046191
1956,388.47046191
1957,388.47046191
1958,388.47046191
1959,390.99999992
1960,390.99999992
1961,390.99999992
1962,390.99999992
1963,390.99999992
1964,390.99999992
1965,390.99999992
1966,390.99999992
1967,390.99999992
1968,390.99999992
1969,390.99999992
1970,390.99999992
1971,390.99999992
1972,390.99999992
1973,390.99999992
1974,389.99999999
1975,389.99999999
1976,389.99999999
1977,389.99999999
1978,389.99999999
1979,389.99999999
1980,389.99999999
1981,389.99999999
1982,389.99999999
1983,389.99999999
1984,389.99999999
1985,389.99999999
1986,392.49999991
1987,392.49999991
1988,388.4716671
1989,388.4716671
1990,388.4716671
1991,388.47233539
1992,388.47233539
1993,388.47233539
1994,388.47233539
1995,388.47233539
1996,388.47233539
1997,388.47233539
1998,388.47233539
1999,388.47233539
2000,388.47233539
2001,388.47233539
2002,388.47233539
2003,388.47046198
2004,388.47046193
2005,388.47046193
2006,388.47046194
2007,388.47046194
2008,388.47046194
2009,388.47046194
2010,388.47046194
2011,388.47046194
2012,388.47046194
2013,388.47046194
2014,388.47046194
2015,388.47046194
2016,388.47046194
2017,389.3032422
2018,389.3032422
2019,389.3032422
2020,389.3032422
2021,389.3032422
2022,389.3032422
2023,389.30324219
2024,389.30324219
2025,389.30324219
2026,389.30324219
2027,389.30324219
2028,389.30324219
2029,389.30324219
2030,389.30324219
2031,389.30324219
2032,389.30324219
2033,389.30324219
2034,389.30324219
2035,389.30324219
2036,389.30324219
2037,389.30324219
2038,389.30324219
2039,389.3032422
2040,389.3032422
2041,389.3032422
2042,389.3032422
2043,389.3032422
2044,389.3032422
2045,389.3032422
2046,389.3032422
2047,391.68916632
2048,391.68916632
2049,392.0
2050,393.19334008
2051,393.19334008
2052,393.19334008
2053,393.19275665
2054,393.19275665
2055,393.1927107
2056,393.1927107
2057,393.1927107
2058,393.1927107
2059,393.1927107
2060,393.1927107
2061,393.1927107
2062,393.19203063
2063,393.19203063
2064,393.19203063
2065,393.19203063
2066,393.19203063
2067,393.19203063
2068,393.19203063
2069,393.19203063
2070,393.19203063
2071,393.19203063
2072,393.19203063
2073,393.19203063
2074,393.19203063
2075,392.0
2076,392.0
2077,393.19158529
2078,393.19158529
2079,393.19158529
2080,393.19158529
2081,393.19158529
2082,390.8531653
2083,390.8531653
2084,390.8531653
2085,390.8531653
2086,390.8531653
2087,390.8531653
2088,390.8531653
2089,390.8531653
2090,390.8531653
2091,390.8531653
2092,390.8531653
2093,390.8531653
2094,390.8531653
2095,390.8531653
2096,390.8531653
2097,390.8531653
2098,390.8531653
2099,390.8531653
2100,390.8531653
2101,390.8531653
2102,390.8531653
2103,390.8531653
2104,390.8531653
2105,390.8531653
2106,390.8531653
2107,391.9087629
2108,391.9087629
2109,391.9087629
2110,391.9087629
2111,391.9087629
2112,391.9087629
2113,391.9087629
2114,391.9087629
2115,391.9087629
2116,391.9087629
2117,391.9087629
2118,391.9087629
2119,391.9087629
2120,391.9087629
2121,391.9087629
2122,391.9087629
2123,391.9087629
2124,391.9087629
2125,390.61952793
2126,390.61952793
2127,390.61952793
2128,390.61952793
2129,390.61952793
2130,390.61952793
2131,390.61952793
2132,390.61952793
2133,391.61952792
2134,390.62054732
2135,390.62054732
2136,390.62054732
2137,390.62054732
2138,390.62054732
2139,390.62054732
2140,390.62054732
2141,390.62054732
2142,390.62054732
2143,390.62054732
2144,390.62054732
2145,390.62054732
2146,390.62054732
2147,390.62054732
2148,390.62054732
2149,390.62054732
2150,390.62054732
2151,390.62054732
2152,390.62054732
2153,390.62054732
2154,390.62054732
2155,390.62054732
2156,390.62054732
2157,390.62054732
2158,391.0
2159,391.0
2160,391.0
2161,391.0
2162,391.0
2163,393.19141183
2164,393.19141183
2165,393.19141183
2166,393.19141183
2167,393.19141183
2168,393.19141183
2169,393.19141183
2170,393.19090401
2171,393.19090401
2172,393.19090401
2173,393.19090401
2174,393.19090401
2175,393.19090401
2176,393.19090401
2177,393.19090401
2178,392.84130409
2179,392.84130409
2180,392.84130409
2181,392.84130409
2182,392.84130409
2183,392.84130409
2184,392.84130409
2185,392.84130409
2186,392.84130409
2187,392.84130409
2188,392.84130409
2189,392.84130409
2190,392.84130409
2191,392.84130409
2192,391.58650003
2193,391.58650003
2194,391.58650003
2195,391.58650003
2196,389.93543583
2197,388.98
2198,388.98
2199,388.98
2200,388.98
2201,385.00000004
2202,385.00000004
2203,385.00000004
2204,385.00000004
2205,385.00000004
2206,386.96909958
2207,385.00000056
2208,385.00000056
2209,385.00000056
2210,385.00000056
2211,385.00000056
2212,385.00000056
2213,385.00000056
2214,385.00000056
2215,385.00000056
2216,385.00000056
2217,385.00000056
2218,385.00000056
2219,385.00000056
2220,385.00000056
2221,385.00000056
2222,385.00000056
2223,385.00000056
2224,385.00000056
2225,385.00000056
2226,385.00000056
2227,385.00000056
2228,385.00000056
2229,385.00000056
2230,385.00000056
2231,386.0
2232,386.0
2233,386.0
2234,386.0
2235,386.0
2236,386.0
2237,386.0
2238,386.0
2239,385.00032663
2240,385.0
2241,385.0
2242,385.00032663
2243,385.00032663
2244,385.00032663
2245,385.00032663
2246,385.00032663
2247,385.00032663
2248,385.00032663
2249,385.00032662
2250,385.00032662
2251,385.00032662
2252,385.00032662
2253,384.65076773
2254,385.00032663
2255,385.22774385
2256,385.22774385
2257,385.22774385
2258,384.6507677
2259,384.17824327
2260,384.17824327
2261,384.17824327
2262,384.17824327
2263,384.00000003
2264,384.00000003
2265,384.00000003
2266,388.49600818
2267,388.49600818
2268,388.49600818
2269,388.49530622
2270,388.49530622
2271,388.49530622
2272,388.49530622
2273,388.49530622
2274,388.49530622
2275,388.49530622
2276,388.49530622
2277,388.49530622
2278,388.49530622
2279,388.49530622
2280,388.49530622
2281,388.49530622
2282,384.00000005
2283,384.00000005
2284,384.00000005
2285,384.00000005
2286,384.00000005
2287,384.0
2288,383.36679014
2289,383.36679014
2290,383.36679014
2291,383.36679014
2292,383.36679017
2293,383.36679017
2294,383.36679017
2295,382.57300007
2296,382.57300007
2297,382.57300004
2298,382.57300004
2299,382.23232
2300,382.23232
2301,382.23232
2302,383.73973193
2303,383.73973193
2304,383.73973193
2305,382.0
2306,383.22874471
2307,381.59999999
2308,380.999
2309,380.6624048
2310,381.11319
2311,381.11319
2312,380.0
2313,380.0
2314,381.59999955
2315,381.59999955
2316,381.59999938
2317,380.0
2318,380.0
2319,380.0
2320,380.0
2321,379.89060962
2322,378.88
2323,378.88
2324,378.88
2325,378.88
2326,378.88
2327,378.88
2328,377.7186735
2329,377.7186735
2330,377.7186735
2331,377.7186735
2332,376.34723472
2333,376.34723472
2334,378.09633082
2335,378.09633082
2336,378.09633082
2337,376.34
2338,376.34
2339,376.34
2340,375.5665374
2341,375.5665374
2342,375.0
2343,375.0
2344,375.44756455
2345,375.46660056
2346,375.46660056
2347,375.0
2348,375.0
2349,376.34
2350,376.34
2351,376.34
2352,376.34
2353,376.34
2354,376.19028153
2355,376.1902815
2356,376.19028138
2357,375.71803439
2358,375.71803439
2359,376.20460408
2360,376.20460408
2361,376.20460408
2362,376.20460408
2363,377.1449913
2364,377.1449913
2365,377.1449913
2366,377.1449913
2367,377.1449913
2368,375.00000006
2369,381.3414486
2370,381.3414486
2371,381.3414486
2372,381.3414486
2373,381.3414486
2374,381.3414486
2375,378.17096397
2376,378.17096397
2377,375.00029496
2378,375.0
2379,378.35600722
2380,378.35574134
2381,378.35574134
2382,378.35574134
2383,378.35574134
2384,378.35574134
2385,378.34518245
2386,378.34518245
2387,374.9160547
2388,374.9160547
2389,373.69000001
2390,373.8
2391,373.8
2392,373.8
2393,373.8
2394,374.91605462
2395,374.91605462
2396,374.91605456
2397,374.91605456
2398,374.91605454
2399,374.91605454
2400,371.96780898
2401,371.82720331
2402,374.91605441
2403,374.91605441
2404,374.91605441
2405,374.91605441
2406,371.82746813
2407,371.82746813
2408,371.82720342
2409,371.82720342
2410,374.1995873
2411,374.1995873
2412,374.1995873
2413,374.1995873
2414,374.19958762
2415,378.35518244
2416,378.35518244
2417,374.1995874
2418,374.1995874
2419,374.1995874
2420,378.35468649
2421,378.35468649
2422,378.35468649
2423,378.35504549
2424,378.35504549
2425,378.35504549
2426,381.33144778
2427,381.33144778
2428,375.20000012
2429,375.20000012
2430,375.20000012
2431,375.20000012
2432,375.20000012
2433,376.3394857
2434,376.3432491
2435,376.3432491
2436,376.3432491
2437,376.3432491
2438,376.3432491
2439,376.3432491
2440,376.3432491
2441,379.18375852
2442,379.18375852
2443,381.33144774
2444,381.33144774
2445,381.33144774
2446,381.33144774
2447,381.33144774
2448,379.99999999
2449,379.99999999
2450,380.0
2451,380.0
2452,380.0
2453,380.0
2454,380.0
2455,380.0
2456,380.0
2457,380.50655676
2458,380.50655676
2459,380.50655676
2460,380.25522512
2461,379.18375852
2462,380.255
2463,380.255
2464,380.255
2465,380.255
2466,380.255
2467,380.255
2468,380.255
2469,380.255
2470,380.255
2471,380.255
2472,379.18375852
2473,379.18375852
2474,380.255
2475,380.255
2476,380.255
2477,380.255
2478,380.255
2479,377.0
2480,377.0
2481,377.0
2482,376.99999999
2483,376.99999999
2484,376.99999991
2485,379.9999999
2486,379.9999999
2487,376.0
2488,375.99999997
2489,375.99999998
2490,375.99999998
2491,370.00000001
2492,374.44000009
2493,380.25444103
2494,380.25444103
2495,380.25444103
2496,380.25444103
2497,380.25444103
2498,375.99999997
2499,375.99999997
2500,375.99999997
2501,375.99999997
2502,375.99999997
2503,375.99999997
2504,375.99999997
2505,375.99999997
2506,375.99999997
2507,373.64078275
2508,373.64078275
2509,373.64078275
2510,373.64078275
2511,376.80423205
2512,376.80423205
2513,376.80423205
2514,376.80423205
2515,373.64078277
2516,376.80353371
2517,376.80353371
2518,376.80353371
2519,376.80353371
2520,376.80353371
2521,376.80353371
2522,376.80353371
2523,376.80353371
2524,376.80353371
2525,376.80353371
2526,376.80353371
2527,376.80353371
2528,374.35189551
2529,374.35189552
2530,374.35189551
2531,376.80426399
2532,376.80426399
2533,376.80426397
2534,375.35736657
2535,375.35736657
2536,375.35736657
2537,375.35736657
2538,376.80426399
2539,376.80426399
2540,376.80426399
2541,376.80426399
2542,376.80426399
2543,376.0000361
2544,376.0000361
2545,376.804264
2546,376.804264
2547,379.56275216
2548,379.56275216
2549,379.56275216
2550,379.56275216
2551,379.56275216
2552,379.56275216
2553,379.56275216
2554,379.56275219
2555,379.56275219
2556,379.56275219
2557,379.56275219
2558,379.56275219
2559,379.86071809
2560,379.86071809
2561,379.86071809
2562,379.86043017
2563,379.86043017
2564,379.86043017
2565,379.86043017
2566,379.86043017
2567,379.86043017
2568,379.86043017
2569,379.302
2570,379.302
2571,379.302
2572,379.302
2573,379.302
2574,379.85889733
2575,379.85889733
2576,379.85889733
2577,379.85805418
2578,379.85805418
2579,379.85805418
2580,379.302
2581,379.302
2582,377.0
2583,377.0
2584,377.0
2585,377.0
2586,377.0
2587,377.0
2588,377.0
2589,377.0
2590,377.0
2591,377.0
2592,377.0
2593,377.0
2594,377.0
2595,377.0
2596,377.0
2597,377.0
2598,377.0
2599,377.0
2600,377.0
2601,377.0
2602,377.0
2603,379.85449473
2604,379.85449473
2605,379.85449473
2606,379.85449473
2607,379.85449473
2608,379.85449473
2609,379.85449473
2610,379.85449473
2611,379.85449473
2612,379.85449473
2613,379.85449473
2614,379.85449473
2615,379.85449473
2616,379.85449473
2617,379.85449473
2618,379.85449473
2619,379.85449473
2620,379.85449473
2621,379.85449473
2622,377.0
2623,377.0
2624,377.0
2625,377.0
2626,377.99999934
2627,377.99999925
2628,377.99999925
2629,377.9999992
2630,377.87654319
2631,377.87654319
2632,377.87654313
2633,377.8765431
2634,377.87654305
2635,377.87654304
2636,377.876543
2637,377.876543
2638,377.876543
2639,377.876543
2640,377.876543
2641,377.8
2642,377.79999994
2643,377.5655
2644,377.5655
2645,377.5655
2646,377.5655
2647,377.5655
2648,377.56549999
2649,377.56549999
2650,377.56549999
2651,377.56549998
2652,377.56549998
2653,377.56549998
2654,377.56549998
2655,377.87654319
2656,377.8765432
2657,377.8765432
2658,377.87654319
2659,377.87654319
2660,377.87654319
2661,377.87654319
2662,377.87654319
2663,377.87654319
2664,377.87654319
2665,377.87654319
2666,377.87654319
2667,377.87654321
2668,377.87654321
2669,377.87654321
2670,377.87654321
2671,377.87654321
2672,377.87654321
2673,377.87654321
2674,377.87654321
2675,377.87654321
2676,377.7999998
2677,377.7999998
2678,377.79999983
2679,377.79999983
2680,377.79999983
2681,377.79999983
2682,377.79999983
2683,377.79999983
2684,377.79999983
2685,377.79999983
2686,377.79999983
2687,380.5065568
2688,380.5065568
2689,380.5065568
2690,380.5065568
2691,380.5065568
2692,380.5065568
2693,380.5065568
2694,380.50655679
2695,380.50655679
2696,380.50655679
2697,380.50655679
2698,380.50655679
2699,380.50655679
2700,380.50655679
2701,380.50655679
2702,380.50655679
2703,380.50655679
2704,380.50655679
2705,379.153
2706,379.153
2707,379.153
2708,379.153
2709,379.153
2710,379.153
2711,379.153
2712,379.153
2713,378.99999999
2714,378.99999999
2715,378.99999999
2716,378.99999999
2717,378.99999999
2718,377.79999977
2719,377.79999977
2720,377.79999977
2721,377.79999977
2722,377.79999977
2723,377.79999977
2724,377.79999977
2725,377.79999974
2726,377.79999974
2727,378.99999978
2728,376.209
2729,376.209
2730,376.209
2731,376.209
2732,376.209
2733,376.209
2734,376.209
2735,376.209
2736,376.209
2737,376.209
2738,376.209
2739,376.209
2740,376.209
2741,373.64078254
2742,373.64078254
2743,376.7733135
2744,376.7733135
2745,376.7733135
2746,376.7733135
2747,376.7733135
2748,376.7733135
2749,376.7733135
2750,376.7733135
2751,376.7733135
2752,376.7733135
2753,376.7733135
2754,376.7733135
2755,376.7733135
2756,376.7733135
2757,376.7733135
2758,376.7733135
2759,376.7733135
2760,375.0
2761,376.0
2762,377.38479666
2763,377.38479666
2764,377.38479666
2765,377.38479666
2766,377.38479666
2767,377.38479666
2768,377.38479664
2769,377.38479664
2770,377.38479664
2771,377.38479664
2772,377.38479664
2773,377.38479664
2774,377.38479664
2775,377.38479664
2776,377.38479664
2777,377.38479664
2778,377.38479664
2779,377.38479664
2780,377.38479664
2781,377.38479664
2782,377.38479664
2783,377.38479664
2784,377.38479664
2785,377.38479664
2786,378.59600001
2787,378.596
2788,378.596
2789,378.596
2790,378.596
2791,378.596
2792,378.596
2793,378.596
2794,378.596
2795,379.0
2796,379.99999991
2797,379.99999991
2798,379.99999991
2799,379.99999991
2800,379.99999991
2801,379.99999971
2802,379.99620003
2803,380.0
2804,380.0
2805,380.0
2806,380.0
2807,380.0
2808,380.0
2809,380.0
2810,380.0
2811,380.0
2812,380.0
2813,379.99999984
2814,379.99999971
2815,379.99999971
2816,379.99999971
2817,379.99999971
2818,379.99999971
2819,379.99999971
2820,379.99999971
2821,379.99999971
2822,379.99999971
2823,379.99999971
2824,379.99999971
2825,379.99999971
2826,379.99999971
2827,379.99999971
2828,379.99999971
2829,379.99999971
2830,379.99999971
2831,379.99999971
2832,379.99999971
2833,379.99999971
2834,379.99999971
2835,379.99999971
2836,379.99999971
2837,377.38479661
2838,377.38479661
2839,377.38479661
2840,377.38479661
2841,377.99989432
2842,377.99989432
2843,379.99933236
2844,379.99933236
2845,379.99933236
2846,379.99933236
2847,379.99933236
2848,379.99933236
2849,379.99933236
2850,379.99933236
2851,376.0
2852,376.0
2853,376.0
2854,376.0
2855,376.99999999
2856,377.0
2857,377.0
2858,377.0
2859,377.0
2860,377.0
2861,377.0
2862,377.0
2863,377.0
2864,377.0
2865,377.0
2866,377.0
2867,377.00000003
2868,377.00000003
2869,377.00000003
2870,377.00000003
2871,377.00000003
2872,377.00000003
2873,377.00000003
2874,377.00000003
2875,377.0
2876,377.0
2877,377.0
2878,377.0
2879,377.0
2880,377.0
2881,377.0
2882,377.0
2883,377.0
2884,377.0
2885,376.938
2886,379.99904404
2887,379.99904404
2888,379.99904404
2889,379.99904404
2890,379.99904404
2891,379.99904404
2892,379.99904404
2893,379.99904404
2894,379.99816176
2895,376.50021562
2896,376.50021562
2897,376.49999999
2898,376.49999999
2899,376.49999999
2900,376.0
2901,376.0
2902,376.0
2903,376.0
2904,376.0
2905,376.0
2906,376.0
2907,376.0
2908,376.0
2909,376.0
2910,376.0
2911,376.0
2912,376.0
2913,376.0
2914,376.0
2915,376.0
2916,376.0
2917,376.0
2918,376.0
2919,376.0
2920,376.0
2921,374.50000062
2922,374.50000062
2923,374.50000062
2924,374.50000062
2925,374.50000062
2926,374.50000062
2927,374.50000062
2928,374.50000062
2929,374.50000062
2930,374.50000062
2931,374.50000062
2932,374.50000062
2933,374.50000062
2934,374.50000062
2935,374.50000062
2936,374.50000062
2937,374.50000062
2938,374.50000062
2939,374.50000062
2940,374.50000062
2941,374.50000118
2942,374.50000118
2943,374.50000118
2944,374.50000118
2945,374.50000118
2946,376.804264
2947,376.804264
2948,376.804264
2949,376.804264
2950,376.804264
2951,376.804264
2952,377.3055339
2953,377.3055339
2954,377.3055339
2955,377.3055339
2956,377.3055339
2957,377.3055339
2958,377.3055339
2959,377.3055339
2960,377.3055339
2961,377.3055339
2962,377.3055339
2963,377.3055339
2964,377.3055339
2965,377.3055339
2966,378.0
2967,378.0
2968,378.0
2969,378.0
2970,378.0
2971,378.0
2972,378.0
2973,378.0
2974,378.0
2975,378.0
2976,376.804264
2977,377.99701
2978,377.99701
2979,378.0
2980,378.0
2981,379.99805112
2982,379.99801777
2983,379.99801777
2984,379.99801777
2985,379.99801777
2986,379.99801777
2987,378.0
2988,378.0
2989,378.0
2990,378.0
2991,379.749
2992,379.749
2993,379.749
2994,379.749
2995,379.749
2996,379.74899997
2997,379.74899997
2998,379.74899997
2999,379.74899997
3000,379.74899997
3001,379.74899997
3002,379.74899997
3003,378.0
3004,378.0
3005,378.0
3006,378.0
3007,378.0
3008,378.0
3009,378.0
3010,378.0
3011,378.0
3012,378.0
3013,378.0
3014,376.80525957
3015,376.80525957
3016,376.80525957
3017,376.80525957
3018,376.80525957
3019,376.80525957
3020,376.80525957
3021,376.80525957
3022,376.80525957
3023,376.80525957
3024,376.80525957
3025,376.80525957
3026,376.80525957
3027,376.80525957
3028,376.80525957
3029,376.80525957
3030,376.804264
3031,376.804264
3032,376.804264
3033,376.804264
3034,376.804264
3035,376.804264
3036,376.804264
3037,376.804264
3038,376.804264
3039,376.804264
3040,376.804264
3041,376.804264
3042,376.80475951
3043,376.80475951
3044,376.80475951
3045,376.80475951
3046,376.80475951
3047,376.80475951
3048,376.80475951
3049,376.80475951
3050,376.80475951
3051,376.80475951
3052,376.80475951
3053,376.80475951
3054,376.80475951
3055,376.80475951
3056,376.80475951
3057,376.80426404
3058,376.80426404
3059,376.80426404
3060,376.80452003
3061,376.80452003
3062,376.80452003
3063,376.80452003
3064,376.80452003
3065,376.80452003
3066,376.80452003
3067,376.80452003
3068,376.80452003
3069,376.80452003
3070,376.80452003
3071,376.80452003
3072,376.80452003
3073,376.80452003
3074,376.80452003
3075,376.80452003
3076,376.80452003
3077,376.80452003
3078,376.80452003
3079,379.749
3080,379.749
3081,379.749
3082,379.749
3083,379.749
3084,379.749
3085,379.749
3086,379.749
3087,379.749
3088,379.749
3089,379.749
3090,379.749
3091,379.749
3092,380.0
3093,380.0
3094,380.81282
3095,381.33144778
3096,381.33144778
3097,381.50000008
3098,382.70268707
3099,382.70268707
3100,382.70268707
3101,384.54
3102,385.88961485
3103,384.99999997
3104,384.99999997
3105,384.99999997
3106,385.0
3107,385.0
3108,385.0
3109,385.0
3110,385.0
3111,382.00000009
3112,385.0
3113,385.0
3114,385.0
3115,385.0
3116,385.0
3117,385.0
3118,385.0
3119,385.2
3120,385.2
3121,385.2
3122,385.2
3123,385.88999995
3124,385.88999995
3125,385.88999995
3126,385.88971779
3127,385.88971779
3128,385.88999996
3129,385.88999996
3130,385.2
3131,385.2
3132,385.88999987
3133,385.88999987
3134,385.2
3135,384.237
3136,384.237
3137,384.237
3138,381.50149802
3139,381.50149802
3140,381.50149802
3141,381.50149802
3142,381.50149802
3143,381.50149802
3144,381.50149802
3145,384.237
3146,384.237
3147,384.237
3148,384.237
3149,384.237
3150,384.237
3151,384.237
3152,385.88999986
3153,385.88999986
3154,385.88999986
3155,385.88999986
3156,385.88999986
3157,385.88999986
3158,385.88999986
3159,385.88999986
3160,385.88999986
3161,385.8899999
3162,385.8899999
3163,385.8899999
3164,385.88999991
3165,385.88999991
3166,385.958825
3167,386.18987503
3168,387.29511937
3169,387.29511937
3170,387.29511937
3171,387.29511937
3172,385.958825
3173,385.958825
3174,385.958825
3175,385.958825
3176,385.958825
3177,385.958825
3178,385.958825
3179,385.958825
3180,385.958825
3181,385.958825
3182,385.958825
3183,385.958825
3184,385.958825
3185,385.958825
3186,385.958825
3187,385.958825
3188,386.7843659
3189,386.7843659
3190,388.752
3191,388.752
3192,386.7843659
3193,386.7843659
3194,386.7843659
3195,386.7843659
3196,386.7843659
3197,386.7843659
3198,386.7843659
3199,386.7843659
3200,388.49727538
3201,388.49727538
3202,388.752
3203,388.752
3204,388.752
3205,388.752
3206,388.752
3207,389.0
3208,389.0
3209,389.0
3210,389.0
3211,389.0
3212,389.0
3213,389.0
3214,388.99999964
3215,388.99999964
3216,388.99999948
3217,388.99999948
3218,388.89999988
3219,389.93543583
3220,385.95900529
3221,385.95939619
3222,385.95939622
3223,385.95939622
3224,385.95939622
3225,385.95939622
3226,385.95939622
3227,385.95939622
3228,385.95939622
3229,385.95939622
3230,385.95939622
3231,385.95939622
3232,389.9354353
3233,389.9354353
3234,389.9354353
3235,389.9354353
3236,389.9354353
3237,389.9354353
3238,389.9354353
3239,389.9354353
3240,389.9354353
3241,389.9354353
3242,389.9354353
3243,389.9354353
3244,389.9354353
3245,389.9354353
3246,389.9354353
3247,389.9354353
3248,389.9354353
3249,389.9354353
3250,389.9354353
3251,389.9354353
3252,389.9354353
3253,389.93543447
3254,389.93543447
3255,389.93543447
3256,389.93543447
3257,389.93543447
3258,389.93543447
3259,389.93543447
3260,389.93543447
3261,389.93543447
3262,389.93543447
3263,386.09386057
3264,386.09386057
3265,386.09386057
3266,386.09386057
3267,386.09386057
3268,389.93543403
3269,389.93543403
3270,389.93543403
3271,389.93543403
3272,389.93543403
3273,389.93543403
3274,386.09388671
3275,386.09388671
3276,386.09388671
3277,386.09388671
3278,389.93543396
3279,389.99999999
3280,389.93543396
3281,389.93543396
3282,389.93543396
3283,389.93543396
3284,389.93543396
3285,389.93543396
3286,389.93543396
3287,389.93543396
3288,389.93543396
3289,389.93543396
3290,389.93543396
3291,389.93543396
3292,389.93543396
3293,389.93543396
3294,389.99999985
3295,389.99999985
3296,389.99999988
3297,389.99999997
3298,389.99999997
3299,389.99999997
3300,389.99999989
3301,389.99999989
3302,389.99999988
3303,389.99999988
3304,389.99999988
3305,389.99999988
3306,389.99999988
3307,389.99999988
3308,389.99999988
3309,389.99999988
3310,389.99999988
3311,389.99999988
3312,389.99999988
3313,389.99999988
3314,389.99999988
3315,389.99999988
3316,389.99999988
3317,389.99999988
3318,389.99999999
3319,389.99999999
3320,391.36571947
3321,392.47558392
3322,388.13350008
3323,388.00000028
3324,388.00000032
3325,389.93543396
3326,389.93543396
3327,389.93543396
3328,389.93543396
3329,388.00049957
3330,388.00049957
3331,388.00049957
3332,388.00049957
3333,388.00049957
3334,388.00049957
3335,388.00049957
3336,388.00049957
3337,388.00049957
3338,388.00049957
3339,388.00049957
3340,389.99999999
3341,389.99999999
3342,388.00000003
3343,388.00000003
3344,388.00000003
3345,388.00000003
3346,388.00000003
3347,389.99999999
3348,389.99999999
3349,389.99999999
3350,389.99999999
3351,389.99999999
3352,389.99999999
3353,389.99999999
3354,389.99999999
3355,389.99999999
3356,389.99999999
3357,388.5
3358,388.5
3359,388.5
3360,388.5
3361,388.5
3362,388.5
3363,388.5
3364,388.5
3365,388.5
3366,389.99999997
3367,389.99999997
3368,388.5
3369,388.5
3370,388.5
3371,389.99999995
3372,388.5
3373,388.5
3374,388.5
3375,388.5
3376,388.5
3377,388.5
3378,388.5
3379,388.5
3380,388.0
3381,388.0
3382,388.0
3383,388.0
3384,388.0
3385,388.0
3386,388.0
3387,388.0
3388,388.0
3389,388.0
3390,388.0
3391,388.0
3392,388.0
3393,388.0
3394,388.0
3395,390.83420993
3396,390.83420993
3397,390.83420993
3398,390.83420993
3399,390.83420993
3400,390.83420993
3401,390.83420993
3402,388.0
3403,389.8571244
3404,389.8571244
3405,389.8571244
3406,389.8571244
3407,389.8571244
3408,389.8571244
3409,392.01483508
3410,392.39999999
3411,392.39999999
3412,392.39999999
3413,392.39999999
3414,392.39999999
3415,392.39999999
3416,392.39999999
3417,392.39999999
3418,392.39999999
3419,392.39999999
3420,392.39999999
3421,392.39999999
3422,392.39999999
3423,392.39999999
3424,392.39999999
3425,392.39999999
3426,392.39999999
3427,392.39999999
3428,392.39999999
3429,388.13483091
3430,388.13483091
3431,388.13483091
3432,388.13483091
3433,388.13483091
3434,388.13483091
3435,392.37999862
3436,388.13483091
3437,388.13483091
3438,388.13483091
3439,388.13483091
3440,388.13483091
3441,388.13483091
3442,388.13483091
3443,388.30612759
3444,388.30612759
3445,388.30612759
3446,388.30612759
3447,388.30612759
3448,388.30612759
3449,388.30612759
3450,388.30612759
3451,388.30612759
3452,388.30612759
3453,388.30612759
3454,388.30612759
3455,392.37999622
3456,392.37999622
3457,392.37999622
3458,392.37999622
3459,392.37999622
3460,392.37999622
3461,392.37999622
3462,392.37999622
3463,392.37999622
3464,392.37999622
3465,392.37999622
3466,392.37999622
3467,392.37999622
3468,392.37999622
3469,392.37999622
3470,392.37999622
3471,392.37999622
3472,392.37999622
3473,392.37999622
3474,392.37999622
3475,392.37999622
3476,392.37999622
3477,392.37999622
3478,392.37999622
3479,392.37999622
3480,392.37999622
3481,392.37999622
3482,392.37999622
3483,390.0
3484,390.0
3485,390.0
3486,390.54784769
3487,390.54784769
3488,390.54784769
3489,390.54784769
3490,390.54784769
3491,388.71570033
3492,388.71570033
3493,388.71570033
3494,388.71570033
3495,388.71570033
3496,388.71570033
3497,388.71570033
3498,388.71570033
3499,388.71570033
3500,388.71570033
3501,388.71570033
3502,388.71570033
3503,388.71570033
3504,388.71570033
3505,388.71570033
3506,388.71570033
3507,388.71570033
3508,388.71570033
3509,388.71570033
3510,388.71570033
3511,388.71570033
3512,389.00003812
3513,389.00003812
3514,389.00003812
3515,389.00003812
3516,389.00003812
3517,389.00003812
3518,389.00003812
3519,389.00003812
3520,389.00003812
3521,389.00003812
3522,389.00003812
3523,389.00003812
3524,389.00003812
3525,389.00003812
3526,389.00003812
3527,389.00003812
3528,389.00003812
3529,389.00003812
3530,389.00003812
3531,389.00003812
3532,389.00003812
3533,389.00003812
3534,389.00003812
3535,389.00003812
3536,390.63477321
3537,390.63477321
3538,392.37999958
3539,392.37999958
3540,392.37999958
3541,392.37999958
3542,392.37999958
3543,392.37999958
3544,392.37999958
3545,392.4
3546,390.54784775
3547,390.54784775
3548,390.54784775
3549,390.54784775
3550,390.54784775
3551,390.54784775
3552,390.54784775
3553,390.54784775
3554,390.54784775
3555,390.54784775
3556,390.54784775
3557,390.54784775
3558,390.54784775
3559,390.54784775
3560,390.54784775
3561,390.54784775
3562,390.89975668
3563,390.89975668
3564,390.89975668
3565,390.89975668
3566,390.89975668
3567,390.89975668
3568,390.89975668
3569,390.89975668
3570,390.89975668
3571,390.89975668
3572,390.89975668
3573,390.89975668
3574,390.89975668
3575,390.89975668
3576,390.89975668
3577,392.67589253
3578,390.70000001
3579,390.70000001
3580,390.70000001
3581,390.70000001
3582,390.70000001
3583,390.70000001
3584,390.70000001
3585,390.70000001
3586,390.70000001
3587,390.70000001
3588,390.70000001
3589,390.70000001
3590,390.70000001
3591,390.70000001
3592,390.70000001
3593,390.70000001
3594,390.70000001
3595,390.70000001
3596,390.70000001
3597,390.70000001
3598,390.70000001
3599,390.70000001
3600,390.7
3601,390.7
3602,390.7
3603,390.7
3604,390.7
3605,390.7
3606,390.7
3607,390.7
3608,390.7
3609,390.7
3610,390.7
3611,390.7
3612,390.7
3613,390.7
3614,390.7
3615,390.7
3616,390.7
3617,390.7
3618,390.7
3619,390.7
3620,390.7
3621,390.7
3622,390.7
3623,390.7
3624,390.7
3625,390.7
3626,390.7
3627,390.7
3628,390.7
3629,390.7
3630,390.54784775
3631,390.54784775
3632,390.54784775
3633,390.54784775
3634,390.54784775
3635,390.54784775
3636,391.53570724
3637,391.53570723
3638,391.53570723
3639,391.53570723
3640,391.53570723
3641,391.53570723
3642,391.53570723
3643,391.53570723
3644,391.53570723
3645,391.53570723
3646,391.53570723
3647,391.53570723
3648,391.53570723
3649,391.53570723
3650,391.53570723
3651,391.53570723
3652,391.53570723
3653,391.53570723
3654,390.54784775
3655,390.54784775
3656,390.54784775
3657,390.54784775
3658,390.54784775
3659,390.54784775
3660,390.54784775
3661,390.54784775
3662,390.0
3663,390.0
3664,389.00003811
3665,389.00003811
3666,389.0
3667,389.0
3668,388.71570033
3669,388.71570033
3670,388.1697052
3671,388.1697052
3672,389.99999998
3673,389.99999998
3674,389.99999998
3675,390.0
3676,390.0
3677,390.0
3678,390.0
3679,390.0
3680,391.5
3681,391.5
3682,391.5
3683,391.5
3684,391.5
3685,391.5
3686,391.5
3687,391.5
3688,391.5
3689,391.5
3690,391.5
3691,391.5
3692,391.5
3693,391.5
3694,391.5
3695,391.53570726
3696,391.53570726
3697,391.53570726
3698,391.53570726
3699,391.53570726
3700,391.53570726
3701,389.99999998
3702,390.83421
3703,391.69999998
3704,391.53570727
3705,391.53570727
3706,391.53570727
3707,391.53570727
3708,391.53570727
3709,391.53570727
3710,391.53570727
3711,391.69673054
3712,391.69673054
3713,391.69673054
3714,391.53570727
3715,391.53570727
3716,391.53570727
3717,391.53570727
3718,391.53570727
3719,391.53570727
3720,391.53570727
3721,391.53570727
3722,391.53570727
3723,391.53570727
3724,391.53570727
3725,391.53570727
3726,391.53570727
3727,391.53570727
3728,391.53570727
3729,391.53570727
3730,391.53570727
3731,391.53570727
3732,391.53570727
3733,391.53570727
3734,388.13350008
3735,388.13350008
3736,388.13350008
3737,388.13350008
3738,388.13350008
3739,388.13350008
3740,388.13350008
3741,388.13350008
3742,391.5
3743,391.5
3744,391.5
3745,391.5
3746,391.60888955
3747,391.60888955
3748,391.60888955
3749,391.5
3750,391.5
3751,391.5
3752,391.5
3753,391.52815985
3754,391.5
3755,391.5
3756,391.5
3757,391.5
3758,391.5
3759,391.5
3760,388.71570064
3761,388.71570064
3762,389.0
3763,389.0
3764,389.0
3765,389.0
3766,389.0
3767,389.0
3768,389.0
3769,389.0
3770,389.0
3771,389.0
3772,389.0
3773,389.0
3774,389.0
3775,389.0
3776,391.4
3777,391.4
3778,391.4
3779,389.5021
3780,389.5021
3781,389.5021
3782,389.5021
3783,389.5021
3784,389.5021
3785,389.0
3786,389.00000001
3787,389.00000001
3788,389.00000001
3789,389.0
3790,389.0
3791,389.0
3792,389.0
3793,389.0
3794,389.0
3795,389.0
3796,389.0
3797,389.0
3798,389.0
3799,389.0
3800,389.0
3801,389.0
3802,389.0
3803,389.0
3804,389.0
3805,389.0
3806,389.0
3807,389.0
3808,389.0
3809,389.0
3810,389.0
3811,389.0
3812,389.0
3813,388.71570041
3814,388.13397348
3815,388.13397348
3816,388.13397348
3817,388.13397348
3818,388.13451804
3819,388.13451804
3820,389.50209991
3821,389.50209991
3822,389.50209991
3823,389.50209991
3824,389.50209991
3825,389.50209992
3826,389.50209992
3827,389.50209992
3828,389.50209992
3829,389.50209992
3830,389.50209992
3831,389.50209992
3832,389.50209992
3833,389.50209992
3834,389.50209992
3835,389.50209992
3836,389.50209992
3837,389.50209992
3838,389.50209992
3839,389.50209992
3840,389.50209992
3841,389.50209992
3842,389.50209992
3843,389.50209992
3844,389.50209992
3845,389.5021
3846,389.5021
3847,389.5021
3848,389.50209991
3849,389.50209991
3850,389.50209991
3851,389.50209991
3852,389.50209991
3853,389.50209991
3854,389.50209991
3855,389.83207097
3856,389.83207097
3857,389.83207097
3858,389.83207097
3859,389.83207097
3860,389.83207097
3861,389.83207097
3862,389.83207097
3863,389.83207097
3864,389.83207097
3865,389.83207097
3866,389.83207097
3867,389.83207097
3868,389.83207097
3869,389.83207097
3870,388.13653294
3871,388.13653294
3872,388.13667058
3873,388.13667058
3874,388.13667058
3875,388.13667058
3876,388.13687153
3877,388.13687153
3878,388.13687153
3879,388.1368718
3880,388.1368718
3881,388.1368718
3882,388.1368718
3883,388.1368718
3884,388.1368718
3885,388.1368718
3886,388.1368718
3887,389.832071
3888,389.832071
3889,389.832071
3890,389.832071
3891,389.832071
3892,389.832071
3893,389.832071
3894,389.832071
3895,389.832071
3896,389.832071
3897,389.832071
3898,389.832071
3899,389.832071
3900,389.832071
3901,389.832071
3902,389.832071
3903,389.832071
3904,389.832071
3905,389.832071
3906,389.832071
3907,389.832071
3908,389.832071
3909,389.832071
3910,389.832071
3911,389.832071
3912,389.832071
3913,389.832071
3914,389.832071
3915,389.832071
3916,389.832071
3917,389.832071
3918,389.832071
3919,389.832071
3920,389.832071
3921,389.83207095
3922,389.83207095
3923,389.83207095
3924,389.83207095
3925,389.83207095
3926,388.13350008
3927,388.13350008
3928,388.13350008
3929,388.13350008
3930,388.13350008
3931,388.13350008
3932,388.13350008
3933,388.13350008
3934,388.13350008
3935,388.13350008
3936,388.13350008
3937,388.13350008
3938,388.13547075
3939,388.13350008
3940,388.13350008
3941,388.13350008
3942,388.13350008
3943,388.13350008
3944,388.13350008
3945,388.13350008
3946,388.13350008
3947,388.13350008
3948,388.13350008
3949,388.13350008
3950,388.13350008
3951,388.13350008
3952,388.13350008
3953,388.13350008
3954,388.13350008
3955,388.13350008
3956,388.13350008
3957,388.13350008
3958,388.13350008
3959,388.13350008
3960,388.13350008
3961,388.13350008
3962,388.38803357
3963,388.96371756
3964,388.96371756
3965,388.96371756
3966,388.96371756
3967,387.886012
3968,387.886012
3969,387.886012
3970,387.886012
3971,387.886012
3972,387.886012
3973,387.886012
3974,387.886012
3975,387.886012
3976,387.886012
3977,387.886012
3978,387.886012
3979,387.886012
3980,388.0
3981,388.0
3982,388.0
3983,388.0
3984,388.0
3985,388.49999999
3986,385.958825
3987,385.958825
3988,385.958825
3989,385.958825
3990,385.958825
3991,386.6528238
3992,386.6528238
3993,385.80819242
3994,385.8081924
3995,385.8081924
3996,385.8081924
3997,385.8081924
3998,387.3050547
3999,388.5
4000,388.49999996
4001,388.49999996
4002,390.6659509
4003,391.69999999
4004,391.69999999
4005,391.69999999
4006,391.69999999
4007,391.69999999
4008,391.69999999
4009,391.69
4010,391.0
4011,391.6
4012,391.6
4013,387.1608254
4014,387.1608254
4015,387.1608254
4016,387.1608254
4017,387.1608254
4018,387.1608254
4019,387.1608254
4020,387.1608254
4021,387.1608254
4022,387.1608254
4023,387.1608254
4024,387.1608254
4025,387.1608254
4026,387.1608254
4027,387.1608254
4028,387.1608254
4029,387.1608254
4030,388.9494238
4031,388.9494238
4032,388.9494238
4033,388.9494238
4034,388.9494238
4035,388.9494238
4036,388.9494238
4037,388.9494238
4038,389.74914851
4039,389.74914851
4040,388.94942381
4041,388.94942381
4042,388.94942381
4043,388.94942381
4044,388.94942381
4045,388.94942381
4046,388.94942381
4047,388.94942381
4048,388.94942381
4049,388.94942381
4050,388.94942381
4051,388.94942381
4052,390.99999999
4053,390.99999999
4054,390.99999999
4055,391.0
4056,391.0
4057,391.0
4058,391.0
4059,391.0
4060,390.99999999
4061,390.99999999
4062,390.99999999
4063,390.99999999
4064,394.09728989
4065,394.35520001
4066,394.35520001
4067,394.35520001
4068,394.35520001
4069,394.35520001
4070,394.35520001
4071,394.35520001
4072,394.3552
4073,394.3552
4074,394.3552
4075,394.3552
4076,394.3552
4077,394.3552
4078,394.3552
4079,394.3552
4080,394.3552
4081,394.3552
4082,394.3552
4083,394.3552
4084,394.3552
4085,394.3552
4086,394.3552
4087,394.3552
4088,394.3552
4089,390.94451157
4090,390.94451157
4091,390.94451157
4092,390.94451157
4093,390.94451157
4094,390.94451157
4095,390.11906195
4096,390.11906195
4097,390.11906195
4098,390.1194518
4099,390.1194518
4100,390.1194518
4101,390.1194518
4102,390.1194518
4103,390.1194518
4104,390.1194518
4105,393.99961034
4106,393.99961034
4107,393.99961034
4108,393.99961034
4109,393.99961034
4110,393.99961034
4111,393.99961034
4112,393.99961034
4113,392.225264
4114,392.225264
4115,390.70541612
4116,390.70541612
4117,390.70546179
4118,390.70546179
4119,390.70546179
4120,390.70546179
4121,390.70546179
4122,390.110055
4123,393.99941501
4124,393.99941501
4125,390.11005508
4126,390.1100548
4127,389.8715649
4128,389.8715649
4129,389.8715649
4130,389.8715649
4131,389.8715649
4132,389.8715649
4133,389.8715649
4134,389.8715649
4135,389.8715649
4136,389.30140429
4137,389.30140429
4138,389.30140429
4139,393.97745572
4140,389.30140429
4141,389.30140429
4142,389.30140429
4143,389.30140429
4144,389.30140429
4145,389.30140429
4146,389.30140429
4147,389.42805969
4148,389.30140429
4149,389.30140429
4150,389.30140429
4151,389.30140429
4152,389.2864165
4153,389.2864165
4154,389.2864165
4155,389.2864165
4156,389.2864165
4157,389.2864165
4158,389.2864165
4159,389.2864165
4160,389.2864165
4161,390.13319628
4162,390.13319628
4163,390.13319628
4164,390.13319628
4165,390.13319628
4166,390.13319628
4167,390.13319628
4168,390.13319628
4169,390.13319628
4170,388.13350008
4171,388.13350008
4172,388.13350008
4173,388.13350008
4174,388.13350008
4175,388.13350008
4176,388.13350008
4177,388.13350008
4178,388.13350008
4179,388.13350008
4180,388.13350008
4181,388.13350008
4182,388.13350008
4183,388.13350008
4184,388.13350008
4185,388.13350008
4186,390.03284191
4187,390.03284191
4188,390.03284191
4189,390.03284191
4190,390.03284191
4191,390.03284191
4192,390.03284191
4193,390.03284191
4194,390.03284191
4195,386.96909958
4196,386.33470268
4197,386.3344308
4198,386.3344308
4199,386.3344308
4200,386.3344308
4201,387.5
4202,387.5
4203,387.5
4204,387.5
4205,387.5
4206,387.5
4207,387.5
4208,387.5
4209,387.5
4210,387.5
4211,387.5
4212,386.00135118
4213,386.00135118
4214,386.00135118
4215,386.0
4216,386.0
4217,388.32886249
4218,388.32886249
4219,388.32886249
4220,388.32886249
4221,388.32886249
4222,388.32886249
4223,388.32886249
4224,388.32886249
4225,388.32886249
4226,388.32886249
4227,388.32886249
4228,388.32886249
4229,388.32886249
4230,388.32886249
4231,388.32886249
4232,388.32886249
4233,388.32886249
4234,388.32886249
4235,388.32886249
4236,388.32886249
4237,388.32886249
4238,388.32886249
4239,388.32886249
4240,388.32886249
4241,388.32886249
4242,388.32886249
4243,388.32886249
4244,388.32886249
4245,388.32886249
4246,388.32886249
4247,388.32886249
4248,388.32886249
4249,388.32886249
4250,388.32886249
4251,388.32886249
4252,388.32886249
4253,388.32886249
4254,388.3288625
4255,388.3288625
4256,388.3288625
4257,388.3288625
4258,388.3288625
4259,388.3288625
4260,388.3288625
4261,388.3288625
4262,388.3288625
4263,388.3288625
4264,388.3288625
4265,388.3288625
4266,388.3288625
4267,388.3288625
4268,388.32918852
4269,388.32918852
4270,388.32918852
4271,388.32918852
4272,388.32918852
4273,388.32918852
4274,388.32918852
4275,388.32918852
4276,388.32918852
4277,388.32918852
4278,388.32886249
4279,388.32886249
4280,388.32886249
4281,388.32886249
4282,388.32886249
4283,388.32886249
