0,2.2841766
1,2.2841766
2,2.27667627
3,2.27667627
4,2.27667627
5,2.27439262
6,2.27439262
7,2.26845344
8,2.26845344
9,2.26845344
10,2.26845344
11,2.26845344
12,2.26845344
13,2.26845344
14,2.26845344
15,2.26845344
16,2.26845344
17,2.26845344
18,2.26845344
19,2.26845344
20,2.26845344
21,2.26845344
22,2.26845344
23,2.26845344
24,2.26522905
25,2.26187597
26,2.26044496
27,2.26044495
28,2.2571676
29,2.25476924
30,2.25346732
31,2.25346732
32,2.25346732
33,2.25336841
34,2.25001213
35,2.25
36,2.25
37,2.25
38,2.25
39,2.24433696
40,2.24433696
41,2.24433696
42,2.24433696
43,2.24433696
44,2.24
45,2.24
46,2.23925722
47,2.23925722
48,2.23489006
49,2.23489006
50,2.23489006
51,2.23617112
52,2.2399998
53,2.2399998
54,2.2399998
55,2.2399998
56,2.24002713
57,2.24002713
58,2.23640087
59,2.23640087
60,2.23640087
61,2.24999975
62,2.24999975
63,2.24999975
64,2.24999975
65,2.23617113
66,2.23617113
67,2.23700085
68,2.23700085
69,2.23803432
70,2.23803432
71,2.23803432
72,2.23803432
73,2.23803432
74,2.23803432
75,2.23803432
76,2.23803432
77,2.23803432
78,2.23803432
79,2.23803432
80,2.23461134
81,2.23461134
82,2.23461134
83,2.23461134
84,2.2346113
85,2.23407716
86,2.23404512
87,2.23404512
88,2.23404512
89,2.23404512
90,2.23404512
91,2.23404512
92,2.23404512
93,2.23404512
94,2.23404512
95,2.23803421
96,2.23803421
97,2.23803421
98,2.2380369
99,2.23807739
100,2.24999981
101,2.2527354
102,2.2527354
103,2.2527354
104,2.2527354
105,2.2527354
106,2.2527354
107,2.2527354
108,2.25668888
109,2.26044494
110,2.26044494
111,2.26044494
112,2.25065617
113,2.25065617
114,2.25065618
115,2.25065617
116,2.25065617
117,2.25065617
118,2.25065617
119,2.25065617
120,2.25065617
121,2.25065617
122,2.25065617
123,2.25065617
124,2.25065617
125,2.25065617
126,2.25065617
127,2.25065617
128,2.25065617
129,2.25065617
130,2.25065617
131,2.25065617
132,2.25065617
133,2.25065617
134,2.25065617
135,2.25065617
136,2.25065617
137,2.25065617
138,2.25065617
139,2.25065617
140,2.25065617
141,2.25065617
142,2.25065617
143,2.25065617
144,2.25065617
145,2.25065617
146,2.25065617
147,2.25065617
148,2.25065617
149,2.25065617
150,2.25065617
151,2.25065617
152,2.2527354
153,2.2527354
154,2.2527354
155,2.27335649
156,2.27335649
157,2.27335649
158,2.27335649
159,2.27335649
160,2.27335649
161,2.27335649
162,2.27335649
163,2.27335649
164,2.27335649
165,2.27335649
166,2.27335649
167,2.27335649
168,2.27335649
169,2.27335649
170,2.27335649
171,2.27335649
172,2.27335649
173,2.27335649
174,2.27335649
175,2.27335649
176,2.27335649
177,2.27335649
178,2.27335649
179,2.27335649
180,2.27335649
181,2.27335649
182,2.27335649
183,2.27335649
184,2.27335649
185,2.27335649
186,2.27335649
187,2.27335649
188,2.27335649
189,2.27335649
190,2.27335649
191,2.27335649
192,2.27335649
193,2.27335649
194,2.27335649
195,2.27335649
196,2.27335649
197,2.27335649
198,2.27335649
199,2.27335649
200,2.27335649
201,2.27335649
202,2.27335649
203,2.27335649
204,2.27335649
205,2.27335649
206,2.27335649
207,2.27335649
208,2.27335649
209,2.27335649
210,2.27335649
211,2.27335649
212,2.27335649
213,2.27335649
214,2.27335744
215,2.27335743
216,2.27335743
217,2.27335743
218,2.27335743
219,2.27335743
220,2.27335743
221,2.27335743
222,2.27335743
223,2.27335743
224,2.27335743
225,2.27335743
226,2.27335743
227,2.27335743
228,2.27335743
229,2.27335641
230,2.27335641
231,2.27335641
232,2.27335641
233,2.27335641
234,2.27335641
235,2.27335641
236,2.27335641
237,2.27335641
238,2.27335641
239,2.27335641
240,2.2733574
241,2.2733574
242,2.2733574
243,2.31070634
244,2.31070634
245,2.31070634
246,2.31070634
247,2.31070634
248,2.31070634
249,2.31070634
250,2.31070634
251,2.31070634
252,2.31070634
253,2.31070634
254,2.31070634
255,2.31070634
256,2.31070634
257,2.31070634
258,2.31070634
259,2.31070634
260,2.31070634
261,2.31070634
262,2.31070634
263,2.31070634
264,2.31070634
265,2.31070634
266,2.31070634
267,2.31070634
268,2.31070634
269,2.31070634
270,2.31070634
271,2.31070634
272,2.31070634
273,2.31070634
274,2.31070634
275,2.31070634
276,2.31070634
277,2.31070634
278,2.31070634
279,2.31070634
280,2.31070634
281,2.31070634
282,2.31070634
283,2.31070634
284,2.31070634
285,2.31070634
286,2.31070634
287,2.31070634
288,2.31070634
289,2.31070634
290,2.31070634
291,2.31070634
292,2.31070634
293,2.31070634
294,2.31070634
295,2.31070634
296,2.31070634
297,2.31070634
298,2.31070634
299,2.31070634
300,2.31070634
301,2.31070634
302,2.31070634
303,2.31070634
304,2.31070634
305,2.31070634
306,2.31070634
307,2.31070634
308,2.31070634
309,2.31070634
310,2.31070634
311,2.31070634
312,2.31070634
313,2.31070634
314,2.31070634
315,2.31070634
316,2.31070634
317,2.31070634
318,2.31070634
319,2.31070634
320,2.31070634
321,2.31070634
322,2.31070634
323,2.31070634
324,2.31070634
325,2.31070634
326,2.31070634
327,2.31070634
328,2.31070634
329,2.31070634
330,2.31070634
331,2.31070634
332,2.31070634
333,2.31070634
334,2.31070634
335,2.31070634
336,2.31070634
337,2.31070634
338,2.31070634
339,2.31829126
340,2.31829126
341,2.31829126
342,2.31829126
343,2.31829126
344,2.31829126
345,2.31829126
346,2.31829126
347,2.31829126
348,2.31829126
349,2.31829126
350,2.31829126
351,2.31829126
352,2.31829126
353,2.31829126
354,2.31829126
355,2.31829126
356,2.31829126
357,2.31829126
358,2.31829126
359,2.31829126
360,2.31829126
361,2.31829126
362,2.31829126
363,2.31829126
364,2.31829126
365,2.30675748
366,2.30675748
367,2.30675748
368,2.30675748
369,2.30675748
370,2.31713786
371,2.30675748
372,2.30675748
373,2.30675747
374,2.30675747
375,2.30675747
376,2.31713776
377,2.30675747
378,2.30675747
379,2.30675747
380,2.2894568
381,2.2894568
382,2.2894568
383,2.2894568
384,2.2894568
385,2.2894568
386,2.31108625
387,2.3085073
388,2.3085073
389,2.3085073
390,2.3085073
391,2.3085073
392,2.3085073
393,2.3085073
394,2.3085073
395,2.2894568
396,2.2894568
397,2.2894568
398,2.2894568
399,2.2894568
400,2.2894568
401,2.30850724
402,2.30850724
403,2.30850724
404,2.30850724
405,2.30850724
406,2.30850724
407,2.30850724
408,2.30850724
409,2.30850724
410,2.30850724
411,2.30850724
412,2.30850724
413,2.30850724
414,2.30850724
415,2.30850724
416,2.30850724
417,2.30850724
418,2.30850724
419,2.30850724
420,2.30850724
421,2.30850724
422,2.30850724
423,2.30850724
424,2.30850724
425,2.30850724
426,2.2894568
427,2.2894568
428,2.2894568
429,2.2894568
430,2.2894568
431,2.31062304
432,2.31062304
433,2.2733574
434,2.2733574
435,2.2733574
436,2.2733574
437,2.2733574
438,2.2733574
439,2.2733574
440,2.2733574
441,2.27215612
442,2.27136515
443,2.27136515
444,2.27136515
445,2.26525639
446,2.26525639
447,2.26111308
448,2.25485544
449,2.25485544
450,2.25485544
451,2.25485544
452,2.25485544
453,2.25485544
454,2.25485544
455,2.25485544
456,2.25485544
457,2.25485544
458,2.25485544
459,2.2696535
460,2.2696535
461,2.2696535
462,2.2696535
463,2.2696535
464,2.2696535
465,2.2696535
466,2.2696535
467,2.2696535
468,2.2696535
469,2.2696535
470,2.2696535
471,2.2696535
472,2.2696535
473,2.2696535
474,2.2696535
475,2.2696535
476,2.2696535
477,2.2696535
478,2.2696535
479,2.2696535
480,2.2696535
481,2.2696535
482,2.2696535
483,2.2696535
484,2.2696535
485,2.2696535
486,2.2696535
487,2.2696535
488,2.2696535
489,2.2696535
490,2.2696535
491,2.2696535
492,2.2696535
493,2.2696535
494,2.2696535
495,2.2696535
496,2.2696535
497,2.2696535
498,2.2696535
499,2.2696535
500,2.2696535
501,2.2696535
502,2.2696535
503,2.2696535
504,2.2693302
505,2.44115691
506,2.44115691
507,2.44115691
508,2.29139006
509,2.29139006
510,2.29139006
511,2.29139006
512,2.29139006
513,2.29139006
514,2.29139006
515,2.29139006
516,2.29139006
517,2.28025185
518,2.28025185
519,2.28025185
520,2.28025185
521,2.28025185
522,2.28025185
523,2.28025185
524,2.28025185
525,2.28025185
526,2.28025185
527,2.28025185
528,2.28025185
529,2.28025185
530,2.28025185
531,2.28025185
532,2.28025185
533,2.28025185
534,2.28025185
535,2.28025185
536,2.28025185
537,2.28025185
538,2.28025185
539,2.28025185
540,2.28025185
541,2.28025185
542,2.28025185
543,2.28025185
544,2.28025185
545,2.28025185
546,2.28025185
547,2.28025185
548,2.28025185
549,2.28025185
550,2.28025185
551,2.28025185
552,2.28025185
553,2.28025185
554,2.28025185
555,2.28025185
556,2.28025185
557,2.28025185
558,2.28025185
559,2.28025185
560,2.23803666
561,2.23803666
562,2.23803666
563,2.23803666
564,2.23803666
565,2.23803666
566,2.23803666
567,2.23803666
568,2.23803666
569,2.23803666
570,2.23803666
571,2.23803666
572,2.23803666
573,2.23803666
574,2.23803666
575,2.23803666
576,2.23803666
577,2.23803666
578,2.23803666
579,2.23803666
580,2.23803666
581,2.23803666
582,2.23803666
583,2.23803666
584,2.23803666
585,2.23803666
586,2.23803666
587,2.23803666
588,2.23803666
589,2.23803666
590,2.23803666
591,2.23803666
592,2.23803666
593,2.23803666
594,2.23803666
595,2.23803666
596,2.23803666
597,2.23803666
598,2.23803666
599,2.23803666
600,2.23803666
601,2.23803666
602,2.23803666
603,2.23803666
604,2.23803666
605,2.23803666
606,2.23803666
607,2.23803666
608,2.23803666
609,2.23803666
610,2.23803666
611,2.23803666
612,2.23803666
613,2.23803666
614,2.23803666
615,2.23803666
616,2.23803666
617,2.23803666
618,2.23803666
619,2.23803666
620,2.23803666
621,2.23803666
622,2.23803666
623,2.23803666
624,2.23803666
625,2.23803666
626,2.23803666
627,2.23803666
628,2.23803666
629,2.23803666
630,2.23803666
631,2.23803666
632,2.23803666
633,2.23803666
634,2.23803666
635,2.23803666
636,2.23803666
637,2.23803666
638,2.23803666
639,2.23803666
640,2.23803666
641,2.23803666
642,2.23803666
643,2.23803666
644,2.23803666
645,2.23803666
646,2.23803666
647,2.23803666
648,2.23803666
649,2.23803666
650,2.23803666
651,2.23803666
652,2.23803666
653,2.23803666
654,2.23803666
655,2.23803666
656,2.23803666
657,2.23803666
658,2.23803666
659,2.23803666
660,2.23803666
661,2.23803666
662,2.23803666
663,2.23803666
664,2.23803666
665,2.23803666
666,2.23803666
667,2.23803666
668,2.23803666
669,2.23803666
670,2.23803666
671,2.23803666
672,2.23803666
673,2.23803666
674,2.23803666
675,2.23803666
676,2.23803666
677,2.23803666
678,2.23803666
679,2.23803666
680,2.23803666
681,2.23803666
682,2.23803666
683,2.23803666
684,2.23803666
685,2.23803666
686,2.23803666
687,2.23803666
688,2.23803666
689,2.23803666
690,2.23803666
691,2.23803666
692,2.23803666
693,2.23803666
694,2.23803666
695,2.23803666
696,2.23803666
697,2.23803666
698,2.23803666
699,2.23803666
700,2.23803666
701,2.23803666
702,2.23803666
703,2.23803666
704,2.23803666
705,2.23803666
706,2.23803666
707,2.23803666
708,2.23803666
709,2.23803666
710,2.23803666
711,2.23803666
712,2.23803666
713,2.23803666
714,2.23803666
715,2.23803666
716,2.23803666
717,2.23803666
718,2.23803666
719,2.23803666
720,2.23803666
721,2.23803666
722,2.23803666
723,2.23803666
724,2.23803666
725,2.23803666
726,2.23803666
727,2.23803666
728,2.23803666
729,2.23803666
730,2.23803666
731,2.23803666
732,2.23803666
733,2.23803666
734,2.23803666
735,2.23803666
736,2.23803666
737,2.23803666
738,2.23803666
739,2.23803666
740,2.23803666
741,2.23803666
742,2.23803666
743,2.23803666
744,2.23803666
745,2.23803666
746,2.23803666
747,2.23803666
748,2.23803666
749,2.23803666
750,2.23803666
751,2.23803666
752,2.23803666
753,2.23803666
754,2.23803666
755,2.23803666
756,2.23803666
757,2.23803666
758,2.23803666
759,2.23803666
760,2.23803666
761,2.23803666
762,2.23803666
763,2.23803666
764,2.23803666
765,2.23803666
766,2.23803666
767,2.23803666
768,2.23803666
769,2.23803666
770,2.23803666
771,2.23803666
772,2.23803666
773,2.29093675
774,2.29093675
775,2.29093675
776,2.29093675
777,2.29093675
778,2.29093675
779,2.29093675
780,2.29093675
781,2.29093675
782,2.29093675
783,2.29093675
784,2.29093675
785,2.29093675
786,2.29093675
787,2.29093675
788,2.29093675
789,2.29093675
790,2.29093675
791,2.29093675
792,2.29093675
793,2.29093675
794,2.29093675
795,2.29093675
796,2.29093675
797,2.29093675
798,2.29093675
799,2.29093675
800,2.29093675
801,2.29093675
802,2.29093675
803,2.29093675
804,2.29093675
805,2.29093675
806,2.29093675
807,2.29093675
808,2.29093675
809,2.29093675
810,2.29093675
811,2.29093675
812,2.29093675
813,2.29093675
814,2.29093675
815,2.29093675
816,2.29093675
817,2.29093675
818,2.29093675
819,2.29093675
820,2.29093675
821,2.29093675
822,2.29093675
823,2.29093675
824,2.29093675
825,2.29093675
826,2.29093675
827,2.29093675
828,2.29093675
829,2.29093675
830,2.29093675
831,2.29093675
832,2.29093675
833,2.29093675
834,2.29093675
835,2.29093675
836,2.29093675
837,2.29093675
838,2.29093675
839,2.29093675
840,2.29093675
841,2.29093675
842,2.29093675
843,2.29093675
844,2.29093675
845,2.29093675
846,2.29093675
847,2.29093675
848,2.29093675
849,2.29093675
850,2.29093675
851,2.29093675
852,2.29093675
853,2.29093675
854,2.29093675
855,2.29093675
856,2.29093675
857,2.29093675
858,2.29093675
859,2.29093675
860,2.29093675
861,2.28505001
862,2.28505001
863,2.28505001
864,2.28505001
865,2.28505001
866,2.28505001
867,2.28505001
868,2.28505001
869,2.28505001
870,2.28505001
871,2.28505001
872,2.28505001
873,2.28505
874,2.28505
875,2.28505
876,2.28505
877,2.28505
878,2.28505
879,2.28505
880,2.28505
881,2.28505
882,2.28505
883,2.28505
884,2.28505
885,2.28505
886,2.28505
887,2.28505
888,2.28505
889,2.28505
890,2.28505
891,2.28505
892,2.28505
893,2.28505
894,2.28505
895,2.28505
896,2.28505
897,2.28505
898,2.28505
899,2.28505
900,2.28505
901,2.28505
902,2.28505
903,2.28505
904,2.28505
905,2.28505
906,2.28505
907,2.28505
908,2.28505
909,2.28505
910,2.28505
911,2.28505
912,2.28505
913,2.28505
914,2.28505
915,2.28505
916,2.28505
917,2.28505
918,2.28505
919,2.28505
920,2.28505
921,2.28505
922,2.28505
923,2.28505
924,2.28505
925,2.28505
926,2.28505
927,2.28505
928,2.28505
929,2.28505
930,2.28505
931,2.28505
932,2.28505
933,2.28505
934,2.28505
935,2.28505
936,2.28505
937,2.28505
938,2.28505
939,2.28505
940,2.28505
941,2.28505
942,2.28505
943,2.28505
944,2.28505
945,2.28505
946,2.28505
947,2.28505
948,2.28505
949,2.28505
950,2.28505
951,2.28505
952,2.28505
953,2.28505
954,2.28505
955,2.28505
956,2.28505
957,2.28505
958,2.28505
959,2.28505
960,2.28505
961,2.28505
962,2.28505
963,2.28505
964,2.28505
965,2.28505
966,2.28505
967,2.28505
968,2.28505
969,2.28505
970,2.28505
971,2.28505
972,2.28505
973,2.28505
974,2.28505
975,2.28505
976,2.28505
977,2.28505
978,2.28505
979,2.28505
980,2.28505
981,2.28505
982,2.28505
983,2.28505
984,2.28505
985,2.28505
986,2.28505
987,2.28505
988,2.28505
989,2.28505
990,2.28505
991,2.28505
992,2.28505
993,2.28505
994,2.28505
995,2.28505
996,2.28505
997,2.28505
998,2.28505
999,2.28505
1000,2.28505
1001,2.28505
1002,2.28505
1003,2.28505
1004,2.28505
1005,2.28505
1006,2.28505
1007,2.28505
1008,2.28505
1009,2.28505
1010,2.28505
1011,2.28505
1012,2.28505
1013,2.28505
1014,2.28505
1015,2.28505
1016,2.28505
1017,2.28505
1018,2.28505
1019,2.28505
1020,2.28505
1021,2.28505
1022,2.28505
1023,2.28505
1024,2.28505
1025,2.28505
1026,2.28505
1027,2.28505
1028,2.28505
1029,2.28505
1030,2.28505
1031,2.28505
1032,2.28505
1033,2.28505
1034,2.28505
1035,2.28505
1036,2.28505
1037,2.28505
1038,2.28505
1039,2.28505
1040,2.28505
1041,2.28505
1042,2.28505
1043,2.28505
1044,2.28505
1045,2.28505
1046,2.28505
1047,2.28505
1048,2.28505
1049,2.28505
1050,2.28505
1051,2.28505
1052,2.28505
1053,2.28505
1054,2.28505
1055,2.28505
1056,2.28505
1057,2.28505
1058,2.28505
1059,2.28505
1060,2.28505
1061,2.28505
1062,2.28505
1063,2.28505
1064,2.28505
1065,2.28505
1066,2.28505
1067,2.28505
1068,2.28505
1069,2.28505
1070,2.28505
1071,2.28505
1072,2.28505
1073,2.28505
1074,2.28505
1075,2.28505
1076,2.28505
1077,2.28505
1078,2.28505
1079,2.28505
1080,2.28505
1081,2.28505
1082,2.28505
1083,2.28505
1084,2.28505
1085,2.28505
1086,2.28505
1087,2.28505
1088,2.28505
1089,2.28505
1090,2.28505
1091,2.28505
1092,2.28505
1093,2.28505
1094,2.28505
1095,2.28505
1096,2.28505
1097,2.28505
1098,2.28505
1099,2.28505
1100,2.28505
1101,2.28505
1102,2.28505
1103,2.28505
1104,2.28505
1105,2.28505
1106,2.28505
1107,2.28505
1108,2.28505
1109,2.28505
1110,2.28505
1111,2.28505
1112,2.28505
1113,2.28505
1114,2.28505
1115,2.28505
1116,2.28505
1117,2.28505
1118,2.28505
1119,2.28505
1120,2.28505
1121,2.28505
1122,2.28505
1123,2.28505
1124,2.28505
1125,2.28505
1126,2.28505
1127,2.28505
1128,2.28505
1129,2.28505
1130,2.28505
1131,2.28505
1132,2.28505
1133,2.28505
1134,2.28505
1135,2.28505
1136,2.28505
1137,2.28505
1138,2.28505
1139,2.28505
1140,2.27266936
1141,2.27266936
1142,2.26791213
1143,2.26791213
1144,2.26791213
1145,2.26791213
1146,2.26791213
1147,2.26791213
1148,2.26791213
1149,2.26791213
1150,2.26791213
1151,2.26791213
1152,2.26791213
1153,2.26791213
1154,2.26791213
1155,2.26791213
1156,2.26791213
1157,2.26791213
1158,2.26791213
1159,2.26791213
1160,2.26791213
1161,2.26791213
1162,2.26791213
1163,2.26791213
1164,2.26791213
1165,2.26791213
1166,2.26791213
1167,2.26791213
1168,2.26791213
1169,2.26791213
1170,2.26791213
1171,2.26791213
1172,2.26791213
1173,2.26791213
1174,2.26791213
1175,2.26791213
1176,2.26791213
1177,2.26791213
1178,2.26791213
1179,2.26791213
1180,2.26791213
1181,2.26791213
1182,2.26791213
1183,2.26791213
1184,2.26791213
1185,2.26791213
1186,2.26791213
1187,2.26791213
1188,2.26791213
1189,2.26791213
1190,2.26791213
1191,2.26791213
1192,2.26791213
1193,2.26791213
1194,2.26791213
1195,2.26791213
1196,2.26791213
1197,2.26791213
1198,2.26791213
1199,2.26791213
1200,2.26791213
1201,2.26791213
1202,2.26791213
1203,2.26791213
1204,2.26791213
1205,2.26791213
1206,2.26791213
1207,2.26791213
1208,2.26791213
1209,2.26791213
1210,2.26791213
1211,2.26791213
1212,2.26791213
1213,2.26791213
1214,2.26791213
1215,2.26791213
1216,2.26791213
1217,2.26791213
1218,2.26791213
1219,2.26791213
1220,2.26791213
1221,2.26791213
1222,2.26791213
1223,2.26791213
1224,2.26791213
1225,2.26791213
1226,2.26791213
1227,2.28863429
1228,2.28863429
1229,2.28863429
1230,2.28863425
1231,2.28863425
1232,2.28863425
1233,2.28863425
1234,2.28863425
1235,2.28863425
1236,2.28863425
1237,2.28863425
1238,2.28863425
1239,2.28863425
1240,2.28863425
1241,2.28863425
1242,2.28863425
1243,2.28863425
1244,2.28863425
1245,2.28863425
1246,2.28863425
1247,2.28863425
1248,2.28863425
1249,2.28863425
1250,2.28863429
1251,2.28863429
1252,2.28863429
1253,2.28863429
1254,2.28863429
1255,2.28863429
1256,2.28863429
1257,2.28863429
1258,2.28863429
1259,2.28863429
1260,2.28863429
1261,2.28863429
1262,2.28863429
1263,2.28863429
1264,2.28863429
1265,2.28863429
1266,2.28863429
1267,2.28863429
1268,2.28863429
1269,2.28863429
1270,2.29093675
1271,2.29093675
1272,2.29093675
1273,2.29093681
1274,2.29093681
1275,2.29093681
1276,2.29093681
1277,2.29093681
1278,2.31185487
1279,2.31185487
1280,2.31185487
1281,2.31185487
1282,2.31185487
1283,2.31185487
1284,2.31185487
1285,2.31185487
1286,2.31185487
1287,2.31185487
1288,2.31185487
1289,2.31185487
1290,2.31185487
1291,2.31185487
1292,2.31185487
1293,2.31185487
1294,2.31185487
1295,2.31185487
1296,2.31185487
1297,2.31185487
1298,2.31185487
1299,2.31185487
1300,2.31185487
1301,2.31185487
1302,2.31185487
1303,2.31185487
1304,2.31185487
1305,2.31185487
1306,2.31185487
1307,2.31185487
1308,2.31185487
1309,2.31185487
1310,2.31185487
1311,2.31185487
1312,2.31185487
1313,2.31185487
1314,2.31185487
1315,2.31185487
1316,2.31185487
1317,2.31185487
1318,2.31185487
1319,2.31185487
1320,2.31185487
1321,2.31185487
1322,2.31185487
1323,2.31185487
1324,2.31185487
1325,2.27549513
1326,2.26791213
1327,2.26791213
1328,2.26791213
1329,2.26791213
1330,2.26791213
1331,2.26791213
1332,2.26791213
1333,2.26791213
1334,2.26791213
1335,2.26791213
1336,2.26791213
1337,2.26791213
1338,2.26791213
1339,2.26791213
1340,2.26791213
1341,2.26791213
1342,2.26791213
1343,2.26791213
1344,2.26791213
1345,2.26791213
1346,2.26791213
1347,2.26791213
1348,2.26791213
1349,2.26791213
1350,2.26791213
1351,2.26791213
1352,2.26791213
1353,2.26791213
1354,2.26791213
1355,2.26791213
1356,2.26791213
1357,2.26791213
1358,2.26791213
1359,2.26791213
1360,2.26791213
1361,2.26791213
1362,2.26791213
1363,2.26791213
1364,2.26791213
1365,2.26791213
1366,2.26791213
1367,2.26791213
1368,2.26791213
1369,2.26791213
1370,2.26791213
1371,2.26791213
1372,2.26791213
1373,2.26791213
1374,2.26791213
1375,2.26791213
1376,2.26791213
1377,2.26791213
1378,2.26791213
1379,2.26791213
1380,2.26791213
1381,2.26791213
1382,2.26791213
1383,2.26791213
1384,2.26791213
1385,2.26791213
1386,2.26791213
1387,2.3106617
1388,2.3106617
1389,2.3106617
1390,2.3106617
1391,2.3106617
1392,2.3106617
1393,2.3106617
1394,2.3106617
1395,2.3106617
1396,2.3106617
1397,2.3106617
1398,2.3106617
1399,2.3106617
1400,2.3106617
1401,2.3106617
1402,2.3106617
1403,2.3106617
1404,2.3106617
1405,2.3106617
1406,2.3106617
1407,2.3106617
1408,2.3106617
1409,2.3106617
1410,2.3106617
1411,2.3106617
1412,2.3106617
1413,2.3106617
1414,2.3106617
1415,2.3106617
1416,2.3106617
1417,2.3106617
1418,2.3106617
1419,2.3106617
1420,2.3106617
1421,2.3106617
1422,2.3106617
1423,2.3106617
1424,2.3106617
1425,2.3106617
1426,2.3106617
1427,2.3106617
1428,2.3106617
1429,2.3106617
1430,2.3106617
1431,2.3106617
1432,2.3106617
1433,2.3106617
1434,2.3106617
1435,2.3106617
1436,2.3106617
1437,2.3106617
1438,2.3106617
1439,2.3106617
1440,2.3106598
1441,2.3106598
1442,2.3106598
1443,2.3106598
1444,2.3106598
1445,2.3106598
1446,2.3106598
1447,2.3106598
1448,2.3106598
1449,2.3106598
1450,2.3106598
1451,2.3106598
1452,2.3106598
1453,2.3106598
1454,2.3106598
1455,2.3106598
1456,2.3106598
1457,2.3106598
1458,2.3106598
1459,2.3106598
1460,2.3106598
1461,2.25380396
1462,2.25380396
1463,2.25379214
1464,2.25199007
1465,2.25199007
1466,2.25077439
1467,2.25077439
1468,2.25077439
1469,2.25077439
1470,2.25077439
1471,2.25077439
1472,2.25077439
1473,2.25077439
1474,2.25077439
1475,2.25077439
1476,2.25077439
1477,2.25077439
1478,2.25077439
1479,2.25077439
1480,2.25077439
1481,2.25077439
1482,2.25077439
1483,2.25077439
1484,2.25077439
1485,2.25077439
1486,2.25077439
1487,2.25077439
1488,2.25077439
1489,2.25077439
1490,2.25077439
1491,2.25077439
1492,2.25077439
1493,2.25077439
1494,2.25077439
1495,2.25077439
1496,2.25077439
1497,2.25077439
1498,2.25077439
1499,2.25077439
1500,2.25077439
1501,2.25077439
1502,2.25077439
1503,2.25077439
1504,2.25077439
1505,2.25077439
1506,2.25077439
1507,2.25077439
1508,2.25077439
1509,2.25077439
1510,2.25077439
1511,2.25077439
1512,2.25077426
1513,2.25077426
1514,2.25077426
1515,2.25077426
1516,2.25077426
1517,2.25077426
1518,2.25077426
1519,2.25077426
1520,2.25077426
1521,2.25077426
1522,2.25077426
1523,2.25077426
1524,2.25077426
1525,2.25077426
1526,2.25077426
1527,2.25077426
1528,2.25077426
1529,2.25077426
1530,2.25077426
1531,2.25077426
1532,2.25077426
1533,2.25077426
1534,2.25077426
1535,2.25077426
1536,2.25077426
1537,2.25077426
1538,2.25077426
1539,2.25077426
1540,2.25077426
1541,2.25077426
1542,2.25077426
1543,2.25077426
1544,2.25077426
1545,2.25077426
1546,2.25077426
1547,2.25077426
1548,2.25077426
1549,2.25077426
1550,2.25077426
1551,2.25077426
1552,2.25077426
1553,2.25077426
1554,2.25077426
1555,2.25077426
1556,2.25077426
1557,2.25077426
1558,2.25077426
1559,2.25077426
1560,2.25077426
1561,2.25077426
1562,2.25077426
1563,2.25077426
1564,2.25077426
1565,2.25077426
1566,2.25077426
1567,2.25077426
1568,2.25077426
1569,2.25077426
1570,2.24253494
1571,2.23997952
1572,2.24179343
1573,2.24179343
1574,2.24179343
1575,2.24179343
1576,2.24179343
1577,2.24179343
1578,2.24179343
1579,2.24179343
1580,2.24179343
1581,2.24179343
1582,2.24179343
1583,2.24179343
1584,2.24179343
1585,2.24179343
1586,2.24179343
1587,2.24179343
1588,2.24179343
1589,2.24179343
1590,2.24179343
1591,2.28016536
1592,2.28016536
1593,2.28016536
1594,2.28016536
1595,2.28016536
1596,2.28016536
1597,2.28016536
1598,2.28016536
1599,2.28016536
1600,2.28016536
1601,2.28016536
1602,2.28016536
1603,2.28016536
1604,2.28016536
1605,2.28016536
1606,2.28016536
1607,2.28016536
1608,2.28016536
1609,2.28016536
1610,2.28016536
1611,2.28016536
1612,2.28016536
1613,2.28016536
1614,2.28016536
1615,2.28016536
1616,2.28016536
1617,2.28016536
1618,2.28016536
1619,2.28016536
1620,2.28016536
1621,2.28016536
1622,2.28016536
1623,2.28016536
1624,2.28016536
1625,2.28016536
1626,2.28016536
1627,2.28016536
1628,2.28016536
1629,2.28016536
1630,2.28016536
1631,2.28016536
1632,2.28016536
1633,2.28016536
1634,2.28016536
1635,2.28016536
1636,2.28016536
1637,2.28016536
1638,2.28016536
1639,2.28016536
1640,2.28016536
1641,2.28016536
1642,2.28016536
1643,2.28016536
1644,2.28016536
1645,2.28016536
1646,2.28016536
1647,2.28016536
1648,2.28016536
1649,2.28016536
1650,2.28016536
1651,2.28016536
1652,2.28016536
1653,2.28016536
1654,2.28016536
1655,2.28016536
1656,2.28016536
1657,2.28016536
1658,2.28016536
1659,2.28016536
1660,2.28016536
1661,2.28016536
1662,2.28016536
1663,2.28016536
1664,2.28016536
1665,2.28016536
1666,2.28016536
1667,2.28016536
1668,2.28016536
1669,2.28016536
1670,2.28016536
1671,2.28016536
1672,2.28016536
1673,2.28016536
1674,2.28016536
1675,2.28016536
1676,2.28016536
1677,2.28016536
1678,2.28016536
1679,2.28016536
1680,2.28016536
1681,2.28016536
1682,2.28016536
1683,2.28016536
1684,2.28016536
1685,2.28016536
1686,2.28016536
1687,2.28016536
1688,2.28016536
1689,2.28016536
1690,2.28016536
1691,2.28016536
1692,2.28016536
1693,2.28016536
1694,2.28016536
1695,2.28016536
1696,2.28016536
1697,2.28016536
1698,2.28016536
1699,2.28016536
1700,2.28016536
1701,2.28016536
1702,2.28016536
1703,2.28016536
1704,2.28016536
1705,2.28016536
1706,2.28016536
1707,2.28016536
1708,2.28016536
1709,2.28016536
1710,2.28016536
1711,2.28016536
1712,2.28016536
1713,2.28016536
1714,2.28016536
1715,2.28016536
1716,2.28016536
1717,2.28016536
1718,2.28016536
1719,2.28016536
1720,2.28016536
1721,2.28016536
1722,2.28016536
1723,2.28016536
1724,2.28016536
1725,2.28016536
1726,2.28016536
1727,2.28016536
1728,2.28016536
1729,2.28016536
1730,2.28016536
1731,2.28016536
1732,2.24259289
1733,2.24259289
1734,2.24259289
1735,2.24259289
1736,2.24259289
1737,2.24259289
1738,2.24259289
1739,2.24259289
1740,2.24259289
1741,2.24259289
1742,2.24259289
1743,2.2425929
1744,2.24238144
1745,2.24024609
1746,2.24024609
1747,2.24024609
1748,2.24024609
1749,2.24024609
1750,2.24024609
1751,2.24024609
1752,2.24024609
1753,2.24024609
1754,2.24024609
1755,2.24024609
1756,2.24024609
1757,2.24024609
1758,2.24024609
1759,2.24024609
1760,2.24024609
1761,2.24024609
1762,2.24024609
1763,2.24024609
1764,2.24024609
1765,2.24024609
1766,2.24024609
1767,2.24024609
1768,2.24024609
1769,2.24024609
1770,2.24024609
1771,2.24024609
1772,2.24024609
1773,2.24024609
1774,2.24024609
1775,2.24024609
1776,2.24024609
1777,2.24024609
1778,2.24024609
1779,2.24024609
1780,2.24024609
1781,2.24024609
1782,2.24024609
1783,2.24024609
1784,2.24024609
1785,2.24024609
1786,2.24024609
1787,2.24024609
1788,2.24024609
1789,2.24024609
1790,2.24024609
1791,2.24024609
1792,2.24024609
1793,2.24024609
1794,2.24024609
1795,2.24024609
1796,2.24024609
1797,2.24024609
1798,2.24024609
1799,2.24024609
1800,2.24024609
1801,2.24024609
1802,2.24024609
1803,2.24024609
1804,2.24024609
1805,2.24024609
1806,2.24024609
1807,2.24024609
1808,2.24024609
1809,2.24024609
1810,2.24024609
1811,2.24024609
1812,2.24024609
1813,2.24024609
1814,2.24024609
1815,2.24024609
1816,2.24024609
1817,2.24024609
1818,2.24024609
1819,2.24024609
1820,2.24024609
1821,2.24024609
1822,2.24024609
1823,2.24024609
1824,2.24024609
1825,2.24024609
1826,2.24024609
1827,2.24024609
1828,2.24024609
1829,2.24024609
1830,2.24024609
1831,2.24024609
1832,2.24024609
1833,2.24024609
1834,2.24024609
1835,2.24024609
1836,2.24024609
1837,2.24024609
1838,2.24024609
1839,2.24024609
1840,2.24024609
1841,2.24024609
1842,2.24024609
1843,2.24024609
1844,2.24024609
1845,2.24024609
1846,2.24024609
1847,2.24024609
1848,2.24024609
1849,2.24024609
1850,2.24024609
1851,2.24024609
1852,2.24024609
1853,2.24024609
1854,2.24024609
1855,2.24024609
1856,2.24024609
1857,2.24024609
1858,2.24024609
1859,2.24024609
1860,2.24024609
1861,2.24024609
1862,2.24024609
1863,2.24024609
1864,2.24024609
1865,2.24024609
1866,2.24024609
1867,2.24024609
1868,2.24024609
1869,2.24024609
1870,2.24024609
1871,2.24024609
1872,2.24024609
1873,2.24024609
1874,2.24024609
1875,2.24024609
1876,2.28375373
1877,2.28375373
1878,2.28375373
1879,2.28375373
1880,2.28375373
1881,2.28375373
1882,2.28375373
1883,2.2404169
1884,2.2404169
1885,2.2404169
1886,2.2404169
1887,2.2404169
1888,2.2404169
1889,2.23803422
1890,2.23803422
1891,2.23803422
1892,2.23803422
1893,2.23803422
1894,2.23803422
1895,2.23803422
1896,2.23803422
1897,2.23803422
1898,2.23803422
1899,2.23803422
1900,2.23803422
1901,2.23803422
1902,2.28375266
1903,2.28375266
1904,2.28375266
1905,2.28375266
1906,2.28375266
1907,2.28375266
1908,2.28375266
1909,2.23925847
1910,2.23925847
1911,2.23925847
1912,2.23925847
1913,2.23925847
1914,2.23925847
1915,2.23925847
1916,2.23925847
1917,2.23925847
1918,2.23925847
1919,2.23925847
1920,2.23925847
1921,2.23925847
1922,2.23925847
1923,2.23925847
1924,2.23925847
1925,2.23925847
1926,2.23925847
1927,2.23925847
1928,2.23925847
1929,2.23925847
1930,2.23925847
1931,2.23925847
1932,2.23925847
1933,2.23925847
1934,2.23925847
1935,2.23925847
1936,2.23925847
1937,2.23925847
1938,2.23925847
1939,2.23925847
1940,2.23925847
1941,2.23925847
1942,2.23925847
1943,2.23925847
1944,2.23925847
1945,2.23925847
1946,2.23925847
1947,2.23925847
1948,2.23925847
1949,2.23925847
1950,2.23925847
1951,2.23925847
1952,2.23925847
1953,2.23925847
1954,2.23925847
1955,2.23925847
1956,2.23925847
1957,2.23925847
1958,2.23925847
1959,2.23925847
1960,2.23925847
1961,2.23925847
1962,2.23925847
1963,2.23925847
1964,2.23925847
1965,2.23925847
1966,2.23925847
1967,2.23925847
1968,2.23925847
1969,2.23925847
1970,2.23925847
1971,2.23925847
1972,2.23925847
1973,2.23925847
1974,2.23925847
1975,2.23925847
1976,2.23925847
1977,2.23925847
1978,2.23925847
1979,2.23925847
1980,2.23925847
1981,2.23925847
1982,2.23925847
1983,2.23925847
1984,2.23925847
1985,2.23925847
1986,2.23925847
1987,2.23925847
1988,2.23925847
1989,2.23925847
1990,2.23925847
1991,2.23925847
1992,2.23925847
1993,2.23925847
1994,2.23925847
1995,2.23925847
1996,2.23925847
1997,2.23925847
1998,2.23925847
1999,2.28375238
2000,2.28375238
2001,2.28375238
2002,2.28375238
2003,2.28375238
2004,2.28375238
2005,2.28375238
2006,2.28375238
2007,2.28375238
2008,2.28375238
2009,2.24010661
2010,2.24010661
2011,2.24010661
2012,2.24335599
2013,2.24335599
2014,2.24335599
2015,2.24335599
2016,2.24335599
2017,2.24335599
2018,2.2389808
2019,2.2389808
2020,2.2389808
2021,2.2389808
2022,2.2389808
2023,2.2389808
2024,2.2389808
2025,2.2389808
2026,2.2389808
2027,2.2389808
2028,2.2389808
2029,2.2389808
2030,2.2389808
2031,2.2389808
2032,2.2389808
2033,2.2389808
2034,2.2389808
2035,2.2389808
2036,2.2389808
2037,2.2389808
2038,2.23093675
2039,2.23093675
2040,2.23093675
2041,2.22261271
2042,2.22013089
2043,2.21801274
2044,2.21801274
2045,2.21801274
2046,2.21801274
2047,2.21686464
2048,2.21686464
2049,2.21686464
2050,2.21649851
2051,2.21649851
2052,2.21649851
2053,2.21649851
2054,2.21649851
2055,2.21649851
2056,2.21649851
2057,2.21649851
2058,2.21649851
2059,2.21649851
2060,2.21649851
2061,2.21649851
2062,2.21649851
2063,2.21686464
2064,2.21686464
2065,2.21686464
2066,2.21686464
2067,2.21686464
2068,2.21686464
2069,2.21686464
2070,2.21686464
2071,2.21686464
2072,2.21686464
2073,2.21686464
2074,2.21686464
2075,2.23093675
2076,2.23093675
2077,2.23093675
2078,2.23093675
2079,2.23093675
2080,2.23093675
2081,2.23093675
2082,2.23093675
2083,2.23093675
2084,2.23093675
2085,2.23464682
2086,2.23464682
2087,2.25449736
2088,2.22949294
2089,2.22949294
2090,2.22949294
2091,2.22949294
2092,2.22949294
2093,2.22949294
2094,2.22949294
2095,2.22949294
2096,2.22949294
2097,2.22949294
2098,2.22949294
2099,2.22949294
2100,2.22949294
2101,2.22949294
2102,2.22949294
2103,2.22949294
2104,2.22949294
2105,2.22949294
2106,2.22949294
2107,2.22949294
2108,2.22949294
2109,2.22949294
2110,2.22949294
2111,2.22949294
2112,2.22949294
2113,2.25404646
2114,2.25404646
2115,2.25404646
2116,2.25404646
2117,2.25404646
2118,2.25404646
2119,2.25404646
2120,2.25404646
2121,2.25404646
2122,2.25404646
2123,2.25404646
2124,2.25404646
2125,2.25404646
2126,2.25404646
2127,2.25404646
2128,2.25404646
2129,2.25404646
2130,2.25404646
2131,2.25404646
2132,2.25404646
2133,2.25404646
2134,2.25404646
2135,2.25404646
2136,2.25404646
2137,2.25404646
2138,2.25404646
2139,2.25404646
2140,2.25404646
2141,2.25404646
2142,2.25404646
2143,2.25404646
2144,2.25404646
2145,2.25404646
2146,2.25404646
2147,2.25404646
2148,2.25404646
2149,2.25404646
2150,2.25404646
2151,2.25404646
2152,2.25404646
2153,2.25404646
2154,2.25404646
2155,2.25404646
2156,2.25404646
2157,2.25404646
2158,2.25159111
2159,2.25159111
2160,2.25159111
2161,2.25159111
2162,2.25159111
2163,2.25159111
2164,2.25404624
2165,2.25404624
2166,2.25404624
2167,2.25404624
2168,2.25404624
2169,2.25404624
2170,2.25404624
2171,2.25404624
2172,2.25404624
2173,2.25404624
2174,2.25404624
2175,2.25404624
2176,2.25404624
2177,2.25404624
2178,2.25404624
2179,2.25404624
2180,2.25404624
2181,2.25404624
2182,2.25404624
2183,2.25404624
2184,2.25404624
2185,2.25404624
2186,2.25404624
2187,2.25404624
2188,2.25404624
2189,2.25404624
2190,2.25404624
2191,2.25404624
2192,2.25404624
2193,2.25404487
2194,2.25404487
2195,2.25404487
2196,2.25404487
2197,2.25404487
2198,2.25404487
2199,2.25404487
2200,2.25404487
2201,2.25404487
2202,2.25404487
2203,2.25404487
2204,2.25404487
2205,2.25404487
2206,2.25404487
2207,2.25404487
2208,2.25404487
2209,2.25404487
2210,2.25404487
2211,2.25404487
2212,2.25404487
2213,2.25404487
2214,2.25404487
2215,2.25404487
2216,2.25404487
2217,2.25404487
2218,2.25404487
2219,2.25404487
2220,2.25404487
2221,2.25404487
2222,2.25404487
2223,2.25404487
2224,2.25404487
2225,2.25404487
2226,2.25404487
2227,2.25404487
2228,2.25404487
2229,2.25404487
2230,2.25404487
2231,2.25404487
2232,2.25404487
2233,2.25404487
2234,2.25404487
2235,2.25404487
2236,2.25404487
2237,2.25404487
2238,2.25404487
2239,2.25404487
2240,2.25404487
2241,2.25404487
2242,2.25404487
2243,2.25404487
2244,2.25404487
2245,2.25404487
2246,2.25404487
2247,2.25404487
2248,2.25404487
2249,2.25404487
2250,2.25404487
2251,2.25404487
2252,2.25404487
2253,2.25404487
2254,2.25404487
2255,2.25404487
2256,2.25404487
2257,2.22064995
2258,2.22064995
2259,2.22064995
2260,2.22064995
2261,2.22064995
2262,2.22064995
2263,2.22064995
2264,2.22064995
2265,2.22064995
2266,2.22064995
2267,2.22064995
2268,2.22064995
2269,2.22064995
2270,2.22064995
2271,2.22064995
2272,2.22064995
2273,2.22064995
2274,2.22064995
2275,2.22064995
2276,2.22064995
2277,2.22064995
2278,2.22064995
2279,2.25404616
2280,2.25404616
2281,2.25404616
2282,2.25404616
2283,2.25404616
2284,2.25404616
2285,2.25404616
2286,2.25404616
2287,2.25404616
2288,2.25404616
2289,2.25404616
2290,2.25404616
2291,2.25404616
2292,2.25404616
2293,2.25404616
2294,2.25404616
2295,2.25404616
2296,2.25404616
2297,2.25404616
2298,2.25404616
2299,2.25404616
2300,2.25404616
2301,2.25404616
2302,2.25404616
2303,2.25404616
2304,2.25404616
2305,2.25404616
2306,2.25404616
2307,2.25404616
2308,2.25404616
2309,2.25404616
2310,2.25404616
2311,2.25404616
2312,2.25404616
2313,2.25404616
2314,2.25404616
2315,2.25404616
2316,2.25404616
2317,2.25404616
2318,2.25404616
2319,2.25404646
2320,2.25404646
2321,2.25404646
2322,2.25404646
2323,2.25404646
2324,2.25404646
2325,2.25727572
2326,2.25727572
2327,2.25876643
2328,2.25876643
2329,2.25876643
2330,2.25876643
2331,2.25876643
2332,2.25876643
2333,2.25876643
2334,2.25876643
2335,2.25876643
2336,2.25876643
2337,2.25876643
2338,2.25876643
2339,2.25876643
2340,2.25876643
2341,2.25876643
2342,2.25876643
2343,2.25876643
2344,2.25876643
2345,2.27996453
2346,2.27996453
2347,2.27996453
2348,2.27996453
2349,2.29776833
2350,2.29776833
2351,2.29776833
2352,2.29776833
2353,2.29776833
2354,2.27073607
2355,2.26821816
2356,2.26821816
2357,2.26821816
2358,2.26821816
2359,2.26821816
2360,2.26821816
2361,2.26821816
2362,2.26821816
2363,2.26821816
2364,2.26821816
2365,2.26436295
2366,2.26436295
2367,2.26436295
2368,2.25747573
2369,2.25747573
2370,2.25747573
2371,2.25747573
2372,2.25747573
2373,2.25747573
2374,2.25747573
2375,2.25747573
2376,2.25747573
2377,2.25747573
2378,2.25747573
2379,2.25747573
2380,2.25747573
2381,2.25747573
2382,2.25747573
2383,2.25747573
2384,2.25747573
2385,2.25747573
2386,2.25747573
2387,2.25747573
2388,2.25747573
2389,2.25747573
2390,2.25747573
2391,2.25747573
2392,2.25747573
2393,2.25747573
2394,2.25747573
2395,2.25747573
2396,2.25747573
2397,2.25747573
2398,2.25747573
2399,2.25747573
2400,2.25747573
2401,2.25747573
2402,2.25747573
2403,2.25747573
2404,2.25747573
2405,2.25747573
2406,2.25747573
2407,2.25747573
2408,2.25747573
2409,2.25747573
2410,2.25747573
2411,2.25747573
2412,2.25747573
2413,2.25747573
2414,2.25747573
2415,2.25747573
2416,2.25747573
2417,2.25747573
2418,2.25747573
2419,2.25747573
2420,2.25747573
2421,2.25747573
2422,2.25747573
2423,2.25747573
2424,2.25747573
2425,2.25747573
2426,2.25747573
2427,2.25747573
2428,2.25747573
2429,2.25747573
2430,2.25747573
2431,2.25747573
2432,2.25747573
2433,2.25747573
2434,2.25747573
2435,2.25747573
2436,2.25747573
2437,2.25747573
2438,2.25747573
2439,2.25747573
2440,2.25747573
2441,2.25747573
2442,2.25747573
2443,2.25747573
2444,2.25747573
2445,2.25747573
2446,2.25747573
2447,2.25747573
2448,2.25747573
2449,2.25747573
2450,2.25747573
2451,2.30326339
2452,2.30326339
2453,2.30326339
2454,2.30326339
2455,2.30326339
2456,2.30326339
2457,2.30326339
2458,2.30326339
2459,2.30326339
2460,2.30326339
2461,2.30326339
2462,2.30326339
2463,2.30326339
2464,2.30326339
2465,2.25727572
2466,2.25727572
2467,2.25727572
2468,2.25727572
2469,2.25727572
2470,2.25236999
2471,2.24860377
2472,2.24860377
2473,2.24860377
2474,2.24860377
2475,2.24860377
2476,2.24860377
2477,2.24860377
2478,2.24860377
2479,2.24860377
2480,2.245536
2481,2.245536
2482,2.30326213
2483,2.30326213
2484,2.30326213
2485,2.30326213
2486,2.30326213
2487,2.30326213
2488,2.30326213
2489,2.30326213
2490,2.30326213
2491,2.24506916
2492,2.24506916
2493,2.24506916
2494,2.24506916
2495,2.24506916
2496,2.24506916
2497,2.24506916
2498,2.24506916
2499,2.24506916
2500,2.24506916
2501,2.24506916
2502,2.24506916
2503,2.24506916
2504,2.24506916
2505,2.24506916
2506,2.24506916
2507,2.24506916
2508,2.24506916
2509,2.24506916
2510,2.24506916
2511,2.24506916
2512,2.24506916
2513,2.24506916
2514,2.24506916
2515,2.24506916
2516,2.24506916
2517,2.24506916
2518,2.24506916
2519,2.24506916
2520,2.24506916
2521,2.24506916
2522,2.24506916
2523,2.24506916
2524,2.24506916
2525,2.30326169
2526,2.30326169
2527,2.30326169
2528,2.30326169
2529,2.30326169
2530,2.30326169
2531,2.30326169
2532,2.30326169
2533,2.30326169
2534,2.30326169
2535,2.30326169
2536,2.30326169
2537,2.30326169
2538,2.30326169
2539,2.30326169
2540,2.30326169
2541,2.30326169
2542,2.30326169
2543,2.30326169
2544,2.30326169
2545,2.30326169
2546,2.30326169
2547,2.30326169
2548,2.30326169
2549,2.30326169
2550,2.30326169
2551,2.30326169
2552,2.30326169
2553,2.30326169
2554,2.30326169
2555,2.30326169
2556,2.30326169
2557,2.30326169
2558,2.30326252
2559,2.30326252
2560,2.30326252
2561,2.30326252
2562,2.30326252
2563,2.30326252
2564,2.30326252
2565,2.30326252
2566,2.30326252
2567,2.30326252
2568,2.30326252
2569,2.30326252
2570,2.30326252
2571,2.30326252
2572,2.30326252
2573,2.30326252
2574,2.30326252
2575,2.30326252
2576,2.30326252
2577,2.30326252
2578,2.30326252
2579,2.30326252
2580,2.30326252
2581,2.30326252
2582,2.25798767
2583,2.25798767
2584,2.25798767
2585,2.30326252
2586,2.30326252
2587,2.30326252
2588,2.30326252
2589,2.30326252
2590,2.30326252
2591,2.30326252
2592,2.30326252
2593,2.30326252
2594,2.33244315
2595,2.33244315
2596,2.33244315
2597,2.33244315
2598,2.33244315
2599,2.33244315
2600,2.33244315
2601,2.33244315
2602,2.33244315
2603,2.33244315
2604,2.33244315
2605,2.33244315
2606,2.33244315
2607,2.33244315
2608,2.33244315
2609,2.33244315
2610,2.33244315
2611,2.33244315
2612,2.33244315
2613,2.33244315
2614,2.33244315
2615,2.33244315
2616,2.33244315
2617,2.33244315
2618,2.33244315
2619,2.33244315
2620,2.33244315
2621,2.33244315
2622,2.33244315
2623,2.33244315
2624,2.33244315
2625,2.33244315
2626,2.33244315
2627,2.33244315
2628,2.33244315
2629,2.33244315
2630,2.33244315
2631,2.33244315
2632,2.33244315
2633,2.33244315
2634,2.33244315
2635,2.33244315
2636,2.33244315
2637,2.33244315
2638,2.33244315
2639,2.33244315
2640,2.33244315
2641,2.33244315
2642,2.33244315
2643,2.33244315
2644,2.33244315
2645,2.33244315
2646,2.33244315
2647,2.33244315
2648,2.33244315
2649,2.33244315
2650,2.33244315
2651,2.33244315
2652,2.33244315
2653,2.33244315
2654,2.33244315
2655,2.33244315
2656,2.33244315
2657,2.33244315
2658,2.33244315
2659,2.33244315
2660,2.33244315
2661,2.33244315
2662,2.33244315
2663,2.33244315
2664,2.33244315
2665,2.33244315
2666,2.33244315
2667,2.33244315
2668,2.33244315
2669,2.33244315
2670,2.33244315
2671,2.33244315
2672,2.33244315
2673,2.33244315
2674,2.33244315
2675,2.33244315
2676,2.33244315
2677,2.33244315
2678,2.33244315
2679,2.33244315
2680,2.33244315
2681,2.33244315
2682,2.33244315
2683,2.33244315
2684,2.33244315
2685,2.33244315
2686,2.33244315
2687,2.33244315
2688,2.33244315
2689,2.35257048
2690,2.30326253
2691,2.30326253
2692,2.30326253
2693,2.30326253
2694,2.30326253
2695,2.30326253
2696,2.30326253
2697,2.30326253
2698,2.30326253
2699,2.30326252
2700,2.30326252
2701,2.30326252
2702,2.30326252
2703,2.30326252
2704,2.30326252
2705,2.2928581
2706,2.2928581
2707,2.2928581
2708,2.29092099
2709,2.29049475
2710,2.29049475
2711,2.29049475
2712,2.29049475
2713,2.29049475
2714,2.29049475
2715,2.29049475
2716,2.29049475
2717,2.29049475
2718,2.29049475
2719,2.29049475
2720,2.29049475
2721,2.29049475
2722,2.29049475
2723,2.34451405
2724,2.34451405
2725,2.34451405
2726,2.34451405
2727,2.34451405
2728,2.34451405
2729,2.34451405
2730,2.34451405
2731,2.34451405
2732,2.34451405
2733,2.34451405
2734,2.34451405
2735,2.34451405
2736,2.34451405
2737,2.34451405
2738,2.34451405
2739,2.34451405
2740,2.34451405
2741,2.34451405
2742,2.34451405
2743,2.34451405
2744,2.34451405
2745,2.34451405
2746,2.34451405
2747,2.34451405
2748,2.34451405
2749,2.34451405
2750,2.34451405
2751,2.34451405
2752,2.34451405
2753,2.34451405
2754,2.34451405
2755,2.34451405
2756,2.34451405
2757,2.34451405
2758,2.34451405
2759,2.34451405
2760,2.34451405
2761,2.34451405
2762,2.34451405
2763,2.34216788
2764,2.34216788
2765,2.34216788
2766,2.34216788
2767,2.34216788
2768,2.34216788
2769,2.34216788
2770,2.34216788
2771,2.34216788
2772,2.34216788
2773,2.34216788
2774,2.34216788
2775,2.34216788
2776,2.34216788
2777,2.34216788
2778,2.34216788
2779,2.34216788
2780,2.34216788
2781,2.34216788
2782,2.34216788
2783,2.34216788
2784,2.34216788
2785,2.34216788
2786,2.34216788
2787,2.34216788
2788,2.34216788
2789,2.34216788
2790,2.34216788
2791,2.34216788
2792,2.34216788
2793,2.34216788
2794,2.34216788
2795,2.34216788
2796,2.34216788
2797,2.34216788
2798,2.34216788
2799,2.34216788
2800,2.34216788
2801,2.34216788
2802,2.34216788
2803,2.34216788
2804,2.34216619
2805,2.34216619
2806,2.34216619
2807,2.34216619
2808,2.34216619
2809,2.34216619
2810,2.34216619
2811,2.34216619
2812,2.34216619
2813,2.34216619
2814,2.34216619
2815,2.34216619
2816,2.34216619
2817,2.34216619
2818,2.34216619
2819,2.34216619
2820,2.34216619
2821,2.3175044
2822,2.3175044
2823,2.3175044
2824,2.28598806
2825,2.28598806
2826,2.28598806
2827,2.28217816
2828,2.28014804
2829,2.28014804
2830,2.26871359
2831,2.26871359
2832,2.26871359
2833,2.25986201
2834,2.25986201
2835,2.25986201
2836,2.25986201
2837,2.25798767
2838,2.25622449
2839,2.25622449
2840,2.24506299
2841,2.24506299
2842,2.24444217
2843,2.24444217
2844,2.24444217
2845,2.24444217
2846,2.23847676
2847,2.23847676
2848,2.23847676
2849,2.23847676
2850,2.23847676
2851,2.23847676
2852,2.23847676
2853,2.23847676
2854,2.23847676
2855,2.23847676
2856,2.25092424
2857,2.25092424
2858,2.25092424
2859,2.21689019
2860,2.21689019
2861,2.21689019
2862,2.21689019
2863,2.21689019
2864,2.21689019
2865,2.21689019
2866,2.21689019
2867,2.21689019
2868,2.21689019
2869,2.21689019
2870,2.21689019
2871,2.21689019
2872,2.21689019
2873,2.21689019
2874,2.21689019
2875,2.21689019
2876,2.21689019
2877,2.21689019
2878,2.21689019
2879,2.21689019
2880,2.21689019
2881,2.21689019
2882,2.21689019
2883,2.26871237
2884,2.26871237
2885,2.26871237
2886,2.26871237
2887,2.26871237
2888,2.26871237
2889,2.26871237
2890,2.26871237
2891,2.26871237
2892,2.26871237
2893,2.26871237
2894,2.26871237
2895,2.26871237
2896,2.26871237
2897,2.26871237
2898,2.26871237
2899,2.26871237
2900,2.26871237
2901,2.26871237
2902,2.26871237
2903,2.26871237
2904,2.26871237
2905,2.26871237
2906,2.26871237
2907,2.26871237
2908,2.26871237
2909,2.26871237
2910,2.26871237
2911,2.26871237
2912,2.26871237
2913,2.26871237
2914,2.26871237
2915,2.26871237
2916,2.26871237
2917,2.26871237
2918,2.26871237
2919,2.26871237
2920,2.26871237
2921,2.26871237
2922,2.26871237
2923,2.26871237
2924,2.26871237
2925,2.26871237
2926,2.26871237
2927,2.26871237
2928,2.26871237
2929,2.26871237
2930,2.26871237
2931,2.26871237
2932,2.26871237
2933,2.26871237
2934,2.26871237
2935,2.26871237
2936,2.26871237
2937,2.26871237
2938,2.26871237
2939,2.26871237
2940,2.26871237
2941,2.26871237
2942,2.26871237
2943,2.26871237
2944,2.26871237
2945,2.26871237
2946,2.26871237
2947,2.26871237
2948,2.26871237
2949,2.26871237
2950,2.26871237
2951,2.26871237
2952,2.26871237
2953,2.26871237
2954,2.26871237
2955,2.26871237
2956,2.26871237
2957,2.26871237
2958,2.26871237
2959,2.26871237
2960,2.26871237
2961,2.26871237
2962,2.26871237
2963,2.26871237
2964,2.26871237
2965,2.26871237
2966,2.26871237
2967,2.26871237
2968,2.26871237
2969,2.26871237
2970,2.26871237
2971,2.26871237
2972,2.26871237
2973,2.26871237
2974,2.26871237
2975,2.26871358
2976,2.26871358
2977,2.26871358
2978,2.26871358
2979,2.26871358
2980,2.26871358
2981,2.26871358
2982,2.26871358
2983,2.26871358
2984,2.26871358
2985,2.26871358
2986,2.26871358
2987,2.26871358
2988,2.26871358
2989,2.26871358
2990,2.26871358
2991,2.26871358
2992,2.26871358
2993,2.26871358
2994,2.26871358
2995,2.26871358
2996,2.26871358
2997,2.26871358
2998,2.26871358
2999,2.26871358
3000,2.26871358
3001,2.26871358
3002,2.26871358
3003,2.26871358
3004,2.26871358
3005,2.26871358
3006,2.26871358
3007,2.26871358
3008,2.26871358
3009,2.26871358
3010,2.26871358
3011,2.26871358
3012,2.26871358
3013,2.26871358
3014,2.26871358
3015,2.26871358
3016,2.26871358
3017,2.26871358
3018,2.26871358
3019,2.26871358
3020,2.26871358
3021,2.26871358
3022,2.26871358
3023,2.26871358
3024,2.26871358
3025,2.26871358
3026,2.26871358
3027,2.26871358
3028,2.26871358
3029,2.26871358
3030,2.26871358
3031,2.26871358
3032,2.26871358
3033,2.26871358
3034,2.26871358
3035,2.26871358
3036,2.26871358
3037,2.26871358
3038,2.26871358
3039,2.26871358
3040,2.26871358
3041,2.26871358
3042,2.26871358
3043,2.26871358
3044,2.26871358
3045,2.26871358
3046,2.26871358
3047,2.26871358
3048,2.26871358
3049,2.26871358
3050,2.26871358
3051,2.26871358
3052,2.26871358
3053,2.26871358
3054,2.26871358
3055,2.26871358
3056,2.26871358
3057,2.26871358
3058,2.26871358
3059,2.26871358
3060,2.26871358
3061,2.26871358
3062,2.26871358
3063,2.26871358
3064,2.26871358
3065,2.26871358
3066,2.26871358
3067,2.26871358
3068,2.26871358
3069,2.26871358
3070,2.26871358
3071,2.26871358
3072,2.26871358
3073,2.26871358
3074,2.26871358
3075,2.26871358
3076,2.26871358
3077,2.26871358
3078,2.26871358
3079,2.26871358
3080,2.26871358
3081,2.26871358
3082,2.26871358
3083,2.26871358
3084,2.26871358
3085,2.26871358
3086,2.26871358
3087,2.26871358
3088,2.26871358
3089,2.26871358
3090,2.26871358
3091,2.26871358
3092,2.26871358
3093,2.26871358
3094,2.26871359
3095,2.26871359
3096,2.26871359
3097,2.26871359
3098,2.26871359
3099,2.26871359
3100,2.26871359
3101,2.26871359
3102,2.26871359
3103,2.26871359
3104,2.26871359
3105,2.26871359
3106,2.28598806
3107,2.28598806
3108,2.28598806
3109,2.28598806
3110,2.28598806
3111,2.28598806
3112,2.28598806
3113,2.28598806
3114,2.28598806
3115,2.28598806
3116,2.28598806
3117,2.28598806
3118,2.28598806
3119,2.28598806
3120,2.28598806
3121,2.28598806
3122,2.28598806
3123,2.28598806
3124,2.28598806
3125,2.28598806
3126,2.28598806
3127,2.28598806
3128,2.28598806
3129,2.28598806
3130,2.28598806
3131,2.28598806
3132,2.28598806
3133,2.28598806
3134,2.28598806
3135,2.28598806
3136,2.28598806
3137,2.28598806
3138,2.28598806
3139,2.28598806
3140,2.28598806
3141,2.28598806
3142,2.28598806
3143,2.28598806
3144,2.28598806
3145,2.28598806
3146,2.28598806
3147,2.28598806
3148,2.26871394
3149,2.26871358
3150,2.26871358
3151,2.26871358
3152,2.26871358
3153,2.26871358
3154,2.26871358
3155,2.26871358
3156,2.26871358
3157,2.26871358
3158,2.26871358
3159,2.26871358
3160,2.26871358
3161,2.26871358
3162,2.26871358
3163,2.26871358
3164,2.26871358
3165,2.26871358
3166,2.26871358
3167,2.26871358
3168,2.26871358
3169,2.26871358
3170,2.26871358
3171,2.26871358
3172,2.26871358
3173,2.26871358
3174,2.26871358
3175,2.26871358
3176,2.26871358
3177,2.26871358
3178,2.26871358
3179,2.26871358
3180,2.26871358
3181,2.26871358
3182,2.26871358
3183,2.26871358
3184,2.26871358
3185,2.26871358
3186,2.26871358
3187,2.26871358
3188,2.26871361
3189,2.26871361
3190,2.26871361
3191,2.26871361
3192,2.26871361
3193,2.26871361
3194,2.26871361
3195,2.26871361
3196,2.26871361
3197,2.26871361
3198,2.26871361
3199,2.26871361
3200,2.26871361
3201,2.26871361
3202,2.26871361
3203,2.26871361
3204,2.26871361
3205,2.26871361
3206,2.26871361
3207,2.26871361
3208,2.26871361
3209,2.26871361
3210,2.26871361
3211,2.26871361
3212,2.26871361
3213,2.26871361
3214,2.26871361
3215,2.26871361
3216,2.26871361
3217,2.26871361
3218,2.26871361
3219,2.26871361
3220,2.26871361
3221,2.26871361
3222,2.26871361
3223,2.26871361
3224,2.26871361
3225,2.26871361
3226,2.26871362
3227,2.26871362
3228,2.26871362
3229,2.26871362
3230,2.26871362
3231,2.26871362
3232,2.26871362
3233,2.26871362
3234,2.26871362
3235,2.26871362
3236,2.26871362
3237,2.26871362
3238,2.26871362
3239,2.26871362
3240,2.26871362
3241,2.26874085
3242,2.26874085
3243,2.26874085
3244,2.26874085
3245,2.26874085
3246,2.26874085
3247,2.26874085
3248,2.26874085
3249,2.26874085
3250,2.26874085
3251,2.26874085
3252,2.26874085
3253,2.26874085
3254,2.26874085
3255,2.26874085
3256,2.26874085
3257,2.26874085
3258,2.26874085
3259,2.26874085
3260,2.26874085
3261,2.26874085
3262,2.26874085
3263,2.26874085
3264,2.26874085
3265,2.26874085
3266,2.26874085
3267,2.26874085
3268,2.26874085
3269,2.26874085
3270,2.26874085
3271,2.26874085
3272,2.26874085
3273,2.26874085
3274,2.26874085
3275,2.26874085
3276,2.26874085
3277,2.26874085
3278,2.26874085
3279,2.26874085
3280,2.26874085
3281,2.26874085
3282,2.26874085
3283,2.26874085
3284,2.26874085
3285,2.26874085
3286,2.26874085
3287,2.29584786
3288,2.29584786
3289,2.29584786
3290,2.29584786
3291,2.29584786
3292,2.29584786
3293,2.29584786
3294,2.29584786
3295,2.29584786
3296,2.29584786
3297,2.29584786
3298,2.29584786
3299,2.29584786
3300,2.29584786
3301,2.29584786
3302,2.29584786
3303,2.29584786
3304,2.29584786
3305,2.29584786
3306,2.29584786
3307,2.2959835
3308,2.2959835
3309,2.2959835
3310,2.2959835
3311,2.2959835
3312,2.2959835
3313,2.2959835
3314,2.2959835
3315,2.2959835
3316,2.2959835
3317,2.2959835
3318,2.2959835
3319,2.2959835
3320,2.2959835
3321,2.2959835
3322,2.2959835
3323,2.2959835
3324,2.2959835
3325,2.2959835
3326,2.2959835
3327,2.2959835
3328,2.2959835
3329,2.2959835
3330,2.2959835
3331,2.2959835
3332,2.2959835
3333,2.2959835
3334,2.2959835
3335,2.2959835
3336,2.2959835
3337,2.2959835
3338,2.2959835
3339,2.2959835
3340,2.2959835
3341,2.2959835
3342,2.2959835
3343,2.2959835
3344,2.2959835
3345,2.2959835
3346,2.2959835
3347,2.2959835
3348,2.2959835
3349,2.2959835
3350,2.2959835
3351,2.2959835
3352,2.2959835
3353,2.25737038
3354,2.25737038
3355,2.25737038
3356,2.25737037
3357,2.25737037
3358,2.25737037
3359,2.25737037
3360,2.25228102
3361,2.25228102
3362,2.25228102
3363,2.25228102
3364,2.2404401
3365,2.2404401
3366,2.2404401
3367,2.2404401
3368,2.2404401
3369,2.2404401
3370,2.24044009
3371,2.24044009
3372,2.24044009
3373,2.23066618
3374,2.23066618
3375,2.23066618
3376,2.23066618
3377,2.23066618
3378,2.23066618
3379,2.23066618
3380,2.23066618
3381,2.23066618
3382,2.23066618
3383,2.23066618
3384,2.23066618
3385,2.22709499
3386,2.22709499
3387,2.22709499
3388,2.22709499
3389,2.22709499
3390,2.22709499
3391,2.22709499
3392,2.22709499
3393,2.22709499
3394,2.22709499
3395,2.22709499
3396,2.22709499
3397,2.22709499
3398,2.22333966
3399,2.22333966
3400,2.21
3401,2.21
3402,2.21
3403,2.21
3404,2.21
3405,2.21
3406,2.21
3407,2.22333956
3408,2.22333956
3409,2.22333956
3410,2.22333956
3411,2.22333956
3412,2.22333956
3413,2.22333956
3414,2.22333956
3415,2.22333956
3416,2.22333956
3417,2.22333956
3418,2.22333956
3419,2.22333956
3420,2.22333956
3421,2.22333956
3422,2.22333956
3423,2.22333956
3424,2.22333956
3425,2.22333956
3426,2.22333956
3427,2.22333956
3428,2.22333956
3429,2.22333956
3430,2.22333956
3431,2.22333956
3432,2.22333956
3433,2.22333956
3434,2.22333956
3435,2.20657955
3436,2.20657955
3437,2.20657955
3438,2.20657955
3439,2.20657955
3440,2.20657955
3441,2.20657955
3442,2.20657955
3443,2.20324001
3444,2.20324001
3445,2.20324001
3446,2.20324001
3447,2.20324001
3448,2.20324001
3449,2.20324001
3450,2.20324001
3451,2.20324
3452,2.20324
3453,2.20324
3454,2.20324
3455,2.20324
3456,2.20324
3457,2.20324
3458,2.20324
3459,2.20324
3460,2.20324
3461,2.20324
3462,2.20324
3463,2.20324
3464,2.20324
3465,2.20324
3466,2.20324
3467,2.20324
3468,2.20324
3469,2.20324
3470,2.20265044
3471,2.20265044
3472,2.20265044
3473,2.20265044
3474,2.20265044
3475,2.20265044
3476,2.20265044
3477,2.20265044
3478,2.20265044
3479,2.20265044
3480,2.20265044
3481,2.20265044
3482,2.20265044
3483,2.20265044
3484,2.20265044
3485,2.20265044
3486,2.20265044
3487,2.20265044
3488,2.20265044
3489,2.20265044
3490,2.20265044
3491,2.20265044
3492,2.20265044
3493,2.20265044
3494,2.20265044
3495,2.20265044
3496,2.20265044
3497,2.20265044
3498,2.20265044
3499,2.20265044
3500,2.20265044
3501,2.20265044
3502,2.20265044
3503,2.20265044
3504,2.20265044
3505,2.20265044
3506,2.20265044
3507,2.20265044
3508,2.20265044
3509,2.20265044
3510,2.20265044
3511,2.20265044
3512,2.24565216
3513,2.24565216
3514,2.24565216
3515,2.24565216
3516,2.24565216
3517,2.24565216
3518,2.24565216
3519,2.24565216
3520,2.24565216
3521,2.24565216
3522,2.24565216
3523,2.24565216
3524,2.24565216
3525,2.24565216
3526,2.24565216
3527,2.24565216
3528,2.24565216
3529,2.24565216
3530,2.24565216
3531,2.24565216
3532,2.24565216
3533,2.24565216
3534,2.24565216
3535,2.24565216
3536,2.24565216
3537,2.24565216
3538,2.24565216
3539,2.24565216
3540,2.24565216
3541,2.24565216
3542,2.24565216
3543,2.24565216
3544,2.24565216
3545,2.24565216
3546,2.24565216
3547,2.24565216
3548,2.24565216
3549,2.24565216
3550,2.24565216
3551,2.24565216
3552,2.24565216
3553,2.24565216
3554,2.24565216
3555,2.24565216
3556,2.24565216
3557,2.24565216
3558,2.24565216
3559,2.24565216
3560,2.24565216
3561,2.24565216
3562,2.24565216
3563,2.24565216
3564,2.24565216
3565,2.24565216
3566,2.24565216
3567,2.24565216
3568,2.24565216
3569,2.24565216
3570,2.24565216
3571,2.24565216
3572,2.24565216
3573,2.24565216
3574,2.24565216
3575,2.24565216
3576,2.24565216
3577,2.24565216
3578,2.24565216
3579,2.24565216
3580,2.24565216
3581,2.24565216
3582,2.24565216
3583,2.24565216
3584,2.24565216
3585,2.24565216
3586,2.24565216
3587,2.24565216
3588,2.24565216
3589,2.24565568
3590,2.24565568
3591,2.24565568
3592,2.24565568
3593,2.24565568
3594,2.24565568
3595,2.24565568
3596,2.24565568
3597,2.24565568
3598,2.24565568
3599,2.24565568
3600,2.24565568
3601,2.24565568
3602,2.24565568
3603,2.24565568
3604,2.24565568
3605,2.24565568
3606,2.24565568
3607,2.24565568
3608,2.24565568
3609,2.24565568
3610,2.24565568
3611,2.24565568
3612,2.24565568
3613,2.24565568
3614,2.24565568
3615,2.24565568
3616,2.24565568
3617,2.24565568
3618,2.24565568
3619,2.24565568
3620,2.24565568
3621,2.24565568
3622,2.24565568
3623,2.24565568
3624,2.24565568
3625,2.24565568
3626,2.24565568
3627,2.24565568
3628,2.24565568
3629,2.24565568
3630,2.24565568
3631,2.24565568
3632,2.24565568
3633,2.24565568
3634,2.24565568
3635,2.24565568
3636,2.24565568
3637,2.24565568
3638,2.24565568
3639,2.24565568
3640,2.24565568
3641,2.24565568
3642,2.24565568
3643,2.24565568
3644,2.24565568
3645,2.24565568
3646,2.24565568
3647,2.24565568
3648,2.24565568
3649,2.24565568
3650,2.21511546
3651,2.21511546
3652,2.21511546
3653,2.24565568
3654,2.24565568
3655,2.24565568
3656,2.24565568
3657,2.24565568
3658,2.24565568
3659,2.24565568
3660,2.24565568
3661,2.24565568
3662,2.24565568
3663,2.24565568
3664,2.24565568
3665,2.24565568
3666,2.24565568
3667,2.24565568
3668,2.24565568
3669,2.24565568
3670,2.24565568
3671,2.24565568
3672,2.24565568
3673,2.24565568
3674,2.24565568
3675,2.24565568
3676,2.24565568
3677,2.24565568
3678,2.24565568
3679,2.24565568
3680,2.24565568
3681,2.24565568
3682,2.24565568
3683,2.24565568
3684,2.24565568
3685,2.24565568
3686,2.24565568
3687,2.24565568
3688,2.24565568
3689,2.24565568
3690,2.24565568
3691,2.24565568
3692,2.24565568
3693,2.24565568
3694,2.24565568
3695,2.24565568
3696,2.24565568
3697,2.24565568
3698,2.24565568
3699,2.24565568
3700,2.24565568
3701,2.21271174
3702,2.21271174
3703,2.21271174
3704,2.21271174
3705,2.21271174
3706,2.21271174
3707,2.21271174
3708,2.21271174
3709,2.21271174
3710,2.21271174
3711,2.21271174
3712,2.21271174
3713,2.21271174
3714,2.21271174
3715,2.21271174
3716,2.23038484
3717,2.23038484
3718,2.23038484
3719,2.23038484
3720,2.23038484
3721,2.23038484
3722,2.23038484
3723,2.23038484
3724,2.2064451
3725,2.2064451
3726,2.2064451
3727,2.2064451
3728,2.2064451
3729,2.2064451
3730,2.2064451
3731,2.2064451
3732,2.2064451
3733,2.2064451
3734,2.2064451
3735,2.2064451
3736,2.2064451
3737,2.21059106
3738,2.21059106
3739,2.21059106
3740,2.21059106
3741,2.21059106
3742,2.21059106
3743,2.21059106
3744,2.21059106
3745,2.21059106
3746,2.21210001
3747,2.21210001
3748,2.21210001
3749,2.21210001
3750,2.21210001
3751,2.21210001
3752,2.21210001
3753,2.21210001
3754,2.21210001
3755,2.21210001
3756,2.21210001
3757,2.21210001
3758,2.21210001
3759,2.21210001
3760,2.21210001
3761,2.21210001
3762,2.21210001
3763,2.21210001
3764,2.21210001
3765,2.21210001
3766,2.21210001
3767,2.21210001
3768,2.21210001
3769,2.21210001
3770,2.21210001
3771,2.21210001
3772,2.21210001
3773,2.21210001
3774,2.21210001
3775,2.21210001
3776,2.21210001
3777,2.21210001
3778,2.21210001
3779,2.21210001
3780,2.21210001
3781,2.21210001
3782,2.21210001
3783,2.21210001
3784,2.21210001
3785,2.21210001
3786,2.21210001
3787,2.21210001
3788,2.21222736
3789,2.21222736
3790,2.21222736
3791,2.21222736
3792,2.21222736
3793,2.21222736
3794,2.21222736
3795,2.21222736
3796,2.21222736
3797,2.21222736
3798,2.21222736
3799,2.21222736
3800,2.21222736
3801,2.21222736
3802,2.21222736
3803,2.21222736
3804,2.21222736
3805,2.21222736
3806,2.21222736
3807,2.21222736
3808,2.21222736
3809,2.24565567
3810,2.24565567
3811,2.24565567
3812,2.24565567
3813,2.24565567
3814,2.24565567
3815,2.24565567
3816,2.24565567
3817,2.24565567
3818,2.24565567
3819,2.24565567
3820,2.24565567
3821,2.24565567
3822,2.24565567
3823,2.24565567
3824,2.24565567
3825,2.24565567
3826,2.24565567
3827,2.24565567
3828,2.24565567
3829,2.24565567
3830,2.24565567
3831,2.24565567
3832,2.24565567
3833,2.24565567
3834,2.24565567
3835,2.24565567
3836,2.24565567
3837,2.24565567
3838,2.24565567
3839,2.24565567
3840,2.24565567
3841,2.24565567
3842,2.24565567
3843,2.24565567
3844,2.24565567
3845,2.24565567
3846,2.24565567
3847,2.24565567
3848,2.24565567
3849,2.24565567
3850,2.24565567
3851,2.24565567
3852,2.24565567
3853,2.24565567
3854,2.24565567
3855,2.24565567
3856,2.24565567
3857,2.24565567
3858,2.24565567
3859,2.24565567
3860,2.24565567
3861,2.24565567
3862,2.24565567
3863,2.24565567
3864,2.24565567
3865,2.24565567
3866,2.24565567
3867,2.24565567
3868,2.24565567
3869,2.24565567
3870,2.24565567
3871,2.24565567
3872,2.24565567
3873,2.24565567
3874,2.24565567
3875,2.24565567
3876,2.24565567
3877,2.24565567
3878,2.24565567
3879,2.24565567
3880,2.24565567
3881,2.24565567
3882,2.24565567
3883,2.24565567
3884,2.24565567
3885,2.24565567
3886,2.24565567
3887,2.24565567
3888,2.24565567
3889,2.20676218
3890,2.20676218
3891,2.20676218
3892,2.20573173
3893,2.20573173
3894,2.20573173
3895,2.20573173
3896,2.20573173
3897,2.20573173
3898,2.20573173
3899,2.19689743
3900,2.19689743
3901,2.19689743
3902,2.19689743
3903,2.19689743
3904,2.19689743
3905,2.19689743
3906,2.19689743
3907,2.19689743
3908,2.19689743
3909,2.19689743
3910,2.19689743
3911,2.19689743
3912,2.20573173
3913,2.20573173
3914,2.20573173
3915,2.20573173
3916,2.20573173
3917,2.20573173
3918,2.20573173
3919,2.19612868
3920,2.19612868
3921,2.19612868
3922,2.19612868
3923,2.19612868
3924,2.19612868
3925,2.19612868
3926,2.19612868
3927,2.19612868
3928,2.19612868
3929,2.19612868
3930,2.19612868
3931,2.19612868
3932,2.19612868
3933,2.19612868
3934,2.19612868
3935,2.19612868
3936,2.19612868
3937,2.19612868
3938,2.19612868
3939,2.194696
3940,2.194696
3941,2.194696
3942,2.194696
3943,2.18224991
3944,2.18224991
3945,2.18224991
3946,2.18224991
3947,2.18384981
3948,2.18384981
3949,2.18384981
3950,2.18384981
3951,2.18384981
3952,2.18384981
3953,2.18384981
3954,2.18384981
3955,2.18384981
3956,2.18384981
3957,2.18384981
3958,2.18384981
3959,2.18384981
3960,2.18384981
3961,2.1822499
3962,2.1822499
3963,2.1822499
3964,2.18265597
3965,2.18265597
3966,2.18265597
3967,2.18265597
3968,2.18265597
3969,2.18265597
3970,2.18265597
3971,2.18265597
3972,2.18265597
3973,2.17248
3974,2.17248
3975,2.17248
3976,2.17248
3977,2.17248
3978,2.17321184
3979,2.17321184
3980,2.17321184
3981,2.17321184
3982,2.17321184
3983,2.21464874
3984,2.21464874
3985,2.21464874
3986,2.21464874
3987,2.21464874
3988,2.21464874
3989,2.21464874
3990,2.21464874
3991,2.21464874
3992,2.21464874
3993,2.21464874
3994,2.21464874
3995,2.21464874
3996,2.21464874
3997,2.21464874
3998,2.21464874
3999,2.21464874
4000,2.17515821
4001,2.17515821
4002,2.17515821
4003,2.17515821
4004,2.17515821
4005,2.17515821
4006,2.17515821
4007,2.17515821
4008,2.17515821
4009,2.17515821
4010,2.17515821
4011,2.17515821
4012,2.17515821
4013,2.17515821
4014,2.17515821
4015,2.1876239
4016,2.1876239
4017,2.1876239
4018,2.1876239
4019,2.1876239
4020,2.1876239
4021,2.1876239
4022,2.1876239
4023,2.1876239
4024,2.1876239
4025,2.1876239
4026,2.1876239
4027,2.1876239
4028,2.1876239
4029,2.1876239
4030,2.1876239
4031,2.1876239
4032,2.1876239
4033,2.1876239
4034,2.1876239
4035,2.1876239
4036,2.1876239
4037,2.1876239
4038,2.17281248
4039,2.17281248
4040,2.21955739
4041,2.21955739
4042,2.21955739
4043,2.21955739
4044,2.21955739
4045,2.21955739
4046,2.21955739
4047,2.21955739
4048,2.21955739
4049,2.21955739
4050,2.21955739
4051,2.21955739
4052,2.21955739
4053,2.21955739
4054,2.2195574
4055,2.21955739
4056,2.2195574
4057,2.2195574
4058,2.2195574
4059,2.2195574
4060,2.2195574
4061,2.24565429
4062,2.24565429
4063,2.24565429
4064,2.24565429
4065,2.24565429
4066,2.24565429
4067,2.24565429
4068,2.24565429
4069,2.24565429
4070,2.24565429
4071,2.24565429
4072,2.24565429
4073,2.24565429
4074,2.24565429
4075,2.24565429
4076,2.24565429
4077,2.24565429
4078,2.24565429
4079,2.24565429
4080,2.24565429
4081,2.24565429
4082,2.24565429
4083,2.24565429
4084,2.24565429
4085,2.24565429
4086,2.24565429
4087,2.24565429
4088,2.24565429
4089,2.24565429
4090,2.2185574
4091,2.2185574
4092,2.2185574
4093,2.2185574
4094,2.2185574
4095,2.2185574
4096,2.2185574
4097,2.2185574
4098,2.2185574
4099,2.2185574
4100,2.2185574
4101,2.2185574
4102,2.2185574
4103,2.2185574
4104,2.2185574
4105,2.2185574
4106,2.2185574
4107,2.2185574
4108,2.2185574
4109,2.2185574
4110,2.2185574
4111,2.22284507
4112,2.22284507
4113,2.22070123
4114,2.2185574
4115,2.2185574
4116,2.2185574
4117,2.2185574
4118,2.2185574
4119,2.2185574
4120,2.2185574
4121,2.2185574
4122,2.2185574
4123,2.2185574
4124,2.2185574
4125,2.2185574
4126,2.24565412
4127,2.24565412
4128,2.24565568
4129,2.24565568
4130,2.24565568
4131,2.24565568
4132,2.25664834
4133,2.25664834
4134,2.25664834
4135,2.25664834
4136,2.25664834
4137,2.25664834
4138,2.26737414
4139,2.26737414
4140,2.26737414
4141,2.26737414
4142,2.26737414
4143,2.26737414
4144,2.26737414
4145,2.26737414
4146,2.26737414
4147,2.26737414
4148,2.26737414
4149,2.26737414
4150,2.26737414
4151,2.26737414
4152,2.26737414
4153,2.26737414
4154,2.26737414
4155,2.26737414
4156,2.26737414
4157,2.26737414
4158,2.26737414
4159,2.26737414
4160,2.26737414
4161,2.26737414
4162,2.26737414
4163,2.26737414
4164,2.26737414
4165,2.26737414
4166,2.26737414
4167,2.26737414
4168,2.26737414
4169,2.26737414
4170,2.26737414
4171,2.26737414
4172,2.26737414
4173,2.26737414
4174,2.26737414
4175,2.26737414
4176,2.26737414
4177,2.28025184
4178,2.28025184
4179,2.28025184
4180,2.28025184
4181,2.28025184
4182,2.28025184
4183,2.28025184
4184,2.27781437
4185,2.27781437
4186,2.27781437
4187,2.27781437
4188,2.27781437
4189,2.27781437
4190,2.27781437
4191,2.27781437
4192,2.27781437
4193,2.27781437
4194,2.27781437
4195,2.27781437
4196,2.27781437
4197,2.27781437
4198,2.27781437
4199,2.27781437
4200,2.27781437
4201,2.27781437
4202,2.27781437
4203,2.27781437
4204,2.27781437
4205,2.27781437
4206,2.27781437
4207,2.27781437
4208,2.27781437
4209,2.27781437
4210,2.27781437
4211,2.28822106
4212,2.28822106
4213,2.30169581
4214,2.30169581
4215,2.24000003
4216,2.24000003
4217,2.24000003
4218,2.24000003
4219,2.24000003
4220,2.24000003
4221,2.24000003
4222,2.24000003
4223,2.24000003
4224,2.24000003
4225,2.24000003
4226,2.24000003
4227,2.24000003
4228,2.24000003
4229,2.24000003
4230,2.24000003
4231,2.24000003
4232,2.24000003
4233,2.30169581
4234,2.30169581
4235,2.30169581
4236,2.30169581
4237,2.30169581
4238,2.30169581
4239,2.30169581
4240,2.30169581
4241,2.30169581
4242,2.30169581
4243,2.30169581
4244,2.26256547
4245,2.26256547
4246,2.26256547
4247,2.26256547
4248,2.26256547
4249,2.26256547
4250,2.26256547
4251,2.26256547
4252,2.26256547
4253,2.26256547
4254,2.26256547
4255,2.26256547
4256,2.26256547
4257,2.26256547
4258,2.26256547
4259,2.26256547
4260,2.26256547
4261,2.26256547
4262,2.26256547
4263,2.26256547
4264,2.26256547
4265,2.26256547
4266,2.26256547
4267,2.26256547
4268,2.26256547
4269,2.26256547
4270,2.26256547
4271,2.26256547
4272,2.26256547
4273,2.26256547
4274,2.25125277
4275,2.25125277
4276,2.25125277
4277,2.25125277
4278,2.25125277
4279,2.25125277
4280,2.25125277
4281,2.25125277
4282,2.25125277
4283,2.25125277
4284,2.25125277
4285,2.25125277
4286,2.25125277
4287,2.25125277
4288,2.25125277
4289,2.25125277
4290,2.25125277
4291,2.25125277
4292,2.25125277
4293,2.25125277
4294,2.25125277
4295,2.25125277
4296,2.25125277
4297,2.25125277
4298,2.25125277
4299,2.25125277
4300,2.25125277
4301,2.25125277
4302,2.25125277
4303,2.25125277
4304,2.30503758
4305,2.30503758
4306,2.30503758
4307,2.30503758
4308,2.30503758
4309,2.30513789
4310,2.30513789
4311,2.30513789
4312,2.30513789
4313,2.30513789
4314,2.30513789
4315,2.30513789
4316,2.30513789
4317,2.27647429
4318,2.27647429
4319,2.27647429
4320,2.27647429
4321,2.27647429
4322,2.27647429
4323,2.27647429
4324,2.27647429
4325,2.27647429
4326,2.27647429
4327,2.27647429
4328,2.27647429
4329,2.27647429
4330,2.27647429
4331,2.27647429
4332,2.27647429
4333,2.27647429
4334,2.27647429
4335,2.27647429
4336,2.27647429
4337,2.27647429
4338,2.27647429
4339,2.27647429
4340,2.27647429
4341,2.27647429
4342,2.27647429
4343,2.27647429
4344,2.27647429
4345,2.27647429
4346,2.27647429
4347,2.27647429
4348,2.27647429
4349,2.27647429
4350,2.27647429
4351,2.27647429
4352,2.27647429
4353,2.27647429
4354,2.27647429
4355,2.27647429
4356,2.27647429
4357,2.27647429
4358,2.27647429
4359,2.27647429
4360,2.27647429
4361,2.27647429
4362,2.27647429
4363,2.27647429
4364,2.30523793
4365,2.30523793
4366,2.30523793
4367,2.30523793
4368,2.30523793
4369,2.30523793
4370,2.30523793
4371,2.30523793
4372,2.30523793
4373,2.30523793
4374,2.30523793
4375,2.30523793
4376,2.30523793
4377,2.30523793
4378,2.312006
4379,2.31545826
4380,2.3175044
4381,2.3175044
4382,2.3175044
4383,2.30186289
4384,2.32170632
4385,2.3317481
4386,2.3317481
4387,2.33174809
4388,2.33174809
4389,2.33174809
4390,2.33174806
4391,2.33174804
4392,2.33174803
4393,2.33174803
4394,2.33174803
4395,2.33455993
4396,2.33455993
4397,2.33455993
4398,2.33455993
4399,2.33455993
4400,2.33455993
4401,2.33455993
4402,2.33455993
4403,2.33455993
4404,2.33455993
4405,2.33455993
4406,2.33455993
4407,2.33455993
4408,2.34216953
4409,2.34216953
4410,2.34216953
4411,2.34491687
4412,2.34491687
4413,2.34491687
4414,2.34491687
4415,2.34491687
4416,2.34491687
4417,2.34491687
4418,2.34491687
4419,2.34491687
4420,2.34491687
4421,2.34491687
4422,2.34491687
4423,2.34491687
4424,2.34491687
4425,2.34491687
4426,2.34491687
4427,2.34491687
4428,2.34491687
4429,2.34491687
4430,2.34491687
4431,2.34491687
4432,2.30596293
4433,2.30596293
4434,2.30596293
4435,2.30596293
4436,2.30596293
4437,2.30596293
4438,2.30596293
4439,2.30596293
4440,2.30596293
4441,2.30596293
4442,2.30596293
4443,2.30596293
4444,2.30596293
4445,2.30596293
4446,2.30596293
4447,2.30596293
4448,2.30596293
4449,2.30596293
4450,2.30596293
4451,2.30596293
4452,2.30596293
4453,2.30596293
4454,2.30596293
4455,2.30596293
4456,2.30596293
4457,2.30596293
4458,2.30806298
4459,2.30806298
4460,2.30806298
4461,2.30806298
4462,2.30806298
4463,2.30806298
4464,2.30806298
4465,2.30806298
4466,2.30806298
4467,2.30806298
4468,2.30806298
4469,2.30806298
4470,2.30806298
4471,2.30806298
4472,2.30806298
4473,2.30806298
4474,2.30806298
4475,2.30806298
4476,2.30806298
4477,2.30806298
4478,2.30806298
4479,2.30806298
4480,2.30806298
4481,2.30806298
4482,2.30806298
4483,2.30806298
4484,2.30806298
4485,2.30806298
4486,2.30806298
4487,2.34491687
4488,2.34491687
4489,2.34491687
4490,2.34491687
4491,2.34491687
4492,2.34491687
4493,2.34491687
4494,2.34491687
4495,2.34491687
4496,2.34491687
4497,2.34491687
4498,2.34491687
4499,2.34491687
4500,2.34491687
4501,2.34491687
4502,2.34491687
4503,2.34491687
4504,2.34491687
4505,2.34491687
4506,2.30186307
4507,2.30186307
4508,2.34491687
4509,2.34491687
4510,2.34491687
4511,2.30186291
4512,2.30186291
4513,2.30186291
4514,2.30186291
4515,2.30186291
4516,2.30186291
4517,2.30186291
4518,2.30186291
4519,2.30186291
4520,2.30186291
4521,2.30186291
4522,2.30186291
4523,2.30186291
4524,2.30186291
4525,2.30186291
4526,2.30186289
4527,2.30186289
4528,2.30186289
4529,2.30186289
4530,2.30186289
4531,2.30186289
4532,2.30186289
4533,2.30186289
4534,2.30186289
4535,2.30186289
4536,2.30186289
4537,2.30186289
4538,2.30186289
4539,2.30186289
4540,2.30186289
4541,2.30186289
4542,2.30186289
4543,2.30186289
4544,2.30186289
4545,2.30186289
4546,2.30186289
4547,2.30186289
4548,2.30186289
4549,2.30186289
4550,2.30186289
4551,2.30186289
4552,2.30186289
4553,2.30186289
4554,2.30186289
4555,2.30186289
4556,2.29080609
4557,2.29080609
4558,2.29080609
4559,2.29080609
4560,2.29080609
4561,2.29080609
4562,2.29080609
4563,2.29080609
4564,2.29080609
4565,2.29080609
4566,2.29080609
4567,2.29080609
4568,2.29080609
4569,2.29080609
4570,2.29080609
4571,2.29080609
4572,2.29080609
4573,2.29080609
4574,2.29080609
4575,2.29080609
4576,2.29080609
4577,2.29080609
4578,2.29080609
4579,2.29080609
4580,2.29080609
4581,2.29080609
4582,2.29080609
4583,2.29080609
4584,2.29080609
4585,2.29080609
4586,2.29080609
4587,2.29080609
4588,2.29080609
4589,2.29080609
4590,2.29080609
4591,2.29080609
4592,2.29080609
4593,2.29080609
4594,2.29080609
4595,2.29080609
4596,2.29080609
4597,2.29080609
4598,2.29080609
4599,2.29080609
4600,2.29080609
4601,2.29080609
4602,2.29080609
4603,2.29080609
4604,2.29080609
4605,2.29080609
4606,2.29080609
4607,2.28459894
4608,2.28459894
4609,2.28459894
4610,2.28459894
4611,2.28459894
4612,2.28459894
4613,2.28459894
4614,2.28459894
4615,2.28459894
4616,2.27647429
4617,2.27647429
4618,2.27647429
4619,2.27647429
4620,2.27647429
4621,2.27647429
4622,2.27647429
4623,2.27647429
4624,2.27647429
4625,2.27647429
4626,2.27647429
4627,2.27647429
4628,2.27647429
4629,2.27647429
4630,2.27647429
4631,2.27647429
4632,2.27647429
4633,2.27647429
4634,2.27647429
4635,2.27647429
4636,2.27647429
4637,2.27647429
4638,2.27647429
4639,2.27647429
4640,2.27647429
4641,2.27647429
4642,2.27647429
4643,2.27647429
4644,2.27647429
4645,2.27647429
4646,2.3064684
4647,2.3064684
4648,2.3064684
4649,2.3064684
4650,2.3064684
4651,2.3064684
4652,2.3064684
4653,2.3064684
4654,2.3064684
4655,2.3064684
4656,2.3064684
4657,2.3064684
4658,2.3064684
4659,2.3064684
4660,2.3064684
4661,2.3064684
4662,2.3064684
4663,2.3064684
4664,2.3064684
4665,2.3064684
4666,2.3064684
4667,2.3064684
4668,2.3064684
4669,2.3064684
4670,2.3064684
4671,2.3064684
4672,2.27647429
4673,2.27647429
4674,2.27647429
4675,2.27647429
4676,2.27647429
4677,2.27647429
4678,2.27647429
4679,2.27647429
4680,2.27647429
4681,2.27647429
4682,2.27647429
4683,2.27647429
4684,2.27647429
4685,2.27647429
4686,2.27647429
4687,2.27647429
4688,2.27647429
4689,2.27647429
4690,2.27647429
4691,2.27647429
4692,2.27647429
4693,2.27647429
4694,2.27647429
4695,2.27647429
4696,2.27647429
4697,2.27647429
4698,2.27647429
4699,2.27647429
4700,2.27647429
4701,2.27647429
4702,2.27647429
4703,2.27647429
4704,2.27647429
4705,2.27647429
4706,2.27647429
4707,2.2669629
4708,2.2669629
4709,2.2669629
4710,2.2669629
4711,2.2669629
4712,2.2669629
4713,2.2669629
4714,2.2669629
4715,2.2669629
4716,2.2669629
4717,2.2669629
4718,2.2669629
4719,2.2669629
4720,2.2669629
4721,2.2669629
4722,2.2949933
4723,2.2949933
4724,2.2669629
4725,2.2669629
4726,2.2669629
4727,2.2669629
4728,2.2669629
4729,2.2669629
4730,2.2669629
4731,2.2669629
4732,2.2669629
4733,2.2669629
4734,2.2669629
4735,2.2669629
4736,2.2669629
4737,2.2669629
4738,2.2669629
4739,2.2669629
4740,2.2669629
4741,2.2669629
4742,2.2669629
4743,2.2669629
4744,2.2669629
4745,2.2669629
4746,2.2669629
4747,2.2669629
4748,2.2669629
4749,2.2669629
4750,2.2669629
4751,2.2669629
4752,2.2669629
4753,2.2669629
4754,2.2669629
4755,2.2669629
4756,2.2669629
4757,2.2669629
4758,2.2669629
4759,2.2669629
4760,2.2669629
4761,2.2669629
4762,2.2669629
4763,2.2669629
4764,2.2669629
4765,2.2669629
4766,2.2669629
4767,2.2669629
4768,2.2669629
4769,2.2669629
4770,2.2669629
4771,2.2669629
4772,2.2669629
4773,2.2669629
4774,2.2669629
4775,2.2669629
4776,2.2669629
4777,2.2669629
4778,2.2669629
4779,2.2669629
4780,2.2669629
4781,2.2669629
4782,2.2669629
4783,2.2669629
4784,2.30186286
4785,2.30186286
4786,2.30186286
4787,2.30186286
4788,2.30186286
4789,2.30186286
4790,2.30186286
4791,2.30186286
4792,2.30186286
4793,2.30186286
4794,2.30186286
4795,2.30186286
4796,2.30186286
4797,2.30186286
4798,2.30186286
4799,2.30186286
4800,2.30186286
4801,2.30186286
4802,2.30186286
4803,2.30186286
4804,2.30186286
4805,2.30186286
4806,2.30186286
4807,2.30186286
4808,2.30186288
4809,2.30186289
4810,2.30186289
4811,2.30186289
4812,2.30186289
4813,2.30186289
4814,2.30646838
4815,2.30646838
4816,2.30990637
4817,2.30990637
4818,2.30990637
4819,2.30990637
4820,2.30990637
4821,2.30990637
4822,2.30990637
4823,2.30990637
4824,2.30990637
4825,2.30990637
4826,2.30990637
4827,2.30990637
4828,2.30990637
4829,2.30990637
4830,2.30186306
4831,2.30186306
4832,2.30186306
4833,2.30186308
4834,2.30186308
4835,2.30186308
4836,2.30186308
4837,2.30186308
4838,2.30186308
4839,2.30186308
4840,2.30186308
4841,2.30186308
4842,2.30186308
4843,2.30186308
4844,2.30186308
4845,2.30186308
4846,2.30186308
4847,2.30186308
4848,2.30186308
4849,2.30186308
4850,2.30186308
4851,2.30186308
4852,2.30186308
4853,2.30186308
4854,2.30186308
4855,2.30186308
4856,2.30186308
4857,2.30186308
4858,2.30186308
4859,2.30186308
4860,2.30186308
4861,2.30186308
4862,2.30186308
4863,2.30186308
4864,2.30186288
4865,2.30186288
4866,2.30186288
4867,2.30186288
4868,2.30186288
4869,2.30186288
4870,2.30186288
4871,2.30186288
4872,2.30186288
4873,2.30186288
4874,2.30186288
4875,2.30186288
4876,2.30186288
4877,2.28459901
4878,2.28459901
4879,2.28459901
4880,2.28459901
4881,2.28459901
4882,2.28459901
4883,2.28459901
4884,2.28459901
4885,2.28459901
4886,2.28459901
4887,2.28459901
4888,2.28459901
4889,2.28459901
4890,2.28459901
4891,2.28459901
4892,2.33149327
4893,2.33149327
4894,2.33149327
4895,2.33149327
4896,2.33149327
4897,2.33149327
4898,2.33149327
4899,2.33149327
4900,2.33149327
4901,2.33149327
4902,2.33149327
4903,2.33149327
4904,2.33149327
4905,2.33149327
4906,2.33149327
4907,2.33149327
4908,2.33149327
4909,2.33149327
4910,2.33149327
4911,2.33149327
4912,2.33149327
4913,2.33149327
4914,2.33149327
4915,2.33149327
4916,2.33149327
4917,2.33149327
4918,2.33149327
4919,2.33149327
4920,2.33149327
4921,2.33149327
4922,2.30186289
4923,2.30186289
4924,2.30186289
4925,2.30186289
4926,2.30186289
4927,2.30186289
4928,2.30186289
4929,2.30186289
4930,2.30186289
4931,2.30186289
4932,2.30186289
4933,2.30186289
4934,2.30186289
4935,2.30186289
4936,2.30186289
4937,2.30186289
4938,2.30186289
4939,2.30186289
4940,2.30186289
4941,2.30186289
4942,2.30186289
4943,2.30186289
4944,2.30186289
4945,2.30186289
4946,2.30186289
4947,2.28459898
4948,2.28459898
4949,2.28459898
4950,2.28459898
4951,2.28459898
4952,2.28459898
4953,2.28459898
4954,2.28459898
4955,2.28459898
4956,2.28459898
4957,2.28459898
4958,2.28459898
4959,2.28459898
4960,2.28459898
4961,2.28459898
4962,2.28459898
4963,2.28459898
4964,2.28459898
4965,2.28459898
4966,2.28459898
4967,2.28459898
4968,2.28459898
4969,2.28459898
4970,2.28459898
4971,2.28459898
4972,2.28459898
4973,2.28459898
4974,2.28459898
4975,2.28459898
4976,2.28459898
4977,2.28459898
4978,2.28459898
4979,2.28459898
4980,2.28459898
4981,2.28459898
4982,2.28459898
4983,2.28459898
4984,2.28459898
4985,2.28459898
4986,2.28459898
4987,2.28459898
4988,2.28459898
4989,2.28459898
4990,2.28459898
4991,2.28459898
4992,2.28459898
4993,2.28459898
4994,2.28459898
4995,2.28459898
4996,2.28459898
4997,2.28459898
4998,2.28459898
4999,2.28459898
5000,2.28459898
5001,2.28459898
5002,2.28459898
5003,2.28459898
5004,2.28459898
5005,2.28459898
5006,2.30186268
5007,2.30186268
5008,2.30186268
5009,2.30186268
5010,2.30186268
5011,2.30186268
5012,2.30186268
5013,2.30186268
5014,2.30186268
5015,2.30186268
5016,2.30186268
5017,2.30186268
5018,2.30186268
5019,2.30186268
5020,2.30186268
5021,2.30186268
5022,2.30186268
5023,2.30186268
5024,2.30186268
5025,2.30186268
5026,2.30186268
5027,2.30186268
5028,2.30186268
5029,2.30186268
5030,2.30186268
5031,2.30186268
5032,2.30186268
5033,2.30186268
5034,2.30186268
5035,2.30186268
5036,2.30186268
5037,2.30186268
5038,2.30186268
5039,2.30186268
5040,2.30186268
5041,2.30186268
5042,2.30186268
5043,2.30186268
5044,2.30186268
5045,2.30186268
5046,2.30186268
5047,2.30186268
5048,2.30186268
5049,2.30186268
5050,2.30186268
5051,2.30186268
5052,2.30186268
5053,2.30186268
5054,2.30186268
5055,2.30186268
5056,2.30186268
5057,2.30186268
5058,2.30186268
5059,2.30186268
5060,2.30186268
5061,2.30186268
5062,2.30186268
5063,2.30186268
5064,2.30186268
5065,2.30186268
5066,2.30186268
5067,2.30186268
5068,2.30186268
5069,2.30186268
5070,2.30186268
5071,2.30186268
5072,2.30186268
5073,2.30186268
5074,2.30186268
5075,2.30186268
5076,2.30186268
5077,2.30186268
5078,2.30186268
5079,2.30186268
5080,2.30186268
5081,2.30186268
5082,2.30186268
5083,2.30186268
5084,2.30186268
5085,2.30186268
5086,2.30186268
5087,2.30186268
5088,2.30186268
5089,2.30186268
5090,2.30186268
5091,2.30186268
5092,2.30186268
5093,2.30186268
5094,2.30186268
5095,2.30186268
5096,2.30186268
5097,2.30186268
5098,2.30186268
5099,2.30186268
5100,2.30186268
5101,2.30186268
5102,2.30186268
5103,2.30186268
5104,2.30186268
5105,2.30186268
5106,2.30186268
5107,2.30186268
5108,2.30186268
5109,2.30186268
5110,2.30186268
5111,2.30186268
5112,2.30186268
5113,2.30186268
5114,2.30186268
5115,2.30186268
5116,2.30186268
5117,2.30186268
5118,2.30186268
5119,2.30186268
5120,2.30186268
5121,2.30186268
5122,2.30186268
5123,2.30186268
5124,2.30186287
5125,2.30186287
5126,2.30186289
5127,2.30186289
5128,2.30186289
5129,2.30186289
5130,2.30186289
5131,2.30186289
5132,2.30186289
5133,2.30186289
5134,2.30186289
5135,2.30186289
5136,2.30186289
5137,2.30186289
5138,2.30186289
5139,2.30186289
5140,2.30186289
5141,2.30186289
5142,2.30186289
5143,2.30186289
5144,2.30186289
5145,2.30186289
5146,2.30186289
5147,2.30186289
5148,2.30186289
5149,2.30186289
5150,2.30186289
5151,2.30186289
5152,2.30186289
5153,2.30186289
5154,2.30186289
5155,2.30186289
5156,2.30186289
5157,2.30186289
5158,2.30186289
5159,2.30186289
5160,2.30186289
5161,2.30186289
5162,2.30186289
5163,2.30186289
5164,2.30186289
5165,2.30186289
5166,2.30186289
5167,2.30186289
5168,2.30186289
5169,2.30186289
5170,2.30186289
5171,2.30186289
5172,2.30186289
5173,2.30186289
5174,2.30186289
5175,2.30186289
5176,2.30186289
5177,2.30186289
5178,2.30186289
5179,2.30186289
5180,2.30186289
5181,2.30186289
5182,2.30186289
5183,2.30186289
5184,2.30186289
5185,2.30186289
5186,2.30186289
5187,2.30186289
5188,2.30186289
5189,2.30186289
5190,2.30186289
5191,2.30186289
5192,2.30186289
5193,2.30186289
5194,2.30186289
5195,2.30186289
5196,2.30186289
5197,2.30186289
5198,2.30186289
5199,2.30186289
5200,2.30186289
5201,2.30186289
5202,2.30186289
5203,2.30186289
5204,2.30186289
5205,2.30186289
5206,2.30186289
5207,2.30186289
5208,2.30186289
5209,2.30186289
5210,2.30186289
5211,2.30186289
5212,2.30186289
5213,2.30186289
5214,2.30186289
5215,2.30186289
5216,2.30186289
5217,2.30186289
5218,2.30186289
5219,2.30186289
5220,2.30186289
5221,2.30186289
5222,2.30186289
5223,2.30186289
5224,2.30186289
5225,2.30186289
5226,2.30186289
5227,2.30186289
5228,2.30186289
5229,2.30186289
5230,2.30186289
5231,2.30186289
5232,2.30186289
5233,2.30186289
5234,2.30186289
5235,2.30186289
5236,2.30186289
5237,2.30186289
5238,2.30186289
5239,2.30186289
5240,2.30186289
5241,2.30186289
5242,2.30186289
5243,2.30186289
5244,2.30186289
5245,2.30186289
5246,2.30186289
5247,2.30186289
5248,2.30186289
5249,2.30186289
5250,2.30186289
5251,2.30186289
5252,2.30186289
5253,2.30186289
5254,2.30186289
5255,2.30186289
5256,2.30186289
5257,2.30186289
5258,2.30186289
5259,2.30186289
5260,2.30186289
5261,2.30186289
5262,2.30186289
5263,2.30186289
5264,2.30186289
5265,2.30186289
5266,2.30186289
5267,2.30186289
5268,2.30186289
5269,2.30186289
5270,2.30186289
5271,2.30186289
5272,2.30186289
5273,2.30186289
5274,2.30186289
5275,2.30186289
5276,2.30186289
5277,2.30186289
5278,2.30186289
5279,2.30186289
5280,2.30186289
5281,2.30186289
5282,2.30186289
5283,2.30186289
5284,2.30186289
5285,2.30186289
5286,2.30186289
5287,2.30186289
5288,2.30186289
5289,2.30186289
5290,2.30186289
5291,2.30186289
5292,2.30186289
5293,2.30186289
5294,2.30186289
5295,2.30186289
5296,2.30186289
5297,2.30186289
5298,2.30186289
5299,2.30186289
5300,2.30186289
5301,2.30186289
5302,2.30186289
5303,2.30186289
5304,2.30186289
5305,2.30186289
5306,2.30186289
5307,2.30186289
5308,2.30186289
5309,2.30186289
5310,2.30186289
5311,2.30186289
5312,2.30186289
5313,2.30186289
5314,2.30186289
5315,2.30186289
5316,2.30186289
5317,2.30186289
5318,2.30186289
5319,2.30186289
5320,2.30186289
5321,2.30186289
5322,2.30186289
5323,2.30186289
5324,2.30186289
5325,2.30186289
5326,2.30186289
5327,2.30186289
5328,2.30186289
5329,2.30186289
5330,2.30186289
5331,2.30186289
5332,2.30186289
5333,2.30186289
5334,2.30186289
5335,2.30186289
5336,2.26330766
5337,2.26330766
5338,2.26330766
5339,2.26330766
5340,2.26330766
5341,2.30740746
5342,2.30740746
5343,2.30740746
5344,2.30740746
5345,2.30740746
5346,2.30740746
5347,2.30781386
5348,2.30781386
5349,2.30781386
5350,2.30781386
5351,2.30781386
5352,2.31448832
5353,2.31533263
5354,2.31533263
5355,2.31833565
5356,2.31833565
5357,2.31833565
5358,2.31833565
5359,2.31833565
5360,2.31833565
5361,2.31833565
5362,2.31833565
5363,2.31833565
5364,2.31833565
5365,2.32425926
5366,2.26490794
5367,2.26490794
5368,2.26490794
5369,2.26490794
5370,2.26490794
5371,2.26490794
5372,2.26490794
5373,2.26490794
5374,2.26490794
5375,2.26490794
5376,2.26490794
5377,2.26490794
5378,2.26490794
5379,2.3146829
5380,2.31893983
5381,2.32229675
5382,2.32229675
5383,2.32229675
5384,2.32229675
5385,2.32229675
5386,2.32229675
5387,2.32229675
5388,2.33149316
5389,2.33149316
5390,2.33149316
5391,2.33149316
5392,2.33149316
5393,2.33149316
5394,2.33149316
5395,2.33149316
5396,2.33149316
5397,2.33149316
5398,2.33149316
5399,2.33149316
5400,2.33149316
5401,2.33149316
5402,2.33149316
5403,2.32979149
5404,2.33186305
5405,2.33186305
5406,2.33186305
5407,2.33186305
5408,2.33279476
5409,2.33279476
5410,2.33279476
5411,2.33279476
5412,2.33279476
5413,2.33279476
5414,2.33279476
5415,2.33279476
5416,2.33279476
5417,2.33279476
5418,2.33279476
5419,2.33279476
5420,2.33279476
5421,2.33279476
5422,2.33279476
5423,2.33279476
5424,2.33279476
5425,2.33279476
5426,2.33279476
5427,2.33279476
5428,2.33279476
5429,2.33279476
5430,2.33279476
5431,2.33279476
5432,2.33279476
5433,2.33279476
5434,2.33279476
5435,2.33279476
5436,2.33279476
5437,2.33279476
5438,2.33279476
5439,2.33279476
5440,2.33279476
5441,2.33279476
5442,2.33279476
5443,2.33279476
5444,2.33279476
5445,2.33279476
5446,2.33461827
5447,2.33461827
5448,2.33461827
5449,2.33461827
5450,2.33461827
5451,2.33461827
5452,2.33461827
5453,2.33461827
5454,2.33461827
5455,2.33461827
5456,2.33461827
5457,2.33461827
5458,2.33461827
5459,2.33461827
5460,2.33461827
5461,2.33461827
5462,2.33461827
5463,2.33461827
5464,2.33461827
5465,2.33461827
5466,2.33461827
5467,2.33461827
5468,2.33461827
5469,2.33461827
5470,2.33461827
5471,2.33461827
5472,2.33461827
5473,2.33461827
5474,2.33461827
5475,2.33461827
5476,2.33461827
5477,2.33461827
5478,2.33461827
5479,2.33461827
5480,2.33461827
5481,2.33461827
5482,2.33461827
5483,2.33461827
5484,2.33461827
5485,2.33461827
5486,2.33461827
5487,2.33461827
5488,2.33461827
5489,2.33461827
5490,2.33461827
5491,2.33461827
5492,2.33461827
5493,2.33461827
5494,2.33461827
5495,2.33461827
5496,2.33461827
5497,2.32999999
5498,2.32999999
5499,2.32999999
5500,2.32999999
5501,2.32999999
5502,2.32999999
5503,2.32999999
5504,2.32999999
5505,2.32999999
5506,2.32999999
5507,2.34491687
5508,2.34491687
5509,2.34491687
5510,2.34491687
5511,2.29831246
5512,2.29831246
5513,2.29841251
5514,2.29841251
5515,2.29841251
5516,2.29841255
5517,2.29841255
5518,2.29841255
5519,2.29841255
5520,2.29841255
5521,2.29841255
5522,2.29841255
5523,2.29841255
5524,2.29841255
5525,2.29841255
5526,2.29841255
5527,2.29841255
5528,2.29841255
5529,2.29841255
5530,2.29841255
5531,2.29901263
5532,2.33649947
5533,2.33724679
5534,2.33724679
5535,2.33724679
5536,2.33883597
5537,2.33883597
5538,2.33883597
5539,2.33883597
5540,2.33883597
5541,2.33883597
5542,2.33883597
5543,2.33883597
5544,2.33883597
5545,2.33883597
5546,2.33883597
5547,2.33883597
5548,2.33883597
5549,2.33883597
5550,2.33883597
5551,2.33883597
5552,2.33883597
5553,2.33883597
5554,2.33883597
5555,2.33883597
5556,2.33883597
5557,2.33883597
5558,2.33883597
5559,2.33883597
5560,2.33883597
5561,2.33883597
5562,2.33883597
5563,2.33883597
5564,2.33883597
5565,2.33883597
5566,2.33883597
5567,2.33883597
5568,2.33883597
5569,2.33883597
5570,2.33883597
5571,2.33883597
5572,2.33883597
5573,2.33883597
5574,2.33883597
5575,2.34491675
5576,2.34491687
5577,2.34491687
5578,2.34491687
5579,2.34491687
5580,2.34491687
5581,2.34492037
5582,2.34492037
5583,2.34726529
5584,2.34726529
5585,2.34726529
5586,2.34726529
5587,2.34726529
5588,2.34726529
5589,2.34726529
5590,2.34726529
5591,2.34726529
5592,2.34726529
5593,2.34726529
5594,2.34726529
5595,2.34726529
5596,2.34726529
5597,2.34726529
5598,2.34726529
5599,2.34726529
5600,2.34726529
5601,2.34726529
5602,2.34726529
5603,2.34726529
5604,2.34726529
5605,2.34726529
5606,2.34691108
5607,2.34691108
5608,2.35060516
5609,2.352
5610,2.352
5611,2.352
5612,2.352
5613,2.352
5614,2.352
5615,2.352
5616,2.352
5617,2.352
5618,2.352
5619,2.352
5620,2.352
5621,2.352
5622,2.352
5623,2.352
5624,2.352
5625,2.352
5626,2.31416
5627,2.31416
5628,2.31416
5629,2.31416
5630,2.31416
5631,2.31416
5632,2.31416
5633,2.31416
5634,2.31416
5635,2.31416
5636,2.31416
5637,2.31416
5638,2.31416
5639,2.31416
5640,2.31416
5641,2.31416
5642,2.31416
5643,2.31416
5644,2.31416
5645,2.31416
5646,2.31416
5647,2.31416
5648,2.31416
5649,2.31416
5650,2.31416
5651,2.31416
5652,2.31416
5653,2.31416
5654,2.34407801
5655,2.34407801
5656,2.34407801
5657,2.34407801
5658,2.34407801
5659,2.33870923
5660,2.34407801
5661,2.34407801
5662,2.34594562
5663,2.34594562
5664,2.34594562
5665,2.34594562
5666,2.34594562
5667,2.34594562
5668,2.34594562
5669,2.34594562
5670,2.34594562
5671,2.34594562
5672,2.34594562
5673,2.34594562
5674,2.34594562
5675,2.34594562
5676,2.34594562
5677,2.34594562
5678,2.34594562
5679,2.34594562
5680,2.34594562
5681,2.34594562
5682,2.34594562
5683,2.34594562
5684,2.35339952
5685,2.31606103
5686,2.31606103
5687,2.31606103
5688,2.31606103
5689,2.31606103
5690,2.31606103
5691,2.31606103
5692,2.31606103
5693,2.31606103
5694,2.3546017
5695,2.35268016
5696,2.35268016
5697,2.35268016
5698,2.35268016
5699,2.35268016
5700,2.35268016
5701,2.35268016
5702,2.35268016
5703,2.35268016
5704,2.35268016
5705,2.35268016
5706,2.35268016
5707,2.35268016
5708,2.35268016
5709,2.35268016
5710,2.35268016
5711,2.35268016
5712,2.35268016
5713,2.35268016
5714,2.35268016
5715,2.35268016
5716,2.35268016
5717,2.35268016
5718,2.35268016
5719,2.35268016
5720,2.35268016
5721,2.35268016
5722,2.35268016
5723,2.35268016
5724,2.35268016
5725,2.35268016
5726,2.35268016
5727,2.3477283
5728,2.3477283
5729,2.3477283
5730,2.3477283
5731,2.3477283
5732,2.3477283
5733,2.32824519
5734,2.32824519
5735,2.32824519
5736,2.32824519
5737,2.32824519
5738,2.32824519
5739,2.32824519
5740,2.32824519
5741,2.32824519
5742,2.35148144
5743,2.35335686
5744,2.35491227
5745,2.35526156
5746,2.35526156
5747,2.35526156
5748,2.35526156
5749,2.35526156
5750,2.36180907
5751,2.36180907
5752,2.36180907
5753,2.36180907
5754,2.36180907
5755,2.36180907
5756,2.36180907
5757,2.36180907
5758,2.36180907
5759,2.36180907
5760,2.35785639
5761,2.35785639
5762,2.35785639
5763,2.35785639
5764,2.35785639
5765,2.35785639
5766,2.35785639
5767,2.35785639
5768,2.35785639
5769,2.35785639
5770,2.35785639
5771,2.35785639
5772,2.36244227
5773,2.36244227
5774,2.36244227
5775,2.36244227
5776,2.36244227
5777,2.36244227
5778,2.36244227
5779,2.36244227
5780,2.36615232
5781,2.36615232
5782,2.36615232
5783,2.36868816
5784,2.36868816
5785,2.36868816
5786,2.36868816
5787,2.3730579
5788,2.37183286
5789,2.3781412
5790,2.3840706
5791,2.3840706
5792,2.3840706
5793,2.3840706
5794,2.3840706
5795,2.3840706
5796,2.38488489
5797,2.38488489
5798,2.38488489
5799,2.38488489
5800,2.38488489
5801,2.38488489
5802,2.38488489
5803,2.3866852
5804,2.3866852
5805,2.3866852
5806,2.38438102
5807,2.38678972
5808,2.38678972
5809,2.38678972
5810,2.38678972
5811,2.38682535
5812,2.38795027
5813,2.39
5814,2.39
5815,2.39
5816,2.39
5817,2.39420249
5818,2.39420249
5819,2.39420249
5820,2.39420249
5821,2.39075508
5822,2.39075508
5823,2.39075508
5824,2.39075508
5825,2.39075508
5826,2.39075508
5827,2.39075508
5828,2.39075508
5829,2.39075508
5830,2.39075508
5831,2.39075508
5832,2.39075508
5833,2.39075508
5834,2.39075508
5835,2.39075508
5836,2.39075508
5837,2.39075508
5838,2.39075508
5839,2.39075508
5840,2.39075508
5841,2.39075508
5842,2.39075508
5843,2.39075508
5844,2.39075508
5845,2.39075508
5846,2.39075508
5847,2.39075508
5848,2.39075508
5849,2.38419326
5850,2.38423579
5851,2.38423579
5852,2.38423579
5853,2.38423579
5854,2.38423579
5855,2.38562159
5856,2.38562159
5857,2.38748758
5858,2.38748758
5859,2.39480421
5860,2.3965331
5861,2.3965331
5862,2.39562797
5863,2.39562797
5864,2.39562797
5865,2.39562797
5866,2.39562797
5867,2.39775266
5868,2.39586595
5869,2.39757897
5870,2.39757897
5871,2.39757897
5872,2.39757897
5873,2.39757897
5874,2.39757897
5875,2.39583639
5876,2.39583639
5877,2.39583639
5878,2.39115397
5879,2.39115397
5880,2.39265417
5881,2.39265417
5882,2.39103649
5883,2.39103649
5884,2.39103649
5885,2.39103649
5886,2.39103649
5887,2.39103649
5888,2.39103649
5889,2.39103649
5890,2.39103649
5891,2.39103649
5892,2.39103649
5893,2.39103649
5894,2.39103649
5895,2.39103649
5896,2.39103649
5897,2.39103649
5898,2.39103649
5899,2.39103649
5900,2.39103649
5901,2.39103649
5902,2.39103649
5903,2.39103649
5904,2.39103649
5905,2.39103649
5906,2.39103649
5907,2.39103649
5908,2.39103649
5909,2.39103649
5910,2.39103649
5911,2.39103649
5912,2.39103649
5913,2.39103649
5914,2.39103649
5915,2.38984368
5916,2.395704
5917,2.395704
5918,2.395704
5919,2.395704
5920,2.395704
5921,2.395704
5922,2.40052329
5923,2.40052329
5924,2.40052329
5925,2.40052329
5926,2.40052329
5927,2.40052329
5928,2.40052329
5929,2.40052329
5930,2.40052329
5931,2.40052329
5932,2.39377037
5933,2.39377037
5934,2.39377037
5935,2.39377037
5936,2.40308195
5937,2.40308195
5938,2.40308195
5939,2.40308195
5940,2.40308195
5941,2.40323395
5942,2.40323395
5943,2.40984521
5944,2.41667881
5945,2.41667881
5946,2.41667881
5947,2.41667881
5948,2.41667881
5949,2.41667881
5950,2.41667881
5951,2.42611484
5952,2.42611485
5953,2.42611485
5954,2.42611485
5955,2.42611485
5956,2.42611485
5957,2.42611485
5958,2.42611485
5959,2.42611485
5960,2.42611485
5961,2.42767982
5962,2.42767982
5963,2.42767983
5964,2.42767983
5965,2.42767983
5966,2.42767983
5967,2.43232916
5968,2.43232916
5969,2.43232916
5970,2.43232916
5971,2.43232916
5972,2.43232916
5973,2.43232916
5974,2.43232916
5975,2.43232916
5976,2.43751482
5977,2.43751482
5978,2.43751482
5979,2.43751482
5980,2.43751482
5981,2.43751482
5982,2.43751482
5983,2.43751482
5984,2.43751482
5985,2.43751482
5986,2.43751482
5987,2.43751482
5988,2.43800833
5989,2.43800833
5990,2.43800833
5991,2.43800833
5992,2.43800833
5993,2.43800833
5994,2.43800833
5995,2.43800833
5996,2.43800833
5997,2.43800833
5998,2.43800833
5999,2.43800833
6000,2.43800833
6001,2.42088406
6002,2.42088406
6003,2.42088406
6004,2.42088406
6005,2.42088406
6006,2.42088406
6007,2.42088406
6008,2.42088406
6009,2.42088406
6010,2.42088406
6011,2.42088406
6012,2.42088406
6013,2.42088406
6014,2.42088406
6015,2.42088406
6016,2.42088406
6017,2.42088406
6018,2.42088406
6019,2.42088406
6020,2.42088406
6021,2.42088406
6022,2.42088406
6023,2.42088406
6024,2.42088406
6025,2.42088406
6026,2.42088406
6027,2.42088406
6028,2.42088406
6029,2.42088406
6030,2.42088406
6031,2.41728165
6032,2.41728165
6033,2.41728165
6034,2.41728165
6035,2.41728165
6036,2.41728165
6037,2.41728165
6038,2.41728165
6039,2.41728165
6040,2.41728165
6041,2.41728165
6042,2.41728165
6043,2.4224318
6044,2.4224318
6045,2.4224318
6046,2.41956927
6047,2.41956927
6048,2.41956927
6049,2.41956927
6050,2.41956927
6051,2.41956927
6052,2.41956927
6053,2.41956927
6054,2.41956927
6055,2.41956927
6056,2.41956927
6057,2.41956927
6058,2.41956927
6059,2.41956927
6060,2.41956927
6061,2.40989552
6062,2.40989552
6063,2.41237844
6064,2.41237844
6065,2.41237844
6066,2.41237844
6067,2.41237844
6068,2.41237844
6069,2.41237844
6070,2.41237844
6071,2.41237844
6072,2.41237844
6073,2.41237844
6074,2.41237844
6075,2.41237844
6076,2.41237844
6077,2.41237844
6078,2.41237844
6079,2.41237844
6080,2.41237844
6081,2.41237844
6082,2.41237844
6083,2.41237844
6084,2.41237844
6085,2.41237844
6086,2.41135437
6087,2.41135437
6088,2.41135437
6089,2.41135437
6090,2.41135437
6091,2.41135437
6092,2.41135437
6093,2.41135437
6094,2.41135437
6095,2.41135437
6096,2.41135437
6097,2.41135437
6098,2.41135437
6099,2.41135437
6100,2.41135437
6101,2.41135437
6102,2.41135437
6103,2.41135437
6104,2.41135437
6105,2.41135437
6106,2.41135437
6107,2.41135437
6108,2.41135437
6109,2.41135437
6110,2.41135437
6111,2.41135437
6112,2.41135437
6113,2.41135437
6114,2.41135437
6115,2.41135437
6116,2.41135437
6117,2.41135437
6118,2.41135437
6119,2.41135437
6120,2.41135437
6121,2.41135437
6122,2.41135437
6123,2.41135437
6124,2.41135437
6125,2.41135437
6126,2.41135437
6127,2.41135437
6128,2.41135437
6129,2.41135437
6130,2.41135437
6131,2.41135437
6132,2.41135437
6133,2.41135437
6134,2.41135437
6135,2.41135437
6136,2.41135437
6137,2.41135437
6138,2.41135437
6139,2.41135437
6140,2.41135437
6141,2.41135437
6142,2.41135437
6143,2.41135437
6144,2.41135437
6145,2.41135437
6146,2.41135437
6147,2.41135437
6148,2.41135437
6149,2.41135437
6150,2.41135437
6151,2.41135437
6152,2.41135437
6153,2.41135437
6154,2.41135437
6155,2.41135437
6156,2.41135437
6157,2.41135437
6158,2.41135437
6159,2.41135437
6160,2.41135437
6161,2.41135437
6162,2.41135437
6163,2.41135437
6164,2.41135437
6165,2.41135437
6166,2.41135437
6167,2.40801564
6168,2.40801564
6169,2.40801564
6170,2.40835561
6171,2.40835561
6172,2.40835561
6173,2.41158793
6174,2.41158793
6175,2.41158793
6176,2.41158793
6177,2.41158793
6178,2.41158793
6179,2.41158793
6180,2.41158793
6181,2.41158793
6182,2.41158793
6183,2.41158793
6184,2.41158793
6185,2.41158793
6186,2.41158793
6187,2.41158793
6188,2.41158793
6189,2.41158793
6190,2.41158793
6191,2.41158793
6192,2.41158793
6193,2.41158793
6194,2.41158793
6195,2.41158793
6196,2.41158793
6197,2.41158793
6198,2.41158793
6199,2.41158793
6200,2.41158793
6201,2.41158793
6202,2.41158793
6203,2.40813197
6204,2.40813197
6205,2.40813197
6206,2.40813197
6207,2.40813197
6208,2.40813197
6209,2.40813197
6210,2.40813197
6211,2.40813197
6212,2.40813197
6213,2.40813197
6214,2.40813197
6215,2.40466364
6216,2.40466364
6217,2.40331766
6218,2.40331766
6219,2.40331766
6220,2.40331766
6221,2.40709334
6222,2.40709334
6223,2.40709334
6224,2.40709334
6225,2.40709334
6226,2.40709334
6227,2.40709334
6228,2.40901893
6229,2.40901893
6230,2.40901893
6231,2.40901893
6232,2.4224318
6233,2.4224318
6234,2.4224318
6235,2.4224318
6236,2.4224318
6237,2.4224318
6238,2.4224318
6239,2.4224318
6240,2.4224318
6241,2.4224318
6242,2.4224318
6243,2.4224318
6244,2.4224318
6245,2.4224318
6246,2.4224318
6247,2.4224318
6248,2.4224318
6249,2.4224318
6250,2.4224318
6251,2.4224318
6252,2.4224318
6253,2.4224318
6254,2.4224318
6255,2.4224318
6256,2.4224318
6257,2.4224318
6258,2.4224318
6259,2.4224318
6260,2.4224318
6261,2.4224318
6262,2.40792706
6263,2.40792706
6264,2.40792706
6265,2.40792706
6266,2.40792706
6267,2.40792706
6268,2.40792706
6269,2.40792706
6270,2.40792706
6271,2.40792706
6272,2.40792706
6273,2.40792706
