0,0.00259225
1,0.00259225
2,0.00259225
3,0.00259225
4,0.00259592
5,0.00259592
6,0.00259592
7,0.00259592
8,0.00259592
9,0.00259592
10,0.00259592
11,0.00259592
12,0.00259592
13,0.00259592
14,0.00256831
15,0.00256831
16,0.00256831
17,0.00256831
18,0.00256831
19,0.00256831
20,0.00256831
21,0.00256831
22,0.00256831
23,0.00256831
24,0.00256831
25,0.00256831
26,0.00256831
27,0.00256831
28,0.00256831
29,0.00256831
30,0.00256831
31,0.00256831
32,0.00256831
33,0.00256831
34,0.00256831
35,0.00256831
36,0.00256831
37,0.00256831
38,0.00256831
39,0.00256831
40,0.00256831
41,0.00256831
42,0.00256831
43,0.00256831
44,0.00256831
45,0.00256831
46,0.00256831
47,0.00256831
48,0.00256831
49,0.00256831
50,0.00256831
51,0.00256831
52,0.00256831
53,0.00256831
54,0.00256831
55,0.00256831
56,0.00256831
57,0.00256831
58,0.00256831
59,0.00256831
60,0.00256831
61,0.00256831
62,0.00256831
63,0.00256831
64,0.00256831
65,0.00256831
66,0.00256831
67,0.00256831
68,0.00256831
69,0.00256831
70,0.00256831
71,0.00256831
72,0.00256831
73,0.00256831
74,0.00256831
75,0.00256831
76,0.00256831
77,0.00256831
78,0.00256831
79,0.00256831
80,0.00256831
81,0.00256831
82,0.00256831
83,0.00256831
84,0.00256831
85,0.00256831
86,0.00256831
87,0.00256831
88,0.00256831
89,0.00256831
90,0.00256831
91,0.00256831
92,0.00256831
93,0.00256831
94,0.00256831
95,0.00256831
96,0.00256831
97,0.00256831
98,0.00256831
99,0.00256831
100,0.00256831
101,0.00256831
102,0.00256831
103,0.00256831
104,0.00256831
105,0.00256831
106,0.00256831
107,0.00256831
108,0.00256831
109,0.00256831
110,0.00256831
111,0.00256831
112,0.00256831
113,0.00256831
114,0.00256831
115,0.00256831
116,0.00256831
117,0.00256831
118,0.00256831
119,0.00256831
120,0.00256831
121,0.00256831
122,0.00256831
123,0.00256831
124,0.00256831
125,0.00256831
126,0.00256831
127,0.00256831
128,0.00256831
129,0.00256831
130,0.00256831
131,0.00256831
132,0.00256831
133,0.00256831
134,0.00256831
135,0.00256831
136,0.00256831
137,0.00256831
138,0.00256831
139,0.00256831
140,0.00256831
141,0.00256831
142,0.00256831
143,0.00256831
144,0.00256831
145,0.00256831
146,0.00256831
147,0.00256831
148,0.00256831
149,0.00256831
150,0.00256831
151,0.00256831
152,0.00256831
153,0.00256831
154,0.00256831
155,0.00256831
156,0.00256831
157,0.00256831
158,0.00256831
159,0.00256831
160,0.00256831
161,0.00256831
162,0.00256831
163,0.00256831
164,0.00256831
165,0.00256831
166,0.00256831
167,0.00256831
168,0.00256831
169,0.00256831
170,0.00256831
171,0.00256831
172,0.00256831
173,0.00256831
174,0.00256831
175,0.00256831
176,0.00256831
177,0.00256831
178,0.00256831
179,0.00256831
180,0.00256831
181,0.00256831
182,0.00256831
183,0.00256831
184,0.00256831
185,0.00256831
186,0.00256831
187,0.00256831
188,0.00256831
189,0.00256831
190,0.00256831
191,0.00256831
192,0.00256831
193,0.00256831
194,0.00256831
195,0.00256831
196,0.00256831
197,0.00256831
198,0.00256831
199,0.00256831
200,0.00256831
201,0.00256831
202,0.00256831
203,0.00256831
204,0.00256831
205,0.00256831
206,0.00256831
207,0.00256831
208,0.00256831
209,0.00256831
210,0.00256831
211,0.00256831
212,0.00256831
213,0.00256831
214,0.00256831
215,0.00256831
216,0.00256831
217,0.00256831
218,0.00256831
219,0.00256831
220,0.00256831
221,0.00256831
222,0.00256831
223,0.00256831
224,0.00256831
225,0.00256831
226,0.00256831
227,0.00256831
228,0.00256831
229,0.00256831
230,0.00256831
231,0.00253164
232,0.00253164
233,0.00253164
234,0.00253164
235,0.00253164
236,0.00253164
237,0.00253164
238,0.00253164
239,0.00253164
240,0.00253164
241,0.00253164
242,0.00253164
243,0.00253164
244,0.00253164
245,0.00253164
246,0.00253164
247,0.00253164
248,0.00253164
249,0.00253164
250,0.00253164
251,0.00253164
252,0.00253164
253,0.00253164
254,0.00253164
255,0.00253164
256,0.00253164
257,0.00253164
258,0.00253164
259,0.00253164
260,0.00253164
261,0.00253164
262,0.00253164
263,0.00253164
264,0.00253164
265,0.00253164
266,0.00253164
267,0.00253164
268,0.00253164
269,0.00253164
270,0.00253164
271,0.00253164
272,0.00253164
273,0.00253164
274,0.00253164
275,0.00253164
276,0.00253164
277,0.00253164
278,0.00253164
279,0.00253164
280,0.00253164
281,0.00253164
282,0.00253164
283,0.00253164
284,0.00253164
285,0.00253164
286,0.00253164
287,0.00253164
288,0.00253164
289,0.00253164
290,0.00253164
291,0.00253164
292,0.00253164
293,0.00253164
294,0.00253164
295,0.00253164
296,0.00253164
297,0.00253164
298,0.00253164
299,0.00253164
300,0.00253164
301,0.00253164
302,0.00253164
303,0.00253164
304,0.00253164
305,0.00253164
306,0.00253164
307,0.00253164
308,0.00253164
309,0.00253164
310,0.00253164
311,0.00253164
312,0.00253164
313,0.00253164
314,0.00253164
315,0.00253164
316,0.00253164
317,0.00253164
318,0.00253164
319,0.00253164
320,0.00253164
321,0.00253164
322,0.00253164
323,0.00253164
324,0.00253164
325,0.00253164
326,0.00253164
327,0.00253164
328,0.00253164
329,0.00253164
330,0.00253164
331,0.00253164
332,0.00253164
333,0.00253164
334,0.00253164
335,0.00253164
336,0.00253164
337,0.00253164
338,0.00253164
339,0.00253164
340,0.00253164
341,0.00253164
342,0.00253164
343,0.00253164
344,0.00253164
345,0.00253164
346,0.00253164
347,0.00253164
348,0.00253164
349,0.00253164
350,0.00253164
351,0.00253164
352,0.00253164
353,0.00253164
354,0.00253164
355,0.00253164
356,0.00253164
357,0.00253164
358,0.00253164
359,0.00253164
360,0.00253164
361,0.00253164
362,0.00253164
363,0.00253164
364,0.00253164
365,0.00253164
366,0.00253164
367,0.00253164
368,0.00253164
369,0.00253164
370,0.00253164
371,0.00253164
372,0.00253164
373,0.00253164
374,0.00253164
375,0.00253164
376,0.00253164
377,0.00253164
378,0.00253164
379,0.00253164
380,0.00253164
381,0.00253164
382,0.00253164
383,0.00253164
384,0.00253164
385,0.00253164
386,0.00253164
387,0.00253164
388,0.00253164
389,0.00253164
390,0.00253164
391,0.00253164
392,0.00253164
393,0.00253164
394,0.00253164
395,0.00253164
396,0.00253164
397,0.00253164
398,0.00253164
399,0.00253164
400,0.00253164
401,0.00253164
402,0.00253164
403,0.00253164
404,0.00253164
405,0.00253164
406,0.00253164
407,0.00253164
408,0.00253164
409,0.00253164
410,0.00253164
411,0.00253164
412,0.00253164
413,0.00253164
414,0.00253164
415,0.00253164
416,0.00253164
417,0.00253164
418,0.00253164
419,0.00253164
420,0.00253164
421,0.00253164
422,0.00253164
423,0.00253164
424,0.00253164
425,0.00253164
426,0.00253164
427,0.00253164
428,0.00253164
429,0.00253164
430,0.00253164
431,0.00253164
432,0.00253164
433,0.00253164
434,0.00253164
435,0.00253164
436,0.00253164
437,0.00253164
438,0.00253164
439,0.00253164
440,0.00253164
441,0.00253164
442,0.00253164
443,0.00253164
444,0.00253164
445,0.00253164
446,0.00253164
447,0.00253164
448,0.00253164
449,0.00253164
450,0.00253164
451,0.00253164
452,0.00253164
453,0.00253164
454,0.00253164
455,0.00253164
456,0.00253164
457,0.00253164
458,0.00253164
459,0.00253164
460,0.00253164
461,0.00253164
462,0.00253164
463,0.00253164
464,0.00253164
465,0.00253164
466,0.00253164
467,0.00253164
468,0.00253164
469,0.00253164
470,0.00253164
471,0.00253164
472,0.00253164
473,0.00253164
474,0.00253164
475,0.00253164
476,0.00253164
477,0.00253164
478,0.00253164
479,0.00253164
480,0.00253164
481,0.00253164
482,0.00253164
483,0.00253164
484,0.00253164
485,0.00253164
486,0.00253164
487,0.00253164
488,0.00253164
489,0.00253164
490,0.00253164
491,0.00253164
492,0.00253164
493,0.00253164
494,0.00253164
495,0.00253164
496,0.00253164
497,0.00253164
498,0.00253164
499,0.00253164
500,0.00253164
501,0.00253164
502,0.00253164
503,0.00253164
504,0.00253164
505,0.00253164
506,0.00253164
507,0.00253164
508,0.00253164
509,0.00253164
510,0.00253164
511,0.00253164
512,0.00253164
513,0.00253164
514,0.00253164
515,0.00253164
516,0.00253164
517,0.00253164
518,0.00253164
519,0.00253164
520,0.00253164
521,0.00253164
522,0.00253164
523,0.00253164
524,0.00253164
525,0.00253164
526,0.00253164
527,0.00253164
528,0.00253164
529,0.00253164
530,0.00253164
531,0.00253164
532,0.00253164
533,0.00253164
534,0.00253164
535,0.00253164
536,0.00253164
537,0.00253164
538,0.00253164
539,0.00253164
540,0.00253164
541,0.00253164
542,0.00253164
543,0.00253164
544,0.00253164
545,0.00253164
546,0.00253164
547,0.00253164
548,0.00253164
549,0.00253164
550,0.00253164
551,0.00253164
552,0.00253164
553,0.00258
554,0.00258
555,0.00258
556,0.00258
557,0.00258
558,0.00258
559,0.00258
560,0.00258
561,0.00258
562,0.00258
563,0.00258
564,0.00258
565,0.00258
566,0.00258
567,0.00258
568,0.00258
569,0.00258
570,0.00258
571,0.00258
572,0.00258
573,0.00258
574,0.00258
575,0.00258
576,0.00258
577,0.00258
578,0.00258
579,0.00258
580,0.00258
581,0.00258
582,0.00258
583,0.00258
584,0.00258
585,0.00258
586,0.00258
587,0.00258
588,0.00258
589,0.00258
590,0.00258
591,0.00258
592,0.00258
593,0.00258
594,0.00258
595,0.00258
596,0.00258
597,0.00258
598,0.00258
599,0.00258
600,0.00258
601,0.00258
602,0.00258
603,0.00258
604,0.00258
605,0.00258
606,0.00258
607,0.00258
608,0.00258
609,0.00258
610,0.00258
611,0.00258
612,0.00258
613,0.00258
614,0.00258
615,0.00258
616,0.00258
617,0.00258
618,0.00258
619,0.00258
620,0.00258
621,0.00258
622,0.00258
623,0.00258
624,0.00258
625,0.00258
626,0.00258
627,0.00258
628,0.00258
629,0.00258
630,0.00258
631,0.00258
632,0.00258
633,0.00258
634,0.00258
635,0.00258
636,0.00258
637,0.00258
638,0.00258
639,0.00258
640,0.00258
641,0.00258
642,0.00258
643,0.00258
644,0.00258
645,0.00258
646,0.00258
647,0.00258
648,0.00258
649,0.00258
650,0.00258
651,0.00258
652,0.00258
653,0.00258
654,0.00258
655,0.00258
656,0.00258
657,0.00258
658,0.00258
659,0.00258
660,0.00258
661,0.00258
662,0.00258
663,0.00258
664,0.00258
665,0.00258
666,0.00258
667,0.00258
668,0.00258
669,0.00258
670,0.00258
671,0.00258
672,0.00258
673,0.00258
674,0.00258
675,0.00258
676,0.00258
677,0.00258
678,0.00258
679,0.00258
680,0.00258
681,0.00258
682,0.00258
683,0.00258
684,0.00258
685,0.00258
686,0.00258
687,0.00258
688,0.00258
689,0.00258
690,0.00258
691,0.00258
692,0.00258
693,0.00258
694,0.00258
695,0.00258
696,0.00258
697,0.00258
698,0.00258
699,0.00258
700,0.00258
701,0.00258
702,0.00258
703,0.00258
704,0.00258
705,0.00258
706,0.00258
707,0.00258
708,0.00258
709,0.00258
710,0.00258
711,0.00258
712,0.00258
713,0.00258
714,0.00258
715,0.00258
716,0.00258
717,0.00258
718,0.00258
719,0.00258
720,0.00258
721,0.00258
722,0.00258
723,0.00258
724,0.00258
725,0.00258
726,0.00258
727,0.00258
728,0.00258
729,0.00258
730,0.00258
731,0.00258
732,0.00258
733,0.00258
734,0.00258
735,0.00258
736,0.00258
737,0.00258
738,0.00258
739,0.00258
740,0.00258
741,0.00258
742,0.00258
743,0.00258
744,0.00258
745,0.00258
746,0.00258
747,0.00258
748,0.00258
749,0.00258
750,0.00258
751,0.00258
752,0.00258
753,0.00258
754,0.00258
755,0.00258
756,0.00258
757,0.00258
758,0.00258
759,0.00258
760,0.00258
761,0.00258
762,0.00258
763,0.00258
764,0.00258
765,0.00258
766,0.00258
767,0.00258
768,0.00258
769,0.00258
770,0.00258
771,0.00258
772,0.00258
773,0.00258
774,0.00258
775,0.00258
776,0.00258
777,0.00258
778,0.00258
779,0.00258
780,0.00258
781,0.00258
782,0.00258
783,0.00258
784,0.00258
785,0.00258
786,0.00258
787,0.00258
788,0.00258
789,0.00258
790,0.00258
791,0.00258
792,0.00258
793,0.00258
794,0.00258
795,0.00258
796,0.00258
797,0.00258
798,0.00258
799,0.00258
800,0.00258
801,0.00258
802,0.00258
803,0.00258
804,0.00258
805,0.00258
806,0.00258
807,0.00258
808,0.00258
809,0.00258
810,0.00258
811,0.00258
812,0.00258
813,0.00258
814,0.00258
815,0.00258
816,0.00258
817,0.00258
818,0.00258
819,0.00258
820,0.00258
821,0.00258
822,0.00258
823,0.00258
824,0.00258
825,0.00258
826,0.00258
827,0.00258
828,0.00258
829,0.00258
830,0.00258
831,0.00258
832,0.00258
833,0.00258
834,0.00258
835,0.00258
836,0.00258
837,0.00258
838,0.00258
839,0.00258
840,0.00258
841,0.00258
842,0.00258
843,0.00258
844,0.00260834
845,0.00260834
846,0.00260834
847,0.00261502
848,0.00261502
849,0.00261502
850,0.00261502
851,0.00261502
852,0.00261502
853,0.00261502
854,0.00261502
855,0.00261502
856,0.00261502
857,0.00261502
858,0.00261502
859,0.00261502
860,0.00261502
861,0.00261502
862,0.00261502
863,0.00261502
864,0.00261502
865,0.00261502
866,0.00261502
867,0.00261502
868,0.00261502
869,0.00261502
870,0.00261502
871,0.00261502
872,0.00261502
873,0.00261502
874,0.00261502
875,0.00261502
876,0.00261502
877,0.00261502
878,0.00261502
879,0.00261502
880,0.00261502
881,0.00261502
882,0.00261502
883,0.00261502
884,0.00261502
885,0.00261502
886,0.00261502
887,0.00261502
888,0.00261502
889,0.00261502
890,0.00261502
891,0.00261502
892,0.00261502
893,0.00261502
894,0.00261502
895,0.00261502
896,0.00261502
897,0.00261502
898,0.00261502
899,0.00261502
900,0.00261502
901,0.00261502
902,0.00261502
903,0.00261502
904,0.00261502
905,0.00261502
906,0.00261502
907,0.00261502
908,0.00261502
909,0.00261502
910,0.00261502
911,0.00261502
912,0.00261502
913,0.00261502
914,0.00261502
915,0.00261502
916,0.00261502
917,0.00261502
918,0.00261502
919,0.00261502
920,0.00261502
921,0.00261502
922,0.00261502
923,0.00261502
924,0.00261502
925,0.00261502
926,0.00261502
927,0.00261502
928,0.00261502
929,0.00261502
930,0.00261502
931,0.00261502
932,0.00261502
933,0.00261502
934,0.00261502
935,0.00261502
936,0.00261502
937,0.00261502
938,0.00261502
939,0.00261502
940,0.00261502
941,0.00261502
942,0.00261502
943,0.00261502
944,0.00261502
945,0.00261502
946,0.00261502
947,0.00261502
948,0.00261502
949,0.00261502
950,0.00261502
951,0.00261502
952,0.00261502
953,0.00261502
954,0.00261502
955,0.00261502
956,0.00261502
957,0.00261502
958,0.00261502
959,0.00261502
960,0.00261502
961,0.00261502
962,0.00261502
963,0.00261502
964,0.00261502
965,0.00261502
966,0.00261502
967,0.00261502
968,0.00261502
969,0.00261502
970,0.00261502
971,0.00261502
972,0.00261502
973,0.00261502
974,0.00261502
975,0.00261502
976,0.00261502
977,0.00261502
978,0.00261502
979,0.00261502
980,0.00261502
981,0.00261502
982,0.00261502
983,0.00261502
984,0.00261502
985,0.00261502
986,0.00261502
987,0.00261502
988,0.00261502
989,0.00261502
990,0.00261502
991,0.00261502
992,0.00261502
993,0.00261502
994,0.00261502
995,0.00261502
996,0.00261502
997,0.00261502
998,0.00261502
999,0.00261502
1000,0.00261502
1001,0.00261502
1002,0.00261502
1003,0.00261502
1004,0.00261502
1005,0.00261502
1006,0.00261502
1007,0.00261502
1008,0.00261502
1009,0.00261502
1010,0.00261502
1011,0.00261502
1012,0.00261502
1013,0.00261502
1014,0.00261502
1015,0.00261502
1016,0.00261502
1017,0.00261502
1018,0.00261502
1019,0.00261502
1020,0.00261502
1021,0.00261502
1022,0.00261502
1023,0.00261502
1024,0.00261502
1025,0.00261502
1026,0.00261502
1027,0.00261502
1028,0.00261502
1029,0.00261502
1030,0.00261502
1031,0.00261502
1032,0.00261502
1033,0.00261502
1034,0.00261502
1035,0.00261502
1036,0.00261502
1037,0.00261502
1038,0.00261502
1039,0.00261502
1040,0.00261502
1041,0.00261502
1042,0.00261502
1043,0.00261502
1044,0.00261502
1045,0.00261502
1046,0.00261502
1047,0.00261502
1048,0.00261502
1049,0.00261502
1050,0.00261502
1051,0.00261502
1052,0.00261502
1053,0.00261502
1054,0.00261502
1055,0.00261502
1056,0.00261502
1057,0.00261502
1058,0.00261502
1059,0.00261502
1060,0.00261502
1061,0.00261502
1062,0.00261502
1063,0.00261502
1064,0.00261502
1065,0.00261502
1066,0.00261502
1067,0.00261502
1068,0.00261502
1069,0.00261502
1070,0.00261502
1071,0.00261502
1072,0.00261502
1073,0.00261502
1074,0.00261502
1075,0.00261502
1076,0.00261502
1077,0.00261502
1078,0.00261502
1079,0.00261502
1080,0.00261502
1081,0.00261502
1082,0.00261502
1083,0.00261502
1084,0.00261502
1085,0.00261502
1086,0.00261502
1087,0.00261502
1088,0.00261502
1089,0.00261502
1090,0.00261502
1091,0.00261502
1092,0.00261502
1093,0.00261502
1094,0.00261502
1095,0.00261502
1096,0.00261502
1097,0.00261502
1098,0.00261502
1099,0.00261502
1100,0.00261502
1101,0.00261502
1102,0.00261502
1103,0.00261502
1104,0.00261502
1105,0.00261502
1106,0.00261502
1107,0.00261502
1108,0.00261502
1109,0.00261502
1110,0.00261502
1111,0.00261502
1112,0.00261502
1113,0.00261502
1114,0.00261502
1115,0.00261502
1116,0.00261502
1117,0.00261502
1118,0.00261502
1119,0.00261502
1120,0.00261502
1121,0.00261502
1122,0.00261502
1123,0.00261502
1124,0.00261502
1125,0.00261502
1126,0.00261502
1127,0.00261502
1128,0.00261502
1129,0.00261502
1130,0.00261502
1131,0.00261502
1132,0.00261502
1133,0.00261502
1134,0.00261502
1135,0.00261502
1136,0.00261502
1137,0.00261502
1138,0.00261502
1139,0.00261502
1140,0.00261502
1141,0.00261502
1142,0.00261502
1143,0.00261502
1144,0.00261502
1145,0.00261502
1146,0.00261502
1147,0.00261502
1148,0.00261502
1149,0.00261502
1150,0.00261502
1151,0.00261502
1152,0.00261502
1153,0.00261502
1154,0.00261502
1155,0.00261502
1156,0.00261502
1157,0.00261502
1158,0.00261502
1159,0.00261502
1160,0.00261502
1161,0.00261502
1162,0.00261502
1163,0.00261502
1164,0.00261502
1165,0.00261502
1166,0.00261502
1167,0.00261502
1168,0.00261502
1169,0.00261502
1170,0.00261502
1171,0.00261502
1172,0.00261502
1173,0.00261502
1174,0.00261502
1175,0.00261502
1176,0.00261502
1177,0.00261502
1178,0.00261502
1179,0.00261502
1180,0.00261502
1181,0.00261502
1182,0.00261502
1183,0.00261502
1184,0.00261502
1185,0.00261502
1186,0.00261502
1187,0.00261502
1188,0.00261502
1189,0.00261502
1190,0.00261502
1191,0.00261502
1192,0.00261502
1193,0.00261502
1194,0.00261502
1195,0.00261502
1196,0.00261502
1197,0.00261502
1198,0.00261502
1199,0.00261502
1200,0.00261502
1201,0.00261502
1202,0.00261502
1203,0.00261502
1204,0.00261502
1205,0.00261502
1206,0.00261502
1207,0.00261502
1208,0.00261502
1209,0.00261502
1210,0.00261502
1211,0.00261502
1212,0.00261502
1213,0.00261502
1214,0.00261502
1215,0.00261502
1216,0.00261502
1217,0.00261502
1218,0.00261502
1219,0.00261502
1220,0.00261502
1221,0.00261502
1222,0.00261502
1223,0.00261502
1224,0.00261502
1225,0.00261502
1226,0.00261502
1227,0.00261502
1228,0.00261502
1229,0.00261502
1230,0.00261502
1231,0.00261502
1232,0.00261502
1233,0.00261502
1234,0.00261502
1235,0.00261502
1236,0.00261502
1237,0.00261502
1238,0.00261502
1239,0.00261502
1240,0.00261502
1241,0.00261502
1242,0.00261502
1243,0.00261502
1244,0.00261502
1245,0.00261502
1246,0.00261502
1247,0.00261502
1248,0.00261502
1249,0.00261502
1250,0.00261502
1251,0.00261502
1252,0.00261502
1253,0.00261502
1254,0.00261502
1255,0.00261502
1256,0.00261502
1257,0.00261502
1258,0.00261502
1259,0.00261502
1260,0.00261502
1261,0.00261502
1262,0.00261502
1263,0.00261502
1264,0.00261502
1265,0.00261502
1266,0.00261502
1267,0.00261502
1268,0.00261502
1269,0.00261502
1270,0.00261502
1271,0.00261502
1272,0.00261502
1273,0.00261502
1274,0.00261502
1275,0.00261502
1276,0.00261502
1277,0.00261502
1278,0.00261502
1279,0.00261502
1280,0.00261502
1281,0.00261502
1282,0.00261502
1283,0.00261502
1284,0.00261502
1285,0.00261502
1286,0.00261502
1287,0.00261502
1288,0.00261502
1289,0.00261502
1290,0.00261502
1291,0.00261502
1292,0.00261502
1293,0.00261502
1294,0.00261502
1295,0.00261502
1296,0.00261502
1297,0.00261502
1298,0.00261502
1299,0.00261502
1300,0.00261502
1301,0.00261502
1302,0.00261502
1303,0.00261502
1304,0.00261502
1305,0.00261502
1306,0.00261502
1307,0.00261502
1308,0.00261502
1309,0.00261502
1310,0.00261502
1311,0.00261502
1312,0.00261502
1313,0.00261502
1314,0.00261502
1315,0.00261502
1316,0.00261502
1317,0.00261502
1318,0.00261502
1319,0.00261502
1320,0.00261502
1321,0.00261502
1322,0.00261502
1323,0.00261502
1324,0.00261502
1325,0.00261502
1326,0.00261502
1327,0.00261502
1328,0.00261502
1329,0.00261502
1330,0.00260627
1331,0.00260627
1332,0.00260627
1333,0.00260627
1334,0.00260627
1335,0.00260627
1336,0.00260627
1337,0.00260627
1338,0.00260627
1339,0.00260627
1340,0.00260627
1341,0.00260627
1342,0.00260627
1343,0.00260627
1344,0.00260627
1345,0.00260627
1346,0.00260627
1347,0.00260627
1348,0.00260627
1349,0.00260627
1350,0.00260627
1351,0.00260627
1352,0.00260627
1353,0.00260627
1354,0.00260627
1355,0.00260627
1356,0.00260627
1357,0.00260627
1358,0.00260627
1359,0.00260627
1360,0.00260627
1361,0.00260627
1362,0.00260627
1363,0.00260627
1364,0.00260627
1365,0.00260627
1366,0.00260627
1367,0.00260627
1368,0.00260627
1369,0.00260627
1370,0.00260627
1371,0.00260627
1372,0.00260627
1373,0.00260627
1374,0.00260627
1375,0.00260627
1376,0.00260627
1377,0.00260627
1378,0.00260627
1379,0.00260627
1380,0.00260627
1381,0.00260627
1382,0.00260627
1383,0.00260627
1384,0.00260627
1385,0.00260627
1386,0.00260627
1387,0.00260627
1388,0.00260627
1389,0.00260627
1390,0.00260627
1391,0.00260627
1392,0.00260627
1393,0.00260627
1394,0.00260627
1395,0.00260627
1396,0.00260627
1397,0.00260627
1398,0.00260627
1399,0.00260627
1400,0.00260627
1401,0.00260627
1402,0.00260627
1403,0.00260627
1404,0.00260627
1405,0.00260627
1406,0.00260627
1407,0.00260627
1408,0.00260627
1409,0.00260627
1410,0.00260627
1411,0.00260627
1412,0.00260627
1413,0.00260627
1414,0.00260627
1415,0.00260627
1416,0.00260627
1417,0.00260627
1418,0.00260627
1419,0.00260627
1420,0.00260627
1421,0.00260627
1422,0.00260627
1423,0.00260627
1424,0.00260627
1425,0.00260627
1426,0.00260627
1427,0.00260627
1428,0.00260627
1429,0.00260627
1430,0.00260627
1431,0.00260627
1432,0.00260627
1433,0.00260627
1434,0.00260627
1435,0.00260627
1436,0.00260627
1437,0.00260627
1438,0.00260627
1439,0.00260627
1440,0.00260627
1441,0.00260627
1442,0.00260627
1443,0.00260627
1444,0.00260627
1445,0.00260627
1446,0.00260627
1447,0.00260627
1448,0.00260627
1449,0.00260627
1450,0.00260627
1451,0.00260627
1452,0.00260627
1453,0.00260627
1454,0.00260627
1455,0.00260627
1456,0.00260627
1457,0.00260627
1458,0.00260627
1459,0.00260627
1460,0.00260627
1461,0.00260714
1462,0.00260714
1463,0.00260714
1464,0.00260714
1465,0.00260714
1466,0.00260714
1467,0.00260714
1468,0.00260714
1469,0.00260714
1470,0.00260714
1471,0.00260714
1472,0.00260714
1473,0.00260714
1474,0.00260714
1475,0.00260714
1476,0.00260714
1477,0.00260714
1478,0.00260714
1479,0.00260714
1480,0.00260714
1481,0.00260714
1482,0.00260714
1483,0.00260714
1484,0.00260714
1485,0.00260714
1486,0.00260714
1487,0.00260714
1488,0.00260714
1489,0.00260714
1490,0.00260714
1491,0.00260714
1492,0.00260714
1493,0.00260714
1494,0.00260714
1495,0.00260714
1496,0.00260714
1497,0.00260714
1498,0.00260714
1499,0.00260714
1500,0.00260714
1501,0.00260714
1502,0.00260714
1503,0.00260714
1504,0.00260714
1505,0.00260714
1506,0.00260714
1507,0.00260714
1508,0.00260714
1509,0.00260714
1510,0.00260714
1511,0.00260714
1512,0.00260714
1513,0.00260714
1514,0.00260714
1515,0.00260714
1516,0.00260714
1517,0.00260714
1518,0.00260714
1519,0.00260714
1520,0.00260714
1521,0.00260714
1522,0.00260714
1523,0.00260714
1524,0.00260714
1525,0.00260714
1526,0.00260714
1527,0.00260714
1528,0.00260714
1529,0.00260714
1530,0.00260714
1531,0.00260714
1532,0.00260714
1533,0.00260714
1534,0.00260714
1535,0.00260714
1536,0.00260714
1537,0.00260714
1538,0.00260714
1539,0.00260714
1540,0.00260714
1541,0.00260714
1542,0.00260714
1543,0.00260714
1544,0.00260714
1545,0.00260714
1546,0.00260714
1547,0.00260714
1548,0.00260714
1549,0.00260714
1550,0.00260714
1551,0.00260714
1552,0.00260714
1553,0.00260714
1554,0.00260714
1555,0.00260714
1556,0.00260714
1557,0.00260714
1558,0.00260714
1559,0.00260714
1560,0.00260714
1561,0.00260714
1562,0.00260714
1563,0.00260765
1564,0.00260765
1565,0.00260765
1566,0.00260765
1567,0.00260765
1568,0.00260765
1569,0.00260765
1570,0.00260765
1571,0.00261162
1572,0.00261162
1573,0.00261162
1574,0.00261162
1575,0.00261162
1576,0.00261162
1577,0.00261162
1578,0.00261162
1579,0.00261162
1580,0.00261162
1581,0.00261162
1582,0.00261162
1583,0.00261162
1584,0.00261162
1585,0.00261162
1586,0.00261162
1587,0.00261162
1588,0.00261179
1589,0.00261184
1590,0.00261184
1591,0.0026121
1592,0.0026121
1593,0.0026121
1594,0.0026121
1595,0.0026121
1596,0.0026121
1597,0.00264835
1598,0.00264835
1599,0.00264835
1600,0.00264835
1601,0.00264835
1602,0.00264835
1603,0.00264835
1604,0.00264835
1605,0.00264835
1606,0.00264835
1607,0.00264835
1608,0.00264835
1609,0.00264835
1610,0.00264835
1611,0.00264835
1612,0.00264835
1613,0.00264835
1614,0.00264835
1615,0.00264835
1616,0.00264835
1617,0.00264835
1618,0.00264835
1619,0.00264835
1620,0.00264835
1621,0.00264835
1622,0.00264835
1623,0.00264835
1624,0.00264835
1625,0.00264835
1626,0.00264835
1627,0.00264835
1628,0.00264835
1629,0.00264835
1630,0.00264835
1631,0.00264835
1632,0.00264835
1633,0.00264835
1634,0.00264835
1635,0.00264835
1636,0.00264835
1637,0.00264835
1638,0.00264835
1639,0.00264835
1640,0.00264835
1641,0.00264835
1642,0.00264835
1643,0.00264835
1644,0.00264835
1645,0.00264835
1646,0.00264835
1647,0.00264835
1648,0.00264835
1649,0.00264835
1650,0.00264835
1651,0.00264835
1652,0.00264835
1653,0.00264835
1654,0.00264835
1655,0.00264835
1656,0.00264835
1657,0.00264835
1658,0.00264835
1659,0.00264835
1660,0.00264835
1661,0.00264835
1662,0.00264835
1663,0.00264835
1664,0.00264835
1665,0.00264835
1666,0.00264835
1667,0.00264835
1668,0.00264835
1669,0.00264835
1670,0.00264835
1671,0.00264835
1672,0.00264835
1673,0.00264835
1674,0.00264835
1675,0.00264835
1676,0.00264835
1677,0.00264835
1678,0.00264835
1679,0.00264835
1680,0.00264835
1681,0.00264835
1682,0.00264835
1683,0.00264835
1684,0.00264835
1685,0.00264835
1686,0.00264835
1687,0.00264835
1688,0.00264835
1689,0.00264835
1690,0.00264835
1691,0.00264835
1692,0.00264835
1693,0.00264835
1694,0.00264835
1695,0.00264835
1696,0.00264835
1697,0.00264835
1698,0.00264835
1699,0.00264835
1700,0.00264835
1701,0.00264835
1702,0.00264835
1703,0.00264835
1704,0.00264835
1705,0.00264835
1706,0.00264835
1707,0.00264835
1708,0.00264835
1709,0.00264835
1710,0.00264835
1711,0.00264835
1712,0.00264835
1713,0.00264835
1714,0.00264835
1715,0.00264835
1716,0.00264835
1717,0.00264835
1718,0.00264835
1719,0.00264835
1720,0.00264835
1721,0.00264835
1722,0.00264835
1723,0.00264835
1724,0.00264835
1725,0.00264835
1726,0.00264835
1727,0.00264835
1728,0.00264835
1729,0.00264835
1730,0.00264835
1731,0.00264835
1732,0.00264835
1733,0.00264835
1734,0.00264835
1735,0.00264835
1736,0.00264835
1737,0.00264835
1738,0.00264835
1739,0.00264835
1740,0.00264835
1741,0.00264835
1742,0.00264835
1743,0.00264835
1744,0.00264835
1745,0.00264835
1746,0.00264835
1747,0.00264835
1748,0.00264835
1749,0.00264835
1750,0.00264835
1751,0.00264835
1752,0.00264835
1753,0.00264835
1754,0.00264835
1755,0.00264835
1756,0.00264835
1757,0.00264835
1758,0.00264835
1759,0.00264835
1760,0.00264835
1761,0.00264835
1762,0.00264835
1763,0.00264835
1764,0.00264835
1765,0.00264835
1766,0.00264835
1767,0.00264835
1768,0.00264835
1769,0.00264835
1770,0.00264835
1771,0.00264835
1772,0.00264835
1773,0.00264835
1774,0.00264835
1775,0.00264835
1776,0.00264835
1777,0.00264835
1778,0.00264835
1779,0.00264835
1780,0.00264835
1781,0.00264835
1782,0.00264835
1783,0.00264835
1784,0.00264835
1785,0.00264835
1786,0.00264835
1787,0.00264835
1788,0.00264835
1789,0.00264835
1790,0.00264835
1791,0.00264835
1792,0.00264835
1793,0.00264835
1794,0.00264835
1795,0.00264835
1796,0.00264835
1797,0.00264835
1798,0.00264835
1799,0.00264835
1800,0.00264835
1801,0.00264835
1802,0.00264835
1803,0.00264835
1804,0.00264835
1805,0.00264835
1806,0.00264835
1807,0.00264835
1808,0.00264835
1809,0.00264835
1810,0.00264835
1811,0.00264835
1812,0.00264835
1813,0.00264835
1814,0.00264835
1815,0.00264835
1816,0.00264835
1817,0.00264835
1818,0.00264835
1819,0.00264835
1820,0.00264835
1821,0.00264835
1822,0.00264835
1823,0.00264835
1824,0.00264835
1825,0.00264835
1826,0.00264835
1827,0.00264835
1828,0.00264835
1829,0.00264835
1830,0.00264835
1831,0.00264835
1832,0.00264835
1833,0.00264835
1834,0.00264835
1835,0.00264835
1836,0.00264835
1837,0.00264835
1838,0.00264835
1839,0.00264835
1840,0.00264835
1841,0.00264835
1842,0.00264835
1843,0.00264835
1844,0.00264835
1845,0.00264835
1846,0.00264835
1847,0.00264835
1848,0.00264835
1849,0.00264835
1850,0.00264835
1851,0.00264835
1852,0.00264835
1853,0.00264835
1854,0.00264835
1855,0.00264835
1856,0.00264835
1857,0.00264835
1858,0.00264835
1859,0.00264835
1860,0.00264835
1861,0.00264835
1862,0.00264835
1863,0.00264835
1864,0.00264835
1865,0.00264835
1866,0.00264835
1867,0.00264835
1868,0.00264835
1869,0.00264835
1870,0.00264835
1871,0.00264835
1872,0.00264835
1873,0.00264835
1874,0.00264835
1875,0.00264835
1876,0.00264835
1877,0.00264835
1878,0.00264835
1879,0.00264835
1880,0.00264835
1881,0.00264835
1882,0.00264835
1883,0.00264835
1884,0.00264835
1885,0.00264835
1886,0.00264835
1887,0.00264835
1888,0.00264835
1889,0.00264835
1890,0.00264835
1891,0.00264835
1892,0.00264835
1893,0.00264835
1894,0.0026121
1895,0.0026121
1896,0.0026121
1897,0.0026121
1898,0.0026121
1899,0.0026121
1900,0.0026121
1901,0.0026121
1902,0.0026121
1903,0.0026121
1904,0.00261184
1905,0.00259571
1906,0.00259571
1907,0.00259571
1908,0.00259571
1909,0.00259571
1910,0.00259571
1911,0.00259571
1912,0.00259571
1913,0.00259571
1914,0.00259571
1915,0.00259571
1916,0.00259571
1917,0.00259571
1918,0.00259571
1919,0.00259571
1920,0.00259571
1921,0.00259571
1922,0.00259571
1923,0.00259571
1924,0.00259571
1925,0.00259571
1926,0.00259571
1927,0.00259571
1928,0.00259571
1929,0.00259571
1930,0.00259571
1931,0.00259571
1932,0.00259571
1933,0.00259571
1934,0.00259571
1935,0.00259571
1936,0.00259571
1937,0.00259571
1938,0.00259571
1939,0.00259571
1940,0.00259571
1941,0.00259571
1942,0.00259571
1943,0.00259571
1944,0.00259571
1945,0.00259571
1946,0.00259571
1947,0.00259571
1948,0.00259571
1949,0.00259571
1950,0.00259571
1951,0.00259571
1952,0.00259571
1953,0.00259571
1954,0.00259571
1955,0.00259571
1956,0.00259571
1957,0.00259571
1958,0.00259571
1959,0.00259571
1960,0.00259571
1961,0.00259571
1962,0.00259571
1963,0.00259571
1964,0.00259571
1965,0.00259571
1966,0.00259571
1967,0.00259571
1968,0.00259571
1969,0.00259571
1970,0.00259571
1971,0.00259571
1972,0.00259571
1973,0.00259571
1974,0.00259571
1975,0.00259571
1976,0.00259571
1977,0.00259571
1978,0.00259571
1979,0.00259571
1980,0.00259571
1981,0.00259571
1982,0.00259571
1983,0.00259571
1984,0.00259571
1985,0.00259571
1986,0.00259571
1987,0.00259571
1988,0.00259571
1989,0.00259571
1990,0.00259571
1991,0.00259571
1992,0.00259571
1993,0.00259571
1994,0.00259571
1995,0.00259571
1996,0.00259571
1997,0.00259571
1998,0.00259571
1999,0.00259571
2000,0.00259571
2001,0.00259571
2002,0.00259571
2003,0.00259571
2004,0.00259571
2005,0.00259571
2006,0.00259571
2007,0.00259571
2008,0.00259571
2009,0.00259571
2010,0.00259571
2011,0.00259571
2012,0.00259571
2013,0.00259571
2014,0.00259571
2015,0.00259571
2016,0.00259571
2017,0.00259571
2018,0.00259571
2019,0.00259571
2020,0.00259571
2021,0.00259571
2022,0.00259571
2023,0.00259571
2024,0.00259571
2025,0.00259571
2026,0.00259571
2027,0.00259571
2028,0.00259571
2029,0.00259571
2030,0.00259571
2031,0.00259571
2032,0.00259571
2033,0.00259571
2034,0.00259571
2035,0.00259571
2036,0.00259571
2037,0.00259571
2038,0.00259571
2039,0.00259571
2040,0.00259571
2041,0.00259571
2042,0.00259571
2043,0.00259571
2044,0.00259571
2045,0.00259571
2046,0.00259571
2047,0.00259571
2048,0.00259571
2049,0.00259571
2050,0.00259571
2051,0.00259571
2052,0.00259571
2053,0.00259571
2054,0.00259571
2055,0.00259571
2056,0.00259571
2057,0.00259571
2058,0.00259571
2059,0.00259571
2060,0.00259571
2061,0.00259571
2062,0.00259571
2063,0.00259571
2064,0.00259571
2065,0.00259571
2066,0.00259571
2067,0.00259571
2068,0.00259571
2069,0.00259571
2070,0.00259571
2071,0.00259571
2072,0.00259571
2073,0.00259571
2074,0.00259571
2075,0.00259571
2076,0.00259571
2077,0.00259571
2078,0.00259571
2079,0.00259571
2080,0.00259571
2081,0.00259571
2082,0.00259571
2083,0.00259571
2084,0.00259571
2085,0.00259571
2086,0.00259571
2087,0.00259571
2088,0.00259571
2089,0.00259571
2090,0.00259571
2091,0.00259571
2092,0.00259571
2093,0.00259571
2094,0.00259571
2095,0.00259571
2096,0.00259571
2097,0.00259571
2098,0.00259571
2099,0.00259571
2100,0.00259571
2101,0.00259571
2102,0.00259571
2103,0.00259571
2104,0.00259571
2105,0.00258833
2106,0.00258833
2107,0.00258833
2108,0.00258833
2109,0.00258833
2110,0.00258833
2111,0.00258833
2112,0.00258833
2113,0.00258833
2114,0.00258833
2115,0.00258833
2116,0.00258833
2117,0.00258833
2118,0.00258833
2119,0.00258833
2120,0.00258833
2121,0.00258833
2122,0.00258833
2123,0.00258833
2124,0.00258833
2125,0.00258833
2126,0.00258833
2127,0.00258833
2128,0.00258833
2129,0.00258833
2130,0.00258833
2131,0.00258833
2132,0.00258833
2133,0.00258833
2134,0.00258833
2135,0.00258833
2136,0.00258833
2137,0.00258833
2138,0.00258833
2139,0.00258833
2140,0.00258833
2141,0.00258833
2142,0.00258833
2143,0.00258833
2144,0.00258833
2145,0.00258833
2146,0.00258833
2147,0.00258833
2148,0.00258833
2149,0.00258833
2150,0.00258833
2151,0.00258833
2152,0.00258833
2153,0.00258833
2154,0.00258833
2155,0.00258833
2156,0.00258833
2157,0.00258833
2158,0.00258833
2159,0.00258833
2160,0.00258833
2161,0.00258833
2162,0.00258833
2163,0.00258833
2164,0.00258833
2165,0.00258833
2166,0.00258833
2167,0.00258833
2168,0.00258833
2169,0.00258833
2170,0.00258833
2171,0.00258833
2172,0.00258833
2173,0.00258833
2174,0.00258833
2175,0.00258833
2176,0.00258833
2177,0.00258833
2178,0.00258833
2179,0.00258833
2180,0.00258833
2181,0.00258833
2182,0.00258833
2183,0.00258833
2184,0.00258833
2185,0.00258833
2186,0.00258833
2187,0.00258833
2188,0.00258833
2189,0.00258833
2190,0.00258833
2191,0.00258833
2192,0.00258833
2193,0.00258833
2194,0.00258833
2195,0.00258833
2196,0.00258833
2197,0.00258833
2198,0.00258833
2199,0.00258833
2200,0.00258833
2201,0.00258833
2202,0.00258833
2203,0.00258833
2204,0.00258833
2205,0.00258833
2206,0.00258833
2207,0.00258833
2208,0.00258833
2209,0.00258833
2210,0.00258833
2211,0.00258833
2212,0.00258833
2213,0.00258833
2214,0.00258833
2215,0.00258833
2216,0.00258833
2217,0.00258833
2218,0.00258833
2219,0.00258833
2220,0.00258833
2221,0.00258833
2222,0.00258833
2223,0.00258833
2224,0.00258833
2225,0.00258833
2226,0.00258833
2227,0.00258833
2228,0.00258833
2229,0.00258833
2230,0.00258833
2231,0.00258833
2232,0.00258833
2233,0.00258833
2234,0.00258833
2235,0.00258833
2236,0.00258833
2237,0.00258833
2238,0.00258833
2239,0.00258833
2240,0.00258833
2241,0.00258833
2242,0.00258833
2243,0.00258833
2244,0.00258833
2245,0.00258833
2246,0.00258833
2247,0.00258833
2248,0.00258833
2249,0.00258833
2250,0.00258833
2251,0.00258833
2252,0.00258833
2253,0.00258833
2254,0.00258833
2255,0.00258833
2256,0.00258833
2257,0.00258833
2258,0.00258833
2259,0.00258833
2260,0.00258833
2261,0.00258833
2262,0.00258833
2263,0.00258833
2264,0.00258833
2265,0.00258833
2266,0.00258833
2267,0.00258833
2268,0.00258833
2269,0.00258833
2270,0.00258833
2271,0.00258833
2272,0.00258833
2273,0.00258833
2274,0.00258833
2275,0.00258833
2276,0.00258833
2277,0.00258833
2278,0.00258833
2279,0.00258833
2280,0.00258833
2281,0.00258833
2282,0.00258833
2283,0.00258833
2284,0.00258833
2285,0.00258833
2286,0.00258833
2287,0.00258833
2288,0.00258833
2289,0.00258833
2290,0.00258833
2291,0.00258833
2292,0.00258833
2293,0.00258833
2294,0.00258833
2295,0.00258833
2296,0.00258833
2297,0.00258833
2298,0.00258833
2299,0.00258833
2300,0.00258833
2301,0.00258833
2302,0.00258833
2303,0.00258833
2304,0.00258833
2305,0.00258833
2306,0.00258833
2307,0.00258833
2308,0.00258833
2309,0.00258833
2310,0.00258833
2311,0.00258833
2312,0.00258833
2313,0.00258833
2314,0.00258833
2315,0.00258833
2316,0.00258833
2317,0.00258833
2318,0.00258833
2319,0.00258833
2320,0.00258833
2321,0.00258833
2322,0.00258833
2323,0.00258833
2324,0.00258833
2325,0.00258833
2326,0.00258833
2327,0.00258833
2328,0.00258833
2329,0.00258833
2330,0.00258833
2331,0.00258833
2332,0.00258833
2333,0.00258833
2334,0.00258833
2335,0.00258833
2336,0.00258833
2337,0.00258833
2338,0.00258833
2339,0.00258833
2340,0.00258833
2341,0.00258833
2342,0.00258833
2343,0.00258833
2344,0.00258833
2345,0.00258833
2346,0.00258833
2347,0.00258833
2348,0.00258833
2349,0.00258833
2350,0.00258833
2351,0.00258833
2352,0.00258833
2353,0.00258833
2354,0.00258833
2355,0.00258833
2356,0.00258833
2357,0.00258833
2358,0.00258833
2359,0.00258833
2360,0.00258833
2361,0.00258833
2362,0.00258833
2363,0.00258833
2364,0.00258833
2365,0.00258833
2366,0.00258833
2367,0.00258833
2368,0.00258833
2369,0.00258833
2370,0.00258833
2371,0.00258833
2372,0.00258833
2373,0.00258833
2374,0.00258833
2375,0.00258833
2376,0.00258833
2377,0.00258833
2378,0.00258833
2379,0.00258833
2380,0.00258833
2381,0.00258833
2382,0.00258833
2383,0.00258833
2384,0.00258833
2385,0.00258833
2386,0.00258833
2387,0.00258833
2388,0.00258833
2389,0.00258833
2390,0.00258833
2391,0.00258833
2392,0.00258833
2393,0.00258833
2394,0.00258833
2395,0.00258833
2396,0.00258833
2397,0.00258833
2398,0.00258833
2399,0.00258833
2400,0.00258833
2401,0.00258833
2402,0.00258833
2403,0.00258833
2404,0.00258833
2405,0.00258833
2406,0.00258833
2407,0.00258833
2408,0.00258833
2409,0.00258833
2410,0.00258833
2411,0.00258833
2412,0.00258833
2413,0.00258833
2414,0.00258833
2415,0.00258833
2416,0.00258833
2417,0.00258833
2418,0.00258833
2419,0.00258833
2420,0.00258833
2421,0.00258833
2422,0.00258833
2423,0.00258833
2424,0.00258833
2425,0.00258833
2426,0.00258833
2427,0.00258833
2428,0.00258833
2429,0.00258833
2430,0.00258833
2431,0.00258833
2432,0.00258833
2433,0.00258833
2434,0.00258833
2435,0.00258833
2436,0.00258833
2437,0.00258833
2438,0.00258833
2439,0.00258833
2440,0.00258833
2441,0.00258833
2442,0.00258833
2443,0.00258833
2444,0.00258833
2445,0.00258833
2446,0.00258833
2447,0.00258833
2448,0.00258833
2449,0.00258833
2450,0.00258833
2451,0.00258833
2452,0.00258833
2453,0.00258833
2454,0.00258833
2455,0.00258833
2456,0.00258833
2457,0.00258833
2458,0.00258833
2459,0.00258833
2460,0.00258833
2461,0.00258833
2462,0.00258833
2463,0.00258833
2464,0.00258833
2465,0.00258833
2466,0.00258833
2467,0.00258833
2468,0.00258833
2469,0.00258833
2470,0.00258833
2471,0.00258833
2472,0.00258833
2473,0.00258833
2474,0.00258833
2475,0.00258833
2476,0.00258833
2477,0.00258833
2478,0.00258833
2479,0.00258833
2480,0.00258833
2481,0.00258833
2482,0.00258833
2483,0.00258833
2484,0.00258833
2485,0.00258833
2486,0.00258833
2487,0.00258833
2488,0.00258833
2489,0.00258833
2490,0.00258833
2491,0.00258833
2492,0.00258833
2493,0.00258833
2494,0.00258833
2495,0.00258833
2496,0.00258833
2497,0.00258833
2498,0.00258833
2499,0.00258833
2500,0.00258833
2501,0.00258833
2502,0.00258833
2503,0.00258833
2504,0.00258833
2505,0.00258833
2506,0.00258833
2507,0.00258833
2508,0.00258833
2509,0.00258833
2510,0.00258833
2511,0.00258833
2512,0.00258833
2513,0.00258833
2514,0.00258833
2515,0.00258833
2516,0.00258833
2517,0.00258833
2518,0.00258833
2519,0.00258833
2520,0.00258833
2521,0.00258833
2522,0.00258833
2523,0.00258833
2524,0.00258833
2525,0.00258833
2526,0.00258833
2527,0.00258833
2528,0.00258833
2529,0.00258833
2530,0.00258833
2531,0.00258833
2532,0.00258833
2533,0.00258833
2534,0.00258833
2535,0.00258833
2536,0.00258833
2537,0.00258833
2538,0.00258833
2539,0.00258833
2540,0.00258833
2541,0.00258833
2542,0.00258833
2543,0.00258833
2544,0.00258833
2545,0.00258833
2546,0.00260531
2547,0.00260531
2548,0.00260531
2549,0.00260531
2550,0.00260531
2551,0.00260531
2552,0.00260531
2553,0.00260531
2554,0.00260531
2555,0.00260531
2556,0.00260531
2557,0.00260531
2558,0.00260531
2559,0.00260531
2560,0.00260531
2561,0.00260531
2562,0.00260531
2563,0.00260531
2564,0.00260531
2565,0.00260531
2566,0.00260531
2567,0.00260531
2568,0.00260531
2569,0.00260531
2570,0.00260531
2571,0.00260531
2572,0.00260531
2573,0.00260531
2574,0.00260531
2575,0.00260531
2576,0.00260531
2577,0.00260531
2578,0.00260531
2579,0.00260531
2580,0.00260531
2581,0.00260531
2582,0.00260531
2583,0.00260531
2584,0.00260531
2585,0.00260531
2586,0.00260531
2587,0.00260531
2588,0.00260531
2589,0.00260531
2590,0.00260531
2591,0.00260531
2592,0.00260531
2593,0.00260531
2594,0.00260531
2595,0.00260531
2596,0.00260531
2597,0.00260531
2598,0.00260531
2599,0.00260531
2600,0.00260531
2601,0.00260531
2602,0.00260531
2603,0.00260531
2604,0.00260531
2605,0.00260531
2606,0.00260531
2607,0.00260531
2608,0.00260531
2609,0.00260531
2610,0.00260531
2611,0.00260531
2612,0.00260531
2613,0.00260531
2614,0.00260531
2615,0.00260531
2616,0.00260531
2617,0.00260531
2618,0.00260531
2619,0.00260531
2620,0.00260531
2621,0.00260531
2622,0.00260531
2623,0.00260531
2624,0.00260531
2625,0.00260531
2626,0.00260531
2627,0.00260531
2628,0.00260531
2629,0.00260531
2630,0.00260531
2631,0.00260531
2632,0.00260531
2633,0.00260531
2634,0.00260531
2635,0.00260531
2636,0.00260531
2637,0.00260531
2638,0.00260531
2639,0.00260531
2640,0.00260531
2641,0.00260531
2642,0.00260531
2643,0.00260531
2644,0.00260531
2645,0.00260531
2646,0.00260531
2647,0.00260531
2648,0.00260531
2649,0.00260531
2650,0.00260531
2651,0.00260531
2652,0.00260531
2653,0.00260531
2654,0.00260531
2655,0.00260531
2656,0.00260531
2657,0.00260531
2658,0.00260531
2659,0.00260531
2660,0.00260531
2661,0.00260531
2662,0.00260531
2663,0.00260531
2664,0.00260531
2665,0.00260531
2666,0.00260531
2667,0.00260531
2668,0.00260531
2669,0.00260531
2670,0.00260531
2671,0.00260531
2672,0.00260531
2673,0.00260531
2674,0.00260531
2675,0.00260531
2676,0.00260531
2677,0.00260531
2678,0.00260531
2679,0.00260531
2680,0.00260531
2681,0.00260531
2682,0.00260531
2683,0.00260531
2684,0.00260531
2685,0.00260531
2686,0.00260531
2687,0.00260531
2688,0.00260531
2689,0.00260531
2690,0.00260531
2691,0.00260531
2692,0.00260531
2693,0.00260531
2694,0.00260531
2695,0.00260531
2696,0.00260531
2697,0.00260531
2698,0.00260531
2699,0.00260531
2700,0.00260531
2701,0.00260531
2702,0.00260531
2703,0.00260531
2704,0.00260531
2705,0.00260531
2706,0.00260531
2707,0.00260531
2708,0.00260531
2709,0.00260531
2710,0.00260531
2711,0.00260531
2712,0.00260531
2713,0.00260531
2714,0.00260531
2715,0.00260531
2716,0.00260531
2717,0.00260531
2718,0.00260531
2719,0.00260531
2720,0.00260531
2721,0.00260531
2722,0.00260531
2723,0.00260531
2724,0.00260531
2725,0.00260531
2726,0.00260531
2727,0.00260531
2728,0.00260531
2729,0.00260531
2730,0.00260531
2731,0.00260531
2732,0.00260531
2733,0.00260531
2734,0.00260531
2735,0.00260531
2736,0.00260531
2737,0.00260531
2738,0.00260531
2739,0.00260531
2740,0.00260531
2741,0.00260531
2742,0.00260531
2743,0.00260531
2744,0.00260531
2745,0.00260531
2746,0.00260531
2747,0.00260531
2748,0.00260531
2749,0.00260531
2750,0.00260531
2751,0.00260531
2752,0.00260531
2753,0.00260531
2754,0.00260531
2755,0.00260531
2756,0.00260531
2757,0.00260531
2758,0.00260531
2759,0.00260531
2760,0.00260531
2761,0.00260531
2762,0.00260531
2763,0.00260531
2764,0.00260531
2765,0.00260531
2766,0.00260531
2767,0.00260531
2768,0.00260531
2769,0.00260531
2770,0.00260531
2771,0.00260531
2772,0.00260531
2773,0.00260531
2774,0.00260531
2775,0.00260531
2776,0.00260531
2777,0.00260531
2778,0.00260531
2779,0.00260531
2780,0.00260531
2781,0.00260531
2782,0.00260531
2783,0.00260531
2784,0.00260531
2785,0.00260531
2786,0.00260531
2787,0.00260531
2788,0.00260531
2789,0.00260531
2790,0.00260531
2791,0.00260531
2792,0.00260531
2793,0.00260531
2794,0.00260531
2795,0.00260531
2796,0.00260531
2797,0.00260531
2798,0.00260531
2799,0.00260531
2800,0.00260531
2801,0.00260531
2802,0.00260531
2803,0.00260531
2804,0.00260531
2805,0.00260531
2806,0.00260531
2807,0.00260531
2808,0.00260531
2809,0.00260531
2810,0.00260531
2811,0.00260531
2812,0.00260531
2813,0.00260531
2814,0.00260531
2815,0.00260531
2816,0.00260531
2817,0.00260531
2818,0.00260531
2819,0.00260531
2820,0.00260531
2821,0.00260531
2822,0.00260531
2823,0.00260531
2824,0.00260531
2825,0.00260531
2826,0.00260531
2827,0.00260531
2828,0.00260531
2829,0.00260531
2830,0.00260531
2831,0.00260531
2832,0.00260531
2833,0.00260531
2834,0.00260531
2835,0.00260531
2836,0.00260531
2837,0.00260531
2838,0.00260531
2839,0.00260531
2840,0.00260531
2841,0.00260531
2842,0.00260531
2843,0.00260531
2844,0.00260531
2845,0.00260531
2846,0.00260531
2847,0.00260531
2848,0.00260531
2849,0.00260531
2850,0.00260531
2851,0.00260531
2852,0.00260531
2853,0.00260531
2854,0.00260531
2855,0.00260531
2856,0.00260531
2857,0.00260531
2858,0.00260531
2859,0.00260531
2860,0.00260531
2861,0.00260531
2862,0.00260531
2863,0.00260531
2864,0.00260531
2865,0.00260531
2866,0.00260531
2867,0.00260531
2868,0.00260531
2869,0.00260531
2870,0.00260531
2871,0.00260531
2872,0.00260531
2873,0.00260531
2874,0.00260531
2875,0.00260531
2876,0.00260531
2877,0.00260531
2878,0.00260531
2879,0.00260531
2880,0.00260531
2881,0.00260531
2882,0.00260531
2883,0.00260531
2884,0.00260531
2885,0.00260531
2886,0.00260531
2887,0.00260531
2888,0.00260531
2889,0.00260531
2890,0.00260531
2891,0.00260531
2892,0.00260531
2893,0.00260531
2894,0.00260531
2895,0.00260531
2896,0.00260531
2897,0.00260531
2898,0.00260531
2899,0.00260531
2900,0.00260531
2901,0.00260531
2902,0.00260531
2903,0.00260531
2904,0.00260531
2905,0.00260531
2906,0.00260531
2907,0.00260531
2908,0.00260531
2909,0.00260531
2910,0.00260531
2911,0.00260531
2912,0.00260531
2913,0.00260531
2914,0.00260531
2915,0.00260531
2916,0.00260531
2917,0.00260531
2918,0.00260531
2919,0.00260531
2920,0.00260531
2921,0.00260531
2922,0.00260531
2923,0.00260531
2924,0.00260531
2925,0.00260531
2926,0.00260531
2927,0.00260531
2928,0.00260531
2929,0.00260531
2930,0.00260531
2931,0.00260531
2932,0.00260531
2933,0.00260531
2934,0.00260531
2935,0.00260531
2936,0.00260531
2937,0.00260531
2938,0.00260531
2939,0.00260531
2940,0.00260531
2941,0.00260531
2942,0.00260531
2943,0.00260531
2944,0.00260531
2945,0.00260531
2946,0.00260531
2947,0.00260531
2948,0.00260531
2949,0.00260531
2950,0.00260531
2951,0.00260531
2952,0.00260531
2953,0.00260531
2954,0.00260531
2955,0.00260531
2956,0.00260531
2957,0.00260531
2958,0.00260531
2959,0.00260531
2960,0.00260531
2961,0.00260531
2962,0.00260531
2963,0.00260531
2964,0.00260531
2965,0.00260531
2966,0.00260531
2967,0.00260531
2968,0.00260531
2969,0.00260531
2970,0.00260531
2971,0.00260531
2972,0.00260531
2973,0.00260531
2974,0.00260531
2975,0.00260531
2976,0.00260531
2977,0.00260531
2978,0.00260531
2979,0.00260531
2980,0.00260531
2981,0.00260531
2982,0.00260531
2983,0.00260531
2984,0.00260531
2985,0.00260531
2986,0.00260531
2987,0.00260531
2988,0.00260531
2989,0.00260531
2990,0.00260531
2991,0.00260531
2992,0.00260531
2993,0.00260531
2994,0.00260531
2995,0.00260531
2996,0.00260531
2997,0.00260531
2998,0.00260531
2999,0.00260531
3000,0.00260531
3001,0.00260531
3002,0.00260531
3003,0.00260531
3004,0.00260531
3005,0.00260531
3006,0.00260531
3007,0.00260531
3008,0.00260531
3009,0.00260531
3010,0.00260531
3011,0.00260531
3012,0.00260531
3013,0.00260531
3014,0.00260531
3015,0.00260531
3016,0.00260531
3017,0.00260531
3018,0.00260531
3019,0.00260531
3020,0.00260531
3021,0.00260531
3022,0.00260531
3023,0.00260531
3024,0.00260531
3025,0.00260531
3026,0.00260531
3027,0.00260531
3028,0.00260531
3029,0.00260531
3030,0.00260531
3031,0.00260531
3032,0.00260531
3033,0.00260531
3034,0.00260531
3035,0.00260531
3036,0.00260531
3037,0.00260531
3038,0.00260531
3039,0.00260531
3040,0.00260531
3041,0.00260531
3042,0.00260531
3043,0.00260531
3044,0.00260531
3045,0.00260531
3046,0.00260531
3047,0.00260531
3048,0.00260531
3049,0.00260531
3050,0.00260531
3051,0.00260531
3052,0.00260531
3053,0.00260531
3054,0.00260531
3055,0.00260531
3056,0.00260531
3057,0.00260531
3058,0.00260531
3059,0.00260531
3060,0.00260531
3061,0.00260531
3062,0.00260531
3063,0.00260531
3064,0.00260531
3065,0.00260531
3066,0.00260531
3067,0.00260531
3068,0.00260531
3069,0.00260531
3070,0.00260531
3071,0.00260531
3072,0.00260531
3073,0.00260531
3074,0.00260531
3075,0.00260531
3076,0.00260531
3077,0.00260531
3078,0.00260531
3079,0.00260531
3080,0.00260531
3081,0.00260531
3082,0.00260531
3083,0.00260531
3084,0.00260531
3085,0.00260531
3086,0.00260531
3087,0.00260531
3088,0.00260531
3089,0.00260531
3090,0.00260531
3091,0.00260531
3092,0.00260531
3093,0.00260531
3094,0.00260531
3095,0.00260531
3096,0.00260531
3097,0.00260531
3098,0.00260531
3099,0.00260531
3100,0.00260531
3101,0.00260531
3102,0.00260531
3103,0.00260531
3104,0.00260531
3105,0.00260531
3106,0.00260531
3107,0.00260531
3108,0.00260531
3109,0.00253658
3110,0.00253658
3111,0.00253658
3112,0.00253658
3113,0.00253658
3114,0.00253658
3115,0.00253658
3116,0.00253658
3117,0.00253658
3118,0.00253658
3119,0.00253658
3120,0.00253658
3121,0.00253658
3122,0.0023
3123,0.0023
3124,0.0023
3125,0.0023
3126,0.00254628
3127,0.00256015
3128,0.00256015
3129,0.00256015
3130,0.00256015
3131,0.00257369
3132,0.00257369
3133,0.00257369
3134,0.00257369
3135,0.00257369
3136,0.00257369
3137,0.00257369
3138,0.00257369
3139,0.00257369
3140,0.00257369
3141,0.00257369
3142,0.00257369
3143,0.00257369
3144,0.00257369
3145,0.00257369
3146,0.00257369
3147,0.00257369
3148,0.00257369
3149,0.00257369
3150,0.00257369
3151,0.00257369
3152,0.00257369
3153,0.00257369
3154,0.00257369
3155,0.00257369
3156,0.00257369
3157,0.00257369
3158,0.00257369
3159,0.00257369
3160,0.00257369
3161,0.00257369
3162,0.0023
3163,0.00254983
3164,0.00254983
3165,0.00254983
3166,0.00254983
3167,0.00254983
3168,0.00254983
3169,0.00254628
3170,0.00254628
3171,0.00254628
3172,0.00264628
3173,0.00264628
3174,0.00264628
3175,0.00264628
3176,0.00264628
3177,0.00264628
3178,0.00264628
3179,0.00264628
3180,0.00264628
3181,0.00264628
3182,0.00264628
3183,0.00264628
3184,0.00264628
3185,0.00264628
3186,0.00264628
3187,0.00264628
3188,0.00264628
3189,0.00264628
3190,0.00264628
3191,0.00264628
3192,0.00260202
3193,0.00260197
3194,0.00260197
3195,0.00261004
3196,0.00261004
3197,0.00261004
3198,0.00261004
3199,0.00261004
3200,0.00261004
3201,0.00261004
3202,0.00261004
3203,0.00261004
3204,0.00261004
3205,0.00261004
3206,0.00261004
3207,0.00261004
3208,0.00261004
3209,0.00261004
3210,0.00261004
3211,0.00261004
3212,0.00261005
3213,0.00261005
3214,0.00261005
3215,0.00261005
3216,0.00261005
3217,0.00261005
3218,0.00261005
3219,0.00261005
3220,0.00261011
3221,0.00261011
3222,0.00261011
3223,0.00231124
3224,0.00231124
3225,0.00231124
3226,0.00256112
3227,0.00257444
3228,0.00257444
3229,0.00257444
3230,0.00258662
3231,0.00258662
3232,0.00262838
3233,0.00262838
3234,0.00262838
3235,0.00262838
3236,0.00262838
3237,0.00262838
3238,0.00262838
3239,0.00258667
3240,0.00262835
3241,0.00262834
3242,0.00262834
3243,0.00262834
3244,0.00262834
3245,0.00262834
3246,0.00262834
3247,0.00262834
3248,0.00262834
3249,0.00262834
3250,0.00262834
3251,0.00262834
3252,0.00262834
3253,0.00262834
3254,0.00262834
3255,0.00262834
3256,0.00262834
3257,0.00262834
3258,0.00262834
3259,0.00262834
3260,0.00262834
3261,0.00262834
3262,0.00262834
3263,0.00262834
3264,0.00262834
3265,0.00262834
3266,0.00262834
3267,0.00262834
3268,0.00262834
3269,0.00262834
3270,0.00262834
3271,0.00262834
3272,0.00262834
3273,0.00262834
3274,0.00262834
3275,0.00262834
3276,0.00262834
3277,0.00262834
3278,0.00262834
3279,0.00262834
3280,0.00262834
3281,0.00262834
3282,0.00262834
3283,0.00262834
3284,0.00262834
3285,0.00262834
3286,0.00262834
3287,0.00262834
3288,0.00262834
3289,0.00262834
3290,0.00262834
3291,0.00262834
3292,0.00262834
3293,0.00262834
3294,0.00262834
3295,0.00262834
3296,0.00262834
3297,0.00262834
3298,0.00262834
3299,0.00262834
3300,0.00262834
3301,0.00262834
3302,0.00262834
3303,0.00262834
3304,0.00262834
3305,0.00262834
3306,0.00262834
3307,0.00262834
3308,0.00262834
3309,0.00262834
3310,0.00262834
3311,0.00262834
3312,0.00262834
3313,0.00262834
3314,0.00262834
3315,0.00262834
3316,0.00262834
3317,0.00262834
3318,0.00262834
3319,0.00262834
3320,0.00258662
3321,0.00258663
3322,0.00258663
3323,0.00258663
3324,0.00258663
3325,0.00258663
3326,0.00258663
3327,0.00258663
3328,0.00258663
3329,0.00258663
3330,0.00258663
3331,0.00258663
3332,0.00258663
3333,0.00258663
3334,0.00258663
3335,0.00258663
3336,0.00258663
3337,0.00258663
3338,0.00258663
3339,0.00258663
3340,0.00258663
3341,0.00258663
3342,0.00258663
3343,0.00258663
3344,0.00258662
3345,0.00258662
3346,0.00258662
3347,0.00258662
3348,0.00258662
3349,0.00258662
3350,0.00258661
3351,0.00258661
3352,0.00258661
3353,0.00258661
3354,0.00258661
3355,0.00258661
3356,0.00258661
3357,0.00258661
3358,0.00258661
3359,0.00258661
3360,0.00258661
3361,0.00258661
3362,0.00258661
3363,0.00258661
3364,0.00258661
3365,0.00258661
3366,0.00258661
3367,0.00258661
3368,0.00256723
3369,0.00256723
3370,0.00256723
3371,0.00256723
3372,0.00256723
3373,0.00256723
3374,0.00256723
3375,0.00256723
3376,0.00256723
3377,0.00256723
3378,0.00256723
3379,0.00256723
3380,0.0025671
3381,0.0025671
3382,0.0025671
3383,0.0025671
3384,0.00256699
3385,0.00256699
3386,0.00256699
3387,0.00256699
3388,0.00256699
3389,0.00256699
3390,0.00256699
3391,0.00256699
3392,0.00256699
3393,0.00256699
3394,0.00256699
3395,0.00256699
3396,0.00256699
3397,0.00256699
3398,0.00256699
3399,0.00256699
3400,0.00256699
3401,0.00256699
3402,0.00256699
3403,0.00256699
3404,0.00256699
3405,0.00256699
3406,0.00256699
3407,0.00256699
3408,0.00256699
3409,0.00256699
3410,0.00256699
3411,0.00256699
3412,0.00256699
3413,0.00256699
3414,0.00256699
3415,0.00256699
3416,0.00256699
3417,0.00256699
3418,0.00256699
3419,0.00256699
3420,0.00256699
3421,0.00256699
3422,0.00256699
3423,0.00256699
3424,0.00256699
3425,0.00256699
3426,0.00256699
3427,0.00256699
3428,0.00256699
3429,0.00256699
3430,0.00256699
3431,0.00256699
3432,0.00256699
3433,0.00256699
3434,0.00256699
3435,0.00256699
3436,0.00256699
3437,0.00256699
3438,0.00256699
3439,0.00256699
3440,0.00256699
3441,0.00256699
3442,0.00256699
3443,0.00256699
3444,0.00256699
3445,0.00256699
3446,0.00256699
3447,0.00256699
3448,0.00256699
3449,0.00256699
3450,0.00256699
3451,0.00256699
3452,0.00256699
3453,0.00256699
3454,0.00256699
3455,0.00256699
3456,0.00256699
3457,0.00256699
3458,0.00256699
3459,0.00256699
3460,0.00256699
3461,0.00256699
3462,0.00256699
3463,0.00256699
3464,0.00256699
3465,0.00256699
3466,0.00256699
3467,0.00256699
3468,0.00256699
3469,0.00256699
3470,0.00256699
3471,0.00256699
3472,0.00256699
3473,0.00256699
3474,0.00256699
3475,0.00256699
3476,0.00256699
3477,0.00256699
3478,0.00256699
3479,0.00256699
3480,0.00256699
3481,0.00256699
3482,0.00256699
3483,0.00256699
3484,0.00256699
3485,0.00256699
3486,0.00256699
3487,0.00256699
3488,0.00256699
3489,0.00256699
3490,0.00256699
3491,0.00256699
3492,0.00256699
3493,0.00256699
3494,0.00256699
3495,0.00256699
3496,0.00256699
3497,0.00256699
3498,0.00256699
3499,0.00256699
3500,0.00256699
3501,0.00256699
3502,0.00256699
3503,0.00256699
3504,0.00256699
3505,0.00256699
3506,0.00256699
3507,0.00256699
3508,0.00256699
3509,0.00256699
3510,0.00256699
3511,0.00256699
3512,0.00256699
3513,0.00256699
3514,0.00256699
3515,0.00256699
3516,0.00256699
3517,0.00256699
3518,0.00256699
3519,0.00256699
3520,0.00256699
3521,0.00256699
3522,0.00256699
3523,0.00256699
3524,0.00256699
3525,0.00256699
3526,0.00256699
3527,0.00256699
3528,0.00256699
3529,0.00256699
3530,0.00256699
3531,0.00256699
3532,0.00256699
3533,0.00256699
3534,0.00256699
3535,0.00256699
3536,0.00256699
3537,0.00256699
3538,0.00256699
3539,0.00256699
3540,0.00256699
3541,0.00256699
3542,0.00256699
3543,0.00256699
3544,0.00256699
3545,0.00256699
3546,0.00256699
3547,0.00256699
3548,0.00256699
3549,0.00256699
3550,0.00256699
3551,0.00256699
3552,0.00256699
3553,0.00256699
3554,0.00256699
3555,0.00256699
3556,0.00256699
3557,0.00256699
3558,0.00256699
3559,0.00256699
3560,0.00256699
3561,0.00256699
3562,0.00256699
3563,0.00256699
3564,0.00256699
3565,0.00256699
3566,0.00256699
3567,0.00256699
3568,0.00256699
3569,0.00256699
3570,0.00256699
3571,0.00256699
3572,0.00256699
3573,0.00256699
3574,0.00256699
3575,0.00256699
3576,0.00256699
3577,0.00256699
3578,0.00256699
3579,0.00256699
3580,0.00256699
3581,0.00256699
3582,0.00256699
3583,0.00256699
3584,0.00256699
3585,0.00256699
3586,0.00256699
3587,0.00256699
3588,0.00256699
3589,0.00256699
3590,0.00256699
3591,0.00256699
3592,0.00256699
3593,0.00256699
3594,0.00256699
3595,0.00256699
3596,0.00256699
3597,0.00256699
3598,0.00256699
3599,0.00256699
3600,0.00256699
3601,0.00256699
3602,0.00256699
3603,0.00256699
3604,0.00256699
3605,0.00256699
3606,0.00256699
3607,0.00256699
3608,0.00256699
3609,0.00256699
3610,0.00256699
3611,0.00256699
3612,0.00256699
3613,0.00256699
3614,0.00256699
3615,0.00256699
3616,0.00256699
3617,0.00256699
3618,0.00256699
3619,0.00256699
3620,0.00256699
3621,0.00256699
3622,0.00256699
3623,0.00256699
3624,0.00256699
3625,0.00256699
3626,0.00256699
3627,0.00256699
3628,0.00256699
3629,0.00256699
3630,0.00256699
3631,0.00256699
3632,0.00256699
3633,0.00256699
3634,0.00256699
3635,0.00256699
3636,0.00256699
3637,0.00260042
3638,0.00253223
3639,0.00253223
3640,0.00253223
3641,0.00253223
3642,0.00253223
3643,0.00253223
3644,0.00249486
3645,0.00249486
3646,0.0025428
3647,0.00257826
3648,0.00257826
3649,0.00257826
3650,0.00257826
3651,0.00257826
3652,0.00257826
3653,0.00260038
3654,0.00257825
3655,0.00260038
3656,0.00260038
3657,0.00260038
3658,0.00260038
3659,0.00260039
3660,0.00260039
3661,0.00260039
3662,0.00260039
3663,0.00260039
3664,0.00260039
3665,0.00260039
3666,0.00260039
3667,0.00260039
3668,0.00260039
3669,0.00260039
3670,0.00260039
3671,0.00260039
3672,0.00260039
3673,0.00260038
3674,0.00260038
3675,0.00260038
3676,0.00262143
3677,0.00262143
3678,0.00262143
3679,0.00262143
3680,0.00262143
3681,0.00262143
3682,0.00262143
3683,0.00262143
3684,0.00260062
3685,0.00260062
3686,0.00260062
3687,0.00260062
3688,0.00260062
3689,0.00260039
3690,0.00260039
3691,0.00260039
3692,0.00260039
3693,0.00260039
3694,0.00260039
3695,0.00260039
3696,0.00260039
3697,0.00260039
3698,0.00260039
3699,0.00260039
3700,0.00260039
3701,0.00260038
3702,0.00260038
3703,0.00260038
3704,0.00260038
3705,0.00260038
3706,0.00260038
3707,0.00260038
3708,0.00260038
3709,0.00260038
3710,0.00260038
3711,0.00260038
3712,0.00260038
3713,0.0025772
3714,0.0025772
3715,0.0025772
3716,0.0025772
3717,0.0025772
3718,0.0025772
3719,0.0025772
3720,0.0025772
3721,0.0025772
3722,0.0025772
3723,0.0025772
3724,0.0025772
3725,0.0025772
3726,0.0025772
3727,0.0025772
3728,0.0025772
3729,0.0025772
3730,0.0025772
3731,0.0025772
3732,0.0025772
3733,0.00257461
3734,0.00257461
3735,0.00257461
3736,0.00257461
3737,0.002554
3738,0.002554
3739,0.002554
3740,0.002554
3741,0.002554
3742,0.002554
3743,0.002554
3744,0.002554
3745,0.002554
3746,0.002554
3747,0.002554
3748,0.002554
3749,0.002554
3750,0.002554
3751,0.002554
3752,0.002554
3753,0.002554
3754,0.002554
3755,0.002554
3756,0.002554
3757,0.002554
3758,0.002554
3759,0.002554
3760,0.002554
3761,0.002554
3762,0.002554
3763,0.002554
3764,0.002554
3765,0.002554
3766,0.002554
3767,0.002554
3768,0.002554
3769,0.002554
3770,0.002554
3771,0.002554
3772,0.002554
3773,0.002554
3774,0.002554
3775,0.002554
3776,0.002554
3777,0.002554
3778,0.002554
3779,0.002554
3780,0.002554
3781,0.002554
3782,0.002554
3783,0.002554
3784,0.002554
3785,0.002554
3786,0.002554
3787,0.002554
3788,0.002554
3789,0.002554
3790,0.002554
3791,0.002554
3792,0.002554
3793,0.002554
3794,0.002554
3795,0.002554
3796,0.002554
3797,0.002554
3798,0.002554
3799,0.002554
3800,0.002554
3801,0.002554
3802,0.002554
3803,0.002554
3804,0.002554
3805,0.002554
3806,0.002554
3807,0.002554
3808,0.002554
3809,0.002554
3810,0.002554
3811,0.002554
3812,0.002554
3813,0.002554
3814,0.002554
3815,0.002554
3816,0.002554
3817,0.002554
3818,0.002554
3819,0.002554
3820,0.002554
3821,0.002554
3822,0.002554
3823,0.002554
3824,0.002554
3825,0.002554
3826,0.002554
3827,0.002554
3828,0.002554
3829,0.002554
3830,0.002554
3831,0.002554
3832,0.002554
3833,0.002554
3834,0.002554
3835,0.002554
3836,0.002554
3837,0.002554
3838,0.002554
3839,0.002554
3840,0.002554
3841,0.002554
3842,0.002554
3843,0.002554
3844,0.002554
3845,0.002554
3846,0.002554
3847,0.002554
3848,0.002554
3849,0.002554
3850,0.002554
3851,0.002554
3852,0.002554
3853,0.002554
3854,0.002554
3855,0.002554
3856,0.002554
3857,0.002554
3858,0.002554
3859,0.002554
3860,0.002554
3861,0.002554
3862,0.002554
3863,0.002554
3864,0.002554
3865,0.002554
3866,0.002554
3867,0.002554
3868,0.002554
3869,0.002554
3870,0.002554
3871,0.002554
3872,0.002554
3873,0.002554
3874,0.002554
3875,0.002554
3876,0.002554
3877,0.002554
3878,0.002554
3879,0.002554
3880,0.002554
3881,0.002554
3882,0.002554
3883,0.002554
3884,0.002554
3885,0.002554
3886,0.002554
3887,0.002554
3888,0.002554
3889,0.002554
3890,0.002554
3891,0.002554
3892,0.002554
3893,0.002554
3894,0.002554
3895,0.002554
3896,0.002554
3897,0.002554
3898,0.002554
3899,0.002554
3900,0.002554
3901,0.002554
3902,0.002554
3903,0.002554
3904,0.002554
3905,0.002554
3906,0.002554
3907,0.002554
3908,0.002554
3909,0.002554
3910,0.002554
3911,0.002554
3912,0.002554
3913,0.002554
3914,0.002554
3915,0.002554
3916,0.002554
3917,0.002554
3918,0.002554
3919,0.002554
3920,0.002554
3921,0.002554
3922,0.002554
3923,0.002554
3924,0.002554
3925,0.002554
3926,0.002554
3927,0.002554
3928,0.002554
3929,0.002554
3930,0.002554
3931,0.002554
3932,0.002554
3933,0.002554
3934,0.002554
3935,0.002554
3936,0.002554
3937,0.002554
3938,0.002554
3939,0.002554
3940,0.002554
3941,0.002554
3942,0.002554
3943,0.002554
3944,0.002554
3945,0.002554
3946,0.002554
3947,0.002554
3948,0.002554
3949,0.002554
3950,0.002554
3951,0.002554
3952,0.002554
3953,0.002554
3954,0.002554
3955,0.002554
3956,0.002554
3957,0.002554
3958,0.002554
3959,0.002554
3960,0.002554
3961,0.002554
3962,0.002554
3963,0.002554
3964,0.002554
3965,0.002554
3966,0.002554
3967,0.002554
3968,0.002554
3969,0.002554
3970,0.002554
3971,0.002554
3972,0.002554
3973,0.002554
3974,0.002554
3975,0.002554
3976,0.002554
3977,0.002554
3978,0.002554
3979,0.002554
3980,0.002554
3981,0.002554
3982,0.002554
3983,0.002554
3984,0.002554
3985,0.002554
3986,0.002554
3987,0.002554
3988,0.002554
3989,0.002554
3990,0.002554
3991,0.002554
3992,0.002554
3993,0.002554
3994,0.002554
3995,0.002554
3996,0.002554
3997,0.002554
3998,0.002554
3999,0.002554
4000,0.00255784
4001,0.00255784
4002,0.00255784
4003,0.00255784
4004,0.00255784
4005,0.00255784
4006,0.00255784
4007,0.00255784
4008,0.00255784
4009,0.00255784
4010,0.00255784
4011,0.00255784
4012,0.00255784
4013,0.00255784
4014,0.00255784
4015,0.00255784
4016,0.00255784
4017,0.00255784
4018,0.00255784
4019,0.00255784
4020,0.00255784
4021,0.00255784
4022,0.00255784
4023,0.00255784
4024,0.00255784
4025,0.00255784
4026,0.00255784
4027,0.00255784
4028,0.00255784
4029,0.00255784
4030,0.00255784
4031,0.00255784
4032,0.00255784
4033,0.00255784
4034,0.00255784
4035,0.00255784
4036,0.00255784
4037,0.00255784
4038,0.00255784
4039,0.00255784
4040,0.00255784
4041,0.00255784
4042,0.00255784
4043,0.00255784
4044,0.00255784
4045,0.00255784
4046,0.00255784
4047,0.00255784
4048,0.00255784
4049,0.00255784
4050,0.00255784
4051,0.00255784
4052,0.00255784
4053,0.00255784
4054,0.00255784
4055,0.00255784
4056,0.00255784
4057,0.00255784
4058,0.00255784
4059,0.00255784
4060,0.00255784
4061,0.00255784
4062,0.00255784
4063,0.00255784
4064,0.00255784
4065,0.00255784
4066,0.00255784
4067,0.00255784
4068,0.00255784
4069,0.00255784
4070,0.00255784
4071,0.00255784
4072,0.00255784
4073,0.00255784
4074,0.00255784
4075,0.00255784
4076,0.00255784
4077,0.00255784
4078,0.00255784
4079,0.00255784
4080,0.00255784
4081,0.00255784
4082,0.00255784
4083,0.00255784
4084,0.00255784
4085,0.00255784
4086,0.00255784
4087,0.00255784
4088,0.00255784
4089,0.00255784
4090,0.00255475
4091,0.00255475
4092,0.00255475
4093,0.00255475
4094,0.00255475
4095,0.00255475
4096,0.00255475
4097,0.00255475
4098,0.00255475
4099,0.00255475
4100,0.00255475
4101,0.00255475
4102,0.00255475
4103,0.00255475
4104,0.00255475
4105,0.00255475
4106,0.00255475
4107,0.00255475
4108,0.00255475
4109,0.00255475
4110,0.00255475
4111,0.00255475
4112,0.00255475
4113,0.00255475
4114,0.00255475
4115,0.00255475
4116,0.00255475
4117,0.00255475
4118,0.00255475
4119,0.00255475
4120,0.00255475
4121,0.00255475
4122,0.00255475
4123,0.00255475
4124,0.00255475
4125,0.00255475
4126,0.00255475
4127,0.00255475
4128,0.0025953
4129,0.0025953
4130,0.0025953
4131,0.0025953
4132,0.0025953
4133,0.0025953
4134,0.0025953
4135,0.0025953
4136,0.0025953
4137,0.0025953
4138,0.0025953
4139,0.0025953
4140,0.0025953
4141,0.0025953
4142,0.0025953
4143,0.0025953
4144,0.0025953
4145,0.00255401
4146,0.00255401
4147,0.00255401
4148,0.00255401
4149,0.00255401
4150,0.00255401
4151,0.00255401
4152,0.00255401
4153,0.00255401
4154,0.00255401
4155,0.00255401
4156,0.00255401
4157,0.00255401
4158,0.00255401
4159,0.00255401
4160,0.00255401
4161,0.00255401
4162,0.00255401
4163,0.00255401
4164,0.00255401
4165,0.00255401
4166,0.00255401
4167,0.00255401
4168,0.00255401
4169,0.00255401
4170,0.00255401
4171,0.00255401
4172,0.00255401
4173,0.00255401
4174,0.00255401
4175,0.00255401
4176,0.00255401
4177,0.00255401
4178,0.00255401
4179,0.00255401
4180,0.00255401
4181,0.00255401
4182,0.00255401
4183,0.00255401
4184,0.00255401
4185,0.00255401
4186,0.00255401
4187,0.00255401
4188,0.00255401
4189,0.00255401
4190,0.00255401
4191,0.00255401
4192,0.00255401
4193,0.00255401
4194,0.00255401
4195,0.00259531
4196,0.00259531
4197,0.00259531
4198,0.00259531
4199,0.00259531
4200,0.00259531
4201,0.00259531
4202,0.00259531
4203,0.00259531
4204,0.00259531
4205,0.00259531
4206,0.00259531
4207,0.00259531
4208,0.00259531
4209,0.00259531
4210,0.00259531
4211,0.00259531
4212,0.00259531
4213,0.00259531
4214,0.00259531
4215,0.00259531
4216,0.00259531
4217,0.00259531
4218,0.00259531
4219,0.00259531
4220,0.00259531
4221,0.00259531
4222,0.00259531
4223,0.00259531
4224,0.00259531
4225,0.00259531
4226,0.00259531
4227,0.00259531
4228,0.00259531
4229,0.00259531
4230,0.00259531
4231,0.00259531
4232,0.00259531
4233,0.00259531
4234,0.00259531
4235,0.00259531
4236,0.00259531
4237,0.00259531
4238,0.00259531
4239,0.00259531
4240,0.00259531
4241,0.00259531
4242,0.00259531
4243,0.00259531
4244,0.00259531
4245,0.00259531
4246,0.00259531
4247,0.00259531
4248,0.00259531
4249,0.00259531
4250,0.00259531
4251,0.00259531
4252,0.00259531
4253,0.00259531
4254,0.00259531
4255,0.00259531
4256,0.00259531
4257,0.00259531
4258,0.00259531
4259,0.00259531
4260,0.00259531
4261,0.00259531
4262,0.00259531
4263,0.00259531
4264,0.00259531
4265,0.00259531
4266,0.00259531
4267,0.00259531
4268,0.00259531
4269,0.00259531
4270,0.00259531
4271,0.00259531
4272,0.00259531
4273,0.00259531
4274,0.00259531
4275,0.00259531
4276,0.00259531
4277,0.00259531
4278,0.00259531
4279,0.00259531
4280,0.00259531
4281,0.00259531
4282,0.00259531
4283,0.00259531
