0,0.0022789
1,0.0022789
2,0.0022789
3,0.0022789
4,0.0022789
5,0.0022789
6,0.0022789
7,0.0022789
8,0.0022789
9,0.0022789
10,0.0022789
11,0.0022789
12,0.0022789
13,0.0022789
14,0.0022789
15,0.0022789
16,0.0022789
17,0.0022789
18,0.0022789
19,0.0022789
20,0.0022789
21,0.0022789
22,0.0022789
23,0.0022789
24,0.0022789
25,0.0022789
26,0.0022789
27,0.0022789
28,0.0022789
29,0.0022789
30,0.0022789
31,0.0022789
32,0.0022789
33,0.0022789
34,0.0022789
35,0.0022789
36,0.0022789
37,0.0022789
38,0.0022789
39,0.0022789
40,0.0022789
41,0.0022789
42,0.0022789
43,0.0022789
44,0.0022789
45,0.0022789
46,0.0022789
47,0.00227766
48,0.00227766
49,0.00227766
50,0.00227766
51,0.00227766
52,0.00227766
53,0.00227766
54,0.00227766
55,0.00227766
56,0.00227766
57,0.00227766
58,0.00227766
59,0.00227766
60,0.00227766
61,0.00227766
62,0.00226786
63,0.00226786
64,0.00226786
65,0.00226786
66,0.00226786
67,0.00226786
68,0.00226786
69,0.00226786
70,0.00226786
71,0.00226786
72,0.00226786
73,0.00226786
74,0.00226786
75,0.00226786
76,0.00226786
77,0.00226786
78,0.00226786
79,0.00225388
80,0.00225388
81,0.00224727
82,0.00224098
83,0.00224098
84,0.00224098
85,0.00224098
86,0.00224098
87,0.00224098
88,0.002246
89,0.002246
90,0.002246
91,0.002246
92,0.002246
93,0.00224834
94,0.00224834
95,0.00224834
96,0.00224834
97,0.00224834
98,0.00224834
99,0.00224834
100,0.00224834
101,0.00224834
102,0.00224834
103,0.00224834
104,0.00224834
105,0.00224834
106,0.00224834
107,0.00224834
108,0.00224834
109,0.00224377
110,0.00224377
111,0.00224377
112,0.00224377
113,0.00224377
114,0.00224377
115,0.00224377
116,0.00224377
117,0.00224377
118,0.00224377
119,0.00224377
120,0.00224377
121,0.00224377
122,0.00224377
123,0.00224377
124,0.00224377
125,0.00224377
126,0.00224377
127,0.00224377
128,0.00224377
129,0.00224377
130,0.00224377
131,0.00224736
132,0.00226797
133,0.00224693
134,0.00224693
135,0.00224693
136,0.00224693
137,0.00224693
138,0.00224693
139,0.00224693
140,0.00224693
141,0.00224693
142,0.00224693
143,0.00224693
144,0.00224693
145,0.00224693
146,0.00224693
147,0.00224357
148,0.00224357
149,0.00224357
150,0.00224357
151,0.00224357
152,0.00224357
153,0.00224357
154,0.00224357
155,0.00224357
156,0.00224357
157,0.00224357
158,0.00224357
159,0.00224357
160,0.00224357
161,0.00224357
162,0.00224357
163,0.00224357
164,0.00224104
165,0.00224104
166,0.00224261
167,0.00229179
168,0.00229179
169,0.00225534
170,0.00225534
171,0.00224442
172,0.00223504
173,0.00223504
174,0.00223504
175,0.00222767
176,0.00222767
177,0.00222767
178,0.00222767
179,0.00222767
180,0.00222767
181,0.00221269
182,0.00221269
183,0.00221269
184,0.00221269
185,0.00221269
186,0.00221269
187,0.00221269
188,0.00221269
189,0.00221269
190,0.00221269
191,0.00221269
192,0.00221269
193,0.00221269
194,0.00221269
195,0.00221269
196,0.00221269
197,0.00221269
198,0.00221269
199,0.00221269
200,0.00221269
201,0.00221269
202,0.00221269
203,0.00221269
204,0.00221269
205,0.00221269
206,0.00221269
207,0.00221269
208,0.00221269
209,0.00221269
210,0.00221269
211,0.00221269
212,0.00222426
213,0.00222426
214,0.00220936
215,0.00220936
216,0.00220936
217,0.00220936
218,0.00220936
219,0.00220936
220,0.00221557
221,0.00221557
222,0.00221557
223,0.00221557
224,0.00221557
225,0.00221557
226,0.00221557
227,0.00221557
228,0.00221557
229,0.00221268
230,0.00221268
231,0.00221268
232,0.00221268
233,0.00221268
234,0.00221268
235,0.00221268
236,0.00221268
237,0.00221674
238,0.00221674
239,0.00221674
240,0.00221674
241,0.00221674
242,0.00221674
243,0.00221674
244,0.00221674
245,0.00221674
246,0.00221674
247,0.00221674
248,0.00221674
249,0.00221674
250,0.00221674
251,0.00221674
252,0.00221674
253,0.00221674
254,0.00221668
255,0.00221668
256,0.00221668
257,0.00221668
258,0.00221668
259,0.00221668
260,0.00221668
261,0.00221668
262,0.00221668
263,0.00221668
264,0.00221668
265,0.00221668
266,0.00221668
267,0.00221668
268,0.00221668
269,0.00221668
270,0.00221668
271,0.00221668
272,0.00221668
273,0.00221668
274,0.00221668
275,0.00225271
276,0.00225271
277,0.00221313
278,0.00221313
279,0.00221313
280,0.00221588
281,0.00221588
282,0.00221588
283,0.00221588
284,0.00221588
285,0.00221588
286,0.00221588
287,0.00221588
288,0.00221588
289,0.00221588
290,0.00221588
291,0.00221588
292,0.00221588
293,0.00221588
294,0.00221588
295,0.00221588
296,0.00221588
297,0.00221588
298,0.00221588
299,0.00221588
300,0.00221588
301,0.00221588
302,0.00221588
303,0.00221588
304,0.00221588
305,0.00221588
306,0.00221588
307,0.00221588
308,0.00221588
309,0.00221588
310,0.00221588
311,0.00221588
312,0.00221588
313,0.00221588
314,0.00221588
315,0.00221588
316,0.00221588
317,0.00221588
318,0.00221588
319,0.00221588
320,0.00221588
321,0.00221588
322,0.00221588
323,0.00221588
324,0.00221588
325,0.00221588
326,0.00221588
327,0.00221588
328,0.00221588
329,0.00221588
330,0.00221588
331,0.00221588
332,0.00221588
333,0.00221588
334,0.00221923
335,0.00221923
336,0.00221923
337,0.00221923
338,0.00221923
339,0.00221923
340,0.00222053
341,0.00222053
342,0.00221448
343,0.00221448
344,0.00221448
345,0.00221448
346,0.00221448
347,0.00221448
348,0.00221448
349,0.00221448
350,0.00221448
351,0.00221448
352,0.00221448
353,0.00221448
354,0.00221448
355,0.00221448
356,0.00221448
357,0.00221448
358,0.00221448
359,0.00220411
360,0.00220411
361,0.00220411
362,0.00220411
363,0.00220411
364,0.00220411
365,0.00220411
366,0.00220411
367,0.00220411
368,0.00220411
369,0.00220411
370,0.00220411
371,0.00220411
372,0.00220411
373,0.00220411
374,0.00220411
375,0.00220411
376,0.00220411
377,0.00220411
378,0.00220411
379,0.00220411
380,0.00220411
381,0.00220411
382,0.00220411
383,0.00220411
384,0.00220411
385,0.00220411
386,0.00220411
387,0.00220411
388,0.00220411
389,0.00220411
390,0.0022175
391,0.0022175
392,0.0022175
393,0.0022175
394,0.0022175
395,0.0022175
396,0.0022175
397,0.0022175
398,0.0022175
399,0.0022175
400,0.0022175
401,0.0022175
402,0.0022175
403,0.0022175
404,0.0022175
405,0.0022175
406,0.0022175
407,0.0022175
408,0.0022175
409,0.0022175
410,0.0022175
411,0.0022175
412,0.0022175
413,0.0022175
414,0.0022175
415,0.0022175
416,0.0022175
417,0.0022175
418,0.0022175
419,0.0022175
420,0.0022175
421,0.0022175
422,0.0022175
423,0.0022175
424,0.0022175
425,0.0022175
426,0.0022175
427,0.0022175
428,0.0022175
429,0.0022175
430,0.0022175
431,0.0022175
432,0.0022175
433,0.0022175
434,0.0022175
435,0.0022175
436,0.0022175
437,0.0022175
438,0.0022175
439,0.0022175
440,0.0022175
441,0.0022175
442,0.0022175
443,0.0022175
444,0.0022175
445,0.0022175
446,0.0022175
447,0.0022175
448,0.0022175
449,0.0022175
450,0.0022175
451,0.0022175
452,0.0022175
453,0.0022175
454,0.0022175
455,0.0022175
456,0.0022175
457,0.0022175
458,0.0022175
459,0.0022175
460,0.0022175
461,0.0022175
462,0.0022175
463,0.0022175
464,0.0022175
465,0.0022175
466,0.0022175
467,0.0022175
468,0.0022175
469,0.0022175
470,0.0022175
471,0.0022175
472,0.0022175
473,0.0022175
474,0.0022175
475,0.0022175
476,0.0022175
477,0.0022175
478,0.0022175
479,0.0022175
480,0.0022175
481,0.0022175
482,0.0022175
483,0.0022175
484,0.0022175
485,0.0022175
486,0.0022175
487,0.0022175
488,0.0022175
489,0.0022175
490,0.0022175
491,0.0022175
492,0.0022175
493,0.0022175
494,0.0022175
495,0.0022175
496,0.0022175
497,0.0022175
498,0.0022175
499,0.0022175
500,0.0022175
501,0.0022175
502,0.0022175
503,0.0022175
504,0.0022175
505,0.0022175
506,0.0022175
507,0.0022175
508,0.0022175
509,0.0022175
510,0.0022175
511,0.0022175
512,0.0022175
513,0.0022175
514,0.0022175
515,0.0022175
516,0.0022175
517,0.0022175
518,0.0022175
519,0.0022175
520,0.0022175
521,0.0022175
522,0.0022175
523,0.0022175
524,0.0022175
525,0.0022175
526,0.0022175
527,0.0022175
528,0.0022175
529,0.0022175
530,0.0022175
531,0.0022175
532,0.0022175
533,0.0022175
534,0.0022175
535,0.0022175
536,0.0022175
537,0.0022175
538,0.0022175
539,0.0022175
540,0.0022175
541,0.0022175
542,0.0022175
543,0.0022175
544,0.0022175
545,0.0022175
546,0.0022175
547,0.0022175
548,0.0022175
549,0.0022175
550,0.0022175
551,0.0022175
552,0.0022175
553,0.0022175
554,0.0022175
555,0.0022175
556,0.0022175
557,0.0022175
558,0.0022175
559,0.0022175
560,0.0022175
561,0.0022175
562,0.0022175
563,0.0022175
564,0.0022175
565,0.0022175
566,0.0022175
567,0.0022175
568,0.0022175
569,0.0022175
570,0.0022175
571,0.0022175
572,0.0022175
573,0.0022175
574,0.0022175
575,0.0022175
576,0.0022175
577,0.0022175
578,0.0022175
579,0.0022175
580,0.0022175
581,0.0022175
582,0.0022175
583,0.0022175
584,0.0022175
585,0.0022175
586,0.0022175
587,0.0022175
588,0.0022175
589,0.0022175
590,0.0022175
591,0.0022175
592,0.0022175
593,0.0022175
594,0.0022175
595,0.0022175
596,0.0022175
597,0.0022175
598,0.0022175
599,0.0022175
600,0.0022175
601,0.0022175
602,0.0022175
603,0.0022175
604,0.0022175
605,0.0022175
606,0.0022175
607,0.0022175
608,0.0022175
609,0.0022175
610,0.0022175
611,0.0022175
612,0.0022175
613,0.0022175
614,0.0022175
615,0.0022175
616,0.0022175
617,0.0022175
618,0.0022175
619,0.0022175
620,0.0022175
621,0.0022175
622,0.0022175
623,0.0022175
624,0.0022175
625,0.0022175
626,0.0022175
627,0.0022175
628,0.0022175
629,0.0022175
630,0.0022175
631,0.0022175
632,0.0022175
633,0.0022175
634,0.0022175
635,0.0022175
636,0.0022175
637,0.0022175
638,0.0022175
639,0.0022175
640,0.0022175
641,0.0022175
642,0.0022175
643,0.0022175
644,0.0022175
645,0.0022175
646,0.0022175
647,0.0022175
648,0.0022175
649,0.0022175
650,0.0022175
651,0.0022175
652,0.0022175
653,0.0022175
654,0.0022175
655,0.0022175
656,0.0022175
657,0.0022175
658,0.0022175
659,0.0022175
660,0.0022175
661,0.0022175
662,0.0022175
663,0.0022175
664,0.0022175
665,0.0022175
666,0.0022175
667,0.0022175
668,0.0022175
669,0.0022175
670,0.0022175
671,0.0022175
672,0.0022175
673,0.0022175
674,0.0022175
675,0.0022175
676,0.0022175
677,0.0022175
678,0.0022175
679,0.0022175
680,0.0022175
681,0.0022175
682,0.0022175
683,0.0022175
684,0.0022175
685,0.0022175
686,0.0022175
687,0.0022175
688,0.0022175
689,0.0022175
690,0.0022175
691,0.0022175
692,0.0022175
693,0.0022175
694,0.0022175
695,0.0022175
696,0.0022175
697,0.0022175
698,0.0022175
699,0.0022175
700,0.0022175
701,0.0022175
702,0.0022175
703,0.0022175
704,0.0022175
705,0.0022175
706,0.0022175
707,0.0022175
708,0.0022175
709,0.0022175
710,0.0022175
711,0.0022175
712,0.0022175
713,0.0022175
714,0.0022175
715,0.0022175
716,0.0022175
717,0.0022175
718,0.0022175
719,0.0022175
720,0.0022175
721,0.0022175
722,0.0022175
723,0.0022175
724,0.0022175
725,0.0022175
726,0.0022175
727,0.0022175
728,0.0022175
729,0.0022175
730,0.0022175
731,0.0022175
732,0.0022175
733,0.0022175
734,0.0022175
735,0.0022175
736,0.0022175
737,0.0022175
738,0.0022175
739,0.0022175
740,0.0022175
741,0.0022175
742,0.0022175
743,0.0022175
744,0.0022175
745,0.0022175
746,0.0022175
747,0.0022175
748,0.0022175
749,0.0022175
750,0.0022175
751,0.0022175
752,0.0022175
753,0.0022175
754,0.0022175
755,0.0022175
756,0.0022175
757,0.0022175
758,0.0022175
759,0.0022175
760,0.0022175
761,0.0022175
762,0.0022175
763,0.0022175
764,0.0022175
765,0.0022175
766,0.0022175
767,0.0022175
768,0.0022175
769,0.0022175
770,0.00223008
771,0.00223008
772,0.00223008
773,0.00223008
774,0.00223008
775,0.00223008
776,0.00223008
777,0.00223008
778,0.00223008
779,0.00223008
780,0.00223008
781,0.00223008
782,0.00223008
783,0.00223008
784,0.00223008
785,0.00223008
786,0.00223008
787,0.00223008
788,0.00223008
789,0.00223008
790,0.00223008
791,0.00223008
792,0.00223008
793,0.00223008
794,0.00223008
795,0.00223008
796,0.00223008
797,0.00223008
798,0.00223008
799,0.00223008
800,0.00223008
801,0.00223008
802,0.00223008
803,0.00223008
804,0.00223008
805,0.00223008
806,0.00223008
807,0.00223008
808,0.00223008
809,0.00223008
810,0.00223008
811,0.00223008
812,0.00223008
813,0.00223008
814,0.00223008
815,0.00223008
816,0.00223008
817,0.00223008
818,0.00223008
819,0.00223008
820,0.00223008
821,0.00223008
822,0.00223008
823,0.00223008
824,0.00223008
825,0.00223008
826,0.00223008
827,0.00223008
828,0.00223008
829,0.00223008
830,0.00223008
831,0.00223008
832,0.00223008
833,0.00223008
834,0.00223008
835,0.00223008
836,0.00223008
837,0.00223008
838,0.00223008
839,0.00223008
840,0.00223008
841,0.00223008
842,0.00223008
843,0.00223008
844,0.00223008
845,0.00223008
846,0.00223008
847,0.00223008
848,0.00223008
849,0.00223008
850,0.00223008
851,0.00223008
852,0.00223008
853,0.00223008
854,0.00223008
855,0.00223008
856,0.00223008
857,0.00223008
858,0.00223008
859,0.00223008
860,0.00223008
861,0.00223008
862,0.00223008
863,0.00223008
864,0.00223008
865,0.00223008
866,0.00223008
867,0.00223008
868,0.00223008
869,0.00223008
870,0.00223008
871,0.00223008
872,0.00223008
873,0.00223008
874,0.00223008
875,0.00223008
876,0.00223008
877,0.00223008
878,0.00223767
879,0.00223767
880,0.00223767
881,0.00223767
882,0.00223767
883,0.00223767
884,0.00223767
885,0.00223767
886,0.00223767
887,0.00223767
888,0.00223767
889,0.00223767
890,0.00223618
891,0.00223618
892,0.00223618
893,0.00223618
894,0.00223618
895,0.00223618
896,0.00223618
897,0.00223618
898,0.00223618
899,0.00223618
900,0.00223618
901,0.00223618
902,0.00223618
903,0.00223618
904,0.00223618
905,0.00223618
906,0.00223697
907,0.00223697
908,0.00223697
909,0.00223697
910,0.00223697
911,0.00223697
912,0.00223697
913,0.00223697
914,0.00223697
915,0.00223697
916,0.00223575
917,0.00223575
918,0.00223575
919,0.00223575
920,0.00223575
921,0.00223575
922,0.00223575
923,0.00223575
924,0.00223575
925,0.00223575
926,0.00223575
927,0.00223575
928,0.00223575
929,0.00223575
930,0.00223575
931,0.00223575
932,0.00223575
933,0.00223575
934,0.00223575
935,0.00223575
936,0.00223575
937,0.00223575
938,0.00223575
939,0.00223575
940,0.00223575
941,0.00223575
942,0.00223575
943,0.00223575
944,0.00223575
945,0.00223575
946,0.00223575
947,0.00223575
948,0.00223575
949,0.00223575
950,0.00223575
951,0.00223575
952,0.00223575
953,0.00223575
954,0.00223575
955,0.00223575
956,0.00223575
957,0.00223575
958,0.00223575
959,0.00223575
960,0.00223575
961,0.00223575
962,0.00223575
963,0.00223575
964,0.00223575
965,0.00223575
966,0.00223575
967,0.00223575
968,0.00223575
969,0.00223575
970,0.00223575
971,0.00223575
972,0.00223575
973,0.00223575
974,0.00223575
975,0.00223575
976,0.00223575
977,0.00223229
978,0.00223229
979,0.00223229
980,0.00223229
981,0.00223229
982,0.00223229
983,0.00223229
984,0.00223229
985,0.00223229
986,0.00223229
987,0.00223229
988,0.00223229
989,0.00223229
990,0.00223229
991,0.00223229
992,0.00223229
993,0.00223229
994,0.00223229
995,0.00223229
996,0.00223229
997,0.00223229
998,0.00223229
999,0.00223229
1000,0.00223229
1001,0.00223229
1002,0.00223229
1003,0.00223229
1004,0.00223229
1005,0.00223229
1006,0.00223229
1007,0.00223229
1008,0.00223229
1009,0.00223229
1010,0.00223229
1011,0.00223229
1012,0.00223229
1013,0.00223229
1014,0.00223229
1015,0.00223229
1016,0.00223229
1017,0.00223229
1018,0.00223229
1019,0.00223229
1020,0.00223229
1021,0.00223229
1022,0.00223229
1023,0.00223229
1024,0.00223229
1025,0.00223229
1026,0.00223229
1027,0.00223229
1028,0.00223229
1029,0.00223229
1030,0.00223229
1031,0.00223229
1032,0.00223229
1033,0.00223229
1034,0.00223229
1035,0.00223229
1036,0.00223229
1037,0.00223229
1038,0.00223229
1039,0.00223229
1040,0.00223229
1041,0.00223229
1042,0.00223229
1043,0.00223229
1044,0.00221832
1045,0.00221832
1046,0.00221832
1047,0.00221832
1048,0.00221832
1049,0.00221832
1050,0.00221832
1051,0.00221832
1052,0.00221832
1053,0.00221832
1054,0.00221832
1055,0.00221832
1056,0.00221832
1057,0.00221832
1058,0.00221832
1059,0.00221832
1060,0.00221832
1061,0.00221832
1062,0.00221832
1063,0.00221832
1064,0.00221832
1065,0.00221832
1066,0.00221832
1067,0.00221832
1068,0.00221832
1069,0.00221832
1070,0.00221832
1071,0.00221832
1072,0.00221832
1073,0.00221832
1074,0.00221832
1075,0.00221832
1076,0.00221832
1077,0.00221832
1078,0.00221832
1079,0.00221832
1080,0.00221832
1081,0.00221832
1082,0.00221832
1083,0.00221832
1084,0.00221832
1085,0.00221832
1086,0.00221832
1087,0.00221832
1088,0.00221832
1089,0.00221832
1090,0.00221832
1091,0.00221832
1092,0.00221832
1093,0.00221832
1094,0.00221832
1095,0.00221832
1096,0.00221832
1097,0.00221832
1098,0.00221832
1099,0.00221832
1100,0.00221832
1101,0.00221832
1102,0.00221832
1103,0.00221832
1104,0.00221832
1105,0.00221832
1106,0.00221832
1107,0.00221832
1108,0.00221832
1109,0.00221832
1110,0.00221832
1111,0.00221832
1112,0.00221832
1113,0.00221832
1114,0.00221832
1115,0.00221832
1116,0.00221832
1117,0.00221832
1118,0.00221832
1119,0.00221832
1120,0.00221832
1121,0.00221832
1122,0.00221832
1123,0.00221832
1124,0.00221832
1125,0.00221832
1126,0.00221832
1127,0.00221832
1128,0.00221832
1129,0.00221832
1130,0.00221832
1131,0.00221832
1132,0.00221832
1133,0.00221832
1134,0.00221832
1135,0.00221832
1136,0.00221832
1137,0.00221832
1138,0.00221832
1139,0.00221832
1140,0.00221832
1141,0.00221832
1142,0.00221832
1143,0.00221832
1144,0.00221832
1145,0.00221832
1146,0.00221832
1147,0.00221832
1148,0.00221832
1149,0.00221832
1150,0.00221832
1151,0.00221832
1152,0.00221832
1153,0.00221832
1154,0.00221832
1155,0.00221832
1156,0.00221832
1157,0.00221832
1158,0.00221832
1159,0.00221832
1160,0.00221832
1161,0.00221832
1162,0.00221832
1163,0.00221832
1164,0.00221832
1165,0.00221832
1166,0.00221832
1167,0.00221832
1168,0.00221832
1169,0.00221832
1170,0.00221832
1171,0.00221832
1172,0.00221832
1173,0.00221832
1174,0.00221832
1175,0.00221832
1176,0.00221832
1177,0.00221832
1178,0.00221832
1179,0.00221832
1180,0.00221832
1181,0.00221832
1182,0.00221832
1183,0.00221832
1184,0.00221832
1185,0.00221832
1186,0.00221832
1187,0.00221832
1188,0.00221832
1189,0.00221832
1190,0.00221832
1191,0.00221832
1192,0.00221832
1193,0.00221832
1194,0.00221832
1195,0.00221832
1196,0.00221832
1197,0.00221832
1198,0.00221832
1199,0.00221832
1200,0.00221832
1201,0.00221832
1202,0.00221832
1203,0.00221832
1204,0.00221832
1205,0.00221832
1206,0.00221832
1207,0.00221832
1208,0.00221832
1209,0.00221832
1210,0.00221832
1211,0.00221832
1212,0.00221832
1213,0.00221832
1214,0.00221832
1215,0.00221832
1216,0.00221832
1217,0.00221832
1218,0.00221832
1219,0.00221832
1220,0.00221832
1221,0.00221832
1222,0.00221832
1223,0.00221832
1224,0.00221832
1225,0.00221832
1226,0.00221832
1227,0.00221832
1228,0.00221832
1229,0.00221832
1230,0.00221832
1231,0.00221832
1232,0.00221832
1233,0.00221832
1234,0.00221832
1235,0.00221832
1236,0.00221832
1237,0.00221832
1238,0.00221832
1239,0.00221832
1240,0.00221832
1241,0.00221832
1242,0.00221832
1243,0.00221832
1244,0.00221832
1245,0.00221832
1246,0.00221832
1247,0.00221832
1248,0.00221832
1249,0.00221832
1250,0.00221832
1251,0.00221832
1252,0.00222799
1253,0.00222799
1254,0.00222799
1255,0.00222799
1256,0.00222799
1257,0.00222799
1258,0.00222799
1259,0.00222799
1260,0.00222799
1261,0.00222799
1262,0.00222799
1263,0.00222799
1264,0.00222799
1265,0.00222799
1266,0.00222799
1267,0.00222799
1268,0.00222799
1269,0.00222799
1270,0.00222799
1271,0.00222799
1272,0.00222799
1273,0.00222799
1274,0.00222799
1275,0.00222799
1276,0.00222799
1277,0.00222799
1278,0.00222799
1279,0.00222799
1280,0.00222799
1281,0.00222799
1282,0.00222799
1283,0.00222799
1284,0.00222799
1285,0.00222799
1286,0.00222799
1287,0.00222799
1288,0.00222799
1289,0.00222799
1290,0.00222799
1291,0.00222799
1292,0.00222799
1293,0.00222799
1294,0.00222799
1295,0.00222799
1296,0.00222799
1297,0.00222799
1298,0.00222799
1299,0.00222799
1300,0.00222799
1301,0.00222799
1302,0.00222799
1303,0.00222799
1304,0.00222799
1305,0.00222799
1306,0.00222799
1307,0.00222799
1308,0.00222799
1309,0.00222799
1310,0.00222799
1311,0.00222799
1312,0.00222799
1313,0.00222799
1314,0.00222799
1315,0.00222799
1316,0.00222799
1317,0.00222799
1318,0.00222799
1319,0.00222799
1320,0.00222799
1321,0.00222799
1322,0.00222799
1323,0.00222799
1324,0.00222799
1325,0.00222799
1326,0.00222799
1327,0.00222799
1328,0.00222799
1329,0.00222799
1330,0.00222799
1331,0.00222799
1332,0.00222799
1333,0.00222799
1334,0.00222799
1335,0.00222799
1336,0.00222799
1337,0.00222799
1338,0.00222799
1339,0.00222799
1340,0.00222799
1341,0.00222799
1342,0.00222799
1343,0.00222799
1344,0.00222799
1345,0.00222799
1346,0.00222799
1347,0.00222799
1348,0.00222799
1349,0.00222799
1350,0.00222799
1351,0.00222799
1352,0.00222799
1353,0.00222799
1354,0.00222799
1355,0.00222799
1356,0.00222799
1357,0.00222799
1358,0.00222799
1359,0.00222799
1360,0.00222799
1361,0.00222799
1362,0.00222799
1363,0.00222799
1364,0.00222799
1365,0.00222799
1366,0.00222799
1367,0.00222799
1368,0.00222799
1369,0.00222799
1370,0.00222799
1371,0.00222799
1372,0.00222799
1373,0.00222799
1374,0.00222799
1375,0.00222799
1376,0.00222799
1377,0.00222799
1378,0.00222799
1379,0.00222799
1380,0.00222799
1381,0.00222799
1382,0.00222799
1383,0.00222799
1384,0.00222799
1385,0.00222799
1386,0.00222799
1387,0.00222799
1388,0.00222799
1389,0.00222799
1390,0.00222799
1391,0.00222799
1392,0.00222799
1393,0.00222799
1394,0.00222799
1395,0.00222799
1396,0.00222799
1397,0.00222799
1398,0.00222799
1399,0.00222799
1400,0.00222799
1401,0.00222799
1402,0.00222799
1403,0.00222799
1404,0.00222799
1405,0.00222799
1406,0.00222799
1407,0.00222799
1408,0.00222799
1409,0.00222799
1410,0.00222799
1411,0.00222799
1412,0.00222799
1413,0.00222799
1414,0.00222799
1415,0.00222799
1416,0.00222799
1417,0.00222799
1418,0.00222799
1419,0.00222799
1420,0.00222799
1421,0.00222799
1422,0.00222799
1423,0.00222799
1424,0.00222799
1425,0.00222799
1426,0.00222799
1427,0.00222799
1428,0.00222799
1429,0.00222799
1430,0.00222799
1431,0.00222799
1432,0.00222799
1433,0.00222799
1434,0.00222799
1435,0.00222799
1436,0.00222799
1437,0.00222799
1438,0.00222799
1439,0.00222799
1440,0.00222799
1441,0.00222799
1442,0.00222799
1443,0.00222799
1444,0.00222799
1445,0.00222799
1446,0.00222799
1447,0.00222799
1448,0.00222799
1449,0.00222799
1450,0.00222799
1451,0.00222799
1452,0.00222799
1453,0.00222799
1454,0.00222799
1455,0.00222799
1456,0.00222799
1457,0.00222799
1458,0.00222799
1459,0.00222799
1460,0.00222799
1461,0.00222799
1462,0.00222799
1463,0.00222799
1464,0.00222799
1465,0.00222799
1466,0.00222799
1467,0.00222799
1468,0.00222799
1469,0.00222799
1470,0.00222799
1471,0.00222799
1472,0.00222799
1473,0.00222799
1474,0.00222799
1475,0.00222799
1476,0.00222799
1477,0.00222799
1478,0.00222799
1479,0.00222799
1480,0.00222799
1481,0.00222799
1482,0.00222799
1483,0.00222799
1484,0.00222799
1485,0.00222799
1486,0.00222799
1487,0.00222799
1488,0.00222799
1489,0.00222799
1490,0.00222799
1491,0.00222799
1492,0.00222799
1493,0.00222799
1494,0.00222799
1495,0.00222799
1496,0.00222799
1497,0.00222799
1498,0.00222799
1499,0.00222799
1500,0.00222799
1501,0.00222799
1502,0.00222799
1503,0.00222799
1504,0.00222799
1505,0.00222799
1506,0.00222799
1507,0.00222799
1508,0.00222799
1509,0.00222799
1510,0.00222799
1511,0.00222799
1512,0.00222799
1513,0.00222799
1514,0.00222799
1515,0.00222799
1516,0.00222799
1517,0.00222799
1518,0.00222799
1519,0.00222799
1520,0.00222799
1521,0.00222799
1522,0.00222799
1523,0.00222799
1524,0.00222799
1525,0.00222799
1526,0.00222799
1527,0.00222799
1528,0.00222799
1529,0.00222799
1530,0.00222799
1531,0.00222799
1532,0.00222799
1533,0.00222799
1534,0.00222799
1535,0.00222799
1536,0.00222799
1537,0.00222799
1538,0.00222799
1539,0.00222799
1540,0.00222799
1541,0.00222799
1542,0.00222799
1543,0.00222799
1544,0.00222799
1545,0.00222799
1546,0.00222799
1547,0.00222799
1548,0.00222799
1549,0.00222799
1550,0.00222799
1551,0.00222799
1552,0.00222799
1553,0.00222799
1554,0.00222799
1555,0.00222799
1556,0.00222799
1557,0.00222799
1558,0.00222799
1559,0.00222799
1560,0.00222799
1561,0.00222799
1562,0.00222799
1563,0.00222799
1564,0.00222799
1565,0.00222799
1566,0.00222799
1567,0.00222799
1568,0.00222799
1569,0.00222799
1570,0.00222799
1571,0.00223657
1572,0.00223657
1573,0.00223657
1574,0.00223657
1575,0.00223657
1576,0.00223657
1577,0.00223657
1578,0.00223657
1579,0.00223657
1580,0.00223657
1581,0.00223657
1582,0.00223657
1583,0.00223657
1584,0.00223657
1585,0.00223657
1586,0.00223657
1587,0.00223657
1588,0.00223657
1589,0.00223657
1590,0.00223657
1591,0.00223657
1592,0.00223657
1593,0.00223657
1594,0.00223657
1595,0.00224124
1596,0.00224124
1597,0.00224124
1598,0.00224124
1599,0.00224124
1600,0.00224124
1601,0.00224124
1602,0.00224124
1603,0.00224124
1604,0.00224124
1605,0.00224124
1606,0.00224124
1607,0.00224124
1608,0.00224124
1609,0.00224124
1610,0.00224124
1611,0.00224124
1612,0.00224124
1613,0.00224124
1614,0.00224124
1615,0.00224124
1616,0.00224124
1617,0.00224124
1618,0.00224124
1619,0.00224124
1620,0.00224124
1621,0.00224124
1622,0.00224124
1623,0.00224124
1624,0.00224124
1625,0.00224124
1626,0.00224124
1627,0.00224124
1628,0.00224124
1629,0.00224124
1630,0.00224124
1631,0.00224124
1632,0.00224124
1633,0.00224124
1634,0.00224124
1635,0.00224124
1636,0.00224124
1637,0.00224124
1638,0.00224124
1639,0.00224124
1640,0.00224124
1641,0.00224124
1642,0.00224124
1643,0.00224124
1644,0.00224124
1645,0.00224124
1646,0.00224124
1647,0.00224124
1648,0.00224124
1649,0.00224124
1650,0.00224124
1651,0.00224124
1652,0.00224124
1653,0.00224124
1654,0.00224124
1655,0.00224124
1656,0.00224124
1657,0.00224124
1658,0.00224124
1659,0.00224124
1660,0.00224124
1661,0.00224124
1662,0.00224124
1663,0.00224124
1664,0.00224124
1665,0.00224124
1666,0.00224124
1667,0.00224124
1668,0.00224124
1669,0.00224124
1670,0.00224124
1671,0.00224124
1672,0.00224124
1673,0.00224124
1674,0.00224124
1675,0.00224124
1676,0.00224124
1677,0.00224124
1678,0.00224124
1679,0.00224124
1680,0.00224124
1681,0.00224124
1682,0.00224124
1683,0.00224124
1684,0.00224124
1685,0.00224124
1686,0.00224124
1687,0.00224124
1688,0.00224124
1689,0.00224124
1690,0.00224124
1691,0.00224124
1692,0.00224124
1693,0.00224124
1694,0.00224124
1695,0.00224124
1696,0.00224124
1697,0.00224124
1698,0.00224124
1699,0.00224124
1700,0.00224124
1701,0.00224124
1702,0.00224124
1703,0.00224124
1704,0.00224124
1705,0.00224124
1706,0.00224124
1707,0.00224124
1708,0.00224124
1709,0.00224124
1710,0.00224124
1711,0.00224124
1712,0.00224124
1713,0.00224124
1714,0.00224124
1715,0.00224124
1716,0.00224124
1717,0.00224124
1718,0.00224124
1719,0.00224124
1720,0.00224124
1721,0.00224124
1722,0.00224124
1723,0.00224124
1724,0.00224124
1725,0.00224124
1726,0.00224124
1727,0.00224124
1728,0.00224124
1729,0.00224124
1730,0.00224124
1731,0.00224124
1732,0.00224124
1733,0.00224124
1734,0.00224124
1735,0.00224124
1736,0.00224124
1737,0.00224124
1738,0.00224124
1739,0.00224124
1740,0.00224124
1741,0.00224124
1742,0.00224124
1743,0.00224124
1744,0.00224124
1745,0.00224124
1746,0.00224124
1747,0.00224124
1748,0.00224124
1749,0.00224124
1750,0.00224124
1751,0.00224124
1752,0.00224124
1753,0.00224124
1754,0.00224124
1755,0.00224124
1756,0.00224124
1757,0.00224124
1758,0.00224124
1759,0.00224124
1760,0.00224124
1761,0.00224124
1762,0.00224124
1763,0.00224124
1764,0.00224124
1765,0.00224124
1766,0.00224124
1767,0.00227026
1768,0.00227026
1769,0.00227026
1770,0.00227026
1771,0.00227026
1772,0.00227026
1773,0.00227026
1774,0.00227026
1775,0.00227026
1776,0.00227026
1777,0.00227026
1778,0.00227026
1779,0.00223794
1780,0.00223794
1781,0.00223794
1782,0.00223794
1783,0.00223794
1784,0.00223794
1785,0.00223794
1786,0.00223794
1787,0.00223794
1788,0.00223794
1789,0.00223794
1790,0.00223794
1791,0.00223794
1792,0.00223662
1793,0.00223662
1794,0.00223004
1795,0.00223004
1796,0.00223004
1797,0.00223004
1798,0.00223004
1799,0.00223004
1800,0.00223004
1801,0.00223004
1802,0.00223004
1803,0.00223004
1804,0.00223004
1805,0.00220904
1806,0.00220904
1807,0.00220904
1808,0.00220904
1809,0.00220904
1810,0.00220904
1811,0.00220904
1812,0.00220904
1813,0.00220904
1814,0.00220904
1815,0.00220904
1816,0.00220904
1817,0.00220904
1818,0.00220904
1819,0.00220904
1820,0.00220904
1821,0.00220904
1822,0.00220904
1823,0.00220904
1824,0.00220904
1825,0.00220904
1826,0.00220904
1827,0.00220904
1828,0.00220904
1829,0.00220904
1830,0.00220904
1831,0.00220904
1832,0.00220904
1833,0.00220904
1834,0.00220904
1835,0.00220904
1836,0.00220904
1837,0.00220904
1838,0.00220904
1839,0.00220904
1840,0.00220904
1841,0.00220904
1842,0.00220904
1843,0.00220904
1844,0.00220904
1845,0.00220904
1846,0.00220904
1847,0.00220904
1848,0.00220904
1849,0.00220904
1850,0.00220904
1851,0.00220904
1852,0.00220904
1853,0.00220904
1854,0.00220904
1855,0.00220904
1856,0.00220904
1857,0.00220904
1858,0.00220904
1859,0.00220904
1860,0.00220904
1861,0.00220904
1862,0.00220904
1863,0.00220904
1864,0.00220904
1865,0.00220904
1866,0.00220904
1867,0.00220904
1868,0.00220904
1869,0.00220904
1870,0.00220904
1871,0.00220904
1872,0.00220904
1873,0.00220904
1874,0.00220904
1875,0.00220904
1876,0.00220904
1877,0.00220904
1878,0.00220904
1879,0.00220904
1880,0.00220904
1881,0.00220904
1882,0.00220904
1883,0.00220904
1884,0.00220904
1885,0.00220904
1886,0.00220904
1887,0.00220904
1888,0.00220904
1889,0.00220904
1890,0.00220904
1891,0.00220904
1892,0.00220904
1893,0.00220904
1894,0.00220904
1895,0.00220904
1896,0.00220904
1897,0.00220904
1898,0.00220904
1899,0.00220904
1900,0.00220904
1901,0.00220904
1902,0.00220904
1903,0.00220904
1904,0.00220904
1905,0.00220904
1906,0.00220904
1907,0.00220904
1908,0.00220904
1909,0.00220904
1910,0.00220904
1911,0.00220904
1912,0.00220904
1913,0.00220904
1914,0.00220904
1915,0.00220904
1916,0.00220904
1917,0.00220904
1918,0.00220904
1919,0.00220904
1920,0.00220904
1921,0.00220904
1922,0.00220904
1923,0.00220904
1924,0.00220904
1925,0.00220904
1926,0.00220904
1927,0.00220904
1928,0.00220904
1929,0.00220904
1930,0.00220904
1931,0.00220904
1932,0.00220904
1933,0.00220904
1934,0.00220904
1935,0.00220904
1936,0.00220904
1937,0.00220904
1938,0.00220904
1939,0.00220904
1940,0.00220904
1941,0.00220904
1942,0.00220904
1943,0.00220904
1944,0.00220904
1945,0.00220904
1946,0.00220904
1947,0.00220904
1948,0.00220904
1949,0.00220904
1950,0.00220904
1951,0.00220904
1952,0.00220904
1953,0.00220904
1954,0.00220904
1955,0.00220904
1956,0.00220904
1957,0.00220904
1958,0.00220904
1959,0.00220904
1960,0.00220904
1961,0.00220904
1962,0.00220904
1963,0.00220904
1964,0.00220904
1965,0.00220904
1966,0.00220904
1967,0.00220904
1968,0.00220904
1969,0.00220904
1970,0.00220904
1971,0.00220904
1972,0.00220904
1973,0.00220904
1974,0.00220904
1975,0.00220904
1976,0.00220904
1977,0.00220904
1978,0.00220904
1979,0.00220904
1980,0.00220904
1981,0.00220904
1982,0.00220904
1983,0.00220904
1984,0.00220904
1985,0.00226984
1986,0.00226984
1987,0.00226984
1988,0.00226984
1989,0.00226984
1990,0.00226984
1991,0.00226984
1992,0.00226984
1993,0.00226984
1994,0.00226984
1995,0.00226984
1996,0.00226984
1997,0.00226984
1998,0.00226984
1999,0.00226984
2000,0.00226984
2001,0.00226984
2002,0.00226984
2003,0.00226984
2004,0.00226984
2005,0.00226984
2006,0.00226984
2007,0.00226984
2008,0.00226984
2009,0.00226984
2010,0.00226984
2011,0.00226984
2012,0.00226984
2013,0.00226984
2014,0.00226984
2015,0.00226984
2016,0.00226984
2017,0.00226984
2018,0.00226984
2019,0.00226984
2020,0.00226984
2021,0.00226984
2022,0.00226984
2023,0.00226984
2024,0.00226984
2025,0.00226984
2026,0.00226984
2027,0.00226984
2028,0.00222961
2029,0.00222961
2030,0.00222961
2031,0.00222961
2032,0.00222961
2033,0.00222961
2034,0.00222961
2035,0.00222961
2036,0.00222961
2037,0.00222961
2038,0.00222961
2039,0.00222961
2040,0.00222961
2041,0.00222961
2042,0.00222961
2043,0.00222961
2044,0.00222961
2045,0.00222961
2046,0.00222961
2047,0.00222961
2048,0.00222961
2049,0.00222961
2050,0.00222961
2051,0.00222961
2052,0.00222961
2053,0.00222961
2054,0.00222961
2055,0.00222961
2056,0.00222961
2057,0.00222961
2058,0.00222961
2059,0.00222961
2060,0.00222961
2061,0.00222961
2062,0.00222961
2063,0.00222961
2064,0.00222961
2065,0.00222961
2066,0.00222961
2067,0.00222961
2068,0.00222961
2069,0.00222961
2070,0.00222961
2071,0.00222961
2072,0.00222961
2073,0.00222961
2074,0.00223052
2075,0.00223052
2076,0.00223052
2077,0.00223052
2078,0.00223052
2079,0.00223052
2080,0.00223052
2081,0.00223052
2082,0.00223052
2083,0.00223052
2084,0.00223052
2085,0.00223052
2086,0.00223052
2087,0.00223052
2088,0.00223052
2089,0.00223052
2090,0.00223052
2091,0.00223052
2092,0.00223052
2093,0.00223052
2094,0.00223052
2095,0.00223052
2096,0.00223052
2097,0.00223052
2098,0.00223052
2099,0.00223052
2100,0.00223052
2101,0.00223052
2102,0.00223052
2103,0.00223052
2104,0.00223052
2105,0.00223052
2106,0.00223052
2107,0.00223052
2108,0.00223052
2109,0.00223052
2110,0.00223052
2111,0.00223052
2112,0.00223052
2113,0.00223052
2114,0.00223052
2115,0.00223052
2116,0.00223373
2117,0.00223373
2118,0.00223373
2119,0.00223373
2120,0.00223373
2121,0.00223373
2122,0.00223373
2123,0.00223373
2124,0.00223373
2125,0.00223373
2126,0.00223373
2127,0.00223373
2128,0.00223373
2129,0.00223373
2130,0.00223373
2131,0.00223373
2132,0.00223373
2133,0.00223373
2134,0.00223373
2135,0.00223373
2136,0.00223373
2137,0.00223373
2138,0.00223373
2139,0.00223373
2140,0.00223373
2141,0.00223373
2142,0.00223373
2143,0.00223373
2144,0.00223373
2145,0.00223373
2146,0.00223373
2147,0.00223373
2148,0.00223373
2149,0.00223373
2150,0.00223373
2151,0.00223373
2152,0.00223373
2153,0.00223373
2154,0.00223373
2155,0.00223373
2156,0.00223373
2157,0.00223373
2158,0.00223373
2159,0.00223373
2160,0.00223373
2161,0.00223373
2162,0.00223373
2163,0.00223373
2164,0.00223373
2165,0.00223373
2166,0.00223373
2167,0.00223373
2168,0.00223373
2169,0.00223373
2170,0.00223373
2171,0.00223373
2172,0.00223373
2173,0.00223373
2174,0.00223373
2175,0.00223373
2176,0.00223373
2177,0.00223373
2178,0.00223373
2179,0.00223373
2180,0.00223373
2181,0.00223373
2182,0.00223373
2183,0.00223373
2184,0.00223373
2185,0.00223373
2186,0.00223373
2187,0.00223373
2188,0.00223373
2189,0.00223373
2190,0.00223373
2191,0.00223373
2192,0.00223373
2193,0.00223373
2194,0.00223373
2195,0.00223373
2196,0.00223373
2197,0.00223373
2198,0.00223373
2199,0.00223983
2200,0.00223983
2201,0.00223983
2202,0.00223983
2203,0.00223983
2204,0.00223983
2205,0.00223983
2206,0.00223983
2207,0.00223983
2208,0.00223983
2209,0.00223983
2210,0.00223983
2211,0.00223983
2212,0.00223983
2213,0.00223983
2214,0.00223983
2215,0.00223983
2216,0.00223983
2217,0.00223983
2218,0.00223983
2219,0.00223983
2220,0.00223983
2221,0.00223983
2222,0.00223983
2223,0.00223983
2224,0.00223983
2225,0.00223983
2226,0.00223983
2227,0.00223983
2228,0.00223983
2229,0.00223983
2230,0.00223983
2231,0.00223983
2232,0.00223983
2233,0.00223983
2234,0.00223983
2235,0.00223983
2236,0.00223983
2237,0.00223983
2238,0.00223983
2239,0.00223983
2240,0.00223983
2241,0.00223983
2242,0.00223983
2243,0.00223983
2244,0.00223983
2245,0.00223983
2246,0.002237
2247,0.002237
2248,0.002237
2249,0.002237
2250,0.002237
2251,0.002237
2252,0.002237
2253,0.002237
2254,0.002237
2255,0.002237
2256,0.002237
2257,0.002237
2258,0.002237
2259,0.002237
2260,0.002237
2261,0.002237
2262,0.002237
2263,0.002237
2264,0.002237
2265,0.002237
2266,0.002237
2267,0.002237
2268,0.002237
2269,0.002237
2270,0.002237
2271,0.002237
2272,0.002237
2273,0.002237
2274,0.002237
2275,0.002237
2276,0.002237
2277,0.002237
2278,0.002237
2279,0.002237
2280,0.002237
2281,0.002237
2282,0.002237
2283,0.002237
2284,0.002237
2285,0.002237
2286,0.002237
2287,0.002237
2288,0.002237
2289,0.002237
2290,0.002237
2291,0.002237
2292,0.002237
2293,0.002237
2294,0.002237
2295,0.002237
2296,0.002237
2297,0.002237
2298,0.002237
2299,0.002237
2300,0.002237
2301,0.002237
2302,0.002237
2303,0.002237
2304,0.002237
2305,0.0022181
2306,0.0022181
2307,0.0022181
2308,0.0022181
2309,0.0022181
2310,0.0022181
2311,0.0022181
2312,0.0022181
2313,0.0022181
2314,0.0022181
2315,0.0022181
2316,0.0022181
2317,0.0022181
2318,0.0022181
2319,0.0022181
2320,0.0022181
2321,0.0022181
2322,0.0022181
2323,0.0022181
2324,0.0022181
2325,0.0022181
2326,0.0022181
2327,0.0022181
2328,0.0022181
2329,0.0022181
2330,0.0022181
2331,0.0022181
2332,0.0022181
2333,0.0022181
2334,0.0022181
2335,0.0022181
2336,0.0022181
2337,0.0022181
2338,0.0022181
2339,0.0022181
2340,0.0022181
2341,0.0022181
2342,0.0022181
2343,0.0022181
2344,0.0022181
2345,0.0022181
2346,0.0022181
2347,0.0022181
2348,0.0022181
2349,0.0022181
2350,0.0022181
2351,0.0022181
2352,0.0022181
2353,0.0022181
2354,0.0022181
2355,0.0022181
2356,0.0022181
2357,0.0022181
2358,0.0022181
2359,0.0022181
2360,0.0022181
2361,0.0022181
2362,0.0022181
2363,0.0022181
2364,0.0022181
2365,0.0022181
2366,0.0022181
2367,0.0022181
2368,0.0022181
2369,0.0022181
2370,0.0022181
2371,0.0022181
2372,0.0022181
2373,0.0022267
2374,0.0022267
2375,0.0022267
2376,0.0022267
2377,0.0022267
2378,0.00222006
2379,0.00222006
2380,0.00222006
2381,0.00220763
2382,0.00220763
2383,0.00219643
2384,0.00219643
2385,0.00220099
2386,0.00220099
2387,0.00220741
2388,0.00220741
2389,0.00220741
2390,0.00220741
2391,0.00220741
2392,0.00220741
2393,0.00220741
2394,0.00220741
2395,0.00220741
2396,0.00220741
2397,0.00220741
2398,0.00220741
2399,0.00220741
2400,0.00220741
2401,0.00220741
2402,0.00220741
2403,0.00220741
2404,0.00220741
2405,0.00220741
2406,0.00220741
2407,0.00220741
2408,0.00220741
2409,0.00220741
2410,0.00220741
2411,0.00220741
2412,0.00220741
2413,0.00220741
2414,0.00220741
2415,0.00220741
2416,0.00220741
2417,0.00220741
2418,0.00220741
2419,0.00220741
2420,0.00220752
2421,0.00220752
2422,0.00220752
2423,0.00220752
2424,0.00220752
2425,0.00220752
2426,0.00220752
2427,0.00220752
2428,0.00220752
2429,0.00220752
2430,0.00220752
2431,0.00220752
2432,0.00220752
2433,0.00220752
2434,0.00220752
2435,0.00220752
2436,0.00220752
2437,0.00220752
2438,0.00220752
2439,0.00220752
2440,0.00220752
2441,0.00220752
2442,0.00220752
2443,0.00220752
2444,0.00220752
2445,0.00220752
2446,0.00220752
2447,0.00220752
2448,0.00220752
2449,0.00220752
2450,0.00220752
2451,0.00220752
2452,0.00220752
2453,0.00220752
2454,0.00220752
2455,0.00220752
2456,0.00220752
2457,0.00220752
2458,0.00221786
2459,0.00221786
2460,0.00221786
2461,0.00221786
2462,0.00221461
2463,0.00220753
2464,0.00220753
2465,0.00220753
2466,0.00220753
2467,0.00220753
2468,0.00220753
2469,0.00220753
2470,0.00220753
2471,0.00220753
2472,0.00220753
2473,0.00220753
2474,0.00220753
2475,0.00220753
2476,0.00220753
2477,0.00220753
2478,0.00220753
2479,0.00220753
2480,0.00220753
2481,0.00220753
2482,0.00220753
2483,0.00220753
2484,0.00220753
2485,0.00220753
2486,0.00220753
2487,0.00220753
2488,0.00220753
2489,0.00220753
2490,0.00220753
2491,0.00221305
2492,0.00221305
2493,0.00221305
2494,0.00221305
2495,0.00220627
2496,0.00220627
2497,0.00220627
2498,0.00220627
2499,0.00220627
2500,0.00220627
2501,0.00220627
2502,0.00220627
2503,0.00220627
2504,0.00220627
2505,0.00220627
2506,0.00220627
2507,0.00220627
2508,0.00220627
2509,0.00220627
2510,0.00220627
2511,0.00220627
2512,0.00220627
2513,0.00220627
2514,0.00220627
2515,0.00220627
2516,0.00220627
2517,0.00220627
2518,0.00220627
2519,0.00220627
2520,0.00220627
2521,0.00220627
2522,0.00220627
2523,0.00220627
2524,0.00220627
2525,0.00220627
2526,0.00220627
2527,0.00220627
2528,0.00220627
2529,0.00220627
2530,0.00220627
2531,0.00220627
2532,0.00220627
2533,0.00220627
2534,0.00220627
2535,0.00220627
2536,0.00220627
2537,0.00220627
2538,0.00221181
2539,0.00221181
2540,0.00221181
2541,0.00221181
2542,0.00221181
2543,0.00221181
2544,0.00221181
2545,0.00221181
2546,0.00221181
2547,0.00221181
2548,0.00221181
2549,0.00221181
2550,0.00221181
2551,0.00221181
2552,0.00221181
2553,0.00221181
2554,0.00221181
2555,0.00221181
2556,0.0022111
2557,0.0022111
2558,0.00220628
2559,0.00220628
2560,0.00220628
2561,0.00220628
2562,0.00220628
2563,0.00220628
2564,0.00220628
2565,0.00220628
2566,0.00220629
2567,0.00219765
2568,0.00219765
2569,0.00219765
2570,0.00219765
2571,0.0021517
2572,0.0021517
2573,0.0021517
2574,0.0021517
2575,0.0021517
2576,0.0021517
2577,0.0021517
2578,0.0021517
2579,0.0021517
2580,0.0021517
2581,0.0021517
2582,0.0021517
2583,0.0021517
2584,0.0021517
2585,0.0021517
2586,0.0021517
2587,0.0021517
2588,0.0021517
2589,0.0021517
2590,0.0021517
2591,0.0021517
2592,0.0021517
2593,0.0021517
2594,0.0021517
2595,0.0021517
2596,0.0021517
2597,0.0021517
2598,0.0021517
2599,0.0021517
2600,0.0021517
2601,0.0021517
2602,0.0021517
2603,0.0021517
2604,0.0021517
2605,0.0021517
2606,0.0021517
2607,0.0021517
2608,0.0021517
2609,0.0021517
2610,0.0021517
2611,0.0021517
2612,0.0021517
2613,0.0021517
2614,0.0021517
2615,0.0021517
2616,0.0021517
2617,0.0021517
2618,0.0021517
2619,0.0021517
2620,0.0021517
2621,0.0021517
2622,0.0021517
2623,0.0021517
2624,0.0021517
2625,0.0021517
2626,0.0021517
2627,0.0021517
2628,0.0021517
2629,0.0021517
2630,0.0021517
2631,0.0021517
2632,0.0021517
2633,0.0021517
2634,0.0021517
2635,0.0021517
2636,0.0021517
2637,0.0021517
2638,0.0021517
2639,0.0021517
2640,0.0021517
2641,0.0021517
2642,0.0021517
2643,0.0021517
2644,0.0021517
2645,0.0021517
2646,0.0021517
2647,0.0021517
2648,0.0021517
2649,0.0021517
2650,0.0021517
2651,0.0021517
2652,0.0021517
2653,0.0021517
2654,0.0021517
2655,0.0021517
2656,0.0021517
2657,0.0021517
2658,0.0021517
2659,0.0021517
2660,0.0021517
2661,0.0021517
2662,0.0021517
2663,0.0021517
2664,0.0021517
2665,0.0021517
2666,0.0021517
2667,0.0021517
2668,0.0021517
2669,0.0021517
2670,0.0021517
2671,0.0021517
2672,0.0021517
2673,0.0021517
2674,0.0021517
2675,0.0021517
2676,0.0021517
2677,0.0021517
2678,0.0021517
2679,0.0021517
2680,0.0021517
2681,0.0021517
2682,0.0021517
2683,0.0021517
2684,0.0021517
2685,0.0021517
2686,0.0021517
2687,0.0021517
2688,0.0021517
2689,0.0021517
2690,0.0021517
2691,0.0021517
2692,0.0021517
2693,0.0021517
2694,0.0021517
2695,0.0021517
2696,0.0021517
2697,0.0021517
2698,0.0021517
2699,0.0021517
2700,0.0021517
2701,0.0021517
2702,0.0021517
2703,0.0021517
2704,0.0021517
2705,0.0021517
2706,0.0021517
2707,0.0021517
2708,0.0021517
2709,0.0021517
2710,0.0021517
2711,0.0021517
2712,0.0021517
2713,0.0021517
2714,0.0021517
2715,0.0021517
2716,0.0021517
2717,0.0021517
2718,0.0021517
2719,0.0021517
2720,0.0021517
2721,0.0021517
2722,0.0021517
2723,0.0021517
2724,0.0021517
2725,0.0021517
2726,0.0021517
2727,0.0021517
2728,0.0021517
2729,0.0021517
2730,0.0021517
2731,0.0021517
2732,0.0021517
2733,0.0021517
2734,0.0021517
2735,0.0021517
2736,0.0021517
2737,0.0021517
2738,0.0021517
2739,0.0021517
2740,0.0021517
2741,0.0021517
2742,0.0021517
2743,0.0021517
2744,0.0021517
2745,0.0021517
2746,0.0021517
2747,0.0021517
2748,0.0021517
2749,0.0021517
2750,0.0021517
2751,0.0021517
2752,0.0021517
2753,0.0021517
2754,0.0021517
2755,0.0021517
2756,0.0021517
2757,0.0021517
2758,0.0021517
2759,0.0021517
2760,0.0021517
2761,0.0021517
2762,0.0021517
2763,0.0021517
2764,0.00223881
2765,0.00223881
2766,0.00223881
2767,0.00223881
2768,0.00223881
2769,0.00223881
2770,0.00223881
2771,0.00223881
2772,0.00223881
2773,0.00223881
2774,0.00223881
2775,0.00223881
2776,0.00223881
2777,0.00223881
2778,0.00223336
2779,0.00223336
2780,0.00223336
2781,0.00223336
2782,0.00223336
2783,0.00223336
2784,0.00223336
2785,0.00223336
2786,0.00223336
2787,0.00223336
2788,0.00223336
2789,0.00223336
2790,0.00223336
2791,0.00223336
2792,0.00223336
2793,0.00223336
2794,0.00223336
2795,0.00223336
2796,0.00223336
2797,0.00223336
2798,0.00223336
2799,0.00223336
2800,0.00223336
2801,0.00223336
2802,0.00223336
2803,0.00223336
2804,0.00223336
2805,0.00223336
2806,0.00223336
2807,0.00223336
2808,0.00223336
2809,0.00223336
2810,0.00223336
2811,0.00223336
2812,0.00223336
2813,0.00223336
2814,0.00223336
2815,0.00223336
2816,0.00223336
2817,0.00223336
2818,0.00223336
2819,0.00223336
2820,0.00223336
2821,0.00223336
2822,0.00223336
2823,0.00223336
2824,0.00223336
2825,0.00223336
2826,0.00223336
2827,0.00223336
2828,0.00223336
2829,0.00223336
2830,0.00223336
2831,0.00223336
2832,0.00223336
2833,0.00223336
2834,0.00223336
2835,0.00223336
2836,0.00223336
2837,0.00223336
2838,0.00223336
2839,0.00223336
2840,0.00223336
2841,0.00223336
2842,0.00223336
2843,0.00223336
2844,0.00223336
2845,0.00223336
2846,0.00223336
2847,0.00223336
2848,0.00223336
2849,0.00223336
2850,0.00223336
2851,0.00223336
2852,0.00223336
2853,0.00223336
2854,0.00223336
2855,0.00223336
2856,0.00223336
2857,0.00223336
2858,0.00223336
2859,0.00223336
2860,0.00223336
2861,0.00223336
2862,0.00223336
2863,0.00223336
2864,0.00223336
2865,0.00223336
2866,0.00223336
2867,0.00223336
2868,0.00223336
2869,0.00223336
2870,0.00223336
2871,0.00223336
2872,0.00223336
2873,0.00223336
2874,0.00223336
2875,0.00223336
2876,0.00223336
2877,0.00223336
2878,0.00223336
2879,0.00223336
2880,0.00223336
2881,0.00223336
2882,0.00223336
2883,0.00223336
2884,0.00223336
2885,0.00223336
2886,0.00223336
2887,0.00223336
2888,0.00223336
2889,0.00223336
2890,0.00223336
2891,0.00223336
2892,0.00223336
2893,0.00223336
2894,0.00223336
2895,0.00223336
2896,0.00223336
2897,0.00223336
2898,0.00223336
2899,0.00223336
2900,0.00223336
2901,0.00223336
2902,0.00223336
2903,0.00223336
2904,0.00223336
2905,0.00223336
2906,0.00223336
2907,0.00223336
2908,0.00223336
2909,0.00223336
2910,0.00223336
2911,0.00223336
2912,0.00223336
2913,0.00223336
2914,0.00223336
2915,0.00223336
2916,0.00223336
2917,0.00223336
2918,0.00223336
2919,0.00223336
2920,0.00223336
2921,0.00223336
2922,0.00223336
2923,0.00223336
2924,0.00223336
2925,0.00223336
2926,0.00223336
2927,0.00223336
2928,0.00223336
2929,0.00223336
2930,0.00223336
2931,0.00223336
2932,0.00223336
2933,0.00223336
2934,0.00223336
2935,0.00223336
2936,0.00223336
2937,0.00223336
2938,0.00223336
2939,0.00223336
2940,0.00223336
2941,0.00223336
2942,0.00223336
2943,0.00223336
2944,0.00223336
2945,0.00223336
2946,0.00223336
2947,0.00223336
2948,0.00223336
2949,0.00223336
2950,0.00223336
2951,0.00223336
2952,0.00223336
2953,0.00223336
2954,0.00223336
2955,0.00223336
2956,0.00223336
2957,0.00223336
2958,0.00223336
2959,0.00223336
2960,0.00223336
2961,0.00223336
2962,0.00223336
2963,0.00223336
2964,0.00223336
2965,0.00223336
2966,0.00223336
2967,0.00223336
2968,0.00223336
2969,0.00223336
2970,0.00223336
2971,0.00223336
2972,0.00223336
2973,0.00223336
2974,0.00223336
2975,0.00223336
2976,0.00223336
2977,0.00223336
2978,0.00223336
2979,0.00223336
2980,0.00223336
2981,0.00223336
2982,0.00223336
2983,0.00223336
2984,0.00223336
2985,0.00223336
2986,0.00223336
2987,0.00223336
2988,0.00223336
2989,0.00223336
2990,0.00223336
2991,0.00223336
2992,0.00223336
2993,0.00223336
2994,0.00223336
2995,0.00223336
2996,0.00223336
2997,0.00223336
2998,0.00223336
2999,0.00223336
3000,0.00223336
3001,0.00223336
3002,0.00223336
3003,0.00223336
3004,0.00223336
3005,0.00223336
3006,0.00223336
3007,0.00223336
3008,0.00223336
3009,0.00223336
3010,0.00223336
3011,0.00223336
3012,0.00223336
3013,0.00223336
3014,0.00223336
3015,0.00223336
3016,0.00223336
3017,0.00223336
3018,0.00223336
3019,0.00223336
3020,0.00223336
3021,0.00223336
3022,0.00223336
3023,0.00223336
3024,0.00223336
3025,0.00223336
3026,0.00223336
3027,0.00223336
3028,0.00223336
3029,0.00223336
3030,0.00223336
3031,0.00223336
3032,0.00223336
3033,0.00223336
3034,0.00223336
3035,0.00223336
3036,0.00223336
3037,0.00223336
3038,0.00223336
3039,0.00223336
3040,0.00223336
3041,0.00223336
3042,0.00223336
3043,0.00223336
3044,0.00223336
3045,0.00223336
3046,0.00223336
3047,0.00223336
3048,0.00223336
3049,0.00223336
3050,0.00223336
3051,0.00223336
3052,0.00223336
3053,0.00223336
3054,0.00223336
3055,0.00223336
3056,0.00223336
3057,0.00223336
3058,0.00223336
3059,0.00223336
3060,0.00223336
3061,0.00223336
3062,0.00223336
3063,0.00223336
3064,0.00223336
3065,0.00223336
3066,0.00223336
3067,0.00223336
3068,0.00223336
3069,0.00223336
3070,0.00223336
3071,0.00223336
3072,0.00223336
3073,0.00223336
3074,0.00223336
3075,0.00223336
3076,0.00223336
3077,0.00223336
3078,0.00223336
3079,0.00223336
3080,0.00223336
3081,0.00223336
3082,0.00223336
3083,0.00223336
3084,0.00223336
3085,0.00223336
3086,0.00223336
3087,0.00223336
3088,0.00223336
3089,0.00223336
3090,0.00223336
3091,0.00223336
3092,0.00223336
3093,0.00223336
3094,0.00223336
3095,0.00223336
3096,0.00223336
3097,0.00223336
3098,0.00223336
3099,0.00223336
3100,0.00223336
3101,0.00223336
3102,0.00223336
3103,0.00223336
3104,0.00223336
3105,0.00223336
3106,0.00223336
3107,0.00223336
3108,0.00223336
3109,0.00223336
3110,0.00223336
3111,0.00223336
3112,0.00223336
3113,0.00223336
3114,0.00223336
3115,0.00223336
3116,0.00223336
3117,0.00223336
3118,0.00223336
3119,0.00223336
3120,0.00223336
3121,0.00223336
3122,0.00223336
3123,0.00223336
3124,0.00223336
3125,0.00223336
3126,0.00223336
3127,0.00223336
3128,0.00223336
3129,0.00223336
3130,0.00223336
3131,0.00223336
3132,0.00223336
3133,0.00223336
3134,0.00223336
3135,0.00223336
3136,0.00223336
3137,0.00223336
3138,0.00223336
3139,0.00223336
3140,0.00223336
3141,0.00223336
3142,0.00223336
3143,0.00223336
3144,0.00223336
3145,0.00223336
3146,0.00223336
3147,0.00223336
3148,0.00223336
3149,0.00223336
3150,0.00223336
3151,0.00223336
3152,0.00223336
3153,0.00223336
3154,0.00223336
3155,0.00223336
3156,0.00223336
3157,0.00223336
3158,0.00223336
3159,0.00223336
3160,0.00223336
3161,0.00223336
3162,0.00223336
3163,0.00223336
3164,0.00223336
3165,0.00223336
3166,0.00223336
3167,0.00223336
3168,0.00223336
3169,0.00223336
3170,0.00223336
3171,0.00223336
3172,0.00223336
3173,0.00223336
3174,0.00223336
3175,0.00223336
3176,0.00223336
3177,0.00223336
3178,0.00223336
3179,0.00223336
3180,0.00223336
3181,0.00223336
3182,0.00223336
3183,0.00223336
3184,0.00223336
3185,0.00223336
3186,0.00223336
3187,0.00223336
3188,0.00223336
3189,0.00223336
3190,0.00223336
3191,0.00223336
3192,0.00223336
3193,0.00223336
3194,0.00223336
3195,0.00223336
3196,0.00223336
3197,0.00223336
3198,0.00223336
3199,0.00223336
3200,0.00223336
3201,0.00223336
3202,0.00223336
3203,0.00223336
3204,0.00223336
3205,0.00223336
3206,0.00223336
3207,0.00223336
3208,0.00223336
3209,0.00223336
3210,0.00223336
3211,0.00223336
3212,0.00223336
3213,0.00223336
3214,0.00223336
3215,0.00223336
3216,0.00223336
3217,0.00223336
3218,0.00223336
3219,0.00223336
3220,0.00223336
3221,0.00223336
3222,0.00223336
3223,0.00223336
3224,0.00223336
3225,0.00223336
3226,0.00223336
3227,0.00223336
3228,0.00223336
3229,0.00223336
3230,0.00223336
3231,0.00223336
3232,0.00223336
3233,0.00223336
3234,0.00223336
3235,0.00223336
3236,0.00223336
3237,0.00223336
3238,0.00223336
3239,0.00223336
3240,0.00223336
3241,0.00223336
3242,0.00223336
3243,0.00223336
3244,0.00223336
3245,0.00223336
3246,0.00223336
3247,0.00223336
3248,0.00223336
3249,0.00220538
3250,0.00220538
3251,0.00220538
3252,0.00220538
3253,0.00220538
3254,0.00220538
3255,0.00220538
3256,0.00220538
3257,0.00220538
3258,0.00220538
3259,0.00220538
3260,0.00220538
3261,0.00220538
3262,0.00220538
3263,0.00219763
3264,0.00219763
3265,0.00219763
3266,0.00219763
3267,0.00219763
3268,0.00219763
3269,0.00219763
3270,0.00219763
3271,0.00219763
3272,0.00219763
3273,0.00219763
3274,0.00219763
3275,0.00219763
3276,0.00219763
3277,0.00219763
3278,0.00219763
3279,0.00219763
3280,0.00219763
3281,0.00219763
3282,0.00219763
3283,0.00219763
3284,0.00219763
3285,0.00219763
3286,0.00219763
3287,0.00219763
3288,0.00219763
3289,0.00219763
3290,0.00219763
3291,0.00219763
3292,0.00219763
3293,0.00219763
3294,0.00219763
3295,0.00219763
3296,0.00219763
3297,0.00219763
3298,0.00219763
3299,0.00219763
3300,0.00219763
3301,0.00219763
3302,0.00219763
3303,0.00219763
3304,0.00219763
3305,0.00219763
3306,0.00219763
3307,0.00219763
3308,0.00219763
3309,0.00219763
3310,0.00219763
3311,0.00219763
3312,0.00219763
3313,0.00219763
3314,0.00219763
3315,0.00219175
3316,0.00219175
3317,0.00218791
3318,0.00218791
3319,0.00218791
3320,0.00218791
3321,0.00218791
3322,0.00218791
3323,0.00218791
3324,0.00218791
3325,0.00218791
3326,0.00218791
3327,0.00218791
3328,0.00218791
3329,0.00218791
3330,0.00218791
3331,0.00218791
3332,0.00218791
3333,0.00218791
3334,0.00218791
3335,0.00218791
3336,0.00218791
3337,0.00218791
3338,0.00218791
3339,0.00218791
3340,0.00218791
3341,0.00217978
3342,0.00217978
3343,0.00217978
3344,0.00217978
3345,0.00217978
3346,0.00217978
3347,0.00217978
3348,0.00217978
3349,0.00217978
3350,0.00217978
3351,0.00217978
3352,0.00217978
3353,0.00217978
3354,0.00217978
3355,0.00217978
3356,0.00217978
3357,0.00217978
3358,0.00217978
3359,0.00217978
3360,0.00217978
3361,0.00217978
3362,0.00217978
3363,0.00217978
3364,0.00217978
3365,0.00217978
3366,0.00217978
3367,0.00217978
3368,0.00217978
3369,0.00217978
3370,0.00217978
3371,0.00217978
3372,0.00217978
3373,0.00217978
3374,0.00217978
3375,0.00217978
3376,0.00217978
3377,0.00217978
3378,0.00217978
3379,0.00217978
3380,0.00217978
3381,0.00217978
3382,0.00217978
3383,0.00217978
3384,0.00217978
3385,0.00217978
3386,0.00217978
3387,0.00217978
3388,0.00217978
3389,0.00217978
3390,0.00217978
3391,0.00217978
3392,0.00217978
3393,0.00217978
3394,0.00217978
3395,0.00217978
3396,0.00217978
3397,0.00217978
3398,0.00217978
3399,0.00217978
3400,0.00217978
3401,0.00217978
3402,0.00217978
3403,0.00217978
3404,0.00217978
3405,0.00217978
3406,0.00217978
3407,0.00217978
3408,0.00217978
3409,0.00217978
3410,0.00217978
3411,0.00217978
3412,0.00217978
3413,0.00218666
3414,0.00217582
3415,0.00217582
3416,0.00217582
3417,0.00217556
3418,0.00217556
3419,0.00217556
3420,0.00217556
3421,0.00217556
3422,0.00217556
3423,0.00217556
3424,0.00217556
3425,0.00217556
3426,0.00217556
3427,0.00217556
3428,0.00217556
3429,0.00217556
3430,0.00217556
3431,0.00217556
3432,0.00217556
3433,0.00217556
3434,0.00217556
3435,0.00217556
3436,0.00217556
3437,0.00217556
3438,0.00217556
3439,0.00217556
3440,0.00217556
3441,0.00217556
3442,0.00217556
3443,0.00217556
3444,0.00217556
3445,0.00217556
3446,0.00217556
3447,0.00217556
3448,0.00217556
3449,0.00217556
3450,0.00217556
3451,0.00217556
3452,0.00217556
3453,0.00217556
3454,0.00217556
3455,0.00217556
3456,0.00217556
3457,0.00217556
3458,0.00217556
3459,0.00217556
3460,0.00217556
3461,0.00217556
3462,0.00217556
3463,0.00217556
3464,0.00217556
3465,0.00217556
3466,0.00217556
3467,0.00217556
3468,0.00217556
3469,0.00217556
3470,0.00217556
3471,0.00217556
3472,0.00217556
3473,0.00217556
3474,0.00217556
3475,0.00217556
3476,0.00217556
3477,0.00217556
3478,0.00217556
3479,0.00217556
3480,0.00217556
3481,0.00217556
3482,0.00217556
3483,0.00217556
3484,0.00218217
3485,0.00218217
3486,0.0021778
3487,0.0021778
3488,0.0021778
3489,0.0021778
3490,0.0021778
3491,0.0021778
3492,0.0021811
3493,0.0021811
3494,0.0021811
3495,0.0021811
3496,0.0021811
3497,0.0021811
3498,0.0021811
3499,0.0021811
3500,0.00218216
3501,0.00218216
3502,0.00218216
3503,0.00218216
3504,0.00218216
3505,0.00218216
3506,0.00218216
3507,0.00218216
3508,0.00218216
3509,0.00218216
3510,0.00218216
3511,0.00218216
3512,0.00218216
3513,0.00218216
3514,0.00218216
3515,0.00218216
3516,0.00218216
3517,0.00218216
3518,0.00218216
3519,0.00218216
3520,0.00218216
3521,0.00218216
3522,0.00218216
3523,0.00218216
3524,0.00218216
3525,0.00218216
3526,0.00218216
3527,0.00218216
3528,0.00218216
3529,0.00218216
3530,0.00218216
3531,0.00218216
3532,0.00218216
3533,0.00218216
3534,0.00218216
3535,0.00218216
3536,0.00218216
3537,0.00218216
3538,0.00218216
3539,0.00218216
3540,0.00218216
3541,0.00218216
3542,0.00218216
3543,0.00218216
3544,0.00218216
3545,0.00218216
3546,0.00218216
3547,0.00218216
3548,0.00218216
3549,0.00218216
3550,0.00218216
3551,0.00218216
3552,0.00218216
3553,0.00218216
3554,0.00218216
3555,0.00218216
3556,0.00218216
3557,0.00218216
3558,0.00218216
3559,0.00218216
3560,0.00218216
3561,0.00218216
3562,0.00218216
3563,0.00218216
3564,0.00218216
3565,0.00218216
3566,0.00218216
3567,0.00218216
3568,0.00218216
3569,0.00218216
3570,0.00218216
3571,0.00218216
3572,0.00218216
3573,0.00218216
3574,0.00218216
3575,0.00218216
3576,0.00218216
3577,0.00218216
3578,0.00218216
3579,0.00218216
3580,0.00218216
3581,0.00218216
3582,0.00218216
3583,0.00218216
3584,0.00218216
3585,0.00218216
3586,0.00218216
3587,0.00218216
3588,0.00218216
3589,0.00218216
3590,0.00218216
3591,0.00218216
3592,0.00218216
3593,0.00218216
3594,0.00218216
3595,0.00218216
3596,0.00218216
3597,0.00218216
3598,0.00218216
3599,0.00218216
3600,0.00218216
3601,0.00218216
3602,0.00218216
3603,0.00218216
3604,0.00218216
3605,0.00218216
3606,0.00218216
3607,0.00218216
3608,0.00218216
3609,0.00218216
3610,0.00218216
3611,0.00218216
3612,0.00218216
3613,0.00218216
3614,0.00218216
3615,0.00218216
3616,0.00218216
3617,0.00218216
3618,0.00218216
3619,0.00218216
3620,0.00218216
3621,0.00218216
3622,0.00218216
3623,0.00218216
3624,0.00218216
3625,0.00218216
3626,0.00218216
3627,0.00218216
3628,0.00218216
3629,0.00218216
3630,0.00218216
3631,0.00218216
3632,0.00218216
3633,0.00218216
3634,0.00218216
3635,0.00218216
3636,0.00218216
3637,0.00214697
3638,0.00214697
3639,0.00214697
3640,0.00214697
3641,0.00214697
3642,0.00214697
3643,0.00214697
3644,0.00214697
3645,0.00214697
3646,0.00214697
3647,0.00214697
3648,0.00214697
3649,0.00214697
3650,0.00214697
3651,0.00214697
3652,0.00214697
3653,0.00214697
3654,0.00214697
3655,0.00214697
3656,0.00214697
3657,0.00214697
3658,0.00214697
3659,0.00214697
3660,0.00214697
3661,0.00214697
3662,0.00214697
3663,0.00214697
3664,0.00214697
3665,0.00214697
3666,0.00214697
3667,0.00214697
3668,0.00214697
3669,0.00214697
3670,0.00214697
3671,0.00214697
3672,0.00214697
3673,0.00214697
3674,0.00214697
3675,0.00214697
3676,0.00214697
3677,0.00214697
3678,0.00214697
3679,0.00214697
3680,0.00214697
3681,0.00214697
3682,0.00214697
3683,0.00214697
3684,0.00214697
3685,0.00214697
3686,0.00214697
3687,0.00214697
3688,0.00214697
3689,0.00214697
3690,0.00214697
3691,0.00214697
3692,0.00214697
3693,0.00214697
3694,0.00214697
3695,0.00214697
3696,0.00214697
3697,0.00214697
3698,0.00214697
3699,0.00214697
3700,0.00214697
3701,0.00214697
3702,0.00214697
3703,0.00214697
3704,0.00214697
3705,0.00214697
3706,0.00214697
3707,0.00214697
3708,0.00214697
3709,0.00214697
3710,0.00214697
3711,0.00214697
3712,0.00214697
3713,0.00214697
3714,0.00214697
3715,0.00214697
3716,0.00214697
3717,0.00214697
3718,0.00214697
3719,0.00214697
3720,0.00214697
3721,0.00214697
3722,0.00214697
3723,0.00214697
3724,0.00214697
3725,0.00214697
3726,0.00214697
3727,0.00214697
3728,0.00214697
3729,0.00214697
3730,0.00214697
3731,0.00214697
3732,0.00214697
3733,0.00214697
3734,0.00214697
3735,0.00214697
3736,0.00214697
3737,0.00214697
3738,0.00214697
3739,0.00214697
3740,0.00214697
3741,0.00214697
3742,0.00214697
3743,0.00214697
3744,0.00214697
3745,0.00214697
3746,0.00214697
3747,0.00214697
3748,0.00214697
3749,0.00214697
3750,0.00214697
3751,0.00214697
3752,0.00214697
3753,0.00214697
3754,0.00214697
3755,0.00214697
3756,0.00214697
3757,0.00214697
3758,0.00215603
3759,0.00215603
3760,0.00215603
3761,0.00215603
3762,0.00215603
3763,0.00215603
3764,0.00215603
3765,0.00215603
3766,0.00215603
3767,0.00215603
3768,0.00215603
3769,0.00215603
3770,0.00215603
3771,0.00215603
3772,0.00215603
3773,0.00215603
3774,0.00215603
3775,0.00215603
3776,0.00215603
3777,0.00215603
3778,0.00215603
3779,0.00215603
3780,0.00215603
3781,0.00215603
3782,0.00215603
3783,0.00215603
3784,0.00215603
3785,0.00215603
3786,0.00215603
3787,0.00215603
3788,0.00215603
3789,0.00215603
3790,0.00215603
3791,0.00215603
3792,0.00215603
3793,0.00215603
3794,0.00215603
3795,0.00215603
3796,0.00215603
3797,0.00215603
3798,0.00215603
3799,0.00215603
3800,0.00215603
3801,0.00215603
3802,0.00215603
3803,0.00215603
3804,0.00215603
3805,0.00215603
3806,0.00215603
3807,0.00215603
3808,0.00215603
3809,0.00215603
3810,0.00215603
3811,0.00215603
3812,0.00215603
3813,0.00215603
3814,0.00215603
3815,0.00215603
3816,0.00215603
3817,0.00215603
3818,0.00215603
3819,0.00215603
3820,0.00215603
3821,0.00215603
3822,0.00215603
3823,0.00215603
3824,0.00215603
3825,0.00215603
3826,0.00215603
3827,0.00215603
3828,0.00215603
3829,0.00215603
3830,0.00215603
3831,0.00215603
3832,0.00215603
3833,0.00215603
3834,0.00215603
3835,0.00215603
3836,0.00215603
3837,0.00215603
3838,0.00215603
3839,0.00215603
3840,0.00215603
3841,0.00215603
3842,0.00215603
3843,0.00215603
3844,0.00215603
3845,0.00215603
3846,0.00215603
3847,0.00215603
3848,0.00215603
3849,0.00215603
3850,0.00215603
3851,0.00215603
3852,0.00215603
3853,0.00215603
3854,0.00215603
3855,0.00215603
3856,0.00215603
3857,0.00215603
3858,0.00215603
3859,0.00215603
3860,0.00215603
3861,0.00215603
3862,0.00215603
3863,0.00215603
3864,0.00215603
3865,0.00215603
3866,0.00215603
3867,0.00215603
3868,0.00215603
3869,0.00215603
3870,0.00215603
3871,0.00215603
3872,0.00215603
3873,0.00215603
3874,0.00215603
3875,0.00215603
3876,0.00215603
3877,0.00215603
3878,0.00215603
3879,0.00215603
3880,0.00215603
3881,0.00215603
3882,0.00215603
3883,0.00215603
3884,0.00215603
3885,0.00215603
3886,0.00215603
3887,0.00215603
3888,0.00215603
3889,0.00215603
3890,0.00215603
3891,0.00215603
3892,0.00215603
3893,0.00215603
3894,0.00215603
3895,0.00215603
3896,0.00215603
3897,0.00215603
3898,0.00215603
3899,0.00215603
3900,0.00215603
3901,0.00215603
3902,0.00215603
3903,0.00215603
3904,0.00215603
3905,0.00215603
3906,0.00215603
3907,0.00215603
3908,0.00215603
3909,0.00215603
3910,0.00215603
3911,0.00215603
3912,0.00215603
3913,0.00215603
3914,0.00215603
3915,0.00215603
3916,0.00215603
3917,0.00215603
3918,0.00215603
3919,0.00215603
3920,0.00215603
3921,0.00215603
3922,0.00215603
3923,0.00215603
3924,0.00215603
3925,0.00215603
3926,0.00215603
3927,0.00215603
3928,0.00215603
3929,0.00215603
3930,0.00215603
3931,0.00215603
3932,0.00215603
3933,0.00215603
3934,0.00215603
3935,0.00215603
3936,0.00215603
3937,0.00215603
3938,0.00215603
3939,0.00215603
3940,0.00215603
3941,0.00215603
3942,0.00215603
3943,0.00215603
3944,0.00215603
3945,0.00215603
3946,0.00215603
3947,0.00215603
3948,0.00215603
3949,0.00215603
3950,0.00215603
3951,0.00215603
3952,0.00215603
3953,0.00215603
3954,0.00215603
3955,0.00215603
3956,0.00215603
3957,0.00215603
3958,0.00215603
3959,0.00215603
3960,0.00215603
3961,0.00215603
3962,0.00215603
3963,0.00215603
3964,0.00215603
3965,0.00215603
3966,0.00215603
3967,0.00215603
3968,0.00215603
3969,0.00215603
3970,0.00215603
3971,0.00215603
3972,0.00215603
3973,0.00215603
3974,0.00215603
3975,0.00215603
3976,0.00215603
3977,0.00215603
3978,0.00215603
3979,0.00215603
3980,0.00215603
3981,0.00215603
3982,0.00215603
3983,0.00215603
3984,0.00215603
3985,0.00215603
3986,0.00215603
3987,0.00215603
3988,0.00215603
3989,0.00215603
3990,0.00215603
3991,0.00215603
3992,0.00215603
3993,0.00215603
3994,0.00215603
3995,0.00215603
3996,0.00215603
3997,0.00215603
3998,0.00215603
3999,0.00215603
4000,0.00215603
4001,0.00215603
4002,0.00215603
4003,0.00215603
4004,0.00215603
4005,0.00215603
4006,0.00215603
4007,0.00215603
4008,0.00215603
4009,0.00215603
4010,0.00215603
4011,0.00215603
4012,0.00215603
4013,0.00215603
4014,0.00215603
4015,0.00215603
4016,0.00215603
4017,0.00215603
4018,0.00215603
4019,0.00215603
4020,0.00215603
4021,0.00215603
4022,0.00215603
4023,0.00215603
4024,0.00215603
4025,0.00215603
4026,0.00215603
4027,0.00215603
4028,0.00215603
4029,0.00215603
4030,0.00215603
4031,0.00215603
4032,0.00215603
4033,0.00215603
4034,0.00215603
4035,0.00215603
4036,0.00215603
4037,0.00215603
4038,0.00215603
4039,0.00215603
4040,0.00215603
4041,0.00215603
4042,0.00215603
4043,0.00215603
4044,0.00215603
4045,0.00215603
4046,0.00215603
4047,0.00215603
4048,0.00215603
4049,0.00219742
4050,0.00219742
4051,0.00219742
4052,0.00219742
4053,0.00219742
4054,0.00219742
4055,0.00219742
4056,0.00219742
4057,0.00219742
4058,0.00219742
4059,0.00219742
4060,0.00219742
4061,0.00219742
4062,0.00219742
4063,0.00219742
4064,0.00219742
4065,0.00217463
4066,0.00217463
4067,0.00217463
4068,0.00217463
4069,0.00217463
4070,0.00217463
4071,0.00217463
4072,0.00217463
4073,0.00217463
4074,0.00217463
4075,0.00217463
4076,0.00217463
4077,0.00217463
4078,0.00217463
4079,0.00217463
4080,0.00217463
4081,0.00217463
4082,0.00217463
4083,0.00217463
4084,0.00217463
4085,0.00217463
4086,0.00217463
4087,0.00217463
4088,0.00217463
4089,0.00217463
4090,0.00217463
4091,0.00217463
4092,0.00217463
4093,0.00217463
4094,0.00217463
4095,0.00217463
4096,0.00217463
4097,0.00217463
4098,0.00217463
4099,0.00217463
4100,0.00217463
4101,0.00217463
4102,0.00217463
4103,0.00217463
4104,0.00217463
4105,0.00217463
4106,0.00217463
4107,0.00217463
4108,0.00217463
4109,0.00217463
4110,0.00217463
4111,0.00217463
4112,0.00217463
4113,0.00217463
4114,0.00217463
4115,0.00217463
4116,0.00217463
4117,0.00217463
4118,0.00217463
4119,0.00217463
4120,0.00217463
4121,0.00217463
4122,0.00217463
4123,0.00217463
4124,0.00217463
4125,0.00217463
4126,0.00217463
4127,0.00217463
4128,0.00217463
4129,0.00217463
4130,0.00217463
4131,0.00217463
4132,0.00217463
4133,0.00217463
4134,0.00217463
4135,0.00217463
4136,0.00217463
4137,0.00217463
4138,0.00217463
4139,0.00217463
4140,0.00217463
4141,0.00217463
4142,0.00217463
4143,0.00217463
4144,0.00217463
4145,0.00217463
4146,0.00217463
4147,0.00217463
4148,0.00217463
4149,0.00217463
4150,0.00217463
4151,0.00217463
4152,0.00217463
4153,0.00217463
4154,0.00217463
4155,0.00217463
4156,0.00217463
4157,0.00217463
4158,0.00217463
4159,0.00217463
4160,0.00217463
4161,0.00217463
4162,0.00217463
4163,0.00217463
4164,0.00217463
4165,0.00217463
4166,0.00217463
4167,0.00217463
4168,0.00217463
4169,0.00217463
4170,0.00217463
4171,0.00217463
4172,0.00217463
4173,0.00217463
4174,0.00217463
4175,0.00217463
4176,0.00217463
4177,0.00217463
4178,0.00217463
4179,0.00217463
4180,0.00217463
4181,0.00217463
4182,0.00217463
4183,0.00217463
4184,0.00217463
4185,0.00217463
4186,0.00217463
4187,0.00217463
4188,0.00217463
4189,0.00217463
4190,0.00217463
4191,0.00217463
4192,0.00217463
4193,0.00217463
4194,0.00217463
4195,0.00217463
4196,0.00217463
4197,0.00217463
4198,0.00217463
4199,0.00217463
4200,0.00217463
4201,0.00217463
4202,0.00217463
4203,0.00217463
4204,0.00217463
4205,0.00217463
4206,0.00217463
4207,0.00217463
4208,0.00217463
4209,0.00217463
4210,0.00217463
4211,0.00217463
4212,0.00217463
4213,0.00217463
4214,0.00217463
4215,0.00217463
4216,0.00217463
4217,0.00217463
4218,0.00217463
4219,0.00217463
4220,0.00217463
4221,0.00217463
4222,0.00217463
4223,0.00217463
4224,0.00217463
4225,0.00217463
4226,0.00217463
4227,0.00217463
4228,0.00217463
4229,0.00217463
4230,0.00217463
4231,0.00217463
4232,0.00217463
4233,0.00217463
4234,0.00217463
4235,0.00217463
4236,0.00217463
4237,0.00217463
4238,0.00217463
4239,0.00217463
4240,0.00217463
4241,0.00217463
4242,0.00217463
4243,0.00217463
4244,0.00217463
4245,0.00217463
4246,0.00217463
4247,0.00217463
4248,0.00217463
4249,0.00217463
4250,0.00217463
4251,0.00217463
4252,0.00217463
4253,0.00217463
4254,0.00217463
4255,0.00217463
4256,0.00217463
4257,0.00217463
4258,0.00217463
4259,0.00217463
4260,0.00217463
4261,0.00217463
4262,0.00217463
4263,0.00217463
4264,0.00217463
4265,0.00217463
4266,0.00217463
4267,0.00217463
4268,0.00217463
4269,0.00217463
4270,0.00217463
4271,0.00217463
4272,0.00217463
4273,0.00217463
4274,0.00217463
4275,0.00217463
4276,0.00217463
4277,0.00217463
4278,0.00217463
4279,0.00217463
4280,0.00217463
4281,0.00217463
4282,0.00217463
4283,0.00217463
