0,0.0010681
1,0.0010681
2,0.0010681
3,0.0010681
4,0.0010681
5,0.0010681
6,0.0010681
7,0.0010681
8,0.0010681
9,0.0010681
10,0.0010681
11,0.0010681
12,0.0010681
13,0.0010681
14,0.0010681
15,0.0010681
16,0.0010681
17,0.0010681
18,0.0010681
19,0.0010681
20,0.0010681
21,0.0010681
22,0.0010681
23,0.0010681
24,0.0010681
25,0.0010681
26,0.0010681
27,0.0010681
28,0.0010681
29,0.0010681
30,0.0010681
31,0.0010681
32,0.0010681
33,0.0010681
34,0.0010681
35,0.0010681
36,0.0010681
37,0.0010681
38,0.0010681
39,0.0010681
40,0.0010681
41,0.0010681
42,0.0010681
43,0.0010681
44,0.0010681
45,0.0010681
46,0.0010681
47,0.0010681
48,0.0010681
49,0.0010681
50,0.0010681
51,0.0010681
52,0.0010681
53,0.0010681
54,0.0010681
55,0.0010681
56,0.0010681
57,0.0010681
58,0.0010681
59,0.0010681
60,0.0010681
61,0.0010681
62,0.0010681
63,0.0010681
64,0.0010681
65,0.0010681
66,0.0010681
67,0.0010681
68,0.0010681
69,0.0010681
70,0.0010681
71,0.0010681
72,0.0010681
73,0.0010681
74,0.0010681
75,0.0010681
76,0.0010681
77,0.0010681
78,0.0010681
79,0.0010681
80,0.0010681
81,0.0010681
82,0.0010681
83,0.0010681
84,0.0010681
85,0.0010681
86,0.0010681
87,0.0010681
88,0.0010681
89,0.0010681
90,0.0010681
91,0.0010681
92,0.0010681
93,0.0010681
94,0.0010681
95,0.0010681
96,0.0010681
97,0.0010681
98,0.0010681
99,0.0010681
100,0.0010681
101,0.0010681
102,0.0010681
103,0.0010681
104,0.0010681
105,0.0010681
106,0.0010681
107,0.0010681
108,0.0010681
109,0.0010681
110,0.0010681
111,0.0010681
112,0.0010681
113,0.0010681
114,0.0010681
115,0.0010681
116,0.0010681
117,0.0010681
118,0.0010681
119,0.0010681
120,0.0010681
121,0.0010681
122,0.0010681
123,0.0010681
124,0.0010681
125,0.0010681
126,0.0010681
127,0.0010681
128,0.0010681
129,0.0010681
130,0.0010681
131,0.0010681
132,0.0010681
133,0.0010681
134,0.0010681
135,0.0010681
136,0.0010681
137,0.0010681
138,0.0010681
139,0.0010681
140,0.0010681
141,0.0010681
142,0.0010681
143,0.0010681
144,0.0010681
145,0.0010681
146,0.0010681
147,0.0010681
148,0.0010681
149,0.0010681
150,0.0010681
151,0.0010681
152,0.0010681
153,0.0010681
154,0.0010681
155,0.0010681
156,0.0010681
157,0.0010681
158,0.0010681
159,0.0010681
160,0.0010681
161,0.0010681
162,0.0010681
163,0.0010681
164,0.0010681
165,0.0010681
166,0.0010681
167,0.0010681
168,0.0010681
169,0.0010681
170,0.0010681
171,0.0010681
172,0.00104832
173,0.00104832
174,0.00104832
175,0.00104832
176,0.00104832
177,0.00104832
178,0.00104832
179,0.00104832
180,0.00104832
181,0.00104832
182,0.00104832
183,0.00104832
184,0.00104832
185,0.00104832
186,0.00104832
187,0.00104832
188,0.00104832
189,0.00104832
190,0.00104832
191,0.00104832
192,0.00104832
193,0.00104832
194,0.00104832
195,0.00104832
196,0.00104832
197,0.00104832
198,0.00104832
199,0.00104832
200,0.00104832
201,0.00104832
202,0.00104832
203,0.00104832
204,0.00104832
205,0.00104832
206,0.00104832
207,0.00104832
208,0.00104832
209,0.00104832
210,0.00104832
211,0.00104832
212,0.00104832
213,0.00104832
214,0.00104832
215,0.00104832
216,0.00104832
217,0.00104832
218,0.00104832
219,0.00104832
220,0.00104832
221,0.00104832
222,0.00104832
223,0.00104832
224,0.00104832
225,0.00104832
226,0.00104832
227,0.00104832
228,0.00104832
229,0.00104832
230,0.00104832
231,0.00104832
232,0.00104832
233,0.00104832
234,0.00104832
235,0.00104832
236,0.00104832
237,0.00104832
238,0.00104832
239,0.00104832
240,0.00104832
241,0.00104832
242,0.00104832
243,0.00104832
244,0.00104832
245,0.00104832
246,0.00104832
247,0.00104832
248,0.00104832
249,0.00104832
250,0.00104832
251,0.00104832
252,0.00104832
253,0.00104832
254,0.00104832
255,0.00104832
256,0.00104832
257,0.00104832
258,0.00104832
259,0.00104832
260,0.00104832
261,0.00104832
262,0.00104832
263,0.00104832
264,0.00104832
265,0.00104832
266,0.00104832
267,0.00104832
268,0.00104832
269,0.00104832
270,0.00104832
271,0.00104832
272,0.00104832
273,0.00104832
274,0.00104832
275,0.00104832
276,0.00104832
277,0.00104832
278,0.00104832
279,0.00104832
280,0.00104832
281,0.00104832
282,0.00104832
283,0.00104832
284,0.00104832
285,0.00104832
286,0.00104832
287,0.00104832
288,0.00104832
289,0.00104832
290,0.00104832
291,0.00104832
292,0.00104832
293,0.00104832
294,0.00104832
295,0.00104832
296,0.00104832
297,0.00104832
298,0.00104832
299,0.00104832
300,0.00104832
301,0.00104832
302,0.00104832
303,0.00104832
304,0.00104832
305,0.00104832
306,0.00104832
307,0.00104832
308,0.00104832
309,0.00104832
310,0.00104832
311,0.00104832
312,0.00104832
313,0.00104832
314,0.00104832
315,0.00104832
316,0.00104832
317,0.00104832
318,0.00104832
319,0.00104832
320,0.00104832
321,0.00104832
322,0.00104832
323,0.00104832
324,0.00104832
325,0.00104832
326,0.00104832
327,0.00104832
328,0.00104832
329,0.00104832
330,0.00104832
331,0.00104832
332,0.00104832
333,0.00104832
334,0.00104832
335,0.00104832
336,0.00105203
337,0.00105203
338,0.00105203
339,0.00105203
340,0.00105203
341,0.00105203
342,0.00105203
343,0.00105203
344,0.00105203
345,0.00105203
346,0.00105203
347,0.00105203
348,0.00105203
349,0.00105203
350,0.00105203
351,0.00105203
352,0.00105203
353,0.00105203
354,0.00105203
355,0.00105203
356,0.00105199
357,0.00105199
358,0.00105199
359,0.00104792
360,0.00104792
361,0.00104792
362,0.00104792
363,0.00104792
364,0.00104792
365,0.00104792
366,0.00104792
367,0.00104792
368,0.00104792
369,0.00104792
370,0.00104761
371,0.00105316
372,0.00105316
373,0.00105316
374,0.00105316
375,0.00105316
376,0.00105316
377,0.00105316
378,0.00105316
379,0.00105317
380,0.00105317
381,0.00105317
382,0.00105317
383,0.00105317
384,0.00105317
385,0.00105317
386,0.00105317
387,0.00105317
388,0.00105317
389,0.00105317
390,0.00105317
391,0.00105317
392,0.0010476
393,0.0010476
394,0.0010476
395,0.0010476
396,0.0010476
397,0.0010476
398,0.0010476
399,0.0010476
400,0.0010476
401,0.0010476
402,0.0010476
403,0.0010476
404,0.0010476
405,0.0010476
406,0.0010476
407,0.0010476
408,0.0010476
409,0.0010476
410,0.0010476
411,0.0010476
412,0.0010476
413,0.0010476
414,0.0010476
415,0.0010476
416,0.0010476
417,0.0010476
418,0.0010476
419,0.0010476
420,0.0010476
421,0.0010476
422,0.0010476
423,0.0010476
424,0.0010476
425,0.0010476
426,0.0010476
427,0.0010476
428,0.0010476
429,0.0010476
430,0.0010476
431,0.0010476
432,0.0010476
433,0.0010476
434,0.0010476
435,0.0010476
436,0.0010476
437,0.0010476
438,0.0010476
439,0.0010476
440,0.0010476
441,0.0010476
442,0.0010476
443,0.0010476
444,0.0010476
445,0.0010476
446,0.0010476
447,0.0010476
448,0.0010476
449,0.0010476
450,0.0010476
451,0.0010476
452,0.0010476
453,0.0010476
454,0.0010476
455,0.0010476
456,0.0010476
457,0.0010476
458,0.00104758
459,0.00104758
460,0.00104758
461,0.00104758
462,0.00104758
463,0.00104758
464,0.00104758
465,0.00104758
466,0.00104758
467,0.00104758
468,0.00104758
469,0.00104758
470,0.00104758
471,0.00104758
472,0.00104758
473,0.00104758
474,0.00104758
475,0.00104758
476,0.00104758
477,0.00106348
478,0.00106348
479,0.00106348
480,0.00106348
481,0.00106348
482,0.00106348
483,0.00106348
484,0.00106348
485,0.00106348
486,0.00106348
487,0.00106348
488,0.00106348
489,0.00106348
490,0.00106348
491,0.00106348
492,0.00106348
493,0.00106348
494,0.00106348
495,0.00106348
496,0.00106348
497,0.00106348
498,0.00106348
499,0.00106348
500,0.00106348
501,0.00106348
502,0.00106348
503,0.00106348
504,0.00106348
505,0.00106348
506,0.00106348
507,0.00106348
508,0.00106348
509,0.00106348
510,0.00106348
511,0.00106348
512,0.00106348
513,0.00106348
514,0.00106348
515,0.00106348
516,0.00106348
517,0.00106348
518,0.00106348
519,0.00106348
520,0.00106348
521,0.00106348
522,0.00106348
523,0.00106348
524,0.00106348
525,0.00106348
526,0.00106348
527,0.00106348
528,0.00106348
529,0.00106348
530,0.00106348
531,0.00106348
532,0.00106348
533,0.00106348
534,0.00106348
535,0.00106348
536,0.00106348
537,0.00106348
538,0.00106348
539,0.00106348
540,0.00106348
541,0.00106348
542,0.00106348
543,0.00106348
544,0.00106348
545,0.00106348
546,0.00106348
547,0.00106348
548,0.00106348
549,0.00106348
550,0.00106348
551,0.00106348
552,0.00106348
553,0.00106348
554,0.00106348
555,0.00106348
556,0.00106348
557,0.00106348
558,0.00106348
559,0.00106348
560,0.00106348
561,0.00106348
562,0.00106348
563,0.00106348
564,0.00106348
565,0.00106348
566,0.00106348
567,0.00106348
568,0.00106348
569,0.00106348
570,0.00106348
571,0.00106348
572,0.00106348
573,0.00106348
574,0.00106348
575,0.00106348
576,0.00106348
577,0.00106348
578,0.00106348
579,0.00106348
580,0.00106348
581,0.00106348
582,0.00106348
583,0.00106348
584,0.00106348
585,0.00106348
586,0.00106348
587,0.00104758
588,0.00104758
589,0.00104758
590,0.00104758
591,0.00104758
592,0.00104758
593,0.00104758
594,0.00104758
595,0.00104758
596,0.00104758
597,0.00104758
598,0.00104758
599,0.00104758
600,0.00104758
601,0.00104758
602,0.00104758
603,0.00104758
604,0.00104758
605,0.00104758
606,0.00104758
607,0.00104758
608,0.00104758
609,0.00104758
610,0.00104758
611,0.00104758
612,0.00104758
613,0.00104758
614,0.00104758
615,0.00104758
616,0.00104758
617,0.00104758
618,0.00104758
619,0.00104758
620,0.00104758
621,0.00104758
622,0.00104758
623,0.00104758
624,0.00104758
625,0.00104758
626,0.00104758
627,0.00104758
628,0.00104758
629,0.00104758
630,0.00104758
631,0.00104758
632,0.00104758
633,0.00104758
634,0.00104758
635,0.00104758
636,0.00104758
637,0.00104758
638,0.00104758
639,0.00104758
640,0.00104758
641,0.00104758
642,0.00104758
643,0.00104758
644,0.00104758
645,0.00104758
646,0.00104758
647,0.00104758
648,0.00104758
649,0.00104758
650,0.00104758
651,0.00104758
652,0.00104758
653,0.00104758
654,0.00104758
655,0.00104758
656,0.00104758
657,0.00104758
658,0.00104758
659,0.00104758
660,0.00104758
661,0.00104758
662,0.00104758
663,0.00104758
664,0.00104758
665,0.00104758
666,0.00104758
667,0.00104758
668,0.00104758
669,0.00104758
670,0.00104758
671,0.00104758
672,0.00104758
673,0.00104758
674,0.00104758
675,0.00104758
676,0.00104758
677,0.00104758
678,0.00104758
679,0.00104758
680,0.00104758
681,0.00104758
682,0.00104758
683,0.00104758
684,0.00104758
685,0.00104758
686,0.00104758
687,0.00104758
688,0.00104758
689,0.00104758
690,0.00104758
691,0.00104758
692,0.00104758
693,0.00104758
694,0.00104758
695,0.00104758
696,0.00104758
697,0.00104758
698,0.00104758
699,0.00104758
700,0.00104758
701,0.00104758
702,0.00104758
703,0.00104758
704,0.00104758
705,0.00104758
706,0.00104758
707,0.00104758
708,0.00104758
709,0.00104758
710,0.00104758
711,0.00104758
712,0.00104758
713,0.00104758
714,0.00104758
715,0.00104758
716,0.00104758
717,0.00104758
718,0.00104758
719,0.00104758
720,0.00104758
721,0.00104758
722,0.00104758
723,0.00104758
724,0.00104758
725,0.00104758
726,0.00104758
727,0.00104758
728,0.00104758
729,0.00104758
730,0.00104758
731,0.00104758
732,0.00104758
733,0.00104758
734,0.00104758
735,0.00104758
736,0.00104758
737,0.00104758
738,0.00104758
739,0.00104758
740,0.00104758
741,0.00104758
742,0.00104758
743,0.00104758
744,0.00104758
745,0.00104758
746,0.00104758
747,0.00104758
748,0.00104758
749,0.00104758
750,0.00104758
751,0.00104758
752,0.00104758
753,0.00104758
754,0.00104758
755,0.00104758
756,0.00104758
757,0.00104758
758,0.00104758
759,0.00104758
760,0.00104758
761,0.00104758
762,0.00104758
763,0.00104758
764,0.00104758
765,0.00104758
766,0.00104758
767,0.00104758
768,0.00104758
769,0.00104758
770,0.00104758
771,0.00104758
772,0.00104758
773,0.00104758
774,0.00104758
775,0.00104758
776,0.00104758
777,0.00104758
778,0.00104758
779,0.00104758
780,0.00104758
781,0.00104758
782,0.00104758
783,0.00104758
784,0.00104758
785,0.00104758
786,0.00104758
787,0.00104758
788,0.00104758
789,0.00104758
790,0.00104758
791,0.00104758
792,0.00104758
793,0.00104758
794,0.00104758
795,0.00104758
796,0.00104758
797,0.00104758
798,0.00104758
799,0.00104758
800,0.00104758
801,0.00104758
802,0.00104758
803,0.00104758
804,0.00104758
805,0.00104758
806,0.00104758
807,0.00104758
808,0.00104758
809,0.00104758
810,0.00104758
811,0.00104758
812,0.00104758
813,0.00104758
814,0.00104758
815,0.00104758
816,0.00104758
817,0.00104758
818,0.00104758
819,0.00104758
820,0.00104758
821,0.00104758
822,0.00104758
823,0.00104758
824,0.00104758
825,0.00104758
826,0.00104758
827,0.00104758
828,0.00104758
829,0.00104758
830,0.00104758
831,0.00104758
832,0.00104758
833,0.00104758
834,0.00104758
835,0.00104758
836,0.00104758
837,0.00104758
838,0.00104758
839,0.00104758
840,0.00104758
841,0.00104758
842,0.00104758
843,0.00106904
844,0.00106904
845,0.00106904
846,0.00106904
847,0.00106904
848,0.00106904
849,0.00106904
850,0.00106904
851,0.00106904
852,0.00106904
853,0.00106904
854,0.00106904
855,0.00106904
856,0.00106904
857,0.00106904
858,0.00106904
859,0.00106904
860,0.00106904
861,0.00106904
862,0.00106904
863,0.00106904
864,0.00106904
865,0.00106904
866,0.00106904
867,0.00106904
868,0.00106904
869,0.00106904
870,0.00106904
871,0.00106904
872,0.00106904
873,0.00106904
874,0.00106904
875,0.00106904
876,0.00106904
877,0.00106904
878,0.00106904
879,0.00106904
880,0.00106904
881,0.00106904
882,0.00106904
883,0.00106904
884,0.00106904
885,0.00106904
886,0.00106904
887,0.00106904
888,0.00106904
889,0.00106904
890,0.00106904
891,0.00106904
892,0.00106904
893,0.00106904
894,0.00106904
895,0.00106904
896,0.00106904
897,0.00106904
898,0.00106904
899,0.00106904
900,0.00106904
901,0.00106904
902,0.00106904
903,0.00106904
904,0.00106904
905,0.00106904
906,0.00106904
907,0.00106904
908,0.00106904
909,0.00106904
910,0.00106904
911,0.00106904
912,0.00106904
913,0.00106904
914,0.00106904
915,0.00106904
916,0.00106904
917,0.00106904
918,0.00106904
919,0.00106904
920,0.00106904
921,0.00106904
922,0.00106904
923,0.00106904
924,0.00106904
925,0.00106904
926,0.00106904
927,0.00106904
928,0.00106904
929,0.00106904
930,0.00106904
931,0.00106904
932,0.00106904
933,0.00106904
934,0.00106904
935,0.00106904
936,0.00106904
937,0.00106904
938,0.00106904
939,0.00106904
940,0.00106904
941,0.00106904
942,0.00106904
943,0.00106904
944,0.00106904
945,0.00106904
946,0.00106904
947,0.00106904
948,0.00106904
949,0.00106904
950,0.00106904
951,0.00106904
952,0.00106904
953,0.00106904
954,0.00106904
955,0.00106904
956,0.00106904
957,0.00106904
958,0.00106904
959,0.00106904
960,0.00106904
961,0.00106904
962,0.00106904
963,0.00106904
964,0.00106904
965,0.00106904
966,0.00106904
967,0.00106904
968,0.00106904
969,0.00106904
970,0.00106904
971,0.00106904
972,0.00106904
973,0.00106904
974,0.00106904
975,0.00106904
976,0.00106904
977,0.00106904
978,0.00106904
979,0.00106904
980,0.00106904
981,0.00106904
982,0.00106904
983,0.00106904
984,0.00106904
985,0.00106904
986,0.00106904
987,0.00106904
988,0.00106904
989,0.00106904
990,0.00106904
991,0.00106904
992,0.00106904
993,0.00106904
994,0.00106904
995,0.00106904
996,0.00106904
997,0.00106904
998,0.00106904
999,0.00106904
1000,0.00106904
1001,0.00106904
1002,0.00106904
1003,0.00106904
1004,0.00106904
1005,0.00106904
1006,0.00106904
1007,0.00106904
1008,0.00106904
1009,0.00106904
1010,0.00106904
1011,0.00106904
1012,0.00106904
1013,0.00106904
1014,0.00106904
1015,0.00106904
1016,0.00106904
1017,0.00106904
1018,0.00106904
1019,0.00106904
1020,0.00106904
1021,0.00106904
1022,0.00106904
1023,0.00106904
1024,0.00106904
1025,0.00106904
1026,0.00106904
1027,0.00106904
1028,0.00106904
1029,0.00106904
1030,0.00106904
1031,0.00106904
1032,0.00106904
1033,0.00106904
1034,0.00106904
1035,0.00106904
1036,0.00106904
1037,0.00106904
1038,0.00106904
1039,0.00106904
1040,0.00106904
1041,0.00106904
1042,0.00106904
1043,0.00106904
1044,0.00106904
1045,0.00106904
1046,0.00106904
1047,0.00106904
1048,0.00106904
1049,0.00106904
1050,0.00106904
1051,0.00106904
1052,0.00106904
1053,0.00106904
1054,0.00106904
1055,0.00106904
1056,0.00106904
1057,0.00106904
1058,0.00106904
1059,0.00106904
1060,0.00106904
1061,0.00106904
1062,0.00106904
1063,0.00106904
1064,0.00106904
1065,0.00106904
1066,0.00106904
1067,0.00106904
1068,0.00106904
1069,0.00106904
1070,0.00106904
1071,0.00106904
1072,0.00106904
1073,0.00106904
1074,0.00106904
1075,0.00106904
1076,0.00106904
1077,0.00106904
1078,0.00106904
1079,0.00106904
1080,0.00106904
1081,0.00106904
1082,0.00106904
1083,0.00106904
1084,0.00106904
1085,0.00106904
1086,0.00106904
1087,0.00106904
1088,0.00106904
1089,0.00106904
1090,0.00106904
1091,0.00106904
1092,0.00106904
1093,0.00106904
1094,0.00106904
1095,0.00106904
1096,0.00106904
1097,0.00106904
1098,0.00106904
1099,0.00106904
1100,0.00106904
1101,0.00106904
1102,0.00106904
1103,0.00106904
1104,0.00106904
1105,0.00106904
1106,0.00106904
1107,0.00106904
1108,0.00106904
1109,0.00106904
1110,0.00106904
1111,0.00106904
1112,0.00106904
1113,0.00106904
1114,0.00106904
1115,0.00106904
1116,0.00106904
1117,0.00106904
1118,0.00106904
1119,0.00106904
1120,0.00106904
1121,0.00106904
1122,0.00106904
1123,0.00106904
1124,0.00106904
1125,0.00106904
1126,0.00106904
1127,0.00106904
1128,0.00106904
1129,0.00106904
1130,0.00106904
1131,0.00106904
1132,0.00106904
1133,0.00106904
1134,0.00106904
1135,0.00106904
1136,0.00106904
1137,0.00106904
1138,0.00106904
1139,0.00106904
1140,0.00106904
1141,0.00106904
1142,0.00106904
1143,0.00106904
1144,0.00106904
1145,0.00106904
1146,0.00106904
1147,0.00106904
1148,0.00106904
1149,0.00106904
1150,0.00106904
1151,0.00106904
1152,0.00106904
1153,0.00106904
1154,0.00106904
1155,0.00106904
1156,0.00106904
1157,0.00106904
1158,0.00106904
1159,0.00106904
1160,0.00106904
1161,0.00106904
1162,0.00106904
1163,0.00106904
1164,0.00106904
1165,0.00106904
1166,0.00106904
1167,0.00106904
1168,0.00106904
1169,0.00106904
1170,0.00106904
1171,0.00106904
1172,0.00106904
1173,0.00106904
1174,0.00106904
1175,0.00106904
1176,0.00106904
1177,0.00106904
1178,0.00106904
1179,0.00106904
1180,0.00106904
1181,0.00106904
1182,0.00106904
1183,0.00106904
1184,0.00106904
1185,0.00106904
1186,0.00106904
1187,0.00106904
1188,0.00106904
1189,0.00106904
1190,0.00106904
1191,0.00106904
1192,0.00106904
1193,0.00106904
1194,0.00106904
1195,0.00106904
1196,0.00106904
1197,0.00106904
1198,0.00106904
1199,0.00106904
1200,0.00106904
1201,0.00104325
1202,0.00104325
1203,0.00104325
1204,0.00104325
1205,0.00104325
1206,0.00104325
1207,0.00104325
1208,0.00104325
1209,0.00104325
1210,0.00104325
1211,0.00104325
1212,0.00104325
1213,0.00104325
1214,0.00104325
1215,0.00104325
1216,0.00104043
1217,0.00103772
1218,0.00103772
1219,0.00103772
1220,0.00103772
1221,0.00103772
1222,0.00103772
1223,0.00103772
1224,0.00103772
1225,0.00103772
1226,0.00103772
1227,0.00103772
1228,0.00103772
1229,0.00103772
1230,0.00103772
1231,0.00103772
1232,0.00103772
1233,0.00103772
1234,0.00103772
1235,0.00103772
1236,0.00103772
1237,0.00103772
1238,0.00103772
1239,0.00103772
1240,0.00103772
1241,0.00103772
1242,0.00103772
1243,0.00103772
1244,0.00103772
1245,0.00103772
1246,0.00103772
1247,0.00103772
1248,0.00103772
1249,0.00103772
1250,0.00103772
1251,0.00103772
1252,0.00103772
1253,0.00103772
1254,0.00103772
1255,0.00103772
1256,0.00103772
1257,0.00103772
1258,0.00103772
1259,0.00103772
1260,0.00103772
1261,0.00103772
1262,0.00103772
1263,0.00103772
1264,0.00103772
1265,0.00103772
1266,0.00103772
1267,0.00103772
1268,0.00103772
1269,0.00103772
1270,0.00103772
1271,0.00103772
1272,0.00103772
1273,0.00103772
1274,0.00103772
1275,0.00103772
1276,0.00103772
1277,0.00103772
1278,0.00103772
1279,0.00103772
1280,0.00103772
1281,0.00103772
1282,0.00103772
1283,0.00103772
1284,0.00103772
1285,0.00103772
1286,0.00103772
1287,0.00103772
1288,0.00103772
1289,0.00103772
1290,0.00103772
1291,0.00103772
1292,0.00103772
1293,0.00103772
1294,0.00103772
1295,0.00103772
1296,0.00103772
1297,0.00103772
1298,0.00103772
1299,0.00103772
1300,0.00103772
1301,0.00103772
1302,0.00103772
1303,0.00103772
1304,0.00103772
1305,0.00103772
1306,0.00103772
1307,0.00103772
1308,0.00103772
1309,0.00103772
1310,0.00103772
1311,0.00103772
1312,0.00103772
1313,0.00104291
1314,0.00104291
1315,0.00104291
1316,0.00104291
1317,0.00104291
1318,0.00104291
1319,0.00104291
1320,0.00104291
1321,0.00104291
1322,0.00104291
1323,0.00104291
1324,0.00104291
1325,0.00104291
1326,0.00104291
1327,0.00104291
1328,0.00104291
1329,0.00104291
1330,0.00104291
1331,0.00104291
1332,0.00104291
1333,0.00104291
1334,0.00104291
1335,0.00104291
1336,0.00104291
1337,0.00104291
1338,0.00104291
1339,0.00104291
1340,0.00104291
1341,0.00104291
1342,0.00104291
1343,0.00104291
1344,0.00104291
1345,0.00104291
1346,0.00104291
1347,0.00104291
1348,0.00104291
1349,0.00105368
1350,0.00105368
1351,0.00105368
1352,0.00105368
1353,0.00105368
1354,0.00105368
1355,0.00105368
1356,0.00105368
1357,0.00105368
1358,0.00105368
1359,0.00105368
1360,0.00105368
1361,0.00105368
1362,0.00105368
1363,0.00105368
1364,0.00105368
1365,0.00105368
1366,0.00105368
1367,0.00105368
1368,0.00105368
1369,0.00105368
1370,0.00105368
1371,0.00105368
1372,0.00105368
1373,0.00105368
1374,0.00105368
1375,0.00105368
1376,0.00105368
1377,0.00105368
1378,0.00105368
1379,0.00105368
1380,0.00105368
1381,0.00105368
1382,0.00105368
1383,0.00105368
1384,0.00105368
1385,0.00105368
1386,0.00105368
1387,0.00105368
1388,0.00105368
1389,0.00105368
1390,0.00105368
1391,0.00105368
1392,0.00105368
1393,0.00105368
1394,0.00105368
1395,0.00105368
1396,0.00105368
1397,0.00105368
1398,0.00105368
1399,0.00105368
1400,0.00105368
1401,0.00105368
1402,0.00105368
1403,0.00105368
1404,0.00105368
1405,0.00105368
1406,0.00105368
1407,0.00105368
1408,0.00105368
1409,0.00105368
1410,0.00105368
1411,0.00105368
1412,0.00105368
1413,0.00105368
1414,0.00105368
1415,0.00105368
1416,0.00105368
1417,0.00105368
1418,0.00105368
1419,0.00105368
1420,0.00105368
1421,0.00105368
1422,0.00105368
1423,0.00105368
1424,0.00105368
1425,0.00105368
1426,0.00105368
1427,0.00105368
1428,0.00105368
1429,0.00105368
1430,0.00105368
1431,0.00105368
1432,0.00105368
1433,0.00105368
1434,0.00105368
1435,0.00105368
1436,0.00105368
1437,0.00105368
1438,0.00105368
1439,0.00105368
1440,0.00105368
1441,0.00105368
1442,0.00105368
1443,0.00105368
1444,0.00105368
1445,0.00105368
1446,0.00105368
1447,0.00105368
1448,0.00105368
1449,0.00105368
1450,0.00105368
1451,0.00105368
1452,0.00105368
1453,0.00105368
1454,0.00105368
1455,0.00105368
1456,0.00105368
1457,0.00105368
1458,0.00105368
1459,0.00105368
1460,0.00105368
1461,0.00105368
1462,0.00105368
1463,0.00105368
1464,0.00105389
1465,0.00105389
1466,0.00105389
1467,0.00105389
1468,0.00105389
1469,0.00105389
1470,0.00105389
1471,0.00105389
1472,0.00105389
1473,0.00105389
1474,0.00105389
1475,0.00105389
1476,0.00105389
1477,0.00105389
1478,0.00105389
1479,0.00105389
1480,0.00105389
1481,0.00105389
1482,0.00105389
1483,0.00105389
1484,0.00105389
1485,0.00105389
1486,0.00105389
1487,0.00105389
1488,0.00105389
1489,0.00105389
1490,0.00105389
1491,0.00105389
1492,0.00105389
1493,0.00105389
1494,0.00105389
1495,0.00105389
1496,0.00105389
1497,0.00105389
1498,0.00105389
1499,0.00105389
1500,0.00105389
1501,0.00105389
1502,0.00105389
1503,0.00105389
1504,0.00105389
1505,0.00105389
1506,0.00105389
1507,0.00106014
1508,0.00106014
1509,0.00106014
1510,0.00106014
1511,0.00106014
1512,0.00106014
1513,0.00106014
1514,0.00106014
1515,0.00106014
1516,0.00106014
1517,0.00106014
1518,0.00106014
1519,0.00106487
1520,0.00106487
1521,0.00106542
1522,0.00106542
1523,0.00106542
1524,0.00106542
1525,0.00106542
1526,0.00106542
1527,0.00106542
1528,0.00106542
1529,0.00106984
1530,0.00107585
1531,0.00107585
1532,0.00107585
1533,0.00107585
1534,0.00107585
1535,0.00107585
1536,0.00107585
1537,0.00107585
1538,0.00107585
1539,0.00107585
1540,0.00107585
1541,0.0010819
1542,0.0010819
1543,0.0010819
1544,0.0010819
1545,0.0010819
1546,0.0010819
1547,0.0010819
1548,0.0010819
1549,0.0010819
1550,0.0010819
1551,0.0010819
1552,0.0010819
1553,0.0010819
1554,0.0010819
1555,0.0010819
1556,0.0010819
1557,0.0010819
1558,0.00107989
1559,0.00107989
1560,0.00108388
1561,0.00108388
1562,0.00108388
1563,0.00108388
1564,0.00108388
1565,0.00108388
1566,0.00108388
1567,0.00108388
1568,0.00108388
1569,0.00108388
1570,0.00108388
1571,0.00108388
1572,0.00108388
1573,0.00108388
1574,0.00108388
1575,0.00108388
1576,0.00108388
1577,0.00108388
1578,0.00108388
1579,0.00108388
1580,0.00108388
1581,0.00108388
1582,0.00108388
1583,0.00108388
1584,0.00108388
1585,0.00108388
1586,0.00108388
1587,0.00108388
1588,0.00108388
1589,0.00108388
1590,0.00108388
1591,0.00108388
1592,0.00108388
1593,0.00108388
1594,0.00108388
1595,0.00108388
1596,0.00108388
1597,0.00108388
1598,0.00108388
1599,0.00108388
1600,0.00108388
1601,0.00108388
1602,0.00108388
1603,0.00108388
1604,0.00108388
1605,0.00108388
1606,0.00108388
1607,0.0010783
1608,0.0010783
1609,0.0010783
1610,0.0010783
1611,0.0010783
1612,0.0010783
1613,0.0010783
1614,0.0010783
1615,0.0010783
1616,0.0010783
1617,0.0010783
1618,0.0010783
1619,0.0010783
1620,0.0010783
1621,0.0010783
1622,0.0010783
1623,0.0010783
1624,0.0010783
1625,0.0010783
1626,0.0010783
1627,0.0010783
1628,0.0010783
1629,0.0010783
1630,0.0010783
1631,0.0010783
1632,0.0010783
1633,0.0010783
1634,0.0010783
1635,0.0010783
1636,0.0010783
1637,0.0010783
1638,0.0010783
1639,0.0010783
1640,0.0010783
1641,0.0010783
1642,0.0010783
1643,0.0010783
1644,0.0010783
1645,0.0010783
1646,0.0010783
1647,0.0010783
1648,0.0010783
1649,0.0010783
1650,0.0010783
1651,0.0010783
1652,0.0010783
1653,0.0010783
1654,0.0010783
1655,0.0010783
1656,0.0010783
1657,0.0010783
1658,0.0010783
1659,0.0010783
1660,0.0010783
1661,0.0010783
1662,0.0010783
1663,0.0010783
1664,0.0010783
1665,0.0010783
1666,0.0010783
1667,0.0010783
1668,0.0010783
1669,0.00107911
1670,0.00107911
1671,0.00107911
1672,0.00107911
1673,0.00107911
1674,0.00107911
1675,0.00107911
1676,0.00107911
1677,0.00107911
1678,0.00107911
1679,0.00107911
1680,0.00107911
1681,0.00107911
1682,0.00107911
1683,0.00107911
1684,0.00107911
1685,0.00107911
1686,0.00107911
1687,0.00107911
1688,0.00107911
1689,0.00107911
1690,0.00107911
1691,0.00107911
1692,0.00107911
1693,0.00107911
1694,0.00107911
1695,0.00107911
1696,0.00107911
1697,0.00107911
1698,0.00107911
1699,0.00107911
1700,0.00107911
1701,0.00107911
1702,0.00107911
1703,0.00107911
1704,0.00107911
1705,0.00107911
1706,0.00107911
1707,0.00107911
1708,0.00107911
1709,0.00107911
1710,0.00107911
1711,0.00107911
1712,0.00107911
1713,0.00107911
1714,0.00107911
1715,0.00107911
1716,0.00107911
1717,0.00107911
1718,0.00107911
1719,0.00107911
1720,0.00107911
1721,0.00107911
1722,0.00107911
1723,0.00107911
1724,0.00107911
1725,0.00107911
1726,0.00107911
1727,0.00107911
1728,0.00107911
1729,0.00107911
1730,0.00107911
1731,0.00107911
1732,0.00107911
1733,0.00107911
1734,0.00107911
1735,0.00107911
1736,0.00107911
1737,0.00107911
1738,0.00107911
1739,0.00107911
1740,0.00107911
1741,0.00107911
1742,0.00107911
1743,0.00107911
1744,0.00107911
1745,0.00107911
1746,0.00107911
1747,0.00107911
1748,0.00107911
1749,0.00107911
1750,0.00107911
1751,0.00107911
1752,0.00107911
1753,0.00107911
1754,0.00107911
1755,0.00107911
1756,0.00107911
1757,0.00107911
1758,0.00107911
1759,0.00107911
1760,0.00107911
1761,0.00107911
1762,0.00107911
1763,0.00107911
1764,0.00107911
1765,0.00107911
1766,0.00107911
1767,0.00107911
1768,0.00107911
1769,0.00107911
1770,0.00107911
1771,0.00107804
1772,0.00107804
1773,0.00107804
1774,0.00107804
1775,0.00107804
1776,0.00107804
1777,0.00107804
1778,0.00107804
1779,0.00107804
1780,0.00107804
1781,0.00107804
1782,0.00107804
1783,0.00107804
1784,0.00107804
1785,0.00107804
1786,0.00107804
1787,0.00107804
1788,0.00107804
1789,0.00107804
1790,0.00107804
1791,0.00107804
1792,0.00107804
1793,0.00107804
1794,0.00107804
1795,0.00107804
1796,0.00107804
1797,0.00107804
1798,0.00107804
1799,0.00107804
1800,0.00107804
1801,0.00107804
1802,0.00107804
1803,0.00107804
1804,0.00107804
1805,0.00107804
1806,0.00107804
1807,0.00107804
1808,0.00107804
1809,0.00107804
1810,0.00107804
1811,0.00107804
1812,0.00107804
1813,0.00107804
1814,0.00107804
1815,0.00107804
1816,0.00107804
1817,0.00107804
1818,0.00107804
1819,0.00107804
1820,0.00107804
1821,0.00107804
1822,0.00107804
1823,0.00107804
1824,0.00107804
1825,0.00107804
1826,0.00107804
1827,0.00107804
1828,0.00107804
1829,0.00107804
1830,0.00107804
1831,0.00107804
1832,0.00107804
1833,0.00107804
1834,0.00107804
1835,0.00107804
1836,0.00107804
1837,0.00107804
1838,0.00107804
1839,0.00107804
1840,0.00107804
1841,0.00107804
1842,0.00107804
1843,0.00107804
1844,0.00107804
1845,0.00107804
1846,0.00107804
1847,0.00107804
1848,0.00107804
1849,0.00107804
1850,0.00107804
1851,0.00107804
1852,0.00107804
1853,0.00107804
1854,0.00107804
1855,0.00107804
1856,0.00107804
1857,0.00107804
1858,0.00107804
1859,0.00107804
1860,0.00107804
1861,0.00107804
1862,0.00107804
1863,0.00107804
1864,0.00107804
1865,0.00107804
1866,0.00107804
1867,0.00107804
1868,0.00107804
1869,0.00107804
1870,0.00107804
1871,0.00107804
1872,0.00107804
1873,0.00107804
1874,0.00107804
1875,0.00107804
1876,0.00107804
1877,0.00107804
1878,0.00107804
1879,0.00107804
1880,0.00107804
1881,0.00107804
1882,0.00107804
1883,0.00107804
1884,0.00107804
1885,0.00107804
1886,0.00107804
1887,0.00107804
1888,0.00107804
1889,0.00107804
1890,0.00107804
1891,0.00107804
1892,0.00107804
1893,0.00107804
1894,0.00107321
1895,0.00107454
1896,0.00107598
1897,0.00107598
1898,0.00107598
1899,0.00107598
1900,0.00107598
1901,0.00107598
1902,0.00107598
1903,0.00107598
1904,0.00107598
1905,0.00107515
1906,0.00107515
1907,0.00107515
1908,0.00107515
1909,0.00107515
1910,0.00107515
1911,0.00107515
1912,0.00107515
1913,0.00107515
1914,0.00107515
1915,0.00107515
1916,0.00107515
1917,0.00107515
1918,0.00107515
1919,0.00107515
1920,0.00107515
1921,0.00107515
1922,0.00107515
1923,0.00107515
1924,0.00107515
1925,0.00107515
1926,0.00107515
1927,0.00107515
1928,0.00107515
1929,0.00107515
1930,0.00107515
1931,0.00107515
1932,0.00107515
1933,0.00107515
1934,0.00107515
1935,0.00107515
1936,0.00107515
1937,0.00107515
1938,0.00107515
1939,0.00107515
1940,0.00107515
1941,0.00107515
1942,0.00107515
1943,0.00107515
1944,0.00107515
1945,0.00107515
1946,0.00107515
1947,0.00107515
1948,0.00106889
1949,0.00106889
1950,0.00106889
1951,0.00106889
1952,0.00106889
1953,0.00106889
1954,0.00106889
1955,0.00106889
1956,0.00106889
1957,0.00106889
1958,0.00106889
1959,0.00106889
1960,0.00106889
1961,0.00106889
1962,0.00106889
1963,0.00106505
1964,0.00106505
1965,0.00106505
1966,0.00106505
1967,0.00106505
1968,0.00106505
1969,0.00106505
1970,0.00106505
1971,0.00106505
1972,0.00106505
1973,0.00106505
1974,0.00106505
1975,0.00106505
1976,0.00106505
1977,0.00106505
1978,0.00106505
1979,0.00106505
1980,0.00106505
1981,0.00106505
1982,0.00106505
1983,0.00106505
1984,0.00106505
1985,0.00106505
1986,0.00106505
1987,0.00106505
1988,0.00106505
1989,0.00106505
1990,0.00106505
1991,0.00106505
1992,0.00106505
1993,0.00106505
1994,0.00106505
1995,0.00106505
1996,0.00106505
1997,0.00106505
1998,0.00106505
1999,0.00106505
2000,0.00106505
2001,0.00106505
2002,0.00106505
2003,0.00106505
2004,0.00106505
2005,0.00106505
2006,0.00106505
2007,0.00106505
2008,0.00106505
2009,0.00106505
2010,0.00106505
2011,0.00106505
2012,0.00106505
2013,0.00106505
2014,0.00106505
2015,0.00106505
2016,0.00106505
2017,0.00106505
2018,0.00106505
2019,0.00106505
2020,0.00106505
2021,0.00106505
2022,0.00106505
2023,0.00106505
2024,0.00106505
2025,0.00106505
2026,0.00106505
2027,0.00106505
2028,0.00106505
2029,0.00106505
2030,0.00106505
2031,0.00106505
2032,0.00106505
2033,0.00106505
2034,0.00106505
2035,0.00106505
2036,0.00106505
2037,0.00106505
2038,0.00106505
2039,0.00106505
2040,0.00106505
2041,0.00106505
2042,0.00106505
2043,0.00106505
2044,0.00106505
2045,0.00106505
2046,0.00106505
2047,0.00106505
2048,0.00106505
2049,0.00106505
2050,0.00106505
2051,0.00106505
2052,0.00106505
2053,0.00106505
2054,0.00106505
2055,0.00106505
2056,0.00106505
2057,0.00106505
2058,0.00106505
2059,0.00106505
2060,0.00106505
2061,0.00106505
2062,0.00106505
2063,0.00106505
2064,0.00106505
2065,0.00106505
2066,0.00106505
2067,0.00106505
2068,0.00106505
2069,0.00106505
2070,0.00106505
2071,0.00106505
2072,0.00106505
2073,0.00106505
2074,0.00106505
2075,0.00106505
2076,0.00106505
2077,0.00106505
2078,0.00106505
2079,0.00106505
2080,0.00106505
2081,0.00106505
2082,0.00106505
2083,0.00106505
2084,0.00106505
2085,0.00106505
2086,0.00106505
2087,0.00106505
2088,0.00106505
2089,0.00106505
2090,0.00106505
2091,0.00106505
2092,0.00106505
2093,0.00106505
2094,0.00106505
2095,0.00106505
2096,0.00106505
2097,0.00106505
2098,0.00106505
2099,0.00106505
2100,0.00106505
2101,0.00106505
2102,0.00106505
2103,0.00106505
2104,0.00106505
2105,0.00106505
2106,0.00106505
2107,0.00106505
2108,0.00106505
2109,0.00106505
2110,0.00106505
2111,0.00106505
2112,0.00106505
2113,0.00106505
2114,0.00106505
2115,0.00106505
2116,0.00106505
2117,0.00106505
2118,0.00106505
2119,0.00106505
2120,0.00106505
2121,0.00106505
2122,0.00106505
2123,0.00106505
2124,0.00106505
2125,0.00106505
2126,0.00106505
2127,0.00106505
2128,0.00106505
2129,0.00106505
2130,0.00106505
2131,0.00106505
2132,0.00106505
2133,0.00106505
2134,0.00106505
2135,0.00106505
2136,0.00106505
2137,0.00106505
2138,0.00106505
2139,0.00106505
2140,0.00106505
2141,0.00106505
2142,0.00106505
2143,0.00106505
2144,0.00106505
2145,0.00106505
2146,0.00106505
2147,0.00106505
2148,0.00106505
2149,0.00106505
2150,0.00106505
2151,0.00106505
2152,0.00106505
2153,0.00106505
2154,0.00106505
2155,0.00106505
2156,0.00106505
2157,0.00106505
2158,0.00106505
2159,0.00106505
2160,0.00106505
2161,0.00106505
2162,0.00106505
2163,0.00106505
2164,0.00106505
2165,0.00106505
2166,0.00106505
2167,0.00106505
2168,0.00106505
2169,0.00106505
2170,0.00106505
2171,0.00106505
2172,0.00106505
2173,0.00106505
2174,0.00106505
2175,0.00106505
2176,0.00106505
2177,0.00106505
2178,0.00106505
2179,0.00106505
2180,0.00106505
2181,0.00106505
2182,0.00106505
2183,0.00106505
2184,0.00106505
2185,0.00106505
2186,0.00106505
2187,0.00106505
2188,0.00106505
2189,0.00106505
2190,0.00106505
2191,0.00106505
2192,0.00106505
2193,0.00106505
2194,0.00106505
2195,0.00106505
2196,0.00106505
2197,0.00106505
2198,0.00106505
2199,0.00106505
2200,0.00106505
2201,0.00106505
2202,0.00106505
2203,0.00106505
2204,0.00106505
2205,0.00106505
2206,0.00106505
2207,0.00106505
2208,0.00106505
2209,0.00106505
2210,0.00106505
2211,0.00106505
2212,0.00106505
2213,0.00106505
2214,0.00106505
2215,0.00106505
2216,0.00106505
2217,0.00106505
2218,0.00106505
2219,0.00106505
2220,0.00106505
2221,0.00106505
2222,0.00106505
2223,0.00106505
2224,0.00106505
2225,0.00106505
2226,0.00106505
2227,0.00106505
2228,0.00106505
2229,0.00106505
2230,0.00106505
2231,0.00106505
2232,0.00106505
2233,0.00106505
2234,0.00106505
2235,0.00106505
2236,0.00106505
2237,0.00106505
2238,0.00106505
2239,0.00106505
2240,0.00106505
2241,0.00106505
2242,0.00106505
2243,0.00106505
2244,0.00106505
2245,0.00106505
2246,0.00106505
2247,0.00106505
2248,0.00106505
2249,0.00106505
2250,0.00106505
2251,0.00106505
2252,0.00106505
2253,0.00106505
2254,0.00106505
2255,0.00106505
2256,0.00106505
2257,0.00106505
2258,0.00106505
2259,0.00106505
2260,0.00106505
2261,0.00106505
2262,0.00106505
2263,0.00106505
2264,0.00106505
2265,0.00106505
2266,0.00106505
2267,0.00106505
2268,0.00106505
2269,0.00106505
2270,0.00106505
2271,0.00106505
2272,0.00106505
2273,0.00106505
2274,0.00106505
2275,0.00106505
2276,0.00106505
2277,0.00106505
2278,0.00106505
2279,0.00106505
2280,0.00106505
2281,0.00106505
2282,0.00106505
2283,0.00106505
2284,0.00106505
2285,0.00106505
2286,0.00106505
2287,0.00106505
2288,0.00106505
2289,0.00106505
2290,0.00106505
2291,0.00106505
2292,0.00106505
2293,0.00106505
2294,0.00106505
2295,0.00106505
2296,0.00106505
2297,0.00106505
2298,0.00106505
2299,0.00106505
2300,0.00106505
2301,0.00106505
2302,0.00106505
2303,0.00106505
2304,0.00106505
2305,0.00106505
2306,0.00106505
2307,0.00106505
2308,0.00106505
2309,0.00106505
2310,0.00106505
2311,0.00106505
2312,0.00106505
2313,0.00106505
2314,0.00106505
2315,0.00106505
2316,0.00106505
2317,0.00106505
2318,0.00106505
2319,0.00106505
2320,0.00106505
2321,0.00106505
2322,0.00106505
2323,0.00106505
2324,0.00106505
2325,0.00106505
2326,0.00106505
2327,0.00106505
2328,0.00106505
2329,0.00106505
2330,0.00106505
2331,0.00106505
2332,0.00106505
2333,0.00106505
2334,0.00106505
2335,0.00106505
2336,0.00106505
2337,0.00106505
2338,0.00106505
2339,0.00106505
2340,0.00106505
2341,0.00106505
2342,0.00106505
2343,0.00106505
2344,0.00106505
2345,0.00106505
2346,0.00106505
2347,0.00106505
2348,0.00106505
2349,0.00106505
2350,0.00106505
2351,0.00106505
2352,0.00106505
2353,0.00106505
2354,0.00106505
2355,0.00106505
2356,0.00106505
2357,0.00106505
2358,0.00106505
2359,0.00106505
2360,0.00106505
2361,0.00106505
2362,0.00106505
2363,0.00106505
2364,0.00106505
2365,0.00106552
2366,0.00106552
2367,0.00106552
2368,0.00106552
2369,0.00106552
2370,0.00106552
2371,0.00106552
2372,0.00106552
2373,0.00106552
2374,0.00106552
2375,0.00106552
2376,0.00106552
2377,0.00106552
2378,0.00106552
2379,0.00106552
2380,0.00106552
2381,0.00106552
2382,0.00106552
2383,0.00106552
2384,0.00106552
2385,0.00106552
2386,0.00106552
2387,0.00106552
2388,0.00106552
2389,0.00106552
2390,0.00106552
2391,0.00106552
2392,0.00106552
2393,0.00106552
2394,0.00106552
2395,0.00106552
2396,0.00106552
2397,0.00106552
2398,0.00106552
2399,0.00106552
2400,0.00106552
2401,0.00106552
2402,0.00106552
2403,0.00106552
2404,0.00106552
2405,0.00106552
2406,0.00106552
2407,0.00106552
2408,0.00106552
2409,0.00106552
2410,0.00106552
2411,0.00106552
2412,0.00106552
2413,0.00106552
2414,0.00106552
2415,0.00106552
2416,0.00106552
2417,0.00106552
2418,0.00106552
2419,0.00106552
2420,0.00106552
2421,0.00106552
2422,0.00106552
2423,0.00106552
2424,0.00106552
2425,0.00106552
2426,0.00106552
2427,0.00105791
2428,0.00105791
2429,0.00105791
2430,0.00105791
2431,0.00105791
2432,0.00105791
2433,0.00105791
2434,0.00105791
2435,0.00106567
2436,0.00106718
2437,0.00106718
2438,0.00106718
2439,0.00106718
2440,0.00106718
2441,0.00106718
2442,0.00106718
2443,0.00106718
2444,0.00106718
2445,0.00106718
2446,0.00106718
2447,0.00106718
2448,0.00106718
2449,0.00106718
2450,0.00106718
2451,0.00106718
2452,0.00106718
2453,0.00106718
2454,0.00106718
2455,0.00106718
2456,0.00106718
2457,0.00106718
2458,0.00106718
2459,0.00106718
2460,0.00106718
2461,0.00106718
2462,0.00106718
2463,0.00106718
2464,0.00106077
2465,0.00106077
2466,0.00106077
2467,0.00106077
2468,0.00106077
2469,0.00106077
2470,0.00106077
2471,0.00106077
2472,0.00106077
2473,0.00106077
2474,0.00106077
2475,0.00106077
2476,0.00106077
2477,0.00106077
2478,0.00106077
2479,0.00106077
2480,0.00106077
2481,0.00106077
2482,0.00106077
2483,0.00106077
2484,0.00106077
2485,0.00106077
2486,0.00106077
2487,0.00106077
2488,0.00106077
2489,0.00106077
2490,0.00106077
2491,0.00106077
2492,0.00106077
2493,0.00106077
2494,0.00106077
2495,0.00106077
2496,0.00106077
2497,0.00106077
2498,0.00106077
2499,0.00106077
2500,0.00106077
2501,0.00106077
2502,0.00106077
2503,0.00106077
2504,0.00106077
2505,0.00106077
2506,0.00106077
2507,0.00106077
2508,0.00106077
2509,0.00106077
2510,0.00106077
2511,0.00106077
2512,0.00106077
2513,0.00106077
2514,0.00106077
2515,0.00106077
2516,0.00106077
2517,0.00106077
2518,0.00106077
2519,0.00106077
2520,0.00106077
2521,0.00106077
2522,0.00106077
2523,0.00106077
2524,0.00106077
2525,0.00106077
2526,0.00106077
2527,0.00106077
2528,0.00106077
2529,0.00106077
2530,0.00106077
2531,0.00106077
2532,0.00106077
2533,0.00106077
2534,0.00106077
2535,0.00106077
2536,0.00106077
2537,0.00106077
2538,0.00106077
2539,0.00106077
2540,0.00106077
2541,0.00106077
2542,0.00106077
2543,0.00106077
2544,0.00106077
2545,0.00106077
2546,0.00106077
2547,0.00106077
2548,0.00106077
2549,0.00106077
2550,0.00106077
2551,0.00106077
2552,0.00106077
2553,0.00106077
2554,0.00106077
2555,0.00106077
2556,0.00106077
2557,0.00106077
2558,0.00106077
2559,0.00106077
2560,0.00106077
2561,0.00106077
2562,0.00106077
2563,0.00106077
2564,0.00106077
2565,0.00106077
2566,0.00106077
2567,0.00106077
2568,0.00106077
2569,0.00106077
2570,0.00106077
2571,0.00106077
2572,0.00106077
2573,0.00106077
2574,0.00106077
2575,0.00106077
2576,0.00106077
2577,0.00106077
2578,0.00106077
2579,0.00106077
2580,0.00106077
2581,0.00106077
2582,0.00106077
2583,0.00106077
2584,0.00106077
2585,0.00106077
2586,0.00106077
2587,0.00106077
2588,0.00106077
2589,0.00106077
2590,0.00106077
2591,0.00106077
2592,0.00106077
2593,0.00106077
2594,0.00106077
2595,0.00106077
2596,0.00106077
2597,0.00106077
2598,0.00106077
2599,0.00106077
2600,0.00106077
2601,0.00106077
2602,0.00106077
2603,0.00106077
2604,0.00106077
2605,0.00106077
2606,0.00106077
2607,0.00106077
2608,0.00106077
2609,0.00106077
2610,0.00106077
2611,0.00106077
2612,0.00106077
2613,0.00106077
2614,0.00106077
2615,0.00106077
2616,0.00106077
2617,0.00106077
2618,0.00106077
2619,0.00106077
2620,0.00106077
2621,0.00106077
2622,0.00106077
2623,0.00106077
2624,0.00106077
2625,0.00106077
2626,0.00106077
2627,0.00106077
2628,0.00106077
2629,0.00106077
2630,0.00106077
2631,0.00106077
2632,0.00106077
2633,0.00106077
2634,0.00106077
2635,0.00106077
2636,0.00106077
2637,0.00106077
2638,0.00106077
2639,0.00106077
2640,0.00106077
2641,0.00106077
2642,0.00106077
2643,0.00106077
2644,0.00106077
2645,0.00106077
2646,0.00106077
2647,0.00106077
2648,0.00106077
2649,0.00106077
2650,0.00106077
2651,0.00106077
2652,0.00106077
2653,0.00106077
2654,0.00106077
2655,0.00106077
2656,0.00106077
2657,0.00106077
2658,0.00106077
2659,0.00106077
2660,0.00106077
2661,0.00106077
2662,0.00106077
2663,0.00106077
2664,0.00106077
2665,0.00106077
2666,0.00106077
2667,0.00106077
2668,0.00106077
2669,0.00106077
2670,0.00106077
2671,0.00106077
2672,0.00106077
2673,0.00106077
2674,0.00106077
2675,0.00106077
2676,0.00106967
2677,0.00106967
2678,0.00106967
2679,0.00106967
2680,0.00106967
2681,0.00106967
2682,0.00106967
2683,0.00106967
2684,0.00106967
2685,0.00106967
2686,0.00106967
2687,0.00106967
2688,0.00106967
2689,0.00106967
2690,0.00106967
2691,0.00106967
2692,0.00106967
2693,0.00106967
2694,0.00106967
2695,0.00106967
2696,0.00106967
2697,0.00106967
2698,0.00106967
2699,0.00106967
2700,0.00106967
2701,0.00106967
2702,0.00106967
2703,0.00106967
2704,0.00106967
2705,0.00106967
2706,0.00106967
2707,0.00106967
2708,0.00106967
2709,0.00106967
2710,0.00106967
2711,0.00106967
2712,0.00106967
2713,0.00106967
2714,0.00106967
2715,0.00106967
2716,0.00106967
2717,0.00106967
2718,0.00106967
2719,0.00106967
2720,0.00106967
2721,0.00106967
2722,0.00106967
2723,0.00106967
2724,0.00106967
2725,0.00106967
2726,0.00106967
2727,0.00106967
2728,0.00106967
2729,0.00106967
2730,0.00106967
2731,0.00106967
2732,0.00106967
2733,0.00106967
2734,0.00106967
2735,0.00106967
2736,0.00106967
2737,0.00106967
2738,0.00106967
2739,0.00106967
2740,0.00106967
2741,0.00106967
2742,0.00106967
2743,0.00106967
2744,0.00106967
2745,0.00106967
2746,0.00106967
2747,0.00106967
2748,0.00106967
2749,0.00106967
2750,0.00106967
2751,0.00106967
2752,0.00106967
2753,0.00106967
2754,0.00106967
2755,0.00106967
2756,0.00106967
2757,0.00106967
2758,0.00106967
2759,0.00106967
2760,0.00106967
2761,0.00106967
2762,0.00106967
2763,0.00106967
2764,0.00106967
2765,0.00106967
2766,0.00106967
2767,0.00106967
2768,0.00106967
2769,0.00106967
2770,0.00106967
2771,0.00106967
2772,0.00106967
2773,0.00106967
2774,0.00106967
2775,0.00106967
2776,0.00106967
2777,0.00106967
2778,0.00106967
2779,0.00106967
2780,0.00106967
2781,0.00106967
2782,0.00106967
2783,0.00106967
2784,0.00106967
2785,0.00106967
2786,0.00106967
2787,0.00106967
2788,0.00106967
2789,0.00106967
2790,0.00106967
2791,0.00106967
2792,0.00106967
2793,0.00106967
2794,0.00106967
2795,0.00106967
2796,0.00106967
2797,0.00106967
2798,0.00106967
2799,0.00106967
2800,0.00106967
2801,0.00106967
2802,0.00106967
2803,0.00106967
2804,0.00106967
2805,0.00106967
2806,0.00106967
2807,0.00106967
2808,0.00106967
2809,0.00106967
2810,0.00106967
2811,0.00106967
2812,0.00106967
2813,0.00106967
2814,0.00106967
2815,0.00106967
2816,0.00106664
2817,0.00106664
2818,0.00106664
2819,0.00106664
2820,0.00106664
2821,0.00106664
2822,0.00106664
2823,0.00106664
2824,0.00106664
2825,0.00106664
2826,0.00106664
2827,0.00106664
2828,0.0010713
2829,0.0010713
2830,0.0010713
2831,0.0010713
2832,0.0010713
2833,0.0010713
2834,0.0010713
2835,0.0010713
2836,0.0010713
2837,0.0010713
2838,0.0010713
2839,0.0010713
2840,0.0010713
2841,0.00107138
2842,0.00107138
2843,0.00107138
2844,0.00107138
2845,0.00107138
2846,0.00107138
2847,0.00107138
2848,0.00107138
2849,0.00107138
2850,0.00107138
2851,0.00106735
2852,0.00106735
2853,0.00106735
2854,0.00106735
2855,0.00106735
2856,0.00107651
2857,0.00107651
2858,0.00107651
2859,0.00107651
2860,0.00107651
2861,0.00107651
2862,0.00107651
2863,0.00107651
2864,0.00107651
2865,0.00107651
2866,0.00107651
2867,0.00107651
2868,0.00107651
2869,0.00107651
2870,0.00107651
2871,0.00107446
2872,0.00107446
2873,0.00107446
2874,0.00107446
2875,0.00107446
2876,0.00107446
2877,0.0010771
2878,0.0010771
2879,0.0010771
2880,0.0010771
2881,0.0010771
2882,0.00107942
2883,0.00107942
2884,0.00107942
2885,0.00107942
2886,0.00107942
2887,0.00107942
2888,0.00107942
2889,0.00107942
2890,0.00107942
2891,0.00107942
2892,0.00107942
2893,0.00107942
2894,0.00107942
2895,0.00107942
2896,0.00107942
2897,0.00107942
2898,0.00107571
2899,0.00107571
2900,0.00107571
2901,0.00107571
2902,0.00107571
2903,0.00107571
2904,0.00107571
2905,0.00107571
2906,0.00107571
2907,0.00107571
2908,0.00107571
2909,0.00107571
2910,0.00107571
2911,0.00107571
2912,0.00107571
2913,0.00107571
2914,0.00107571
2915,0.00107571
2916,0.00107571
2917,0.00107571
2918,0.00107571
2919,0.00107571
2920,0.00107571
2921,0.00107571
2922,0.00107571
2923,0.00107571
2924,0.00107571
2925,0.00107571
2926,0.00107571
2927,0.00107571
2928,0.00107571
2929,0.00107571
2930,0.00107571
2931,0.00107571
2932,0.00107571
2933,0.00107571
2934,0.00107571
2935,0.00107571
2936,0.00107571
2937,0.00107571
2938,0.00107571
2939,0.00107571
2940,0.00107571
2941,0.00107571
2942,0.00107571
2943,0.00107571
2944,0.00107571
2945,0.00107571
2946,0.00107571
2947,0.00107571
2948,0.00107571
2949,0.00107571
2950,0.00107571
2951,0.00107571
2952,0.00107571
2953,0.00107509
2954,0.00107509
2955,0.00107509
2956,0.00107509
2957,0.00107509
2958,0.00107509
2959,0.00107509
2960,0.00107509
2961,0.00107509
2962,0.00107509
2963,0.00107509
2964,0.00107509
2965,0.00107509
2966,0.00107509
2967,0.00107509
2968,0.00107509
2969,0.00107509
2970,0.00107509
2971,0.00107509
2972,0.00107509
2973,0.00107509
2974,0.00107509
2975,0.00107509
2976,0.00107509
2977,0.00107509
2978,0.00107509
2979,0.00107509
2980,0.00107509
2981,0.00107509
2982,0.00107509
2983,0.00107509
2984,0.00107509
2985,0.00107509
2986,0.00107509
2987,0.00107509
2988,0.00107509
2989,0.00107509
2990,0.00107509
2991,0.00107509
2992,0.00107509
2993,0.00107509
2994,0.00107509
2995,0.00107509
2996,0.00107509
2997,0.00107509
2998,0.00107509
2999,0.00107509
3000,0.00107509
3001,0.00107509
3002,0.00107509
3003,0.00107509
3004,0.00107509
3005,0.00107509
3006,0.00107509
3007,0.00107509
3008,0.00107509
3009,0.00107509
3010,0.00107509
3011,0.00107509
3012,0.00107509
3013,0.00107509
3014,0.00107509
3015,0.00107509
3016,0.00107509
3017,0.00107509
3018,0.00107509
3019,0.00107509
3020,0.00107509
3021,0.00107509
3022,0.00107509
3023,0.00107509
3024,0.00107509
3025,0.00107509
3026,0.00107509
3027,0.00107509
3028,0.00107509
3029,0.00107509
3030,0.00107509
3031,0.00107509
3032,0.00107509
3033,0.00107509
3034,0.00107509
3035,0.00107509
3036,0.00107509
3037,0.00107509
3038,0.00107509
3039,0.00107509
3040,0.00107509
3041,0.00107509
3042,0.00107509
3043,0.00107509
3044,0.00107509
3045,0.00107509
3046,0.00107509
3047,0.00107509
3048,0.00107509
3049,0.00107509
3050,0.00107509
3051,0.00107509
3052,0.00107509
3053,0.00107509
3054,0.00107509
3055,0.00107509
3056,0.00107509
3057,0.00107509
3058,0.00107509
3059,0.00107509
3060,0.00107509
3061,0.00107509
3062,0.00107509
3063,0.00107509
3064,0.00107509
3065,0.00107509
3066,0.00107509
3067,0.00107509
3068,0.00107509
3069,0.00107509
3070,0.00107509
3071,0.00107509
3072,0.00107509
3073,0.00107509
3074,0.00107509
3075,0.00107509
3076,0.00107509
3077,0.00107509
3078,0.00107509
3079,0.00107509
3080,0.00107509
3081,0.00107509
3082,0.00107509
3083,0.00107509
3084,0.00107509
3085,0.00107509
3086,0.00107509
3087,0.00107509
3088,0.00107509
3089,0.00107509
3090,0.00107509
3091,0.00107509
3092,0.00107509
3093,0.00107509
3094,0.00107509
3095,0.00107509
3096,0.00107509
3097,0.00107509
3098,0.00107509
3099,0.00107509
3100,0.00107509
3101,0.00107509
3102,0.00107509
3103,0.00107509
3104,0.00107509
3105,0.00107509
3106,0.00107509
3107,0.00107509
3108,0.00107509
3109,0.00107509
3110,0.00107509
3111,0.00107509
3112,0.00107509
3113,0.00107509
3114,0.00107509
3115,0.00107509
3116,0.00107509
3117,0.00107509
3118,0.00107509
3119,0.00107509
3120,0.00107509
3121,0.00107509
3122,0.00107509
3123,0.00107509
3124,0.00107509
3125,0.00107509
3126,0.00107509
3127,0.00107509
3128,0.00107509
3129,0.00107509
3130,0.00107509
3131,0.00106951
3132,0.00106951
3133,0.00106951
3134,0.00106951
3135,0.00106951
3136,0.00106951
3137,0.00106951
3138,0.00106951
3139,0.00106951
3140,0.00106951
3141,0.00106951
3142,0.00106951
3143,0.00106951
3144,0.00106951
3145,0.00106951
3146,0.00106951
3147,0.00106951
3148,0.00106951
3149,0.00106951
3150,0.00106951
3151,0.00106951
3152,0.00106951
3153,0.00106951
3154,0.00106951
3155,0.00106951
3156,0.00106951
3157,0.00106951
3158,0.00106951
3159,0.00106951
3160,0.00106951
3161,0.00106951
3162,0.00106951
3163,0.00106951
3164,0.00106951
3165,0.00106951
3166,0.00106951
3167,0.00106951
3168,0.00106951
3169,0.00106951
3170,0.00106951
3171,0.00106951
3172,0.00106951
3173,0.00106951
3174,0.00106951
3175,0.00106951
3176,0.00106951
3177,0.00106951
3178,0.00106951
3179,0.00106951
3180,0.00106951
3181,0.00106951
3182,0.00106734
3183,0.00106734
3184,0.00106734
3185,0.00106734
3186,0.00106734
3187,0.00106734
3188,0.00106734
3189,0.00106734
3190,0.00106734
3191,0.00106734
3192,0.00106734
3193,0.00106734
3194,0.00106734
3195,0.00106734
3196,0.00106734
3197,0.00106734
3198,0.00106734
3199,0.00106734
3200,0.00106734
3201,0.0010633
3202,0.0010633
3203,0.0010633
3204,0.0010633
3205,0.0010633
3206,0.0010633
3207,0.0010633
3208,0.0010633
3209,0.0010633
3210,0.0010633
3211,0.0010633
3212,0.0010633
3213,0.0010633
3214,0.0010633
3215,0.0010633
3216,0.0010633
3217,0.0010633
3218,0.0010633
3219,0.0010633
3220,0.0010633
3221,0.0010633
3222,0.0010633
3223,0.0010633
3224,0.0010633
3225,0.0010633
3226,0.0010633
3227,0.0010633
3228,0.0010633
3229,0.0010633
3230,0.0010633
3231,0.0010633
3232,0.0010633
3233,0.0010633
3234,0.0010633
3235,0.0010633
3236,0.0010633
3237,0.0010633
3238,0.0010633
3239,0.0010633
3240,0.0010633
3241,0.0010633
3242,0.0010633
3243,0.0010633
3244,0.0010633
3245,0.0010633
3246,0.0010633
3247,0.0010633
3248,0.0010633
3249,0.0010633
3250,0.0010633
3251,0.0010633
3252,0.0010633
3253,0.0010633
3254,0.0010633
3255,0.0010633
3256,0.0010633
3257,0.0010633
3258,0.0010633
3259,0.0010633
3260,0.0010633
3261,0.0010633
3262,0.0010633
3263,0.0010633
3264,0.0010633
3265,0.0010633
3266,0.0010633
3267,0.0010633
3268,0.0010633
3269,0.0010633
3270,0.0010633
3271,0.0010633
3272,0.0010633
3273,0.0010633
3274,0.0010633
3275,0.0010633
3276,0.0010633
3277,0.0010633
3278,0.0010633
3279,0.0010633
3280,0.0010633
3281,0.0010633
3282,0.0010633
3283,0.0010633
3284,0.0010633
3285,0.0010633
3286,0.0010633
3287,0.0010633
3288,0.0010633
3289,0.0010633
3290,0.0010633
3291,0.0010633
3292,0.0010633
3293,0.0010633
3294,0.0010633
3295,0.0010633
3296,0.0010633
3297,0.0010633
3298,0.0010633
3299,0.0010633
3300,0.0010633
3301,0.0010633
3302,0.0010633
3303,0.0010633
3304,0.0010633
3305,0.0010633
3306,0.0010633
3307,0.0010633
3308,0.0010633
3309,0.0010633
3310,0.00107439
3311,0.00107439
3312,0.00107439
3313,0.00107439
3314,0.00107439
3315,0.00107439
3316,0.00107439
3317,0.00107439
3318,0.00107439
3319,0.00107439
3320,0.00107439
3321,0.00107439
3322,0.00107439
3323,0.00107439
3324,0.00107439
3325,0.00107439
3326,0.00107439
3327,0.00107439
3328,0.00107439
3329,0.00107439
3330,0.00107439
3331,0.00107439
3332,0.00107439
3333,0.00107439
3334,0.00107439
3335,0.00107439
3336,0.00107439
3337,0.00107439
3338,0.00107439
3339,0.00107439
3340,0.00107439
3341,0.00107439
3342,0.00107439
3343,0.00107439
3344,0.00107439
3345,0.00107439
3346,0.00107439
3347,0.00107439
3348,0.00107439
3349,0.00107439
3350,0.00107439
3351,0.00107439
3352,0.00107439
3353,0.00107439
3354,0.00107439
3355,0.00107439
3356,0.00107439
3357,0.00107439
3358,0.00107439
3359,0.00107439
3360,0.00107439
3361,0.00107439
3362,0.00107439
3363,0.00107439
3364,0.00107439
3365,0.00107439
3366,0.00107439
3367,0.00107439
3368,0.00107439
3369,0.00107439
3370,0.00107439
3371,0.00107439
3372,0.00107439
3373,0.00107439
3374,0.00107439
3375,0.00107439
3376,0.00107439
3377,0.00107439
3378,0.00107439
3379,0.00107439
3380,0.00107439
3381,0.00107439
3382,0.00107439
3383,0.00107439
3384,0.00107439
3385,0.00107439
3386,0.00107439
3387,0.00107439
3388,0.00107439
3389,0.00107439
3390,0.00107439
3391,0.00107439
3392,0.00107439
3393,0.00107439
3394,0.00107439
3395,0.00107439
3396,0.00107439
3397,0.00107439
3398,0.00107439
3399,0.00107439
3400,0.00107439
3401,0.00107439
3402,0.00107439
3403,0.00107439
3404,0.00107439
3405,0.00107439
3406,0.00107439
3407,0.00107439
3408,0.00107439
3409,0.00107439
3410,0.00107439
3411,0.00107439
3412,0.00107439
3413,0.00107439
3414,0.00107439
3415,0.00107439
3416,0.00107439
3417,0.00107439
3418,0.00107439
3419,0.00107439
3420,0.00107439
3421,0.00107439
3422,0.00107439
3423,0.00107439
3424,0.00107439
3425,0.00106338
3426,0.00106338
3427,0.00106338
3428,0.00106338
3429,0.00106338
3430,0.00106338
3431,0.00106338
3432,0.00106338
3433,0.00106338
3434,0.00106338
3435,0.00106338
3436,0.00106338
3437,0.00106338
3438,0.00106338
3439,0.00106338
3440,0.00106338
3441,0.00106338
3442,0.00106338
3443,0.00106338
3444,0.00106338
3445,0.00106338
3446,0.00106338
3447,0.00106338
3448,0.00106338
3449,0.00106338
3450,0.00106338
3451,0.00106338
3452,0.00106338
3453,0.00106338
3454,0.00106338
3455,0.00106338
3456,0.00106338
3457,0.00106338
3458,0.00106338
3459,0.00106338
3460,0.00106338
3461,0.00106338
3462,0.00106338
3463,0.00106338
3464,0.00106338
3465,0.00106338
3466,0.00106338
3467,0.00106338
3468,0.00106338
3469,0.00106338
3470,0.00106338
3471,0.00106338
3472,0.00106338
3473,0.00106338
3474,0.00106338
3475,0.00106338
3476,0.00106338
3477,0.00106338
3478,0.00106338
3479,0.00106338
3480,0.00106338
3481,0.00106338
3482,0.00106338
3483,0.00106338
3484,0.00106338
3485,0.00106338
3486,0.00106338
3487,0.00106338
3488,0.00106338
3489,0.00106338
3490,0.00106338
3491,0.00106338
3492,0.00106338
3493,0.00106338
3494,0.00106338
3495,0.00106338
3496,0.00106338
3497,0.00106338
3498,0.00106338
3499,0.00106338
3500,0.00106338
3501,0.00106338
3502,0.00106338
3503,0.00106338
3504,0.00106338
3505,0.00106338
3506,0.00106338
3507,0.00106338
3508,0.00106338
3509,0.00106338
3510,0.00106338
3511,0.00106338
3512,0.00106338
3513,0.00106338
3514,0.00106338
3515,0.00106338
3516,0.00106338
3517,0.00106338
3518,0.00106338
3519,0.00106338
3520,0.00106338
3521,0.00106338
3522,0.00106338
3523,0.00106338
3524,0.00106338
3525,0.00106338
3526,0.00106338
3527,0.00106338
3528,0.00106338
3529,0.00106338
3530,0.00106338
3531,0.00106338
3532,0.00106338
3533,0.00106338
3534,0.00106338
3535,0.00106338
3536,0.00106338
3537,0.00106338
3538,0.00106338
3539,0.00106338
3540,0.00106338
3541,0.00106338
3542,0.00106338
3543,0.00106338
3544,0.00106338
3545,0.00106338
3546,0.00106338
3547,0.00106338
3548,0.00106338
3549,0.00106338
3550,0.00106338
3551,0.00106338
3552,0.00106338
3553,0.00106338
3554,0.00106338
3555,0.00106338
3556,0.00106338
3557,0.00106338
3558,0.00106338
3559,0.00106338
3560,0.00106338
3561,0.00106338
3562,0.00106338
3563,0.00106338
3564,0.00106338
3565,0.00106338
3566,0.00106338
3567,0.00106338
3568,0.00106338
3569,0.00106338
3570,0.00106338
3571,0.00106338
3572,0.00106338
3573,0.00106338
3574,0.00106338
3575,0.00106338
3576,0.00106338
3577,0.00107438
3578,0.00107438
3579,0.00106339
3580,0.00106339
3581,0.00106339
3582,0.00106339
3583,0.00106339
3584,0.00106339
3585,0.00106339
3586,0.00106339
3587,0.00106339
3588,0.00106339
3589,0.00106339
3590,0.00106339
3591,0.00106339
3592,0.00106339
3593,0.00106339
3594,0.00106339
3595,0.00106339
3596,0.00106339
3597,0.00106339
3598,0.00106607
3599,0.00106607
3600,0.00106607
3601,0.00106607
3602,0.00106607
3603,0.00106607
3604,0.00106607
3605,0.00106607
3606,0.00106607
3607,0.00106607
3608,0.00106607
3609,0.00106607
3610,0.00106607
3611,0.00106607
3612,0.00106607
3613,0.00106607
3614,0.00106607
3615,0.00106607
3616,0.00106607
3617,0.00106607
3618,0.00106607
3619,0.00106607
3620,0.00106607
3621,0.00106607
3622,0.00106607
3623,0.00106607
3624,0.00106607
3625,0.00106607
3626,0.00106607
3627,0.00106607
3628,0.00106607
3629,0.00106607
3630,0.00106607
3631,0.00106607
3632,0.00106607
3633,0.00106607
3634,0.00106607
3635,0.00106607
3636,0.00106607
3637,0.00106607
3638,0.00106607
3639,0.00106607
3640,0.00106607
3641,0.00106607
3642,0.00106607
3643,0.00106607
3644,0.00106607
3645,0.00106607
3646,0.00106607
3647,0.00106607
3648,0.00106607
3649,0.00106607
3650,0.00106607
3651,0.00106607
3652,0.00106607
3653,0.00106607
3654,0.00106606
3655,0.00106606
3656,0.00106606
3657,0.00106606
3658,0.00106606
3659,0.00106606
3660,0.00106606
3661,0.00106606
3662,0.00106606
3663,0.00106606
3664,0.00106606
3665,0.00106606
3666,0.00106606
3667,0.00106606
3668,0.00106606
3669,0.00106606
3670,0.00106606
3671,0.00106606
3672,0.00106606
3673,0.00106606
3674,0.00106606
3675,0.00106606
3676,0.00106606
3677,0.00106606
3678,0.00106606
3679,0.00106606
3680,0.00106606
3681,0.00106606
3682,0.00106606
3683,0.00106606
3684,0.00106606
3685,0.00106606
3686,0.00106606
3687,0.00106606
3688,0.00106606
3689,0.00106606
3690,0.00106606
3691,0.00106606
3692,0.00106606
3693,0.00106606
3694,0.00106606
3695,0.00106606
3696,0.00106606
3697,0.00106606
3698,0.00106606
3699,0.00106606
3700,0.00106606
3701,0.00106606
3702,0.00106606
3703,0.00106606
3704,0.00106606
3705,0.00106606
3706,0.00106606
3707,0.00106606
3708,0.00106606
3709,0.00106606
3710,0.00106606
3711,0.00106606
3712,0.00106606
3713,0.00106606
3714,0.00106606
3715,0.00106606
3716,0.00106606
3717,0.00106606
3718,0.00106606
3719,0.00106606
3720,0.00106606
3721,0.00106606
3722,0.00106606
3723,0.00106606
3724,0.00106606
3725,0.00106606
3726,0.00106606
3727,0.00106606
3728,0.00106606
3729,0.00106606
3730,0.00106606
3731,0.00106606
3732,0.00106606
3733,0.00106606
3734,0.00106606
3735,0.00106606
3736,0.00106606
3737,0.00106606
3738,0.00106606
3739,0.00106606
3740,0.00106606
3741,0.00106606
3742,0.00106606
3743,0.00106606
3744,0.00106606
3745,0.00106606
3746,0.00106606
3747,0.00106606
3748,0.00106606
3749,0.00106606
3750,0.00106606
3751,0.00106606
3752,0.00106606
3753,0.00106606
3754,0.00106606
3755,0.00106606
3756,0.00106606
3757,0.00106606
3758,0.00106606
3759,0.00107439
3760,0.00107439
3761,0.00107439
3762,0.00107439
3763,0.00107439
3764,0.00107439
3765,0.00107439
3766,0.00107439
3767,0.00107439
3768,0.00107439
3769,0.00107439
3770,0.00107439
3771,0.00107439
3772,0.00107439
3773,0.00107439
3774,0.00107439
3775,0.00107439
3776,0.00107439
3777,0.00107439
3778,0.00107439
3779,0.00107439
3780,0.00107439
3781,0.00107439
3782,0.00107439
3783,0.00107439
3784,0.00107439
3785,0.00107439
3786,0.00107439
3787,0.00107439
3788,0.00107439
3789,0.00107439
3790,0.00107439
3791,0.00107439
3792,0.00107439
3793,0.00107439
3794,0.00107439
3795,0.00107439
3796,0.00107439
3797,0.00107439
3798,0.00107439
3799,0.00107439
3800,0.00107439
3801,0.00107439
3802,0.00107439
3803,0.00107439
3804,0.00107439
3805,0.00107439
3806,0.00107439
3807,0.00107439
3808,0.00107439
3809,0.00107439
3810,0.00107439
3811,0.00107439
3812,0.00107439
3813,0.00107439
3814,0.00107439
3815,0.00107439
3816,0.00107439
3817,0.00107439
3818,0.00106606
3819,0.00106606
3820,0.00106606
3821,0.00106606
3822,0.00106606
3823,0.00106606
3824,0.00106606
3825,0.00106606
3826,0.00106606
3827,0.00106606
3828,0.00106606
3829,0.00106606
3830,0.00106606
3831,0.00106606
3832,0.00106606
3833,0.00106606
3834,0.00106606
3835,0.00106606
3836,0.00106606
3837,0.00106606
3838,0.00106606
3839,0.00106606
3840,0.00106606
3841,0.00106606
3842,0.00106606
3843,0.00106339
3844,0.00106339
3845,0.00106339
3846,0.00106339
3847,0.00106339
3848,0.00106339
3849,0.00106339
3850,0.00106339
3851,0.00106339
3852,0.00106339
3853,0.00106339
3854,0.00106339
3855,0.00106339
3856,0.00106339
3857,0.00106339
3858,0.00106339
3859,0.00106339
3860,0.00106339
3861,0.00106339
3862,0.00106339
3863,0.00106339
3864,0.00106339
3865,0.00106339
3866,0.00106339
3867,0.00106339
3868,0.00106339
3869,0.00106339
3870,0.00106339
3871,0.00106339
3872,0.00106339
3873,0.00106339
3874,0.00106339
3875,0.00106339
3876,0.00106339
3877,0.00106339
3878,0.00106339
3879,0.00106339
3880,0.00106339
3881,0.00106339
3882,0.00106339
3883,0.00106339
3884,0.00106339
3885,0.00106339
3886,0.00106339
3887,0.00106339
3888,0.00106339
3889,0.00106339
3890,0.00106339
3891,0.00106339
3892,0.00106339
3893,0.00106339
3894,0.00106339
3895,0.00106339
3896,0.00106339
3897,0.00106339
3898,0.00106339
3899,0.00106339
3900,0.00106339
3901,0.00106339
3902,0.00106339
3903,0.00106339
3904,0.00106339
3905,0.00106339
3906,0.00106339
3907,0.00106339
3908,0.00106339
3909,0.00106339
3910,0.00106339
3911,0.00106339
3912,0.00106339
3913,0.00106339
3914,0.00106339
3915,0.00106339
3916,0.00106339
3917,0.00106339
3918,0.00106339
3919,0.00106339
3920,0.00106339
3921,0.00106339
3922,0.00106339
3923,0.00106339
3924,0.00106339
3925,0.00106339
3926,0.00106339
3927,0.00106339
3928,0.00106339
3929,0.00106339
3930,0.00106339
3931,0.00106339
3932,0.00106339
3933,0.00106339
3934,0.00106339
3935,0.00106339
3936,0.00106339
3937,0.00106339
3938,0.00106339
3939,0.00106339
3940,0.00106339
3941,0.00106339
3942,0.00106339
3943,0.00106339
3944,0.00106339
3945,0.00106339
3946,0.00106339
3947,0.00106339
3948,0.00106339
3949,0.00106339
3950,0.00106339
3951,0.00106339
3952,0.00106339
3953,0.00106339
3954,0.00106339
3955,0.00106339
3956,0.00106339
3957,0.00106339
3958,0.00106339
3959,0.00106339
3960,0.00106339
3961,0.00106339
3962,0.00106339
3963,0.00106339
3964,0.00106339
3965,0.00106339
3966,0.00106339
3967,0.00106339
3968,0.00106339
3969,0.00106339
3970,0.00106339
3971,0.00106339
3972,0.00106339
3973,0.00106339
3974,0.00106339
3975,0.00106339
3976,0.00106339
3977,0.00106339
3978,0.00106339
3979,0.00106339
3980,0.00106339
3981,0.00106339
3982,0.00106339
3983,0.00106339
3984,0.00106339
3985,0.00106339
3986,0.00106339
3987,0.00106339
3988,0.00106339
3989,0.00106339
3990,0.00106339
3991,0.00106339
3992,0.00106339
3993,0.00106339
3994,0.00106339
3995,0.00106339
3996,0.00106339
3997,0.00106339
3998,0.00106339
3999,0.00106339
4000,0.00106339
4001,0.00106339
4002,0.00106339
4003,0.00106339
4004,0.00106339
4005,0.00106339
4006,0.00106339
4007,0.00106339
4008,0.00106339
4009,0.00106339
4010,0.00106339
4011,0.00106339
4012,0.00106339
4013,0.00106339
4014,0.00106339
4015,0.00106339
4016,0.00106339
4017,0.00106339
4018,0.00106339
4019,0.00106339
4020,0.00106339
4021,0.00106339
4022,0.00106339
4023,0.00106339
4024,0.00106339
4025,0.00106339
4026,0.00106339
4027,0.00106339
4028,0.00106339
4029,0.00106339
4030,0.00106339
4031,0.00106339
4032,0.00106339
4033,0.00106339
4034,0.00106339
4035,0.00106339
4036,0.00106339
4037,0.00106339
4038,0.0010634
4039,0.00106339
4040,0.00106339
4041,0.00106339
4042,0.00106339
4043,0.00106339
4044,0.00106339
4045,0.00106339
4046,0.00106339
4047,0.00106339
4048,0.00106339
4049,0.00106339
4050,0.00107438
4051,0.00107438
4052,0.00107438
4053,0.00107438
4054,0.00107438
4055,0.00107438
4056,0.00107438
4057,0.00107438
4058,0.00107438
4059,0.00107438
4060,0.00107438
4061,0.00107438
4062,0.00107438
4063,0.00107438
4064,0.00107438
4065,0.00107438
4066,0.0010634
4067,0.0010634
4068,0.0010634
4069,0.0010634
4070,0.0010634
4071,0.0010634
4072,0.0010634
4073,0.0010634
4074,0.0010634
4075,0.0010634
4076,0.0010634
4077,0.0010634
4078,0.0010634
4079,0.0010634
4080,0.0010634
4081,0.0010634
4082,0.0010634
4083,0.0010634
4084,0.0010634
4085,0.0010634
4086,0.0010634
4087,0.0010634
4088,0.0010634
4089,0.0010634
4090,0.0010634
4091,0.0010634
4092,0.0010634
4093,0.0010634
4094,0.0010634
4095,0.0010634
4096,0.0010634
4097,0.0010634
4098,0.0010634
4099,0.0010634
4100,0.0010634
4101,0.0010634
4102,0.0010634
4103,0.0010634
4104,0.0010634
4105,0.0010634
4106,0.0010634
4107,0.0010634
4108,0.0010634
4109,0.0010634
4110,0.0010634
4111,0.0010634
4112,0.0010634
4113,0.0010634
4114,0.0010634
4115,0.0010634
4116,0.0010634
4117,0.0010634
4118,0.0010634
4119,0.0010634
4120,0.0010634
4121,0.0010634
4122,0.0010634
4123,0.00106339
4124,0.00106339
4125,0.00106339
4126,0.00106339
4127,0.00106339
4128,0.00106339
4129,0.00106339
4130,0.00106339
4131,0.00106339
4132,0.00106339
4133,0.00106339
4134,0.00106339
4135,0.00106339
4136,0.00106339
4137,0.00106339
4138,0.00106339
4139,0.00106339
4140,0.00107438
4141,0.00107438
4142,0.00107438
4143,0.00107438
4144,0.00107438
4145,0.00107438
4146,0.00107438
4147,0.00107438
4148,0.00107438
4149,0.00107438
4150,0.00107438
4151,0.00107438
4152,0.00107438
4153,0.00107438
4154,0.00107438
4155,0.00107438
4156,0.00107438
4157,0.00107438
4158,0.00107438
4159,0.00107438
4160,0.00107438
4161,0.00107438
4162,0.00107438
4163,0.00107438
4164,0.00107438
4165,0.00107438
4166,0.00107438
4167,0.00107438
4168,0.00107438
4169,0.00107438
4170,0.00107438
4171,0.00107438
4172,0.00107438
4173,0.00107438
4174,0.00107438
4175,0.00107438
4176,0.00107438
4177,0.00107438
4178,0.00107438
4179,0.00107438
4180,0.00107438
4181,0.00107438
4182,0.00107438
4183,0.00107438
4184,0.00107438
4185,0.00107438
4186,0.00107438
4187,0.00107438
4188,0.00107438
4189,0.00107438
4190,0.00107438
4191,0.00107438
4192,0.00107438
4193,0.00107438
4194,0.00107438
4195,0.00107438
4196,0.00107438
4197,0.00107438
4198,0.00107438
4199,0.00107438
4200,0.00107438
4201,0.00107438
4202,0.00107438
4203,0.00107438
4204,0.00107438
4205,0.00107438
4206,0.00107438
4207,0.00107438
4208,0.00107438
4209,0.00107438
4210,0.00107438
4211,0.00107438
4212,0.00107438
4213,0.00107438
4214,0.00107438
4215,0.00107438
4216,0.00107438
4217,0.00107438
4218,0.00107438
4219,0.00107438
4220,0.00107438
4221,0.00107438
4222,0.00107438
4223,0.00107438
4224,0.00107438
4225,0.00107438
4226,0.00107438
4227,0.00107438
4228,0.00107438
4229,0.00107438
4230,0.00107438
4231,0.00107438
4232,0.00107438
4233,0.00107438
4234,0.00107438
4235,0.00107438
4236,0.00107438
4237,0.00106335
4238,0.00106335
4239,0.00106335
4240,0.00106335
4241,0.00106335
4242,0.00106335
4243,0.00106335
4244,0.00106335
4245,0.00106335
4246,0.00106335
4247,0.00106335
4248,0.00106335
4249,0.00106335
4250,0.00106335
4251,0.00106335
4252,0.00106335
4253,0.00106335
4254,0.00106335
4255,0.00106335
4256,0.00106335
4257,0.00106335
4258,0.00106335
4259,0.00106335
4260,0.00106335
4261,0.00106335
4262,0.00106335
4263,0.00106335
4264,0.00106335
4265,0.00106335
4266,0.00106335
4267,0.00106335
4268,0.00106335
4269,0.00106335
4270,0.00106335
4271,0.00106335
4272,0.00106335
4273,0.00106335
4274,0.00106335
4275,0.00106335
4276,0.00106335
4277,0.00106335
4278,0.00106335
4279,0.00106335
4280,0.00106335
4281,0.00106335
4282,0.00106335
4283,0.00106335
