0,0.68746015
1,0.68746015
2,0.68746015
3,0.68746015
4,0.68746015
5,0.68746015
6,0.68746015
7,0.68746015
8,0.68746015
9,0.68746015
10,0.68746015
11,0.68746015
12,0.68746015
13,0.68746015
14,0.68746015
15,0.68746015
16,0.68746015
17,0.68746015
18,0.68746015
19,0.68746015
20,0.68746015
21,0.68746015
22,0.68746015
23,0.68746015
24,0.68746015
25,0.68746015
26,0.68746015
27,0.68746015
28,0.68746015
29,0.68746015
30,0.68746015
31,0.68746015
32,0.68746015
33,0.68746015
34,0.68746015
35,0.68746015
36,0.68746015
37,0.68746015
38,0.68746015
39,0.68746015
40,0.68746015
41,0.68746015
42,0.68746015
43,0.68746015
44,0.68746015
45,0.68746015
46,0.68746015
47,0.68746015
48,0.68746015
49,0.68746015
50,0.68746015
51,0.68746015
52,0.68746015
53,0.68746015
54,0.68746015
55,0.68746015
56,0.68746015
57,0.68746015
58,0.68746015
59,0.68746015
60,0.68746015
61,0.68746015
62,0.68746015
63,0.68746015
64,0.68746015
65,0.68746015
66,0.68746015
67,0.68746015
68,0.68746015
69,0.68746015
70,0.68746015
71,0.68746015
72,0.68746015
73,0.68746015
74,0.68746015
75,0.68746015
76,0.68746015
77,0.68746015
78,0.68746015
79,0.68746015
80,0.68746015
81,0.68746015
82,0.68746015
83,0.68746015
84,0.68746015
85,0.68746015
86,0.68746015
87,0.68746015
88,0.68746015
89,0.68746015
90,0.68746015
91,0.68746015
92,0.68746015
93,0.68746015
94,0.68746015
95,0.68746015
96,0.68746015
97,0.68746015
98,0.68746015
99,0.68746015
100,0.68746015
101,0.68415334
102,0.68415334
103,0.68415334
104,0.68415334
105,0.68415334
106,0.68415334
107,0.68415334
108,0.68415334
109,0.68415334
110,0.68415334
111,0.68415334
112,0.68415334
113,0.68415334
114,0.68415334
115,0.68415334
116,0.68415334
117,0.68415334
118,0.68415334
119,0.68415334
120,0.68415334
121,0.68415334
122,0.68415334
123,0.68415334
124,0.68415334
125,0.68415334
126,0.68415334
127,0.68415334
128,0.68415334
129,0.68415334
130,0.68415334
131,0.68415334
132,0.68415334
133,0.68415334
134,0.68415334
135,0.68415334
136,0.68415334
137,0.68415334
138,0.68415334
139,0.68415334
140,0.68415334
141,0.68415334
142,0.68415334
143,0.68415334
144,0.68415334
145,0.68415334
146,0.68415334
147,0.68415334
148,0.68415334
149,0.66577964
150,0.66577964
151,0.66577964
152,0.66417092
153,0.66417092
154,0.66417092
155,0.66417092
156,0.66417092
157,0.66462832
158,0.66462832
159,0.66462832
160,0.66462832
161,0.66462832
162,0.66462832
163,0.66462832
164,0.66462832
165,0.66462832
166,0.66462832
167,0.6620621
168,0.6554814
169,0.65172504
170,0.65
171,0.65
172,0.65
173,0.65
174,0.65
175,0.65
176,0.65
177,0.65
178,0.65
179,0.65
180,0.65
181,0.65
182,0.65
183,0.65
184,0.65547484
185,0.65547484
186,0.65547484
187,0.65547484
188,0.65547484
189,0.65547484
190,0.65547484
191,0.65547484
192,0.65547484
193,0.65547484
194,0.65547484
195,0.65547484
196,0.65547484
197,0.65547484
198,0.65547484
199,0.65547484
200,0.65547484
201,0.65547484
202,0.65547484
203,0.65547484
204,0.65547484
205,0.65547484
206,0.65547484
207,0.65547484
208,0.65547484
209,0.65547484
210,0.65547484
211,0.65547484
212,0.65547484
213,0.65547484
214,0.65547484
215,0.65547484
216,0.65547484
217,0.65547484
218,0.65547484
219,0.65547484
220,0.65547484
221,0.65547484
222,0.65547484
223,0.65547484
224,0.65547484
225,0.65547484
226,0.65547484
227,0.65547484
228,0.65547484
229,0.65547484
230,0.65547484
231,0.65547484
232,0.65547484
233,0.65547484
234,0.65547484
235,0.65547484
236,0.65547484
237,0.65547484
238,0.65547484
239,0.65547484
240,0.65547484
241,0.65547484
242,0.65547484
243,0.65547484
244,0.65547484
245,0.65547484
246,0.65
247,0.65
248,0.65547483
249,0.65547483
250,0.65547483
251,0.65547483
252,0.65547483
253,0.65547483
254,0.65547483
255,0.65547483
256,0.65547483
257,0.65547483
258,0.65547483
259,0.65547483
260,0.65547483
261,0.65547483
262,0.65547483
263,0.65547483
264,0.65547483
265,0.65547483
266,0.65547483
267,0.65547483
268,0.65530416
269,0.65530416
270,0.65530416
271,0.65530416
272,0.65530416
273,0.65530416
274,0.65530416
275,0.65530416
276,0.65530416
277,0.65530416
278,0.65530416
279,0.65530416
280,0.65530416
281,0.65530416
282,0.65530416
283,0.65530416
284,0.65530416
285,0.65530416
286,0.65530416
287,0.65530416
288,0.65530416
289,0.65530416
290,0.65530416
291,0.65530416
292,0.65530416
293,0.65530416
294,0.65530416
295,0.65530416
296,0.65530416
297,0.65530416
298,0.65530416
299,0.65530416
300,0.65530416
301,0.65530416
302,0.65530416
303,0.65530416
304,0.64868885
305,0.64868885
306,0.64868885
307,0.64868885
308,0.64868885
309,0.64868885
310,0.64868885
311,0.64868885
312,0.64868885
313,0.64868885
314,0.64868885
315,0.64868885
316,0.64868885
317,0.64868885
318,0.64868885
319,0.64868885
320,0.64868885
321,0.64786297
322,0.64786297
323,0.64786297
324,0.64786297
325,0.64786297
326,0.64786297
327,0.64786297
328,0.64786297
329,0.64786297
330,0.64786297
331,0.64786297
332,0.64786297
333,0.64786297
334,0.65545514
335,0.65545514
336,0.65545514
337,0.65545514
338,0.64683049
339,0.64683049
340,0.64683049
341,0.64683049
342,0.64683049
343,0.64683049
344,0.64683049
345,0.64683049
346,0.64683049
347,0.64683049
348,0.64683049
349,0.64683049
350,0.64683049
351,0.64683049
352,0.64683049
353,0.64683049
354,0.64683049
355,0.64683049
356,0.65542232
357,0.65542232
358,0.65542232
359,0.65542232
360,0.65542232
361,0.65542232
362,0.65542232
363,0.65542232
364,0.65542232
365,0.65542232
366,0.65542232
367,0.65542232
368,0.65542232
369,0.65542232
370,0.65542232
371,0.65542232
372,0.65542232
373,0.65542232
374,0.65542232
375,0.65542232
376,0.65542232
377,0.65542232
378,0.65542232
379,0.65542232
380,0.65542232
381,0.65542232
382,0.65542232
383,0.65542232
384,0.65542232
385,0.65542232
386,0.65542232
387,0.65542232
388,0.65542232
389,0.65542232
390,0.65542232
391,0.65542232
392,0.65542232
393,0.65542232
394,0.65542232
395,0.65542232
396,0.65542232
397,0.65542232
398,0.65542232
399,0.65542232
400,0.65542232
401,0.65542232
402,0.65542232
403,0.65542232
404,0.65542232
405,0.65542232
406,0.65542232
407,0.65542232
408,0.65542232
409,0.65542232
410,0.65542232
411,0.65542232
412,0.65542232
413,0.65542232
414,0.65542232
415,0.65542232
416,0.65542232
417,0.65542232
418,0.65542232
419,0.65542232
420,0.65542232
421,0.65542232
422,0.65542232
423,0.65542232
424,0.65542232
425,0.65542232
426,0.65542232
427,0.65542232
428,0.65542232
429,0.65542232
430,0.65542232
431,0.65542232
432,0.65542232
433,0.65542233
434,0.65542233
435,0.65542233
436,0.65542233
437,0.65542233
438,0.65542233
439,0.65542233
440,0.65542233
441,0.65542233
442,0.65542233
443,0.65542233
444,0.65542233
445,0.65542233
446,0.65542233
447,0.65542233
448,0.65542233
449,0.65542233
450,0.65542233
451,0.65542233
452,0.65542233
453,0.65542233
454,0.65542233
455,0.65542233
456,0.65542233
457,0.65542233
458,0.65542233
459,0.65542233
460,0.65542233
461,0.65542233
462,0.65542233
463,0.65542233
464,0.65542233
465,0.65542233
466,0.65542233
467,0.65542233
468,0.65542233
469,0.65542233
470,0.65542233
471,0.65542233
472,0.65542233
473,0.65542233
474,0.65542233
475,0.65542233
476,0.65542233
477,0.65542233
478,0.65542233
479,0.65542233
480,0.65542233
481,0.65542233
482,0.65542233
483,0.65542233
484,0.65542233
485,0.65542233
486,0.65542233
487,0.65542233
488,0.65542233
489,0.64594751
490,0.64594751
491,0.64594751
492,0.64594751
493,0.64594751
494,0.64594751
495,0.64594751
496,0.64594751
497,0.64594751
498,0.64594751
499,0.64594751
500,0.64594751
501,0.64594751
502,0.64594751
503,0.64594751
504,0.64594751
505,0.64594751
506,0.64594751
507,0.64594751
508,0.64594751
509,0.64594751
510,0.64594751
511,0.6554814
512,0.6554814
513,0.6554814
514,0.6554814
515,0.6554814
516,0.6554814
517,0.6554814
518,0.6554814
519,0.6554814
520,0.6554814
521,0.6554814
522,0.6554814
523,0.6554814
524,0.6554814
525,0.65996377
526,0.65996377
527,0.65996377
528,0.65996377
529,0.65996377
530,0.65996377
531,0.65996377
532,0.65996377
533,0.65996377
534,0.65996377
535,0.65996377
536,0.65996377
537,0.65996377
538,0.65996377
539,0.65996377
540,0.65996377
541,0.65996377
542,0.65996377
543,0.65996377
544,0.65996377
545,0.65996377
546,0.65996377
547,0.65996377
548,0.65996377
549,0.65996377
550,0.65996377
551,0.65996377
552,0.65996377
553,0.65996377
554,0.65996377
555,0.65996377
556,0.65996377
557,0.65996377
558,0.65996377
559,0.65996377
560,0.65996377
561,0.65996377
562,0.65996377
563,0.65996377
564,0.65996377
565,0.65996377
566,0.65996377
567,0.65996377
568,0.65996377
569,0.65996377
570,0.65996377
571,0.65996377
572,0.65996377
573,0.65996377
574,0.65996377
575,0.65996377
576,0.65996377
577,0.65996377
578,0.65996377
579,0.65996377
580,0.65996377
581,0.65996377
582,0.65996377
583,0.65996377
584,0.65996377
585,0.65996377
586,0.65996377
587,0.65996377
588,0.65996377
589,0.65996377
590,0.65996377
591,0.65996377
592,0.65996377
593,0.65996377
594,0.65996377
595,0.65996377
596,0.65996377
597,0.65996377
598,0.65996377
599,0.65996377
600,0.65996377
601,0.65996377
602,0.65996377
603,0.65996377
604,0.65996377
605,0.65996377
606,0.65996377
607,0.65996377
608,0.65996377
609,0.65996377
610,0.65996377
611,0.65996377
612,0.65996377
613,0.65996377
614,0.65996377
615,0.65996377
616,0.65996377
617,0.65996377
618,0.65996377
619,0.65996377
620,0.65996377
621,0.65996377
622,0.65996377
623,0.65996377
624,0.65996377
625,0.65996377
626,0.65996377
627,0.65996377
628,0.65996377
629,0.65996377
630,0.65996377
631,0.65996377
632,0.65996377
633,0.65996377
634,0.65996377
635,0.65996377
636,0.65996377
637,0.65996377
638,0.65996377
639,0.65996377
640,0.65996377
641,0.65996377
642,0.65996377
643,0.65996377
644,0.65996377
645,0.65996377
646,0.65996377
647,0.65996377
648,0.65996377
649,0.65996377
650,0.65996377
651,0.65996377
652,0.65996377
653,0.65996377
654,0.65996377
655,0.65996377
656,0.65996377
657,0.65996377
658,0.65996377
659,0.65996377
660,0.65996377
661,0.65996377
662,0.65996377
663,0.65996377
664,0.65996377
665,0.65996377
666,0.65996377
667,0.65996377
668,0.65996377
669,0.65996377
670,0.65996377
671,0.65996377
672,0.65996377
673,0.65996377
674,0.65996377
675,0.65996377
676,0.65996377
677,0.65996377
678,0.65996377
679,0.65996377
680,0.65996377
681,0.65996377
682,0.65996377
683,0.65996377
684,0.65996377
685,0.65996377
686,0.65996377
687,0.65996377
688,0.65996377
689,0.65996377
690,0.65996377
691,0.65996377
692,0.65996377
693,0.65996377
694,0.65996377
695,0.65996377
696,0.65996377
697,0.65996377
698,0.65996377
699,0.65996377
700,0.65996377
701,0.65996377
702,0.65996377
703,0.65996377
704,0.65996377
705,0.65996377
706,0.65996377
707,0.65996377
708,0.65996377
709,0.65996377
710,0.65996377
711,0.65996377
712,0.65996377
713,0.65996377
714,0.65996377
715,0.65996377
716,0.65996377
717,0.65996377
718,0.65996377
719,0.65996377
720,0.65996377
721,0.65996377
722,0.65996377
723,0.65996377
724,0.65996377
725,0.65996377
726,0.65996377
727,0.65996377
728,0.65996377
729,0.65996377
730,0.65996377
731,0.65996377
732,0.65996377
733,0.65996377
734,0.65996377
735,0.65996377
736,0.65996377
737,0.65996377
738,0.65996377
739,0.65996377
740,0.65996377
741,0.65996377
742,0.65996377
743,0.65996377
744,0.65996377
745,0.65996377
746,0.65996377
747,0.65996377
748,0.65996377
749,0.65996377
750,0.65996377
751,0.65996377
752,0.65996377
753,0.65996377
754,0.65996377
755,0.65996377
756,0.65996377
757,0.65996377
758,0.65996377
759,0.65996377
760,0.65996377
761,0.65996377
762,0.65996377
763,0.65996377
764,0.65996377
765,0.65996377
766,0.65996377
767,0.65996377
768,0.65996377
769,0.65996377
770,0.65996377
771,0.65996377
772,0.65996377
773,0.65996377
774,0.65996377
775,0.65996377
776,0.65996377
777,0.65996377
778,0.65996377
779,0.65996377
780,0.65996377
781,0.65996377
782,0.65996377
783,0.65996377
784,0.65996377
785,0.65996377
786,0.65996377
787,0.65996377
788,0.65996377
789,0.65996377
790,0.65996377
791,0.65996377
792,0.65996377
793,0.65996377
794,0.65996377
795,0.65996377
796,0.65996377
797,0.65996377
798,0.65996377
799,0.65996377
800,0.65996377
801,0.65996377
802,0.65996377
803,0.65996377
804,0.65996377
805,0.65996377
806,0.65996377
807,0.65996377
808,0.65996377
809,0.65996377
810,0.65996377
811,0.65996377
812,0.65996377
813,0.65996377
814,0.65996377
815,0.65996377
816,0.65996377
817,0.65996377
818,0.65996377
819,0.65996377
820,0.65996377
821,0.65996377
822,0.65996377
823,0.65996377
824,0.65996377
825,0.65996377
826,0.65996377
827,0.65996377
828,0.65996377
829,0.65996377
830,0.65996377
831,0.65996377
832,0.65996377
833,0.65996377
834,0.65996377
835,0.65996377
836,0.65996377
837,0.65996377
838,0.65996377
839,0.65996377
840,0.65996377
841,0.65996377
842,0.65996377
843,0.65996377
844,0.65996377
845,0.65996377
846,0.65996377
847,0.65996377
848,0.65996377
849,0.65996377
850,0.65996377
851,0.65996377
852,0.65996377
853,0.65996377
854,0.65996377
855,0.65996377
856,0.65996377
857,0.65996377
858,0.65996377
859,0.65996377
860,0.65996377
861,0.65996377
862,0.65996377
863,0.65996377
864,0.65996377
865,0.65996377
866,0.65996377
867,0.65996377
868,0.65996377
869,0.65996377
870,0.65996377
871,0.65996377
872,0.65996377
873,0.65996377
874,0.65996377
875,0.65996377
876,0.65996377
877,0.65996377
878,0.65996377
879,0.65996377
880,0.65996377
881,0.65996377
882,0.65996377
883,0.65996377
884,0.65996377
885,0.65996377
886,0.65996377
887,0.65996377
888,0.65996377
889,0.65996377
890,0.65996377
891,0.65996377
892,0.65996377
893,0.65996377
894,0.65996377
895,0.65996377
896,0.65996377
897,0.65996377
898,0.65996377
899,0.65996377
900,0.65996377
901,0.65996377
902,0.65996377
903,0.65996377
904,0.65996377
905,0.65996377
906,0.65996377
907,0.65996377
908,0.65996377
909,0.65996377
910,0.65996377
911,0.65996377
912,0.65996377
913,0.65996377
914,0.65996377
915,0.65996377
916,0.65996377
917,0.65996377
918,0.65996377
919,0.65996377
920,0.65996377
921,0.65996377
922,0.65996377
923,0.65996377
924,0.65996377
925,0.65996377
926,0.65996377
927,0.65996377
928,0.65996377
929,0.65996377
930,0.65996377
931,0.65996377
932,0.65996377
933,0.65996377
934,0.65996377
935,0.65996377
936,0.65996377
937,0.65996377
938,0.65996377
939,0.65996377
940,0.65996377
941,0.65996377
942,0.65996377
943,0.65996377
944,0.65996377
945,0.65996377
946,0.65996377
947,0.65996377
948,0.65996377
949,0.65996377
950,0.65996377
951,0.65996377
952,0.65996377
953,0.65996377
954,0.65996377
955,0.65996377
956,0.65996377
957,0.65996377
958,0.65996377
959,0.65996377
960,0.65996377
961,0.65996377
962,0.65996377
963,0.65996377
964,0.65996377
965,0.65996377
966,0.65996377
967,0.65996377
968,0.65996377
969,0.65996377
970,0.65996377
971,0.65996377
972,0.65996377
973,0.65996377
974,0.65996377
975,0.65996377
976,0.65996377
977,0.65996377
978,0.65996377
979,0.65996377
980,0.65996377
981,0.65996377
982,0.65996377
983,0.65996377
984,0.65996377
985,0.65996377
986,0.65996377
987,0.65996377
988,0.65996377
989,0.65996377
990,0.65996377
991,0.65996377
992,0.65996377
993,0.65996377
994,0.65996377
995,0.65996377
996,0.65996377
997,0.65996377
998,0.65996377
999,0.65996377
1000,0.65996377
1001,0.65996409
1002,0.65996409
1003,0.65996409
1004,0.65996409
1005,0.65996409
1006,0.65996409
1007,0.65996409
1008,0.65996409
1009,0.65996409
1010,0.65996409
1011,0.65996409
1012,0.65996409
1013,0.65996409
1014,0.65996409
1015,0.65996409
1016,0.65996409
1017,0.65996409
1018,0.65996409
1019,0.65996409
1020,0.65996409
1021,0.65996409
1022,0.65996409
1023,0.65996409
1024,0.65996409
1025,0.65996409
1026,0.65996409
1027,0.65996409
1028,0.65996409
1029,0.65996409
1030,0.65996409
1031,0.65996409
1032,0.65996409
1033,0.65996409
1034,0.65996409
1035,0.65996409
1036,0.65996409
1037,0.65996409
1038,0.65996409
1039,0.65996409
1040,0.65996409
1041,0.65996409
1042,0.65996409
1043,0.65996409
1044,0.65996409
1045,0.65996409
1046,0.65996409
1047,0.65996409
1048,0.65996409
1049,0.67559094
1050,0.67559094
1051,0.67559094
1052,0.67559094
1053,0.67559094
1054,0.67559094
1055,0.67559094
1056,0.67559094
1057,0.67559094
1058,0.67559094
1059,0.67559094
1060,0.67559094
1061,0.67559094
1062,0.67559094
1063,0.67549094
1064,0.67549094
1065,0.67549094
1066,0.67549094
1067,0.67549094
1068,0.67549094
1069,0.67549094
1070,0.67549094
1071,0.67549094
1072,0.67549094
1073,0.67549094
1074,0.67549094
1075,0.67549094
1076,0.67549094
1077,0.67549094
1078,0.67549094
1079,0.67549094
1080,0.67549094
1081,0.67549094
1082,0.67549094
1083,0.67549094
1084,0.67549094
1085,0.67549094
1086,0.67549094
1087,0.67549094
1088,0.67549094
1089,0.67549094
1090,0.67549094
1091,0.67549094
1092,0.67549094
1093,0.67549094
1094,0.67549094
1095,0.67549094
1096,0.67549094
1097,0.67549094
1098,0.67549094
1099,0.6753309
1100,0.6753309
1101,0.6753309
1102,0.6753309
1103,0.6753309
1104,0.6753309
1105,0.6753309
1106,0.6753309
1107,0.6753309
1108,0.6753309
1109,0.6753309
1110,0.6753309
1111,0.6753309
1112,0.6753309
1113,0.6753309
1114,0.6753309
1115,0.6753309
1116,0.6753309
1117,0.6753309
1118,0.6753309
1119,0.6753309
1120,0.6753309
1121,0.6753309
1122,0.6753309
1123,0.6753309
1124,0.6753309
1125,0.6753309
1126,0.6753309
1127,0.6753309
1128,0.6753309
1129,0.6753309
1130,0.6753309
1131,0.6753309
1132,0.6753309
1133,0.6753309
1134,0.6753309
1135,0.6753309
1136,0.6753309
1137,0.6753309
1138,0.6753309
1139,0.6753309
1140,0.6753309
1141,0.6753309
1142,0.6753309
1143,0.6753309
1144,0.6753309
1145,0.6753309
1146,0.6753309
1147,0.6753309
1148,0.6753309
1149,0.6753309
1150,0.6753309
1151,0.6753309
1152,0.6753309
1153,0.6753309
1154,0.6753309
1155,0.6753309
1156,0.6753309
1157,0.6753309
1158,0.6753309
1159,0.6753309
1160,0.6753309
1161,0.6753309
1162,0.6753309
1163,0.6753309
1164,0.6753309
1165,0.6753309
1166,0.6753309
1167,0.6753309
1168,0.6753309
1169,0.6753309
1170,0.6753309
1171,0.6753309
1172,0.6753309
1173,0.6753309
1174,0.6753309
1175,0.6753309
1176,0.6753309
1177,0.6753309
1178,0.6753309
1179,0.6753309
1180,0.6753309
1181,0.6753309
1182,0.6753309
1183,0.6753309
1184,0.6753309
1185,0.6753309
1186,0.6753309
1187,0.6753309
1188,0.6753309
1189,0.6753309
1190,0.6753309
1191,0.6753309
1192,0.6753309
1193,0.6753309
1194,0.6753309
1195,0.6753309
1196,0.6753309
1197,0.6753309
1198,0.6753309
1199,0.6753309
1200,0.6753309
1201,0.6753309
1202,0.6753309
1203,0.6753309
1204,0.6753309
1205,0.6753309
1206,0.6753309
1207,0.6753309
1208,0.6753309
1209,0.6753309
1210,0.6753309
1211,0.6753309
1212,0.6753309
1213,0.6753309
1214,0.6753309
1215,0.6753309
1216,0.6753309
1217,0.6753309
1218,0.6753309
1219,0.6753309
1220,0.6753309
1221,0.6753309
1222,0.6753309
1223,0.6753309
1224,0.6753309
1225,0.6753309
1226,0.6753309
1227,0.6753309
1228,0.6753309
1229,0.6753309
1230,0.6753309
1231,0.6753309
1232,0.6753309
1233,0.6753309
1234,0.6753309
1235,0.6753309
1236,0.6753309
1237,0.6753309
1238,0.6753309
1239,0.6753309
1240,0.6753309
1241,0.6753309
1242,0.6753309
1243,0.6753309
1244,0.6753309
1245,0.6753309
1246,0.6753309
1247,0.6753309
1248,0.6753309
1249,0.6753309
1250,0.6753309
1251,0.6753309
1252,0.6753309
1253,0.6753309
1254,0.6753309
1255,0.6753309
1256,0.6753309
1257,0.6753309
1258,0.6753309
1259,0.6753309
1260,0.6753309
1261,0.6753309
1262,0.6753309
1263,0.6753309
1264,0.6753309
1265,0.6753309
1266,0.6753309
1267,0.6753309
1268,0.6753309
1269,0.6753309
1270,0.6753309
1271,0.6753309
1272,0.6753309
1273,0.6753309
1274,0.6753309
1275,0.6753309
1276,0.6753309
1277,0.6753309
1278,0.6753309
1279,0.6753309
1280,0.6753309
1281,0.6753309
1282,0.6753309
1283,0.6753309
1284,0.6753309
1285,0.6753309
1286,0.6753309
1287,0.6753309
1288,0.6753309
1289,0.6753309
1290,0.6753309
1291,0.6753309
1292,0.6753309
1293,0.6753309
1294,0.6753309
1295,0.6753309
1296,0.6753309
1297,0.6753309
1298,0.6753309
1299,0.6753309
1300,0.6753309
1301,0.6753309
1302,0.6753309
1303,0.6753309
1304,0.67562095
1305,0.67562095
1306,0.67562095
1307,0.67562095
1308,0.67562095
1309,0.67562095
1310,0.67562095
1311,0.67562095
1312,0.67562095
1313,0.67562095
1314,0.67836812
1315,0.67836812
1316,0.67836812
1317,0.67848491
1318,0.67848491
1319,0.67848491
1320,0.67848491
1321,0.67848491
1322,0.67848491
1323,0.67848491
1324,0.67848491
1325,0.67848491
1326,0.67848491
1327,0.67848491
1328,0.67848491
1329,0.67848491
1330,0.67848491
1331,0.67848491
1332,0.67848491
1333,0.67848491
1334,0.67848491
1335,0.67848491
1336,0.67848491
1337,0.67848491
1338,0.67848491
1339,0.67848491
1340,0.67848491
1341,0.67848491
1342,0.67848491
1343,0.67848491
1344,0.67848491
1345,0.67848491
1346,0.67848491
1347,0.67848491
1348,0.67848491
1349,0.67848491
1350,0.67848491
1351,0.67848491
1352,0.67848491
1353,0.67848491
1354,0.67848491
1355,0.67848491
1356,0.67848491
1357,0.67848491
1358,0.67848491
1359,0.67848491
1360,0.67848491
1361,0.67848491
1362,0.67848491
1363,0.67848491
1364,0.67848491
1365,0.67848491
1366,0.67848491
1367,0.67848491
1368,0.67848491
1369,0.67848491
1370,0.67848491
1371,0.67848491
1372,0.67848491
1373,0.67848491
1374,0.67848491
1375,0.67848491
1376,0.67848491
1377,0.67848491
1378,0.67848491
1379,0.67848491
1380,0.67848491
1381,0.67848491
1382,0.67848491
1383,0.67848491
1384,0.67848491
1385,0.67848491
1386,0.67848491
1387,0.67848491
1388,0.67848491
1389,0.67848491
1390,0.67848491
1391,0.67848491
1392,0.67848491
1393,0.67848491
1394,0.67848491
1395,0.67848491
1396,0.67848491
1397,0.67848491
1398,0.67848491
1399,0.67848491
1400,0.68326533
1401,0.68326533
1402,0.68326533
1403,0.68326533
1404,0.68326533
1405,0.68326533
1406,0.68326533
1407,0.68326533
1408,0.68326533
1409,0.68326533
1410,0.68326533
1411,0.68326533
1412,0.68326533
1413,0.68326533
1414,0.68326533
1415,0.68326533
1416,0.68326533
1417,0.68326533
1418,0.68326533
1419,0.68326533
1420,0.68326533
1421,0.68326533
1422,0.68326533
1423,0.68326533
1424,0.68733845
1425,0.68733845
1426,0.68733845
1427,0.68733845
1428,0.68733845
1429,0.68733845
1430,0.68733845
1431,0.68733845
1432,0.68733845
1433,0.68733845
1434,0.68733845
1435,0.68733845
1436,0.68733845
1437,0.68733845
1438,0.68733845
1439,0.69773621
1440,0.69773621
1441,0.69773621
1442,0.69773621
1443,0.69773621
1444,0.69773621
1445,0.69773621
1446,0.69773621
1447,0.69773621
1448,0.69773621
1449,0.69773621
1450,0.69773621
1451,0.69773621
1452,0.69773621
1453,0.69773621
1454,0.69773621
1455,0.69773621
1456,0.69773621
1457,0.69773621
1458,0.7013509
1459,0.7013509
1460,0.67359554
1461,0.67359554
1462,0.67359554
1463,0.67359554
1464,0.67359554
1465,0.67359554
1466,0.67359554
1467,0.67359554
1468,0.67359554
1469,0.67359554
1470,0.67359554
1471,0.67359554
1472,0.67359554
1473,0.67359554
1474,0.67359554
1475,0.67359554
1476,0.67359554
1477,0.67359554
1478,0.67359554
1479,0.67359554
1480,0.67359554
1481,0.67359554
1482,0.67359554
1483,0.67359554
1484,0.67359554
1485,0.67359554
1486,0.70512661
1487,0.70512661
1488,0.70512661
1489,0.70512661
1490,0.70512661
1491,0.70512661
1492,0.70512661
1493,0.70512661
1494,0.70512661
1495,0.70512661
1496,0.70512661
1497,0.70512661
1498,0.70512661
1499,0.70512661
1500,0.70512661
1501,0.70512661
1502,0.70512661
1503,0.70512661
1504,0.70512661
1505,0.70512661
1506,0.70512661
1507,0.70512661
1508,0.70512661
1509,0.70512661
1510,0.70512661
1511,0.70512661
1512,0.70512661
1513,0.70512661
1514,0.70512661
1515,0.70512661
1516,0.70512661
1517,0.70512661
1518,0.70512661
1519,0.70804698
1520,0.70804698
1521,0.70804698
1522,0.70804698
1523,0.70804698
1524,0.70804698
1525,0.70804698
1526,0.70804698
1527,0.70804698
1528,0.70804698
1529,0.70804698
1530,0.70804698
1531,0.70804698
1532,0.70804698
1533,0.70804698
1534,0.70804698
1535,0.70804698
1536,0.70804698
1537,0.70804698
1538,0.70804698
1539,0.70804698
1540,0.70804698
1541,0.70804698
1542,0.68295586
1543,0.68295586
1544,0.68295586
1545,0.68295586
1546,0.68295586
1547,0.68295586
1548,0.68295586
1549,0.68295586
1550,0.68295586
1551,0.68295586
1552,0.68295586
1553,0.68295586
1554,0.68295586
1555,0.68295586
1556,0.68295586
1557,0.68295586
1558,0.68295586
1559,0.68295586
1560,0.68295586
1561,0.68295586
1562,0.68295586
1563,0.71844592
1564,0.71844592
1565,0.71844592
1566,0.71844592
1567,0.71844592
1568,0.71844592
1569,0.71844592
1570,0.71844592
1571,0.71844592
1572,0.71844592
1573,0.71844592
1574,0.71844592
1575,0.71844592
1576,0.71844592
1577,0.71844592
1578,0.71844592
1579,0.71844592
1580,0.71844592
1581,0.71844592
1582,0.71844592
1583,0.71844592
1584,0.71844592
1585,0.71844592
1586,0.71844592
1587,0.71844592
1588,0.71844592
1589,0.71844592
1590,0.71844592
1591,0.71844592
1592,0.71844592
1593,0.71844592
1594,0.71844592
1595,0.71844592
1596,0.71844592
1597,0.71844592
1598,0.71844592
1599,0.71844592
1600,0.71844592
1601,0.71844592
1602,0.71844592
1603,0.71844592
1604,0.71844592
1605,0.71844592
1606,0.71844592
1607,0.71844592
1608,0.71844592
1609,0.71844592
1610,0.71844592
1611,0.71844592
1612,0.71844592
1613,0.71844592
1614,0.71844592
1615,0.71844592
1616,0.71844592
1617,0.71844592
1618,0.71844592
1619,0.71844592
1620,0.71844592
1621,0.71844592
1622,0.71844592
1623,0.71844592
1624,0.71844592
1625,0.71844592
1626,0.71844592
1627,0.71844592
1628,0.71844592
1629,0.71844592
1630,0.71844592
1631,0.71844592
1632,0.71844592
1633,0.71844592
1634,0.71844592
1635,0.71844592
1636,0.71844592
1637,0.71844592
1638,0.71844592
1639,0.71844592
1640,0.71844592
1641,0.71844592
1642,0.71844592
1643,0.71844592
1644,0.71844592
1645,0.71844592
1646,0.71844592
1647,0.71844592
1648,0.71844592
1649,0.71844592
1650,0.71844592
1651,0.71844592
1652,0.71844592
1653,0.71844592
1654,0.71844592
1655,0.71844592
1656,0.71844592
1657,0.71844592
1658,0.71844592
1659,0.71844592
1660,0.71844592
1661,0.71844592
1662,0.71844592
1663,0.71844592
1664,0.71844592
1665,0.71844592
1666,0.71844592
1667,0.71844592
1668,0.71844592
1669,0.71844592
1670,0.71844592
1671,0.71844592
1672,0.71844592
1673,0.71844592
1674,0.71844592
1675,0.71844592
1676,0.71844592
1677,0.71844592
1678,0.71844592
1679,0.71844592
1680,0.71844592
1681,0.71844592
1682,0.71844592
1683,0.71844592
1684,0.71844592
1685,0.69495437
1686,0.69495437
1687,0.69495437
1688,0.69495437
1689,0.69495437
1690,0.73372745
1691,0.73372745
1692,0.73372745
1693,0.73372745
1694,0.73372745
1695,0.73372745
1696,0.73372745
1697,0.73372745
1698,0.73372745
1699,0.73372745
1700,0.73372745
1701,0.73372745
1702,0.73372745
1703,0.73372745
1704,0.73372745
1705,0.73372745
1706,0.73372745
1707,0.73372745
1708,0.73372745
1709,0.73372745
1710,0.73372745
1711,0.73372745
1712,0.73372745
1713,0.73372745
1714,0.73372745
1715,0.73372745
1716,0.73372745
1717,0.73372745
1718,0.73372745
1719,0.73372745
1720,0.73372745
1721,0.73372745
1722,0.73372745
1723,0.73372745
1724,0.73372745
1725,0.73372745
1726,0.73372745
1727,0.73372745
1728,0.73372745
1729,0.73372745
1730,0.73372745
1731,0.73372745
1732,0.73372745
1733,0.73372745
1734,0.73372745
1735,0.73372745
1736,0.73372745
1737,0.73372745
1738,0.73372745
1739,0.73372745
1740,0.73372745
1741,0.73372745
1742,0.73372745
1743,0.73372745
1744,0.73372745
1745,0.73372745
1746,0.73372745
1747,0.73372745
1748,0.73372745
1749,0.73372745
1750,0.73372745
1751,0.73372745
1752,0.73372745
1753,0.73372745
1754,0.73344725
1755,0.73344725
1756,0.73344725
1757,0.73344725
1758,0.73344725
1759,0.73344725
1760,0.73344725
1761,0.73344725
1762,0.73344725
1763,0.73344725
1764,0.73344725
1765,0.73344725
1766,0.73344725
1767,0.73344725
1768,0.73344725
1769,0.73344725
1770,0.73344725
1771,0.73344725
1772,0.73344725
1773,0.73344725
1774,0.73344725
1775,0.73344725
1776,0.73344725
1777,0.73344725
1778,0.73344725
1779,0.73344725
1780,0.73344725
1781,0.73344725
1782,0.73344725
1783,0.73344725
1784,0.73344725
1785,0.73344725
1786,0.73344725
1787,0.73344725
1788,0.73344725
1789,0.73344725
1790,0.73344725
1791,0.73344725
1792,0.73344725
1793,0.73344725
1794,0.73344725
1795,0.73344725
1796,0.73344725
1797,0.73344725
1798,0.73344725
1799,0.73344725
1800,0.73344725
1801,0.73344725
1802,0.73344725
1803,0.73344725
1804,0.73344725
1805,0.73344725
1806,0.73344725
1807,0.73344725
1808,0.73344725
1809,0.73344725
1810,0.73344725
1811,0.73344725
1812,0.73344725
1813,0.73344725
1814,0.73344725
1815,0.73344725
1816,0.73344725
1817,0.73344725
1818,0.73344725
1819,0.73344725
1820,0.73344725
1821,0.73344725
1822,0.73344725
1823,0.73344725
1824,0.73344725
1825,0.73344725
1826,0.73344725
1827,0.73344725
1828,0.73344725
1829,0.73344725
1830,0.73344725
1831,0.73344725
1832,0.73344725
1833,0.73344725
1834,0.73344725
1835,0.73344725
1836,0.73344725
1837,0.73344725
1838,0.73344725
1839,0.73344725
1840,0.73344725
1841,0.73344725
1842,0.73344725
1843,0.73344725
1844,0.73344725
1845,0.73344725
1846,0.73344725
1847,0.73344725
1848,0.73344725
1849,0.73344725
1850,0.73344725
1851,0.73344725
1852,0.73344725
1853,0.73344725
1854,0.73344725
1855,0.73344725
1856,0.73344725
1857,0.73344725
1858,0.73344725
1859,0.73344725
1860,0.73344725
1861,0.73344725
1862,0.73344725
1863,0.73344725
1864,0.73344725
1865,0.73344725
1866,0.73344725
1867,0.73344725
1868,0.73344725
1869,0.73344725
1870,0.73344725
1871,0.73344725
1872,0.73344725
1873,0.73344725
1874,0.73344725
1875,0.73344725
1876,0.73344725
1877,0.73344725
1878,0.73344725
1879,0.73344725
1880,0.73344725
1881,0.73344725
1882,0.73344725
1883,0.73344725
1884,0.73344725
1885,0.73344725
1886,0.73344725
1887,0.73344725
1888,0.73344725
1889,0.73344725
1890,0.73344725
1891,0.73344725
1892,0.73344725
1893,0.73344725
1894,0.73344725
1895,0.73344725
1896,0.73344725
1897,0.73344725
1898,0.73344725
1899,0.73344725
1900,0.73344725
1901,0.73344725
1902,0.73344725
1903,0.73344725
1904,0.73344725
1905,0.73344725
1906,0.73344725
1907,0.73344725
1908,0.73344725
1909,0.73344725
1910,0.73344725
1911,0.73344725
1912,0.73344725
1913,0.73344725
1914,0.73344725
1915,0.73344725
1916,0.73344725
1917,0.73344725
1918,0.73344725
1919,0.73344725
1920,0.73344725
1921,0.73344725
1922,0.73344725
1923,0.73344725
1924,0.73344725
1925,0.73344725
1926,0.73344725
1927,0.73344725
1928,0.73344725
1929,0.73344725
1930,0.73344725
1931,0.73344725
1932,0.73344725
1933,0.73344725
1934,0.69954249
1935,0.69954249
1936,0.69954249
1937,0.69954249
1938,0.69954249
1939,0.69954249
1940,0.69954249
1941,0.69954249
1942,0.69954249
1943,0.69954249
1944,0.69954249
1945,0.69954249
1946,0.69954249
1947,0.69954249
1948,0.69954249
1949,0.69954249
1950,0.69954249
1951,0.69954249
1952,0.69954249
1953,0.69954249
1954,0.69954249
1955,0.69954249
1956,0.69954249
1957,0.69954249
1958,0.69954249
1959,0.69954249
1960,0.69954249
1961,0.69954249
1962,0.699542
1963,0.699542
1964,0.699542
1965,0.699542
1966,0.699542
1967,0.699542
1968,0.699542
1969,0.699542
1970,0.699542
1971,0.699542
1972,0.699542
1973,0.699542
1974,0.699542
1975,0.699542
1976,0.699542
1977,0.699542
1978,0.699542
1979,0.699542
1980,0.699542
1981,0.699542
1982,0.699542
1983,0.699542
1984,0.699542
1985,0.699542
1986,0.699542
1987,0.699542
1988,0.699542
1989,0.699542
1990,0.699542
1991,0.699542
1992,0.699542
1993,0.69495014
1994,0.69495014
1995,0.69495
1996,0.69495
1997,0.69495
1998,0.69495
1999,0.69495
2000,0.69495
2001,0.69495
2002,0.69495
2003,0.69495
2004,0.69495
2005,0.71846713
2006,0.71846713
2007,0.71846713
2008,0.71846713
2009,0.71846713
2010,0.71846713
2011,0.71846713
2012,0.71846713
2013,0.71846713
2014,0.71846713
2015,0.71846713
2016,0.71846713
2017,0.71846713
2018,0.71846713
2019,0.71846713
2020,0.71846713
2021,0.71846713
2022,0.71846713
2023,0.71846713
2024,0.71846713
2025,0.71846713
2026,0.71846713
2027,0.71846713
2028,0.71846713
2029,0.71846713
2030,0.71846713
2031,0.71846713
2032,0.71846713
2033,0.71846713
2034,0.71846713
2035,0.71846713
2036,0.71846713
2037,0.71846713
2038,0.71846713
2039,0.71846713
2040,0.71846713
2041,0.71846713
2042,0.71846713
2043,0.71846713
2044,0.71846713
2045,0.71846713
2046,0.71846713
2047,0.71846713
2048,0.71846713
2049,0.71846713
2050,0.71846713
2051,0.71846713
2052,0.71846713
2053,0.71846713
2054,0.71846713
2055,0.71846713
2056,0.71846713
2057,0.71846713
2058,0.71846713
2059,0.71846713
2060,0.71846713
2061,0.71846713
2062,0.71846713
2063,0.71846713
2064,0.71846713
2065,0.71846713
2066,0.71846713
2067,0.71846713
2068,0.71846713
2069,0.71846713
2070,0.71846713
2071,0.71846713
2072,0.71846713
2073,0.71846713
2074,0.71846713
2075,0.71846713
2076,0.71846713
2077,0.71846713
2078,0.71846713
2079,0.71846713
2080,0.71846713
2081,0.71846713
2082,0.71846713
2083,0.71846713
2084,0.71846713
2085,0.71846713
2086,0.71846713
2087,0.71846713
2088,0.71846713
2089,0.71846713
2090,0.71846713
2091,0.71846713
2092,0.71846713
2093,0.71846713
2094,0.71846713
2095,0.71846713
2096,0.71846713
2097,0.71846713
2098,0.71846713
2099,0.71846713
2100,0.71846713
2101,0.71846713
2102,0.71846713
2103,0.71846713
2104,0.71846713
2105,0.71846713
2106,0.71846713
2107,0.71846713
2108,0.71846713
2109,0.71846713
2110,0.71846713
2111,0.71846713
2112,0.71846713
2113,0.71846713
2114,0.71846713
2115,0.71846713
2116,0.71846713
2117,0.71846713
2118,0.71846713
2119,0.71846713
2120,0.71846713
2121,0.71846713
2122,0.71846713
2123,0.71846713
2124,0.71846713
2125,0.71846713
2126,0.71846713
2127,0.71846713
2128,0.71846713
2129,0.71846713
2130,0.71846713
2131,0.71846713
2132,0.71846713
2133,0.71846713
2134,0.71846713
2135,0.71846713
2136,0.71846713
2137,0.71846713
2138,0.71846713
2139,0.71846713
2140,0.71846713
2141,0.71846713
2142,0.71846713
2143,0.71846713
2144,0.71846713
2145,0.71846713
2146,0.71846713
2147,0.71846713
2148,0.71846713
2149,0.71846713
2150,0.71846713
2151,0.71846713
2152,0.71846713
2153,0.71846713
2154,0.71846713
2155,0.71846713
2156,0.71846713
2157,0.71846713
2158,0.71846713
2159,0.71846713
2160,0.71846713
2161,0.71846713
2162,0.71846713
2163,0.71846713
2164,0.71846713
2165,0.71846713
2166,0.71846713
2167,0.71846713
2168,0.71846713
2169,0.71846713
2170,0.71846713
2171,0.71846713
2172,0.71846713
2173,0.71846713
2174,0.71846713
2175,0.71846713
2176,0.71846713
2177,0.71846713
2178,0.71846713
2179,0.71846713
2180,0.71846713
2181,0.71846713
2182,0.71846713
2183,0.71846713
2184,0.71846713
2185,0.71846713
2186,0.71846713
2187,0.71846713
2188,0.71846713
2189,0.71846713
2190,0.71846713
2191,0.71846713
2192,0.71846713
2193,0.71846713
2194,0.71846713
2195,0.71846713
2196,0.71846713
2197,0.71846713
2198,0.71846713
2199,0.71846713
2200,0.71846713
2201,0.71846713
2202,0.71846713
2203,0.71846713
2204,0.71846713
2205,0.71846713
2206,0.71846713
2207,0.71846713
2208,0.71846713
2209,0.71846713
2210,0.71846713
2211,0.71846713
2212,0.71846713
2213,0.71846713
2214,0.71846713
2215,0.71846713
2216,0.71846713
2217,0.71846713
2218,0.71846713
2219,0.71846713
2220,0.71846713
2221,0.71846713
2222,0.71846713
2223,0.71846713
2224,0.71846713
2225,0.71846713
2226,0.71846713
2227,0.71846713
2228,0.71846713
2229,0.71846713
2230,0.71846713
2231,0.71846713
2232,0.71846713
2233,0.71846713
2234,0.71846713
2235,0.71846713
2236,0.71846713
2237,0.71846713
2238,0.71846713
2239,0.71846713
2240,0.71846713
2241,0.71846713
2242,0.71846713
2243,0.71846713
2244,0.71846713
2245,0.71846713
2246,0.71846713
2247,0.71846713
2248,0.71846713
2249,0.71846713
2250,0.71846713
2251,0.71846713
2252,0.71846713
2253,0.71846713
2254,0.71846713
2255,0.71846713
2256,0.71846713
2257,0.71846713
2258,0.71846713
2259,0.71846713
2260,0.71846713
2261,0.71846713
2262,0.71846713
2263,0.71846713
2264,0.71846713
2265,0.71846713
2266,0.71846713
2267,0.71846713
2268,0.71846713
2269,0.71846713
2270,0.71846713
2271,0.71846713
2272,0.71846713
2273,0.71846713
2274,0.71846713
2275,0.71846713
2276,0.71846713
2277,0.71846713
2278,0.71846713
2279,0.71846713
2280,0.71846713
2281,0.71846713
2282,0.71846713
2283,0.71846713
2284,0.71846713
2285,0.71846713
2286,0.71846713
2287,0.71846713
2288,0.71846713
2289,0.71846713
2290,0.71846713
2291,0.71846713
2292,0.71846713
2293,0.71846713
2294,0.71846713
2295,0.71846713
2296,0.71846713
2297,0.71846713
2298,0.71846713
2299,0.71846713
2300,0.71846713
2301,0.71846713
2302,0.71846713
2303,0.71846713
2304,0.71846713
2305,0.71846713
2306,0.71846713
2307,0.71846713
2308,0.71846713
2309,0.71846713
2310,0.71846713
2311,0.71846713
2312,0.71846713
2313,0.71846713
2314,0.71846713
2315,0.71846713
2316,0.71846713
2317,0.71846713
2318,0.71846713
2319,0.71846713
2320,0.71846713
2321,0.71846713
2322,0.71846713
2323,0.71846713
2324,0.71846713
2325,0.71846713
2326,0.71846713
2327,0.71846713
2328,0.71846713
2329,0.71846713
2330,0.71846713
2331,0.71846713
2332,0.71846713
2333,0.71846713
2334,0.71846713
2335,0.71846713
2336,0.71846713
2337,0.71846713
2338,0.71846713
2339,0.71846713
2340,0.71846713
2341,0.71846713
2342,0.71846713
2343,0.71846713
2344,0.71846713
2345,0.71846713
2346,0.71846713
2347,0.71846713
2348,0.71846713
2349,0.71846713
2350,0.71846713
2351,0.71846713
2352,0.71846713
2353,0.71846713
2354,0.71846713
2355,0.71846713
2356,0.71846713
2357,0.71846713
2358,0.71846713
2359,0.71846713
2360,0.71846713
2361,0.71846713
2362,0.71846713
2363,0.71846713
2364,0.71846713
2365,0.71846713
2366,0.71846713
2367,0.71846713
2368,0.71846713
2369,0.71846713
2370,0.71846713
2371,0.71846713
2372,0.71846713
2373,0.71846713
2374,0.71846713
2375,0.71846713
2376,0.71846713
2377,0.71846713
2378,0.71846713
2379,0.71846713
2380,0.71846713
2381,0.71846713
2382,0.71846713
2383,0.71846713
2384,0.71846713
2385,0.71846713
2386,0.71846713
2387,0.71846713
2388,0.71846713
2389,0.71846713
2390,0.71846713
2391,0.71846713
2392,0.71846713
2393,0.71846713
2394,0.71846713
2395,0.71846713
2396,0.71846713
2397,0.71846713
2398,0.71846713
2399,0.71846713
2400,0.71846713
2401,0.71846713
2402,0.71846713
2403,0.71846713
2404,0.71846713
2405,0.71846713
2406,0.71846713
2407,0.71846713
2408,0.71846713
2409,0.71846713
2410,0.71846713
2411,0.71846713
2412,0.71846713
2413,0.71846713
2414,0.71846713
2415,0.71846713
2416,0.71846713
2417,0.71846713
2418,0.71846713
2419,0.71846713
2420,0.71846713
2421,0.71846713
2422,0.71846713
2423,0.71846713
2424,0.71846713
2425,0.71846713
2426,0.71846713
2427,0.71846713
2428,0.71846713
2429,0.71846713
2430,0.71846713
2431,0.71846713
2432,0.71846713
2433,0.71846713
2434,0.71846713
2435,0.71846713
2436,0.71846713
2437,0.71846713
2438,0.71846713
2439,0.71846713
2440,0.71846713
2441,0.71846713
2442,0.71846713
2443,0.71846713
2444,0.71846713
2445,0.71846713
2446,0.71846713
2447,0.71846713
2448,0.71846713
2449,0.71846713
2450,0.71846713
2451,0.71846713
2452,0.71846713
2453,0.71846713
2454,0.71846713
2455,0.71846713
2456,0.71846713
2457,0.71846713
2458,0.71846713
2459,0.71846713
2460,0.71846713
2461,0.71846713
2462,0.71846713
2463,0.71846713
2464,0.71846713
2465,0.71846713
2466,0.71846713
2467,0.71846713
2468,0.71846713
2469,0.71846713
2470,0.71846713
2471,0.71846713
2472,0.71846713
2473,0.71846713
2474,0.71846713
2475,0.71846713
2476,0.71846713
2477,0.71846713
2478,0.71846713
2479,0.71846713
2480,0.71846713
2481,0.71846713
2482,0.71846713
2483,0.71846713
2484,0.71846713
2485,0.71846713
2486,0.71846713
2487,0.71846713
2488,0.71846713
2489,0.71846713
2490,0.71846713
2491,0.71846713
2492,0.71846713
2493,0.71846713
2494,0.71846713
2495,0.71846713
2496,0.71846713
2497,0.71846713
2498,0.71846713
2499,0.71846713
2500,0.71846713
2501,0.71846713
2502,0.71846713
2503,0.71846713
2504,0.71846713
2505,0.71846713
2506,0.71846713
2507,0.71846713
2508,0.71846713
2509,0.71846713
2510,0.71846713
2511,0.71846713
2512,0.71846713
2513,0.71846713
2514,0.71846713
2515,0.71846713
2516,0.71846713
2517,0.71846713
2518,0.71846713
2519,0.71846713
2520,0.71846713
2521,0.71846713
2522,0.71846713
2523,0.71846713
2524,0.71846713
2525,0.71846713
2526,0.71846713
2527,0.71846713
2528,0.71846713
2529,0.71846713
2530,0.71846713
2531,0.71846713
2532,0.71846713
2533,0.71846713
2534,0.71846713
2535,0.71846713
2536,0.71846713
2537,0.71846713
2538,0.71846713
2539,0.71846713
2540,0.71846713
2541,0.71846713
2542,0.71846713
2543,0.71846713
2544,0.71846713
2545,0.71846713
2546,0.71846713
2547,0.71846713
2548,0.71846713
2549,0.71846713
2550,0.71846713
2551,0.71846713
2552,0.71846713
2553,0.71846713
2554,0.71846713
2555,0.71846713
2556,0.71846713
2557,0.71846713
2558,0.71846713
2559,0.71846713
2560,0.71846713
2561,0.71846713
2562,0.71846713
2563,0.71846713
2564,0.71846713
2565,0.71846713
2566,0.71846713
2567,0.71846713
2568,0.71846713
2569,0.71846713
2570,0.71846713
2571,0.71846713
2572,0.71846713
2573,0.71846713
2574,0.71846713
2575,0.71846713
2576,0.71846713
2577,0.71846713
2578,0.71846713
2579,0.71846713
2580,0.71846713
2581,0.71846713
2582,0.71846713
2583,0.71846713
2584,0.71846713
2585,0.71846713
2586,0.71846713
2587,0.71846713
2588,0.71846713
2589,0.71846713
2590,0.71846713
2591,0.71846713
2592,0.71846713
2593,0.71846713
2594,0.71846713
2595,0.71846713
2596,0.71846713
2597,0.71846713
2598,0.71846713
2599,0.71846713
2600,0.71846713
2601,0.71846713
2602,0.71846713
2603,0.71846713
2604,0.71846713
2605,0.71846713
2606,0.71846713
2607,0.71846713
2608,0.71846713
2609,0.71846713
2610,0.71846713
2611,0.71846713
2612,0.71846713
2613,0.71846713
2614,0.71846713
2615,0.71846713
2616,0.71846713
2617,0.71846713
2618,0.71846713
2619,0.71846713
2620,0.71846713
2621,0.71846713
2622,0.71846713
2623,0.71846713
2624,0.71846713
2625,0.71846713
2626,0.71846713
2627,0.71846713
2628,0.71846713
2629,0.71846713
2630,0.71846713
2631,0.71846713
2632,0.71846713
2633,0.71846713
2634,0.71846713
2635,0.71846713
2636,0.71846713
2637,0.71846713
2638,0.71846713
2639,0.71846713
2640,0.71846713
2641,0.71846713
2642,0.71846713
2643,0.71846713
2644,0.71846713
2645,0.71846713
2646,0.71846713
2647,0.71846713
2648,0.71846713
2649,0.71846713
2650,0.71846713
2651,0.71846713
2652,0.71846713
2653,0.71846713
2654,0.71846713
2655,0.71846713
2656,0.71846713
2657,0.71846713
2658,0.71846713
2659,0.71846713
2660,0.71846713
2661,0.71846713
2662,0.71846713
2663,0.71846713
2664,0.71846713
2665,0.71846713
2666,0.71846713
2667,0.71846713
2668,0.71846713
2669,0.71846713
2670,0.71846713
2671,0.71846713
2672,0.71846713
2673,0.71846713
2674,0.71846713
2675,0.71846713
2676,0.71846713
2677,0.71846713
2678,0.71846713
2679,0.71846713
2680,0.71846713
2681,0.71846713
2682,0.71846713
2683,0.71846713
2684,0.71846713
2685,0.71846713
2686,0.71846713
2687,0.71846713
2688,0.71846713
2689,0.71846713
2690,0.71846713
2691,0.71846713
2692,0.71846713
2693,0.71846713
2694,0.71846713
2695,0.71846713
2696,0.71846713
2697,0.71846713
2698,0.71846713
2699,0.71846713
2700,0.71846713
2701,0.71846713
2702,0.71846713
2703,0.71846713
2704,0.71846713
2705,0.71846713
2706,0.71846713
2707,0.71846713
2708,0.71846713
2709,0.71846713
2710,0.71846713
2711,0.71846713
2712,0.71846713
2713,0.71846713
2714,0.71846713
2715,0.71846713
2716,0.71846713
2717,0.71846713
2718,0.71846713
2719,0.71846713
2720,0.71846713
2721,0.71846713
2722,0.71846713
2723,0.71846713
2724,0.71846713
2725,0.71846713
2726,0.71846713
2727,0.71846713
2728,0.71846713
2729,0.71846713
2730,0.71846713
2731,0.71846713
2732,0.71846713
2733,0.71846713
2734,0.71846713
2735,0.71846713
2736,0.71846713
2737,0.71846713
2738,0.71846713
2739,0.71846713
2740,0.71846713
2741,0.71846713
2742,0.71846713
2743,0.71846713
2744,0.71846713
2745,0.71846713
2746,0.71846713
2747,0.71846713
2748,0.71846713
2749,0.71846713
2750,0.71846713
2751,0.71846713
2752,0.71846713
2753,0.71846713
2754,0.71846713
2755,0.71846713
2756,0.71846713
2757,0.71846713
2758,0.71846713
2759,0.71846713
2760,0.71846713
2761,0.71846713
2762,0.71846713
2763,0.71846713
2764,0.71846713
2765,0.71846713
2766,0.71846713
2767,0.71846713
2768,0.71846713
2769,0.71846713
2770,0.71846713
2771,0.71846713
2772,0.71846713
2773,0.71846713
2774,0.71846713
2775,0.71846713
2776,0.71846713
2777,0.71846713
2778,0.71846713
2779,0.71846713
2780,0.71846713
2781,0.71846713
2782,0.71846713
2783,0.71846713
2784,0.71846713
2785,0.71846713
2786,0.71846713
2787,0.71846713
2788,0.71846713
2789,0.71846713
2790,0.71846713
2791,0.71846713
2792,0.71846713
2793,0.71846713
2794,0.71846713
2795,0.71846713
2796,0.71846713
2797,0.71846713
2798,0.71846713
2799,0.71846713
2800,0.71846713
2801,0.71846713
2802,0.71846713
2803,0.71846713
2804,0.71846713
2805,0.71846713
2806,0.71846713
2807,0.71846713
2808,0.71846713
2809,0.71846713
2810,0.71846713
2811,0.71846713
2812,0.71846713
2813,0.71846713
2814,0.71846713
2815,0.71846713
2816,0.71846713
2817,0.71846713
2818,0.71846713
2819,0.71846713
2820,0.71846713
2821,0.71846713
2822,0.71846713
2823,0.71846713
2824,0.71846713
2825,0.71846713
2826,0.71846713
2827,0.71846713
2828,0.71846713
2829,0.71846713
2830,0.71846713
2831,0.71846713
2832,0.71846713
2833,0.71846713
2834,0.71846713
2835,0.71846713
2836,0.71846713
2837,0.71846713
2838,0.72683299
2839,0.72683299
2840,0.72683299
2841,0.72683299
2842,0.72683299
2843,0.72683299
2844,0.72683299
2845,0.72683299
2846,0.72683299
2847,0.72683299
2848,0.72683299
2849,0.72683299
2850,0.72683299
2851,0.72683299
2852,0.72683299
2853,0.72683299
2854,0.72683299
2855,0.69693633
2856,0.69693633
2857,0.69693633
2858,0.69693633
2859,0.69693633
2860,0.69693633
2861,0.69693633
2862,0.69693633
2863,0.69693633
2864,0.69693633
2865,0.69693633
2866,0.69693633
2867,0.69693633
2868,0.69693633
2869,0.69693633
2870,0.69693633
2871,0.69693633
2872,0.69693633
2873,0.69693633
2874,0.69693633
2875,0.69693633
2876,0.69693633
2877,0.69693633
2878,0.69693633
2879,0.69693633
2880,0.69693633
2881,0.69693633
2882,0.69693633
2883,0.69693633
2884,0.69693633
2885,0.69693633
2886,0.69693633
2887,0.69693633
2888,0.69693633
2889,0.69693633
2890,0.69693633
2891,0.69693633
2892,0.69693633
2893,0.69693633
2894,0.69693633
2895,0.69693633
2896,0.69693633
2897,0.69693633
2898,0.69693633
2899,0.69693633
2900,0.69693633
2901,0.69693633
2902,0.69693633
2903,0.69693633
2904,0.69693633
2905,0.69693633
2906,0.69693633
2907,0.69693633
2908,0.69693633
2909,0.69693633
2910,0.69693633
2911,0.69693633
2912,0.69693633
2913,0.69693633
2914,0.69693633
2915,0.69693633
2916,0.69693633
2917,0.69693633
2918,0.69693633
2919,0.69693633
2920,0.69693633
2921,0.69693633
2922,0.69693633
2923,0.69693633
2924,0.69693633
2925,0.69693633
2926,0.69693633
2927,0.69693633
2928,0.69693633
2929,0.69693633
2930,0.69693633
2931,0.69693633
2932,0.69693633
2933,0.69693633
2934,0.69693633
2935,0.69693633
2936,0.69693633
2937,0.69150345
2938,0.69150345
2939,0.69150345
2940,0.69150345
2941,0.69149344
2942,0.69149344
2943,0.69149344
2944,0.69149344
2945,0.69149344
2946,0.69149344
2947,0.69149344
2948,0.69149344
2949,0.69149344
2950,0.69149344
2951,0.69149344
2952,0.69149344
2953,0.69149344
2954,0.69149344
2955,0.69149344
2956,0.69149344
2957,0.69149344
2958,0.69149344
2959,0.69149344
2960,0.69149344
2961,0.69149344
2962,0.69149344
2963,0.69149344
2964,0.69149344
2965,0.69149344
2966,0.69149344
2967,0.69149344
2968,0.69149344
2969,0.69149344
2970,0.69149344
2971,0.69149344
2972,0.69149344
2973,0.69149344
2974,0.69149344
2975,0.69149344
2976,0.69149344
2977,0.69149344
2978,0.69149344
2979,0.69149344
2980,0.69149344
2981,0.69149344
2982,0.69149344
2983,0.69149344
2984,0.69149344
2985,0.69149344
2986,0.69149344
2987,0.69149344
2988,0.69149344
2989,0.69149344
2990,0.69149344
2991,0.69149344
2992,0.69149344
2993,0.69149344
2994,0.69149344
2995,0.69149344
2996,0.69149344
2997,0.69149344
2998,0.69149344
2999,0.69149344
3000,0.69149344
3001,0.69149344
3002,0.69149344
3003,0.69149344
3004,0.69149344
3005,0.69149344
3006,0.69149344
3007,0.69149344
3008,0.69149344
3009,0.69149344
3010,0.69149344
3011,0.69149344
3012,0.69149344
3013,0.69149344
3014,0.69149344
3015,0.69149344
3016,0.69149344
3017,0.69149344
3018,0.69149344
3019,0.69149344
3020,0.69149344
3021,0.69149344
3022,0.69149344
3023,0.69149344
3024,0.69149344
3025,0.69149344
3026,0.69149344
3027,0.69149344
3028,0.69149344
3029,0.69149344
3030,0.69149344
3031,0.69149344
3032,0.69149344
3033,0.69149344
3034,0.69149344
3035,0.69149344
3036,0.69149344
3037,0.69149344
3038,0.69149344
3039,0.69149344
3040,0.69149344
3041,0.69149344
3042,0.69149344
3043,0.69149344
3044,0.69149344
3045,0.69149344
3046,0.69149344
3047,0.69149344
3048,0.69149344
3049,0.69149344
3050,0.69149344
3051,0.69149344
3052,0.69149344
3053,0.69149344
3054,0.69149344
3055,0.69149344
3056,0.69149344
3057,0.69149344
3058,0.69149344
3059,0.69149344
3060,0.69149344
3061,0.69149344
3062,0.69149344
3063,0.69149344
3064,0.69149344
3065,0.69149344
3066,0.69149344
3067,0.69149344
3068,0.69149344
3069,0.69149344
3070,0.69149344
3071,0.69149344
3072,0.69149344
3073,0.69149344
3074,0.69149344
3075,0.69149344
3076,0.69149344
3077,0.69149344
3078,0.69149344
3079,0.69149344
3080,0.69149344
3081,0.69149344
3082,0.69149344
3083,0.69149344
3084,0.69149344
3085,0.69149344
3086,0.69149344
3087,0.69149344
3088,0.69149344
3089,0.69149344
3090,0.69149344
3091,0.69149344
3092,0.69149344
3093,0.69149344
3094,0.69149344
3095,0.69149344
3096,0.69149344
3097,0.69149344
3098,0.69149344
3099,0.69149344
3100,0.69149344
3101,0.69149344
3102,0.69149344
3103,0.69149344
3104,0.69149344
3105,0.69149344
3106,0.69149344
3107,0.69149344
3108,0.69149344
3109,0.69149344
3110,0.69149344
3111,0.69149344
3112,0.69149344
3113,0.69149344
3114,0.69149344
3115,0.69149344
3116,0.69149344
3117,0.69149344
3118,0.69149344
3119,0.69149344
3120,0.69149344
3121,0.69149344
3122,0.69149344
3123,0.69149344
3124,0.69149344
3125,0.69149344
3126,0.69149344
3127,0.69149344
3128,0.69149344
3129,0.69149344
3130,0.69149344
3131,0.69149344
3132,0.69149344
3133,0.69149344
3134,0.69149344
3135,0.69149344
3136,0.69149344
3137,0.69149344
3138,0.69149344
3139,0.69149344
3140,0.69149344
3141,0.69149344
3142,0.69149344
3143,0.69149344
3144,0.69149344
3145,0.69149344
3146,0.69149344
3147,0.69149344
3148,0.69149344
3149,0.69149344
3150,0.69149344
3151,0.69149344
3152,0.69149344
3153,0.69149344
3154,0.69149344
3155,0.69149344
3156,0.69149344
3157,0.69149344
3158,0.69149344
3159,0.67572436
3160,0.67572436
3161,0.67572436
3162,0.67572436
3163,0.67572435
3164,0.67572435
3165,0.67572435
3166,0.67572435
3167,0.67572435
3168,0.67572435
3169,0.67462465
3170,0.67462465
3171,0.67462465
3172,0.67462465
3173,0.67462465
3174,0.67462465
3175,0.67462465
3176,0.67462465
3177,0.67462465
3178,0.67462465
3179,0.67462465
3180,0.67462465
3181,0.67462465
3182,0.67462465
3183,0.67462465
3184,0.67462465
3185,0.67462465
3186,0.67462465
3187,0.67462465
3188,0.67462465
3189,0.67462465
3190,0.67462465
3191,0.67462465
3192,0.67295896
3193,0.66857894
3194,0.66857894
3195,0.66857894
3196,0.66857894
3197,0.66857894
3198,0.66857895
3199,0.66857895
3200,0.66857895
3201,0.66857895
3202,0.66857895
3203,0.66857895
3204,0.66857895
3205,0.66857895
3206,0.66857895
3207,0.66857895
3208,0.66857895
3209,0.66857895
3210,0.66857895
3211,0.66857895
3212,0.66857895
3213,0.66857895
3214,0.66857895
3215,0.66857895
3216,0.66857895
3217,0.66857895
3218,0.66857895
3219,0.66857895
3220,0.66857895
3221,0.66857895
3222,0.66857895
3223,0.66857895
3224,0.66857895
3225,0.66857895
3226,0.66857895
3227,0.66857895
3228,0.66857895
3229,0.66857895
3230,0.66857895
3231,0.66857895
3232,0.66662536
3233,0.66427399
3234,0.66226281
3235,0.66226281
3236,0.66226281
3237,0.66226281
3238,0.66226281
3239,0.66226281
3240,0.66237288
3241,0.66237289
3242,0.66237289
3243,0.66237289
3244,0.66237289
3245,0.66237289
3246,0.66237289
3247,0.66237289
3248,0.66237289
3249,0.66237289
3250,0.66237289
3251,0.66237289
3252,0.66237289
3253,0.66237289
3254,0.66237289
3255,0.66237289
3256,0.66237289
3257,0.66237289
3258,0.66237289
3259,0.66237289
3260,0.66237289
3261,0.66237289
3262,0.66237289
3263,0.66237289
3264,0.66237289
3265,0.66237289
3266,0.66237289
3267,0.66237289
3268,0.66237289
3269,0.66237289
3270,0.66237289
3271,0.66237289
3272,0.66237289
3273,0.66237289
3274,0.66237289
3275,0.66237289
3276,0.66237289
3277,0.66237289
3278,0.66237289
3279,0.66237289
3280,0.66237289
3281,0.66237289
3282,0.66237289
3283,0.66237289
3284,0.66237289
3285,0.66237289
3286,0.66237289
3287,0.66237289
3288,0.66237289
3289,0.66237289
3290,0.66237289
3291,0.66237289
3292,0.66237289
3293,0.66237289
3294,0.66237289
3295,0.66237289
3296,0.66237289
3297,0.66237289
3298,0.66237289
3299,0.66237289
3300,0.66237289
3301,0.66237289
3302,0.66237289
3303,0.66237289
3304,0.66237289
3305,0.66237289
3306,0.66237289
3307,0.66237289
3308,0.66237289
3309,0.66237289
3310,0.68943324
3311,0.68943324
3312,0.68943324
3313,0.68943324
3314,0.68943324
3315,0.68943324
3316,0.68943324
3317,0.68943324
3318,0.68943324
3319,0.68943324
3320,0.68943324
3321,0.68943324
3322,0.68943324
3323,0.68943324
3324,0.68943324
3325,0.68943324
3326,0.68943324
3327,0.68943324
3328,0.68943324
3329,0.68943324
3330,0.68943324
3331,0.68943324
3332,0.68222103
3333,0.68222103
3334,0.68222103
3335,0.68222103
3336,0.68222103
3337,0.68222103
3338,0.68222103
3339,0.68222103
3340,0.68222103
3341,0.68222103
3342,0.68222103
3343,0.68222103
3344,0.68222103
3345,0.68222103
3346,0.68222103
3347,0.68222103
3348,0.68222103
3349,0.68222103
3350,0.68222103
3351,0.68222103
3352,0.68222103
3353,0.68222103
3354,0.68222103
3355,0.68222103
3356,0.68222103
3357,0.68222103
3358,0.68222103
3359,0.68222103
3360,0.68222103
3361,0.68222103
3362,0.68222103
3363,0.68222103
3364,0.68222103
3365,0.68222103
3366,0.68222103
3367,0.68222103
3368,0.68222103
3369,0.68222103
3370,0.68222103
3371,0.68222103
3372,0.68222103
3373,0.68222103
3374,0.68222103
3375,0.68222103
3376,0.68222103
3377,0.68222103
3378,0.68222103
3379,0.68222103
3380,0.68222103
3381,0.68222103
3382,0.68222103
3383,0.68222103
3384,0.68222103
3385,0.68222103
3386,0.68222103
3387,0.68222103
3388,0.68222103
3389,0.68222103
3390,0.68222103
3391,0.68222103
3392,0.68222103
3393,0.68222103
3394,0.68222103
3395,0.68222103
3396,0.68222103
3397,0.68222103
3398,0.68222103
3399,0.68222103
3400,0.68222103
3401,0.68222103
3402,0.68222103
3403,0.68222103
3404,0.68222103
3405,0.68222103
3406,0.68222103
3407,0.68222103
3408,0.68222103
3409,0.68222103
3410,0.68222103
3411,0.68222103
3412,0.68222103
3413,0.68222103
3414,0.68222103
3415,0.68222103
3416,0.68222103
3417,0.68222103
3418,0.68222103
3419,0.68222103
3420,0.68222103
3421,0.68222103
3422,0.68222103
3423,0.68222103
3424,0.68222103
3425,0.68222103
3426,0.68222103
3427,0.68222103
3428,0.68222103
3429,0.68222103
3430,0.68222103
3431,0.68222103
3432,0.68222103
3433,0.68222103
3434,0.68222103
3435,0.68222103
3436,0.68222103
3437,0.68222103
3438,0.68222103
3439,0.68222103
3440,0.68222103
3441,0.68222103
3442,0.68222103
3443,0.68222103
3444,0.68222103
3445,0.68222103
3446,0.68222103
3447,0.68222103
3448,0.68222103
3449,0.68222103
3450,0.68222103
3451,0.68222103
3452,0.68222103
3453,0.68222103
3454,0.68222103
3455,0.68222103
3456,0.68222103
3457,0.68222103
3458,0.68222103
3459,0.68222103
3460,0.68222103
3461,0.68222103
3462,0.68222103
3463,0.68222103
3464,0.68222103
3465,0.68222103
3466,0.68222103
3467,0.68222103
3468,0.68222103
3469,0.68222103
3470,0.68222103
3471,0.68222103
3472,0.68222103
3473,0.68222103
3474,0.68222103
3475,0.68194102
3476,0.68194102
3477,0.68194102
3478,0.68194102
3479,0.68194102
3480,0.68194102
3481,0.68194102
3482,0.68194102
3483,0.68194102
3484,0.68194102
3485,0.68194102
3486,0.68194102
3487,0.68194102
3488,0.68194102
3489,0.68194102
3490,0.68194102
3491,0.68194102
3492,0.68194102
3493,0.68194102
3494,0.68194102
3495,0.68194102
3496,0.68194102
3497,0.68194102
3498,0.68194102
3499,0.68194102
3500,0.68194102
3501,0.68194102
3502,0.68194102
3503,0.68194102
3504,0.68194102
3505,0.68194102
3506,0.68194102
3507,0.68194102
3508,0.68194102
3509,0.68194102
3510,0.68194102
3511,0.68194102
3512,0.68194102
3513,0.68194102
3514,0.68194102
3515,0.68194102
3516,0.68194102
3517,0.68194102
3518,0.68194102
3519,0.68194102
3520,0.68194102
3521,0.68194102
3522,0.68194102
3523,0.68194102
3524,0.68194102
3525,0.68194102
3526,0.68194102
3527,0.68194102
3528,0.68194102
3529,0.68194102
3530,0.68194102
3531,0.68194102
3532,0.68194102
3533,0.68194102
3534,0.68194102
3535,0.68194102
3536,0.68194102
3537,0.68194102
3538,0.68194102
3539,0.68194102
3540,0.68194102
3541,0.68194102
3542,0.68194102
3543,0.68194102
3544,0.68194102
3545,0.68194102
3546,0.68194102
3547,0.68194102
3548,0.68194102
3549,0.68194102
3550,0.68194102
3551,0.68194102
3552,0.68194102
3553,0.68194102
3554,0.68194102
3555,0.68194102
3556,0.68194102
3557,0.68194102
3558,0.68194102
3559,0.68194102
3560,0.68194102
3561,0.68194102
3562,0.68194102
3563,0.68194102
3564,0.68194102
3565,0.68194102
3566,0.68194102
3567,0.68194102
3568,0.68194102
3569,0.68194102
3570,0.68194102
3571,0.68194102
3572,0.68194102
3573,0.68194102
3574,0.68194102
3575,0.68194102
3576,0.68194102
3577,0.68194102
3578,0.68194102
3579,0.68194102
3580,0.68194102
3581,0.68194102
3582,0.68194102
3583,0.68194102
3584,0.68194102
3585,0.68194102
3586,0.68194102
3587,0.68194102
3588,0.68194102
3589,0.68194102
3590,0.68194102
3591,0.68194102
3592,0.68194102
3593,0.68194102
3594,0.68194102
3595,0.68194102
3596,0.68194102
3597,0.68194102
3598,0.68194102
3599,0.68194102
3600,0.68194102
3601,0.68194102
3602,0.68194102
3603,0.68194102
3604,0.68194102
3605,0.68194102
3606,0.68194102
3607,0.68194102
3608,0.68194102
3609,0.68194102
3610,0.68194102
3611,0.68194102
3612,0.68194102
3613,0.68194102
3614,0.68194102
3615,0.68194102
3616,0.68194102
3617,0.68194102
3618,0.68194102
3619,0.68194102
3620,0.68194102
3621,0.68194102
3622,0.68194102
3623,0.68194102
3624,0.68194102
3625,0.68194102
3626,0.68194102
3627,0.68194102
3628,0.68194102
3629,0.68194102
3630,0.68194102
3631,0.68194102
3632,0.68194102
3633,0.68194102
3634,0.68194102
3635,0.66749138
3636,0.66749138
3637,0.66753138
3638,0.66753138
3639,0.66753138
3640,0.66753138
3641,0.66753138
3642,0.66753138
3643,0.66753138
3644,0.68194101
3645,0.68194101
3646,0.68194101
3647,0.68194101
3648,0.68194101
3649,0.68194101
3650,0.68194101
3651,0.68194101
3652,0.68194101
3653,0.68194101
3654,0.68194101
3655,0.68194101
3656,0.68194101
3657,0.68194101
3658,0.68194101
3659,0.68194101
3660,0.68194101
3661,0.68194101
3662,0.68194101
3663,0.68194101
3664,0.68194101
3665,0.68194101
3666,0.68194101
3667,0.68194101
3668,0.68194101
3669,0.68194101
3670,0.68194101
3671,0.68194101
3672,0.68194101
3673,0.68194101
3674,0.68194101
3675,0.68194101
3676,0.68194101
3677,0.68194101
3678,0.68194101
3679,0.68194101
3680,0.68194101
3681,0.68194101
3682,0.68194101
3683,0.68194101
3684,0.68194101
3685,0.68194101
3686,0.68194101
3687,0.68194101
3688,0.68194101
3689,0.68194101
3690,0.68194101
3691,0.68194101
3692,0.68194101
3693,0.68194101
3694,0.68194101
3695,0.68194101
3696,0.68194101
3697,0.68194101
3698,0.68194101
3699,0.68194101
3700,0.68194101
3701,0.68194101
3702,0.68194101
3703,0.68194101
3704,0.68194101
3705,0.68194101
3706,0.68194101
3707,0.68194101
3708,0.68194101
3709,0.68194101
3710,0.68194101
3711,0.68194101
3712,0.68194101
3713,0.68943324
3714,0.68943324
3715,0.68943324
3716,0.68943324
3717,0.68943324
3718,0.68943324
3719,0.68943324
3720,0.68943324
3721,0.68943324
3722,0.68943324
3723,0.68943324
3724,0.68943324
3725,0.68943324
3726,0.68943324
3727,0.68943324
3728,0.68943324
3729,0.68943324
3730,0.68943324
3731,0.68943324
3732,0.68943324
3733,0.68943324
3734,0.68943324
3735,0.68943324
3736,0.68943324
3737,0.68943324
3738,0.68943324
3739,0.68943324
3740,0.68943324
3741,0.68943324
3742,0.68943324
3743,0.68943324
3744,0.68943324
3745,0.68943324
3746,0.68943324
3747,0.68943324
3748,0.68943324
3749,0.68943324
3750,0.68943324
3751,0.68943324
3752,0.68943324
3753,0.68943324
3754,0.68943324
3755,0.68943324
3756,0.68943324
3757,0.68943324
3758,0.68943324
3759,0.68943324
3760,0.68943324
3761,0.68943324
3762,0.68943324
3763,0.68943324
3764,0.68943324
3765,0.68943324
3766,0.68943324
3767,0.68943324
3768,0.68943324
3769,0.68943324
3770,0.68943324
3771,0.68943324
3772,0.68943324
3773,0.68943324
3774,0.68943324
3775,0.68943324
3776,0.68943324
3777,0.68943324
3778,0.68943324
3779,0.68943324
3780,0.68943324
3781,0.68943324
3782,0.68943324
3783,0.68943324
3784,0.68943324
3785,0.68943324
3786,0.68943324
3787,0.68943324
3788,0.68943324
3789,0.68943324
3790,0.68943324
3791,0.68943324
3792,0.68943324
3793,0.68943324
3794,0.68943324
3795,0.68943324
3796,0.68943324
3797,0.68943324
3798,0.68943324
3799,0.68943324
3800,0.68943324
3801,0.68943324
3802,0.68943324
3803,0.68943324
3804,0.68943324
3805,0.68943324
3806,0.68943324
3807,0.68943324
3808,0.68943324
3809,0.68943324
3810,0.68943324
3811,0.68943324
3812,0.68943324
3813,0.68943324
3814,0.68943324
3815,0.68943324
3816,0.68943324
3817,0.68943324
3818,0.68943324
3819,0.68943324
3820,0.68943324
3821,0.68943324
3822,0.68943324
3823,0.68943324
3824,0.68943324
3825,0.68943324
3826,0.68943324
3827,0.68943324
3828,0.68943324
3829,0.68943324
3830,0.68943324
3831,0.68943324
3832,0.68943324
3833,0.68943324
3834,0.68943324
3835,0.68943324
3836,0.68943324
3837,0.68943324
3838,0.68943324
3839,0.68943324
3840,0.68943324
3841,0.68943324
3842,0.68943324
3843,0.68943324
3844,0.68943324
3845,0.68943324
3846,0.68943324
3847,0.68943324
3848,0.68943324
3849,0.68943324
3850,0.68943324
3851,0.68943324
3852,0.68943324
3853,0.68943324
3854,0.68943324
3855,0.68943324
3856,0.68943324
3857,0.68943324
3858,0.68943324
3859,0.68943324
3860,0.68943324
3861,0.68943324
3862,0.68943324
3863,0.68943324
3864,0.68943324
3865,0.68943324
3866,0.68943324
3867,0.68943324
3868,0.68943324
3869,0.68943324
3870,0.68943324
3871,0.68943324
3872,0.68943324
3873,0.68943324
3874,0.68943324
3875,0.68943324
3876,0.68943324
3877,0.68943324
3878,0.68943324
3879,0.68943324
3880,0.68943324
3881,0.68943324
3882,0.68943324
3883,0.68943324
3884,0.68943324
3885,0.68943324
3886,0.68943324
3887,0.68943324
3888,0.68943324
3889,0.68943324
3890,0.68943324
3891,0.68943324
3892,0.68943324
3893,0.68943324
3894,0.68943324
3895,0.68943324
3896,0.68943324
3897,0.68943324
3898,0.68943324
3899,0.68943324
3900,0.68943324
3901,0.68943324
3902,0.68943324
3903,0.68943324
3904,0.68943324
3905,0.68943324
3906,0.68943324
3907,0.68943324
3908,0.68943324
3909,0.68943324
3910,0.68943324
3911,0.68943324
3912,0.68943324
3913,0.68943324
3914,0.68943324
3915,0.68943324
3916,0.68943324
3917,0.68943324
3918,0.68943324
3919,0.68943324
3920,0.68943324
3921,0.68943324
3922,0.68943324
3923,0.68943324
3924,0.68943324
3925,0.68943324
3926,0.68943324
3927,0.68943324
3928,0.68943324
3929,0.68943324
3930,0.68943324
3931,0.68943324
3932,0.68943324
3933,0.68943324
3934,0.68943324
3935,0.68943324
3936,0.68943324
3937,0.68943324
3938,0.68943324
3939,0.68943324
3940,0.68943324
3941,0.68943324
3942,0.68943324
3943,0.68943324
3944,0.68943324
3945,0.68943324
3946,0.68943324
3947,0.68943324
3948,0.68943324
3949,0.68943324
3950,0.68943324
3951,0.68943324
3952,0.68943324
3953,0.68943324
3954,0.68943324
3955,0.68943324
3956,0.68943324
3957,0.68943324
3958,0.68943324
3959,0.68943324
3960,0.68943324
3961,0.68943324
3962,0.68885322
3963,0.68885322
3964,0.68885322
3965,0.68885322
3966,0.68885322
3967,0.68885322
3968,0.68885322
3969,0.68885322
3970,0.68885322
3971,0.68885322
3972,0.68885322
3973,0.68885322
3974,0.68885322
3975,0.68885322
3976,0.68885322
3977,0.68885322
3978,0.68885322
3979,0.68885322
3980,0.68885322
3981,0.68885322
3982,0.68885322
3983,0.68885322
3984,0.68885322
3985,0.68885322
3986,0.68885322
3987,0.68885322
3988,0.68885322
3989,0.68885322
3990,0.68885322
3991,0.68885322
3992,0.68885322
3993,0.68885322
3994,0.68885322
3995,0.68885322
3996,0.68885322
3997,0.68885322
3998,0.68885322
3999,0.68885322
4000,0.68885322
4001,0.68885322
4002,0.68885322
4003,0.68885322
4004,0.68885322
4005,0.68885322
4006,0.68885322
4007,0.68885322
4008,0.68885322
4009,0.68885322
4010,0.68885322
4011,0.68885322
4012,0.68885322
4013,0.68885322
4014,0.68885322
4015,0.68885322
4016,0.68885322
4017,0.68885322
4018,0.68885322
4019,0.68885322
4020,0.68885322
4021,0.68885322
4022,0.68885322
4023,0.68885322
4024,0.68885322
4025,0.68885322
4026,0.68885322
4027,0.68885322
4028,0.68885322
4029,0.68885322
4030,0.68885322
4031,0.68885322
4032,0.68885322
4033,0.68885322
4034,0.68885322
4035,0.68885322
4036,0.68885322
4037,0.68885322
4038,0.68885322
4039,0.68885322
4040,0.68885322
4041,0.68885322
4042,0.68885322
4043,0.68885322
4044,0.68885322
4045,0.68885322
4046,0.68885322
4047,0.68885322
4048,0.68885322
4049,0.68885322
4050,0.68885322
4051,0.68885322
4052,0.68885322
4053,0.68885322
4054,0.68885322
4055,0.68885322
4056,0.68885322
4057,0.68885322
4058,0.68885322
4059,0.68885322
4060,0.68885322
4061,0.68885322
4062,0.68885322
4063,0.68885322
4064,0.68885322
4065,0.68885322
4066,0.68885322
4067,0.68885322
4068,0.68885322
4069,0.68885322
4070,0.68885322
4071,0.68885322
4072,0.68885322
4073,0.68885322
4074,0.68885322
4075,0.68885322
4076,0.68885322
4077,0.68885322
4078,0.68885322
4079,0.68885322
4080,0.68885322
4081,0.68885322
4082,0.68885322
4083,0.68885322
4084,0.68885322
4085,0.68885322
4086,0.68885322
4087,0.68885322
4088,0.68885322
4089,0.68885322
4090,0.68885322
4091,0.68885322
4092,0.68885322
4093,0.68885322
4094,0.68885322
4095,0.68885322
4096,0.68885322
4097,0.68885322
4098,0.68885322
4099,0.68885322
4100,0.68885322
4101,0.68885322
4102,0.68885322
4103,0.68885322
4104,0.68885322
4105,0.68885322
4106,0.68885322
4107,0.68885322
4108,0.68885322
4109,0.68885322
4110,0.68885322
4111,0.68885322
4112,0.68885322
4113,0.68885322
4114,0.68885322
4115,0.68885322
4116,0.68885322
4117,0.68885322
4118,0.68885322
4119,0.68885322
4120,0.68885322
4121,0.68885322
4122,0.68885322
4123,0.68885322
4124,0.68885322
4125,0.68885322
4126,0.68885322
4127,0.68885322
4128,0.68741039
4129,0.68741039
4130,0.68741039
4131,0.68741039
4132,0.68741039
4133,0.68741039
4134,0.68741039
4135,0.68741039
4136,0.68741039
4137,0.68741039
4138,0.68741039
4139,0.68741039
4140,0.68741039
4141,0.68741039
4142,0.68741039
4143,0.68741039
4144,0.68741039
4145,0.68741039
4146,0.68741039
4147,0.68741039
4148,0.68741039
4149,0.68741039
4150,0.68741039
4151,0.68741039
4152,0.68741039
4153,0.68741039
4154,0.68741039
4155,0.68741039
4156,0.68741039
4157,0.68741039
4158,0.68741039
4159,0.68741039
4160,0.68741039
4161,0.68741039
4162,0.68741039
4163,0.68741039
4164,0.68741039
4165,0.68741039
4166,0.68741039
4167,0.68741039
4168,0.68741039
4169,0.68741039
4170,0.68741039
4171,0.68741039
4172,0.68741039
4173,0.68741039
4174,0.68741039
4175,0.68741039
4176,0.68741039
4177,0.68741039
4178,0.68741039
4179,0.68741039
4180,0.68741039
4181,0.68741039
4182,0.68741039
4183,0.68741039
4184,0.68741039
4185,0.68741039
4186,0.68741039
4187,0.68741039
4188,0.68741039
4189,0.68741039
4190,0.68741039
4191,0.68741039
4192,0.68741039
4193,0.68741039
4194,0.68741039
4195,0.68741039
4196,0.68741039
4197,0.68741039
4198,0.68741039
4199,0.68741039
4200,0.68741039
4201,0.68741039
4202,0.68741039
4203,0.68741039
4204,0.68741039
4205,0.68741039
4206,0.68741039
4207,0.68741039
4208,0.68741039
4209,0.68741039
4210,0.68741039
4211,0.68741039
4212,0.68741039
4213,0.68741039
4214,0.68741039
4215,0.68741039
4216,0.68741039
4217,0.68741039
4218,0.68741039
4219,0.68741039
4220,0.68741039
4221,0.68741039
4222,0.68741039
4223,0.68741039
4224,0.68741039
4225,0.68741039
4226,0.68741039
4227,0.68741039
4228,0.68741039
4229,0.68741039
4230,0.68741039
4231,0.68741039
4232,0.66930598
4233,0.66930598
4234,0.66930598
4235,0.66930598
4236,0.66930598
4237,0.66935598
4238,0.68741039
4239,0.68741039
4240,0.68741039
4241,0.68741039
4242,0.68741039
4243,0.68741039
4244,0.68741039
4245,0.68741039
4246,0.68741039
4247,0.68741039
4248,0.68741039
4249,0.68741039
4250,0.68741039
4251,0.68741039
4252,0.68741039
4253,0.68741039
4254,0.68741039
4255,0.68741039
4256,0.68741039
4257,0.68741039
4258,0.68741039
4259,0.68741039
4260,0.68741039
4261,0.68741039
4262,0.68741039
4263,0.68741039
4264,0.68741039
4265,0.68741039
4266,0.68741039
4267,0.68741039
4268,0.68741039
4269,0.68741039
4270,0.68741039
4271,0.66971598
4272,0.66971598
4273,0.66971598
4274,0.66971598
4275,0.66971598
4276,0.66971598
4277,0.66971598
4278,0.66971598
4279,0.66971598
4280,0.66971598
4281,0.66971598
4282,0.66971598
4283,0.66971598
